|||||||||||||||||||||||||||||||||***SIMULATION: detonation***||||||||||||||||||||||||||||||||||
Sanpshot time = 1. Timestep = 2181. Run time = 3 seconds
No. of cells = 1000
#Position	 Density	 Velocity	 Pressure	 Specific_Volume I_Energy	 Temperature	 Species
-0.001	0.879719	-0.00090708	1.14687	1.13673	3.2592	0	0.792451	0	0	0	0	0	0	0	0	
0	0.878466	-0.000306133	1.14689	1.13835	3.26391	0	0.791051	0	0	0	0	0	0	0	0	
0.001	0.878466	0.000306133	1.14689	1.13835	3.26391	1.30556	0.791051	0	0	0	0	0	0	0	0	
0.002	0.879719	0.00090708	1.14687	1.13673	3.2592	1.30368	0.792451	0	0	0	0	0	0	0	0	
0.003	0.871238	0.00157305	1.14692	1.14779	3.29108	1.31643	0.782912	0	0	0	0	0	0	0	0	
0.004	0.889413	0.00213529	1.14676	1.12434	3.22337	1.28935	0.803069	0	0	0	0	0	0	0	0	
0.005	0.859211	0.00287379	1.14695	1.16386	3.33723	1.33489	0.768921	0	0	0	0	0	0	0	0	
0.006	0.866003	0.00368996	1.14688	1.15473	3.31083	1.32433	0.776931	0	0	0	0	0	0	0	0	
0.007	0.875198	0.00440899	1.14672	1.1426	3.27561	1.31024	0.787499	0	0	0	0	0	0	0	0	
0.008	0.875141	0.00507758	1.14663	1.14267	3.27555	1.31022	0.787506	0	0	0	0	0	0	0	0	
0.009	0.883447	0.00567196	1.14646	1.13193	3.24429	1.29771	0.796796	0	0	0	0	0	0	0	0	
0.01	0.887567	0.00619387	1.14632	1.12668	3.22881	1.29152	0.801374	0	0	0	0	0	0	0	0	
0.011	0.886963	0.00669558	1.1462	1.12744	3.23069	1.29228	0.800796	0	0	0	0	0	0	0	0	
0.012	0.892585	0.0071559	1.14604	1.12034	3.20989	1.28396	0.806913	0	0	0	0	0	0	0	0	
0.013	0.892401	0.00759337	1.14591	1.12057	3.21019	1.28408	0.806798	0	0	0	0	0	0	0	0	
0.014	0.88951	0.00804924	1.1458	1.12421	3.22032	1.28813	0.803782	0	0	0	0	0	0	0	0	
0.015	0.892165	0.00849886	1.14565	1.12087	3.21032	1.28413	0.806709	0	0	0	0	0	0	0	0	
0.016	0.892053	0.00894041	1.14551	1.12101	3.21032	1.28413	0.806677	0	0	0	0	0	0	0	0	
0.017	0.889828	0.00939764	1.14538	1.12381	3.21799	1.2872	0.804384	0	0	0	0	0	0	0	0	
0.018	0.890117	0.00986304	1.14523	1.12345	3.21652	1.28661	0.804789	0	0	0	0	0	0	0	0	
0.019	0.890147	0.0103292	1.14508	1.12341	3.21597	1.28639	0.804922	0	0	0	0	0	0	0	0	
0.02	0.890033	0.0107969	1.14492	1.12355	3.21593	1.28637	0.804903	0	0	0	0	0	0	0	0	
0.021	0.890483	0.0112627	1.14475	1.12299	3.21383	1.28553	0.805495	0	0	0	0	0	0	0	0	
0.022	0.890417	0.011728	1.14457	1.12307	3.21358	1.28543	0.805545	0	0	0	0	0	0	0	0	
0.023	0.891162	0.0121889	1.14439	1.12213	3.21038	1.28415	0.806478	0	0	0	0	0	0	0	0	
0.024	0.892198	0.0126402	1.14419	1.12083	3.20611	1.28244	0.80774	0	0	0	0	0	0	0	0	
0.025	0.892318	0.0130867	1.144	1.12068	3.20514	1.28206	0.808046	0	0	0	0	0	0	0	0	
0.026	0.893004	0.0135282	1.1438	1.11982	3.20212	1.28085	0.80897	0	0	0	0	0	0	0	0	
0.027	0.894131	0.01396	1.14359	1.1184	3.1975	1.279	0.810372	0	0	0	0	0	0	0	0	
0.028	0.894512	0.0143851	1.14338	1.11793	3.19555	1.27822	0.810994	0	0	0	0	0	0	0	0	
0.029	0.894724	0.0148075	1.14317	1.11766	3.19419	1.27768	0.811442	0	0	0	0	0	0	0	0	
0.03	0.895214	0.0152264	1.14295	1.11705	3.19183	1.27673	0.812187	0	0	0	0	0	0	0	0	
0.031	0.895758	0.0156407	1.14273	1.11637	3.18927	1.27571	0.812991	0	0	0	0	0	0	0	0	
0.032	0.896461	0.0160488	1.1425	1.1155	3.18613	1.27445	0.813965	0	0	0	0	0	0	0	0	
0.033	0.897278	0.0164495	1.14226	1.11448	3.18257	1.27303	0.815057	0	0	0	0	0	0	0	0	
0.034	0.898095	0.0168421	1.14202	1.11347	3.17901	1.2716	0.81615	0	0	0	0	0	0	0	0	
0.035	0.898973	0.0172265	1.14178	1.11238	3.17523	1.27009	0.817306	0	0	0	0	0	0	0	0	
0.036	0.899805	0.0176026	1.14153	1.11135	3.17161	1.26864	0.818414	0	0	0	0	0	0	0	0	
0.037	0.900592	0.017971	1.14128	1.11038	3.16814	1.26726	0.819474	0	0	0	0	0	0	0	0	
0.038	0.901468	0.0183314	1.14103	1.1093	3.16435	1.26574	0.820626	0	0	0	0	0	0	0	0	
0.039	0.902348	0.0186836	1.14077	1.10822	3.16055	1.26422	0.821779	0	0	0	0	0	0	0	0	
0.04	0.903272	0.0190272	1.14051	1.10709	3.1566	1.26264	0.822976	0	0	0	0	0	0	0	0	
0.041	0.90437	0.0193613	1.14024	1.10574	3.15203	1.26081	0.824349	0	0	0	0	0	0	0	0	
0.042	0.905443	0.0196854	1.13997	1.10443	3.14756	1.25902	0.825693	0	0	0	0	0	0	0	0	
0.043	0.906284	0.020001	1.13971	1.10341	3.1439	1.25756	0.8268	0	0	0	0	0	0	0	0	
0.044	0.906941	0.02031	1.13944	1.10261	3.14088	1.25635	0.827721	0	0	0	0	0	0	0	0	
0.045	0.907445	0.0206143	1.13917	1.10199	3.13839	1.25536	0.828487	0	0	0	0	0	0	0	0	
0.046	0.907699	0.0209159	1.1389	1.10169	3.13677	1.25471	0.829001	0	0	0	0	0	0	0	0	
0.047	0.907739	0.0212171	1.13863	1.10164	3.13588	1.25435	0.829303	0	0	0	0	0	0	0	0	
0.048	0.907896	0.021518	1.13835	1.10145	3.13459	1.25384	0.829722	0	0	0	0	0	0	0	0	
0.049	0.908499	0.021816	1.13807	1.10072	3.13175	1.2527	0.830588	0	0	0	0	0	0	0	0	
0.05	0.90954	0.0221068	1.13779	1.09946	3.12738	1.25095	0.83189	0	0	0	0	0	0	0	0	
0.051	0.910748	0.0223879	1.13751	1.098	3.12245	1.24898	0.833355	0	0	0	0	0	0	0	0	
0.052	0.911846	0.0226594	1.13722	1.09668	3.11791	1.24716	0.834708	0	0	0	0	0	0	0	0	
0.053	0.912689	0.0229229	1.13693	1.09566	3.11424	1.2457	0.835806	0	0	0	0	0	0	0	0	
0.054	0.913286	0.0231807	1.13665	1.09495	3.11142	1.24457	0.836661	0	0	0	0	0	0	0	0	
0.055	0.91373	0.0234348	1.13636	1.09442	3.10912	1.24365	0.837364	0	0	0	0	0	0	0	0	
0.056	0.914111	0.023686	1.13607	1.09396	3.10704	1.24282	0.838006	0	0	0	0	0	0	0	0	
0.057	0.914491	0.0239348	1.13578	1.0935	3.10496	1.24198	0.838646	0	0	0	0	0	0	0	0	
0.058	0.91491	0.0241811	1.13549	1.093	3.10274	1.2411	0.839325	0	0	0	0	0	0	0	0	
0.059	0.915378	0.0244244	1.1352	1.09244	3.10036	1.24014	0.84005	0	0	0	0	0	0	0	0	
0.06	0.915891	0.0246645	1.13491	1.09183	3.09782	1.23913	0.840819	0	0	0	0	0	0	0	0	
0.061	0.916447	0.0249009	1.13461	1.09117	3.09514	1.23806	0.841629	0	0	0	0	0	0	0	0	
0.062	0.917039	0.0251334	1.13432	1.09047	3.09234	1.23693	0.842472	0	0	0	0	0	0	0	0	
0.063	0.917648	0.0253619	1.13402	1.08974	3.08947	1.23579	0.843332	0	0	0	0	0	0	0	0	
0.064	0.918262	0.0255862	1.13372	1.08901	3.0866	1.23464	0.844194	0	0	0	0	0	0	0	0	
0.065	0.918868	0.0258065	1.13342	1.0883	3.08375	1.2335	0.845048	0	0	0	0	0	0	0	0	
0.066	0.919455	0.026023	1.13312	1.0876	3.08096	1.23239	0.845883	0	0	0	0	0	0	0	0	
0.067	0.920024	0.0262357	1.13282	1.08693	3.07824	1.2313	0.846699	0	0	0	0	0	0	0	0	
0.068	0.920581	0.026445	1.13252	1.08627	3.07556	1.23022	0.847504	0	0	0	0	0	0	0	0	
0.069	0.921129	0.0266508	1.13222	1.08562	3.07291	1.22916	0.848299	0	0	0	0	0	0	0	0	
0.07	0.921642	0.0268535	1.13191	1.08502	3.07037	1.22815	0.849059	0	0	0	0	0	0	0	0	
0.071	0.922047	0.0270538	1.13161	1.08454	3.0682	1.22728	0.849718	0	0	0	0	0	0	0	0	
0.072	0.922277	0.0272526	1.13131	1.08427	3.06662	1.22665	0.850211	0	0	0	0	0	0	0	0	
0.073	0.922375	0.0274514	1.131	1.08416	3.06547	1.22619	0.85058	0	0	0	0	0	0	0	0	
0.074	0.922541	0.0276501	1.1307	1.08396	3.06409	1.22564	0.851012	0	0	0	0	0	0	0	0	
0.075	0.923011	0.0278472	1.13039	1.08341	3.0617	1.22468	0.851729	0	0	0	0	0	0	0	0	
0.076	0.923892	0.02804	1.13009	1.08238	3.05795	1.22318	0.852826	0	0	0	0	0	0	0	0	
0.077	0.925075	0.0282258	1.12977	1.08099	3.0532	1.22128	0.854202	0	0	0	0	0	0	0	0	
0.078	0.92633	0.0284035	1.12946	1.07953	3.04822	1.21929	0.85564	0	0	0	0	0	0	0	0	
0.079	0.927442	0.0285733	1.12915	1.07823	3.04372	1.21749	0.856943	0	0	0	0	0	0	0	0	
0.08	0.928311	0.0287369	1.12884	1.07722	3.04003	1.21601	0.858019	0	0	0	0	0	0	0	0	
0.081	0.928957	0.028896	1.12853	1.07648	3.03709	1.21483	0.858887	0	0	0	0	0	0	0	0	
0.082	0.929459	0.0290519	1.12822	1.07589	3.03461	1.21384	0.859623	0	0	0	0	0	0	0	0	
0.083	0.9299	0.0292054	1.12791	1.07538	3.03235	1.21294	0.8603	0	0	0	0	0	0	0	0	
0.084	0.930326	0.0293568	1.1276	1.07489	3.03013	1.21205	0.860964	0	0	0	0	0	0	0	0	
0.085	0.930757	0.0295061	1.12729	1.07439	3.0279	1.21116	0.861629	0	0	0	0	0	0	0	0	
0.086	0.931191	0.0296534	1.12699	1.07389	3.02566	1.21026	0.862297	0	0	0	0	0	0	0	0	
0.087	0.931626	0.0297986	1.12668	1.07339	3.02342	1.20937	0.862964	0	0	0	0	0	0	0	0	
0.088	0.932063	0.0299418	1.12637	1.07289	3.02118	1.20847	0.863631	0	0	0	0	0	0	0	0	
0.089	0.932507	0.0300829	1.12607	1.07238	3.01892	1.20757	0.864303	0	0	0	0	0	0	0	0	
0.09	0.932961	0.0302219	1.12576	1.07186	3.01663	1.20665	0.864983	0	0	0	0	0	0	0	0	
0.091	0.933431	0.0303587	1.12546	1.07132	3.0143	1.20572	0.865675	0	0	0	0	0	0	0	0	
0.092	0.933917	0.0304933	1.12515	1.07076	3.01191	1.20477	0.866381	0	0	0	0	0	0	0	0	
0.093	0.934416	0.0306255	1.12485	1.07019	3.00949	1.2038	0.867096	0	0	0	0	0	0	0	0	
0.094	0.934918	0.0307553	1.12454	1.06961	3.00706	1.20282	0.867812	0	0	0	0	0	0	0	0	
0.095	0.935394	0.0308829	1.12424	1.06907	3.00472	1.20189	0.868503	0	0	0	0	0	0	0	0	
0.096	0.935786	0.0310087	1.12394	1.06862	3.00266	1.20106	0.86912	0	0	0	0	0	0	0	0	
0.097	0.93604	0.0311333	1.12364	1.06833	3.00104	1.20042	0.869614	0	0	0	0	0	0	0	0	
0.098	0.936166	0.0312578	1.12334	1.06819	2.99984	1.19993	0.869995	0	0	0	0	0	0	0	0	
0.099	0.936276	0.0313824	1.12304	1.06806	2.99869	1.19947	0.870361	0	0	0	0	0	0	0	0	
0.1	0.936539	0.0315068	1.12274	1.06776	2.99705	1.19882	0.870859	0	0	0	0	0	0	0	0	
0.101	0.937073	0.0316295	1.12244	1.06715	2.99455	1.19782	0.871591	0	0	0	0	0	0	0	0	
0.102	0.937869	0.0317489	1.12214	1.06625	2.99121	1.19648	0.87255	0	0	0	0	0	0	0	0	
0.103	0.938803	0.0318638	1.12185	1.06519	2.98744	1.19498	0.873624	0	0	0	0	0	0	0	0	
0.104	0.939708	0.0319741	1.12155	1.06416	2.98377	1.19351	0.874671	0	0	0	0	0	0	0	0	
0.105	0.940463	0.0320803	1.12125	1.06331	2.98058	1.19223	0.875585	0	0	0	0	0	0	0	0	
0.106	0.941027	0.0321836	1.12096	1.06267	2.97802	1.19121	0.876334	0	0	0	0	0	0	0	0	
0.107	0.941432	0.032285	1.12066	1.06221	2.97595	1.19038	0.876946	0	0	0	0	0	0	0	0	
0.108	0.941749	0.0323853	1.12037	1.06185	2.97418	1.18967	0.877481	0	0	0	0	0	0	0	0	
0.109	0.942046	0.0324847	1.12008	1.06152	2.97247	1.18899	0.877998	0	0	0	0	0	0	0	0	
0.11	0.942374	0.0325834	1.11979	1.06115	2.97066	1.18826	0.878539	0	0	0	0	0	0	0	0	
0.111	0.942756	0.032681	1.1195	1.06072	2.96869	1.18748	0.879123	0	0	0	0	0	0	0	0	
0.112	0.943188	0.0327774	1.11921	1.06023	2.96657	1.18663	0.87975	0	0	0	0	0	0	0	0	
0.113	0.943654	0.0328722	1.11892	1.05971	2.96434	1.18573	0.880402	0	0	0	0	0	0	0	0	
0.114	0.944127	0.0329655	1.11864	1.05918	2.96209	1.18484	0.881059	0	0	0	0	0	0	0	0	
0.115	0.944579	0.0330573	1.11835	1.05867	2.95992	1.18397	0.881696	0	0	0	0	0	0	0	0	
0.116	0.944988	0.0331478	1.11806	1.05821	2.95788	1.18315	0.882297	0	0	0	0	0	0	0	0	
0.117	0.945347	0.0332373	1.11778	1.05781	2.956	1.1824	0.882855	0	0	0	0	0	0	0	0	
0.118	0.945662	0.0333261	1.1175	1.05746	2.95427	1.18171	0.883376	0	0	0	0	0	0	0	0	
0.119	0.945949	0.0334144	1.11721	1.05714	2.95262	1.18105	0.883872	0	0	0	0	0	0	0	0	
0.12	0.946222	0.0335024	1.11693	1.05683	2.95102	1.18041	0.884356	0	0	0	0	0	0	0	0	
0.121	0.946488	0.03359	1.11665	1.05654	2.94945	1.17978	0.884833	0	0	0	0	0	0	0	0	
0.122	0.946753	0.0336774	1.11637	1.05624	2.94788	1.17915	0.885309	0	0	0	0	0	0	0	0	
0.123	0.947032	0.0337645	1.11608	1.05593	2.94627	1.17851	0.885795	0	0	0	0	0	0	0	0	
0.124	0.947359	0.0338512	1.1158	1.05557	2.94451	1.17781	0.886318	0	0	0	0	0	0	0	0	
0.125	0.947773	0.033937	1.11552	1.05511	2.94249	1.17699	0.886912	0	0	0	0	0	0	0	0	
0.126	0.948295	0.0340214	1.11524	1.05452	2.94013	1.17605	0.887592	0	0	0	0	0	0	0	0	
0.127	0.948907	0.0341039	1.11496	1.05384	2.93749	1.175	0.888342	0	0	0	0	0	0	0	0	
0.128	0.949552	0.0341842	1.11468	1.05313	2.93476	1.1739	0.889117	0	0	0	0	0	0	0	0	
0.129	0.950159	0.0342624	1.1144	1.05246	2.93215	1.17286	0.88986	0	0	0	0	0	0	0	0	
0.13	0.950677	0.0343387	1.11412	1.05188	2.92982	1.17193	0.89053	0	0	0	0	0	0	0	0	
0.131	0.951089	0.0344137	1.11385	1.05143	2.92782	1.17113	0.891114	0	0	0	0	0	0	0	0	
0.132	0.951414	0.0344878	1.11357	1.05107	2.92609	1.17044	0.891628	0	0	0	0	0	0	0	0	
0.133	0.951691	0.0345613	1.11329	1.05076	2.92451	1.1698	0.892102	0	0	0	0	0	0	0	0	
0.134	0.951959	0.0346343	1.11302	1.05046	2.92296	1.16919	0.892568	0	0	0	0	0	0	0	0	
0.135	0.952246	0.0347068	1.11274	1.05015	2.92136	1.16855	0.893047	0	0	0	0	0	0	0	0	
0.136	0.952562	0.0347787	1.11247	1.0498	2.91968	1.16787	0.893548	0	0	0	0	0	0	0	0	
0.137	0.952902	0.0348496	1.1122	1.04943	2.91792	1.16717	0.894067	0	0	0	0	0	0	0	0	
0.138	0.953251	0.0349196	1.11192	1.04904	2.91613	1.16645	0.894591	0	0	0	0	0	0	0	0	
0.139	0.953592	0.0349885	1.11165	1.04867	2.91438	1.16575	0.895109	0	0	0	0	0	0	0	0	
0.14	0.953917	0.0350565	1.11138	1.04831	2.91268	1.16507	0.895612	0	0	0	0	0	0	0	0	
0.141	0.954228	0.0351235	1.11111	1.04797	2.91102	1.16441	0.896103	0	0	0	0	0	0	0	0	
0.142	0.954536	0.0351895	1.11084	1.04763	2.90938	1.16375	0.896591	0	0	0	0	0	0	0	0	
0.143	0.954856	0.0352546	1.11058	1.04728	2.90771	1.16308	0.897086	0	0	0	0	0	0	0	0	
0.144	0.955191	0.0353185	1.11031	1.04691	2.90599	1.1624	0.897592	0	0	0	0	0	0	0	0	
0.145	0.95553	0.0353813	1.11005	1.04654	2.90427	1.16171	0.898099	0	0	0	0	0	0	0	0	
0.146	0.955853	0.0354429	1.10978	1.04619	2.9026	1.16104	0.898594	0	0	0	0	0	0	0	0	
0.147	0.956148	0.0355035	1.10952	1.04586	2.90101	1.16041	0.899065	0	0	0	0	0	0	0	0	
0.148	0.956421	0.0355632	1.10926	1.04556	2.89951	1.1598	0.899518	0	0	0	0	0	0	0	0	
0.149	0.956696	0.035622	1.109	1.04526	2.89799	1.1592	0.899972	0	0	0	0	0	0	0	0	
0.15	0.957006	0.0356799	1.10874	1.04493	2.89638	1.15855	0.90045	0	0	0	0	0	0	0	0	
0.151	0.95737	0.0357366	1.10848	1.04453	2.8946	1.15784	0.900969	0	0	0	0	0	0	0	0	
0.152	0.957787	0.0357919	1.10823	1.04407	2.89267	1.15707	0.901525	0	0	0	0	0	0	0	0	
0.153	0.958233	0.0358458	1.10797	1.04359	2.89066	1.15626	0.902102	0	0	0	0	0	0	0	0	
0.154	0.958677	0.0358981	1.10772	1.0431	2.88866	1.15546	0.902676	0	0	0	0	0	0	0	0	
0.155	0.959088	0.0359491	1.10746	1.04266	2.88676	1.1547	0.903223	0	0	0	0	0	0	0	0	
0.156	0.959448	0.0359989	1.10721	1.04227	2.88501	1.15401	0.903732	0	0	0	0	0	0	0	0	
0.157	0.95976	0.0360479	1.10696	1.04193	2.88342	1.15337	0.904203	0	0	0	0	0	0	0	0	
0.158	0.96004	0.0360962	1.10671	1.04162	2.88193	1.15277	0.904649	0	0	0	0	0	0	0	0	
0.159	0.960312	0.0361441	1.10646	1.04133	2.88046	1.15218	0.905088	0	0	0	0	0	0	0	0	
0.16	0.960593	0.0361914	1.10621	1.04102	2.87897	1.15159	0.905533	0	0	0	0	0	0	0	0	
0.161	0.960891	0.0362382	1.10596	1.0407	2.87743	1.15097	0.905989	0	0	0	0	0	0	0	0	
0.162	0.961199	0.0362846	1.10571	1.04037	2.87586	1.15034	0.906451	0	0	0	0	0	0	0	0	
0.163	0.961506	0.0363304	1.10546	1.04004	2.8743	1.14972	0.906912	0	0	0	0	0	0	0	0	
0.164	0.961802	0.0363759	1.10521	1.03972	2.87277	1.14911	0.907364	0	0	0	0	0	0	0	0	
0.165	0.962087	0.0364209	1.10497	1.03941	2.87128	1.14851	0.907808	0	0	0	0	0	0	0	0	
0.166	0.962368	0.0364657	1.10472	1.0391	2.8698	1.14792	0.908247	0	0	0	0	0	0	0	0	
0.167	0.962655	0.0365101	1.10448	1.03879	2.86831	1.14732	0.908689	0	0	0	0	0	0	0	0	
0.168	0.962951	0.0365541	1.10423	1.03847	2.86678	1.14671	0.909138	0	0	0	0	0	0	0	0	
0.169	0.963258	0.0365977	1.10398	1.03814	2.86523	1.14609	0.909594	0	0	0	0	0	0	0	0	
0.17	0.963571	0.0366408	1.10374	1.03781	2.86367	1.14547	0.910052	0	0	0	0	0	0	0	0	
0.171	0.963887	0.0366834	1.1035	1.03747	2.8621	1.14484	0.910512	0	0	0	0	0	0	0	0	
0.172	0.964205	0.0367255	1.10325	1.03712	2.86052	1.14421	0.910972	0	0	0	0	0	0	0	0	
0.173	0.964524	0.0367669	1.10301	1.03678	2.85895	1.14358	0.911432	0	0	0	0	0	0	0	0	
0.174	0.96484	0.0368078	1.10277	1.03644	2.85738	1.14295	0.911888	0	0	0	0	0	0	0	0	
0.175	0.965142	0.036848	1.10253	1.03612	2.85586	1.14235	0.912334	0	0	0	0	0	0	0	0	
0.176	0.965422	0.0368876	1.10228	1.03582	2.85441	1.14177	0.912763	0	0	0	0	0	0	0	0	
0.177	0.965675	0.0369266	1.10205	1.03554	2.85304	1.14122	0.913172	0	0	0	0	0	0	0	0	
0.178	0.965907	0.0369652	1.10181	1.0353	2.85174	1.1407	0.913566	0	0	0	0	0	0	0	0	
0.179	0.966128	0.0370034	1.10157	1.03506	2.85047	1.14019	0.91395	0	0	0	0	0	0	0	0	
0.18	0.966351	0.0370412	1.10133	1.03482	2.8492	1.13968	0.914335	0	0	0	0	0	0	0	0	
0.181	0.966587	0.0370784	1.1011	1.03457	2.8479	1.13916	0.914728	0	0	0	0	0	0	0	0	
0.182	0.966842	0.0371151	1.10086	1.0343	2.84654	1.13862	0.915133	0	0	0	0	0	0	0	0	
0.183	0.967117	0.0371512	1.10063	1.034	2.84513	1.13805	0.915551	0	0	0	0	0	0	0	0	
0.184	0.967411	0.0371867	1.1004	1.03369	2.84367	1.13747	0.915981	0	0	0	0	0	0	0	0	
0.185	0.967717	0.0372214	1.10017	1.03336	2.84217	1.13687	0.916418	0	0	0	0	0	0	0	0	
0.186	0.968028	0.0372554	1.09993	1.03303	2.84066	1.13626	0.916857	0	0	0	0	0	0	0	0	
0.187	0.968338	0.0372887	1.09971	1.0327	2.83916	1.13566	0.917294	0	0	0	0	0	0	0	0	
0.188	0.96864	0.0373214	1.09948	1.03238	2.83768	1.13507	0.917725	0	0	0	0	0	0	0	0	
0.189	0.968932	0.0373535	1.09925	1.03206	2.83624	1.1345	0.918148	0	0	0	0	0	0	0	0	
0.19	0.969213	0.0373852	1.09902	1.03177	2.83483	1.13393	0.918562	0	0	0	0	0	0	0	0	
0.191	0.969481	0.0374164	1.0988	1.03148	2.83347	1.13339	0.918967	0	0	0	0	0	0	0	0	
0.192	0.969738	0.0374474	1.09857	1.03121	2.83213	1.13285	0.919363	0	0	0	0	0	0	0	0	
0.193	0.969983	0.0374782	1.09835	1.03095	2.83084	1.13233	0.919751	0	0	0	0	0	0	0	0	
0.194	0.970219	0.0375089	1.09812	1.0307	2.82957	1.13183	0.920131	0	0	0	0	0	0	0	0	
0.195	0.970444	0.0375394	1.0979	1.03046	2.82834	1.13134	0.920503	0	0	0	0	0	0	0	0	
0.196	0.970663	0.03757	1.09768	1.03022	2.82713	1.13085	0.920871	0	0	0	0	0	0	0	0	
0.197	0.970884	0.0376005	1.09745	1.02999	2.82591	1.13036	0.921239	0	0	0	0	0	0	0	0	
0.198	0.97112	0.0376311	1.09723	1.02974	2.82465	1.12986	0.921616	0	0	0	0	0	0	0	0	
0.199	0.971378	0.0376615	1.09701	1.02946	2.82333	1.12933	0.922008	0	0	0	0	0	0	0	0	
0.2	0.97166	0.0376918	1.09679	1.02917	2.82194	1.12878	0.922413	0	0	0	0	0	0	0	0	
0.201	0.971957	0.0377218	1.09657	1.02885	2.82051	1.12821	0.922828	0	0	0	0	0	0	0	0	
0.202	0.972255	0.0377515	1.09635	1.02854	2.81908	1.12763	0.923243	0	0	0	0	0	0	0	0	
0.203	0.972543	0.037781	1.09613	1.02823	2.81768	1.12707	0.92365	0	0	0	0	0	0	0	0	
0.204	0.972812	0.0378102	1.09591	1.02795	2.81634	1.12654	0.924044	0	0	0	0	0	0	0	0	
0.205	0.973061	0.0378392	1.09569	1.02769	2.81506	1.12602	0.924425	0	0	0	0	0	0	0	0	
0.206	0.973293	0.037868	1.09547	1.02744	2.81383	1.12553	0.924793	0	0	0	0	0	0	0	0	
0.207	0.973516	0.0378967	1.09525	1.0272	2.81262	1.12505	0.925155	0	0	0	0	0	0	0	0	
0.208	0.973735	0.0379252	1.09504	1.02697	2.81144	1.12457	0.925513	0	0	0	0	0	0	0	0	
0.209	0.973954	0.0379537	1.09482	1.02674	2.81025	1.1241	0.925871	0	0	0	0	0	0	0	0	
0.21	0.974176	0.0379819	1.09461	1.02651	2.80905	1.12362	0.92623	0	0	0	0	0	0	0	0	
0.211	0.974402	0.0380101	1.09439	1.02627	2.80785	1.12314	0.926591	0	0	0	0	0	0	0	0	
0.212	0.974631	0.038038	1.09418	1.02603	2.80664	1.12266	0.926952	0	0	0	0	0	0	0	0	
0.213	0.974861	0.0380658	1.09396	1.02579	2.80543	1.12217	0.927314	0	0	0	0	0	0	0	0	
0.214	0.975092	0.0380933	1.09375	1.02554	2.80422	1.12169	0.927675	0	0	0	0	0	0	0	0	
0.215	0.975324	0.0381207	1.09354	1.0253	2.80301	1.1212	0.928036	0	0	0	0	0	0	0	0	
0.216	0.975554	0.038148	1.09332	1.02506	2.8018	1.12072	0.928396	0	0	0	0	0	0	0	0	
0.217	0.975779	0.0381751	1.09311	1.02482	2.80061	1.12025	0.928751	0	0	0	0	0	0	0	0	
0.218	0.975995	0.038202	1.0929	1.0246	2.79946	1.11978	0.9291	0	0	0	0	0	0	0	0	
0.219	0.976191	0.0382289	1.09269	1.02439	2.79835	1.11934	0.929436	0	0	0	0	0	0	0	0	
0.22	0.976359	0.0382558	1.09248	1.02421	2.79733	1.11893	0.929755	0	0	0	0	0	0	0	0	
0.221	0.9765	0.0382827	1.09227	1.02407	2.7964	1.11856	0.930055	0	0	0	0	0	0	0	0	
0.222	0.976629	0.0383097	1.09206	1.02393	2.79549	1.1182	0.930348	0	0	0	0	0	0	0	0	
0.223	0.976776	0.0383368	1.09186	1.02378	2.79454	1.11782	0.930651	0	0	0	0	0	0	0	0	
0.224	0.976975	0.0383637	1.09165	1.02357	2.79344	1.11738	0.930985	0	0	0	0	0	0	0	0	
0.225	0.977247	0.0383903	1.09144	1.02328	2.79213	1.11685	0.931362	0	0	0	0	0	0	0	0	
0.226	0.977587	0.0384163	1.09124	1.02293	2.79063	1.11625	0.93178	0	0	0	0	0	0	0	0	
0.227	0.977969	0.0384414	1.09103	1.02253	2.78902	1.11561	0.932223	0	0	0	0	0	0	0	0	
0.228	0.978351	0.0384655	1.09083	1.02213	2.78741	1.11496	0.932665	0	0	0	0	0	0	0	0	
0.229	0.978699	0.0384887	1.09062	1.02177	2.7859	1.11436	0.933085	0	0	0	0	0	0	0	0	
0.23	0.97899	0.038511	1.09042	1.02146	2.78455	1.11382	0.93347	0	0	0	0	0	0	0	0	
0.231	0.979224	0.0385326	1.09022	1.02122	2.78337	1.11335	0.933819	0	0	0	0	0	0	0	0	
0.232	0.979411	0.0385535	1.09002	1.02102	2.78233	1.11293	0.93414	0	0	0	0	0	0	0	0	
0.233	0.979571	0.0385739	1.08982	1.02085	2.78137	1.11255	0.934443	0	0	0	0	0	0	0	0	
0.234	0.979722	0.0385937	1.08962	1.0207	2.78044	1.11218	0.93474	0	0	0	0	0	0	0	0	
0.235	0.979877	0.0386129	1.08943	1.02054	2.7795	1.1118	0.935038	0	0	0	0	0	0	0	0	
0.236	0.980044	0.0386315	1.08923	1.02036	2.77853	1.11141	0.935342	0	0	0	0	0	0	0	0	
0.237	0.980226	0.0386495	1.08904	1.02017	2.77752	1.11101	0.935654	0	0	0	0	0	0	0	0	
0.238	0.980421	0.0386668	1.08885	1.01997	2.77648	1.11059	0.935973	0	0	0	0	0	0	0	0	
0.239	0.980627	0.0386835	1.08866	1.01976	2.77541	1.11017	0.936297	0	0	0	0	0	0	0	0	
0.24	0.980838	0.0386996	1.08847	1.01954	2.77433	1.10973	0.936624	0	0	0	0	0	0	0	0	
0.241	0.981053	0.0387151	1.08828	1.01931	2.77325	1.1093	0.936952	0	0	0	0	0	0	0	0	
0.242	0.981267	0.0387301	1.08809	1.01909	2.77216	1.10887	0.937279	0	0	0	0	0	0	0	0	
0.243	0.981476	0.0387448	1.08791	1.01887	2.7711	1.10844	0.937602	0	0	0	0	0	0	0	0	
0.244	0.981674	0.0387592	1.08772	1.01867	2.77006	1.10802	0.937918	0	0	0	0	0	0	0	0	
0.245	0.981856	0.0387735	1.08753	1.01848	2.76908	1.10763	0.938224	0	0	0	0	0	0	0	0	
0.246	0.982022	0.0387878	1.08735	1.01831	2.76814	1.10725	0.938521	0	0	0	0	0	0	0	0	
0.247	0.982181	0.0388024	1.08716	1.01814	2.76722	1.10689	0.938813	0	0	0	0	0	0	0	0	
0.248	0.98235	0.0388172	1.08698	1.01797	2.76627	1.10651	0.939111	0	0	0	0	0	0	0	0	
0.249	0.982546	0.0388324	1.08679	1.01776	2.76525	1.1061	0.939423	0	0	0	0	0	0	0	0	
0.25	0.982775	0.0388479	1.08661	1.01753	2.76413	1.10565	0.939753	0	0	0	0	0	0	0	0	
0.251	0.983033	0.0388638	1.08642	1.01726	2.76293	1.10517	0.940099	0	0	0	0	0	0	0	0	
0.252	0.983303	0.03888	1.08624	1.01698	2.7617	1.10468	0.940452	0	0	0	0	0	0	0	0	
0.253	0.983567	0.0388966	1.08605	1.01671	2.76048	1.10419	0.940801	0	0	0	0	0	0	0	0	
0.254	0.983811	0.0389137	1.08586	1.01646	2.75932	1.10373	0.941138	0	0	0	0	0	0	0	0	
0.255	0.984031	0.0389313	1.08567	1.01623	2.75823	1.10329	0.941462	0	0	0	0	0	0	0	0	
0.256	0.984228	0.0389495	1.08548	1.01602	2.75719	1.10288	0.941773	0	0	0	0	0	0	0	0	
0.257	0.98441	0.0389683	1.08529	1.01584	2.7562	1.10248	0.942075	0	0	0	0	0	0	0	0	
0.258	0.984586	0.0389877	1.0851	1.01566	2.75523	1.10209	0.942374	0	0	0	0	0	0	0	0	
0.259	0.984762	0.0390075	1.08491	1.01547	2.75425	1.1017	0.942672	0	0	0	0	0	0	0	0	
0.26	0.984939	0.0390278	1.08472	1.01529	2.75328	1.10131	0.94297	0	0	0	0	0	0	0	0	
0.261	0.985116	0.0390484	1.08453	1.01511	2.7523	1.10092	0.943268	0	0	0	0	0	0	0	0	
0.262	0.985293	0.0390691	1.08434	1.01493	2.75132	1.10053	0.943566	0	0	0	0	0	0	0	0	
0.263	0.985471	0.0390899	1.08415	1.01474	2.75034	1.10014	0.943863	0	0	0	0	0	0	0	0	
0.264	0.985649	0.0391107	1.08396	1.01456	2.74937	1.09975	0.94416	0	0	0	0	0	0	0	0	
0.265	0.985827	0.0391313	1.08378	1.01438	2.74839	1.09936	0.944456	0	0	0	0	0	0	0	0	
0.266	0.986002	0.0391515	1.08359	1.0142	2.74743	1.09897	0.944751	0	0	0	0	0	0	0	0	
0.267	0.98617	0.0391714	1.0834	1.01402	2.74649	1.0986	0.94504	0	0	0	0	0	0	0	0	
0.268	0.98632	0.0391909	1.08322	1.01387	2.7456	1.09824	0.94532	0	0	0	0	0	0	0	0	
0.269	0.986444	0.0392098	1.08303	1.01374	2.74479	1.09792	0.945585	0	0	0	0	0	0	0	0	
0.27	0.986543	0.0392282	1.08285	1.01364	2.74405	1.09762	0.945836	0	0	0	0	0	0	0	0	
0.271	0.986632	0.0392462	1.08267	1.01355	2.74335	1.09734	0.946081	0	0	0	0	0	0	0	0	
0.272	0.986739	0.0392636	1.08249	1.01344	2.7426	1.09704	0.946334	0	0	0	0	0	0	0	0	
0.273	0.986895	0.0392804	1.08231	1.01328	2.74171	1.09668	0.946612	0	0	0	0	0	0	0	0	
0.274	0.987121	0.0392963	1.08214	1.01305	2.74064	1.09625	0.946925	0	0	0	0	0	0	0	0	
0.275	0.987412	0.0393114	1.08196	1.01275	2.73938	1.09575	0.947271	0	0	0	0	0	0	0	0	
0.276	0.987742	0.0393254	1.08179	1.01241	2.73803	1.09521	0.947635	0	0	0	0	0	0	0	0	
0.277	0.988069	0.0393385	1.08161	1.01207	2.73669	1.09468	0.947997	0	0	0	0	0	0	0	0	
0.278	0.988362	0.0393507	1.08144	1.01178	2.73544	1.09418	0.948341	0	0	0	0	0	0	0	0	
0.279	0.988602	0.0393622	1.08127	1.01153	2.73435	1.09374	0.948657	0	0	0	0	0	0	0	0	
0.28	0.988793	0.0393733	1.0811	1.01133	2.73339	1.09336	0.948948	0	0	0	0	0	0	0	0	
0.281	0.988946	0.0393841	1.08094	1.01118	2.73255	1.09302	0.949218	0	0	0	0	0	0	0	0	
0.282	0.989076	0.039395	1.08077	1.01104	2.73176	1.0927	0.949476	0	0	0	0	0	0	0	0	
0.283	0.9892	0.0394058	1.0806	1.01092	2.731	1.0924	0.949731	0	0	0	0	0	0	0	0	
0.284	0.989328	0.0394169	1.08044	1.01079	2.73023	1.09209	0.949987	0	0	0	0	0	0	0	0	
0.285	0.989466	0.0394281	1.08027	1.01065	2.72942	1.09177	0.950248	0	0	0	0	0	0	0	0	
0.286	0.989615	0.0394396	1.0801	1.01049	2.72859	1.09144	0.950513	0	0	0	0	0	0	0	0	
0.287	0.989771	0.0394514	1.07994	1.01033	2.72774	1.0911	0.950782	0	0	0	0	0	0	0	0	
0.288	0.989933	0.0394635	1.07977	1.01017	2.72688	1.09075	0.951054	0	0	0	0	0	0	0	0	
0.289	0.990099	0.0394758	1.0796	1.01	2.726	1.0904	0.951327	0	0	0	0	0	0	0	0	
0.29	0.990267	0.0394885	1.07944	1.00983	2.72512	1.09005	0.951601	0	0	0	0	0	0	0	0	
0.291	0.990434	0.0395014	1.07927	1.00966	2.72424	1.08969	0.951874	0	0	0	0	0	0	0	0	
0.292	0.990593	0.0395146	1.0791	1.0095	2.72338	1.08935	0.952142	0	0	0	0	0	0	0	0	
0.293	0.990736	0.0395281	1.07894	1.00935	2.72257	1.08903	0.952403	0	0	0	0	0	0	0	0	
0.294	0.990867	0.0395417	1.07877	1.00922	2.72179	1.08872	0.952658	0	0	0	0	0	0	0	0	
0.295	0.990998	0.0395555	1.07861	1.00908	2.72101	1.0884	0.952912	0	0	0	0	0	0	0	0	
0.296	0.991146	0.0395694	1.07844	1.00893	2.72019	1.08808	0.953174	0	0	0	0	0	0	0	0	
0.297	0.991326	0.0395832	1.07828	1.00875	2.71928	1.08771	0.953451	0	0	0	0	0	0	0	0	
0.298	0.991542	0.0395968	1.07811	1.00853	2.71827	1.08731	0.953743	0	0	0	0	0	0	0	0	
0.299	0.991778	0.03961	1.07795	1.00829	2.71721	1.08688	0.954044	0	0	0	0	0	0	0	0	
0.3	0.992014	0.0396227	1.07778	1.00805	2.71615	1.08646	0.954345	0	0	0	0	0	0	0	0	
0.301	0.992232	0.0396349	1.07762	1.00783	2.71514	1.08606	0.954636	0	0	0	0	0	0	0	0	
0.302	0.992425	0.0396466	1.07746	1.00763	2.71421	1.08568	0.954915	0	0	0	0	0	0	0	0	
0.303	0.992594	0.0396578	1.0773	1.00746	2.71334	1.08534	0.955183	0	0	0	0	0	0	0	0	
0.304	0.992744	0.0396685	1.07714	1.00731	2.71253	1.08501	0.955441	0	0	0	0	0	0	0	0	
0.305	0.99288	0.0396787	1.07698	1.00717	2.71176	1.0847	0.955692	0	0	0	0	0	0	0	0	
0.306	0.993008	0.0396884	1.07682	1.00704	2.71102	1.08441	0.955939	0	0	0	0	0	0	0	0	
0.307	0.993134	0.0396976	1.07667	1.00691	2.71028	1.08411	0.956184	0	0	0	0	0	0	0	0	
0.308	0.993268	0.0397063	1.07651	1.00678	2.70952	1.08381	0.956432	0	0	0	0	0	0	0	0	
0.309	0.993415	0.0397144	1.07636	1.00663	2.70874	1.08349	0.956685	0	0	0	0	0	0	0	0	
0.31	0.993573	0.0397221	1.07621	1.00647	2.70792	1.08317	0.956942	0	0	0	0	0	0	0	0	
0.311	0.993739	0.0397293	1.07606	1.0063	2.70709	1.08284	0.957203	0	0	0	0	0	0	0	0	
0.312	0.99391	0.039736	1.0759	1.00613	2.70624	1.0825	0.957465	0	0	0	0	0	0	0	0	
0.313	0.994087	0.0397424	1.07575	1.00595	2.70538	1.08215	0.957729	0	0	0	0	0	0	0	0	
0.314	0.994272	0.0397483	1.0756	1.00576	2.7045	1.0818	0.957996	0	0	0	0	0	0	0	0	
0.315	0.994462	0.039754	1.07546	1.00557	2.70361	1.08144	0.958264	0	0	0	0	0	0	0	0	
0.316	0.994653	0.0397594	1.07531	1.00538	2.70272	1.08109	0.958532	0	0	0	0	0	0	0	0	
0.317	0.994845	0.0397647	1.07516	1.00518	2.70183	1.08073	0.9588	0	0	0	0	0	0	0	0	
0.318	0.995037	0.03977	1.07501	1.00499	2.70093	1.08037	0.959067	0	0	0	0	0	0	0	0	
0.319	0.995234	0.0397754	1.07486	1.00479	2.70003	1.08001	0.959336	0	0	0	0	0	0	0	0	
0.32	0.99544	0.0397809	1.07472	1.00458	2.6991	1.07964	0.959608	0	0	0	0	0	0	0	0	
0.321	0.995662	0.0397867	1.07457	1.00436	2.69812	1.07925	0.959887	0	0	0	0	0	0	0	0	
0.322	0.995907	0.0397928	1.07442	1.00411	2.69709	1.07884	0.960174	0	0	0	0	0	0	0	0	
0.323	0.996175	0.0397994	1.07427	1.00384	2.69599	1.0784	0.96047	0	0	0	0	0	0	0	0	
0.324	0.996461	0.0398064	1.07412	1.00355	2.69484	1.07793	0.960774	0	0	0	0	0	0	0	0	
0.325	0.996752	0.0398139	1.07397	1.00326	2.69367	1.07747	0.961078	0	0	0	0	0	0	0	0	
0.326	0.997029	0.0398221	1.07382	1.00298	2.69254	1.07702	0.961377	0	0	0	0	0	0	0	0	
0.327	0.997271	0.039831	1.07366	1.00274	2.6915	1.0766	0.961661	0	0	0	0	0	0	0	0	
0.328	0.997459	0.0398409	1.07351	1.00255	2.69061	1.07624	0.961923	0	0	0	0	0	0	0	0	
0.329	0.997583	0.0398518	1.07335	1.00242	2.68989	1.07596	0.962158	0	0	0	0	0	0	0	0	
0.33	0.997648	0.0398638	1.0732	1.00236	2.68932	1.07573	0.962371	0	0	0	0	0	0	0	0	
0.331	0.997677	0.0398771	1.07304	1.00233	2.68885	1.07554	0.962568	0	0	0	0	0	0	0	0	
0.332	0.997698	0.0398916	1.07288	1.00231	2.68839	1.07536	0.962763	0	0	0	0	0	0	0	0	
0.333	0.99773	0.0399073	1.07272	1.00228	2.68791	1.07516	0.962962	0	0	0	0	0	0	0	0	
0.334	0.997774	0.0399239	1.07256	1.00223	2.68739	1.07495	0.963166	0	0	0	0	0	0	0	0	
0.335	0.997823	0.0399413	1.0724	1.00218	2.68685	1.07474	0.963372	0	0	0	0	0	0	0	0	
0.336	0.997871	0.0399594	1.07224	1.00213	2.68632	1.07453	0.963578	0	0	0	0	0	0	0	0	
0.337	0.997929	0.0399779	1.07208	1.00208	2.68576	1.0743	0.963788	0	0	0	0	0	0	0	0	
0.338	0.99801	0.0399967	1.07192	1.00199	2.68514	1.07405	0.964007	0	0	0	0	0	0	0	0	
0.339	0.998118	0.0400156	1.07176	1.00189	2.68445	1.07378	0.964235	0	0	0	0	0	0	0	0	
0.34	0.998237	0.0400342	1.0716	1.00177	2.68372	1.07349	0.964469	0	0	0	0	0	0	0	0	
0.341	0.998341	0.0400524	1.07144	1.00166	2.68305	1.07322	0.964696	0	0	0	0	0	0	0	0	
0.342	0.998414	0.0400702	1.07128	1.00159	2.68246	1.07298	0.964911	0	0	0	0	0	0	0	0	
0.343	0.998459	0.0400875	1.07112	1.00154	2.68195	1.07278	0.965114	0	0	0	0	0	0	0	0	
0.344	0.998502	0.0401041	1.07097	1.0015	2.68144	1.07258	0.965317	0	0	0	0	0	0	0	0	
0.345	0.99858	0.0401199	1.07082	1.00142	2.68085	1.07234	0.965532	0	0	0	0	0	0	0	0	
0.346	0.998724	0.0401348	1.07067	1.00128	2.68008	1.07203	0.96577	0	0	0	0	0	0	0	0	
0.347	0.998949	0.0401485	1.07052	1.00105	2.67911	1.07164	0.966037	0	0	0	0	0	0	0	0	
0.348	0.999244	0.0401609	1.07037	1.00076	2.67795	1.07118	0.96633	0	0	0	0	0	0	0	0	
0.349	0.999567	0.0401718	1.07022	1.00043	2.67672	1.07069	0.966632	0	0	0	0	0	0	0	0	
0.35	0.999859	0.0401813	1.07008	1.00014	2.67558	1.07023	0.966922	0	0	0	0	0	0	0	0	
0.351	1.00007	0.0401894	1.06994	0.999926	2.67465	1.06986	0.967182	0	0	0	0	0	0	0	0	
0.352	1.0002	0.0401965	1.0698	0.999802	2.67397	1.06959	0.967409	0	0	0	0	0	0	0	0	
0.353	1.00027	0.0402025	1.06966	0.999734	2.67344	1.06938	0.967615	0	0	0	0	0	0	0	0	
0.354	1.00033	0.0402076	1.06953	0.999671	2.67293	1.06917	0.967817	0	0	0	0	0	0	0	0	
0.355	1.00043	0.0402119	1.06939	0.999574	2.67234	1.06894	0.968031	0	0	0	0	0	0	0	0	
0.356	1.00056	0.0402153	1.06926	0.999444	2.67166	1.06867	0.968257	0	0	0	0	0	0	0	0	
0.357	1.00069	0.0402178	1.06913	0.999314	2.67099	1.0684	0.968481	0	0	0	0	0	0	0	0	
0.358	1.00078	0.0402197	1.069	0.999217	2.67041	1.06816	0.968695	0	0	0	0	0	0	0	0	
0.359	1.00085	0.040221	1.06887	0.999154	2.66992	1.06797	0.968896	0	0	0	0	0	0	0	0	
0.36	1.00091	0.0402221	1.06875	0.99909	2.66943	1.06777	0.969096	0	0	0	0	0	0	0	0	
0.361	1.00101	0.0402228	1.06862	0.998986	2.66884	1.06754	0.96931	0	0	0	0	0	0	0	0	
0.362	1.00117	0.0402235	1.06849	0.998832	2.66812	1.06725	0.969541	0	0	0	0	0	0	0	0	
0.363	1.00135	0.0402243	1.06837	0.998656	2.66733	1.06693	0.969779	0	0	0	0	0	0	0	0	
0.364	1.0015	0.0402254	1.06824	0.998506	2.66662	1.06665	0.970008	0	0	0	0	0	0	0	0	
0.365	1.00159	0.0402272	1.06812	0.998415	2.66606	1.06643	0.970219	0	0	0	0	0	0	0	0	
0.366	1.00163	0.04023	1.06799	0.998377	2.66564	1.06626	0.970411	0	0	0	0	0	0	0	0	
0.367	1.00165	0.0402342	1.06786	0.998355	2.66527	1.06611	0.970597	0	0	0	0	0	0	0	0	
0.368	1.0017	0.04024	1.06773	0.998306	2.66481	1.06592	0.970793	0	0	0	0	0	0	0	0	
0.369	1.0018	0.0402475	1.0676	0.9982	2.6642	1.06568	0.971007	0	0	0	0	0	0	0	0	
0.37	1.00198	0.0402567	1.06747	0.998028	2.6634	1.06536	0.971244	0	0	0	0	0	0	0	0	
0.371	1.00222	0.0402675	1.06733	0.997788	2.66242	1.06497	0.971503	0	0	0	0	0	0	0	0	
0.372	1.00251	0.0402798	1.06719	0.997492	2.66129	1.06451	0.971779	0	0	0	0	0	0	0	0	
0.373	1.00283	0.0402933	1.06705	0.997174	2.66008	1.06403	0.972063	0	0	0	0	0	0	0	0	
0.374	1.00312	0.0403081	1.06691	0.996892	2.65897	1.06359	0.972335	0	0	0	0	0	0	0	0	
0.375	1.0033	0.0403238	1.06676	0.996711	2.65813	1.06325	0.972576	0	0	0	0	0	0	0	0	
0.376	1.00335	0.0403405	1.06662	0.996662	2.65764	1.06305	0.972775	0	0	0	0	0	0	0	0	
0.377	1.00329	0.0403579	1.06647	0.996717	2.65742	1.06297	0.972941	0	0	0	0	0	0	0	0	
0.378	1.00322	0.0403758	1.06632	0.996791	2.65725	1.0629	0.9731	0	0	0	0	0	0	0	0	
0.379	1.00323	0.0403937	1.06618	0.996783	2.65687	1.06275	0.973283	0	0	0	0	0	0	0	0	
0.38	1.00337	0.0404111	1.06603	0.99664	2.65613	1.06245	0.973508	0	0	0	0	0	0	0	0	
0.381	1.00363	0.0404272	1.06589	0.996386	2.6551	1.06204	0.973766	0	0	0	0	0	0	0	0	
0.382	1.0039	0.0404419	1.06575	0.996112	2.65402	1.06161	0.974031	0	0	0	0	0	0	0	0	
0.383	1.0041	0.0404547	1.06561	0.995914	2.65314	1.06126	0.974272	0	0	0	0	0	0	0	0	
0.384	1.00418	0.0404659	1.06548	0.995836	2.6526	1.06104	0.974477	0	0	0	0	0	0	0	0	
0.385	1.00418	0.0404754	1.06534	0.995841	2.65228	1.06091	0.974655	0	0	0	0	0	0	0	0	
0.386	1.00417	0.0404834	1.06521	0.995843	2.65196	1.06078	0.974834	0	0	0	0	0	0	0	0	
0.387	1.00426	0.0404897	1.06509	0.995757	2.65142	1.06057	0.975036	0	0	0	0	0	0	0	0	
0.388	1.00446	0.0404944	1.06496	0.99556	2.65058	1.06023	0.975271	0	0	0	0	0	0	0	0	
0.389	1.00472	0.0404975	1.06484	0.995302	2.64959	1.05984	0.975523	0	0	0	0	0	0	0	0	
0.39	1.00494	0.0404992	1.06472	0.995082	2.6487	1.05948	0.975764	0	0	0	0	0	0	0	0	
0.391	1.00505	0.0404998	1.0646	0.994977	2.64812	1.05925	0.975972	0	0	0	0	0	0	0	0	
0.392	1.00504	0.0404998	1.06448	0.994987	2.64786	1.05914	0.976147	0	0	0	0	0	0	0	0	
0.393	1.00498	0.0404995	1.06436	0.99504	2.64771	1.05908	0.97631	0	0	0	0	0	0	0	0	
0.394	1.00498	0.0404994	1.06425	0.995049	2.64744	1.05898	0.976484	0	0	0	0	0	0	0	0	
0.395	1.00505	0.0404993	1.06413	0.994972	2.64695	1.05878	0.976681	0	0	0	0	0	0	0	0	
0.396	1.00519	0.0404995	1.06401	0.994834	2.64629	1.05852	0.976896	0	0	0	0	0	0	0	0	
0.397	1.00535	0.0405001	1.0639	0.994682	2.6456	1.05824	0.977115	0	0	0	0	0	0	0	0	
0.398	1.00548	0.0405012	1.06378	0.994546	2.64494	1.05798	0.977329	0	0	0	0	0	0	0	0	
0.399	1.00562	0.0405032	1.06366	0.994409	2.64429	1.05771	0.977543	0	0	0	0	0	0	0	0	
0.4	1.00581	0.0405061	1.06354	0.994228	2.64351	1.0574	0.977769	0	0	0	0	0	0	0	0	
0.401	1.00607	0.0405099	1.06342	0.993966	2.64251	1.057	0.978015	0	0	0	0	0	0	0	0	
0.402	1.00641	0.0405148	1.0633	0.993635	2.64132	1.05653	0.978279	0	0	0	0	0	0	0	0	
0.403	1.00673	0.0405209	1.06317	0.993312	2.64015	1.05606	0.978541	0	0	0	0	0	0	0	0	
0.404	1.00695	0.0405283	1.06304	0.993098	2.63926	1.05571	0.978776	0	0	0	0	0	0	0	0	
0.405	1.00699	0.0405374	1.06291	0.993062	2.63885	1.05554	0.978965	0	0	0	0	0	0	0	0	
0.406	1.00686	0.0405487	1.06278	0.993189	2.63886	1.05554	0.979113	0	0	0	0	0	0	0	0	
0.407	1.00666	0.0405622	1.06265	0.993388	2.63905	1.05562	0.979242	0	0	0	0	0	0	0	0	
0.408	1.00651	0.040578	1.06251	0.993537	2.63911	1.05564	0.979385	0	0	0	0	0	0	0	0	
0.409	1.0065	0.0405958	1.06237	0.993538	2.63877	1.05551	0.979564	0	0	0	0	0	0	0	0	
0.41	1.0067	0.040615	1.06223	0.993349	2.63792	1.05517	0.97979	0	0	0	0	0	0	0	0	
0.411	1.00705	0.0406353	1.06209	0.992999	2.63663	1.05465	0.980055	0	0	0	0	0	0	0	0	
0.412	1.00747	0.0406559	1.06195	0.992585	2.63518	1.05407	0.980337	0	0	0	0	0	0	0	0	
0.413	1.00781	0.0406767	1.0618	0.992246	2.63392	1.05357	0.9806	0	0	0	0	0	0	0	0	
0.414	1.00797	0.0406973	1.06166	0.992097	2.63317	1.05327	0.980818	0	0	0	0	0	0	0	0	
0.415	1.0079	0.0407176	1.06151	0.992163	2.63299	1.0532	0.980985	0	0	0	0	0	0	0	0	
0.416	1.00771	0.0407374	1.06137	0.992347	2.63313	1.05325	0.981124	0	0	0	0	0	0	0	0	
0.417	1.00758	0.0407561	1.06124	0.992482	2.63314	1.05326	0.981272	0	0	0	0	0	0	0	0	
0.418	1.00762	0.0407732	1.0611	0.992435	2.63268	1.05307	0.981461	0	0	0	0	0	0	0	0	
0.419	1.00785	0.0407878	1.06097	0.992208	2.63176	1.0527	0.98169	0	0	0	0	0	0	0	0	
0.42	1.00813	0.0407995	1.06084	0.991931	2.63071	1.05228	0.981931	0	0	0	0	0	0	0	0	
0.421	1.00831	0.0408082	1.06072	0.991759	2.62994	1.05198	0.982149	0	0	0	0	0	0	0	0	
0.422	1.00831	0.0408141	1.0606	0.991756	2.62964	1.05186	0.982329	0	0	0	0	0	0	0	0	
0.423	1.0082	0.0408176	1.06049	0.99187	2.62966	1.05186	0.982482	0	0	0	0	0	0	0	0	
0.424	1.00809	0.0408191	1.06038	0.991979	2.62968	1.05187	0.982634	0	0	0	0	0	0	0	0	
0.425	1.00809	0.040819	1.06027	0.991979	2.62941	1.05177	0.98281	0	0	0	0	0	0	0	0	
0.426	1.00825	0.0408176	1.06017	0.991819	2.62873	1.05149	0.983019	0	0	0	0	0	0	0	0	
0.427	1.00856	0.0408153	1.06006	0.99151	2.62765	1.05106	0.983259	0	0	0	0	0	0	0	0	
0.428	1.00899	0.0408127	1.05996	0.99109	2.62629	1.05051	0.983521	0	0	0	0	0	0	0	0	
0.429	1.00946	0.0408101	1.05985	0.990629	2.6248	1.04992	0.983791	0	0	0	0	0	0	0	0	
0.43	1.00987	0.0408081	1.05975	0.990224	2.62347	1.04939	0.984049	0	0	0	0	0	0	0	0	
0.431	1.01011	0.0408072	1.05964	0.989991	2.62259	1.04904	0.984272	0	0	0	0	0	0	0	0	
0.432	1.0101	0.0408077	1.05953	0.990004	2.62236	1.04894	0.984447	0	0	0	0	0	0	0	0	
0.433	1.00986	0.04081	1.05942	0.990238	2.6227	1.04908	0.984578	0	0	0	0	0	0	0	0	
0.434	1.00952	0.0408139	1.05931	0.990568	2.6233	1.04932	0.984691	0	0	0	0	0	0	0	0	
0.435	1.00925	0.0408188	1.0592	0.990838	2.62374	1.0495	0.984815	0	0	0	0	0	0	0	0	
0.436	1.00915	0.0408239	1.05909	0.990936	2.62373	1.04949	0.984972	0	0	0	0	0	0	0	0	
0.437	1.00925	0.0408283	1.05898	0.990838	2.6232	1.04928	0.985167	0	0	0	0	0	0	0	0	
0.438	1.00951	0.040831	1.05888	0.99058	2.62225	1.0489	0.985391	0	0	0	0	0	0	0	0	
0.439	1.00984	0.0408313	1.05877	0.990257	2.62114	1.04846	0.985627	0	0	0	0	0	0	0	0	
0.44	1.01012	0.040829	1.05867	0.989977	2.62016	1.04806	0.985855	0	0	0	0	0	0	0	0	
0.441	1.01031	0.0408242	1.05858	0.989793	2.61943	1.04777	0.986065	0	0	0	0	0	0	0	0	
0.442	1.01044	0.0408178	1.05848	0.98967	2.61887	1.04755	0.986262	0	0	0	0	0	0	0	0	
0.443	1.01056	0.0408104	1.05839	0.98955	2.61833	1.04733	0.986459	0	0	0	0	0	0	0	0	
0.444	1.0107	0.0408035	1.0583	0.989409	2.61773	1.04709	0.986658	0	0	0	0	0	0	0	0	
0.445	1.01086	0.0407983	1.0582	0.989256	2.61709	1.04683	0.98686	0	0	0	0	0	0	0	0	
0.446	1.01102	0.0407964	1.0581	0.989099	2.61642	1.04657	0.987062	0	0	0	0	0	0	0	0	
0.447	1.01119	0.0407991	1.058	0.988933	2.61572	1.04629	0.987266	0	0	0	0	0	0	0	0	
0.448	1.01138	0.0408074	1.05788	0.988746	2.61495	1.04598	0.987473	0	0	0	0	0	0	0	0	
0.449	1.0116	0.0408218	1.05776	0.98853	2.61407	1.04563	0.987686	0	0	0	0	0	0	0	0	
0.45	1.01186	0.0408421	1.05763	0.988282	2.61309	1.04524	0.987903	0	0	0	0	0	0	0	0	
0.451	1.01214	0.0408676	1.05749	0.988004	2.61201	1.0448	0.988125	0	0	0	0	0	0	0	0	
0.452	1.01243	0.0408969	1.05734	0.987721	2.6109	1.04436	0.988348	0	0	0	0	0	0	0	0	
0.453	1.01264	0.0409286	1.0572	0.987518	2.61	1.044	0.988558	0	0	0	0	0	0	0	0	
0.454	1.01268	0.0409609	1.05705	0.987483	2.60954	1.04381	0.988744	0	0	0	0	0	0	0	0	
0.455	1.01249	0.0409924	1.0569	0.987663	2.60965	1.04386	0.988898	0	0	0	0	0	0	0	0	
0.456	1.01212	0.0410218	1.05675	0.988028	2.61026	1.0441	0.989026	0	0	0	0	0	0	0	0	
0.457	1.01167	0.0410482	1.05662	0.988462	2.61107	1.04443	0.989144	0	0	0	0	0	0	0	0	
0.458	1.01132	0.041071	1.05649	0.988804	2.61164	1.04466	0.989275	0	0	0	0	0	0	0	0	
0.459	1.01119	0.04109	1.05636	0.988938	2.61169	1.04467	0.989436	0	0	0	0	0	0	0	0	
0.46	1.01128	0.0411052	1.05624	0.988847	2.61115	1.04446	0.989627	0	0	0	0	0	0	0	0	
0.461	1.01153	0.0411172	1.05613	0.988602	2.61022	1.04409	0.989839	0	0	0	0	0	0	0	0	
0.462	1.01185	0.041127	1.05601	0.988292	2.60913	1.04365	0.99006	0	0	0	0	0	0	0	0	
0.463	1.01216	0.0411354	1.0559	0.987984	2.60804	1.04322	0.990279	0	0	0	0	0	0	0	0	
0.464	1.01245	0.0411432	1.05579	0.987704	2.60703	1.04281	0.990493	0	0	0	0	0	0	0	0	
0.465	1.0128	0.0411508	1.05568	0.987361	2.60585	1.04234	0.990713	0	0	0	0	0	0	0	0	
0.466	1.01329	0.0411581	1.05557	0.986886	2.60433	1.04173	0.990947	0	0	0	0	0	0	0	0	
0.467	1.01377	0.0411645	1.05547	0.986415	2.60282	1.04113	0.99118	0	0	0	0	0	0	0	0	
0.468	1.01403	0.0411696	1.05536	0.986165	2.60189	1.04076	0.991386	0	0	0	0	0	0	0	0	
0.469	1.01391	0.0411731	1.05525	0.986277	2.60193	1.04077	0.991552	0	0	0	0	0	0	0	0	
0.47	1.01341	0.0411748	1.05515	0.986769	2.60298	1.04119	0.991674	0	0	0	0	0	0	0	0	
0.471	1.0128	0.0411749	1.05505	0.987366	2.60431	1.04173	0.991785	0	0	0	0	0	0	0	0	
0.472	1.01249	0.0411731	1.05496	0.987666	2.60488	1.04195	0.991928	0	0	0	0	0	0	0	0	
0.473	1.01264	0.0411696	1.05487	0.987519	2.60427	1.04171	0.99212	0	0	0	0	0	0	0	0	
0.474	1.01309	0.0411645	1.05478	0.987081	2.60289	1.04116	0.992342	0	0	0	0	0	0	0	0	
0.475	1.0137	0.0411587	1.0547	0.986489	2.60111	1.04045	0.992579	0	0	0	0	0	0	0	0	
0.476	1.01443	0.0411531	1.05461	0.985771	2.599	1.0396	0.992826	0	0	0	0	0	0	0	0	
0.477	1.01508	0.0411487	1.05451	0.985146	2.59712	1.03885	0.993062	0	0	0	0	0	0	0	0	
0.478	1.01533	0.0411467	1.05442	0.984898	2.59623	1.03849	0.993262	0	0	0	0	0	0	0	0	
0.479	1.01516	0.0411479	1.05432	0.985064	2.59642	1.03857	0.993423	0	0	0	0	0	0	0	0	
0.48	1.01462	0.041153	1.05421	0.985589	2.59755	1.03902	0.993554	0	0	0	0	0	0	0	0	
0.481	1.01391	0.0411616	1.0541	0.986283	2.59911	1.03965	0.993673	0	0	0	0	0	0	0	0	
0.482	1.0134	0.0411729	1.05399	0.986779	2.60015	1.04006	0.993809	0	0	0	0	0	0	0	0	
0.483	1.01333	0.0411849	1.05388	0.986846	2.60005	1.04002	0.993983	0	0	0	0	0	0	0	0	
0.484	1.01362	0.0411959	1.05378	0.986558	2.59903	1.03961	0.994186	0	0	0	0	0	0	0	0	
0.485	1.01363	0.041205	1.05367	0.986558	2.59877	1.03951	0.994368	0	0	0	0	0	0	0	0	
0.486	1.01401	0.0412117	1.05357	0.986182	2.59752	1.03901	0.994575	0	0	0	0	0	0	0	0	
0.487	1.01497	0.0412155	1.05347	0.985249	2.59482	1.03793	0.994819	0	0	0	0	0	0	0	0	
0.488	1.0158	0.0412172	1.05337	0.984441	2.59245	1.03698	0.995054	0	0	0	0	0	0	0	0	
0.489	1.01613	0.0412185	1.05327	0.984126	2.59138	1.03655	0.995254	0	0	0	0	0	0	0	0	
0.49	1.01598	0.0412208	1.05317	0.984269	2.59151	1.0366	0.995422	0	0	0	0	0	0	0	0	
0.491	1.01591	0.0412249	1.05307	0.984335	2.59143	1.03657	0.995593	0	0	0	0	0	0	0	0	
0.492	1.01596	0.0412308	1.05297	0.984291	2.59106	1.03643	0.995772	0	0	0	0	0	0	0	0	
0.493	1.01587	0.0412348	1.05287	0.98438	2.59105	1.03642	0.995945	0	0	0	0	0	0	0	0	
0.494	1.01573	0.0412277	1.05278	0.98451	2.59119	1.03648	0.996117	0	0	0	0	0	0	0	0	
0.495	1.01518	0.0412016	1.05273	0.985052	2.59248	1.03699	0.996268	0	0	0	0	0	0	0	0	
0.496	1.01452	0.0411611	1.0527	0.98569	2.59408	1.03763	0.996414	0	0	0	0	0	0	0	0	
0.497	1.01468	0.0411191	1.05267	0.985533	2.5936	1.03744	0.996599	0	0	0	0	0	0	0	0	
0.498	1.01534	0.0410848	1.05263	0.984888	2.5918	1.03672	0.996808	0	0	0	0	0	0	0	0	
0.499	1.01588	0.0410727	1.05255	0.984368	2.59025	1.0361	0.99701	0	0	0	0	0	0	0	0	
0.5	1.01614	0.0411189	1.0524	0.984112	2.58919	1.03568	0.997202	0	0	0	0	0	0	0	0	
0.501	1.0162	0.041229	1.05215	0.984062	2.58844	1.03538	0.997387	0	0	0	0	0	0	0	0	
0.502	1.01669	0.041317	1.05193	0.983583	2.58664	1.03466	0.997584	0	0	0	0	0	0	0	0	
0.503	1.01699	0.0413286	1.05182	0.983298	2.58562	1.03425	0.997772	0	0	0	0	0	0	0	0	
0.504	1.01684	0.0414088	1.05161	0.983443	2.58549	1.0342	0.997948	0	0	0	0	0	0	0	0	
0.505	1.01657	0.0416373	1.05119	0.983705	2.58514	1.03406	0.998125	0	0	0	0	0	0	0	0	
0.506	1.01744	0.0416043	1.05114	0.982861	2.58281	1.03313	0.998322	0	0	0	0	0	0	0	0	
0.507	1.01794	0.0411422	1.05172	0.982372	2.58294	1.03318	0.9985	0	0	0	0	0	0	0	0	
0.508	1.01747	0.0412319	1.0515	0.982834	2.58362	1.03345	0.998669	0	0	0	0	0	0	0	0	
0.509	1.01612	0.0423447	1.0498	0.98414	2.58287	1.03315	0.998844	0	0	0	0	0	0	0	0	
0.51	1.01611	0.0421405	1.05	0.984144	2.58339	1.03336	0.999024	0	0	0	0	0	0	0	0	
0.511	1.01719	0.0391743	1.05421	0.983096	2.59097	1.03639	0.999186	0	0	0	0	0	0	0	0	
0.512	1.01653	0.0400462	1.05273	0.983737	2.58903	1.03561	0.999372	0	0	0	0	0	0	0	0	
0.513	1.01056	0.0458212	1.04229	0.989553	2.5785	1.0314	0.999566	0	0	0	0	0	0	0	0	
0.514	1.00479	0.0337575	1.0329	0.995236	2.56996	1.02798	0.99975	0	0	0	0	0	0	0	0	
0.515	0.962278	-0.0620874	0.969781	1.0392	2.51949	1.0078	0.999903	0	0	0	0	0	0	0	0	
0.516	0.825065	-0.191753	0.771756	1.21203	2.33847	0.935388	0.999981	0	0	0	0	0	0	0	0	
0.517	0.339031	-1.00816	0.212971	2.94958	1.57044	0.628174	1	0	0	0	0	0	0	0	0	
0.518	0.259259	-1.35769	0.0967742	3.85715	0.933181	0.373272	1	0	0	0	0	0	0	0	0	
0.519	0.259259	-1.35769	0.0967742	3.85715	0.933181	0.373272	1	0	0	0	0	0	0	0	0	
0.52	0.259259	-1.35769	0.0967742	3.85715	0.933181	0.373272	1	0	0	0	0	0	0	0	0	
0.521	0.259259	-1.35769	0.0967742	3.85715	0.933181	0.373272	1	0	0	0	0	0	0	0	0	
0.522	0.259259	-1.35769	0.0967742	3.85715	0.933181	0.373272	1	0	0	0	0	0	0	0	0	
0.523	0.259259	-1.35769	0.0967742	3.85715	0.933181	0.373272	1	0	0	0	0	0	0	0	0	
0.524	0.259259	-1.35769	0.0967742	3.85715	0.933181	0.373272	1	0	0	0	0	0	0	0	0	
0.525	0.259259	-1.35769	0.0967742	3.85715	0.933181	0.373272	1	0	0	0	0	0	0	0	0	
0.526	0.259259	-1.35769	0.0967742	3.85715	0.933181	0.373272	1	0	0	0	0	0	0	0	0	
0.527	0.259259	-1.35769	0.0967742	3.85715	0.933181	0.373272	1	0	0	0	0	0	0	0	0	
0.528	0.259259	-1.35769	0.0967742	3.85715	0.933181	0.373272	1	0	0	0	0	0	0	0	0	
0.529	0.259259	-1.35769	0.0967742	3.85715	0.933181	0.373272	1	0	0	0	0	0	0	0	0	
0.53	0.259259	-1.35769	0.0967742	3.85715	0.933181	0.373272	1	0	0	0	0	0	0	0	0	
0.531	0.259259	-1.35769	0.0967742	3.85715	0.933181	0.373272	1	0	0	0	0	0	0	0	0	
0.532	0.259259	-1.35769	0.0967742	3.85715	0.933181	0.373272	1	0	0	0	0	0	0	0	0	
0.533	0.259259	-1.35769	0.0967742	3.85715	0.933181	0.373272	1	0	0	0	0	0	0	0	0	
0.534	0.259259	-1.35769	0.0967742	3.85715	0.933181	0.373272	1	0	0	0	0	0	0	0	0	
0.535	0.259259	-1.35769	0.0967742	3.85715	0.933181	0.373272	1	0	0	0	0	0	0	0	0	
0.536	0.259259	-1.35769	0.0967742	3.85715	0.933181	0.373272	1	0	0	0	0	0	0	0	0	
0.537	0.259259	-1.35769	0.0967742	3.85715	0.933181	0.373272	1	0	0	0	0	0	0	0	0	
0.538	0.259259	-1.35769	0.0967742	3.85715	0.933181	0.373272	1	0	0	0	0	0	0	0	0	
0.539	0.259259	-1.35769	0.0967742	3.85715	0.933181	0.373272	1	0	0	0	0	0	0	0	0	
0.54	0.259259	-1.35769	0.0967742	3.85715	0.933181	0.373272	1	0	0	0	0	0	0	0	0	
0.541	0.259259	-1.35769	0.0967742	3.85715	0.933181	0.373272	1	0	0	0	0	0	0	0	0	
0.542	0.259259	-1.35769	0.0967742	3.85715	0.933181	0.373272	1	0	0	0	0	0	0	0	0	
0.543	0.259259	-1.35769	0.0967742	3.85715	0.933181	0.373272	1	0	0	0	0	0	0	0	0	
0.544	0.259259	-1.35769	0.0967742	3.85715	0.933181	0.373272	1	0	0	0	0	0	0	0	0	
0.545	0.259259	-1.35769	0.0967742	3.85715	0.933181	0.373272	1	0	0	0	0	0	0	0	0	
0.546	0.259259	-1.35769	0.0967742	3.85715	0.933181	0.373272	1	0	0	0	0	0	0	0	0	
0.547	0.259259	-1.35769	0.0967742	3.85715	0.933181	0.373272	1	0	0	0	0	0	0	0	0	
0.548	0.259259	-1.35769	0.0967742	3.85715	0.933181	0.373272	1	0	0	0	0	0	0	0	0	
0.549	0.259259	-1.35769	0.0967742	3.85715	0.933181	0.373272	1	0	0	0	0	0	0	0	0	
0.55	0.259259	-1.35769	0.0967742	3.85715	0.933181	0.373272	1	0	0	0	0	0	0	0	0	
0.551	0.259259	-1.35769	0.0967742	3.85715	0.933181	0.373272	1	0	0	0	0	0	0	0	0	
0.552	0.259259	-1.35769	0.0967742	3.85715	0.933181	0.373272	1	0	0	0	0	0	0	0	0	
0.553	0.259259	-1.35769	0.0967742	3.85715	0.933181	0.373272	1	0	0	0	0	0	0	0	0	
0.554	0.259259	-1.35769	0.0967742	3.85715	0.933181	0.373272	1	0	0	0	0	0	0	0	0	
0.555	0.259259	-1.35769	0.0967742	3.85715	0.933181	0.373272	1	0	0	0	0	0	0	0	0	
0.556	0.259259	-1.35769	0.0967742	3.85715	0.933181	0.373272	1	0	0	0	0	0	0	0	0	
0.557	0.259259	-1.35769	0.0967742	3.85715	0.933181	0.373272	1	0	0	0	0	0	0	0	0	
0.558	0.259259	-1.35769	0.0967742	3.85715	0.933181	0.373272	1	0	0	0	0	0	0	0	0	
0.559	0.259259	-1.35769	0.0967742	3.85715	0.933181	0.373272	1	0	0	0	0	0	0	0	0	
0.56	0.259259	-1.35769	0.0967742	3.85715	0.933181	0.373272	1	0	0	0	0	0	0	0	0	
0.561	0.259259	-1.35769	0.0967742	3.85715	0.933181	0.373272	1	0	0	0	0	0	0	0	0	
0.562	0.259259	-1.35769	0.0967742	3.85715	0.933181	0.373272	1	0	0	0	0	0	0	0	0	
0.563	0.259259	-1.35769	0.0967742	3.85715	0.933181	0.373272	1	0	0	0	0	0	0	0	0	
0.564	0.259259	-1.35769	0.0967742	3.85715	0.933181	0.373272	1	0	0	0	0	0	0	0	0	
0.565	0.259259	-1.35769	0.0967742	3.85715	0.933181	0.373272	1	0	0	0	0	0	0	0	0	
0.566	0.259259	-1.35769	0.0967742	3.85715	0.933181	0.373272	1	0	0	0	0	0	0	0	0	
0.567	0.259259	-1.35769	0.0967742	3.85715	0.933181	0.373272	1	0	0	0	0	0	0	0	0	
0.568	0.259259	-1.35769	0.0967742	3.85715	0.933181	0.373272	1	0	0	0	0	0	0	0	0	
0.569	0.259259	-1.35769	0.0967742	3.85715	0.933181	0.373272	1	0	0	0	0	0	0	0	0	
0.57	0.259259	-1.35769	0.0967742	3.85715	0.933181	0.373272	1	0	0	0	0	0	0	0	0	
0.571	0.259259	-1.35769	0.0967742	3.85715	0.933181	0.373272	1	0	0	0	0	0	0	0	0	
0.572	0.259259	-1.35769	0.0967742	3.85715	0.933181	0.373272	1	0	0	0	0	0	0	0	0	
0.573	0.259259	-1.35769	0.0967742	3.85715	0.933181	0.373272	1	0	0	0	0	0	0	0	0	
0.574	0.259259	-1.35769	0.0967742	3.85715	0.933181	0.373272	1	0	0	0	0	0	0	0	0	
0.575	0.259259	-1.35769	0.0967742	3.85715	0.933181	0.373272	1	0	0	0	0	0	0	0	0	
0.576	0.259259	-1.35769	0.0967742	3.85715	0.933181	0.373272	1	0	0	0	0	0	0	0	0	
0.577	0.259259	-1.35769	0.0967742	3.85715	0.933181	0.373272	1	0	0	0	0	0	0	0	0	
0.578	0.259259	-1.35769	0.0967742	3.85715	0.933181	0.373272	1	0	0	0	0	0	0	0	0	
0.579	0.259259	-1.35769	0.0967742	3.85715	0.933181	0.373272	1	0	0	0	0	0	0	0	0	
0.58	0.259259	-1.35769	0.0967742	3.85715	0.933181	0.373272	1	0	0	0	0	0	0	0	0	
0.581	0.259259	-1.35769	0.0967742	3.85715	0.933181	0.373272	1	0	0	0	0	0	0	0	0	
0.582	0.259259	-1.35769	0.0967742	3.85715	0.933181	0.373272	1	0	0	0	0	0	0	0	0	
0.583	0.259259	-1.35769	0.0967742	3.85715	0.933181	0.373272	1	0	0	0	0	0	0	0	0	
0.584	0.259259	-1.35769	0.0967742	3.85715	0.933181	0.373272	1	0	0	0	0	0	0	0	0	
0.585	0.259259	-1.35769	0.0967742	3.85715	0.933181	0.373272	1	0	0	0	0	0	0	0	0	
0.586	0.259259	-1.35769	0.0967742	3.85715	0.933181	0.373272	1	0	0	0	0	0	0	0	0	
0.587	0.259259	-1.35769	0.0967742	3.85715	0.933181	0.373272	1	0	0	0	0	0	0	0	0	
0.588	0.259259	-1.35769	0.0967742	3.85715	0.933181	0.373272	1	0	0	0	0	0	0	0	0	
0.589	0.259259	-1.35769	0.0967742	3.85715	0.933181	0.373272	1	0	0	0	0	0	0	0	0	
0.59	0.259259	-1.35769	0.0967742	3.85715	0.933181	0.373272	1	0	0	0	0	0	0	0	0	
0.591	0.259259	-1.35769	0.0967742	3.85715	0.933181	0.373272	1	0	0	0	0	0	0	0	0	
0.592	0.259259	-1.35769	0.0967742	3.85715	0.933181	0.373272	1	0	0	0	0	0	0	0	0	
0.593	0.259259	-1.35769	0.0967742	3.85715	0.933181	0.373272	1	0	0	0	0	0	0	0	0	
0.594	0.259259	-1.35769	0.0967742	3.85715	0.933181	0.373272	1	0	0	0	0	0	0	0	0	
0.595	0.259259	-1.35769	0.0967742	3.85715	0.933181	0.373272	1	0	0	0	0	0	0	0	0	
0.596	0.259259	-1.35769	0.0967742	3.85715	0.933181	0.373272	1	0	0	0	0	0	0	0	0	
0.597	0.259259	-1.35769	0.0967742	3.85715	0.933181	0.373272	1	0	0	0	0	0	0	0	0	
0.598	0.259259	-1.35769	0.0967742	3.85715	0.933181	0.373272	1	0	0	0	0	0	0	0	0	
0.599	0.259259	-1.35769	0.0967742	3.85715	0.933181	0.373272	1	0	0	0	0	0	0	0	0	
0.6	0.259259	-1.35769	0.0967742	3.85715	0.933181	0.373272	1	0	0	0	0	0	0	0	0	
0.601	0.259259	-1.35769	0.0967742	3.85715	0.933181	0.373272	1	0	0	0	0	0	0	0	0	
0.602	0.259259	-1.35769	0.0967742	3.85715	0.933181	0.373272	1	0	0	0	0	0	0	0	0	
0.603	0.259259	-1.35769	0.0967742	3.85715	0.933181	0.373272	1	0	0	0	0	0	0	0	0	
0.604	0.259259	-1.35769	0.0967742	3.85715	0.933181	0.373272	1	0	0	0	0	0	0	0	0	
0.605	0.259259	-1.35769	0.0967742	3.85715	0.933181	0.373272	1	0	0	0	0	0	0	0	0	
0.606	0.259259	-1.35769	0.0967742	3.85715	0.933181	0.373272	1	0	0	0	0	0	0	0	0	
0.607	0.259259	-1.35769	0.0967742	3.85715	0.933181	0.373272	1	0	0	0	0	0	0	0	0	
0.608	0.259259	-1.35769	0.0967742	3.85715	0.933181	0.373272	1	0	0	0	0	0	0	0	0	
0.609	0.259259	-1.35769	0.0967742	3.85715	0.933181	0.373272	1	0	0	0	0	0	0	0	0	
0.61	0.259259	-1.35769	0.0967742	3.85715	0.933181	0.373272	1	0	0	0	0	0	0	0	0	
0.611	0.259259	-1.35769	0.0967742	3.85715	0.933181	0.373272	1	0	0	0	0	0	0	0	0	
0.612	0.259259	-1.35769	0.0967742	3.85715	0.933181	0.373272	1	0	0	0	0	0	0	0	0	
0.613	0.259259	-1.35769	0.0967742	3.85715	0.933181	0.373272	1	0	0	0	0	0	0	0	0	
0.614	0.259259	-1.35769	0.0967742	3.85715	0.933181	0.373272	1	0	0	0	0	0	0	0	0	
0.615	0.259259	-1.35769	0.0967742	3.85715	0.933181	0.373272	1	0	0	0	0	0	0	0	0	
0.616	0.259259	-1.35769	0.0967742	3.85715	0.933181	0.373272	1	0	0	0	0	0	0	0	0	
0.617	0.259259	-1.35769	0.0967742	3.85715	0.933181	0.373272	1	0	0	0	0	0	0	0	0	
0.618	0.259259	-1.35769	0.0967742	3.85715	0.933181	0.373272	1	0	0	0	0	0	0	0	0	
0.619	0.259259	-1.35769	0.0967742	3.85715	0.933181	0.373272	1	0	0	0	0	0	0	0	0	
0.62	0.259259	-1.35769	0.0967742	3.85715	0.933181	0.373272	1	0	0	0	0	0	0	0	0	
0.621	0.259259	-1.35769	0.0967742	3.85715	0.933181	0.373272	1	0	0	0	0	0	0	0	0	
0.622	0.259259	-1.35769	0.0967742	3.85715	0.933181	0.373272	1	0	0	0	0	0	0	0	0	
0.623	0.259259	-1.35769	0.0967742	3.85715	0.933181	0.373272	1	0	0	0	0	0	0	0	0	
0.624	0.259259	-1.35769	0.0967742	3.85715	0.933181	0.373272	1	0	0	0	0	0	0	0	0	
0.625	0.259259	-1.35769	0.0967742	3.85715	0.933181	0.373272	1	0	0	0	0	0	0	0	0	
0.626	0.259259	-1.35769	0.0967742	3.85715	0.933181	0.373272	1	0	0	0	0	0	0	0	0	
0.627	0.259259	-1.35769	0.0967742	3.85715	0.933181	0.373272	1	0	0	0	0	0	0	0	0	
0.628	0.259259	-1.35769	0.0967742	3.85715	0.933181	0.373272	1	0	0	0	0	0	0	0	0	
0.629	0.259259	-1.35769	0.0967742	3.85715	0.933181	0.373272	1	0	0	0	0	0	0	0	0	
0.63	0.259259	-1.35769	0.0967742	3.85715	0.933181	0.373272	1	0	0	0	0	0	0	0	0	
0.631	0.259259	-1.35769	0.0967742	3.85715	0.933181	0.373272	1	0	0	0	0	0	0	0	0	
0.632	0.259259	-1.35769	0.0967742	3.85715	0.933181	0.373272	1	0	0	0	0	0	0	0	0	
0.633	0.259259	-1.35769	0.0967742	3.85715	0.933181	0.373272	1	0	0	0	0	0	0	0	0	
0.634	0.259259	-1.35769	0.0967742	3.85715	0.933181	0.373272	1	0	0	0	0	0	0	0	0	
0.635	0.259259	-1.35769	0.0967742	3.85715	0.933181	0.373272	1	0	0	0	0	0	0	0	0	
0.636	0.259259	-1.35769	0.0967742	3.85715	0.933181	0.373272	1	0	0	0	0	0	0	0	0	
0.637	0.259259	-1.35769	0.0967742	3.85715	0.933181	0.373272	1	0	0	0	0	0	0	0	0	
0.638	0.259259	-1.35769	0.0967742	3.85715	0.933181	0.373272	1	0	0	0	0	0	0	0	0	
0.639	0.259259	-1.35769	0.0967742	3.85715	0.933181	0.373272	1	0	0	0	0	0	0	0	0	
0.64	0.259259	-1.35769	0.0967742	3.85715	0.933181	0.373272	1	0	0	0	0	0	0	0	0	
0.641	0.259259	-1.35769	0.0967742	3.85715	0.933181	0.373272	1	0	0	0	0	0	0	0	0	
0.642	0.259259	-1.35769	0.0967742	3.85715	0.933181	0.373272	1	0	0	0	0	0	0	0	0	
0.643	0.259259	-1.35769	0.0967742	3.85715	0.933181	0.373272	1	0	0	0	0	0	0	0	0	
0.644	0.259259	-1.35769	0.0967742	3.85715	0.933181	0.373272	1	0	0	0	0	0	0	0	0	
0.645	0.259259	-1.35769	0.0967742	3.85715	0.933181	0.373272	1	0	0	0	0	0	0	0	0	
0.646	0.259259	-1.35769	0.0967742	3.85715	0.933181	0.373272	1	0	0	0	0	0	0	0	0	
0.647	0.259259	-1.35769	0.0967742	3.85715	0.933181	0.373272	1	0	0	0	0	0	0	0	0	
0.648	0.259259	-1.35769	0.0967742	3.85715	0.933181	0.373272	1	0	0	0	0	0	0	0	0	
0.649	0.259259	-1.35769	0.0967742	3.85715	0.933181	0.373272	1	0	0	0	0	0	0	0	0	
0.65	0.259259	-1.35769	0.0967742	3.85715	0.933181	0.373272	1	0	0	0	0	0	0	0	0	
0.651	0.259259	-1.35769	0.0967742	3.85715	0.933181	0.373272	1	0	0	0	0	0	0	0	0	
0.652	0.259259	-1.35769	0.0967742	3.85715	0.933181	0.373272	1	0	0	0	0	0	0	0	0	
0.653	0.259259	-1.35769	0.0967742	3.85715	0.933181	0.373272	1	0	0	0	0	0	0	0	0	
0.654	0.259259	-1.35769	0.0967742	3.85715	0.933181	0.373272	1	0	0	0	0	0	0	0	0	
0.655	0.259259	-1.35769	0.0967742	3.85715	0.933181	0.373272	1	0	0	0	0	0	0	0	0	
0.656	0.259259	-1.35769	0.0967742	3.85715	0.933181	0.373272	1	0	0	0	0	0	0	0	0	
0.657	0.259259	-1.35769	0.0967742	3.85715	0.933181	0.373272	1	0	0	0	0	0	0	0	0	
0.658	0.259259	-1.35769	0.0967742	3.85715	0.933181	0.373272	1	0	0	0	0	0	0	0	0	
0.659	0.259259	-1.35769	0.0967742	3.85715	0.933181	0.373272	1	0	0	0	0	0	0	0	0	
0.66	0.259259	-1.35769	0.0967742	3.85715	0.933181	0.373272	1	0	0	0	0	0	0	0	0	
0.661	0.259259	-1.35769	0.0967742	3.85715	0.933181	0.373272	1	0	0	0	0	0	0	0	0	
0.662	0.259259	-1.35769	0.0967742	3.85715	0.933181	0.373272	1	0	0	0	0	0	0	0	0	
0.663	0.259259	-1.35769	0.0967742	3.85715	0.933181	0.373272	1	0	0	0	0	0	0	0	0	
0.664	0.259259	-1.35769	0.0967742	3.85715	0.933181	0.373272	1	0	0	0	0	0	0	0	0	
0.665	0.259259	-1.35769	0.0967742	3.85715	0.933181	0.373272	1	0	0	0	0	0	0	0	0	
0.666	0.259259	-1.35769	0.0967742	3.85715	0.933181	0.373272	1	0	0	0	0	0	0	0	0	
0.667	0.259259	-1.35769	0.0967742	3.85715	0.933181	0.373272	1	0	0	0	0	0	0	0	0	
0.668	0.259259	-1.35769	0.0967742	3.85715	0.933181	0.373272	1	0	0	0	0	0	0	0	0	
0.669	0.259259	-1.35769	0.0967742	3.85715	0.933181	0.373272	1	0	0	0	0	0	0	0	0	
0.67	0.259259	-1.35769	0.0967742	3.85715	0.933181	0.373272	1	0	0	0	0	0	0	0	0	
0.671	0.259259	-1.35769	0.0967742	3.85715	0.933181	0.373272	1	0	0	0	0	0	0	0	0	
0.672	0.259259	-1.35769	0.0967742	3.85715	0.933181	0.373272	1	0	0	0	0	0	0	0	0	
0.673	0.259259	-1.35769	0.0967742	3.85715	0.933181	0.373272	1	0	0	0	0	0	0	0	0	
0.674	0.259259	-1.35769	0.0967742	3.85715	0.933181	0.373272	1	0	0	0	0	0	0	0	0	
0.675	0.259259	-1.35769	0.0967742	3.85715	0.933181	0.373272	1	0	0	0	0	0	0	0	0	
0.676	0.259259	-1.35769	0.0967742	3.85715	0.933181	0.373272	1	0	0	0	0	0	0	0	0	
0.677	0.259259	-1.35769	0.0967742	3.85715	0.933181	0.373272	1	0	0	0	0	0	0	0	0	
0.678	0.259259	-1.35769	0.0967742	3.85715	0.933181	0.373272	1	0	0	0	0	0	0	0	0	
0.679	0.259259	-1.35769	0.0967742	3.85715	0.933181	0.373272	1	0	0	0	0	0	0	0	0	
0.68	0.259259	-1.35769	0.0967742	3.85715	0.933181	0.373272	1	0	0	0	0	0	0	0	0	
0.681	0.259259	-1.35769	0.0967742	3.85715	0.933181	0.373272	1	0	0	0	0	0	0	0	0	
0.682	0.259259	-1.35769	0.0967742	3.85715	0.933181	0.373272	1	0	0	0	0	0	0	0	0	
0.683	0.259259	-1.35769	0.0967742	3.85715	0.933181	0.373272	1	0	0	0	0	0	0	0	0	
0.684	0.259259	-1.35769	0.0967742	3.85715	0.933181	0.373272	1	0	0	0	0	0	0	0	0	
0.685	0.259259	-1.35769	0.0967742	3.85715	0.933181	0.373272	1	0	0	0	0	0	0	0	0	
0.686	0.259259	-1.35769	0.0967742	3.85715	0.933181	0.373272	1	0	0	0	0	0	0	0	0	
0.687	0.259259	-1.35769	0.0967742	3.85715	0.933181	0.373272	1	0	0	0	0	0	0	0	0	
0.688	0.259259	-1.35769	0.0967742	3.85715	0.933181	0.373272	1	0	0	0	0	0	0	0	0	
0.689	0.259259	-1.35769	0.0967742	3.85715	0.933181	0.373272	1	0	0	0	0	0	0	0	0	
0.69	0.259259	-1.35769	0.0967742	3.85715	0.933181	0.373272	1	0	0	0	0	0	0	0	0	
0.691	0.259259	-1.35769	0.0967742	3.85715	0.933181	0.373272	1	0	0	0	0	0	0	0	0	
0.692	0.259259	-1.35769	0.0967742	3.85715	0.933181	0.373272	1	0	0	0	0	0	0	0	0	
0.693	0.259259	-1.35769	0.0967742	3.85715	0.933181	0.373272	1	0	0	0	0	0	0	0	0	
0.694	0.259259	-1.35769	0.0967742	3.85715	0.933181	0.373272	1	0	0	0	0	0	0	0	0	
0.695	0.259259	-1.35769	0.0967742	3.85715	0.933181	0.373272	1	0	0	0	0	0	0	0	0	
0.696	0.259259	-1.35769	0.0967742	3.85715	0.933181	0.373272	1	0	0	0	0	0	0	0	0	
0.697	0.259259	-1.35769	0.0967742	3.85715	0.933181	0.373272	1	0	0	0	0	0	0	0	0	
0.698	0.259259	-1.35769	0.0967742	3.85715	0.933181	0.373272	1	0	0	0	0	0	0	0	0	
0.699	0.259259	-1.35769	0.0967742	3.85715	0.933181	0.373272	1	0	0	0	0	0	0	0	0	
0.7	0.259259	-1.35769	0.0967742	3.85715	0.933181	0.373272	1	0	0	0	0	0	0	0	0	
0.701	0.259259	-1.35769	0.0967742	3.85715	0.933181	0.373272	1	0	0	0	0	0	0	0	0	
0.702	0.259259	-1.35769	0.0967742	3.85715	0.933181	0.373272	1	0	0	0	0	0	0	0	0	
0.703	0.259259	-1.35769	0.0967742	3.85715	0.933181	0.373272	1	0	0	0	0	0	0	0	0	
0.704	0.259259	-1.35769	0.0967742	3.85715	0.933181	0.373272	1	0	0	0	0	0	0	0	0	
0.705	0.259259	-1.35769	0.0967742	3.85715	0.933181	0.373272	1	0	0	0	0	0	0	0	0	
0.706	0.259259	-1.35769	0.0967742	3.85715	0.933181	0.373272	1	0	0	0	0	0	0	0	0	
0.707	0.259259	-1.35769	0.0967742	3.85715	0.933181	0.373272	1	0	0	0	0	0	0	0	0	
0.708	0.259259	-1.35769	0.0967742	3.85715	0.933181	0.373272	1	0	0	0	0	0	0	0	0	
0.709	0.259259	-1.35769	0.0967742	3.85715	0.933181	0.373272	1	0	0	0	0	0	0	0	0	
0.71	0.259259	-1.35769	0.0967742	3.85715	0.933181	0.373272	1	0	0	0	0	0	0	0	0	
0.711	0.259259	-1.35769	0.0967742	3.85715	0.933181	0.373272	1	0	0	0	0	0	0	0	0	
0.712	0.259259	-1.35769	0.0967742	3.85715	0.933181	0.373272	1	0	0	0	0	0	0	0	0	
0.713	0.259259	-1.35769	0.0967742	3.85715	0.933181	0.373272	1	0	0	0	0	0	0	0	0	
0.714	0.259259	-1.35769	0.0967742	3.85715	0.933181	0.373272	1	0	0	0	0	0	0	0	0	
0.715	0.259259	-1.35769	0.0967742	3.85715	0.933181	0.373272	1	0	0	0	0	0	0	0	0	
0.716	0.259259	-1.35769	0.0967742	3.85715	0.933181	0.373272	1	0	0	0	0	0	0	0	0	
0.717	0.259259	-1.35769	0.0967742	3.85715	0.933181	0.373272	1	0	0	0	0	0	0	0	0	
0.718	0.259259	-1.35769	0.0967742	3.85715	0.933181	0.373272	1	0	0	0	0	0	0	0	0	
0.719	0.259259	-1.35769	0.0967742	3.85715	0.933181	0.373272	1	0	0	0	0	0	0	0	0	
0.72	0.259259	-1.35769	0.0967742	3.85715	0.933181	0.373272	1	0	0	0	0	0	0	0	0	
0.721	0.259259	-1.35769	0.0967742	3.85715	0.933181	0.373272	1	0	0	0	0	0	0	0	0	
0.722	0.259259	-1.35769	0.0967742	3.85715	0.933181	0.373272	1	0	0	0	0	0	0	0	0	
0.723	0.259259	-1.35769	0.0967742	3.85715	0.933181	0.373272	1	0	0	0	0	0	0	0	0	
0.724	0.259259	-1.35769	0.0967742	3.85715	0.933181	0.373272	1	0	0	0	0	0	0	0	0	
0.725	0.259259	-1.35769	0.0967742	3.85715	0.933181	0.373272	1	0	0	0	0	0	0	0	0	
0.726	0.259259	-1.35769	0.0967742	3.85715	0.933181	0.373272	1	0	0	0	0	0	0	0	0	
0.727	0.259259	-1.35769	0.0967742	3.85715	0.933181	0.373272	1	0	0	0	0	0	0	0	0	
0.728	0.259259	-1.35769	0.0967742	3.85715	0.933181	0.373272	1	0	0	0	0	0	0	0	0	
0.729	0.259259	-1.35769	0.0967742	3.85715	0.933181	0.373272	1	0	0	0	0	0	0	0	0	
0.73	0.259259	-1.35769	0.0967742	3.85715	0.933181	0.373272	1	0	0	0	0	0	0	0	0	
0.731	0.259259	-1.35769	0.0967742	3.85715	0.933181	0.373272	1	0	0	0	0	0	0	0	0	
0.732	0.259259	-1.35769	0.0967742	3.85715	0.933181	0.373272	1	0	0	0	0	0	0	0	0	
0.733	0.259259	-1.35769	0.0967742	3.85715	0.933181	0.373272	1	0	0	0	0	0	0	0	0	
0.734	0.259259	-1.35769	0.0967742	3.85715	0.933181	0.373272	1	0	0	0	0	0	0	0	0	
0.735	0.259259	-1.35769	0.0967742	3.85715	0.933181	0.373272	1	0	0	0	0	0	0	0	0	
0.736	0.259259	-1.35769	0.0967742	3.85715	0.933181	0.373272	1	0	0	0	0	0	0	0	0	
0.737	0.259259	-1.35769	0.0967742	3.85715	0.933181	0.373272	1	0	0	0	0	0	0	0	0	
0.738	0.259259	-1.35769	0.0967742	3.85715	0.933181	0.373272	1	0	0	0	0	0	0	0	0	
0.739	0.259259	-1.35769	0.0967742	3.85715	0.933181	0.373272	1	0	0	0	0	0	0	0	0	
0.74	0.259259	-1.35769	0.0967742	3.85715	0.933181	0.373272	1	0	0	0	0	0	0	0	0	
0.741	0.259259	-1.35769	0.0967742	3.85715	0.933181	0.373272	1	0	0	0	0	0	0	0	0	
0.742	0.259259	-1.35769	0.0967742	3.85715	0.933181	0.373272	1	0	0	0	0	0	0	0	0	
0.743	0.259259	-1.35769	0.0967742	3.85715	0.933181	0.373272	1	0	0	0	0	0	0	0	0	
0.744	0.259259	-1.35769	0.0967742	3.85715	0.933181	0.373272	1	0	0	0	0	0	0	0	0	
0.745	0.259259	-1.35769	0.0967742	3.85715	0.933181	0.373272	1	0	0	0	0	0	0	0	0	
0.746	0.259259	-1.35769	0.0967742	3.85715	0.933181	0.373272	1	0	0	0	0	0	0	0	0	
0.747	0.259259	-1.35769	0.0967742	3.85715	0.933181	0.373272	1	0	0	0	0	0	0	0	0	
0.748	0.259259	-1.35769	0.0967742	3.85715	0.933181	0.373272	1	0	0	0	0	0	0	0	0	
0.749	0.259259	-1.35769	0.0967742	3.85715	0.933181	0.373272	1	0	0	0	0	0	0	0	0	
0.75	0.259259	-1.35769	0.0967742	3.85715	0.933181	0.373272	1	0	0	0	0	0	0	0	0	
0.751	0.259259	-1.35769	0.0967742	3.85715	0.933181	0.373272	1	0	0	0	0	0	0	0	0	
0.752	0.259259	-1.35769	0.0967742	3.85715	0.933181	0.373272	1	0	0	0	0	0	0	0	0	
0.753	0.259259	-1.35769	0.0967742	3.85715	0.933181	0.373272	1	0	0	0	0	0	0	0	0	
0.754	0.259259	-1.35769	0.0967742	3.85715	0.933181	0.373272	1	0	0	0	0	0	0	0	0	
0.755	0.259259	-1.35769	0.0967742	3.85715	0.933181	0.373272	1	0	0	0	0	0	0	0	0	
0.756	0.259259	-1.35769	0.0967742	3.85715	0.933181	0.373272	1	0	0	0	0	0	0	0	0	
0.757	0.259259	-1.35769	0.0967742	3.85715	0.933181	0.373272	1	0	0	0	0	0	0	0	0	
0.758	0.259259	-1.35769	0.0967742	3.85715	0.933181	0.373272	1	0	0	0	0	0	0	0	0	
0.759	0.259259	-1.35769	0.0967742	3.85715	0.933181	0.373272	1	0	0	0	0	0	0	0	0	
0.76	0.259259	-1.35769	0.0967742	3.85715	0.933181	0.373272	1	0	0	0	0	0	0	0	0	
0.761	0.259259	-1.35769	0.0967742	3.85715	0.933181	0.373272	1	0	0	0	0	0	0	0	0	
0.762	0.259259	-1.35769	0.0967742	3.85715	0.933181	0.373272	1	0	0	0	0	0	0	0	0	
0.763	0.259259	-1.35769	0.0967742	3.85715	0.933181	0.373272	1	0	0	0	0	0	0	0	0	
0.764	0.259259	-1.35769	0.0967742	3.85715	0.933181	0.373272	1	0	0	0	0	0	0	0	0	
0.765	0.259259	-1.35769	0.0967742	3.85715	0.933181	0.373272	1	0	0	0	0	0	0	0	0	
0.766	0.259259	-1.35769	0.0967742	3.85715	0.933181	0.373272	1	0	0	0	0	0	0	0	0	
0.767	0.259259	-1.35769	0.0967742	3.85715	0.933181	0.373272	1	0	0	0	0	0	0	0	0	
0.768	0.259259	-1.35769	0.0967742	3.85715	0.933181	0.373272	1	0	0	0	0	0	0	0	0	
0.769	0.259259	-1.35769	0.0967742	3.85715	0.933181	0.373272	1	0	0	0	0	0	0	0	0	
0.77	0.259259	-1.35769	0.0967742	3.85715	0.933181	0.373272	1	0	0	0	0	0	0	0	0	
0.771	0.259259	-1.35769	0.0967742	3.85715	0.933181	0.373272	1	0	0	0	0	0	0	0	0	
0.772	0.259259	-1.35769	0.0967742	3.85715	0.933181	0.373272	1	0	0	0	0	0	0	0	0	
0.773	0.259259	-1.35769	0.0967742	3.85715	0.933181	0.373272	1	0	0	0	0	0	0	0	0	
0.774	0.259259	-1.35769	0.0967742	3.85715	0.933181	0.373272	1	0	0	0	0	0	0	0	0	
0.775	0.259259	-1.35769	0.0967742	3.85715	0.933181	0.373272	1	0	0	0	0	0	0	0	0	
0.776	0.259259	-1.35769	0.0967742	3.85715	0.933181	0.373272	1	0	0	0	0	0	0	0	0	
0.777	0.259259	-1.35769	0.0967742	3.85715	0.933181	0.373272	1	0	0	0	0	0	0	0	0	
0.778	0.259259	-1.35769	0.0967742	3.85715	0.933181	0.373272	1	0	0	0	0	0	0	0	0	
0.779	0.259259	-1.35769	0.0967742	3.85715	0.933181	0.373272	1	0	0	0	0	0	0	0	0	
0.78	0.259259	-1.35769	0.0967742	3.85715	0.933181	0.373272	1	0	0	0	0	0	0	0	0	
0.781	0.259259	-1.35769	0.0967742	3.85715	0.933181	0.373272	1	0	0	0	0	0	0	0	0	
0.782	0.259259	-1.35769	0.0967742	3.85715	0.933181	0.373272	1	0	0	0	0	0	0	0	0	
0.783	0.259259	-1.35769	0.0967742	3.85715	0.933181	0.373272	1	0	0	0	0	0	0	0	0	
0.784	0.259259	-1.35769	0.0967742	3.85715	0.933181	0.373272	1	0	0	0	0	0	0	0	0	
0.785	0.259259	-1.35769	0.0967742	3.85715	0.933181	0.373272	1	0	0	0	0	0	0	0	0	
0.786	0.259259	-1.35769	0.0967742	3.85715	0.933181	0.373272	1	0	0	0	0	0	0	0	0	
0.787	0.259259	-1.35769	0.0967742	3.85715	0.933181	0.373272	1	0	0	0	0	0	0	0	0	
0.788	0.259259	-1.35769	0.0967742	3.85715	0.933181	0.373272	1	0	0	0	0	0	0	0	0	
0.789	0.259259	-1.35769	0.0967742	3.85715	0.933181	0.373272	1	0	0	0	0	0	0	0	0	
0.79	0.259259	-1.35769	0.0967742	3.85715	0.933181	0.373272	1	0	0	0	0	0	0	0	0	
0.791	0.259259	-1.35769	0.0967742	3.85715	0.933181	0.373272	1	0	0	0	0	0	0	0	0	
0.792	0.259259	-1.35769	0.0967742	3.85715	0.933181	0.373272	1	0	0	0	0	0	0	0	0	
0.793	0.259259	-1.35769	0.0967742	3.85715	0.933181	0.373272	1	0	0	0	0	0	0	0	0	
0.794	0.259259	-1.35769	0.0967742	3.85715	0.933181	0.373272	1	0	0	0	0	0	0	0	0	
0.795	0.259259	-1.35769	0.0967742	3.85715	0.933181	0.373272	1	0	0	0	0	0	0	0	0	
0.796	0.259259	-1.35769	0.0967742	3.85715	0.933181	0.373272	1	0	0	0	0	0	0	0	0	
0.797	0.259259	-1.35769	0.0967742	3.85715	0.933181	0.373272	1	0	0	0	0	0	0	0	0	
0.798	0.259259	-1.35769	0.0967742	3.85715	0.933181	0.373272	1	0	0	0	0	0	0	0	0	
0.799	0.259259	-1.35769	0.0967742	3.85715	0.933181	0.373272	1	0	0	0	0	0	0	0	0	
0.8	0.259259	-1.35769	0.0967742	3.85715	0.933181	0.373272	1	0	0	0	0	0	0	0	0	
0.801	0.259259	-1.35769	0.0967742	3.85715	0.933181	0.373272	1	0	0	0	0	0	0	0	0	
0.802	0.259259	-1.35769	0.0967742	3.85715	0.933181	0.373272	1	0	0	0	0	0	0	0	0	
0.803	0.259259	-1.35769	0.0967742	3.85715	0.933181	0.373272	1	0	0	0	0	0	0	0	0	
0.804	0.259259	-1.35769	0.0967742	3.85715	0.933181	0.373272	1	0	0	0	0	0	0	0	0	
0.805	0.259259	-1.35769	0.0967742	3.85715	0.933181	0.373272	1	0	0	0	0	0	0	0	0	
0.806	0.259259	-1.35769	0.0967742	3.85715	0.933181	0.373272	1	0	0	0	0	0	0	0	0	
0.807	0.259259	-1.35769	0.0967742	3.85715	0.933181	0.373272	1	0	0	0	0	0	0	0	0	
0.808	0.259259	-1.35769	0.0967742	3.85715	0.933181	0.373272	1	0	0	0	0	0	0	0	0	
0.809	0.259259	-1.35769	0.0967742	3.85715	0.933181	0.373272	1	0	0	0	0	0	0	0	0	
0.81	0.259259	-1.35769	0.0967742	3.85715	0.933181	0.373272	1	0	0	0	0	0	0	0	0	
0.811	0.259259	-1.35769	0.0967742	3.85715	0.933181	0.373272	1	0	0	0	0	0	0	0	0	
0.812	0.259259	-1.35769	0.0967742	3.85715	0.933181	0.373272	1	0	0	0	0	0	0	0	0	
0.813	0.259259	-1.35769	0.0967742	3.85715	0.933181	0.373272	1	0	0	0	0	0	0	0	0	
0.814	0.259259	-1.35769	0.0967742	3.85715	0.933181	0.373272	1	0	0	0	0	0	0	0	0	
0.815	0.259259	-1.35769	0.0967742	3.85715	0.933181	0.373272	1	0	0	0	0	0	0	0	0	
0.816	0.259259	-1.35769	0.0967742	3.85715	0.933181	0.373272	1	0	0	0	0	0	0	0	0	
0.817	0.259259	-1.35769	0.0967742	3.85715	0.933181	0.373272	1	0	0	0	0	0	0	0	0	
0.818	0.259259	-1.35769	0.0967742	3.85715	0.933181	0.373272	1	0	0	0	0	0	0	0	0	
0.819	0.259259	-1.35769	0.0967742	3.85715	0.933181	0.373272	1	0	0	0	0	0	0	0	0	
0.82	0.259259	-1.35769	0.0967742	3.85715	0.933181	0.373272	1	0	0	0	0	0	0	0	0	
0.821	0.259259	-1.35769	0.0967742	3.85715	0.933181	0.373272	1	0	0	0	0	0	0	0	0	
0.822	0.259259	-1.35769	0.0967742	3.85715	0.933181	0.373272	1	0	0	0	0	0	0	0	0	
0.823	0.259259	-1.35769	0.0967742	3.85715	0.933181	0.373272	1	0	0	0	0	0	0	0	0	
0.824	0.259259	-1.35769	0.0967742	3.85715	0.933181	0.373272	1	0	0	0	0	0	0	0	0	
0.825	0.259259	-1.35769	0.0967742	3.85715	0.933181	0.373272	1	0	0	0	0	0	0	0	0	
0.826	0.259259	-1.35769	0.0967742	3.85715	0.933181	0.373272	1	0	0	0	0	0	0	0	0	
0.827	0.259259	-1.35769	0.0967742	3.85715	0.933181	0.373272	1	0	0	0	0	0	0	0	0	
0.828	0.259259	-1.35769	0.0967742	3.85715	0.933181	0.373272	1	0	0	0	0	0	0	0	0	
0.829	0.259259	-1.35769	0.0967742	3.85715	0.933181	0.373272	1	0	0	0	0	0	0	0	0	
0.83	0.259259	-1.35769	0.0967742	3.85715	0.933181	0.373272	1	0	0	0	0	0	0	0	0	
0.831	0.259259	-1.35769	0.0967742	3.85715	0.933181	0.373272	1	0	0	0	0	0	0	0	0	
0.832	0.259259	-1.35769	0.0967742	3.85715	0.933181	0.373272	1	0	0	0	0	0	0	0	0	
0.833	0.259259	-1.35769	0.0967742	3.85715	0.933181	0.373272	1	0	0	0	0	0	0	0	0	
0.834	0.259259	-1.35769	0.0967742	3.85715	0.933181	0.373272	1	0	0	0	0	0	0	0	0	
0.835	0.259259	-1.35769	0.0967742	3.85715	0.933181	0.373272	1	0	0	0	0	0	0	0	0	
0.836	0.259259	-1.35769	0.0967742	3.85715	0.933181	0.373272	1	0	0	0	0	0	0	0	0	
0.837	0.259259	-1.35769	0.0967742	3.85715	0.933181	0.373272	1	0	0	0	0	0	0	0	0	
0.838	0.259259	-1.35769	0.0967742	3.85715	0.933181	0.373272	1	0	0	0	0	0	0	0	0	
0.839	0.259259	-1.35769	0.0967742	3.85715	0.933181	0.373272	1	0	0	0	0	0	0	0	0	
0.84	0.259259	-1.35769	0.0967742	3.85715	0.933181	0.373272	1	0	0	0	0	0	0	0	0	
0.841	0.259259	-1.35769	0.0967742	3.85715	0.933181	0.373272	1	0	0	0	0	0	0	0	0	
0.842	0.259259	-1.35769	0.0967742	3.85715	0.933181	0.373272	1	0	0	0	0	0	0	0	0	
0.843	0.259259	-1.35769	0.0967742	3.85715	0.933181	0.373272	1	0	0	0	0	0	0	0	0	
0.844	0.259259	-1.35769	0.0967742	3.85715	0.933181	0.373272	1	0	0	0	0	0	0	0	0	
0.845	0.259259	-1.35769	0.0967742	3.85715	0.933181	0.373272	1	0	0	0	0	0	0	0	0	
0.846	0.259259	-1.35769	0.0967742	3.85715	0.933181	0.373272	1	0	0	0	0	0	0	0	0	
0.847	0.259259	-1.35769	0.0967742	3.85715	0.933181	0.373272	1	0	0	0	0	0	0	0	0	
0.848	0.259259	-1.35769	0.0967742	3.85715	0.933181	0.373272	1	0	0	0	0	0	0	0	0	
0.849	0.259259	-1.35769	0.0967742	3.85715	0.933181	0.373272	1	0	0	0	0	0	0	0	0	
0.85	0.259259	-1.35769	0.0967742	3.85715	0.933181	0.373272	1	0	0	0	0	0	0	0	0	
0.851	0.259259	-1.35769	0.0967742	3.85715	0.933181	0.373272	1	0	0	0	0	0	0	0	0	
0.852	0.259259	-1.35769	0.0967742	3.85715	0.933181	0.373272	1	0	0	0	0	0	0	0	0	
0.853	0.259259	-1.35769	0.0967742	3.85715	0.933181	0.373272	1	0	0	0	0	0	0	0	0	
0.854	0.259259	-1.35769	0.0967742	3.85715	0.933181	0.373272	1	0	0	0	0	0	0	0	0	
0.855	0.259259	-1.35769	0.0967742	3.85715	0.933181	0.373272	1	0	0	0	0	0	0	0	0	
0.856	0.259259	-1.35769	0.0967742	3.85715	0.933181	0.373272	1	0	0	0	0	0	0	0	0	
0.857	0.259259	-1.35769	0.0967742	3.85715	0.933181	0.373272	1	0	0	0	0	0	0	0	0	
0.858	0.259259	-1.35769	0.0967742	3.85715	0.933181	0.373272	1	0	0	0	0	0	0	0	0	
0.859	0.259259	-1.35769	0.0967742	3.85715	0.933181	0.373272	1	0	0	0	0	0	0	0	0	
0.86	0.259259	-1.35769	0.0967742	3.85715	0.933181	0.373272	1	0	0	0	0	0	0	0	0	
0.861	0.259259	-1.35769	0.0967742	3.85715	0.933181	0.373272	1	0	0	0	0	0	0	0	0	
0.862	0.259259	-1.35769	0.0967742	3.85715	0.933181	0.373272	1	0	0	0	0	0	0	0	0	
0.863	0.259259	-1.35769	0.0967742	3.85715	0.933181	0.373272	1	0	0	0	0	0	0	0	0	
0.864	0.259259	-1.35769	0.0967742	3.85715	0.933181	0.373272	1	0	0	0	0	0	0	0	0	
0.865	0.259259	-1.35769	0.0967742	3.85715	0.933181	0.373272	1	0	0	0	0	0	0	0	0	
0.866	0.259259	-1.35769	0.0967742	3.85715	0.933181	0.373272	1	0	0	0	0	0	0	0	0	
0.867	0.259259	-1.35769	0.0967742	3.85715	0.933181	0.373272	1	0	0	0	0	0	0	0	0	
0.868	0.259259	-1.35769	0.0967742	3.85715	0.933181	0.373272	1	0	0	0	0	0	0	0	0	
0.869	0.259259	-1.35769	0.0967742	3.85715	0.933181	0.373272	1	0	0	0	0	0	0	0	0	
0.87	0.259259	-1.35769	0.0967742	3.85715	0.933181	0.373272	1	0	0	0	0	0	0	0	0	
0.871	0.259259	-1.35769	0.0967742	3.85715	0.933181	0.373272	1	0	0	0	0	0	0	0	0	
0.872	0.259259	-1.35769	0.0967742	3.85715	0.933181	0.373272	1	0	0	0	0	0	0	0	0	
0.873	0.259259	-1.35769	0.0967742	3.85715	0.933181	0.373272	1	0	0	0	0	0	0	0	0	
0.874	0.259259	-1.35769	0.0967742	3.85715	0.933181	0.373272	1	0	0	0	0	0	0	0	0	
0.875	0.259259	-1.35769	0.0967742	3.85715	0.933181	0.373272	1	0	0	0	0	0	0	0	0	
0.876	0.259259	-1.35769	0.0967742	3.85715	0.933181	0.373272	1	0	0	0	0	0	0	0	0	
0.877	0.259259	-1.35769	0.0967742	3.85715	0.933181	0.373272	1	0	0	0	0	0	0	0	0	
0.878	0.259259	-1.35769	0.0967742	3.85715	0.933181	0.373272	1	0	0	0	0	0	0	0	0	
0.879	0.259259	-1.35769	0.0967742	3.85715	0.933181	0.373272	1	0	0	0	0	0	0	0	0	
0.88	0.259259	-1.35769	0.0967742	3.85715	0.933181	0.373272	1	0	0	0	0	0	0	0	0	
0.881	0.259259	-1.35769	0.0967742	3.85715	0.933181	0.373272	1	0	0	0	0	0	0	0	0	
0.882	0.259259	-1.35769	0.0967742	3.85715	0.933181	0.373272	1	0	0	0	0	0	0	0	0	
0.883	0.259259	-1.35769	0.0967742	3.85715	0.933181	0.373272	1	0	0	0	0	0	0	0	0	
0.884	0.259259	-1.35769	0.0967742	3.85715	0.933181	0.373272	1	0	0	0	0	0	0	0	0	
0.885	0.259259	-1.35769	0.0967742	3.85715	0.933181	0.373272	1	0	0	0	0	0	0	0	0	
0.886	0.259259	-1.35769	0.0967742	3.85715	0.933181	0.373272	1	0	0	0	0	0	0	0	0	
0.887	0.259259	-1.35769	0.0967742	3.85715	0.933181	0.373272	1	0	0	0	0	0	0	0	0	
0.888	0.259259	-1.35769	0.0967742	3.85715	0.933181	0.373272	1	0	0	0	0	0	0	0	0	
0.889	0.259259	-1.35769	0.0967742	3.85715	0.933181	0.373272	1	0	0	0	0	0	0	0	0	
0.89	0.259259	-1.35769	0.0967742	3.85715	0.933181	0.373272	1	0	0	0	0	0	0	0	0	
0.891	0.259259	-1.35769	0.0967742	3.85715	0.933181	0.373272	1	0	0	0	0	0	0	0	0	
0.892	0.259259	-1.35769	0.0967742	3.85715	0.933181	0.373272	1	0	0	0	0	0	0	0	0	
0.893	0.259259	-1.35769	0.0967742	3.85715	0.933181	0.373272	1	0	0	0	0	0	0	0	0	
0.894	0.259259	-1.35769	0.0967742	3.85715	0.933181	0.373272	1	0	0	0	0	0	0	0	0	
0.895	0.259259	-1.35769	0.0967742	3.85715	0.933181	0.373272	1	0	0	0	0	0	0	0	0	
0.896	0.259259	-1.35769	0.0967742	3.85715	0.933181	0.373272	1	0	0	0	0	0	0	0	0	
0.897	0.259259	-1.35769	0.0967742	3.85715	0.933181	0.373272	1	0	0	0	0	0	0	0	0	
0.898	0.259259	-1.35769	0.0967742	3.85715	0.933181	0.373272	1	0	0	0	0	0	0	0	0	
0.899	0.259259	-1.35769	0.0967742	3.85715	0.933181	0.373272	1	0	0	0	0	0	0	0	0	
0.9	0.259259	-1.35769	0.0967742	3.85715	0.933181	0.373272	1	0	0	0	0	0	0	0	0	
0.901	0.259259	-1.35769	0.0967742	3.85715	0.933181	0.373272	1	0	0	0	0	0	0	0	0	
0.902	0.259259	-1.35769	0.0967742	3.85715	0.933181	0.373272	1	0	0	0	0	0	0	0	0	
0.903	0.259259	-1.35769	0.0967742	3.85715	0.933181	0.373272	1	0	0	0	0	0	0	0	0	
0.904	0.259259	-1.35769	0.0967742	3.85715	0.933181	0.373272	1	0	0	0	0	0	0	0	0	
0.905	0.259259	-1.35769	0.0967742	3.85715	0.933181	0.373272	1	0	0	0	0	0	0	0	0	
0.906	0.259259	-1.35769	0.0967742	3.85715	0.933181	0.373272	1	0	0	0	0	0	0	0	0	
0.907	0.259259	-1.35769	0.0967742	3.85715	0.933181	0.373272	1	0	0	0	0	0	0	0	0	
0.908	0.259259	-1.35769	0.0967742	3.85715	0.933181	0.373272	1	0	0	0	0	0	0	0	0	
0.909	0.259259	-1.35769	0.0967742	3.85715	0.933181	0.373272	1	0	0	0	0	0	0	0	0	
0.91	0.259259	-1.35769	0.0967742	3.85715	0.933181	0.373272	1	0	0	0	0	0	0	0	0	
0.911	0.259259	-1.35769	0.0967742	3.85715	0.933181	0.373272	1	0	0	0	0	0	0	0	0	
0.912	0.259259	-1.35769	0.0967742	3.85715	0.933181	0.373272	1	0	0	0	0	0	0	0	0	
0.913	0.259259	-1.35769	0.0967742	3.85715	0.933181	0.373272	1	0	0	0	0	0	0	0	0	
0.914	0.259259	-1.35769	0.0967742	3.85715	0.933181	0.373272	1	0	0	0	0	0	0	0	0	
0.915	0.259259	-1.35769	0.0967742	3.85715	0.933181	0.373272	1	0	0	0	0	0	0	0	0	
0.916	0.259259	-1.35769	0.0967742	3.85715	0.933181	0.373272	1	0	0	0	0	0	0	0	0	
0.917	0.259259	-1.35769	0.0967742	3.85715	0.933181	0.373272	1	0	0	0	0	0	0	0	0	
0.918	0.259259	-1.35769	0.0967742	3.85715	0.933181	0.373272	1	0	0	0	0	0	0	0	0	
0.919	0.259259	-1.35769	0.0967742	3.85715	0.933181	0.373272	1	0	0	0	0	0	0	0	0	
0.92	0.259259	-1.35769	0.0967742	3.85715	0.933181	0.373272	1	0	0	0	0	0	0	0	0	
0.921	0.259259	-1.35769	0.0967742	3.85715	0.933181	0.373272	1	0	0	0	0	0	0	0	0	
0.922	0.259259	-1.35769	0.0967742	3.85715	0.933181	0.373272	1	0	0	0	0	0	0	0	0	
0.923	0.259259	-1.35769	0.0967742	3.85715	0.933181	0.373272	1	0	0	0	0	0	0	0	0	
0.924	0.259259	-1.35769	0.0967742	3.85715	0.933181	0.373272	1	0	0	0	0	0	0	0	0	
0.925	0.259259	-1.35769	0.0967742	3.85715	0.933181	0.373272	1	0	0	0	0	0	0	0	0	
0.926	0.259259	-1.35769	0.0967742	3.85715	0.933181	0.373272	1	0	0	0	0	0	0	0	0	
0.927	0.259259	-1.35769	0.0967742	3.85715	0.933181	0.373272	1	0	0	0	0	0	0	0	0	
0.928	0.259259	-1.35769	0.0967742	3.85715	0.933181	0.373272	1	0	0	0	0	0	0	0	0	
0.929	0.259259	-1.35769	0.0967742	3.85715	0.933181	0.373272	1	0	0	0	0	0	0	0	0	
0.93	0.259259	-1.35769	0.0967742	3.85715	0.933181	0.373272	1	0	0	0	0	0	0	0	0	
0.931	0.259259	-1.35769	0.0967742	3.85715	0.933181	0.373272	1	0	0	0	0	0	0	0	0	
0.932	0.259259	-1.35769	0.0967742	3.85715	0.933181	0.373272	1	0	0	0	0	0	0	0	0	
0.933	0.259259	-1.35769	0.0967742	3.85715	0.933181	0.373272	1	0	0	0	0	0	0	0	0	
0.934	0.259259	-1.35769	0.0967742	3.85715	0.933181	0.373272	1	0	0	0	0	0	0	0	0	
0.935	0.259259	-1.35769	0.0967742	3.85715	0.933181	0.373272	1	0	0	0	0	0	0	0	0	
0.936	0.259259	-1.35769	0.0967742	3.85715	0.933181	0.373272	1	0	0	0	0	0	0	0	0	
0.937	0.259259	-1.35769	0.0967742	3.85715	0.933181	0.373272	1	0	0	0	0	0	0	0	0	
0.938	0.259259	-1.35769	0.0967742	3.85715	0.933181	0.373272	1	0	0	0	0	0	0	0	0	
0.939	0.259259	-1.35769	0.0967742	3.85715	0.933181	0.373272	1	0	0	0	0	0	0	0	0	
0.94	0.259259	-1.35769	0.0967742	3.85715	0.933181	0.373272	1	0	0	0	0	0	0	0	0	
0.941	0.259259	-1.35769	0.0967742	3.85715	0.933181	0.373272	1	0	0	0	0	0	0	0	0	
0.942	0.259259	-1.35769	0.0967742	3.85715	0.933181	0.373272	1	0	0	0	0	0	0	0	0	
0.943	0.259259	-1.35769	0.0967742	3.85715	0.933181	0.373272	1	0	0	0	0	0	0	0	0	
0.944	0.259259	-1.35769	0.0967742	3.85715	0.933181	0.373272	1	0	0	0	0	0	0	0	0	
0.945	0.259259	-1.35769	0.0967742	3.85715	0.933181	0.373272	1	0	0	0	0	0	0	0	0	
0.946	0.259259	-1.35769	0.0967742	3.85715	0.933181	0.373272	1	0	0	0	0	0	0	0	0	
0.947	0.259259	-1.35769	0.0967742	3.85715	0.933181	0.373272	1	0	0	0	0	0	0	0	0	
0.948	0.259259	-1.35769	0.0967742	3.85715	0.933181	0.373272	1	0	0	0	0	0	0	0	0	
0.949	0.259259	-1.35769	0.0967742	3.85715	0.933181	0.373272	1	0	0	0	0	0	0	0	0	
0.95	0.259259	-1.35769	0.0967742	3.85715	0.933181	0.373272	1	0	0	0	0	0	0	0	0	
0.951	0.259259	-1.35769	0.0967742	3.85715	0.933181	0.373272	1	0	0	0	0	0	0	0	0	
0.952	0.259259	-1.35769	0.0967742	3.85715	0.933181	0.373272	1	0	0	0	0	0	0	0	0	
0.953	0.259259	-1.35769	0.0967742	3.85715	0.933181	0.373272	1	0	0	0	0	0	0	0	0	
0.954	0.259259	-1.35769	0.0967742	3.85715	0.933181	0.373272	1	0	0	0	0	0	0	0	0	
0.955	0.259259	-1.35769	0.0967742	3.85715	0.933181	0.373272	1	0	0	0	0	0	0	0	0	
0.956	0.259259	-1.35769	0.0967742	3.85715	0.933181	0.373272	1	0	0	0	0	0	0	0	0	
0.957	0.259259	-1.35769	0.0967742	3.85715	0.933181	0.373272	1	0	0	0	0	0	0	0	0	
0.958	0.259259	-1.35769	0.0967742	3.85715	0.933181	0.373272	1	0	0	0	0	0	0	0	0	
0.959	0.259259	-1.35769	0.0967742	3.85715	0.933181	0.373272	1	0	0	0	0	0	0	0	0	
0.96	0.259259	-1.35769	0.0967742	3.85715	0.933181	0.373272	1	0	0	0	0	0	0	0	0	
0.961	0.259259	-1.35769	0.0967742	3.85715	0.933181	0.373272	1	0	0	0	0	0	0	0	0	
0.962	0.259259	-1.35769	0.0967742	3.85715	0.933181	0.373272	1	0	0	0	0	0	0	0	0	
0.963	0.259259	-1.35769	0.0967742	3.85715	0.933181	0.373272	1	0	0	0	0	0	0	0	0	
0.964	0.259259	-1.35769	0.0967742	3.85715	0.933181	0.373272	1	0	0	0	0	0	0	0	0	
0.965	0.259259	-1.35769	0.0967742	3.85715	0.933181	0.373272	1	0	0	0	0	0	0	0	0	
0.966	0.259259	-1.35769	0.0967742	3.85715	0.933181	0.373272	1	0	0	0	0	0	0	0	0	
0.967	0.259259	-1.35769	0.0967742	3.85715	0.933181	0.373272	1	0	0	0	0	0	0	0	0	
0.968	0.259259	-1.35769	0.0967742	3.85715	0.933181	0.373272	1	0	0	0	0	0	0	0	0	
0.969	0.259259	-1.35769	0.0967742	3.85715	0.933181	0.373272	1	0	0	0	0	0	0	0	0	
0.97	0.259259	-1.35769	0.0967742	3.85715	0.933181	0.373272	1	0	0	0	0	0	0	0	0	
0.971	0.259259	-1.35769	0.0967742	3.85715	0.933181	0.373272	1	0	0	0	0	0	0	0	0	
0.972	0.259259	-1.35769	0.0967742	3.85715	0.933181	0.373272	1	0	0	0	0	0	0	0	0	
0.973	0.259259	-1.35769	0.0967742	3.85715	0.933181	0.373272	1	0	0	0	0	0	0	0	0	
0.974	0.259259	-1.35769	0.0967742	3.85715	0.933181	0.373272	1	0	0	0	0	0	0	0	0	
0.975	0.259259	-1.35769	0.0967742	3.85715	0.933181	0.373272	1	0	0	0	0	0	0	0	0	
0.976	0.259259	-1.35769	0.0967742	3.85715	0.933181	0.373272	1	0	0	0	0	0	0	0	0	
0.977	0.259259	-1.35769	0.0967742	3.85715	0.933181	0.373272	1	0	0	0	0	0	0	0	0	
0.978	0.259259	-1.35769	0.0967742	3.85715	0.933181	0.373272	1	0	0	0	0	0	0	0	0	
0.979	0.259259	-1.35769	0.0967742	3.85715	0.933181	0.373272	1	0	0	0	0	0	0	0	0	
0.98	0.259259	-1.35769	0.0967742	3.85715	0.933181	0.373272	1	0	0	0	0	0	0	0	0	
0.981	0.259259	-1.35769	0.0967742	3.85715	0.933181	0.373272	1	0	0	0	0	0	0	0	0	
0.982	0.259259	-1.35769	0.0967742	3.85715	0.933181	0.373272	1	0	0	0	0	0	0	0	0	
0.983	0.259259	-1.35769	0.0967742	3.85715	0.933181	0.373272	1	0	0	0	0	0	0	0	0	
0.984	0.259259	-1.35769	0.0967742	3.85715	0.933181	0.373272	1	0	0	0	0	0	0	0	0	
0.985	0.259259	-1.35769	0.0967742	3.85715	0.933181	0.373272	1	0	0	0	0	0	0	0	0	
0.986	0.259259	-1.35769	0.0967742	3.85715	0.933181	0.373272	1	0	0	0	0	0	0	0	0	
0.987	0.259259	-1.35769	0.0967742	3.85715	0.933181	0.373272	1	0	0	0	0	0	0	0	0	
0.988	0.259259	-1.35769	0.0967742	3.85715	0.933181	0.373272	1	0	0	0	0	0	0	0	0	
0.989	0.259259	-1.35769	0.0967742	3.85715	0.933181	0.373272	1	0	0	0	0	0	0	0	0	
0.99	0.259259	-1.35769	0.0967742	3.85715	0.933181	0.373272	1	0	0	0	0	0	0	0	0	
0.991	0.259259	-1.35769	0.0967742	3.85715	0.933181	0.373272	1	0	0	0	0	0	0	0	0	
0.992	0.259259	-1.35769	0.0967742	3.85715	0.933181	0.373272	1	0	0	0	0	0	0	0	0	
0.993	0.259259	-1.35769	0.0967742	3.85715	0.933181	0.373272	1	0	0	0	0	0	0	0	0	
0.994	0.259259	-1.35769	0.0967742	3.85715	0.933181	0.373272	1	0	0	0	0	0	0	0	0	
0.995	0.259259	-1.35769	0.0967742	3.85715	0.933181	0.373272	1	0	0	0	0	0	0	0	0	
0.996	0.259259	-1.35769	0.0967742	3.85715	0.933181	0.373272	1	0	0	0	0	0	0	0	0	
0.997	0.259259	-1.35769	0.0967742	3.85715	0.933181	0.373272	1	0	0	0	0	0	0	0	0	
0.998	0.259259	-1.35769	0.0967742	3.85715	0.933181	0.373272	1	0	0	0	0	0	0	0	0	
0.999	0.259259	-1.35769	0.0967742	3.85715	0.933181	0.373272	1	0	0	0	0	0	0	0	0	
1	0.259259	-1.35769	0.0967742	3.85715	0.933181	0.373272	1	0	0	0	0	0	0	0	0	
