|||||||||||||||||||||||||||||||||***SIMULATION: detonation***||||||||||||||||||||||||||||||||||
Sanpshot time = 1.32. Timestep = 3188. Run time = 5 seconds
No. of cells = 1000
#Position	 Density	 Velocity	 Pressure	 Specific_Volume I_Energy	 Temperature	 Species
-0.001	0.769581	0.000279467	1.9988	1.29941	6.49313	0	9.36807e-08	0	0	0	0	0	0	0	0	
0	0.769611	9.36081e-05	1.99881	1.29936	6.49292	0	9.64347e-08	0	0	0	0	0	0	0	0	
0.001	0.769611	-9.36081e-05	1.99881	1.29936	6.49292	2.59717	9.64347e-08	0	0	0	0	0	0	0	0	
0.002	0.769581	-0.000279467	1.9988	1.29941	6.49313	2.59725	9.36807e-08	0	0	0	0	0	0	0	0	
0.003	0.768463	-0.000465957	1.99878	1.3013	6.50252	2.60101	9.89196e-08	0	0	0	0	0	0	0	0	
0.004	0.769004	-0.00065337	1.99875	1.30038	6.49785	2.59914	9.78245e-08	0	0	0	0	0	0	0	0	
0.005	0.766536	-0.000842102	1.99871	1.30457	6.51865	2.60746	9.59424e-08	0	0	0	0	0	0	0	0	
0.006	0.765274	-0.00103243	1.99867	1.30672	6.52925	2.6117	8.93202e-08	0	0	0	0	0	0	0	0	
0.007	0.765876	-0.00122458	1.99861	1.3057	6.52395	2.60958	9.26198e-08	0	0	0	0	0	0	0	0	
0.008	0.767381	-0.00141877	1.99855	1.30313	6.51095	2.60438	9.24555e-08	0	0	0	0	0	0	0	0	
0.009	0.769228	-0.00161514	1.99849	1.3	6.4951	2.59804	9.17097e-08	0	0	0	0	0	0	0	0	
0.01	0.771096	-0.00181378	1.99841	1.29685	6.47913	2.59165	9.19279e-08	0	0	0	0	0	0	0	0	
0.011	0.772769	-0.00201472	1.99834	1.29405	6.46485	2.58594	9.58492e-08	0	0	0	0	0	0	0	0	
0.012	0.774182	-0.00221794	1.99825	1.29169	6.4528	2.58112	9.40863e-08	0	0	0	0	0	0	0	0	
0.013	0.775287	-0.00242334	1.99817	1.28984	6.44332	2.57733	9.39568e-08	0	0	0	0	0	0	0	0	
0.014	0.776067	-0.0026308	1.99808	1.28855	6.43656	2.57462	9.42668e-08	0	0	0	0	0	0	0	0	
0.015	0.77658	-0.00284013	1.99799	1.2877	6.43203	2.57281	9.62729e-08	0	0	0	0	0	0	0	0	
0.016	0.776896	-0.00305109	1.99791	1.28717	6.42913	2.57165	9.54507e-08	0	0	0	0	0	0	0	0	
0.017	0.777058	-0.00326342	1.99782	1.28691	6.42751	2.571	9.50506e-08	0	0	0	0	0	0	0	0	
0.018	0.777104	-0.00347682	1.99773	1.28683	6.42685	2.57074	9.48813e-08	0	0	0	0	0	0	0	0	
0.019	0.777082	-0.00369097	1.99765	1.28687	6.42677	2.57071	9.30723e-08	0	0	0	0	0	0	0	0	
0.02	0.777038	-0.00390553	1.99757	1.28694	6.42687	2.57075	9.12638e-08	0	0	0	0	0	0	0	0	
0.021	0.777011	-0.00412017	1.9975	1.28698	6.42686	2.57074	9.05312e-08	0	0	0	0	0	0	0	0	
0.022	0.777021	-0.00433455	1.99743	1.28697	6.42655	2.57062	9.11916e-08	0	0	0	0	0	0	0	0	
0.023	0.777081	-0.00454837	1.99736	1.28687	6.42584	2.57034	9.27943e-08	0	0	0	0	0	0	0	0	
0.024	0.777196	-0.00476132	1.9973	1.28668	6.4247	2.56988	9.4224e-08	0	0	0	0	0	0	0	0	
0.025	0.777363	-0.00497312	1.99725	1.2864	6.42314	2.56926	9.44179e-08	0	0	0	0	0	0	0	0	
0.026	0.777575	-0.00518354	1.9972	1.28605	6.42124	2.56849	9.36429e-08	0	0	0	0	0	0	0	0	
0.027	0.77782	-0.00539239	1.99715	1.28564	6.41907	2.56763	9.33361e-08	0	0	0	0	0	0	0	0	
0.028	0.778087	-0.00559949	1.99712	1.2852	6.41675	2.5667	9.35741e-08	0	0	0	0	0	0	0	0	
0.029	0.778363	-0.00580473	1.99708	1.28475	6.41437	2.56575	9.28772e-08	0	0	0	0	0	0	0	0	
0.03	0.778639	-0.00600803	1.99705	1.28429	6.412	2.5648	9.18027e-08	0	0	0	0	0	0	0	0	
0.031	0.77891	-0.00620935	1.99703	1.28385	6.40969	2.56388	9.1744e-08	0	0	0	0	0	0	0	0	
0.032	0.779179	-0.00640869	1.99701	1.2834	6.4074	2.56296	9.22246e-08	0	0	0	0	0	0	0	0	
0.033	0.779453	-0.00660609	1.99699	1.28295	6.40509	2.56204	9.21533e-08	0	0	0	0	0	0	0	0	
0.034	0.779741	-0.00680162	1.99697	1.28248	6.40266	2.56106	9.101e-08	0	0	0	0	0	0	0	0	
0.035	0.780052	-0.00699537	1.99695	1.28197	6.40004	2.56002	8.96511e-08	0	0	0	0	0	0	0	0	
0.036	0.780393	-0.00718745	1.99693	1.2814	6.39719	2.55887	8.91086e-08	0	0	0	0	0	0	0	0	
0.037	0.780767	-0.00737798	1.99691	1.28079	6.39406	2.55762	8.94146e-08	0	0	0	0	0	0	0	0	
0.038	0.781174	-0.00756712	1.99689	1.28012	6.39066	2.55626	9.03686e-08	0	0	0	0	0	0	0	0	
0.039	0.781612	-0.00775499	1.99686	1.27941	6.387	2.5548	9.16221e-08	0	0	0	0	0	0	0	0	
0.04	0.782078	-0.00794174	1.99683	1.27864	6.3831	2.55324	9.27605e-08	0	0	0	0	0	0	0	0	
0.041	0.782572	-0.00812753	1.9968	1.27784	6.37897	2.55159	9.34658e-08	0	0	0	0	0	0	0	0	
0.042	0.78309	-0.00831247	1.99677	1.27699	6.37464	2.54985	9.3709e-08	0	0	0	0	0	0	0	0	
0.043	0.783629	-0.00849669	1.99673	1.27611	6.37012	2.54805	9.37581e-08	0	0	0	0	0	0	0	0	
0.044	0.784184	-0.00868033	1.99668	1.27521	6.36547	2.54619	9.38666e-08	0	0	0	0	0	0	0	0	
0.045	0.784745	-0.00886349	1.99663	1.2743	6.36075	2.5443	9.39913e-08	0	0	0	0	0	0	0	0	
0.046	0.785304	-0.00904627	1.99657	1.27339	6.35604	2.54242	9.4051e-08	0	0	0	0	0	0	0	0	
0.047	0.785849	-0.00922879	1.99651	1.27251	6.35144	2.54058	9.4333e-08	0	0	0	0	0	0	0	0	
0.048	0.78637	-0.00941113	1.99644	1.27167	6.34701	2.5388	9.51578e-08	0	0	0	0	0	0	0	0	
0.049	0.786862	-0.00959341	1.99636	1.27087	6.34281	2.53712	9.63241e-08	0	0	0	0	0	0	0	0	
0.05	0.787325	-0.00977572	1.99629	1.27012	6.33882	2.53553	9.73095e-08	0	0	0	0	0	0	0	0	
0.051	0.787766	-0.00995819	1.9962	1.26941	6.33501	2.534	9.76328e-08	0	0	0	0	0	0	0	0	
0.052	0.788194	-0.0101409	1.99611	1.26872	6.33128	2.53251	9.71291e-08	0	0	0	0	0	0	0	0	
0.053	0.788624	-0.0103241	1.99602	1.26803	6.32754	2.53102	9.60111e-08	0	0	0	0	0	0	0	0	
0.054	0.789068	-0.0105079	1.99592	1.26732	6.32367	2.52947	9.46744e-08	0	0	0	0	0	0	0	0	
0.055	0.789536	-0.0106923	1.99582	1.26657	6.3196	2.52784	9.35978e-08	0	0	0	0	0	0	0	0	
0.056	0.790032	-0.0108777	1.99572	1.26577	6.31531	2.52613	9.31024e-08	0	0	0	0	0	0	0	0	
0.057	0.790554	-0.0110642	1.99562	1.26494	6.31081	2.52433	9.31162e-08	0	0	0	0	0	0	0	0	
0.058	0.791096	-0.011252	1.99551	1.26407	6.30616	2.52246	9.327e-08	0	0	0	0	0	0	0	0	
0.059	0.79165	-0.0114413	1.9954	1.26318	6.30141	2.52057	9.33062e-08	0	0	0	0	0	0	0	0	
0.06	0.792205	-0.0116323	1.9953	1.2623	6.29666	2.51866	9.32888e-08	0	0	0	0	0	0	0	0	
0.061	0.792754	-0.0118252	1.99519	1.26143	6.29197	2.51679	9.33921e-08	0	0	0	0	0	0	0	0	
0.062	0.793292	-0.0120201	1.99509	1.26057	6.28738	2.51495	9.37032e-08	0	0	0	0	0	0	0	0	
0.063	0.793816	-0.0122173	1.99499	1.25974	6.2829	2.51316	9.42394e-08	0	0	0	0	0	0	0	0	
0.064	0.794327	-0.0124168	1.99489	1.25893	6.27854	2.51142	9.49089e-08	0	0	0	0	0	0	0	0	
0.065	0.79483	-0.0126187	1.99479	1.25813	6.27426	2.5097	9.54775e-08	0	0	0	0	0	0	0	0	
0.066	0.79533	-0.0128232	1.99469	1.25734	6.27002	2.50801	9.57199e-08	0	0	0	0	0	0	0	0	
0.067	0.795833	-0.0130302	1.9946	1.25655	6.26577	2.50631	9.557e-08	0	0	0	0	0	0	0	0	
0.068	0.796345	-0.0132397	1.99451	1.25574	6.26146	2.50458	9.50897e-08	0	0	0	0	0	0	0	0	
0.069	0.79687	-0.0134516	1.99443	1.25491	6.25706	2.50282	9.44517e-08	0	0	0	0	0	0	0	0	
0.07	0.797412	-0.0136658	1.99434	1.25406	6.25255	2.50102	9.39397e-08	0	0	0	0	0	0	0	0	
0.071	0.797969	-0.0138822	1.99426	1.25318	6.24793	2.49917	9.38001e-08	0	0	0	0	0	0	0	0	
0.072	0.798541	-0.0141006	1.99418	1.25228	6.24321	2.49728	9.4035e-08	0	0	0	0	0	0	0	0	
0.073	0.799123	-0.0143206	1.9941	1.25137	6.23842	2.49537	9.43719e-08	0	0	0	0	0	0	0	0	
0.074	0.799711	-0.0145422	1.99403	1.25045	6.23359	2.49343	9.4506e-08	0	0	0	0	0	0	0	0	
0.075	0.800301	-0.0147649	1.99395	1.24953	6.22875	2.4915	9.43863e-08	0	0	0	0	0	0	0	0	
0.076	0.80089	-0.0149886	1.99387	1.24861	6.22392	2.48957	9.42367e-08	0	0	0	0	0	0	0	0	
0.077	0.801476	-0.0152129	1.99379	1.2477	6.21913	2.48765	9.43123e-08	0	0	0	0	0	0	0	0	
0.078	0.80206	-0.0154374	1.99371	1.24679	6.21435	2.48574	9.46657e-08	0	0	0	0	0	0	0	0	
0.079	0.802643	-0.015662	1.99363	1.24588	6.20957	2.48383	9.51193e-08	0	0	0	0	0	0	0	0	
0.08	0.803232	-0.0158863	1.99354	1.24497	6.20475	2.4819	9.54258e-08	0	0	0	0	0	0	0	0	
0.081	0.80383	-0.0161101	1.99345	1.24404	6.19985	2.47994	9.54516e-08	0	0	0	0	0	0	0	0	
0.082	0.804446	-0.0163331	1.99335	1.24309	6.1948	2.47792	9.52283e-08	0	0	0	0	0	0	0	0	
0.083	0.805084	-0.0165551	1.99325	1.24211	6.18958	2.47583	9.48947e-08	0	0	0	0	0	0	0	0	
0.084	0.805748	-0.016776	1.99315	1.24108	6.18415	2.47366	9.46146e-08	0	0	0	0	0	0	0	0	
0.085	0.806436	-0.0169956	1.99303	1.24002	6.17851	2.47141	9.44946e-08	0	0	0	0	0	0	0	0	
0.086	0.807147	-0.0172137	1.99291	1.23893	6.1727	2.46908	9.454e-08	0	0	0	0	0	0	0	0	
0.087	0.807874	-0.0174303	1.99278	1.23782	6.16675	2.4667	9.46983e-08	0	0	0	0	0	0	0	0	
0.088	0.808609	-0.0176454	1.99265	1.23669	6.16073	2.46429	9.49323e-08	0	0	0	0	0	0	0	0	
0.089	0.809343	-0.0178589	1.9925	1.23557	6.15469	2.46188	9.52308e-08	0	0	0	0	0	0	0	0	
0.09	0.81007	-0.0180708	1.99235	1.23446	6.1487	2.45948	9.55576e-08	0	0	0	0	0	0	0	0	
0.091	0.810782	-0.0182812	1.99219	1.23338	6.14281	2.45712	9.58304e-08	0	0	0	0	0	0	0	0	
0.092	0.811475	-0.0184902	1.99202	1.23232	6.13705	2.45482	9.59574e-08	0	0	0	0	0	0	0	0	
0.093	0.812143	-0.018698	1.99185	1.23131	6.13146	2.45258	9.58818e-08	0	0	0	0	0	0	0	0	
0.094	0.812784	-0.0189046	1.99167	1.23034	6.12606	2.45042	9.5605e-08	0	0	0	0	0	0	0	0	
0.095	0.813394	-0.0191104	1.99148	1.22942	6.12088	2.44835	9.51952e-08	0	0	0	0	0	0	0	0	
0.096	0.81397	-0.0193156	1.99128	1.22855	6.11595	2.44638	9.47769e-08	0	0	0	0	0	0	0	0	
0.097	0.814508	-0.0195204	1.99108	1.22774	6.11129	2.44452	9.45024e-08	0	0	0	0	0	0	0	0	
0.098	0.815007	-0.0197253	1.99087	1.22698	6.10692	2.44277	9.44874e-08	0	0	0	0	0	0	0	0	
0.099	0.815465	-0.0199305	1.99066	1.22629	6.10284	2.44114	9.47213e-08	0	0	0	0	0	0	0	0	
0.1	0.815881	-0.0201365	1.99045	1.22567	6.09906	2.43963	9.50375e-08	0	0	0	0	0	0	0	0	
0.101	0.816257	-0.0203436	1.99023	1.2251	6.09559	2.43824	9.52184e-08	0	0	0	0	0	0	0	0	
0.102	0.816594	-0.0205525	1.99001	1.2246	6.09241	2.43696	9.51549e-08	0	0	0	0	0	0	0	0	
0.103	0.816893	-0.0207633	1.98979	1.22415	6.08951	2.4358	9.48922e-08	0	0	0	0	0	0	0	0	
0.104	0.817155	-0.0209768	1.98957	1.22376	6.08689	2.43475	9.45405e-08	0	0	0	0	0	0	0	0	
0.105	0.817384	-0.0211931	1.98936	1.22341	6.08452	2.43381	9.41849e-08	0	0	0	0	0	0	0	0	
0.106	0.817583	-0.0214128	1.98914	1.22312	6.08239	2.43295	9.38782e-08	0	0	0	0	0	0	0	0	
0.107	0.817755	-0.0216362	1.98893	1.22286	6.08047	2.43219	9.36707e-08	0	0	0	0	0	0	0	0	
0.108	0.817903	-0.0218636	1.98873	1.22264	6.07874	2.4315	9.36084e-08	0	0	0	0	0	0	0	0	
0.109	0.81803	-0.0220951	1.98853	1.22245	6.07718	2.43087	9.3717e-08	0	0	0	0	0	0	0	0	
0.11	0.818142	-0.022331	1.98833	1.22228	6.07576	2.43031	9.40033e-08	0	0	0	0	0	0	0	0	
0.111	0.81824	-0.0225713	1.98815	1.22214	6.07446	2.42979	9.44567e-08	0	0	0	0	0	0	0	0	
0.112	0.818327	-0.022816	1.98797	1.222	6.07326	2.4293	9.50267e-08	0	0	0	0	0	0	0	0	
0.113	0.818407	-0.0230649	1.98779	1.22189	6.07213	2.42885	9.56084e-08	0	0	0	0	0	0	0	0	
0.114	0.818481	-0.0233178	1.98762	1.22178	6.07107	2.42843	9.60735e-08	0	0	0	0	0	0	0	0	
0.115	0.818551	-0.0235745	1.98746	1.22167	6.07005	2.42802	9.63258e-08	0	0	0	0	0	0	0	0	
0.116	0.818616	-0.0238344	1.9873	1.22157	6.06908	2.42763	9.6334e-08	0	0	0	0	0	0	0	0	
0.117	0.818679	-0.0240972	1.98714	1.22148	6.06814	2.42726	9.61189e-08	0	0	0	0	0	0	0	0	
0.118	0.818738	-0.0243623	1.98699	1.22139	6.06725	2.4269	9.57209e-08	0	0	0	0	0	0	0	0	
0.119	0.818792	-0.0246292	1.98684	1.22131	6.06639	2.42656	9.51906e-08	0	0	0	0	0	0	0	0	
0.12	0.818838	-0.0248973	1.9867	1.22124	6.06559	2.42624	9.46105e-08	0	0	0	0	0	0	0	0	
0.121	0.818875	-0.0251661	1.98655	1.22119	6.06487	2.42595	9.41059e-08	0	0	0	0	0	0	0	0	
0.122	0.8189	-0.0254348	1.9864	1.22115	6.06423	2.42569	9.38068e-08	0	0	0	0	0	0	0	0	
0.123	0.818909	-0.0257031	1.98625	1.22114	6.06369	2.42548	9.37785e-08	0	0	0	0	0	0	0	0	
0.124	0.8189	-0.0259704	1.98609	1.22115	6.06328	2.42531	9.39731e-08	0	0	0	0	0	0	0	0	
0.125	0.818872	-0.0262362	1.98593	1.22119	6.06299	2.4252	9.4247e-08	0	0	0	0	0	0	0	0	
0.126	0.818823	-0.0265003	1.98576	1.22126	6.06284	2.42514	9.44402e-08	0	0	0	0	0	0	0	0	
0.127	0.818753	-0.0267622	1.98558	1.22137	6.06283	2.42513	9.44637e-08	0	0	0	0	0	0	0	0	
0.128	0.818661	-0.0270218	1.9854	1.22151	6.06296	2.42518	9.43375e-08	0	0	0	0	0	0	0	0	
0.129	0.818548	-0.027279	1.98521	1.22168	6.06321	2.42528	9.41594e-08	0	0	0	0	0	0	0	0	
0.13	0.818416	-0.0275337	1.98501	1.22187	6.06357	2.42543	9.40334e-08	0	0	0	0	0	0	0	0	
0.131	0.818266	-0.0277858	1.9848	1.2221	6.06405	2.42562	9.40078e-08	0	0	0	0	0	0	0	0	
0.132	0.8181	-0.0280356	1.98458	1.22235	6.06461	2.42584	9.40567e-08	0	0	0	0	0	0	0	0	
0.133	0.817919	-0.0282831	1.98435	1.22262	6.06525	2.4261	9.41074e-08	0	0	0	0	0	0	0	0	
0.134	0.817726	-0.0285286	1.98411	1.2229	6.06595	2.42638	9.40916e-08	0	0	0	0	0	0	0	0	
0.135	0.817522	-0.0287724	1.98387	1.22321	6.06671	2.42668	9.39835e-08	0	0	0	0	0	0	0	0	
0.136	0.817309	-0.0290147	1.98361	1.22353	6.0675	2.427	9.38061e-08	0	0	0	0	0	0	0	0	
0.137	0.81709	-0.029256	1.98334	1.22386	6.06832	2.42733	9.36028e-08	0	0	0	0	0	0	0	0	
0.138	0.816864	-0.0294967	1.98307	1.22419	6.06915	2.42766	9.34013e-08	0	0	0	0	0	0	0	0	
0.139	0.816635	-0.0297371	1.98279	1.22454	6.06999	2.428	9.31976e-08	0	0	0	0	0	0	0	0	
0.14	0.816404	-0.0299778	1.9825	1.22488	6.07082	2.42833	9.29674e-08	0	0	0	0	0	0	0	0	
0.141	0.816173	-0.0302191	1.9822	1.22523	6.07164	2.42865	9.2691e-08	0	0	0	0	0	0	0	0	
0.142	0.815946	-0.0304617	1.9819	1.22557	6.07241	2.42896	9.23746e-08	0	0	0	0	0	0	0	0	
0.143	0.815724	-0.0307061	1.9816	1.22591	6.07313	2.42925	9.20536e-08	0	0	0	0	0	0	0	0	
0.144	0.81551	-0.0309528	1.98129	1.22623	6.07377	2.42951	9.17787e-08	0	0	0	0	0	0	0	0	
0.145	0.815308	-0.0312022	1.98098	1.22653	6.07433	2.42973	9.15902e-08	0	0	0	0	0	0	0	0	
0.146	0.815117	-0.0314551	1.98067	1.22682	6.0748	2.42992	9.14995e-08	0	0	0	0	0	0	0	0	
0.147	0.814939	-0.0317119	1.98036	1.22709	6.07517	2.43007	9.14881e-08	0	0	0	0	0	0	0	0	
0.148	0.814772	-0.0319732	1.98005	1.22734	6.07547	2.43019	9.15229e-08	0	0	0	0	0	0	0	0	
0.149	0.814615	-0.0322394	1.97974	1.22757	6.0757	2.43028	9.15759e-08	0	0	0	0	0	0	0	0	
0.15	0.814465	-0.0325111	1.97944	1.2278	6.07589	2.43035	9.16351e-08	0	0	0	0	0	0	0	0	
0.151	0.814318	-0.0327887	1.97914	1.22802	6.07606	2.43043	9.17009e-08	0	0	0	0	0	0	0	0	
0.152	0.814171	-0.0330725	1.97884	1.22824	6.07625	2.4305	9.17751e-08	0	0	0	0	0	0	0	0	
0.153	0.814022	-0.0333629	1.97856	1.22847	6.07648	2.43059	9.18509e-08	0	0	0	0	0	0	0	0	
0.154	0.813869	-0.03366	1.97827	1.2287	6.07675	2.4307	9.19121e-08	0	0	0	0	0	0	0	0	
0.155	0.81371	-0.0339639	1.978	1.22894	6.07709	2.43084	9.19399e-08	0	0	0	0	0	0	0	0	
0.156	0.813543	-0.0342748	1.97773	1.22919	6.07751	2.431	9.19208e-08	0	0	0	0	0	0	0	0	
0.157	0.81337	-0.0345923	1.97746	1.22945	6.07799	2.43119	9.18514e-08	0	0	0	0	0	0	0	0	
0.158	0.813191	-0.0349164	1.9772	1.22972	6.07853	2.43141	9.1742e-08	0	0	0	0	0	0	0	0	
0.159	0.813006	-0.0352468	1.97695	1.23	6.07913	2.43165	9.16158e-08	0	0	0	0	0	0	0	0	
0.16	0.812818	-0.0355829	1.9767	1.23029	6.07976	2.43191	9.14996e-08	0	0	0	0	0	0	0	0	
0.161	0.812626	-0.0359242	1.97645	1.23058	6.08043	2.43217	9.14092e-08	0	0	0	0	0	0	0	0	
0.162	0.812432	-0.0362703	1.9762	1.23087	6.08112	2.43245	9.13401e-08	0	0	0	0	0	0	0	0	
0.163	0.812237	-0.0366205	1.97595	1.23117	6.08181	2.43272	9.12774e-08	0	0	0	0	0	0	0	0	
0.164	0.812042	-0.036974	1.97569	1.23146	6.08249	2.43299	9.12194e-08	0	0	0	0	0	0	0	0	
0.165	0.811847	-0.0373302	1.97543	1.23176	6.08315	2.43326	9.11986e-08	0	0	0	0	0	0	0	0	
0.166	0.811652	-0.0376884	1.97517	1.23205	6.08379	2.43352	9.12827e-08	0	0	0	0	0	0	0	0	
0.167	0.811459	-0.0380479	1.9749	1.23235	6.0844	2.43376	9.15497e-08	0	0	0	0	0	0	0	0	
0.168	0.811266	-0.0384082	1.97461	1.23264	6.08497	2.43399	9.20507e-08	0	0	0	0	0	0	0	0	
0.169	0.811073	-0.0387687	1.97431	1.23293	6.0855	2.4342	9.27813e-08	0	0	0	0	0	0	0	0	
0.17	0.810882	-0.0391289	1.974	1.23323	6.08597	2.43439	9.36751e-08	0	0	0	0	0	0	0	0	
0.171	0.810692	-0.0394884	1.97368	1.23351	6.0864	2.43456	9.4623e-08	0	0	0	0	0	0	0	0	
0.172	0.810503	-0.0398469	1.97333	1.2338	6.08676	2.4347	9.55055e-08	0	0	0	0	0	0	0	0	
0.173	0.810315	-0.0402043	1.97297	1.23409	6.08705	2.43482	9.62227e-08	0	0	0	0	0	0	0	0	
0.174	0.81013	-0.0405604	1.97259	1.23437	6.08727	2.43491	9.67082e-08	0	0	0	0	0	0	0	0	
0.175	0.809947	-0.0409152	1.9722	1.23465	6.08742	2.43497	9.69278e-08	0	0	0	0	0	0	0	0	
0.176	0.809766	-0.0412688	1.97178	1.23492	6.08749	2.435	9.68683e-08	0	0	0	0	0	0	0	0	
0.177	0.809587	-0.0416214	1.97134	1.2352	6.08749	2.435	9.65276e-08	0	0	0	0	0	0	0	0	
0.178	0.809409	-0.0419732	1.97088	1.23547	6.08741	2.43497	9.59113e-08	0	0	0	0	0	0	0	0	
0.179	0.809232	-0.0423245	1.97041	1.23574	6.08728	2.43491	9.50375e-08	0	0	0	0	0	0	0	0	
0.18	0.809054	-0.0426756	1.96991	1.23601	6.08708	2.43483	9.39436e-08	0	0	0	0	0	0	0	0	
0.181	0.808874	-0.0430269	1.9694	1.23629	6.08685	2.43474	9.26913e-08	0	0	0	0	0	0	0	0	
0.182	0.808692	-0.0433788	1.96887	1.23657	6.08658	2.43463	9.13648e-08	0	0	0	0	0	0	0	0	
0.183	0.808505	-0.0437318	1.96832	1.23685	6.08628	2.43451	9.00629e-08	0	0	0	0	0	0	0	0	
0.184	0.808313	-0.0440864	1.96775	1.23714	6.08598	2.43439	8.88854e-08	0	0	0	0	0	0	0	0	
0.185	0.808116	-0.0444431	1.96717	1.23745	6.08566	2.43426	8.79168e-08	0	0	0	0	0	0	0	0	
0.186	0.807913	-0.0448024	1.96657	1.23776	6.08534	2.43414	8.72132e-08	0	0	0	0	0	0	0	0	
0.187	0.807704	-0.0451649	1.96596	1.23808	6.08503	2.43401	8.67929e-08	0	0	0	0	0	0	0	0	
0.188	0.80749	-0.0455312	1.96534	1.23841	6.08472	2.43389	8.66354e-08	0	0	0	0	0	0	0	0	
0.189	0.807271	-0.0459018	1.96471	1.23874	6.08441	2.43376	8.66881e-08	0	0	0	0	0	0	0	0	
0.19	0.807047	-0.0462774	1.96407	1.23908	6.08411	2.43364	8.68788e-08	0	0	0	0	0	0	0	0	
0.191	0.80682	-0.0466587	1.96341	1.23943	6.08381	2.43352	8.71329e-08	0	0	0	0	0	0	0	0	
0.192	0.806589	-0.0470463	1.96276	1.23979	6.08351	2.4334	8.73889e-08	0	0	0	0	0	0	0	0	
0.193	0.806357	-0.0474408	1.96209	1.24015	6.0832	2.43328	8.76091e-08	0	0	0	0	0	0	0	0	
0.194	0.806122	-0.0478429	1.96142	1.24051	6.0829	2.43316	8.77827e-08	0	0	0	0	0	0	0	0	
0.195	0.805887	-0.0482532	1.96075	1.24087	6.08259	2.43304	8.79198e-08	0	0	0	0	0	0	0	0	
0.196	0.805652	-0.0486723	1.96008	1.24123	6.08228	2.43291	8.80396e-08	0	0	0	0	0	0	0	0	
0.197	0.805416	-0.0491008	1.9594	1.24159	6.08196	2.43278	8.81565e-08	0	0	0	0	0	0	0	0	
0.198	0.805181	-0.0495392	1.95873	1.24196	6.08163	2.43265	8.82709e-08	0	0	0	0	0	0	0	0	
0.199	0.804947	-0.0499878	1.95805	1.24232	6.0813	2.43252	8.8367e-08	0	0	0	0	0	0	0	0	
0.2	0.804714	-0.050447	1.95737	1.24268	6.08096	2.43238	8.8419e-08	0	0	0	0	0	0	0	0	
0.201	0.804481	-0.0509171	1.9567	1.24304	6.08061	2.43225	8.84031e-08	0	0	0	0	0	0	0	0	
0.202	0.80425	-0.051398	1.95602	1.24339	6.08026	2.4321	8.83083e-08	0	0	0	0	0	0	0	0	
0.203	0.804021	-0.0518897	1.95534	1.24375	6.07989	2.43196	8.81426e-08	0	0	0	0	0	0	0	0	
0.204	0.803793	-0.0523921	1.95467	1.2441	6.07951	2.4318	8.79307e-08	0	0	0	0	0	0	0	0	
0.205	0.803567	-0.0529049	1.95399	1.24445	6.07912	2.43165	8.77053e-08	0	0	0	0	0	0	0	0	
0.206	0.803341	-0.0534276	1.95331	1.2448	6.07871	2.43148	8.74962e-08	0	0	0	0	0	0	0	0	
0.207	0.803117	-0.0539597	1.95263	1.24515	6.07828	2.43131	8.73208e-08	0	0	0	0	0	0	0	0	
0.208	0.802894	-0.0545004	1.95194	1.24549	6.07783	2.43113	8.71824e-08	0	0	0	0	0	0	0	0	
0.209	0.802672	-0.0550491	1.95125	1.24584	6.07736	2.43094	8.70728e-08	0	0	0	0	0	0	0	0	
0.21	0.802449	-0.0556048	1.95055	1.24618	6.07687	2.43075	8.69794e-08	0	0	0	0	0	0	0	0	
0.211	0.802227	-0.0561665	1.94985	1.24653	6.07635	2.43054	8.68912e-08	0	0	0	0	0	0	0	0	
0.212	0.802004	-0.0567334	1.94913	1.24688	6.07582	2.43033	8.68029e-08	0	0	0	0	0	0	0	0	
0.213	0.801779	-0.0573043	1.94841	1.24723	6.07527	2.43011	8.67144e-08	0	0	0	0	0	0	0	0	
0.214	0.801553	-0.0578783	1.94768	1.24758	6.07471	2.42988	8.66296e-08	0	0	0	0	0	0	0	0	
0.215	0.801324	-0.0584541	1.94694	1.24793	6.07412	2.42965	8.65535e-08	0	0	0	0	0	0	0	0	
0.216	0.801093	-0.0590307	1.94618	1.24829	6.07353	2.42941	8.64919e-08	0	0	0	0	0	0	0	0	
0.217	0.80086	-0.0596072	1.94542	1.24866	6.07292	2.42917	8.64504e-08	0	0	0	0	0	0	0	0	
0.218	0.800623	-0.0601823	1.94465	1.24903	6.0723	2.42892	8.64349e-08	0	0	0	0	0	0	0	0	
0.219	0.800383	-0.0607552	1.94387	1.2494	6.07168	2.42867	8.64501e-08	0	0	0	0	0	0	0	0	
0.22	0.800141	-0.0613249	1.94308	1.24978	6.07106	2.42842	8.64981e-08	0	0	0	0	0	0	0	0	
0.221	0.799895	-0.0618904	1.94228	1.25016	6.07043	2.42817	8.65764e-08	0	0	0	0	0	0	0	0	
0.222	0.799646	-0.0624508	1.94148	1.25055	6.06981	2.42792	8.66768e-08	0	0	0	0	0	0	0	0	
0.223	0.799395	-0.0630053	1.94067	1.25095	6.0692	2.42768	8.67858e-08	0	0	0	0	0	0	0	0	
0.224	0.799141	-0.0635531	1.93987	1.25134	6.0686	2.42744	8.68864e-08	0	0	0	0	0	0	0	0	
0.225	0.798884	-0.0640934	1.93906	1.25175	6.06802	2.42721	8.696e-08	0	0	0	0	0	0	0	0	
0.226	0.798624	-0.0646254	1.93825	1.25215	6.06746	2.42698	8.69901e-08	0	0	0	0	0	0	0	0	
0.227	0.798362	-0.0651486	1.93744	1.25257	6.06694	2.42677	8.69643e-08	0	0	0	0	0	0	0	0	
0.228	0.798097	-0.0656623	1.93665	1.25298	6.06645	2.42658	8.68767e-08	0	0	0	0	0	0	0	0	
0.229	0.79783	-0.0661658	1.93585	1.2534	6.066	2.4264	8.67289e-08	0	0	0	0	0	0	0	0	
0.23	0.797563	-0.0666586	1.93507	1.25382	6.06559	2.42623	8.65309e-08	0	0	0	0	0	0	0	0	
0.231	0.797295	-0.0671404	1.93431	1.25424	6.06521	2.42608	8.62993e-08	0	0	0	0	0	0	0	0	
0.232	0.79703	-0.0676106	1.93355	1.25466	6.06487	2.42595	8.60556e-08	0	0	0	0	0	0	0	0	
0.233	0.79677	-0.0680689	1.93281	1.25507	6.06453	2.42581	8.5823e-08	0	0	0	0	0	0	0	0	
0.234	0.796517	-0.0685152	1.9321	1.25547	6.0642	2.42568	8.5623e-08	0	0	0	0	0	0	0	0	
0.235	0.796274	-0.0689492	1.9314	1.25585	6.06386	2.42554	8.5473e-08	0	0	0	0	0	0	0	0	
0.236	0.796045	-0.0693708	1.93072	1.25621	6.06347	2.42539	8.53841e-08	0	0	0	0	0	0	0	0	
0.237	0.795834	-0.0697801	1.93006	1.25654	6.06303	2.42521	8.53601e-08	0	0	0	0	0	0	0	0	
0.238	0.795642	-0.0701771	1.92943	1.25685	6.06251	2.425	8.53978e-08	0	0	0	0	0	0	0	0	
0.239	0.795472	-0.070562	1.92883	1.25712	6.06191	2.42476	8.54881e-08	0	0	0	0	0	0	0	0	
0.24	0.795324	-0.0709351	1.92825	1.25735	6.06122	2.42449	8.56177e-08	0	0	0	0	0	0	0	0	
0.241	0.7952	-0.0712967	1.9277	1.25754	6.06043	2.42417	8.57714e-08	0	0	0	0	0	0	0	0	
0.242	0.795099	-0.0716471	1.92718	1.25771	6.05957	2.42383	8.59341e-08	0	0	0	0	0	0	0	0	
0.243	0.795018	-0.0719869	1.92669	1.25783	6.05864	2.42346	8.60928e-08	0	0	0	0	0	0	0	0	
0.244	0.794955	-0.0723165	1.92623	1.25793	6.05766	2.42306	8.62376e-08	0	0	0	0	0	0	0	0	
0.245	0.794907	-0.0726364	1.92579	1.25801	6.05666	2.42267	8.63623e-08	0	0	0	0	0	0	0	0	
0.246	0.79487	-0.0729471	1.92539	1.25807	6.05567	2.42227	8.64641e-08	0	0	0	0	0	0	0	0	
0.247	0.794842	-0.073249	1.92501	1.25811	6.0547	2.42188	8.65431e-08	0	0	0	0	0	0	0	0	
0.248	0.794817	-0.0735427	1.92466	1.25815	6.0538	2.42152	8.66012e-08	0	0	0	0	0	0	0	0	
0.249	0.794794	-0.0738285	1.92434	1.25819	6.05296	2.42119	8.66415e-08	0	0	0	0	0	0	0	0	
0.25	0.794769	-0.0741068	1.92405	1.25823	6.05222	2.42089	8.66676e-08	0	0	0	0	0	0	0	0	
0.251	0.794741	-0.074378	1.92378	1.25827	6.05159	2.42064	8.6683e-08	0	0	0	0	0	0	0	0	
0.252	0.794707	-0.0746422	1.92353	1.25832	6.05107	2.42043	8.66906e-08	0	0	0	0	0	0	0	0	
0.253	0.794668	-0.0748996	1.92331	1.25839	6.05066	2.42026	8.66927e-08	0	0	0	0	0	0	0	0	
0.254	0.794622	-0.0751505	1.9231	1.25846	6.05036	2.42014	8.66902e-08	0	0	0	0	0	0	0	0	
0.255	0.79457	-0.0753948	1.92291	1.25854	6.05017	2.42007	8.66834e-08	0	0	0	0	0	0	0	0	
0.256	0.794512	-0.0756325	1.92274	1.25863	6.05007	2.42003	8.66712e-08	0	0	0	0	0	0	0	0	
0.257	0.794448	-0.0758637	1.92258	1.25874	6.05006	2.42002	8.66521e-08	0	0	0	0	0	0	0	0	
0.258	0.794379	-0.0760884	1.92243	1.25884	6.05012	2.42005	8.66245e-08	0	0	0	0	0	0	0	0	
0.259	0.794307	-0.0763064	1.9223	1.25896	6.05024	2.42009	8.65874e-08	0	0	0	0	0	0	0	0	
0.26	0.794231	-0.0765177	1.92217	1.25908	6.05041	2.42016	8.6541e-08	0	0	0	0	0	0	0	0	
0.261	0.794153	-0.0767225	1.92205	1.2592	6.05061	2.42024	8.64868e-08	0	0	0	0	0	0	0	0	
0.262	0.794074	-0.0769205	1.92193	1.25933	6.05084	2.42034	8.64275e-08	0	0	0	0	0	0	0	0	
0.263	0.793994	-0.077112	1.92181	1.25946	6.05108	2.42043	8.63663e-08	0	0	0	0	0	0	0	0	
0.264	0.793914	-0.077297	1.9217	1.25958	6.05133	2.42053	8.63057e-08	0	0	0	0	0	0	0	0	
0.265	0.793836	-0.0774757	1.92158	1.25971	6.05157	2.42063	8.62466e-08	0	0	0	0	0	0	0	0	
0.266	0.79376	-0.0776482	1.92147	1.25983	6.05179	2.42072	8.61876e-08	0	0	0	0	0	0	0	0	
0.267	0.793686	-0.0778148	1.92135	1.25994	6.05199	2.4208	8.61248e-08	0	0	0	0	0	0	0	0	
0.268	0.793617	-0.0779757	1.92124	1.26005	6.05215	2.42086	8.60528e-08	0	0	0	0	0	0	0	0	
0.269	0.793552	-0.0781312	1.92112	1.26016	6.05227	2.42091	8.59657e-08	0	0	0	0	0	0	0	0	
0.27	0.793493	-0.0782815	1.921	1.26025	6.05235	2.42094	8.58591e-08	0	0	0	0	0	0	0	0	
0.271	0.79344	-0.0784271	1.92088	1.26033	6.05237	2.42095	8.57317e-08	0	0	0	0	0	0	0	0	
0.272	0.793394	-0.0785681	1.92075	1.26041	6.05234	2.42093	8.55862e-08	0	0	0	0	0	0	0	0	
0.273	0.793354	-0.0787048	1.92063	1.26047	6.05225	2.4209	8.543e-08	0	0	0	0	0	0	0	0	
0.274	0.79332	-0.0788374	1.9205	1.26052	6.05211	2.42084	8.52748e-08	0	0	0	0	0	0	0	0	
0.275	0.793293	-0.0789661	1.92038	1.26057	6.05192	2.42077	8.51355e-08	0	0	0	0	0	0	0	0	
0.276	0.793271	-0.079091	1.92025	1.2606	6.05169	2.42067	8.50279e-08	0	0	0	0	0	0	0	0	
0.277	0.793253	-0.0792122	1.92012	1.26063	6.05142	2.42057	8.49674e-08	0	0	0	0	0	0	0	0	
0.278	0.79324	-0.0793299	1.92	1.26065	6.05113	2.42045	8.4966e-08	0	0	0	0	0	0	0	0	
0.279	0.793229	-0.079444	1.91988	1.26067	6.05082	2.42033	8.50314e-08	0	0	0	0	0	0	0	0	
0.28	0.793221	-0.0795546	1.91976	1.26068	6.05051	2.42021	8.51655e-08	0	0	0	0	0	0	0	0	
0.281	0.793213	-0.0796616	1.91964	1.2607	6.0502	2.42008	8.53644e-08	0	0	0	0	0	0	0	0	
0.282	0.793206	-0.0797651	1.91953	1.26071	6.04991	2.41996	8.56189e-08	0	0	0	0	0	0	0	0	
0.283	0.793199	-0.0798648	1.91942	1.26072	6.04963	2.41985	8.59155e-08	0	0	0	0	0	0	0	0	
0.284	0.793191	-0.0799608	1.91933	1.26073	6.04939	2.41975	8.62378e-08	0	0	0	0	0	0	0	0	
0.285	0.793183	-0.0800529	1.91924	1.26074	6.04917	2.41967	8.65682e-08	0	0	0	0	0	0	0	0	
0.286	0.793175	-0.0801408	1.91916	1.26076	6.04899	2.4196	8.68895e-08	0	0	0	0	0	0	0	0	
0.287	0.793166	-0.0802245	1.9191	1.26077	6.04885	2.41954	8.7186e-08	0	0	0	0	0	0	0	0	
0.288	0.793157	-0.0803035	1.91905	1.26078	6.04876	2.4195	8.7444e-08	0	0	0	0	0	0	0	0	
0.289	0.793149	-0.0803776	1.91901	1.2608	6.0487	2.41948	8.76531e-08	0	0	0	0	0	0	0	0	
0.29	0.793142	-0.0804463	1.91899	1.26081	6.04869	2.41948	8.78056e-08	0	0	0	0	0	0	0	0	
0.291	0.793137	-0.0805093	1.91899	1.26082	6.04873	2.41949	8.78967e-08	0	0	0	0	0	0	0	0	
0.292	0.793134	-0.0805659	1.91901	1.26082	6.04881	2.41952	8.79247e-08	0	0	0	0	0	0	0	0	
0.293	0.793134	-0.0806155	1.91905	1.26082	6.04893	2.41957	8.78903e-08	0	0	0	0	0	0	0	0	
0.294	0.793138	-0.0806574	1.91911	1.26081	6.0491	2.41964	8.77966e-08	0	0	0	0	0	0	0	0	
0.295	0.793147	-0.0806909	1.91919	1.2608	6.0493	2.41972	8.76484e-08	0	0	0	0	0	0	0	0	
0.296	0.79316	-0.0807151	1.9193	1.26078	6.04955	2.41982	8.74525e-08	0	0	0	0	0	0	0	0	
0.297	0.79318	-0.0807291	1.91944	1.26075	6.04982	2.41993	8.72165e-08	0	0	0	0	0	0	0	0	
0.298	0.793206	-0.0807318	1.9196	1.26071	6.05013	2.42005	8.69489e-08	0	0	0	0	0	0	0	0	
0.299	0.79324	-0.0807223	1.91979	1.26065	6.05046	2.42018	8.66583e-08	0	0	0	0	0	0	0	0	
0.3	0.793284	-0.0806997	1.92	1.26058	6.05081	2.42032	8.63532e-08	0	0	0	0	0	0	0	0	
0.301	0.793337	-0.0806628	1.92025	1.2605	6.05117	2.42047	8.60414e-08	0	0	0	0	0	0	0	0	
0.302	0.793401	-0.0806109	1.92052	1.2604	6.05153	2.42061	8.57302e-08	0	0	0	0	0	0	0	0	
0.303	0.793477	-0.080543	1.92082	1.26028	6.05189	2.42076	8.54262e-08	0	0	0	0	0	0	0	0	
0.304	0.793566	-0.0804583	1.92114	1.26013	6.05224	2.4209	8.51352e-08	0	0	0	0	0	0	0	0	
0.305	0.793669	-0.0803562	1.9215	1.25997	6.05258	2.42103	8.48628e-08	0	0	0	0	0	0	0	0	
0.306	0.793786	-0.0802361	1.92188	1.25979	6.0529	2.42116	8.4614e-08	0	0	0	0	0	0	0	0	
0.307	0.793917	-0.0800976	1.92229	1.25958	6.0532	2.42128	8.43932e-08	0	0	0	0	0	0	0	0	
0.308	0.794062	-0.0799403	1.92274	1.25935	6.05348	2.42139	8.42046e-08	0	0	0	0	0	0	0	0	
0.309	0.794222	-0.0797641	1.92321	1.25909	6.05374	2.4215	8.40516e-08	0	0	0	0	0	0	0	0	
0.31	0.794394	-0.0795688	1.9237	1.25882	6.05399	2.4216	8.39369e-08	0	0	0	0	0	0	0	0	
0.311	0.794579	-0.0793546	1.92423	1.25853	6.05424	2.4217	8.38622e-08	0	0	0	0	0	0	0	0	
0.312	0.794774	-0.0791216	1.92478	1.25822	6.05448	2.42179	8.38283e-08	0	0	0	0	0	0	0	0	
0.313	0.79498	-0.0788699	1.92536	1.25789	6.05474	2.42189	8.38346e-08	0	0	0	0	0	0	0	0	
0.314	0.795194	-0.0786001	1.92596	1.25755	6.055	2.422	8.38797e-08	0	0	0	0	0	0	0	0	
0.315	0.795415	-0.0783127	1.92659	1.25721	6.05529	2.42212	8.39612e-08	0	0	0	0	0	0	0	0	
0.316	0.795642	-0.0780082	1.92724	1.25685	6.05561	2.42225	8.40756e-08	0	0	0	0	0	0	0	0	
0.317	0.795872	-0.0776876	1.92791	1.25648	6.05597	2.42239	8.42191e-08	0	0	0	0	0	0	0	0	
0.318	0.796106	-0.0773517	1.92861	1.25611	6.05637	2.42255	8.43873e-08	0	0	0	0	0	0	0	0	
0.319	0.796342	-0.0770015	1.92932	1.25574	6.05682	2.42273	8.4576e-08	0	0	0	0	0	0	0	0	
0.32	0.796579	-0.0766382	1.93005	1.25537	6.05732	2.42293	8.47807e-08	0	0	0	0	0	0	0	0	
0.321	0.796816	-0.0762628	1.9308	1.25499	6.05787	2.42315	8.4997e-08	0	0	0	0	0	0	0	0	
0.322	0.797052	-0.0758765	1.93157	1.25462	6.05848	2.42339	8.52211e-08	0	0	0	0	0	0	0	0	
0.323	0.797287	-0.0754805	1.93235	1.25425	6.05914	2.42366	8.54489e-08	0	0	0	0	0	0	0	0	
0.324	0.79752	-0.075076	1.93314	1.25389	6.05986	2.42394	8.56764e-08	0	0	0	0	0	0	0	0	
0.325	0.797751	-0.0746642	1.93395	1.25352	6.06063	2.42425	8.58994e-08	0	0	0	0	0	0	0	0	
0.326	0.797979	-0.0742461	1.93476	1.25317	6.06144	2.42458	8.61131e-08	0	0	0	0	0	0	0	0	
0.327	0.798204	-0.0738229	1.93558	1.25281	6.06231	2.42492	8.63122e-08	0	0	0	0	0	0	0	0	
0.328	0.798427	-0.0733956	1.93641	1.25246	6.06321	2.42529	8.64909e-08	0	0	0	0	0	0	0	0	
0.329	0.798647	-0.072965	1.93725	1.25212	6.06416	2.42566	8.6643e-08	0	0	0	0	0	0	0	0	
0.33	0.798866	-0.0725321	1.93809	1.25177	6.06513	2.42605	8.67626e-08	0	0	0	0	0	0	0	0	
0.331	0.799084	-0.0720975	1.93893	1.25143	6.06612	2.42645	8.68442e-08	0	0	0	0	0	0	0	0	
0.332	0.799301	-0.0716616	1.93978	1.25109	6.06712	2.42685	8.68837e-08	0	0	0	0	0	0	0	0	
0.333	0.79952	-0.071225	1.94063	1.25075	6.06812	2.42725	8.6879e-08	0	0	0	0	0	0	0	0	
0.334	0.799741	-0.0707877	1.94149	1.2504	6.06911	2.42764	8.68304e-08	0	0	0	0	0	0	0	0	
0.335	0.799967	-0.0703499	1.94234	1.25005	6.07007	2.42803	8.67411e-08	0	0	0	0	0	0	0	0	
0.336	0.800199	-0.0699112	1.94321	1.24969	6.07101	2.4284	8.66169e-08	0	0	0	0	0	0	0	0	
0.337	0.800438	-0.0694714	1.94407	1.24932	6.0719	2.42876	8.64661e-08	0	0	0	0	0	0	0	0	
0.338	0.800687	-0.0690297	1.94494	1.24893	6.07274	2.42909	8.62987e-08	0	0	0	0	0	0	0	0	
0.339	0.800946	-0.0685854	1.94582	1.24852	6.07352	2.42941	8.61259e-08	0	0	0	0	0	0	0	0	
0.34	0.801216	-0.0681373	1.94671	1.2481	6.07425	2.4297	8.59585e-08	0	0	0	0	0	0	0	0	
0.341	0.801499	-0.0676842	1.94762	1.24766	6.07492	2.42997	8.58062e-08	0	0	0	0	0	0	0	0	
0.342	0.801795	-0.0672245	1.94854	1.2472	6.07554	2.43022	8.56765e-08	0	0	0	0	0	0	0	0	
0.343	0.802104	-0.0667565	1.94947	1.24672	6.07612	2.43045	8.55741e-08	0	0	0	0	0	0	0	0	
0.344	0.802426	-0.0662783	1.95043	1.24622	6.07667	2.43067	8.55004e-08	0	0	0	0	0	0	0	0	
0.345	0.802762	-0.0657876	1.95141	1.2457	6.07719	2.43088	8.54532e-08	0	0	0	0	0	0	0	0	
0.346	0.80311	-0.0652823	1.95243	1.24516	6.07771	2.43108	8.54278e-08	0	0	0	0	0	0	0	0	
0.347	0.803471	-0.06476	1.95347	1.2446	6.07823	2.43129	8.54166e-08	0	0	0	0	0	0	0	0	
0.348	0.803844	-0.0642183	1.95456	1.24402	6.07879	2.43152	8.5411e-08	0	0	0	0	0	0	0	0	
0.349	0.804228	-0.0636547	1.95569	1.24343	6.07939	2.43176	8.5402e-08	0	0	0	0	0	0	0	0	
0.35	0.804624	-0.0630664	1.95686	1.24282	6.08005	2.43202	8.53812e-08	0	0	0	0	0	0	0	0	
0.351	0.80503	-0.0624508	1.95809	1.24219	6.08079	2.43231	8.53423e-08	0	0	0	0	0	0	0	0	
0.352	0.805448	-0.0618054	1.95937	1.24154	6.08161	2.43265	8.52809e-08	0	0	0	0	0	0	0	0	
0.353	0.805878	-0.0611277	1.96071	1.24088	6.08254	2.43302	8.51959e-08	0	0	0	0	0	0	0	0	
0.354	0.806319	-0.0604153	1.96212	1.2402	6.08358	2.43343	8.50891e-08	0	0	0	0	0	0	0	0	
0.355	0.806773	-0.059666	1.9636	1.23951	6.08474	2.43389	8.49651e-08	0	0	0	0	0	0	0	0	
0.356	0.807241	-0.0588775	1.96515	1.23879	6.08602	2.43441	8.4831e-08	0	0	0	0	0	0	0	0	
0.357	0.807722	-0.0580475	1.96678	1.23805	6.08743	2.43497	8.46954e-08	0	0	0	0	0	0	0	0	
0.358	0.808219	-0.0571737	1.96849	1.23729	6.08897	2.43559	8.45682e-08	0	0	0	0	0	0	0	0	
0.359	0.808731	-0.056254	1.97027	1.2365	6.09063	2.43625	8.44589e-08	0	0	0	0	0	0	0	0	
0.36	0.809261	-0.0552868	1.97215	1.23569	6.09242	2.43697	8.43767e-08	0	0	0	0	0	0	0	0	
0.361	0.80981	-0.0542707	1.9741	1.23486	6.09434	2.43773	8.4329e-08	0	0	0	0	0	0	0	0	
0.362	0.810379	-0.0532052	1.97615	1.23399	6.09636	2.43854	8.43214e-08	0	0	0	0	0	0	0	0	
0.363	0.810971	-0.05209	1.97828	1.23309	6.0985	2.4394	8.43569e-08	0	0	0	0	0	0	0	0	
0.364	0.811586	-0.0509251	1.98051	1.23216	6.10073	2.44029	8.44359e-08	0	0	0	0	0	0	0	0	
0.365	0.812228	-0.0497101	1.98282	1.23118	6.10304	2.44122	8.45563e-08	0	0	0	0	0	0	0	0	
0.366	0.812896	-0.0484445	1.98523	1.23017	6.10543	2.44217	8.47135e-08	0	0	0	0	0	0	0	0	
0.367	0.813593	-0.0471271	1.98773	1.22912	6.10788	2.44315	8.49009e-08	0	0	0	0	0	0	0	0	
0.368	0.814318	-0.0457572	1.99032	1.22802	6.11037	2.44415	8.51107e-08	0	0	0	0	0	0	0	0	
0.369	0.815074	-0.0443351	1.99298	1.22688	6.11289	2.44516	8.53337e-08	0	0	0	0	0	0	0	0	
0.37	0.815862	-0.0428624	1.99574	1.2257	6.11543	2.44617	8.55608e-08	0	0	0	0	0	0	0	0	
0.371	0.816684	-0.041341	1.99858	1.22446	6.11797	2.44719	8.57828e-08	0	0	0	0	0	0	0	0	
0.372	0.817538	-0.0397723	2.0015	1.22318	6.12052	2.44821	8.59914e-08	0	0	0	0	0	0	0	0	
0.373	0.818426	-0.0381563	2.00451	1.22186	6.12306	2.44922	8.6179e-08	0	0	0	0	0	0	0	0	
0.374	0.819345	-0.0364926	2.00759	1.22049	6.12558	2.45023	8.63393e-08	0	0	0	0	0	0	0	0	
0.375	0.820295	-0.0347824	2.01074	1.21907	6.12809	2.45124	8.64673e-08	0	0	0	0	0	0	0	0	
0.376	0.821276	-0.0330294	2.01396	1.21762	6.13059	2.45224	8.65593e-08	0	0	0	0	0	0	0	0	
0.377	0.822287	-0.0312386	2.01727	1.21612	6.1331	2.45324	8.66125e-08	0	0	0	0	0	0	0	0	
0.378	0.823326	-0.0294133	2.02065	1.21459	6.13562	2.45425	8.66255e-08	0	0	0	0	0	0	0	0	
0.379	0.82439	-0.0275528	2.02409	1.21302	6.13815	2.45526	8.65977e-08	0	0	0	0	0	0	0	0	
0.38	0.825475	-0.0256551	2.0276	1.21142	6.1407	2.45628	8.65296e-08	0	0	0	0	0	0	0	0	
0.381	0.826575	-0.0237204	2.03116	1.20981	6.14329	2.45732	8.64224e-08	0	0	0	0	0	0	0	0	
0.382	0.827692	-0.0217544	2.03477	1.20818	6.14593	2.45837	8.62784e-08	0	0	0	0	0	0	0	0	
0.383	0.828827	-0.0197674	2.03846	1.20653	6.14864	2.45946	8.61003e-08	0	0	0	0	0	0	0	0	
0.384	0.829978	-0.0177672	2.04223	1.20485	6.15145	2.46058	8.58916e-08	0	0	0	0	0	0	0	0	
0.385	0.83114	-0.0157508	2.04605	1.20317	6.15435	2.46174	8.56564e-08	0	0	0	0	0	0	0	0	
0.386	0.832303	-0.0137068	2.04991	1.20148	6.15733	2.46293	8.53991e-08	0	0	0	0	0	0	0	0	
0.387	0.833464	-0.0116305	2.05378	1.19981	6.16038	2.46415	8.51241e-08	0	0	0	0	0	0	0	0	
0.388	0.834629	-0.009536	2.05771	1.19814	6.16355	2.46542	8.48359e-08	0	0	0	0	0	0	0	0	
0.389	0.835795	-0.00743287	2.06168	1.19647	6.16683	2.46673	8.45388e-08	0	0	0	0	0	0	0	0	
0.39	0.836972	-0.00531765	2.06573	1.19478	6.17024	2.46809	8.42367e-08	0	0	0	0	0	0	0	0	
0.391	0.838197	-0.00327245	2.06998	1.19304	6.17389	2.46956	8.39333e-08	0	0	0	0	0	0	0	0	
0.392	0.839306	-0.00126428	2.07386	1.19146	6.17731	2.47092	8.36319e-08	0	0	0	0	0	0	0	0	
0.393	0.840618	0.00149194	2.07849	1.1896	6.18142	2.47257	8.33356e-08	0	0	0	0	0	0	0	0	
0.394	0.8424	0.00521786	2.08477	1.18708	6.18699	2.47479	8.30479e-08	0	0	0	0	0	0	0	0	
0.395	0.84428	0.00867881	2.09142	1.18444	6.19291	2.47716	8.27713e-08	0	0	0	0	0	0	0	0	
0.396	0.846119	0.0120524	2.09796	1.18187	6.19877	2.47951	8.25094e-08	0	0	0	0	0	0	0	0	
0.397	0.847916	0.0153531	2.10437	1.17936	6.20455	2.48182	8.2266e-08	0	0	0	0	0	0	0	0	
0.398	0.849681	0.0185964	2.11069	1.17691	6.21025	2.4841	8.20451e-08	0	0	0	0	0	0	0	0	
0.399	0.851421	0.0217921	2.11693	1.17451	6.21588	2.48635	8.18512e-08	0	0	0	0	0	0	0	0	
0.4	0.853141	0.0249485	2.12311	1.17214	6.22144	2.48858	8.16885e-08	0	0	0	0	0	0	0	0	
0.401	0.854848	0.0280724	2.12923	1.1698	6.22692	2.49077	8.15612e-08	0	0	0	0	0	0	0	0	
0.402	0.856544	0.03117	2.1353	1.16748	6.23231	2.49292	8.14726e-08	0	0	0	0	0	0	0	0	
0.403	0.858235	0.0342461	2.14134	1.16518	6.23762	2.49505	8.14253e-08	0	0	0	0	0	0	0	0	
0.404	0.859924	0.0373052	2.14735	1.16289	6.24283	2.49713	8.14205e-08	0	0	0	0	0	0	0	0	
0.405	0.861614	0.040351	2.15333	1.16061	6.24795	2.49918	8.14582e-08	0	0	0	0	0	0	0	0	
0.406	0.863306	0.0433866	2.1593	1.15834	6.25298	2.50119	8.15367e-08	0	0	0	0	0	0	0	0	
0.407	0.865003	0.046415	2.16525	1.15607	6.25792	2.50317	8.16533e-08	0	0	0	0	0	0	0	0	
0.408	0.866705	0.0494383	2.17119	1.15379	6.26277	2.50511	8.18039e-08	0	0	0	0	0	0	0	0	
0.409	0.868414	0.0524588	2.17713	1.15152	6.26755	2.50702	8.19834e-08	0	0	0	0	0	0	0	0	
0.41	0.870129	0.055478	2.18307	1.14925	6.27225	2.5089	8.21863e-08	0	0	0	0	0	0	0	0	
0.411	0.87185	0.0584976	2.18901	1.14699	6.2769	2.51076	8.24069e-08	0	0	0	0	0	0	0	0	
0.412	0.873576	0.0615187	2.19495	1.14472	6.28151	2.5126	8.26395e-08	0	0	0	0	0	0	0	0	
0.413	0.875306	0.0645425	2.2009	1.14246	6.28608	2.51443	8.28785e-08	0	0	0	0	0	0	0	0	
0.414	0.87704	0.0675699	2.20686	1.1402	6.29065	2.51626	8.31189e-08	0	0	0	0	0	0	0	0	
0.415	0.878775	0.0706017	2.21283	1.13795	6.29521	2.51808	8.33562e-08	0	0	0	0	0	0	0	0	
0.416	0.88051	0.0736385	2.21881	1.13571	6.29979	2.51992	8.35864e-08	0	0	0	0	0	0	0	0	
0.417	0.882245	0.0766808	2.22481	1.13347	6.3044	2.52176	8.38061e-08	0	0	0	0	0	0	0	0	
0.418	0.883978	0.0797291	2.23082	1.13125	6.30905	2.52362	8.40124e-08	0	0	0	0	0	0	0	0	
0.419	0.885708	0.0827835	2.23685	1.12904	6.31374	2.5255	8.42031e-08	0	0	0	0	0	0	0	0	
0.42	0.887435	0.0858441	2.2429	1.12684	6.3185	2.5274	8.43767e-08	0	0	0	0	0	0	0	0	
0.421	0.88916	0.0889108	2.24897	1.12466	6.32331	2.52932	8.45321e-08	0	0	0	0	0	0	0	0	
0.422	0.890881	0.0919836	2.25506	1.12248	6.32819	2.53128	8.46694e-08	0	0	0	0	0	0	0	0	
0.423	0.8926	0.095062	2.26118	1.12032	6.33313	2.53325	8.47889e-08	0	0	0	0	0	0	0	0	
0.424	0.894317	0.0981455	2.26732	1.11817	6.33815	2.53526	8.48918e-08	0	0	0	0	0	0	0	0	
0.425	0.896033	0.101234	2.27349	1.11603	6.34322	2.53729	8.49799e-08	0	0	0	0	0	0	0	0	
0.426	0.897751	0.104326	2.2797	1.11389	6.34835	2.53934	8.5055e-08	0	0	0	0	0	0	0	0	
0.427	0.899472	0.107421	2.28593	1.11176	6.35353	2.54141	8.51193e-08	0	0	0	0	0	0	0	0	
0.428	0.901197	0.110518	2.2922	1.10964	6.35876	2.5435	8.51748e-08	0	0	0	0	0	0	0	0	
0.429	0.902929	0.113618	2.2985	1.10751	6.36402	2.54561	8.52236e-08	0	0	0	0	0	0	0	0	
0.43	0.90467	0.116718	2.30485	1.10538	6.36931	2.54772	8.5267e-08	0	0	0	0	0	0	0	0	
0.431	0.906422	0.119819	2.31123	1.10324	6.37461	2.54984	8.53063e-08	0	0	0	0	0	0	0	0	
0.432	0.908187	0.122921	2.31766	1.1011	6.37991	2.55196	8.53423e-08	0	0	0	0	0	0	0	0	
0.433	0.909966	0.126023	2.32413	1.09894	6.38521	2.55408	8.53753e-08	0	0	0	0	0	0	0	0	
0.434	0.911761	0.129125	2.33064	1.09678	6.39049	2.5562	8.54058e-08	0	0	0	0	0	0	0	0	
0.435	0.913573	0.132227	2.33719	1.0946	6.39575	2.5583	8.54336e-08	0	0	0	0	0	0	0	0	
0.436	0.915403	0.135331	2.34379	1.09242	6.40098	2.56039	8.5459e-08	0	0	0	0	0	0	0	0	
0.437	0.91725	0.138437	2.35043	1.09022	6.40617	2.56247	8.5482e-08	0	0	0	0	0	0	0	0	
0.438	0.919115	0.141546	2.3571	1.088	6.41133	2.56453	8.55024e-08	0	0	0	0	0	0	0	0	
0.439	0.920996	0.144659	2.36381	1.08578	6.41646	2.56658	8.55204e-08	0	0	0	0	0	0	0	0	
0.44	0.922893	0.147777	2.37056	1.08355	6.42155	2.56862	8.55358e-08	0	0	0	0	0	0	0	0	
0.441	0.924804	0.150901	2.37734	1.08131	6.42661	2.57065	8.55484e-08	0	0	0	0	0	0	0	0	
0.442	0.926727	0.154033	2.38416	1.07907	6.43165	2.57266	8.55576e-08	0	0	0	0	0	0	0	0	
0.443	0.928661	0.157173	2.391	1.07682	6.43668	2.57467	8.55629e-08	0	0	0	0	0	0	0	0	
0.444	0.930603	0.160323	2.39787	1.07457	6.4417	2.57668	8.55634e-08	0	0	0	0	0	0	0	0	
0.445	0.932551	0.163483	2.40476	1.07233	6.44672	2.57869	8.5558e-08	0	0	0	0	0	0	0	0	
0.446	0.934504	0.166654	2.41168	1.07009	6.45176	2.58071	8.55456e-08	0	0	0	0	0	0	0	0	
0.447	0.93646	0.169836	2.41862	1.06785	6.45683	2.58273	8.55249e-08	0	0	0	0	0	0	0	0	
0.448	0.938417	0.17303	2.42559	1.06562	6.46192	2.58477	8.54948e-08	0	0	0	0	0	0	0	0	
0.449	0.940375	0.176235	2.43258	1.06341	6.46706	2.58682	8.54544e-08	0	0	0	0	0	0	0	0	
0.45	0.942331	0.179452	2.4396	1.0612	6.47224	2.5889	8.54027e-08	0	0	0	0	0	0	0	0	
0.451	0.944286	0.182681	2.44664	1.059	6.47748	2.59099	8.53393e-08	0	0	0	0	0	0	0	0	
0.452	0.94624	0.185921	2.4537	1.05681	6.48276	2.5931	8.52639e-08	0	0	0	0	0	0	0	0	
0.453	0.948192	0.189172	2.46079	1.05464	6.4881	2.59524	8.51766e-08	0	0	0	0	0	0	0	0	
0.454	0.950143	0.192434	2.4679	1.05247	6.4935	2.5974	8.50777e-08	0	0	0	0	0	0	0	0	
0.455	0.952093	0.195707	2.47504	1.05032	6.49894	2.59957	8.49683e-08	0	0	0	0	0	0	0	0	
0.456	0.954043	0.198991	2.4822	1.04817	6.50442	2.60177	8.48496e-08	0	0	0	0	0	0	0	0	
0.457	0.955993	0.202286	2.48939	1.04603	6.50995	2.60398	8.47234e-08	0	0	0	0	0	0	0	0	
0.458	0.957946	0.205593	2.4966	1.0439	6.5155	2.6062	8.4592e-08	0	0	0	0	0	0	0	0	
0.459	0.959901	0.20891	2.50384	1.04177	6.52108	2.60843	8.44578e-08	0	0	0	0	0	0	0	0	
0.46	0.961861	0.21224	2.5111	1.03965	6.52667	2.61067	8.43237e-08	0	0	0	0	0	0	0	0	
0.461	0.963825	0.215581	2.51838	1.03753	6.53226	2.6129	8.41925e-08	0	0	0	0	0	0	0	0	
0.462	0.965796	0.218934	2.52569	1.03542	6.53784	2.61514	8.40669e-08	0	0	0	0	0	0	0	0	
0.463	0.967774	0.222299	2.53302	1.0333	6.54341	2.61737	8.39489e-08	0	0	0	0	0	0	0	0	
0.464	0.969761	0.225676	2.54037	1.03118	6.54897	2.61959	8.384e-08	0	0	0	0	0	0	0	0	
0.465	0.971757	0.229065	2.54775	1.02906	6.5545	2.6218	8.37406e-08	0	0	0	0	0	0	0	0	
0.466	0.973763	0.232466	2.55515	1.02694	6.56	2.624	8.36502e-08	0	0	0	0	0	0	0	0	
0.467	0.975779	0.235876	2.56258	1.02482	6.56547	2.62619	8.35672e-08	0	0	0	0	0	0	0	0	
0.468	0.977808	0.239296	2.57004	1.0227	6.57092	2.62837	8.34896e-08	0	0	0	0	0	0	0	0	
0.469	0.979849	0.242724	2.57753	1.02057	6.57635	2.63054	8.34147e-08	0	0	0	0	0	0	0	0	
0.47	0.981902	0.246158	2.58506	1.01843	6.58177	2.63271	8.33396e-08	0	0	0	0	0	0	0	0	
0.471	0.983969	0.249595	2.59263	1.01629	6.58718	2.63487	8.3262e-08	0	0	0	0	0	0	0	0	
0.472	0.98605	0.253035	2.60025	1.01415	6.59259	2.63704	8.31798e-08	0	0	0	0	0	0	0	0	
0.473	0.988144	0.256474	2.60792	1.012	6.59802	2.63921	8.30923e-08	0	0	0	0	0	0	0	0	
0.474	0.990253	0.25991	2.61564	1.00984	6.60347	2.64139	8.29993e-08	0	0	0	0	0	0	0	0	
0.475	0.992377	0.263342	2.62343	1.00768	6.60895	2.64358	8.2902e-08	0	0	0	0	0	0	0	0	
0.476	0.994516	0.266769	2.63128	1.00551	6.61448	2.64579	8.28021e-08	0	0	0	0	0	0	0	0	
0.477	0.996668	0.270188	2.6392	1.00334	6.62006	2.64802	8.27024e-08	0	0	0	0	0	0	0	0	
0.478	0.998835	0.2736	2.64719	1.00117	6.62569	2.65028	8.26056e-08	0	0	0	0	0	0	0	0	
0.479	1.00101	0.277005	2.65525	0.998987	6.63139	2.65255	8.25148e-08	0	0	0	0	0	0	0	0	
0.48	1.00321	0.280405	2.66337	0.996804	6.63714	2.65486	8.24324e-08	0	0	0	0	0	0	0	0	
0.481	1.00541	0.283799	2.67156	0.994619	6.64295	2.65718	8.23607e-08	0	0	0	0	0	0	0	0	
0.482	1.00762	0.287191	2.6798	0.992434	6.64882	2.65953	8.23012e-08	0	0	0	0	0	0	0	0	
0.483	1.00985	0.290583	2.6881	0.990251	6.65473	2.66189	8.22546e-08	0	0	0	0	0	0	0	0	
0.484	1.01207	0.293977	2.69645	0.98807	6.6607	2.66428	8.22211e-08	0	0	0	0	0	0	0	0	
0.485	1.01431	0.297377	2.70484	0.985892	6.66669	2.66668	8.22004e-08	0	0	0	0	0	0	0	0	
0.486	1.01655	0.300785	2.71326	0.98372	6.67272	2.66909	8.21921e-08	0	0	0	0	0	0	0	0	
0.487	1.01879	0.304203	2.72171	0.981554	6.67877	2.67151	8.21954e-08	0	0	0	0	0	0	0	0	
0.488	1.02104	0.307634	2.73019	0.979394	6.68483	2.67393	8.22098e-08	0	0	0	0	0	0	0	0	
0.489	1.02329	0.311079	2.73869	0.977241	6.6909	2.67636	8.22349e-08	0	0	0	0	0	0	0	0	
0.49	1.02554	0.31454	2.7472	0.975095	6.69696	2.67879	8.22707e-08	0	0	0	0	0	0	0	0	
0.491	1.0278	0.318016	2.75574	0.972956	6.70302	2.68121	8.23172e-08	0	0	0	0	0	0	0	0	
0.492	1.03005	0.321509	2.76428	0.970823	6.70908	2.68363	8.23744e-08	0	0	0	0	0	0	0	0	
0.493	1.03231	0.325018	2.77285	0.968697	6.71512	2.68605	8.24421e-08	0	0	0	0	0	0	0	0	
0.494	1.03458	0.328542	2.78143	0.966576	6.72115	2.68846	8.25198e-08	0	0	0	0	0	0	0	0	
0.495	1.03685	0.33208	2.79002	0.964459	6.72716	2.69086	8.26066e-08	0	0	0	0	0	0	0	0	
0.496	1.03913	0.335632	2.79864	0.962347	6.73316	2.69327	8.27011e-08	0	0	0	0	0	0	0	0	
0.497	1.04141	0.339197	2.80729	0.960238	6.73915	2.69566	8.28014e-08	0	0	0	0	0	0	0	0	
0.498	1.0437	0.342773	2.81595	0.958131	6.74513	2.69805	8.29055e-08	0	0	0	0	0	0	0	0	
0.499	1.04599	0.34636	2.82465	0.956028	6.7511	2.70044	8.30115e-08	0	0	0	0	0	0	0	0	
0.5	1.0483	0.349957	2.83337	0.953926	6.75707	2.70283	8.31179e-08	0	0	0	0	0	0	0	0	
0.501	1.05061	0.353565	2.84212	0.951827	6.76303	2.70521	8.32236e-08	0	0	0	0	0	0	0	0	
0.502	1.05293	0.357181	2.85091	0.949731	6.76898	2.70759	8.33284e-08	0	0	0	0	0	0	0	0	
0.503	1.05526	0.360808	2.85972	0.947637	6.77494	2.70998	8.34325e-08	0	0	0	0	0	0	0	0	
0.504	1.05759	0.364446	2.86856	0.945548	6.78089	2.71236	8.35369e-08	0	0	0	0	0	0	0	0	
0.505	1.05993	0.368095	2.87742	0.943463	6.78685	2.71474	8.36427e-08	0	0	0	0	0	0	0	0	
0.506	1.06227	0.371755	2.88631	0.941383	6.79281	2.71712	8.37511e-08	0	0	0	0	0	0	0	0	
0.507	1.06461	0.375429	2.89522	0.93931	6.79877	2.71951	8.38628e-08	0	0	0	0	0	0	0	0	
0.508	1.06696	0.379116	2.90415	0.937244	6.80474	2.7219	8.39781e-08	0	0	0	0	0	0	0	0	
0.509	1.06931	0.382816	2.9131	0.935185	6.81072	2.72429	8.40964e-08	0	0	0	0	0	0	0	0	
0.51	1.07166	0.38653	2.92207	0.933134	6.8167	2.72668	8.42165e-08	0	0	0	0	0	0	0	0	
0.511	1.07401	0.390256	2.93106	0.931091	6.8227	2.72908	8.43365e-08	0	0	0	0	0	0	0	0	
0.512	1.07636	0.393993	2.94008	0.929053	6.82872	2.73149	8.44544e-08	0	0	0	0	0	0	0	0	
0.513	1.07872	0.397737	2.94913	0.927021	6.83476	2.7339	8.4568e-08	0	0	0	0	0	0	0	0	
0.514	1.08109	0.401486	2.95822	0.92499	6.84081	2.73633	8.46751e-08	0	0	0	0	0	0	0	0	
0.515	1.08347	0.405235	2.96737	0.92296	6.8469	2.73876	8.47742e-08	0	0	0	0	0	0	0	0	
0.516	1.08586	0.408979	2.97658	0.920926	6.85302	2.74121	8.4864e-08	0	0	0	0	0	0	0	0	
0.517	1.08828	0.412714	2.98586	0.918885	6.85917	2.74367	8.49435e-08	0	0	0	0	0	0	0	0	
0.518	1.09071	0.416435	2.99524	0.916835	6.86535	2.74614	8.50122e-08	0	0	0	0	0	0	0	0	
0.519	1.09317	0.420141	3.00471	0.914773	6.87157	2.74863	8.50696e-08	0	0	0	0	0	0	0	0	
0.52	1.09565	0.423829	3.01428	0.912698	6.87781	2.75113	8.51154e-08	0	0	0	0	0	0	0	0	
0.521	1.09817	0.427497	3.02395	0.91061	6.88409	2.75364	8.51493e-08	0	0	0	0	0	0	0	0	
0.522	1.10071	0.431149	3.03372	0.908507	6.8904	2.75616	8.51708e-08	0	0	0	0	0	0	0	0	
0.523	1.10327	0.434786	3.04359	0.906394	6.89672	2.75869	8.51792e-08	0	0	0	0	0	0	0	0	
0.524	1.10586	0.438413	3.05354	0.904271	6.90306	2.76123	8.51737e-08	0	0	0	0	0	0	0	0	
0.525	1.10847	0.442034	3.06356	0.902143	6.90942	2.76377	8.5153e-08	0	0	0	0	0	0	0	0	
0.526	1.11109	0.445657	3.07363	0.900013	6.91578	2.76631	8.51156e-08	0	0	0	0	0	0	0	0	
0.527	1.11373	0.449286	3.08375	0.897887	6.92214	2.76886	8.50598e-08	0	0	0	0	0	0	0	0	
0.528	1.11636	0.452927	3.09389	0.895767	6.92852	2.77141	8.49836e-08	0	0	0	0	0	0	0	0	
0.529	1.119	0.456585	3.10405	0.893658	6.9349	2.77396	8.48853e-08	0	0	0	0	0	0	0	0	
0.53	1.12163	0.460262	3.11421	0.891562	6.94129	2.77651	8.47638e-08	0	0	0	0	0	0	0	0	
0.531	1.12425	0.463961	3.12438	0.889482	6.94769	2.77908	8.46192e-08	0	0	0	0	0	0	0	0	
0.532	1.12686	0.467683	3.13454	0.887418	6.95412	2.78165	8.44529e-08	0	0	0	0	0	0	0	0	
0.533	1.12947	0.471428	3.1447	0.885373	6.96058	2.78423	8.42681e-08	0	0	0	0	0	0	0	0	
0.534	1.13206	0.475194	3.15486	0.883345	6.96707	2.78683	8.40694e-08	0	0	0	0	0	0	0	0	
0.535	1.13464	0.47898	3.16502	0.881333	6.9736	2.78944	8.38628e-08	0	0	0	0	0	0	0	0	
0.536	1.13722	0.482784	3.17519	0.879337	6.98017	2.79207	8.36547e-08	0	0	0	0	0	0	0	0	
0.537	1.13979	0.486604	3.18538	0.877355	6.98677	2.79471	8.34513e-08	0	0	0	0	0	0	0	0	
0.538	1.14236	0.490438	3.19558	0.875385	6.99341	2.79737	8.32575e-08	0	0	0	0	0	0	0	0	
0.539	1.14492	0.494284	3.20581	0.873423	7.00008	2.80003	8.30768e-08	0	0	0	0	0	0	0	0	
0.54	1.14749	0.49814	3.21607	0.871469	7.00676	2.80271	8.29109e-08	0	0	0	0	0	0	0	0	
0.541	1.15006	0.502006	3.22636	0.869519	7.01345	2.80538	8.27597e-08	0	0	0	0	0	0	0	0	
0.542	1.15264	0.505879	3.23668	0.86757	7.02013	2.80805	8.2622e-08	0	0	0	0	0	0	0	0	
0.543	1.15524	0.50976	3.24704	0.865622	7.02678	2.81071	8.24963e-08	0	0	0	0	0	0	0	0	
0.544	1.15785	0.513649	3.25744	0.863671	7.0334	2.81336	8.23807e-08	0	0	0	0	0	0	0	0	
0.545	1.16047	0.517544	3.26788	0.861717	7.03996	2.81599	8.22741e-08	0	0	0	0	0	0	0	0	
0.546	1.16312	0.521448	3.27835	0.859758	7.04647	2.81859	8.21754e-08	0	0	0	0	0	0	0	0	
0.547	1.16578	0.52536	3.28886	0.857796	7.05291	2.82117	8.2084e-08	0	0	0	0	0	0	0	0	
0.548	1.16846	0.529282	3.29939	0.85583	7.0593	2.82372	8.19994e-08	0	0	0	0	0	0	0	0	
0.549	1.17115	0.533215	3.30996	0.853863	7.06562	2.82625	8.19205e-08	0	0	0	0	0	0	0	0	
0.55	1.17385	0.537161	3.32054	0.851896	7.07189	2.82876	8.18465e-08	0	0	0	0	0	0	0	0	
0.551	1.17656	0.541121	3.33115	0.849932	7.07813	2.83125	8.17765e-08	0	0	0	0	0	0	0	0	
0.552	1.17928	0.545095	3.34178	0.847973	7.08435	2.83374	8.17105e-08	0	0	0	0	0	0	0	0	
0.553	1.182	0.549083	3.35243	0.846022	7.09057	2.83623	8.16499e-08	0	0	0	0	0	0	0	0	
0.554	1.18472	0.55308	3.36311	0.844078	7.09682	2.83873	8.1598e-08	0	0	0	0	0	0	0	0	
0.555	1.18745	0.557085	3.37383	0.842143	7.10312	2.84125	8.15594e-08	0	0	0	0	0	0	0	0	
0.556	1.19017	0.561089	3.38461	0.840215	7.1095	2.8438	8.15399e-08	0	0	0	0	0	0	0	0	
0.557	1.1929	0.565086	3.39547	0.838291	7.11598	2.84639	8.1545e-08	0	0	0	0	0	0	0	0	
0.558	1.19564	0.569068	3.40644	0.836369	7.1226	2.84904	8.15786e-08	0	0	0	0	0	0	0	0	
0.559	1.1984	0.573025	3.41753	0.834446	7.12936	2.85175	8.16419e-08	0	0	0	0	0	0	0	0	
0.56	1.20117	0.576953	3.42878	0.832518	7.13629	2.85452	8.17325e-08	0	0	0	0	0	0	0	0	
0.561	1.20397	0.580845	3.44018	0.830583	7.14339	2.85736	8.18445e-08	0	0	0	0	0	0	0	0	
0.562	1.2068	0.584702	3.45175	0.828639	7.15064	2.86026	8.19693e-08	0	0	0	0	0	0	0	0	
0.563	1.20965	0.588527	3.46348	0.826687	7.15804	2.86321	8.20971e-08	0	0	0	0	0	0	0	0	
0.564	1.21252	0.592325	3.47535	0.824726	7.16553	2.86621	8.2218e-08	0	0	0	0	0	0	0	0	
0.565	1.21542	0.596107	3.48734	0.822758	7.17309	2.86924	8.23242e-08	0	0	0	0	0	0	0	0	
0.566	1.21835	0.599884	3.49941	0.820785	7.18066	2.87226	8.24104e-08	0	0	0	0	0	0	0	0	
0.567	1.22129	0.603667	3.51153	0.818809	7.18819	2.87528	8.2475e-08	0	0	0	0	0	0	0	0	
0.568	1.22424	0.607466	3.52368	0.816833	7.19564	2.87826	8.25193e-08	0	0	0	0	0	0	0	0	
0.569	1.22721	0.611291	3.53582	0.814856	7.20297	2.88119	8.25477e-08	0	0	0	0	0	0	0	0	
0.57	1.23019	0.615147	3.54794	0.812881	7.21014	2.88405	8.25659e-08	0	0	0	0	0	0	0	0	
0.571	1.23319	0.619037	3.56004	0.810906	7.21715	2.88686	8.25799e-08	0	0	0	0	0	0	0	0	
0.572	1.2362	0.62296	3.57211	0.808934	7.22399	2.8896	8.25947e-08	0	0	0	0	0	0	0	0	
0.573	1.23922	0.626915	3.58415	0.806962	7.23069	2.89228	8.26125e-08	0	0	0	0	0	0	0	0	
0.574	1.24225	0.630897	3.59619	0.804994	7.23728	2.89491	8.26319e-08	0	0	0	0	0	0	0	0	
0.575	1.24528	0.634903	3.60823	0.80303	7.24379	2.89751	8.26481e-08	0	0	0	0	0	0	0	0	
0.576	1.24833	0.638929	3.62028	0.801071	7.25026	2.9001	8.26538e-08	0	0	0	0	0	0	0	0	
0.577	1.25138	0.642969	3.63237	0.799121	7.25675	2.9027	8.26411e-08	0	0	0	0	0	0	0	0	
0.578	1.25442	0.647022	3.64449	0.797181	7.26329	2.90531	8.26046e-08	0	0	0	0	0	0	0	0	
0.579	1.25746	0.651084	3.65665	0.795253	7.26992	2.90797	8.2544e-08	0	0	0	0	0	0	0	0	
0.58	1.26049	0.655153	3.66887	0.793341	7.27667	2.91067	8.24662e-08	0	0	0	0	0	0	0	0	
0.581	1.26351	0.659228	3.68115	0.791444	7.28356	2.91342	8.2386e-08	0	0	0	0	0	0	0	0	
0.582	1.26652	0.663308	3.69349	0.789563	7.29062	2.91625	8.23244e-08	0	0	0	0	0	0	0	0	
0.583	1.26952	0.667392	3.7059	0.787699	7.29783	2.91913	8.23051e-08	0	0	0	0	0	0	0	0	
0.584	1.27251	0.671479	3.71837	0.785851	7.30521	2.92208	8.23502e-08	0	0	0	0	0	0	0	0	
0.585	1.27548	0.675571	3.73091	0.784017	7.31274	2.92509	8.24745e-08	0	0	0	0	0	0	0	0	
0.586	1.27845	0.679668	3.74351	0.782195	7.32038	2.92815	8.26816e-08	0	0	0	0	0	0	0	0	
0.587	1.28142	0.683772	3.75617	0.780382	7.32811	2.93124	8.29618e-08	0	0	0	0	0	0	0	0	
0.588	1.2844	0.687887	3.76887	0.778575	7.33588	2.93435	8.32924e-08	0	0	0	0	0	0	0	0	
0.589	1.28738	0.692018	3.78162	0.776771	7.34363	2.93745	8.36409e-08	0	0	0	0	0	0	0	0	
0.59	1.29037	0.696172	3.79437	0.774969	7.35129	2.94052	8.39708e-08	0	0	0	0	0	0	0	0	
0.591	1.29338	0.700359	3.80711	0.773167	7.35882	2.94353	8.42477e-08	0	0	0	0	0	0	0	0	
0.592	1.2964	0.704585	3.81981	0.771365	7.36616	2.94646	8.44458e-08	0	0	0	0	0	0	0	0	
0.593	1.29944	0.708859	3.83245	0.769563	7.37327	2.94931	8.45519e-08	0	0	0	0	0	0	0	0	
0.594	1.30249	0.713181	3.84502	0.767762	7.38015	2.95206	8.45668e-08	0	0	0	0	0	0	0	0	
0.595	1.30555	0.717548	3.85754	0.765962	7.38683	2.95473	8.45032e-08	0	0	0	0	0	0	0	0	
0.596	1.30863	0.721944	3.87006	0.764158	7.39335	2.95734	8.43822e-08	0	0	0	0	0	0	0	0	
0.597	1.31174	0.726347	3.88266	0.762347	7.39983	2.95993	8.42277e-08	0	0	0	0	0	0	0	0	
0.598	1.31489	0.730724	3.89542	0.760519	7.40635	2.96254	8.40615e-08	0	0	0	0	0	0	0	0	
0.599	1.3181	0.735044	3.90846	0.758668	7.41306	2.96522	8.39e-08	0	0	0	0	0	0	0	0	
0.6	1.32138	0.739279	3.92188	0.756785	7.42005	2.96802	8.37517e-08	0	0	0	0	0	0	0	0	
0.601	1.32473	0.74341	3.93573	0.75487	7.42741	2.97096	8.36168e-08	0	0	0	0	0	0	0	0	
0.602	1.32815	0.747441	3.95001	0.752927	7.43517	2.97407	8.34882e-08	0	0	0	0	0	0	0	0	
0.603	1.33162	0.751389	3.96467	0.750966	7.44333	2.97733	8.33558e-08	0	0	0	0	0	0	0	0	
0.604	1.33511	0.75529	3.9796	0.749004	7.45184	2.98074	8.32117e-08	0	0	0	0	0	0	0	0	
0.605	1.33859	0.759184	3.99467	0.747058	7.46062	2.98425	8.30564e-08	0	0	0	0	0	0	0	0	
0.606	1.34202	0.763114	4.00975	0.745143	7.4696	2.98784	8.29024e-08	0	0	0	0	0	0	0	0	
0.607	1.34541	0.767111	4.02474	0.74327	7.47868	2.99147	8.27721e-08	0	0	0	0	0	0	0	0	
0.608	1.34872	0.771193	4.03958	0.741442	7.48779	2.99512	8.269e-08	0	0	0	0	0	0	0	0	
0.609	1.35198	0.775364	4.05425	0.739654	7.49687	2.99875	8.26707e-08	0	0	0	0	0	0	0	0	
0.61	1.3552	0.779617	4.06879	0.737896	7.50585	3.00234	8.27084e-08	0	0	0	0	0	0	0	0	
0.611	1.35842	0.783939	4.08323	0.736152	7.51469	3.00587	8.27728e-08	0	0	0	0	0	0	0	0	
0.612	1.36165	0.788311	4.09763	0.734405	7.5233	3.00932	8.28161e-08	0	0	0	0	0	0	0	0	
0.613	1.36493	0.79272	4.11206	0.73264	7.53165	3.01266	8.27886e-08	0	0	0	0	0	0	0	0	
0.614	1.36828	0.797152	4.12654	0.730846	7.53968	3.01587	8.26595e-08	0	0	0	0	0	0	0	0	
0.615	1.37171	0.801601	4.14112	0.729016	7.54737	3.01895	8.24315e-08	0	0	0	0	0	0	0	0	
0.616	1.37524	0.806061	4.15582	0.727148	7.55473	3.02189	8.21439e-08	0	0	0	0	0	0	0	0	
0.617	1.37884	0.810532	4.17063	0.725246	7.56183	3.02473	8.18593e-08	0	0	0	0	0	0	0	0	
0.618	1.38252	0.815015	4.18558	0.723317	7.56875	3.0275	8.16413e-08	0	0	0	0	0	0	0	0	
0.619	1.38625	0.81951	4.20065	0.721373	7.57558	3.03023	8.15354e-08	0	0	0	0	0	0	0	0	
0.62	1.39	0.824019	4.21585	0.719424	7.58245	3.03298	8.15627e-08	0	0	0	0	0	0	0	0	
0.621	1.39376	0.828547	4.23117	0.717481	7.58946	3.03579	8.1725e-08	0	0	0	0	0	0	0	0	
0.622	1.39752	0.833093	4.24662	0.715553	7.5967	3.03868	8.20122e-08	0	0	0	0	0	0	0	0	
0.623	1.40126	0.837662	4.26219	0.713645	7.60423	3.04169	8.24012e-08	0	0	0	0	0	0	0	0	
0.624	1.40497	0.842254	4.27789	0.71176	7.61207	3.04483	8.28491e-08	0	0	0	0	0	0	0	0	
0.625	1.40866	0.84687	4.29372	0.709897	7.62024	3.0481	8.32954e-08	0	0	0	0	0	0	0	0	
0.626	1.41232	0.851511	4.30968	0.708055	7.62873	3.05149	8.3684e-08	0	0	0	0	0	0	0	0	
0.627	1.41597	0.856176	4.3258	0.706231	7.63753	3.05501	8.39964e-08	0	0	0	0	0	0	0	0	
0.628	1.4196	0.860865	4.34207	0.704424	7.64664	3.05866	8.42716e-08	0	0	0	0	0	0	0	0	
0.629	1.42322	0.865584	4.3585	0.702631	7.65603	3.06241	8.45833e-08	0	0	0	0	0	0	0	0	
0.63	1.42684	0.870344	4.37504	0.700851	7.66563	3.06625	8.49744e-08	0	0	0	0	0	0	0	0	
0.631	1.43044	0.875169	4.39165	0.699084	7.67533	3.07013	8.53894e-08	0	0	0	0	0	0	0	0	
0.632	1.43404	0.880096	4.40818	0.697333	7.68493	3.07397	8.56628e-08	0	0	0	0	0	0	0	0	
0.633	1.43762	0.885167	4.42452	0.695595	7.69419	3.07768	8.5591e-08	0	0	0	0	0	0	0	0	
0.634	1.4412	0.890413	4.44057	0.693866	7.70289	3.08116	8.50401e-08	0	0	0	0	0	0	0	0	
0.635	1.44482	0.895826	4.45636	0.692126	7.71091	3.08436	8.40098e-08	0	0	0	0	0	0	0	0	
0.636	1.44856	0.901335	4.47217	0.69034	7.7183	3.08732	8.2648e-08	0	0	0	0	0	0	0	0	
0.637	1.45252	0.906815	4.48847	0.68846	7.72533	3.09013	8.12537e-08	0	0	0	0	0	0	0	0	
0.638	1.45679	0.912119	4.50583	0.686439	7.73244	3.09297	8.01971e-08	0	0	0	0	0	0	0	0	
0.639	1.46144	0.917144	4.52464	0.684256	7.74003	3.09601	7.97349e-08	0	0	0	0	0	0	0	0	
0.64	1.46643	0.921885	4.54498	0.681931	7.7484	3.09936	7.98298e-08	0	0	0	0	0	0	0	0	
0.641	1.47162	0.926448	4.56651	0.679522	7.75761	3.10305	8.00854e-08	0	0	0	0	0	0	0	0	
0.642	1.47687	0.931011	4.58865	0.677109	7.76755	3.10702	8.00166e-08	0	0	0	0	0	0	0	0	
0.643	1.48201	0.935741	4.61082	0.674761	7.778	3.1112	7.97506e-08	0	0	0	0	0	0	0	0	
0.644	1.48697	0.940745	4.63268	0.67251	7.78882	3.11553	7.99147e-08	0	0	0	0	0	0	0	0	
0.645	1.49175	0.946045	4.6542	0.670354	7.7999	3.11996	8.05801e-08	0	0	0	0	0	0	0	0	
0.646	1.49642	0.9516	4.67558	0.66826	7.81127	3.12451	8.15257e-08	0	0	0	0	0	0	0	0	
0.647	1.50107	0.957352	4.69712	0.666192	7.82296	3.12918	8.17886e-08	0	0	0	0	0	0	0	0	
0.648	1.50575	0.963263	4.71904	0.66412	7.83501	3.13401	8.02024e-08	0	0	0	0	0	0	0	0	
0.649	1.5105	0.969328	4.74146	0.662033	7.8475	3.139	7.83299e-08	0	0	0	0	0	0	0	0	
0.65	1.51531	0.975557	4.76446	0.65993	7.86053	3.14421	8.03691e-08	0	0	0	0	0	0	0	0	
0.651	1.52021	0.98196	4.78816	0.657803	7.87416	3.14967	8.05559e-08	0	0	0	0	0	0	0	0	
0.652	1.52524	0.988555	4.81266	0.655633	7.88835	3.15534	7.92014e-08	0	0	0	0	0	0	0	0	
0.653	1.53049	0.99538	4.83801	0.653386	7.90272	3.16109	8.6099e-08	0	0	0	0	0	0	0	0	
0.654	1.53609	1.00248	4.86433	0.651003	7.91673	3.16669	7.46687e-08	0	0	0	0	0	0	0	0	
0.655	1.54223	1.00985	4.8919	0.648413	7.92992	3.17197	9.95004e-08	0	0	0	0	0	0	0	0	
0.656	1.54902	1.01753	4.92101	0.645568	7.94212	3.17685	2.10893e-07	0	0	0	0	0	0	0	0	
0.657	1.55646	1.02561	4.95177	0.642483	7.95357	3.18143	4.50663e-07	0	0	0	0	0	0	0	0	
0.658	1.56444	1.03423	4.98429	0.639208	7.96499	3.186	9.60497e-07	0	0	0	0	0	0	0	0	
0.659	1.57294	1.04341	5.01931	0.635754	7.97761	3.19104	2.04216e-06	0	0	0	0	0	0	0	0	
0.66	1.58205	1.05313	5.05795	0.632091	7.9927	3.19708	4.34078e-06	0	0	0	0	0	0	0	0	
0.661	1.59177	1.0637	5.10054	0.628233	8.01082	3.20433	9.2638e-06	0	0	0	0	0	0	0	0	
0.662	1.60207	1.07563	5.14707	0.624194	8.03193	3.21277	1.99286e-05	0	0	0	0	0	0	0	0	
0.663	1.61346	1.08914	5.1996	0.619787	8.05661	3.22265	4.33694e-05	0	0	0	0	0	0	0	0	
0.664	1.62697	1.10426	5.26238	0.614641	8.08619	3.23448	9.59556e-05	0	0	0	0	0	0	0	0	
0.665	1.64329	1.12196	5.33821	0.608535	8.12122	3.24849	0.000216229	0	0	0	0	0	0	0	0	
0.666	1.66293	1.14436	5.4289	0.60135	8.16167	3.26467	0.000497565	0	0	0	0	0	0	0	0	
0.667	1.68805	1.17338	5.54366	0.592399	8.21014	3.28406	0.00117831	0	0	0	0	0	0	0	0	
0.668	1.72363	1.21106	5.70396	0.580172	8.2732	3.30928	0.00287786	0	0	0	0	0	0	0	0	
0.669	1.77679	1.26341	5.93879	0.562812	8.35605	3.34242	0.00728368	0	0	0	0	0	0	0	0	
0.67	1.86002	1.34402	6.29163	0.53763	8.45642	3.38257	0.0194274	0	0	0	0	0	0	0	0	
0.671	2.00589	1.47359	6.86562	0.498533	8.55684	3.42274	0.0550396	0	0	0	0	0	0	0	0	
0.672	2.29426	1.66982	7.82831	0.435871	8.53033	3.41213	0.164323	0	0	0	0	0	0	0	0	
0.673	2.53246	1.73128	7.56567	0.394874	7.46871	2.98748	0.481942	0	0	0	0	0	0	0	0	
0.674	1.8471	1.08118	3.72446	0.54139	5.04096	2.01638	0.872366	0	0	0	0	0	0	0	0	
0.675	1.10589	0.146804	1.22634	0.904247	2.77228	1.10891	0.996353	0	0	0	0	0	0	0	0	
0.676	1.03188	0.0779998	1.09789	0.969102	2.65992	1.06397	0.997089	0	0	0	0	0	0	0	0	
0.677	1.03159	0.0774143	1.09672	0.969379	2.65784	1.06314	0.997361	0	0	0	0	0	0	0	0	
0.678	1.03144	0.077208	1.09659	0.969522	2.65792	1.06317	0.997617	0	0	0	0	0	0	0	0	
0.679	1.03144	0.0769474	1.09655	0.969518	2.65782	1.06313	0.997877	0	0	0	0	0	0	0	0	
0.68	1.03188	0.0767384	1.09644	0.969102	2.65641	1.06257	0.998149	0	0	0	0	0	0	0	0	
0.681	1.03231	0.0767569	1.09599	0.968705	2.65423	1.06169	0.998425	0	0	0	0	0	0	0	0	
0.682	1.03078	0.0767115	1.09562	0.970135	2.65725	1.0629	0.998665	0	0	0	0	0	0	0	0	
0.683	1.03184	0.0758105	1.09639	0.969142	2.65641	1.06256	0.998931	0	0	0	0	0	0	0	0	
0.684	1.03197	0.0747214	1.0965	0.969018	2.65632	1.06253	0.999193	0	0	0	0	0	0	0	0	
0.685	1.02778	0.0742063	1.0889	0.972967	2.64866	1.05946	0.999463	0	0	0	0	0	0	0	0	
0.686	1.00825	0.0550205	1.05885	0.991817	2.62546	1.05018	0.999721	0	0	0	0	0	0	0	0	
0.687	0.929434	-0.0700655	0.94067	1.07592	2.53022	1.01209	0.999917	0	0	0	0	0	0	0	0	
0.688	0.752942	-0.28175	0.697654	1.32812	2.31643	0.926571	0.999991	0	0	0	0	0	0	0	0	
0.689	0.267542	-1.31473	0.108689	3.73773	1.01562	0.406249	1	0	0	0	0	0	0	0	0	
0.69	0.259259	-1.35769	0.0967742	3.85715	0.933181	0.373272	1	0	0	0	0	0	0	0	0	
0.691	0.259259	-1.35769	0.0967742	3.85715	0.933181	0.373272	1	0	0	0	0	0	0	0	0	
0.692	0.259259	-1.35769	0.0967742	3.85715	0.933181	0.373272	1	0	0	0	0	0	0	0	0	
0.693	0.259259	-1.35769	0.0967742	3.85715	0.933181	0.373272	1	0	0	0	0	0	0	0	0	
0.694	0.259259	-1.35769	0.0967742	3.85715	0.933181	0.373272	1	0	0	0	0	0	0	0	0	
0.695	0.259259	-1.35769	0.0967742	3.85715	0.933181	0.373272	1	0	0	0	0	0	0	0	0	
0.696	0.259259	-1.35769	0.0967742	3.85715	0.933181	0.373272	1	0	0	0	0	0	0	0	0	
0.697	0.259259	-1.35769	0.0967742	3.85715	0.933181	0.373272	1	0	0	0	0	0	0	0	0	
0.698	0.259259	-1.35769	0.0967742	3.85715	0.933181	0.373272	1	0	0	0	0	0	0	0	0	
0.699	0.259259	-1.35769	0.0967742	3.85715	0.933181	0.373272	1	0	0	0	0	0	0	0	0	
0.7	0.259259	-1.35769	0.0967742	3.85715	0.933181	0.373272	1	0	0	0	0	0	0	0	0	
0.701	0.259259	-1.35769	0.0967742	3.85715	0.933181	0.373272	1	0	0	0	0	0	0	0	0	
0.702	0.259259	-1.35769	0.0967742	3.85715	0.933181	0.373272	1	0	0	0	0	0	0	0	0	
0.703	0.259259	-1.35769	0.0967742	3.85715	0.933181	0.373272	1	0	0	0	0	0	0	0	0	
0.704	0.259259	-1.35769	0.0967742	3.85715	0.933181	0.373272	1	0	0	0	0	0	0	0	0	
0.705	0.259259	-1.35769	0.0967742	3.85715	0.933181	0.373272	1	0	0	0	0	0	0	0	0	
0.706	0.259259	-1.35769	0.0967742	3.85715	0.933181	0.373272	1	0	0	0	0	0	0	0	0	
0.707	0.259259	-1.35769	0.0967742	3.85715	0.933181	0.373272	1	0	0	0	0	0	0	0	0	
0.708	0.259259	-1.35769	0.0967742	3.85715	0.933181	0.373272	1	0	0	0	0	0	0	0	0	
0.709	0.259259	-1.35769	0.0967742	3.85715	0.933181	0.373272	1	0	0	0	0	0	0	0	0	
0.71	0.259259	-1.35769	0.0967742	3.85715	0.933181	0.373272	1	0	0	0	0	0	0	0	0	
0.711	0.259259	-1.35769	0.0967742	3.85715	0.933181	0.373272	1	0	0	0	0	0	0	0	0	
0.712	0.259259	-1.35769	0.0967742	3.85715	0.933181	0.373272	1	0	0	0	0	0	0	0	0	
0.713	0.259259	-1.35769	0.0967742	3.85715	0.933181	0.373272	1	0	0	0	0	0	0	0	0	
0.714	0.259259	-1.35769	0.0967742	3.85715	0.933181	0.373272	1	0	0	0	0	0	0	0	0	
0.715	0.259259	-1.35769	0.0967742	3.85715	0.933181	0.373272	1	0	0	0	0	0	0	0	0	
0.716	0.259259	-1.35769	0.0967742	3.85715	0.933181	0.373272	1	0	0	0	0	0	0	0	0	
0.717	0.259259	-1.35769	0.0967742	3.85715	0.933181	0.373272	1	0	0	0	0	0	0	0	0	
0.718	0.259259	-1.35769	0.0967742	3.85715	0.933181	0.373272	1	0	0	0	0	0	0	0	0	
0.719	0.259259	-1.35769	0.0967742	3.85715	0.933181	0.373272	1	0	0	0	0	0	0	0	0	
0.72	0.259259	-1.35769	0.0967742	3.85715	0.933181	0.373272	1	0	0	0	0	0	0	0	0	
0.721	0.259259	-1.35769	0.0967742	3.85715	0.933181	0.373272	1	0	0	0	0	0	0	0	0	
0.722	0.259259	-1.35769	0.0967742	3.85715	0.933181	0.373272	1	0	0	0	0	0	0	0	0	
0.723	0.259259	-1.35769	0.0967742	3.85715	0.933181	0.373272	1	0	0	0	0	0	0	0	0	
0.724	0.259259	-1.35769	0.0967742	3.85715	0.933181	0.373272	1	0	0	0	0	0	0	0	0	
0.725	0.259259	-1.35769	0.0967742	3.85715	0.933181	0.373272	1	0	0	0	0	0	0	0	0	
0.726	0.259259	-1.35769	0.0967742	3.85715	0.933181	0.373272	1	0	0	0	0	0	0	0	0	
0.727	0.259259	-1.35769	0.0967742	3.85715	0.933181	0.373272	1	0	0	0	0	0	0	0	0	
0.728	0.259259	-1.35769	0.0967742	3.85715	0.933181	0.373272	1	0	0	0	0	0	0	0	0	
0.729	0.259259	-1.35769	0.0967742	3.85715	0.933181	0.373272	1	0	0	0	0	0	0	0	0	
0.73	0.259259	-1.35769	0.0967742	3.85715	0.933181	0.373272	1	0	0	0	0	0	0	0	0	
0.731	0.259259	-1.35769	0.0967742	3.85715	0.933181	0.373272	1	0	0	0	0	0	0	0	0	
0.732	0.259259	-1.35769	0.0967742	3.85715	0.933181	0.373272	1	0	0	0	0	0	0	0	0	
0.733	0.259259	-1.35769	0.0967742	3.85715	0.933181	0.373272	1	0	0	0	0	0	0	0	0	
0.734	0.259259	-1.35769	0.0967742	3.85715	0.933181	0.373272	1	0	0	0	0	0	0	0	0	
0.735	0.259259	-1.35769	0.0967742	3.85715	0.933181	0.373272	1	0	0	0	0	0	0	0	0	
0.736	0.259259	-1.35769	0.0967742	3.85715	0.933181	0.373272	1	0	0	0	0	0	0	0	0	
0.737	0.259259	-1.35769	0.0967742	3.85715	0.933181	0.373272	1	0	0	0	0	0	0	0	0	
0.738	0.259259	-1.35769	0.0967742	3.85715	0.933181	0.373272	1	0	0	0	0	0	0	0	0	
0.739	0.259259	-1.35769	0.0967742	3.85715	0.933181	0.373272	1	0	0	0	0	0	0	0	0	
0.74	0.259259	-1.35769	0.0967742	3.85715	0.933181	0.373272	1	0	0	0	0	0	0	0	0	
0.741	0.259259	-1.35769	0.0967742	3.85715	0.933181	0.373272	1	0	0	0	0	0	0	0	0	
0.742	0.259259	-1.35769	0.0967742	3.85715	0.933181	0.373272	1	0	0	0	0	0	0	0	0	
0.743	0.259259	-1.35769	0.0967742	3.85715	0.933181	0.373272	1	0	0	0	0	0	0	0	0	
0.744	0.259259	-1.35769	0.0967742	3.85715	0.933181	0.373272	1	0	0	0	0	0	0	0	0	
0.745	0.259259	-1.35769	0.0967742	3.85715	0.933181	0.373272	1	0	0	0	0	0	0	0	0	
0.746	0.259259	-1.35769	0.0967742	3.85715	0.933181	0.373272	1	0	0	0	0	0	0	0	0	
0.747	0.259259	-1.35769	0.0967742	3.85715	0.933181	0.373272	1	0	0	0	0	0	0	0	0	
0.748	0.259259	-1.35769	0.0967742	3.85715	0.933181	0.373272	1	0	0	0	0	0	0	0	0	
0.749	0.259259	-1.35769	0.0967742	3.85715	0.933181	0.373272	1	0	0	0	0	0	0	0	0	
0.75	0.259259	-1.35769	0.0967742	3.85715	0.933181	0.373272	1	0	0	0	0	0	0	0	0	
0.751	0.259259	-1.35769	0.0967742	3.85715	0.933181	0.373272	1	0	0	0	0	0	0	0	0	
0.752	0.259259	-1.35769	0.0967742	3.85715	0.933181	0.373272	1	0	0	0	0	0	0	0	0	
0.753	0.259259	-1.35769	0.0967742	3.85715	0.933181	0.373272	1	0	0	0	0	0	0	0	0	
0.754	0.259259	-1.35769	0.0967742	3.85715	0.933181	0.373272	1	0	0	0	0	0	0	0	0	
0.755	0.259259	-1.35769	0.0967742	3.85715	0.933181	0.373272	1	0	0	0	0	0	0	0	0	
0.756	0.259259	-1.35769	0.0967742	3.85715	0.933181	0.373272	1	0	0	0	0	0	0	0	0	
0.757	0.259259	-1.35769	0.0967742	3.85715	0.933181	0.373272	1	0	0	0	0	0	0	0	0	
0.758	0.259259	-1.35769	0.0967742	3.85715	0.933181	0.373272	1	0	0	0	0	0	0	0	0	
0.759	0.259259	-1.35769	0.0967742	3.85715	0.933181	0.373272	1	0	0	0	0	0	0	0	0	
0.76	0.259259	-1.35769	0.0967742	3.85715	0.933181	0.373272	1	0	0	0	0	0	0	0	0	
0.761	0.259259	-1.35769	0.0967742	3.85715	0.933181	0.373272	1	0	0	0	0	0	0	0	0	
0.762	0.259259	-1.35769	0.0967742	3.85715	0.933181	0.373272	1	0	0	0	0	0	0	0	0	
0.763	0.259259	-1.35769	0.0967742	3.85715	0.933181	0.373272	1	0	0	0	0	0	0	0	0	
0.764	0.259259	-1.35769	0.0967742	3.85715	0.933181	0.373272	1	0	0	0	0	0	0	0	0	
0.765	0.259259	-1.35769	0.0967742	3.85715	0.933181	0.373272	1	0	0	0	0	0	0	0	0	
0.766	0.259259	-1.35769	0.0967742	3.85715	0.933181	0.373272	1	0	0	0	0	0	0	0	0	
0.767	0.259259	-1.35769	0.0967742	3.85715	0.933181	0.373272	1	0	0	0	0	0	0	0	0	
0.768	0.259259	-1.35769	0.0967742	3.85715	0.933181	0.373272	1	0	0	0	0	0	0	0	0	
0.769	0.259259	-1.35769	0.0967742	3.85715	0.933181	0.373272	1	0	0	0	0	0	0	0	0	
0.77	0.259259	-1.35769	0.0967742	3.85715	0.933181	0.373272	1	0	0	0	0	0	0	0	0	
0.771	0.259259	-1.35769	0.0967742	3.85715	0.933181	0.373272	1	0	0	0	0	0	0	0	0	
0.772	0.259259	-1.35769	0.0967742	3.85715	0.933181	0.373272	1	0	0	0	0	0	0	0	0	
0.773	0.259259	-1.35769	0.0967742	3.85715	0.933181	0.373272	1	0	0	0	0	0	0	0	0	
0.774	0.259259	-1.35769	0.0967742	3.85715	0.933181	0.373272	1	0	0	0	0	0	0	0	0	
0.775	0.259259	-1.35769	0.0967742	3.85715	0.933181	0.373272	1	0	0	0	0	0	0	0	0	
0.776	0.259259	-1.35769	0.0967742	3.85715	0.933181	0.373272	1	0	0	0	0	0	0	0	0	
0.777	0.259259	-1.35769	0.0967742	3.85715	0.933181	0.373272	1	0	0	0	0	0	0	0	0	
0.778	0.259259	-1.35769	0.0967742	3.85715	0.933181	0.373272	1	0	0	0	0	0	0	0	0	
0.779	0.259259	-1.35769	0.0967742	3.85715	0.933181	0.373272	1	0	0	0	0	0	0	0	0	
0.78	0.259259	-1.35769	0.0967742	3.85715	0.933181	0.373272	1	0	0	0	0	0	0	0	0	
0.781	0.259259	-1.35769	0.0967742	3.85715	0.933181	0.373272	1	0	0	0	0	0	0	0	0	
0.782	0.259259	-1.35769	0.0967742	3.85715	0.933181	0.373272	1	0	0	0	0	0	0	0	0	
0.783	0.259259	-1.35769	0.0967742	3.85715	0.933181	0.373272	1	0	0	0	0	0	0	0	0	
0.784	0.259259	-1.35769	0.0967742	3.85715	0.933181	0.373272	1	0	0	0	0	0	0	0	0	
0.785	0.259259	-1.35769	0.0967742	3.85715	0.933181	0.373272	1	0	0	0	0	0	0	0	0	
0.786	0.259259	-1.35769	0.0967742	3.85715	0.933181	0.373272	1	0	0	0	0	0	0	0	0	
0.787	0.259259	-1.35769	0.0967742	3.85715	0.933181	0.373272	1	0	0	0	0	0	0	0	0	
0.788	0.259259	-1.35769	0.0967742	3.85715	0.933181	0.373272	1	0	0	0	0	0	0	0	0	
0.789	0.259259	-1.35769	0.0967742	3.85715	0.933181	0.373272	1	0	0	0	0	0	0	0	0	
0.79	0.259259	-1.35769	0.0967742	3.85715	0.933181	0.373272	1	0	0	0	0	0	0	0	0	
0.791	0.259259	-1.35769	0.0967742	3.85715	0.933181	0.373272	1	0	0	0	0	0	0	0	0	
0.792	0.259259	-1.35769	0.0967742	3.85715	0.933181	0.373272	1	0	0	0	0	0	0	0	0	
0.793	0.259259	-1.35769	0.0967742	3.85715	0.933181	0.373272	1	0	0	0	0	0	0	0	0	
0.794	0.259259	-1.35769	0.0967742	3.85715	0.933181	0.373272	1	0	0	0	0	0	0	0	0	
0.795	0.259259	-1.35769	0.0967742	3.85715	0.933181	0.373272	1	0	0	0	0	0	0	0	0	
0.796	0.259259	-1.35769	0.0967742	3.85715	0.933181	0.373272	1	0	0	0	0	0	0	0	0	
0.797	0.259259	-1.35769	0.0967742	3.85715	0.933181	0.373272	1	0	0	0	0	0	0	0	0	
0.798	0.259259	-1.35769	0.0967742	3.85715	0.933181	0.373272	1	0	0	0	0	0	0	0	0	
0.799	0.259259	-1.35769	0.0967742	3.85715	0.933181	0.373272	1	0	0	0	0	0	0	0	0	
0.8	0.259259	-1.35769	0.0967742	3.85715	0.933181	0.373272	1	0	0	0	0	0	0	0	0	
0.801	0.259259	-1.35769	0.0967742	3.85715	0.933181	0.373272	1	0	0	0	0	0	0	0	0	
0.802	0.259259	-1.35769	0.0967742	3.85715	0.933181	0.373272	1	0	0	0	0	0	0	0	0	
0.803	0.259259	-1.35769	0.0967742	3.85715	0.933181	0.373272	1	0	0	0	0	0	0	0	0	
0.804	0.259259	-1.35769	0.0967742	3.85715	0.933181	0.373272	1	0	0	0	0	0	0	0	0	
0.805	0.259259	-1.35769	0.0967742	3.85715	0.933181	0.373272	1	0	0	0	0	0	0	0	0	
0.806	0.259259	-1.35769	0.0967742	3.85715	0.933181	0.373272	1	0	0	0	0	0	0	0	0	
0.807	0.259259	-1.35769	0.0967742	3.85715	0.933181	0.373272	1	0	0	0	0	0	0	0	0	
0.808	0.259259	-1.35769	0.0967742	3.85715	0.933181	0.373272	1	0	0	0	0	0	0	0	0	
0.809	0.259259	-1.35769	0.0967742	3.85715	0.933181	0.373272	1	0	0	0	0	0	0	0	0	
0.81	0.259259	-1.35769	0.0967742	3.85715	0.933181	0.373272	1	0	0	0	0	0	0	0	0	
0.811	0.259259	-1.35769	0.0967742	3.85715	0.933181	0.373272	1	0	0	0	0	0	0	0	0	
0.812	0.259259	-1.35769	0.0967742	3.85715	0.933181	0.373272	1	0	0	0	0	0	0	0	0	
0.813	0.259259	-1.35769	0.0967742	3.85715	0.933181	0.373272	1	0	0	0	0	0	0	0	0	
0.814	0.259259	-1.35769	0.0967742	3.85715	0.933181	0.373272	1	0	0	0	0	0	0	0	0	
0.815	0.259259	-1.35769	0.0967742	3.85715	0.933181	0.373272	1	0	0	0	0	0	0	0	0	
0.816	0.259259	-1.35769	0.0967742	3.85715	0.933181	0.373272	1	0	0	0	0	0	0	0	0	
0.817	0.259259	-1.35769	0.0967742	3.85715	0.933181	0.373272	1	0	0	0	0	0	0	0	0	
0.818	0.259259	-1.35769	0.0967742	3.85715	0.933181	0.373272	1	0	0	0	0	0	0	0	0	
0.819	0.259259	-1.35769	0.0967742	3.85715	0.933181	0.373272	1	0	0	0	0	0	0	0	0	
0.82	0.259259	-1.35769	0.0967742	3.85715	0.933181	0.373272	1	0	0	0	0	0	0	0	0	
0.821	0.259259	-1.35769	0.0967742	3.85715	0.933181	0.373272	1	0	0	0	0	0	0	0	0	
0.822	0.259259	-1.35769	0.0967742	3.85715	0.933181	0.373272	1	0	0	0	0	0	0	0	0	
0.823	0.259259	-1.35769	0.0967742	3.85715	0.933181	0.373272	1	0	0	0	0	0	0	0	0	
0.824	0.259259	-1.35769	0.0967742	3.85715	0.933181	0.373272	1	0	0	0	0	0	0	0	0	
0.825	0.259259	-1.35769	0.0967742	3.85715	0.933181	0.373272	1	0	0	0	0	0	0	0	0	
0.826	0.259259	-1.35769	0.0967742	3.85715	0.933181	0.373272	1	0	0	0	0	0	0	0	0	
0.827	0.259259	-1.35769	0.0967742	3.85715	0.933181	0.373272	1	0	0	0	0	0	0	0	0	
0.828	0.259259	-1.35769	0.0967742	3.85715	0.933181	0.373272	1	0	0	0	0	0	0	0	0	
0.829	0.259259	-1.35769	0.0967742	3.85715	0.933181	0.373272	1	0	0	0	0	0	0	0	0	
0.83	0.259259	-1.35769	0.0967742	3.85715	0.933181	0.373272	1	0	0	0	0	0	0	0	0	
0.831	0.259259	-1.35769	0.0967742	3.85715	0.933181	0.373272	1	0	0	0	0	0	0	0	0	
0.832	0.259259	-1.35769	0.0967742	3.85715	0.933181	0.373272	1	0	0	0	0	0	0	0	0	
0.833	0.259259	-1.35769	0.0967742	3.85715	0.933181	0.373272	1	0	0	0	0	0	0	0	0	
0.834	0.259259	-1.35769	0.0967742	3.85715	0.933181	0.373272	1	0	0	0	0	0	0	0	0	
0.835	0.259259	-1.35769	0.0967742	3.85715	0.933181	0.373272	1	0	0	0	0	0	0	0	0	
0.836	0.259259	-1.35769	0.0967742	3.85715	0.933181	0.373272	1	0	0	0	0	0	0	0	0	
0.837	0.259259	-1.35769	0.0967742	3.85715	0.933181	0.373272	1	0	0	0	0	0	0	0	0	
0.838	0.259259	-1.35769	0.0967742	3.85715	0.933181	0.373272	1	0	0	0	0	0	0	0	0	
0.839	0.259259	-1.35769	0.0967742	3.85715	0.933181	0.373272	1	0	0	0	0	0	0	0	0	
0.84	0.259259	-1.35769	0.0967742	3.85715	0.933181	0.373272	1	0	0	0	0	0	0	0	0	
0.841	0.259259	-1.35769	0.0967742	3.85715	0.933181	0.373272	1	0	0	0	0	0	0	0	0	
0.842	0.259259	-1.35769	0.0967742	3.85715	0.933181	0.373272	1	0	0	0	0	0	0	0	0	
0.843	0.259259	-1.35769	0.0967742	3.85715	0.933181	0.373272	1	0	0	0	0	0	0	0	0	
0.844	0.259259	-1.35769	0.0967742	3.85715	0.933181	0.373272	1	0	0	0	0	0	0	0	0	
0.845	0.259259	-1.35769	0.0967742	3.85715	0.933181	0.373272	1	0	0	0	0	0	0	0	0	
0.846	0.259259	-1.35769	0.0967742	3.85715	0.933181	0.373272	1	0	0	0	0	0	0	0	0	
0.847	0.259259	-1.35769	0.0967742	3.85715	0.933181	0.373272	1	0	0	0	0	0	0	0	0	
0.848	0.259259	-1.35769	0.0967742	3.85715	0.933181	0.373272	1	0	0	0	0	0	0	0	0	
0.849	0.259259	-1.35769	0.0967742	3.85715	0.933181	0.373272	1	0	0	0	0	0	0	0	0	
0.85	0.259259	-1.35769	0.0967742	3.85715	0.933181	0.373272	1	0	0	0	0	0	0	0	0	
0.851	0.259259	-1.35769	0.0967742	3.85715	0.933181	0.373272	1	0	0	0	0	0	0	0	0	
0.852	0.259259	-1.35769	0.0967742	3.85715	0.933181	0.373272	1	0	0	0	0	0	0	0	0	
0.853	0.259259	-1.35769	0.0967742	3.85715	0.933181	0.373272	1	0	0	0	0	0	0	0	0	
0.854	0.259259	-1.35769	0.0967742	3.85715	0.933181	0.373272	1	0	0	0	0	0	0	0	0	
0.855	0.259259	-1.35769	0.0967742	3.85715	0.933181	0.373272	1	0	0	0	0	0	0	0	0	
0.856	0.259259	-1.35769	0.0967742	3.85715	0.933181	0.373272	1	0	0	0	0	0	0	0	0	
0.857	0.259259	-1.35769	0.0967742	3.85715	0.933181	0.373272	1	0	0	0	0	0	0	0	0	
0.858	0.259259	-1.35769	0.0967742	3.85715	0.933181	0.373272	1	0	0	0	0	0	0	0	0	
0.859	0.259259	-1.35769	0.0967742	3.85715	0.933181	0.373272	1	0	0	0	0	0	0	0	0	
0.86	0.259259	-1.35769	0.0967742	3.85715	0.933181	0.373272	1	0	0	0	0	0	0	0	0	
0.861	0.259259	-1.35769	0.0967742	3.85715	0.933181	0.373272	1	0	0	0	0	0	0	0	0	
0.862	0.259259	-1.35769	0.0967742	3.85715	0.933181	0.373272	1	0	0	0	0	0	0	0	0	
0.863	0.259259	-1.35769	0.0967742	3.85715	0.933181	0.373272	1	0	0	0	0	0	0	0	0	
0.864	0.259259	-1.35769	0.0967742	3.85715	0.933181	0.373272	1	0	0	0	0	0	0	0	0	
0.865	0.259259	-1.35769	0.0967742	3.85715	0.933181	0.373272	1	0	0	0	0	0	0	0	0	
0.866	0.259259	-1.35769	0.0967742	3.85715	0.933181	0.373272	1	0	0	0	0	0	0	0	0	
0.867	0.259259	-1.35769	0.0967742	3.85715	0.933181	0.373272	1	0	0	0	0	0	0	0	0	
0.868	0.259259	-1.35769	0.0967742	3.85715	0.933181	0.373272	1	0	0	0	0	0	0	0	0	
0.869	0.259259	-1.35769	0.0967742	3.85715	0.933181	0.373272	1	0	0	0	0	0	0	0	0	
0.87	0.259259	-1.35769	0.0967742	3.85715	0.933181	0.373272	1	0	0	0	0	0	0	0	0	
0.871	0.259259	-1.35769	0.0967742	3.85715	0.933181	0.373272	1	0	0	0	0	0	0	0	0	
0.872	0.259259	-1.35769	0.0967742	3.85715	0.933181	0.373272	1	0	0	0	0	0	0	0	0	
0.873	0.259259	-1.35769	0.0967742	3.85715	0.933181	0.373272	1	0	0	0	0	0	0	0	0	
0.874	0.259259	-1.35769	0.0967742	3.85715	0.933181	0.373272	1	0	0	0	0	0	0	0	0	
0.875	0.259259	-1.35769	0.0967742	3.85715	0.933181	0.373272	1	0	0	0	0	0	0	0	0	
0.876	0.259259	-1.35769	0.0967742	3.85715	0.933181	0.373272	1	0	0	0	0	0	0	0	0	
0.877	0.259259	-1.35769	0.0967742	3.85715	0.933181	0.373272	1	0	0	0	0	0	0	0	0	
0.878	0.259259	-1.35769	0.0967742	3.85715	0.933181	0.373272	1	0	0	0	0	0	0	0	0	
0.879	0.259259	-1.35769	0.0967742	3.85715	0.933181	0.373272	1	0	0	0	0	0	0	0	0	
0.88	0.259259	-1.35769	0.0967742	3.85715	0.933181	0.373272	1	0	0	0	0	0	0	0	0	
0.881	0.259259	-1.35769	0.0967742	3.85715	0.933181	0.373272	1	0	0	0	0	0	0	0	0	
0.882	0.259259	-1.35769	0.0967742	3.85715	0.933181	0.373272	1	0	0	0	0	0	0	0	0	
0.883	0.259259	-1.35769	0.0967742	3.85715	0.933181	0.373272	1	0	0	0	0	0	0	0	0	
0.884	0.259259	-1.35769	0.0967742	3.85715	0.933181	0.373272	1	0	0	0	0	0	0	0	0	
0.885	0.259259	-1.35769	0.0967742	3.85715	0.933181	0.373272	1	0	0	0	0	0	0	0	0	
0.886	0.259259	-1.35769	0.0967742	3.85715	0.933181	0.373272	1	0	0	0	0	0	0	0	0	
0.887	0.259259	-1.35769	0.0967742	3.85715	0.933181	0.373272	1	0	0	0	0	0	0	0	0	
0.888	0.259259	-1.35769	0.0967742	3.85715	0.933181	0.373272	1	0	0	0	0	0	0	0	0	
0.889	0.259259	-1.35769	0.0967742	3.85715	0.933181	0.373272	1	0	0	0	0	0	0	0	0	
0.89	0.259259	-1.35769	0.0967742	3.85715	0.933181	0.373272	1	0	0	0	0	0	0	0	0	
0.891	0.259259	-1.35769	0.0967742	3.85715	0.933181	0.373272	1	0	0	0	0	0	0	0	0	
0.892	0.259259	-1.35769	0.0967742	3.85715	0.933181	0.373272	1	0	0	0	0	0	0	0	0	
0.893	0.259259	-1.35769	0.0967742	3.85715	0.933181	0.373272	1	0	0	0	0	0	0	0	0	
0.894	0.259259	-1.35769	0.0967742	3.85715	0.933181	0.373272	1	0	0	0	0	0	0	0	0	
0.895	0.259259	-1.35769	0.0967742	3.85715	0.933181	0.373272	1	0	0	0	0	0	0	0	0	
0.896	0.259259	-1.35769	0.0967742	3.85715	0.933181	0.373272	1	0	0	0	0	0	0	0	0	
0.897	0.259259	-1.35769	0.0967742	3.85715	0.933181	0.373272	1	0	0	0	0	0	0	0	0	
0.898	0.259259	-1.35769	0.0967742	3.85715	0.933181	0.373272	1	0	0	0	0	0	0	0	0	
0.899	0.259259	-1.35769	0.0967742	3.85715	0.933181	0.373272	1	0	0	0	0	0	0	0	0	
0.9	0.259259	-1.35769	0.0967742	3.85715	0.933181	0.373272	1	0	0	0	0	0	0	0	0	
0.901	0.259259	-1.35769	0.0967742	3.85715	0.933181	0.373272	1	0	0	0	0	0	0	0	0	
0.902	0.259259	-1.35769	0.0967742	3.85715	0.933181	0.373272	1	0	0	0	0	0	0	0	0	
0.903	0.259259	-1.35769	0.0967742	3.85715	0.933181	0.373272	1	0	0	0	0	0	0	0	0	
0.904	0.259259	-1.35769	0.0967742	3.85715	0.933181	0.373272	1	0	0	0	0	0	0	0	0	
0.905	0.259259	-1.35769	0.0967742	3.85715	0.933181	0.373272	1	0	0	0	0	0	0	0	0	
0.906	0.259259	-1.35769	0.0967742	3.85715	0.933181	0.373272	1	0	0	0	0	0	0	0	0	
0.907	0.259259	-1.35769	0.0967742	3.85715	0.933181	0.373272	1	0	0	0	0	0	0	0	0	
0.908	0.259259	-1.35769	0.0967742	3.85715	0.933181	0.373272	1	0	0	0	0	0	0	0	0	
0.909	0.259259	-1.35769	0.0967742	3.85715	0.933181	0.373272	1	0	0	0	0	0	0	0	0	
0.91	0.259259	-1.35769	0.0967742	3.85715	0.933181	0.373272	1	0	0	0	0	0	0	0	0	
0.911	0.259259	-1.35769	0.0967742	3.85715	0.933181	0.373272	1	0	0	0	0	0	0	0	0	
0.912	0.259259	-1.35769	0.0967742	3.85715	0.933181	0.373272	1	0	0	0	0	0	0	0	0	
0.913	0.259259	-1.35769	0.0967742	3.85715	0.933181	0.373272	1	0	0	0	0	0	0	0	0	
0.914	0.259259	-1.35769	0.0967742	3.85715	0.933181	0.373272	1	0	0	0	0	0	0	0	0	
0.915	0.259259	-1.35769	0.0967742	3.85715	0.933181	0.373272	1	0	0	0	0	0	0	0	0	
0.916	0.259259	-1.35769	0.0967742	3.85715	0.933181	0.373272	1	0	0	0	0	0	0	0	0	
0.917	0.259259	-1.35769	0.0967742	3.85715	0.933181	0.373272	1	0	0	0	0	0	0	0	0	
0.918	0.259259	-1.35769	0.0967742	3.85715	0.933181	0.373272	1	0	0	0	0	0	0	0	0	
0.919	0.259259	-1.35769	0.0967742	3.85715	0.933181	0.373272	1	0	0	0	0	0	0	0	0	
0.92	0.259259	-1.35769	0.0967742	3.85715	0.933181	0.373272	1	0	0	0	0	0	0	0	0	
0.921	0.259259	-1.35769	0.0967742	3.85715	0.933181	0.373272	1	0	0	0	0	0	0	0	0	
0.922	0.259259	-1.35769	0.0967742	3.85715	0.933181	0.373272	1	0	0	0	0	0	0	0	0	
0.923	0.259259	-1.35769	0.0967742	3.85715	0.933181	0.373272	1	0	0	0	0	0	0	0	0	
0.924	0.259259	-1.35769	0.0967742	3.85715	0.933181	0.373272	1	0	0	0	0	0	0	0	0	
0.925	0.259259	-1.35769	0.0967742	3.85715	0.933181	0.373272	1	0	0	0	0	0	0	0	0	
0.926	0.259259	-1.35769	0.0967742	3.85715	0.933181	0.373272	1	0	0	0	0	0	0	0	0	
0.927	0.259259	-1.35769	0.0967742	3.85715	0.933181	0.373272	1	0	0	0	0	0	0	0	0	
0.928	0.259259	-1.35769	0.0967742	3.85715	0.933181	0.373272	1	0	0	0	0	0	0	0	0	
0.929	0.259259	-1.35769	0.0967742	3.85715	0.933181	0.373272	1	0	0	0	0	0	0	0	0	
0.93	0.259259	-1.35769	0.0967742	3.85715	0.933181	0.373272	1	0	0	0	0	0	0	0	0	
0.931	0.259259	-1.35769	0.0967742	3.85715	0.933181	0.373272	1	0	0	0	0	0	0	0	0	
0.932	0.259259	-1.35769	0.0967742	3.85715	0.933181	0.373272	1	0	0	0	0	0	0	0	0	
0.933	0.259259	-1.35769	0.0967742	3.85715	0.933181	0.373272	1	0	0	0	0	0	0	0	0	
0.934	0.259259	-1.35769	0.0967742	3.85715	0.933181	0.373272	1	0	0	0	0	0	0	0	0	
0.935	0.259259	-1.35769	0.0967742	3.85715	0.933181	0.373272	1	0	0	0	0	0	0	0	0	
0.936	0.259259	-1.35769	0.0967742	3.85715	0.933181	0.373272	1	0	0	0	0	0	0	0	0	
0.937	0.259259	-1.35769	0.0967742	3.85715	0.933181	0.373272	1	0	0	0	0	0	0	0	0	
0.938	0.259259	-1.35769	0.0967742	3.85715	0.933181	0.373272	1	0	0	0	0	0	0	0	0	
0.939	0.259259	-1.35769	0.0967742	3.85715	0.933181	0.373272	1	0	0	0	0	0	0	0	0	
0.94	0.259259	-1.35769	0.0967742	3.85715	0.933181	0.373272	1	0	0	0	0	0	0	0	0	
0.941	0.259259	-1.35769	0.0967742	3.85715	0.933181	0.373272	1	0	0	0	0	0	0	0	0	
0.942	0.259259	-1.35769	0.0967742	3.85715	0.933181	0.373272	1	0	0	0	0	0	0	0	0	
0.943	0.259259	-1.35769	0.0967742	3.85715	0.933181	0.373272	1	0	0	0	0	0	0	0	0	
0.944	0.259259	-1.35769	0.0967742	3.85715	0.933181	0.373272	1	0	0	0	0	0	0	0	0	
0.945	0.259259	-1.35769	0.0967742	3.85715	0.933181	0.373272	1	0	0	0	0	0	0	0	0	
0.946	0.259259	-1.35769	0.0967742	3.85715	0.933181	0.373272	1	0	0	0	0	0	0	0	0	
0.947	0.259259	-1.35769	0.0967742	3.85715	0.933181	0.373272	1	0	0	0	0	0	0	0	0	
0.948	0.259259	-1.35769	0.0967742	3.85715	0.933181	0.373272	1	0	0	0	0	0	0	0	0	
0.949	0.259259	-1.35769	0.0967742	3.85715	0.933181	0.373272	1	0	0	0	0	0	0	0	0	
0.95	0.259259	-1.35769	0.0967742	3.85715	0.933181	0.373272	1	0	0	0	0	0	0	0	0	
0.951	0.259259	-1.35769	0.0967742	3.85715	0.933181	0.373272	1	0	0	0	0	0	0	0	0	
0.952	0.259259	-1.35769	0.0967742	3.85715	0.933181	0.373272	1	0	0	0	0	0	0	0	0	
0.953	0.259259	-1.35769	0.0967742	3.85715	0.933181	0.373272	1	0	0	0	0	0	0	0	0	
0.954	0.259259	-1.35769	0.0967742	3.85715	0.933181	0.373272	1	0	0	0	0	0	0	0	0	
0.955	0.259259	-1.35769	0.0967742	3.85715	0.933181	0.373272	1	0	0	0	0	0	0	0	0	
0.956	0.259259	-1.35769	0.0967742	3.85715	0.933181	0.373272	1	0	0	0	0	0	0	0	0	
0.957	0.259259	-1.35769	0.0967742	3.85715	0.933181	0.373272	1	0	0	0	0	0	0	0	0	
0.958	0.259259	-1.35769	0.0967742	3.85715	0.933181	0.373272	1	0	0	0	0	0	0	0	0	
0.959	0.259259	-1.35769	0.0967742	3.85715	0.933181	0.373272	1	0	0	0	0	0	0	0	0	
0.96	0.259259	-1.35769	0.0967742	3.85715	0.933181	0.373272	1	0	0	0	0	0	0	0	0	
0.961	0.259259	-1.35769	0.0967742	3.85715	0.933181	0.373272	1	0	0	0	0	0	0	0	0	
0.962	0.259259	-1.35769	0.0967742	3.85715	0.933181	0.373272	1	0	0	0	0	0	0	0	0	
0.963	0.259259	-1.35769	0.0967742	3.85715	0.933181	0.373272	1	0	0	0	0	0	0	0	0	
0.964	0.259259	-1.35769	0.0967742	3.85715	0.933181	0.373272	1	0	0	0	0	0	0	0	0	
0.965	0.259259	-1.35769	0.0967742	3.85715	0.933181	0.373272	1	0	0	0	0	0	0	0	0	
0.966	0.259259	-1.35769	0.0967742	3.85715	0.933181	0.373272	1	0	0	0	0	0	0	0	0	
0.967	0.259259	-1.35769	0.0967742	3.85715	0.933181	0.373272	1	0	0	0	0	0	0	0	0	
0.968	0.259259	-1.35769	0.0967742	3.85715	0.933181	0.373272	1	0	0	0	0	0	0	0	0	
0.969	0.259259	-1.35769	0.0967742	3.85715	0.933181	0.373272	1	0	0	0	0	0	0	0	0	
0.97	0.259259	-1.35769	0.0967742	3.85715	0.933181	0.373272	1	0	0	0	0	0	0	0	0	
0.971	0.259259	-1.35769	0.0967742	3.85715	0.933181	0.373272	1	0	0	0	0	0	0	0	0	
0.972	0.259259	-1.35769	0.0967742	3.85715	0.933181	0.373272	1	0	0	0	0	0	0	0	0	
0.973	0.259259	-1.35769	0.0967742	3.85715	0.933181	0.373272	1	0	0	0	0	0	0	0	0	
0.974	0.259259	-1.35769	0.0967742	3.85715	0.933181	0.373272	1	0	0	0	0	0	0	0	0	
0.975	0.259259	-1.35769	0.0967742	3.85715	0.933181	0.373272	1	0	0	0	0	0	0	0	0	
0.976	0.259259	-1.35769	0.0967742	3.85715	0.933181	0.373272	1	0	0	0	0	0	0	0	0	
0.977	0.259259	-1.35769	0.0967742	3.85715	0.933181	0.373272	1	0	0	0	0	0	0	0	0	
0.978	0.259259	-1.35769	0.0967742	3.85715	0.933181	0.373272	1	0	0	0	0	0	0	0	0	
0.979	0.259259	-1.35769	0.0967742	3.85715	0.933181	0.373272	1	0	0	0	0	0	0	0	0	
0.98	0.259259	-1.35769	0.0967742	3.85715	0.933181	0.373272	1	0	0	0	0	0	0	0	0	
0.981	0.259259	-1.35769	0.0967742	3.85715	0.933181	0.373272	1	0	0	0	0	0	0	0	0	
0.982	0.259259	-1.35769	0.0967742	3.85715	0.933181	0.373272	1	0	0	0	0	0	0	0	0	
0.983	0.259259	-1.35769	0.0967742	3.85715	0.933181	0.373272	1	0	0	0	0	0	0	0	0	
0.984	0.259259	-1.35769	0.0967742	3.85715	0.933181	0.373272	1	0	0	0	0	0	0	0	0	
0.985	0.259259	-1.35769	0.0967742	3.85715	0.933181	0.373272	1	0	0	0	0	0	0	0	0	
0.986	0.259259	-1.35769	0.0967742	3.85715	0.933181	0.373272	1	0	0	0	0	0	0	0	0	
0.987	0.259259	-1.35769	0.0967742	3.85715	0.933181	0.373272	1	0	0	0	0	0	0	0	0	
0.988	0.259259	-1.35769	0.0967742	3.85715	0.933181	0.373272	1	0	0	0	0	0	0	0	0	
0.989	0.259259	-1.35769	0.0967742	3.85715	0.933181	0.373272	1	0	0	0	0	0	0	0	0	
0.99	0.259259	-1.35769	0.0967742	3.85715	0.933181	0.373272	1	0	0	0	0	0	0	0	0	
0.991	0.259259	-1.35769	0.0967742	3.85715	0.933181	0.373272	1	0	0	0	0	0	0	0	0	
0.992	0.259259	-1.35769	0.0967742	3.85715	0.933181	0.373272	1	0	0	0	0	0	0	0	0	
0.993	0.259259	-1.35769	0.0967742	3.85715	0.933181	0.373272	1	0	0	0	0	0	0	0	0	
0.994	0.259259	-1.35769	0.0967742	3.85715	0.933181	0.373272	1	0	0	0	0	0	0	0	0	
0.995	0.259259	-1.35769	0.0967742	3.85715	0.933181	0.373272	1	0	0	0	0	0	0	0	0	
0.996	0.259259	-1.35769	0.0967742	3.85715	0.933181	0.373272	1	0	0	0	0	0	0	0	0	
0.997	0.259259	-1.35769	0.0967742	3.85715	0.933181	0.373272	1	0	0	0	0	0	0	0	0	
0.998	0.259259	-1.35769	0.0967742	3.85715	0.933181	0.373272	1	0	0	0	0	0	0	0	0	
0.999	0.259259	-1.35769	0.0967742	3.85715	0.933181	0.373272	1	0	0	0	0	0	0	0	0	
1	0.259259	-1.35769	0.0967742	3.85715	0.933181	0.373272	1	0	0	0	0	0	0	0	0	
