|||||||||||||||||||||||||||||||||***SIMULATION: detonation***||||||||||||||||||||||||||||||||||
Sanpshot time = 1.15. Timestep = 2552. Run time = 4 seconds
No. of cells = 1000
#Position	 Density	 Velocity	 Pressure	 Specific_Volume I_Energy	 Temperature	 Species
-0.001	0.712923	0.000262842	1.79519	1.40268	6.29519	0	9.27937e-08	0	0	0	0	0	0	0	0	
0	0.712754	8.72039e-05	1.79518	1.40301	6.29665	0	9.66883e-08	0	0	0	0	0	0	0	0	
0.001	0.712754	-8.72039e-05	1.79518	1.40301	6.29665	2.51866	9.66883e-08	0	0	0	0	0	0	0	0	
0.002	0.712923	-0.000262842	1.79519	1.40268	6.29519	2.51808	9.27937e-08	0	0	0	0	0	0	0	0	
0.003	0.71149	-0.000436902	1.79521	1.4055	6.30793	2.52317	9.9164e-08	0	0	0	0	0	0	0	0	
0.004	0.712954	-0.000608547	1.79524	1.40261	6.29507	2.51803	9.79672e-08	0	0	0	0	0	0	0	0	
0.005	0.710542	-0.000777583	1.79527	1.40738	6.31655	2.52662	9.94211e-08	0	0	0	0	0	0	0	0	
0.006	0.708668	-0.000944149	1.7953	1.4111	6.33337	2.53335	8.73866e-08	0	0	0	0	0	0	0	0	
0.007	0.708724	-0.001109	1.79534	1.41099	6.33301	2.5332	9.25935e-08	0	0	0	0	0	0	0	0	
0.008	0.709809	-0.00127356	1.79538	1.40883	6.32346	2.52938	9.27602e-08	0	0	0	0	0	0	0	0	
0.009	0.711351	-0.00143985	1.79542	1.40578	6.30988	2.52395	9.34546e-08	0	0	0	0	0	0	0	0	
0.01	0.713086	-0.00161048	1.79545	1.40236	6.29467	2.51787	8.64052e-08	0	0	0	0	0	0	0	0	
0.011	0.714718	-0.00178852	1.79549	1.39915	6.28043	2.51217	9.81846e-08	0	0	0	0	0	0	0	0	
0.012	0.716175	-0.00197743	1.79554	1.39631	6.26781	2.50712	9.3765e-08	0	0	0	0	0	0	0	0	
0.013	0.717444	-0.00218086	1.79559	1.39384	6.25689	2.50276	9.59555e-08	0	0	0	0	0	0	0	0	
0.014	0.71843	-0.00240256	1.79565	1.39192	6.24851	2.4994	8.95978e-08	0	0	0	0	0	0	0	0	
0.015	0.719127	-0.0026462	1.79572	1.39058	6.24272	2.49709	9.71398e-08	0	0	0	0	0	0	0	0	
0.016	0.719622	-0.00291525	1.79582	1.38962	6.23876	2.4955	9.72958e-08	0	0	0	0	0	0	0	0	
0.017	0.719974	-0.00321284	1.79594	1.38894	6.23613	2.49445	9.31909e-08	0	0	0	0	0	0	0	0	
0.018	0.7202	-0.00354166	1.7961	1.3885	6.23472	2.49389	9.66539e-08	0	0	0	0	0	0	0	0	
0.019	0.720322	-0.00390381	1.7963	1.38827	6.23435	2.49374	9.63773e-08	0	0	0	0	0	0	0	0	
0.02	0.720384	-0.00430074	1.79654	1.38815	6.23466	2.49386	9.39946e-08	0	0	0	0	0	0	0	0	
0.021	0.720432	-0.00473312	1.79684	1.38806	6.23528	2.49411	9.13242e-08	0	0	0	0	0	0	0	0	
0.022	0.720502	-0.00520089	1.79719	1.38792	6.2359	2.49436	8.95641e-08	0	0	0	0	0	0	0	0	
0.023	0.720614	-0.00570325	1.79761	1.38771	6.23638	2.49455	8.92705e-08	0	0	0	0	0	0	0	0	
0.024	0.72078	-0.0062388	1.79809	1.38739	6.2366	2.49464	9.076e-08	0	0	0	0	0	0	0	0	
0.025	0.72101	-0.00680571	1.79863	1.38694	6.2365	2.4946	9.42356e-08	0	0	0	0	0	0	0	0	
0.026	0.721305	-0.00740184	1.79924	1.38638	6.23604	2.49442	9.83765e-08	0	0	0	0	0	0	0	0	
0.027	0.721661	-0.00802498	1.7999	1.38569	6.23526	2.49411	9.26853e-08	0	0	0	0	0	0	0	0	
0.028	0.722069	-0.00867292	1.80062	1.38491	6.23423	2.49369	8.96425e-08	0	0	0	0	0	0	0	0	
0.029	0.72252	-0.00934349	1.80139	1.38404	6.23299	2.4932	9.72794e-08	0	0	0	0	0	0	0	0	
0.03	0.723001	-0.0100346	1.8022	1.38312	6.23165	2.49266	9.49967e-08	0	0	0	0	0	0	0	0	
0.031	0.723499	-0.0107442	1.80304	1.38217	6.23028	2.49211	9.23714e-08	0	0	0	0	0	0	0	0	
0.032	0.723999	-0.0114702	1.80391	1.38122	6.22898	2.49159	8.99066e-08	0	0	0	0	0	0	0	0	
0.033	0.724493	-0.0122101	1.8048	1.38028	6.22779	2.49112	8.88282e-08	0	0	0	0	0	0	0	0	
0.034	0.724978	-0.0129615	1.80569	1.37935	6.22669	2.49068	9.62975e-08	0	0	0	0	0	0	0	0	
0.035	0.72546	-0.0137218	1.80657	1.37844	6.22561	2.49025	9.40881e-08	0	0	0	0	0	0	0	0	
0.036	0.725945	-0.0144882	1.80745	1.37751	6.22447	2.48979	9.1403e-08	0	0	0	0	0	0	0	0	
0.037	0.726442	-0.0152579	1.8083	1.37657	6.22315	2.48926	8.93239e-08	0	0	0	0	0	0	0	0	
0.038	0.726955	-0.016028	1.80913	1.3756	6.22159	2.48864	8.8148e-08	0	0	0	0	0	0	0	0	
0.039	0.727489	-0.0167953	1.80992	1.37459	6.21976	2.4879	8.79441e-08	0	0	0	0	0	0	0	0	
0.04	0.728042	-0.0175566	1.81068	1.37355	6.21764	2.48706	8.86371e-08	0	0	0	0	0	0	0	0	
0.041	0.728613	-0.0183082	1.8114	1.37247	6.21525	2.4861	9.00902e-08	0	0	0	0	0	0	0	0	
0.042	0.729199	-0.0190463	1.81209	1.37137	6.2126	2.48504	9.20949e-08	0	0	0	0	0	0	0	0	
0.043	0.729799	-0.0197669	1.81274	1.37024	6.20972	2.48389	9.41975e-08	0	0	0	0	0	0	0	0	
0.044	0.730412	-0.0204661	1.81336	1.36909	6.20662	2.48265	9.57055e-08	0	0	0	0	0	0	0	0	
0.045	0.731041	-0.0211404	1.81395	1.36791	6.2033	2.48132	9.0594e-08	0	0	0	0	0	0	0	0	
0.046	0.731687	-0.0217862	1.81452	1.3667	6.19977	2.47991	9.36579e-08	0	0	0	0	0	0	0	0	
0.047	0.732349	-0.0224003	1.81507	1.36547	6.19606	2.47842	9.66427e-08	0	0	0	0	0	0	0	0	
0.048	0.733025	-0.0229798	1.81562	1.36421	6.19223	2.47689	9.28015e-08	0	0	0	0	0	0	0	0	
0.049	0.733707	-0.0235215	1.81618	1.36294	6.18836	2.47534	9.4804e-08	0	0	0	0	0	0	0	0	
0.05	0.734386	-0.024023	1.81674	1.36168	6.18456	2.47382	9.07325e-08	0	0	0	0	0	0	0	0	
0.051	0.735053	-0.0244817	1.81733	1.36045	6.18093	2.47237	9.34084e-08	0	0	0	0	0	0	0	0	
0.052	0.735699	-0.0248955	1.81794	1.35925	6.17758	2.47103	9.63138e-08	0	0	0	0	0	0	0	0	
0.053	0.736321	-0.0252624	1.81858	1.3581	6.17454	2.46982	9.82103e-08	0	0	0	0	0	0	0	0	
0.054	0.736922	-0.0255809	1.81926	1.357	6.17182	2.46873	9.9052e-08	0	0	0	0	0	0	0	0	
0.055	0.737512	-0.0258495	1.81999	1.35591	6.16934	2.46774	9.91882e-08	0	0	0	0	0	0	0	0	
0.056	0.738106	-0.0260674	1.82076	1.35482	6.167	2.4668	9.90275e-08	0	0	0	0	0	0	0	0	
0.057	0.738723	-0.0262345	1.82159	1.35369	6.16466	2.46586	9.75472e-08	0	0	0	0	0	0	0	0	
0.058	0.739378	-0.0263511	1.82247	1.35249	6.16219	2.46488	9.02092e-08	0	0	0	0	0	0	0	0	
0.059	0.740082	-0.0264178	1.82342	1.3512	6.15953	2.46381	9.11081e-08	0	0	0	0	0	0	0	0	
0.06	0.740842	-0.0264357	1.82444	1.34982	6.15665	2.46266	9.37395e-08	0	0	0	0	0	0	0	0	
0.061	0.741654	-0.026406	1.82553	1.34834	6.15358	2.46143	9.55799e-08	0	0	0	0	0	0	0	0	
0.062	0.742513	-0.0263298	1.8267	1.34678	6.15039	2.46016	9.08721e-08	0	0	0	0	0	0	0	0	
0.063	0.743408	-0.0262084	1.82795	1.34516	6.14718	2.45887	9.38148e-08	0	0	0	0	0	0	0	0	
0.064	0.74433	-0.0260428	1.82928	1.34349	6.14405	2.45762	9.58028e-08	0	0	0	0	0	0	0	0	
0.065	0.745273	-0.0258342	1.83071	1.34179	6.14107	2.45643	9.01871e-08	0	0	0	0	0	0	0	0	
0.066	0.74623	-0.025583	1.83224	1.34007	6.13831	2.45532	9.21104e-08	0	0	0	0	0	0	0	0	
0.067	0.747201	-0.0252893	1.83386	1.33833	6.13578	2.45431	9.39779e-08	0	0	0	0	0	0	0	0	
0.068	0.748185	-0.0249527	1.8356	1.33657	6.1335	2.4534	9.53079e-08	0	0	0	0	0	0	0	0	
0.069	0.749187	-0.0245719	1.83744	1.33478	6.13145	2.45258	9.53981e-08	0	0	0	0	0	0	0	0	
0.07	0.75021	-0.0241457	1.83939	1.33296	6.12958	2.45183	9.62242e-08	0	0	0	0	0	0	0	0	
0.071	0.751264	-0.023673	1.84144	1.33109	6.12782	2.45113	9.69093e-08	0	0	0	0	0	0	0	0	
0.072	0.752353	-0.0231535	1.8436	1.32916	6.12612	2.45045	9.76782e-08	0	0	0	0	0	0	0	0	
0.073	0.753483	-0.022588	1.84586	1.32717	6.12441	2.44976	9.73762e-08	0	0	0	0	0	0	0	0	
0.074	0.754656	-0.0219787	1.8482	1.32511	6.12265	2.44906	8.9798e-08	0	0	0	0	0	0	0	0	
0.075	0.755871	-0.0213292	1.85062	1.32298	6.1208	2.44832	9.12691e-08	0	0	0	0	0	0	0	0	
0.076	0.757123	-0.0206449	1.8531	1.32079	6.11887	2.44755	9.3076e-08	0	0	0	0	0	0	0	0	
0.077	0.758404	-0.019933	1.85562	1.31856	6.11686	2.44674	9.51089e-08	0	0	0	0	0	0	0	0	
0.078	0.759702	-0.0192023	1.85816	1.3163	6.11477	2.44591	9.7084e-08	0	0	0	0	0	0	0	0	
0.079	0.761007	-0.0184643	1.8607	1.31405	6.11263	2.44505	9.7505e-08	0	0	0	0	0	0	0	0	
0.08	0.762304	-0.0177327	1.86321	1.31181	6.11044	2.44418	9.07985e-08	0	0	0	0	0	0	0	0	
0.081	0.763578	-0.0170241	1.86564	1.30962	6.10823	2.44329	9.24034e-08	0	0	0	0	0	0	0	0	
0.082	0.764814	-0.0163578	1.86797	1.30751	6.10597	2.44239	9.36704e-08	0	0	0	0	0	0	0	0	
0.083	0.766	-0.0157559	1.87016	1.30548	6.10364	2.44146	9.45892e-08	0	0	0	0	0	0	0	0	
0.084	0.767125	-0.0152425	1.87215	1.30357	6.10119	2.44048	9.54679e-08	0	0	0	0	0	0	0	0	
0.085	0.768179	-0.0148434	1.87391	1.30178	6.09854	2.43942	9.64193e-08	0	0	0	0	0	0	0	0	
0.086	0.769158	-0.0145844	1.87539	1.30012	6.09558	2.43823	9.74325e-08	0	0	0	0	0	0	0	0	
0.087	0.770057	-0.0144893	1.87654	1.2986	6.09222	2.43689	9.72142e-08	0	0	0	0	0	0	0	0	
0.088	0.770877	-0.014578	1.87735	1.29722	6.08834	2.43534	9.14715e-08	0	0	0	0	0	0	0	0	
0.089	0.771617	-0.0148643	1.87777	1.29598	6.08388	2.43355	9.42886e-08	0	0	0	0	0	0	0	0	
0.09	0.772279	-0.0153539	1.87781	1.29487	6.0788	2.43152	9.6231e-08	0	0	0	0	0	0	0	0	
0.091	0.772864	-0.0160425	1.87747	1.29389	6.0731	2.42924	9.2605e-08	0	0	0	0	0	0	0	0	
0.092	0.773374	-0.0169156	1.87678	1.29303	6.06687	2.42675	9.57103e-08	0	0	0	0	0	0	0	0	
0.093	0.773811	-0.0179483	1.87579	1.2923	6.06024	2.42409	9.29338e-08	0	0	0	0	0	0	0	0	
0.094	0.774181	-0.0191057	1.87456	1.29169	6.05335	2.42134	9.60648e-08	0	0	0	0	0	0	0	0	
0.095	0.774497	-0.0203452	1.87316	1.29116	6.04637	2.41855	9.30454e-08	0	0	0	0	0	0	0	0	
0.096	0.774778	-0.0216178	1.87168	1.29069	6.03941	2.41576	9.6995e-08	0	0	0	0	0	0	0	0	
0.097	0.775049	-0.0228708	1.87022	1.29024	6.03259	2.41304	9.86205e-08	0	0	0	0	0	0	0	0	
0.098	0.775338	-0.02405	1.86888	1.28976	6.02601	2.4104	9.38082e-08	0	0	0	0	0	0	0	0	
0.099	0.775671	-0.0251021	1.86775	1.28921	6.01977	2.40791	9.63827e-08	0	0	0	0	0	0	0	0	
0.1	0.776073	-0.0259766	1.86691	1.28854	6.01398	2.40559	9.82495e-08	0	0	0	0	0	0	0	0	
0.101	0.776562	-0.0266277	1.86647	1.28773	6.00875	2.4035	9.82018e-08	0	0	0	0	0	0	0	0	
0.102	0.777156	-0.027015	1.86647	1.28674	6.00416	2.40166	9.08456e-08	0	0	0	0	0	0	0	0	
0.103	0.777869	-0.0271052	1.86698	1.28556	6.0003	2.40012	9.1027e-08	0	0	0	0	0	0	0	0	
0.104	0.778711	-0.026872	1.86804	1.28417	5.99723	2.39889	9.14843e-08	0	0	0	0	0	0	0	0	
0.105	0.779691	-0.0262982	1.86969	1.28256	5.99497	2.39799	9.88242e-08	0	0	0	0	0	0	0	0	
0.106	0.780818	-0.0253798	1.87195	1.28071	5.99355	2.39742	9.70873e-08	0	0	0	0	0	0	0	0	
0.107	0.782098	-0.0241198	1.87484	1.27861	5.99298	2.39719	9.4949e-08	0	0	0	0	0	0	0	0	
0.108	0.783521	-0.0225085	1.87833	1.27629	5.99323	2.39729	9.28888e-08	0	0	0	0	0	0	0	0	
0.109	0.785074	-0.0205284	1.88237	1.27377	5.99424	2.3977	9.87779e-08	0	0	0	0	0	0	0	0	
0.11	0.786746	-0.0181788	1.88692	1.27106	5.99596	2.39838	9.52145e-08	0	0	0	0	0	0	0	0	
0.111	0.788559	-0.0155078	1.89205	1.26814	5.99844	2.39938	9.12721e-08	0	0	0	0	0	0	0	0	
0.112	0.7905	-0.0125786	1.89772	1.26502	6.00163	2.40065	9.59017e-08	0	0	0	0	0	0	0	0	
0.113	0.792545	-0.00935659	1.90382	1.26176	6.00541	2.40217	9.15801e-08	0	0	0	0	0	0	0	0	
0.114	0.79479	-0.00606055	1.9107	1.25819	6.01006	2.40403	9.55985e-08	0	0	0	0	0	0	0	0	
0.115	0.796943	-0.00232492	1.91733	1.25479	6.01465	2.40586	9.1157e-08	0	0	0	0	0	0	0	0	
0.116	0.799589	0.00178298	1.9257	1.25064	6.02089	2.40836	9.47379e-08	0	0	0	0	0	0	0	0	
0.117	0.803164	0.0091342	1.93724	1.24508	6.03004	2.41201	9.05596e-08	0	0	0	0	0	0	0	0	
0.118	0.806896	0.0154592	1.94938	1.23932	6.03975	2.4159	9.38811e-08	0	0	0	0	0	0	0	0	
0.119	0.810562	0.0216476	1.96134	1.23371	6.04932	2.41973	9.8647e-08	0	0	0	0	0	0	0	0	
0.12	0.814202	0.0277877	1.97326	1.2282	6.05887	2.42355	9.50235e-08	0	0	0	0	0	0	0	0	
0.121	0.817847	0.0339456	1.98523	1.22272	6.06847	2.42739	9.83641e-08	0	0	0	0	0	0	0	0	
0.122	0.821525	0.040178	1.99735	1.21725	6.07817	2.43127	9.49941e-08	0	0	0	0	0	0	0	0	
0.123	0.825257	0.046521	2.00967	1.21174	6.08801	2.43521	9.83287e-08	0	0	0	0	0	0	0	0	
0.124	0.829054	0.0529932	2.02223	1.20619	6.09802	2.43921	9.53508e-08	0	0	0	0	0	0	0	0	
0.125	0.832919	0.0596013	2.03505	1.2006	6.1082	2.44328	9.87013e-08	0	0	0	0	0	0	0	0	
0.126	0.836854	0.0663453	2.04814	1.19495	6.11857	2.44743	9.59008e-08	0	0	0	0	0	0	0	0	
0.127	0.840855	0.0732221	2.0615	1.18927	6.12916	2.45167	9.09379e-08	0	0	0	0	0	0	0	0	
0.128	0.84492	0.0802267	2.07512	1.18354	6.14	2.456	9.35142e-08	0	0	0	0	0	0	0	0	
0.129	0.849043	0.0873545	2.08903	1.1778	6.15112	2.46045	9.03509e-08	0	0	0	0	0	0	0	0	
0.13	0.853222	0.0946015	2.10321	1.17203	6.16256	2.46502	9.28846e-08	0	0	0	0	0	0	0	0	
0.131	0.857452	0.101965	2.11768	1.16625	6.17432	2.46973	9.77352e-08	0	0	0	0	0	0	0	0	
0.132	0.861734	0.109443	2.13243	1.16045	6.18644	2.47458	9.46073e-08	0	0	0	0	0	0	0	0	
0.133	0.866067	0.117037	2.14747	1.15465	6.19892	2.47957	9.67649e-08	0	0	0	0	0	0	0	0	
0.134	0.870452	0.124747	2.16282	1.14883	6.21176	2.48471	9.29937e-08	0	0	0	0	0	0	0	0	
0.135	0.874892	0.132576	2.17847	1.143	6.22497	2.48999	9.48823e-08	0	0	0	0	0	0	0	0	
0.136	0.879392	0.140526	2.19445	1.13715	6.23854	2.49542	9.09155e-08	0	0	0	0	0	0	0	0	
0.137	0.883956	0.148602	2.21076	1.13128	6.25247	2.50099	9.27482e-08	0	0	0	0	0	0	0	0	
0.138	0.888591	0.156808	2.22743	1.12538	6.26674	2.5067	9.73801e-08	0	0	0	0	0	0	0	0	
0.139	0.893303	0.16515	2.24446	1.11944	6.28136	2.51254	9.37105e-08	0	0	0	0	0	0	0	0	
0.14	0.898103	0.173631	2.2619	1.11346	6.29631	2.51853	9.60141e-08	0	0	0	0	0	0	0	0	
0.141	0.902998	0.18226	2.27974	1.10742	6.31159	2.52464	9.20523e-08	0	0	0	0	0	0	0	0	
0.142	0.907997	0.191042	2.29803	1.10133	6.3272	2.53088	9.49527e-08	0	0	0	0	0	0	0	0	
0.143	0.913109	0.199985	2.31679	1.09516	6.34313	2.53725	9.13261e-08	0	0	0	0	0	0	0	0	
0.144	0.91834	0.209097	2.33604	1.08892	6.3594	2.54376	9.50904e-08	0	0	0	0	0	0	0	0	
0.145	0.923698	0.218387	2.35581	1.08261	6.37603	2.55041	9.16347e-08	0	0	0	0	0	0	0	0	
0.146	0.929188	0.227864	2.37613	1.07621	6.39304	2.55721	9.64076e-08	0	0	0	0	0	0	0	0	
0.147	0.934822	0.237539	2.39703	1.06972	6.4104	2.56416	9.29695e-08	0	0	0	0	0	0	0	0	
0.148	0.940613	0.247422	2.41854	1.06314	6.4281	2.57124	8.72263e-08	0	0	0	0	0	0	0	0	
0.149	0.946579	0.257527	2.44068	1.05644	6.44606	2.57842	9.4107e-08	0	0	0	0	0	0	0	0	
0.15	0.952733	0.267868	2.46347	1.04961	6.46423	2.58569	9.08482e-08	0	0	0	0	0	0	0	0	
0.151	0.95909	0.278457	2.48695	1.04265	6.48257	2.59303	8.64597e-08	0	0	0	0	0	0	0	0	
0.152	0.965656	0.289311	2.51113	1.03557	6.5011	2.60044	9.72572e-08	0	0	0	0	0	0	0	0	
0.153	0.972432	0.300438	2.53605	1.02835	6.51986	2.60795	1.10018e-07	0	0	0	0	0	0	0	0	
0.154	0.979418	0.311845	2.56175	1.02101	6.53896	2.61559	1.25325e-07	0	0	0	0	0	0	0	0	
0.155	0.986615	0.323533	2.58829	1.01357	6.55852	2.62341	1.43425e-07	0	0	0	0	0	0	0	0	
0.156	0.994027	0.335498	2.61574	1.00601	6.57866	2.63146	1.6483e-07	0	0	0	0	0	0	0	0	
0.157	1.00166	0.347736	2.64418	0.99834	6.59948	2.63979	1.90234e-07	0	0	0	0	0	0	0	0	
0.158	1.00953	0.360245	2.67366	0.99056	6.62106	2.64842	2.20594e-07	0	0	0	0	0	0	0	0	
0.159	1.01764	0.373036	2.70424	0.982667	6.64343	2.65737	2.57203e-07	0	0	0	0	0	0	0	0	
0.16	1.026	0.386125	2.73595	0.974663	6.66658	2.66663	3.01804e-07	0	0	0	0	0	0	0	0	
0.161	1.0346	0.399538	2.7688	0.966553	6.69048	2.67619	3.56738e-07	0	0	0	0	0	0	0	0	
0.162	1.04347	0.413305	2.8028	0.95834	6.71509	2.68604	4.25174e-07	0	0	0	0	0	0	0	0	
0.163	1.0526	0.427452	2.83797	0.950027	6.74036	2.69614	5.11429e-07	0	0	0	0	0	0	0	0	
0.164	1.06201	0.441997	2.87433	0.941611	6.76625	2.7065	6.2142e-07	0	0	0	0	0	0	0	0	
0.165	1.07171	0.456954	2.91196	0.933086	6.79277	2.71711	7.63306e-07	0	0	0	0	0	0	0	0	
0.166	1.08174	0.472328	2.95093	0.924441	6.81991	2.72796	9.48458e-07	0	0	0	0	0	0	0	0	
0.167	1.0921	0.488123	2.99136	0.915665	6.8477	2.73908	1.19284e-06	0	0	0	0	0	0	0	0	
0.168	1.10284	0.504346	3.03332	0.906752	6.87618	2.75047	1.51881e-06	0	0	0	0	0	0	0	0	
0.169	1.11396	0.521014	3.07694	0.897696	6.90539	2.76216	1.95782e-06	0	0	0	0	0	0	0	0	
0.17	1.1255	0.538144	3.12231	0.888498	6.93541	2.77416	2.55525e-06	0	0	0	0	0	0	0	0	
0.171	1.13746	0.555758	3.16955	0.879152	6.96628	2.78651	3.37904e-06	0	0	0	0	0	0	0	0	
0.172	1.14989	0.57388	3.2188	0.869648	6.99805	2.79922	4.53426e-06	0	0	0	0	0	0	0	0	
0.173	1.16283	0.592545	3.27021	0.85997	7.0307	2.81228	6.18484e-06	0	0	0	0	0	0	0	0	
0.174	1.17633	0.611801	3.32392	0.850102	7.06419	2.82568	8.58478e-06	0	0	0	0	0	0	0	0	
0.175	1.19044	0.631702	3.38013	0.840027	7.09851	2.8394	1.21255e-05	0	0	0	0	0	0	0	0	
0.176	1.20522	0.652304	3.43909	0.829727	7.13376	2.8535	1.74162e-05	0	0	0	0	0	0	0	0	
0.177	1.22073	0.673661	3.50113	0.819184	7.17017	2.86807	2.54197e-05	0	0	0	0	0	0	0	0	
0.178	1.23704	0.695849	3.56665	0.808381	7.20804	2.88322	3.76888e-05	0	0	0	0	0	0	0	0	
0.179	1.25423	0.718994	3.63609	0.797302	7.24767	2.89907	5.68033e-05	0	0	0	0	0	0	0	0	
0.18	1.27239	0.743266	3.70995	0.785922	7.28933	2.91573	8.71572e-05	0	0	0	0	0	0	0	0	
0.181	1.29169	0.768857	3.78898	0.774178	7.33336	2.93335	0.00013636	0	0	0	0	0	0	0	0	
0.182	1.3124	0.795983	3.87432	0.761963	7.38023	2.95209	0.000217943	0	0	0	0	0	0	0	0	
0.183	1.33487	0.824969	3.96748	0.749134	7.43044	2.97218	0.000356721	0	0	0	0	0	0	0	0	
0.184	1.35955	0.856367	4.07027	0.735537	7.48459	2.99383	0.000599101	0	0	0	0	0	0	0	0	
0.185	1.38705	0.891005	4.18522	0.720954	7.54338	3.01735	0.001035	0	0	0	0	0	0	0	0	
0.186	1.41846	0.929974	4.31664	0.704992	7.60798	3.04319	0.00184675	0	0	0	0	0	0	0	0	
0.187	1.45562	0.974802	4.4718	0.686991	7.68022	3.07209	0.00341499	0	0	0	0	0	0	0	0	
0.188	1.50155	1.0281	4.66208	0.66598	7.76212	3.10485	0.00656896	0	0	0	0	0	0	0	0	
0.189	1.56137	1.09455	4.90522	0.640463	7.85403	3.14161	0.0132457	0	0	0	0	0	0	0	0	
0.19	1.64502	1.18202	5.23219	0.607896	7.95157	3.18063	0.0282027	0	0	0	0	0	0	0	0	
0.191	1.77348	1.30267	5.6993	0.563863	8.03407	3.21363	0.0635759	0	0	0	0	0	0	0	0	
0.192	1.99286	1.47123	6.39114	0.501792	8.01755	3.20702	0.150883	0	0	0	0	0	0	0	0	
0.193	2.30565	1.63593	6.97215	0.433717	7.55985	3.02394	0.35607	0	0	0	0	0	0	0	0	
0.194	1.8756	1.13872	4.14982	0.533163	5.53133	2.21253	0.694878	0	0	0	0	0	0	0	0	
0.195	1.10012	0.234231	1.52455	0.908991	3.46451	1.3858	0.820856	0	0	0	0	0	0	0	0	
0.196	1.00883	0.141236	1.32986	0.991252	3.29556	1.31822	0.824134	0	0	0	0	0	0	0	0	
0.197	1.00637	0.137949	1.32223	0.993667	3.28465	1.31386	0.82588	0	0	0	0	0	0	0	0	
0.198	1.00569	0.136149	1.31799	0.994347	3.27636	1.31054	0.827575	0	0	0	0	0	0	0	0	
0.199	1.00505	0.134438	1.31395	0.994973	3.26836	1.30734	0.82922	0	0	0	0	0	0	0	0	
0.2	1.00444	0.132793	1.31005	0.995576	3.26063	1.30425	0.830814	0	0	0	0	0	0	0	0	
0.201	1.00385	0.13121	1.30628	0.99616	3.25317	1.30127	0.832357	0	0	0	0	0	0	0	0	
0.202	1.00328	0.129685	1.30264	0.996727	3.24595	1.29838	0.833851	0	0	0	0	0	0	0	0	
0.203	1.00273	0.128215	1.29912	0.997276	3.23896	1.29559	0.835301	0	0	0	0	0	0	0	0	
0.204	1.0022	0.126798	1.29572	0.997801	3.23217	1.29287	0.836715	0	0	0	0	0	0	0	0	
0.205	1.00171	0.125429	1.29242	0.998297	3.22554	1.29022	0.838101	0	0	0	0	0	0	0	0	
0.206	1.00125	0.124107	1.28922	0.998756	3.21904	1.28762	0.839469	0	0	0	0	0	0	0	0	
0.207	1.00083	0.122829	1.28612	0.999173	3.21263	1.28505	0.840825	0	0	0	0	0	0	0	0	
0.208	1.00045	0.121592	1.2831	0.999547	3.20631	1.28252	0.842174	0	0	0	0	0	0	0	0	
0.209	1.00012	0.120394	1.28018	0.99988	3.20006	1.28002	0.843515	0	0	0	0	0	0	0	0	
0.21	0.999821	0.119234	1.27733	1.00018	3.1939	1.27756	0.844844	0	0	0	0	0	0	0	0	
0.211	0.999548	0.118108	1.27456	1.00045	3.18785	1.27514	0.846155	0	0	0	0	0	0	0	0	
0.212	0.999291	0.117016	1.27187	1.00071	3.18193	1.27277	0.847441	0	0	0	0	0	0	0	0	
0.213	0.999042	0.115956	1.26925	1.00096	3.17616	1.27047	0.848698	0	0	0	0	0	0	0	0	
0.214	0.998796	0.114926	1.26669	1.00121	3.17055	1.26822	0.849922	0	0	0	0	0	0	0	0	
0.215	0.998551	0.113926	1.2642	1.00145	3.16509	1.26604	0.851114	0	0	0	0	0	0	0	0	
0.216	0.998309	0.112955	1.26177	1.00169	3.15978	1.26391	0.852275	0	0	0	0	0	0	0	0	
0.217	0.998071	0.11201	1.2594	1.00193	3.15459	1.26184	0.85341	0	0	0	0	0	0	0	0	
0.218	0.997843	0.111091	1.25709	1.00216	3.14952	1.25981	0.854523	0	0	0	0	0	0	0	0	
0.219	0.997626	0.110198	1.25483	1.00238	3.14454	1.25782	0.855618	0	0	0	0	0	0	0	0	
0.22	0.997423	0.109328	1.25262	1.00258	3.13965	1.25586	0.856698	0	0	0	0	0	0	0	0	
0.221	0.997234	0.108481	1.25047	1.00277	3.13484	1.25394	0.857763	0	0	0	0	0	0	0	0	
0.222	0.997057	0.107656	1.24836	1.00295	3.13011	1.25204	0.858814	0	0	0	0	0	0	0	0	
0.223	0.996891	0.106853	1.2463	1.00312	3.12546	1.25018	0.85985	0	0	0	0	0	0	0	0	
0.224	0.99673	0.106069	1.24428	1.00328	3.1209	1.24836	0.860867	0	0	0	0	0	0	0	0	
0.225	0.996569	0.105305	1.2423	1.00344	3.11645	1.24658	0.861861	0	0	0	0	0	0	0	0	
0.226	0.996401	0.10456	1.24037	1.00361	3.11212	1.24485	0.862828	0	0	0	0	0	0	0	0	
0.227	0.996226	0.103833	1.23847	1.00379	3.10791	1.24316	0.863768	0	0	0	0	0	0	0	0	
0.228	0.996044	0.103123	1.23662	1.00397	3.10382	1.24153	0.864683	0	0	0	0	0	0	0	0	
0.229	0.995864	0.102431	1.2348	1.00415	3.09981	1.23993	0.86558	0	0	0	0	0	0	0	0	
0.23	0.995702	0.101755	1.23302	1.00432	3.09584	1.23834	0.866473	0	0	0	0	0	0	0	0	
0.231	0.995575	0.101095	1.23127	1.00444	3.09185	1.23674	0.867377	0	0	0	0	0	0	0	0	
0.232	0.995498	0.10045	1.22955	1.00452	3.08778	1.23511	0.868305	0	0	0	0	0	0	0	0	
0.233	0.995481	0.0998181	1.22787	1.00454	3.0836	1.23344	0.869265	0	0	0	0	0	0	0	0	
0.234	0.995521	0.0991995	1.22622	1.0045	3.07933	1.23173	0.870255	0	0	0	0	0	0	0	0	
0.235	0.995605	0.098593	1.22459	1.00441	3.075	1.23	0.871266	0	0	0	0	0	0	0	0	
0.236	0.995713	0.0979981	1.223	1.00431	3.07066	1.22826	0.872281	0	0	0	0	0	0	0	0	
0.237	0.995822	0.0974142	1.22143	1.0042	3.06639	1.22656	0.873281	0	0	0	0	0	0	0	0	
0.238	0.99591	0.0968412	1.2199	1.00411	3.06226	1.2249	0.874249	0	0	0	0	0	0	0	0	
0.239	0.995964	0.0962789	1.21838	1.00405	3.0583	1.22332	0.875175	0	0	0	0	0	0	0	0	
0.24	0.995979	0.0957274	1.2169	1.00404	3.05453	1.22181	0.876055	0	0	0	0	0	0	0	0	
0.241	0.995959	0.0951865	1.21544	1.00406	3.05093	1.22037	0.876892	0	0	0	0	0	0	0	0	
0.242	0.995911	0.0946564	1.214	1.00411	3.04747	1.21899	0.877695	0	0	0	0	0	0	0	0	
0.243	0.995849	0.0941368	1.21259	1.00417	3.04412	1.21765	0.878473	0	0	0	0	0	0	0	0	
0.244	0.995783	0.0936276	1.21121	1.00423	3.04084	1.21633	0.879236	0	0	0	0	0	0	0	0	
0.245	0.995723	0.0931285	1.20984	1.00429	3.03759	1.21504	0.879992	0	0	0	0	0	0	0	0	
0.246	0.995675	0.0926392	1.20849	1.00434	3.03436	1.21374	0.880746	0	0	0	0	0	0	0	0	
0.247	0.99564	0.0921595	1.20717	1.00438	3.03114	1.21246	0.881499	0	0	0	0	0	0	0	0	
0.248	0.995618	0.0916889	1.20587	1.0044	3.02794	1.21118	0.882252	0	0	0	0	0	0	0	0	
0.249	0.995604	0.0912273	1.20458	1.00442	3.02476	1.2099	0.883001	0	0	0	0	0	0	0	0	
0.25	0.995595	0.0907744	1.20332	1.00442	3.02161	1.20864	0.883743	0	0	0	0	0	0	0	0	
0.251	0.995586	0.0903299	1.20207	1.00443	3.01851	1.2074	0.884476	0	0	0	0	0	0	0	0	
0.252	0.995574	0.0898938	1.20085	1.00445	3.01546	1.20618	0.885197	0	0	0	0	0	0	0	0	
0.253	0.995561	0.0894658	1.19964	1.00446	3.01246	1.20499	0.885907	0	0	0	0	0	0	0	0	
0.254	0.99555	0.0890457	1.19844	1.00447	3.0095	1.2038	0.88661	0	0	0	0	0	0	0	0	
0.255	0.995548	0.0886333	1.19727	1.00447	3.00655	1.20262	0.88731	0	0	0	0	0	0	0	0	
0.256	0.995562	0.0882284	1.19611	1.00446	3.0036	1.20144	0.888015	0	0	0	0	0	0	0	0	
0.257	0.995598	0.0878305	1.19496	1.00442	3.00062	1.20025	0.888727	0	0	0	0	0	0	0	0	
0.258	0.995658	0.0874395	1.19384	1.00436	2.9976	1.19904	0.88945	0	0	0	0	0	0	0	0	
0.259	0.995738	0.0870549	1.19272	1.00428	2.99457	1.19783	0.890179	0	0	0	0	0	0	0	0	
0.26	0.995833	0.0866766	1.19162	1.00418	2.99153	1.19661	0.890912	0	0	0	0	0	0	0	0	
0.261	0.995933	0.0863041	1.19054	1.00408	2.98851	1.1954	0.89164	0	0	0	0	0	0	0	0	
0.262	0.996029	0.0859375	1.18947	1.00399	2.98553	1.19421	0.892358	0	0	0	0	0	0	0	0	
0.263	0.996117	0.0855765	1.18842	1.0039	2.98262	1.19305	0.893062	0	0	0	0	0	0	0	0	
0.264	0.996194	0.085221	1.18738	1.00382	2.97978	1.19191	0.893749	0	0	0	0	0	0	0	0	
0.265	0.996258	0.084871	1.18635	1.00376	2.97701	1.19081	0.894419	0	0	0	0	0	0	0	0	
0.266	0.996313	0.0845264	1.18534	1.0037	2.97431	1.18972	0.895075	0	0	0	0	0	0	0	0	
0.267	0.996361	0.0841869	1.18434	1.00365	2.97166	1.18866	0.895719	0	0	0	0	0	0	0	0	
0.268	0.996406	0.0838526	1.18335	1.00361	2.96905	1.18762	0.896353	0	0	0	0	0	0	0	0	
0.269	0.99645	0.0835233	1.18238	1.00356	2.96647	1.18659	0.896979	0	0	0	0	0	0	0	0	
0.27	0.996494	0.0831989	1.18142	1.00352	2.96393	1.18557	0.897599	0	0	0	0	0	0	0	0	
0.271	0.996539	0.0828792	1.18047	1.00347	2.96142	1.18457	0.898212	0	0	0	0	0	0	0	0	
0.272	0.996581	0.0825641	1.17953	1.00343	2.95895	1.18358	0.898817	0	0	0	0	0	0	0	0	
0.273	0.996619	0.0822535	1.17861	1.00339	2.95652	1.18261	0.899412	0	0	0	0	0	0	0	0	
0.274	0.996647	0.0819474	1.1777	1.00336	2.95415	1.18166	0.899995	0	0	0	0	0	0	0	0	
0.275	0.996664	0.0816458	1.1768	1.00335	2.95184	1.18074	0.900562	0	0	0	0	0	0	0	0	
0.276	0.996669	0.0813486	1.17591	1.00334	2.9496	1.17984	0.901115	0	0	0	0	0	0	0	0	
0.277	0.996666	0.0810559	1.17503	1.00334	2.9474	1.17896	0.901657	0	0	0	0	0	0	0	0	
0.278	0.996668	0.0807675	1.17416	1.00334	2.94523	1.17809	0.902196	0	0	0	0	0	0	0	0	
0.279	0.996687	0.0804833	1.17331	1.00332	2.94302	1.17721	0.902742	0	0	0	0	0	0	0	0	
0.28	0.996738	0.0802032	1.17246	1.00327	2.94075	1.1763	0.903305	0	0	0	0	0	0	0	0	
0.281	0.996831	0.0799269	1.17163	1.00318	2.93838	1.17535	0.903893	0	0	0	0	0	0	0	0	
0.282	0.996968	0.0796542	1.1708	1.00304	2.93591	1.17436	0.904507	0	0	0	0	0	0	0	0	
0.283	0.997142	0.0793849	1.16999	1.00287	2.93335	1.17334	0.905142	0	0	0	0	0	0	0	0	
0.284	0.997338	0.0791188	1.16918	1.00267	2.93075	1.1723	0.905788	0	0	0	0	0	0	0	0	
0.285	0.997538	0.0788558	1.16838	1.00247	2.92816	1.17126	0.90643	0	0	0	0	0	0	0	0	
0.286	0.997723	0.0785959	1.16759	1.00228	2.92564	1.17026	0.907059	0	0	0	0	0	0	0	0	
0.287	0.997883	0.0783394	1.16681	1.00212	2.92322	1.16929	0.907663	0	0	0	0	0	0	0	0	
0.288	0.99801	0.0780862	1.16604	1.00199	2.92091	1.16836	0.90824	0	0	0	0	0	0	0	0	
0.289	0.998105	0.0778366	1.16527	1.0019	2.91871	1.16749	0.908791	0	0	0	0	0	0	0	0	
0.29	0.998174	0.0775907	1.16452	1.00183	2.91662	1.16665	0.909319	0	0	0	0	0	0	0	0	
0.291	0.998227	0.0773485	1.16377	1.00178	2.91459	1.16583	0.909831	0	0	0	0	0	0	0	0	
0.292	0.998271	0.0771101	1.16303	1.00173	2.9126	1.16504	0.910333	0	0	0	0	0	0	0	0	
0.293	0.998314	0.0768755	1.16229	1.00169	2.91064	1.16426	0.91083	0	0	0	0	0	0	0	0	
0.294	0.99836	0.0766446	1.16156	1.00164	2.90868	1.16347	0.911326	0	0	0	0	0	0	0	0	
0.295	0.998413	0.0764174	1.16084	1.00159	2.90673	1.16269	0.911822	0	0	0	0	0	0	0	0	
0.296	0.998471	0.0761938	1.16013	1.00153	2.90477	1.16191	0.912318	0	0	0	0	0	0	0	0	
0.297	0.998533	0.0759736	1.15942	1.00147	2.90282	1.16113	0.912814	0	0	0	0	0	0	0	0	
0.298	0.998596	0.0757569	1.15872	1.00141	2.90088	1.16035	0.913307	0	0	0	0	0	0	0	0	
0.299	0.998658	0.0755436	1.15803	1.00134	2.89896	1.15958	0.913796	0	0	0	0	0	0	0	0	
0.3	0.998719	0.0753335	1.15734	1.00128	2.89706	1.15882	0.914281	0	0	0	0	0	0	0	0	
0.301	0.998783	0.0751266	1.15666	1.00122	2.89516	1.15807	0.914764	0	0	0	0	0	0	0	0	
0.302	0.998854	0.0749227	1.15598	1.00115	2.89327	1.15731	0.915248	0	0	0	0	0	0	0	0	
0.303	0.998937	0.0747218	1.15531	1.00106	2.89135	1.15654	0.915738	0	0	0	0	0	0	0	0	
0.304	0.999039	0.0745236	1.15464	1.00096	2.88939	1.15576	0.916236	0	0	0	0	0	0	0	0	
0.305	0.999158	0.0743279	1.15399	1.00084	2.8874	1.15496	0.916743	0	0	0	0	0	0	0	0	
0.306	0.999292	0.0741346	1.15333	1.00071	2.88537	1.15415	0.917256	0	0	0	0	0	0	0	0	
0.307	0.999435	0.0739434	1.15269	1.00057	2.88334	1.15334	0.917772	0	0	0	0	0	0	0	0	
0.308	0.999577	0.0737544	1.15204	1.00042	2.88133	1.15253	0.918284	0	0	0	0	0	0	0	0	
0.309	0.999711	0.0735674	1.15141	1.00029	2.87935	1.15174	0.918787	0	0	0	0	0	0	0	0	
0.31	0.999832	0.0733823	1.15078	1.00017	2.87743	1.15097	0.919278	0	0	0	0	0	0	0	0	
0.311	0.999936	0.0731991	1.15016	1.00006	2.87557	1.15023	0.919755	0	0	0	0	0	0	0	0	
0.312	1.00002	0.0730178	1.14954	0.999976	2.87377	1.14951	0.920219	0	0	0	0	0	0	0	0	
0.313	1.0001	0.0728384	1.14893	0.9999	2.87202	1.14881	0.920671	0	0	0	0	0	0	0	0	
0.314	1.00017	0.0726607	1.14832	0.99983	2.87031	1.14812	0.921116	0	0	0	0	0	0	0	0	
0.315	1.00024	0.0724848	1.14772	0.999762	2.86861	1.14745	0.921557	0	0	0	0	0	0	0	0	
0.316	1.00031	0.0723106	1.14712	0.99969	2.86692	1.14677	0.921997	0	0	0	0	0	0	0	0	
0.317	1.00039	0.072138	1.14654	0.999611	2.86522	1.14609	0.922439	0	0	0	0	0	0	0	0	
0.318	1.00048	0.071967	1.14595	0.999523	2.86351	1.14541	0.922884	0	0	0	0	0	0	0	0	
0.319	1.00058	0.0717973	1.14537	0.999423	2.86178	1.14471	0.923333	0	0	0	0	0	0	0	0	
0.32	1.00069	0.071629	1.1448	0.999313	2.86004	1.14402	0.923785	0	0	0	0	0	0	0	0	
0.321	1.00081	0.0714621	1.14424	0.999193	2.85828	1.14331	0.924241	0	0	0	0	0	0	0	0	
0.322	1.00094	0.0712964	1.14367	0.999064	2.85651	1.1426	0.9247	0	0	0	0	0	0	0	0	
0.323	1.00107	0.0711319	1.14312	0.998927	2.85473	1.14189	0.92516	0	0	0	0	0	0	0	0	
0.324	1.00122	0.0709686	1.14257	0.998781	2.85293	1.14117	0.925624	0	0	0	0	0	0	0	0	
0.325	1.00138	0.0708065	1.14202	0.998625	2.85112	1.14045	0.92609	0	0	0	0	0	0	0	0	
0.326	1.00154	0.0706455	1.14148	0.998458	2.84929	1.13972	0.926561	0	0	0	0	0	0	0	0	
0.327	1.00173	0.0704855	1.14094	0.998274	2.84743	1.13897	0.927038	0	0	0	0	0	0	0	0	
0.328	1.00193	0.0703266	1.14041	0.998073	2.84553	1.13821	0.927524	0	0	0	0	0	0	0	0	
0.329	1.00215	0.0701688	1.13988	0.997853	2.84358	1.13743	0.928018	0	0	0	0	0	0	0	0	
0.33	1.00239	0.0700119	1.13936	0.997616	2.8416	1.13664	0.92852	0	0	0	0	0	0	0	0	
0.331	1.00264	0.0698559	1.13884	0.997369	2.8396	1.13584	0.929024	0	0	0	0	0	0	0	0	
0.332	1.00288	0.0697009	1.13832	0.997124	2.83762	1.13505	0.929526	0	0	0	0	0	0	0	0	
0.333	1.00312	0.069547	1.13781	0.996893	2.83568	1.13427	0.930016	0	0	0	0	0	0	0	0	
0.334	1.00332	0.0693942	1.1373	0.996691	2.83384	1.13354	0.930486	0	0	0	0	0	0	0	0	
0.335	1.00348	0.0692428	1.1368	0.996529	2.83213	1.13285	0.93093	0	0	0	0	0	0	0	0	
0.336	1.0036	0.0690929	1.1363	0.996414	2.83055	1.13222	0.931343	0	0	0	0	0	0	0	0	
0.337	1.00367	0.0689448	1.1358	0.996344	2.82912	1.13165	0.931728	0	0	0	0	0	0	0	0	
0.338	1.0037	0.0687986	1.13531	0.996314	2.8278	1.13112	0.932087	0	0	0	0	0	0	0	0	
0.339	1.0037	0.0686545	1.13482	0.996314	2.82658	1.13063	0.932425	0	0	0	0	0	0	0	0	
0.34	1.00368	0.0685126	1.13433	0.996334	2.82543	1.13017	0.932751	0	0	0	0	0	0	0	0	
0.341	1.00365	0.0683729	1.13385	0.996363	2.8243	1.12972	0.93307	0	0	0	0	0	0	0	0	
0.342	1.00362	0.0682356	1.13336	0.996392	2.82319	1.12927	0.933388	0	0	0	0	0	0	0	0	
0.343	1.0036	0.0681006	1.13289	0.996413	2.82206	1.12882	0.933708	0	0	0	0	0	0	0	0	
0.344	1.00359	0.0679679	1.13241	0.996424	2.8209	1.12836	0.934034	0	0	0	0	0	0	0	0	
0.345	1.00359	0.0678374	1.13194	0.996423	2.81972	1.12789	0.934365	0	0	0	0	0	0	0	0	
0.346	1.0036	0.0677092	1.13147	0.996413	2.81852	1.12741	0.934701	0	0	0	0	0	0	0	0	
0.347	1.00361	0.0675831	1.131	0.996398	2.81731	1.12693	0.935038	0	0	0	0	0	0	0	0	
0.348	1.00363	0.0674591	1.13053	0.996382	2.81611	1.12644	0.935374	0	0	0	0	0	0	0	0	
0.349	1.00365	0.0673373	1.13007	0.996364	2.8149	1.12596	0.935711	0	0	0	0	0	0	0	0	
0.35	1.00367	0.0672174	1.12961	0.996339	2.81368	1.12547	0.93605	0	0	0	0	0	0	0	0	
0.351	1.00372	0.0670994	1.12915	0.996296	2.81242	1.12497	0.936398	0	0	0	0	0	0	0	0	
0.352	1.00379	0.0669832	1.12869	0.996222	2.81108	1.12443	0.936762	0	0	0	0	0	0	0	0	
0.353	1.00391	0.0668685	1.12824	0.996109	2.80963	1.12385	0.937146	0	0	0	0	0	0	0	0	
0.354	1.00406	0.0667552	1.12779	0.995955	2.80807	1.12323	0.937552	0	0	0	0	0	0	0	0	
0.355	1.00425	0.066643	1.12734	0.995769	2.80643	1.12257	0.937975	0	0	0	0	0	0	0	0	
0.356	1.00445	0.0665317	1.1269	0.995569	2.80476	1.1219	0.938403	0	0	0	0	0	0	0	0	
0.357	1.00465	0.0664212	1.12645	0.995374	2.80311	1.12124	0.938827	0	0	0	0	0	0	0	0	
0.358	1.00482	0.0663116	1.12601	0.995202	2.80153	1.12061	0.939236	0	0	0	0	0	0	0	0	
0.359	1.00496	0.0662028	1.12558	0.995062	2.80005	1.12002	0.939627	0	0	0	0	0	0	0	0	
0.36	1.00507	0.0660947	1.12514	0.994952	2.79866	1.11946	0.939997	0	0	0	0	0	0	0	0	
0.361	1.00516	0.0659874	1.12471	0.99487	2.79736	1.11894	0.940352	0	0	0	0	0	0	0	0	
0.362	1.00522	0.0658809	1.12429	0.994807	2.79612	1.11845	0.940694	0	0	0	0	0	0	0	0	
0.363	1.00527	0.0657752	1.12386	0.994758	2.79493	1.11797	0.941026	0	0	0	0	0	0	0	0	
0.364	1.00531	0.0656703	1.12344	0.994718	2.79378	1.11751	0.941352	0	0	0	0	0	0	0	0	
0.365	1.00535	0.065566	1.12303	0.994682	2.79264	1.11706	0.941673	0	0	0	0	0	0	0	0	
0.366	1.00538	0.0654624	1.12262	0.994646	2.79151	1.1166	0.941994	0	0	0	0	0	0	0	0	
0.367	1.00543	0.0653594	1.12221	0.994603	2.79038	1.11615	0.942316	0	0	0	0	0	0	0	0	
0.368	1.00548	0.065257	1.1218	0.994553	2.78923	1.11569	0.942641	0	0	0	0	0	0	0	0	
0.369	1.00553	0.0651552	1.1214	0.994498	2.78807	1.11523	0.942966	0	0	0	0	0	0	0	0	
0.37	1.00559	0.0650539	1.121	0.994444	2.78693	1.11477	0.943291	0	0	0	0	0	0	0	0	
0.371	1.00564	0.0649532	1.1206	0.994395	2.78581	1.11432	0.94361	0	0	0	0	0	0	0	0	
0.372	1.00568	0.0648531	1.12021	0.994356	2.78473	1.11389	0.943923	0	0	0	0	0	0	0	0	
0.373	1.00571	0.0647537	1.11982	0.994322	2.78366	1.11347	0.944232	0	0	0	0	0	0	0	0	
0.374	1.00575	0.064655	1.11944	0.994282	2.78259	1.11304	0.944542	0	0	0	0	0	0	0	0	
0.375	1.00581	0.0645569	1.11905	0.994221	2.78147	1.11259	0.944862	0	0	0	0	0	0	0	0	
0.376	1.00591	0.0644594	1.11867	0.994125	2.78025	1.1121	0.945199	0	0	0	0	0	0	0	0	
0.377	1.00605	0.0643625	1.1183	0.993986	2.77893	1.11157	0.945556	0	0	0	0	0	0	0	0	
0.378	1.00623	0.064266	1.11792	0.993808	2.7775	1.111	0.945932	0	0	0	0	0	0	0	0	
0.379	1.00644	0.0641699	1.11755	0.993606	2.77601	1.1104	0.946319	0	0	0	0	0	0	0	0	
0.38	1.00664	0.0640743	1.11718	0.993402	2.77452	1.10981	0.946705	0	0	0	0	0	0	0	0	
0.381	1.00682	0.063979	1.11681	0.993223	2.7731	1.10924	0.947078	0	0	0	0	0	0	0	0	
0.382	1.00696	0.0638844	1.11645	0.993083	2.77181	1.10872	0.947429	0	0	0	0	0	0	0	0	
0.383	1.00706	0.0637905	1.11608	0.992987	2.77064	1.10826	0.947757	0	0	0	0	0	0	0	0	
0.384	1.00713	0.0636975	1.11572	0.992922	2.76956	1.10783	0.948067	0	0	0	0	0	0	0	0	
0.385	1.00718	0.0636054	1.11536	0.992867	2.76852	1.10741	0.948371	0	0	0	0	0	0	0	0	
0.386	1.00725	0.0635142	1.11501	0.992801	2.76745	1.10698	0.948679	0	0	0	0	0	0	0	0	
0.387	1.00734	0.0634239	1.11465	0.992714	2.76633	1.10653	0.948996	0	0	0	0	0	0	0	0	
0.388	1.00745	0.0633345	1.1143	0.992608	2.76516	1.10606	0.949322	0	0	0	0	0	0	0	0	
0.389	1.00756	0.0632458	1.11395	0.992497	2.76398	1.10559	0.949649	0	0	0	0	0	0	0	0	
0.39	1.00767	0.063158	1.1136	0.992393	2.76282	1.10513	0.949972	0	0	0	0	0	0	0	0	
0.391	1.00776	0.0630709	1.11325	0.992301	2.76171	1.10468	0.950288	0	0	0	0	0	0	0	0	
0.392	1.00784	0.0629847	1.11291	0.992218	2.76062	1.10425	0.950598	0	0	0	0	0	0	0	0	
0.393	1.00793	0.0628993	1.11256	0.992133	2.75953	1.10381	0.950908	0	0	0	0	0	0	0	0	
0.394	1.00802	0.0628147	1.11222	0.992041	2.75843	1.10337	0.951221	0	0	0	0	0	0	0	0	
0.395	1.00812	0.0627309	1.11188	0.991943	2.75731	1.10292	0.951535	0	0	0	0	0	0	0	0	
0.396	1.00822	0.0626478	1.11155	0.991848	2.75621	1.10248	0.951847	0	0	0	0	0	0	0	0	
0.397	1.0083	0.0625655	1.11121	0.991769	2.75516	1.10206	0.952151	0	0	0	0	0	0	0	0	
0.398	1.00835	0.0624841	1.11087	0.991715	2.75418	1.10167	0.952442	0	0	0	0	0	0	0	0	
0.399	1.00838	0.0624035	1.11054	0.991685	2.75327	1.10131	0.952721	0	0	0	0	0	0	0	0	
0.4	1.0084	0.0623238	1.11021	0.991668	2.7524	1.10096	0.952993	0	0	0	0	0	0	0	0	
0.401	1.00842	0.0622451	1.10988	0.991652	2.75154	1.10062	0.953263	0	0	0	0	0	0	0	0	
0.402	1.00845	0.0621673	1.10955	0.991624	2.75065	1.10026	0.953538	0	0	0	0	0	0	0	0	
0.403	1.0085	0.0620904	1.10923	0.991573	2.7497	1.09988	0.953823	0	0	0	0	0	0	0	0	
0.404	1.00858	0.0620144	1.1089	0.991492	2.74867	1.09947	0.954121	0	0	0	0	0	0	0	0	
0.405	1.0087	0.0619391	1.10858	0.991377	2.74755	1.09902	0.954434	0	0	0	0	0	0	0	0	
0.406	1.00885	0.0618644	1.10826	0.991224	2.74633	1.09853	0.954763	0	0	0	0	0	0	0	0	
0.407	1.00904	0.0617903	1.10794	0.991038	2.74502	1.09801	0.955106	0	0	0	0	0	0	0	0	
0.408	1.00925	0.0617167	1.10762	0.990834	2.74366	1.09746	0.955456	0	0	0	0	0	0	0	0	
0.409	1.00945	0.0616435	1.1073	0.990636	2.74232	1.09693	0.955803	0	0	0	0	0	0	0	0	
0.41	1.00962	0.0615709	1.10698	0.990472	2.74108	1.09643	0.956134	0	0	0	0	0	0	0	0	
0.411	1.00973	0.0614989	1.10667	0.990366	2.74001	1.096	0.956438	0	0	0	0	0	0	0	0	
0.412	1.00977	0.0614277	1.10635	0.990323	2.73911	1.09565	0.956713	0	0	0	0	0	0	0	0	
0.413	1.00976	0.0613573	1.10604	0.99033	2.73836	1.09534	0.956965	0	0	0	0	0	0	0	0	
0.414	1.00974	0.0612879	1.10573	0.990352	2.73765	1.09506	0.957208	0	0	0	0	0	0	0	0	
0.415	1.00974	0.0612193	1.10542	0.990353	2.73689	1.09475	0.95746	0	0	0	0	0	0	0	0	
0.416	1.00979	0.0611513	1.10511	0.990301	2.73598	1.09439	0.957734	0	0	0	0	0	0	0	0	
0.417	1.00991	0.0610838	1.1048	0.990186	2.7349	1.09396	0.958035	0	0	0	0	0	0	0	0	
0.418	1.01008	0.0610167	1.1045	0.990023	2.7337	1.09348	0.958356	0	0	0	0	0	0	0	0	
0.419	1.01026	0.0609497	1.1042	0.989846	2.73246	1.09298	0.958683	0	0	0	0	0	0	0	0	
0.42	1.01042	0.0608828	1.10389	0.989691	2.73129	1.09251	0.958999	0	0	0	0	0	0	0	0	
0.421	1.01053	0.0608161	1.1036	0.98958	2.73024	1.0921	0.959296	0	0	0	0	0	0	0	0	
0.422	1.0106	0.0607497	1.1033	0.989514	2.72932	1.09173	0.959573	0	0	0	0	0	0	0	0	
0.423	1.01064	0.0606837	1.103	0.989476	2.72849	1.09139	0.959836	0	0	0	0	0	0	0	0	
0.424	1.01067	0.060618	1.10271	0.989444	2.72767	1.09107	0.960096	0	0	0	0	0	0	0	0	
0.425	1.01071	0.0605528	1.10242	0.989402	2.72683	1.09073	0.960359	0	0	0	0	0	0	0	0	
0.426	1.01076	0.0604879	1.10213	0.989352	2.72598	1.09039	0.960625	0	0	0	0	0	0	0	0	
0.427	1.01081	0.0604235	1.10184	0.989305	2.72514	1.09005	0.960888	0	0	0	0	0	0	0	0	
0.428	1.01084	0.0603595	1.10155	0.989273	2.72434	1.08974	0.961146	0	0	0	0	0	0	0	0	
0.429	1.01086	0.0602962	1.10127	0.989259	2.7236	1.08944	0.961395	0	0	0	0	0	0	0	0	
0.43	1.01087	0.0602334	1.10098	0.989248	2.72286	1.08915	0.961642	0	0	0	0	0	0	0	0	
0.431	1.0109	0.0601713	1.1007	0.989215	2.72207	1.08883	0.961897	0	0	0	0	0	0	0	0	
0.432	1.01099	0.0601097	1.10042	0.989131	2.72115	1.08846	0.962172	0	0	0	0	0	0	0	0	
0.433	1.01114	0.0600487	1.10014	0.98898	2.72004	1.08802	0.962473	0	0	0	0	0	0	0	0	
0.434	1.01136	0.0599879	1.09986	0.988764	2.71876	1.0875	0.962799	0	0	0	0	0	0	0	0	
0.435	1.01162	0.0599274	1.09958	0.98851	2.71738	1.08695	0.963139	0	0	0	0	0	0	0	0	
0.436	1.01188	0.059867	1.09931	0.988261	2.71601	1.0864	0.963477	0	0	0	0	0	0	0	0	
0.437	1.01208	0.059807	1.09903	0.988064	2.71479	1.08592	0.963794	0	0	0	0	0	0	0	0	
0.438	1.01219	0.0597474	1.09876	0.987955	2.71381	1.08553	0.964076	0	0	0	0	0	0	0	0	
0.439	1.0122	0.0596885	1.09849	0.987946	2.71312	1.08525	0.964318	0	0	0	0	0	0	0	0	
0.44	1.01212	0.0596304	1.09822	0.988021	2.71265	1.08506	0.964527	0	0	0	0	0	0	0	0	
0.441	1.012	0.0595735	1.09795	0.988138	2.71231	1.08492	0.964719	0	0	0	0	0	0	0	0	
0.442	1.01189	0.0595176	1.09768	0.98825	2.71195	1.08478	0.964912	0	0	0	0	0	0	0	0	
0.443	1.01182	0.0594627	1.09741	0.988316	2.71147	1.08459	0.965121	0	0	0	0	0	0	0	0	
0.444	1.01182	0.0594087	1.09714	0.988316	2.71081	1.08432	0.965356	0	0	0	0	0	0	0	0	
0.445	1.01189	0.0593554	1.09688	0.988248	2.70997	1.08399	0.965616	0	0	0	0	0	0	0	0	
0.446	1.01201	0.0593027	1.09661	0.98813	2.70899	1.0836	0.965895	0	0	0	0	0	0	0	0	
0.447	1.01216	0.0592505	1.09635	0.987984	2.70794	1.08317	0.966184	0	0	0	0	0	0	0	0	
0.448	1.01232	0.0591987	1.09608	0.987828	2.70686	1.08274	0.966476	0	0	0	0	0	0	0	0	
0.449	1.01248	0.0591474	1.09582	0.987675	2.70579	1.08232	0.966767	0	0	0	0	0	0	0	0	
0.45	1.01263	0.0590964	1.09556	0.987527	2.70474	1.0819	0.967055	0	0	0	0	0	0	0	0	
0.451	1.01278	0.0590458	1.0953	0.98738	2.7037	1.08148	0.967341	0	0	0	0	0	0	0	0	
0.452	1.01294	0.0589956	1.09504	0.987229	2.70264	1.08106	0.967628	0	0	0	0	0	0	0	0	
0.453	1.0131	0.0589457	1.09478	0.987066	2.70156	1.08062	0.967918	0	0	0	0	0	0	0	0	
0.454	1.01329	0.058896	1.09452	0.986883	2.70042	1.08017	0.968214	0	0	0	0	0	0	0	0	
0.455	1.0135	0.0588464	1.09427	0.986677	2.69922	1.07969	0.968517	0	0	0	0	0	0	0	0	
0.456	1.01373	0.0587969	1.09401	0.986452	2.69798	1.07919	0.968825	0	0	0	0	0	0	0	0	
0.457	1.01397	0.0587474	1.09376	0.986222	2.69672	1.07869	0.969134	0	0	0	0	0	0	0	0	
0.458	1.01418	0.058698	1.09351	0.986014	2.69553	1.07821	0.969435	0	0	0	0	0	0	0	0	
0.459	1.01434	0.0586486	1.09325	0.985859	2.69449	1.07779	0.969716	0	0	0	0	0	0	0	0	
0.46	1.01441	0.0585995	1.093	0.98579	2.69368	1.07747	0.969968	0	0	0	0	0	0	0	0	
0.461	1.01438	0.0585509	1.09275	0.985824	2.69316	1.07726	0.970185	0	0	0	0	0	0	0	0	
0.462	1.01425	0.058503	1.09251	0.985955	2.6929	1.07716	0.970368	0	0	0	0	0	0	0	0	
0.463	1.01404	0.058456	1.09226	0.986153	2.69284	1.07713	0.970529	0	0	0	0	0	0	0	0	
0.464	1.01382	0.0584101	1.09201	0.986371	2.69283	1.07713	0.970683	0	0	0	0	0	0	0	0	
0.465	1.01363	0.0583651	1.09177	0.986556	2.69273	1.07709	0.970847	0	0	0	0	0	0	0	0	
0.466	1.01351	0.0583212	1.09152	0.986668	2.69243	1.07697	0.971035	0	0	0	0	0	0	0	0	
0.467	1.0135	0.0582779	1.09128	0.986682	2.69187	1.07675	0.971256	0	0	0	0	0	0	0	0	
0.468	1.01359	0.0582353	1.09104	0.986593	2.69103	1.07641	0.97151	0	0	0	0	0	0	0	0	
0.469	1.01378	0.0581931	1.0908	0.986408	2.68993	1.07597	0.971795	0	0	0	0	0	0	0	0	
0.47	1.01405	0.0581512	1.09055	0.986144	2.68861	1.07544	0.972105	0	0	0	0	0	0	0	0	
0.471	1.01437	0.0581094	1.09031	0.985831	2.68716	1.07486	0.97243	0	0	0	0	0	0	0	0	
0.472	1.0147	0.0580677	1.09007	0.98551	2.68569	1.07428	0.972756	0	0	0	0	0	0	0	0	
0.473	1.01499	0.0580262	1.08983	0.985233	2.68434	1.07374	0.973068	0	0	0	0	0	0	0	0	
0.474	1.01518	0.057985	1.08959	0.985052	2.68326	1.0733	0.973349	0	0	0	0	0	0	0	0	
0.475	1.01523	0.0579442	1.08935	0.984996	2.68252	1.07301	0.973592	0	0	0	0	0	0	0	0	
0.476	1.01517	0.0579042	1.08911	0.985057	2.6821	1.07284	0.973797	0	0	0	0	0	0	0	0	
0.477	1.01504	0.0578649	1.08888	0.985185	2.68186	1.07274	0.973981	0	0	0	0	0	0	0	0	
0.478	1.01491	0.0578262	1.08864	0.985306	2.68161	1.07264	0.974167	0	0	0	0	0	0	0	0	
0.479	1.01487	0.057788	1.0884	0.985345	2.68113	1.07245	0.974376	0	0	0	0	0	0	0	0	
0.48	1.01496	0.0577499	1.08817	0.985257	2.68032	1.07213	0.974622	0	0	0	0	0	0	0	0	
0.481	1.01519	0.0577113	1.08794	0.985041	2.67915	1.07166	0.974906	0	0	0	0	0	0	0	0	
0.482	1.01549	0.0576719	1.08771	0.984743	2.67778	1.07111	0.975213	0	0	0	0	0	0	0	0	
0.483	1.0158	0.0576316	1.08748	0.984444	2.6764	1.07056	0.97552	0	0	0	0	0	0	0	0	
0.484	1.01603	0.0575903	1.08725	0.984227	2.67525	1.0701	0.975803	0	0	0	0	0	0	0	0	
0.485	1.0161	0.0575482	1.08702	0.98415	2.67449	1.0698	0.976046	0	0	0	0	0	0	0	0	
0.486	1.01603	0.0575056	1.0868	0.984225	2.67415	1.06966	0.976245	0	0	0	0	0	0	0	0	
0.487	1.01583	0.0574629	1.08658	0.984416	2.67412	1.06965	0.97641	0	0	0	0	0	0	0	0	
0.488	1.01559	0.0574203	1.08637	0.984653	2.67423	1.06969	0.976561	0	0	0	0	0	0	0	0	
0.489	1.01538	0.0573781	1.08615	0.984857	2.67426	1.0697	0.976722	0	0	0	0	0	0	0	0	
0.49	1.01527	0.0573363	1.08594	0.984957	2.674	1.0696	0.97691	0	0	0	0	0	0	0	0	
0.491	1.01532	0.0572949	1.08572	0.984908	2.67334	1.06934	0.977139	0	0	0	0	0	0	0	0	
0.492	1.01553	0.0572539	1.08551	0.984706	2.67227	1.06891	0.977409	0	0	0	0	0	0	0	0	
0.493	1.01586	0.0572131	1.08529	0.984388	2.67088	1.06835	0.977711	0	0	0	0	0	0	0	0	
0.494	1.01624	0.0571726	1.08508	0.984017	2.66935	1.06774	0.978026	0	0	0	0	0	0	0	0	
0.495	1.01661	0.0571325	1.08487	0.983662	2.66786	1.06714	0.978336	0	0	0	0	0	0	0	0	
0.496	1.0169	0.057093	1.08465	0.983379	2.66656	1.06663	0.978627	0	0	0	0	0	0	0	0	
0.497	1.01708	0.0570544	1.08444	0.983202	2.66556	1.06622	0.978889	0	0	0	0	0	0	0	0	
0.498	1.01714	0.0570168	1.08422	0.983149	2.66489	1.06595	0.97912	0	0	0	0	0	0	0	0	
0.499	1.01707	0.0569804	1.08401	0.983217	2.66454	1.06582	0.979319	0	0	0	0	0	0	0	0	
0.5	1.0169	0.0569454	1.0838	0.983379	2.66445	1.06578	0.979494	0	0	0	0	0	0	0	0	
0.501	1.01669	0.0569119	1.08358	0.983587	2.66449	1.06579	0.979659	0	0	0	0	0	0	0	0	
0.502	1.01649	0.0568796	1.08337	0.983773	2.66447	1.06579	0.979828	0	0	0	0	0	0	0	0	
0.503	1.01638	0.0568485	1.08315	0.983882	2.66423	1.06569	0.980017	0	0	0	0	0	0	0	0	
0.504	1.01639	0.0568182	1.08294	0.983878	2.66369	1.06548	0.980233	0	0	0	0	0	0	0	0	
0.505	1.01651	0.0567884	1.08272	0.98376	2.66285	1.06514	0.980476	0	0	0	0	0	0	0	0	
0.506	1.01673	0.0567588	1.08251	0.983548	2.66175	1.0647	0.980741	0	0	0	0	0	0	0	0	
0.507	1.017	0.0567292	1.0823	0.98328	2.6605	1.0642	0.981019	0	0	0	0	0	0	0	0	
0.508	1.0173	0.0566995	1.08208	0.982991	2.65919	1.06368	0.981302	0	0	0	0	0	0	0	0	
0.509	1.0176	0.0566697	1.08187	0.982706	2.6579	1.06316	0.981582	0	0	0	0	0	0	0	0	
0.51	1.01787	0.0566398	1.08166	0.982443	2.65667	1.06267	0.981855	0	0	0	0	0	0	0	0	
0.511	1.0181	0.05661	1.08145	0.982222	2.65556	1.06222	0.982118	0	0	0	0	0	0	0	0	
0.512	1.01826	0.0565804	1.08124	0.982069	2.65463	1.06185	0.982365	0	0	0	0	0	0	0	0	
0.513	1.01831	0.0565513	1.08103	0.98202	2.65398	1.06159	0.98259	0	0	0	0	0	0	0	0	
0.514	1.01823	0.0565231	1.08082	0.9821	2.65369	1.06147	0.982786	0	0	0	0	0	0	0	0	
0.515	1.01802	0.0564962	1.08061	0.982303	2.65372	1.06149	0.982956	0	0	0	0	0	0	0	0	
0.516	1.01773	0.0564708	1.0804	0.982579	2.65395	1.06158	0.983111	0	0	0	0	0	0	0	0	
0.517	1.01745	0.0564472	1.08019	0.982853	2.65418	1.06167	0.983267	0	0	0	0	0	0	0	0	
0.518	1.01723	0.0564253	1.07998	0.98306	2.65422	1.06169	0.983438	0	0	0	0	0	0	0	0	
0.519	1.01713	0.056405	1.07977	0.983158	2.65396	1.06159	0.983632	0	0	0	0	0	0	0	0	
0.52	1.01715	0.0563857	1.07956	0.983136	2.65338	1.06135	0.98385	0	0	0	0	0	0	0	0	
0.521	1.01729	0.056367	1.07935	0.983004	2.65251	1.061	0.984091	0	0	0	0	0	0	0	0	
0.522	1.01751	0.0563485	1.07914	0.98279	2.65141	1.06056	0.984348	0	0	0	0	0	0	0	0	
0.523	1.01777	0.0563295	1.07893	0.982541	2.65022	1.06009	0.984611	0	0	0	0	0	0	0	0	
0.524	1.01802	0.0563094	1.07872	0.982297	2.64905	1.05962	0.984872	0	0	0	0	0	0	0	0	
0.525	1.01824	0.0562878	1.07851	0.982085	2.64798	1.05919	0.985125	0	0	0	0	0	0	0	0	
0.526	1.01842	0.0562643	1.07831	0.981913	2.64702	1.05881	0.98537	0	0	0	0	0	0	0	0	
0.527	1.01856	0.0562385	1.07811	0.981782	2.64618	1.05847	0.985606	0	0	0	0	0	0	0	0	
0.528	1.01866	0.05621	1.07792	0.98168	2.64543	1.05817	0.985835	0	0	0	0	0	0	0	0	
0.529	1.01875	0.0561787	1.07773	0.981592	2.64474	1.05789	0.98606	0	0	0	0	0	0	0	0	
0.53	1.01885	0.0561446	1.07755	0.981499	2.64404	1.05761	0.986285	0	0	0	0	0	0	0	0	
0.531	1.01896	0.0561078	1.07737	0.981395	2.64332	1.05733	0.986511	0	0	0	0	0	0	0	0	
0.532	1.01907	0.0560688	1.0772	0.981288	2.6426	1.05704	0.986737	0	0	0	0	0	0	0	0	
0.533	1.01918	0.0560283	1.07703	0.98118	2.6419	1.05676	0.986962	0	0	0	0	0	0	0	0	
0.534	1.0193	0.0559869	1.07686	0.981061	2.64116	1.05646	0.987189	0	0	0	0	0	0	0	0	
0.535	1.01944	0.0559458	1.07669	0.980927	2.64039	1.05615	0.987417	0	0	0	0	0	0	0	0	
0.536	1.01957	0.0559059	1.07652	0.980807	2.63965	1.05586	0.987643	0	0	0	0	0	0	0	0	
0.537	1.01961	0.0558682	1.07635	0.98077	2.63913	1.05565	0.987856	0	0	0	0	0	0	0	0	
0.538	1.01952	0.0558338	1.07617	0.980856	2.63893	1.05557	0.988051	0	0	0	0	0	0	0	0	
0.539	1.01939	0.0558032	1.07599	0.980978	2.63882	1.05553	0.988239	0	0	0	0	0	0	0	0	
0.54	1.01939	0.0557765	1.07581	0.980979	2.63837	1.05535	0.988446	0	0	0	0	0	0	0	0	
0.541	1.01957	0.055753	1.07562	0.980808	2.63745	1.05498	0.988679	0	0	0	0	0	0	0	0	
0.542	1.0198	0.0557317	1.07543	0.980586	2.63638	1.05455	0.98892	0	0	0	0	0	0	0	0	
0.543	1.01993	0.0557117	1.07524	0.980458	2.63557	1.05423	0.989148	0	0	0	0	0	0	0	0	
0.544	1.01995	0.0556916	1.07505	0.980438	2.63504	1.05402	0.989361	0	0	0	0	0	0	0	0	
0.545	1.01997	0.0556703	1.07486	0.980425	2.63455	1.05382	0.989571	0	0	0	0	0	0	0	0	
0.546	1.02003	0.0556467	1.07467	0.980365	2.63393	1.05357	0.989787	0	0	0	0	0	0	0	0	
0.547	1.02008	0.05562	1.07449	0.980311	2.63335	1.05334	0.990002	0	0	0	0	0	0	0	0	
0.548	1.02006	0.0555902	1.07432	0.980332	2.63298	1.05319	0.990207	0	0	0	0	0	0	0	0	
0.549	1.02	0.0555578	1.07415	0.980389	2.63272	1.05309	0.990407	0	0	0	0	0	0	0	0	
0.55	1.02001	0.0555238	1.07399	0.980381	2.63229	1.05292	0.990614	0	0	0	0	0	0	0	0	
0.551	1.02011	0.0554893	1.07382	0.980286	2.63163	1.05265	0.990832	0	0	0	0	0	0	0	0	
0.552	1.0202	0.0554558	1.07366	0.980202	2.631	1.0524	0.991049	0	0	0	0	0	0	0	0	
0.553	1.02021	0.0554244	1.07349	0.980193	2.63057	1.05223	0.991258	0	0	0	0	0	0	0	0	
0.554	1.02021	0.0553958	1.07332	0.980186	2.63014	1.05205	0.991467	0	0	0	0	0	0	0	0	
0.555	1.0203	0.0553699	1.07315	0.9801	2.62948	1.05179	0.991684	0	0	0	0	0	0	0	0	
0.556	1.02041	0.0553457	1.07297	0.979994	2.62877	1.05151	0.991903	0	0	0	0	0	0	0	0	
0.557	1.02041	0.0553222	1.0728	0.979997	2.62834	1.05134	0.992111	0	0	0	0	0	0	0	0	
0.558	1.02011	0.0552982	1.07262	0.980285	2.62869	1.05148	0.992291	0	0	0	0	0	0	0	0	
0.559	1.01978	0.0552728	1.07245	0.980605	2.62913	1.05165	0.992467	0	0	0	0	0	0	0	0	
0.56	1.01986	0.0552455	1.07229	0.980528	2.62852	1.05141	0.99268	0	0	0	0	0	0	0	0	
0.561	1.0203	0.0552162	1.07212	0.980104	2.62698	1.05079	0.992928	0	0	0	0	0	0	0	0	
0.562	1.02069	0.0551865	1.07196	0.97973	2.62558	1.05023	0.993172	0	0	0	0	0	0	0	0	
0.563	1.02077	0.0551585	1.0718	0.979649	2.62496	1.04999	0.99339	0	0	0	0	0	0	0	0	
0.564	1.02074	0.0551343	1.07163	0.979686	2.62465	1.04986	0.993595	0	0	0	0	0	0	0	0	
0.565	1.02078	0.0551145	1.07145	0.979638	2.62409	1.04964	0.993807	0	0	0	0	0	0	0	0	
0.566	1.02085	0.0550981	1.07127	0.979578	2.62349	1.0494	0.994021	0	0	0	0	0	0	0	0	
0.567	1.02086	0.0550832	1.07109	0.979566	2.62302	1.04921	0.994231	0	0	0	0	0	0	0	0	
0.568	1.021	0.055067	1.07092	0.979428	2.62222	1.04889	0.99445	0	0	0	0	0	0	0	0	
0.569	1.02101	0.0550476	1.07074	0.979424	2.62178	1.04871	0.99466	0	0	0	0	0	0	0	0	
0.57	1.02078	0.0550247	1.07058	0.979642	2.62196	1.04878	0.994854	0	0	0	0	0	0	0	0	
0.571	1.02038	0.0549997	1.07042	0.98003	2.6226	1.04904	0.995038	0	0	0	0	0	0	0	0	
0.572	1.02006	0.0549746	1.07026	0.980337	2.62304	1.04921	0.995228	0	0	0	0	0	0	0	0	
0.573	1.02002	0.0549503	1.0701	0.980377	2.62275	1.0491	0.995435	0	0	0	0	0	0	0	0	
0.574	1.01977	0.0549276	1.06994	0.980611	2.62299	1.0492	0.995634	0	0	0	0	0	0	0	0	
0.575	1.01999	0.054906	1.06978	0.980406	2.62205	1.04882	0.995857	0	0	0	0	0	0	0	0	
0.576	1.02078	0.0548856	1.06962	0.979644	2.61961	1.04784	0.99611	0	0	0	0	0	0	0	0	
0.577	1.02123	0.0548691	1.06945	0.979215	2.61804	1.04722	0.996345	0	0	0	0	0	0	0	0	
0.578	1.02126	0.0548608	1.06927	0.979187	2.61753	1.04701	0.996558	0	0	0	0	0	0	0	0	
0.579	1.02096	0.054861	1.06907	0.979467	2.61781	1.04712	0.996757	0	0	0	0	0	0	0	0	
0.58	1.02132	0.0548606	1.06888	0.979124	2.61642	1.04657	0.99698	0	0	0	0	0	0	0	0	
0.581	1.0219	0.0548454	1.06871	0.978568	2.61452	1.04581	0.997211	0	0	0	0	0	0	0	0	
0.582	1.02203	0.0548101	1.06857	0.978445	2.61385	1.04554	0.997424	0	0	0	0	0	0	0	0	
0.583	1.02171	0.0547644	1.06845	0.978755	2.61438	1.04575	0.997621	0	0	0	0	0	0	0	0	
0.584	1.0213	0.0547183	1.06833	0.97914	2.61512	1.04605	0.997818	0	0	0	0	0	0	0	0	
0.585	1.02139	0.0546846	1.06819	0.979061	2.61457	1.04583	0.99803	0	0	0	0	0	0	0	0	
0.586	1.02131	0.054724	1.06795	0.979133	2.61416	1.04567	0.99824	0	0	0	0	0	0	0	0	
0.587	1.02211	0.0548808	1.06753	0.97837	2.61111	1.04444	0.99847	0	0	0	0	0	0	0	0	
0.588	1.02155	0.0549073	1.06731	0.978907	2.61199	1.0448	0.998671	0	0	0	0	0	0	0	0	
0.589	1.02258	0.0543827	1.06788	0.977919	2.61076	1.0443	0.998888	0	0	0	0	0	0	0	0	
0.59	1.02204	0.0538835	1.06837	0.978435	2.61332	1.04533	0.999085	0	0	0	0	0	0	0	0	
0.591	1.02165	0.0549341	1.06614	0.978807	2.60887	1.04355	0.999305	0	0	0	0	0	0	0	0	
0.592	1.01858	0.0553255	1.06155	0.981763	2.60548	1.04219	0.999513	0	0	0	0	0	0	0	0	
0.593	1.01445	0.0397992	1.0539	0.985757	2.59721	1.03888	0.999721	0	0	0	0	0	0	0	0	
0.594	0.962437	-0.0514448	0.979367	1.03903	2.54398	1.01759	0.999893	0	0	0	0	0	0	0	0	
0.595	0.82382	-0.177835	0.772631	1.21386	2.34466	0.937863	0.999983	0	0	0	0	0	0	0	0	
0.596	0.377475	-0.895805	0.259891	2.64918	1.72125	0.688498	1	0	0	0	0	0	0	0	0	
0.597	0.259259	-1.35769	0.0967742	3.85715	0.933181	0.373272	1	0	0	0	0	0	0	0	0	
0.598	0.259259	-1.35769	0.0967742	3.85715	0.933181	0.373272	1	0	0	0	0	0	0	0	0	
0.599	0.259259	-1.35769	0.0967742	3.85715	0.933181	0.373272	1	0	0	0	0	0	0	0	0	
0.6	0.259259	-1.35769	0.0967742	3.85715	0.933181	0.373272	1	0	0	0	0	0	0	0	0	
0.601	0.259259	-1.35769	0.0967742	3.85715	0.933181	0.373272	1	0	0	0	0	0	0	0	0	
0.602	0.259259	-1.35769	0.0967742	3.85715	0.933181	0.373272	1	0	0	0	0	0	0	0	0	
0.603	0.259259	-1.35769	0.0967742	3.85715	0.933181	0.373272	1	0	0	0	0	0	0	0	0	
0.604	0.259259	-1.35769	0.0967742	3.85715	0.933181	0.373272	1	0	0	0	0	0	0	0	0	
0.605	0.259259	-1.35769	0.0967742	3.85715	0.933181	0.373272	1	0	0	0	0	0	0	0	0	
0.606	0.259259	-1.35769	0.0967742	3.85715	0.933181	0.373272	1	0	0	0	0	0	0	0	0	
0.607	0.259259	-1.35769	0.0967742	3.85715	0.933181	0.373272	1	0	0	0	0	0	0	0	0	
0.608	0.259259	-1.35769	0.0967742	3.85715	0.933181	0.373272	1	0	0	0	0	0	0	0	0	
0.609	0.259259	-1.35769	0.0967742	3.85715	0.933181	0.373272	1	0	0	0	0	0	0	0	0	
0.61	0.259259	-1.35769	0.0967742	3.85715	0.933181	0.373272	1	0	0	0	0	0	0	0	0	
0.611	0.259259	-1.35769	0.0967742	3.85715	0.933181	0.373272	1	0	0	0	0	0	0	0	0	
0.612	0.259259	-1.35769	0.0967742	3.85715	0.933181	0.373272	1	0	0	0	0	0	0	0	0	
0.613	0.259259	-1.35769	0.0967742	3.85715	0.933181	0.373272	1	0	0	0	0	0	0	0	0	
0.614	0.259259	-1.35769	0.0967742	3.85715	0.933181	0.373272	1	0	0	0	0	0	0	0	0	
0.615	0.259259	-1.35769	0.0967742	3.85715	0.933181	0.373272	1	0	0	0	0	0	0	0	0	
0.616	0.259259	-1.35769	0.0967742	3.85715	0.933181	0.373272	1	0	0	0	0	0	0	0	0	
0.617	0.259259	-1.35769	0.0967742	3.85715	0.933181	0.373272	1	0	0	0	0	0	0	0	0	
0.618	0.259259	-1.35769	0.0967742	3.85715	0.933181	0.373272	1	0	0	0	0	0	0	0	0	
0.619	0.259259	-1.35769	0.0967742	3.85715	0.933181	0.373272	1	0	0	0	0	0	0	0	0	
0.62	0.259259	-1.35769	0.0967742	3.85715	0.933181	0.373272	1	0	0	0	0	0	0	0	0	
0.621	0.259259	-1.35769	0.0967742	3.85715	0.933181	0.373272	1	0	0	0	0	0	0	0	0	
0.622	0.259259	-1.35769	0.0967742	3.85715	0.933181	0.373272	1	0	0	0	0	0	0	0	0	
0.623	0.259259	-1.35769	0.0967742	3.85715	0.933181	0.373272	1	0	0	0	0	0	0	0	0	
0.624	0.259259	-1.35769	0.0967742	3.85715	0.933181	0.373272	1	0	0	0	0	0	0	0	0	
0.625	0.259259	-1.35769	0.0967742	3.85715	0.933181	0.373272	1	0	0	0	0	0	0	0	0	
0.626	0.259259	-1.35769	0.0967742	3.85715	0.933181	0.373272	1	0	0	0	0	0	0	0	0	
0.627	0.259259	-1.35769	0.0967742	3.85715	0.933181	0.373272	1	0	0	0	0	0	0	0	0	
0.628	0.259259	-1.35769	0.0967742	3.85715	0.933181	0.373272	1	0	0	0	0	0	0	0	0	
0.629	0.259259	-1.35769	0.0967742	3.85715	0.933181	0.373272	1	0	0	0	0	0	0	0	0	
0.63	0.259259	-1.35769	0.0967742	3.85715	0.933181	0.373272	1	0	0	0	0	0	0	0	0	
0.631	0.259259	-1.35769	0.0967742	3.85715	0.933181	0.373272	1	0	0	0	0	0	0	0	0	
0.632	0.259259	-1.35769	0.0967742	3.85715	0.933181	0.373272	1	0	0	0	0	0	0	0	0	
0.633	0.259259	-1.35769	0.0967742	3.85715	0.933181	0.373272	1	0	0	0	0	0	0	0	0	
0.634	0.259259	-1.35769	0.0967742	3.85715	0.933181	0.373272	1	0	0	0	0	0	0	0	0	
0.635	0.259259	-1.35769	0.0967742	3.85715	0.933181	0.373272	1	0	0	0	0	0	0	0	0	
0.636	0.259259	-1.35769	0.0967742	3.85715	0.933181	0.373272	1	0	0	0	0	0	0	0	0	
0.637	0.259259	-1.35769	0.0967742	3.85715	0.933181	0.373272	1	0	0	0	0	0	0	0	0	
0.638	0.259259	-1.35769	0.0967742	3.85715	0.933181	0.373272	1	0	0	0	0	0	0	0	0	
0.639	0.259259	-1.35769	0.0967742	3.85715	0.933181	0.373272	1	0	0	0	0	0	0	0	0	
0.64	0.259259	-1.35769	0.0967742	3.85715	0.933181	0.373272	1	0	0	0	0	0	0	0	0	
0.641	0.259259	-1.35769	0.0967742	3.85715	0.933181	0.373272	1	0	0	0	0	0	0	0	0	
0.642	0.259259	-1.35769	0.0967742	3.85715	0.933181	0.373272	1	0	0	0	0	0	0	0	0	
0.643	0.259259	-1.35769	0.0967742	3.85715	0.933181	0.373272	1	0	0	0	0	0	0	0	0	
0.644	0.259259	-1.35769	0.0967742	3.85715	0.933181	0.373272	1	0	0	0	0	0	0	0	0	
0.645	0.259259	-1.35769	0.0967742	3.85715	0.933181	0.373272	1	0	0	0	0	0	0	0	0	
0.646	0.259259	-1.35769	0.0967742	3.85715	0.933181	0.373272	1	0	0	0	0	0	0	0	0	
0.647	0.259259	-1.35769	0.0967742	3.85715	0.933181	0.373272	1	0	0	0	0	0	0	0	0	
0.648	0.259259	-1.35769	0.0967742	3.85715	0.933181	0.373272	1	0	0	0	0	0	0	0	0	
0.649	0.259259	-1.35769	0.0967742	3.85715	0.933181	0.373272	1	0	0	0	0	0	0	0	0	
0.65	0.259259	-1.35769	0.0967742	3.85715	0.933181	0.373272	1	0	0	0	0	0	0	0	0	
0.651	0.259259	-1.35769	0.0967742	3.85715	0.933181	0.373272	1	0	0	0	0	0	0	0	0	
0.652	0.259259	-1.35769	0.0967742	3.85715	0.933181	0.373272	1	0	0	0	0	0	0	0	0	
0.653	0.259259	-1.35769	0.0967742	3.85715	0.933181	0.373272	1	0	0	0	0	0	0	0	0	
0.654	0.259259	-1.35769	0.0967742	3.85715	0.933181	0.373272	1	0	0	0	0	0	0	0	0	
0.655	0.259259	-1.35769	0.0967742	3.85715	0.933181	0.373272	1	0	0	0	0	0	0	0	0	
0.656	0.259259	-1.35769	0.0967742	3.85715	0.933181	0.373272	1	0	0	0	0	0	0	0	0	
0.657	0.259259	-1.35769	0.0967742	3.85715	0.933181	0.373272	1	0	0	0	0	0	0	0	0	
0.658	0.259259	-1.35769	0.0967742	3.85715	0.933181	0.373272	1	0	0	0	0	0	0	0	0	
0.659	0.259259	-1.35769	0.0967742	3.85715	0.933181	0.373272	1	0	0	0	0	0	0	0	0	
0.66	0.259259	-1.35769	0.0967742	3.85715	0.933181	0.373272	1	0	0	0	0	0	0	0	0	
0.661	0.259259	-1.35769	0.0967742	3.85715	0.933181	0.373272	1	0	0	0	0	0	0	0	0	
0.662	0.259259	-1.35769	0.0967742	3.85715	0.933181	0.373272	1	0	0	0	0	0	0	0	0	
0.663	0.259259	-1.35769	0.0967742	3.85715	0.933181	0.373272	1	0	0	0	0	0	0	0	0	
0.664	0.259259	-1.35769	0.0967742	3.85715	0.933181	0.373272	1	0	0	0	0	0	0	0	0	
0.665	0.259259	-1.35769	0.0967742	3.85715	0.933181	0.373272	1	0	0	0	0	0	0	0	0	
0.666	0.259259	-1.35769	0.0967742	3.85715	0.933181	0.373272	1	0	0	0	0	0	0	0	0	
0.667	0.259259	-1.35769	0.0967742	3.85715	0.933181	0.373272	1	0	0	0	0	0	0	0	0	
0.668	0.259259	-1.35769	0.0967742	3.85715	0.933181	0.373272	1	0	0	0	0	0	0	0	0	
0.669	0.259259	-1.35769	0.0967742	3.85715	0.933181	0.373272	1	0	0	0	0	0	0	0	0	
0.67	0.259259	-1.35769	0.0967742	3.85715	0.933181	0.373272	1	0	0	0	0	0	0	0	0	
0.671	0.259259	-1.35769	0.0967742	3.85715	0.933181	0.373272	1	0	0	0	0	0	0	0	0	
0.672	0.259259	-1.35769	0.0967742	3.85715	0.933181	0.373272	1	0	0	0	0	0	0	0	0	
0.673	0.259259	-1.35769	0.0967742	3.85715	0.933181	0.373272	1	0	0	0	0	0	0	0	0	
0.674	0.259259	-1.35769	0.0967742	3.85715	0.933181	0.373272	1	0	0	0	0	0	0	0	0	
0.675	0.259259	-1.35769	0.0967742	3.85715	0.933181	0.373272	1	0	0	0	0	0	0	0	0	
0.676	0.259259	-1.35769	0.0967742	3.85715	0.933181	0.373272	1	0	0	0	0	0	0	0	0	
0.677	0.259259	-1.35769	0.0967742	3.85715	0.933181	0.373272	1	0	0	0	0	0	0	0	0	
0.678	0.259259	-1.35769	0.0967742	3.85715	0.933181	0.373272	1	0	0	0	0	0	0	0	0	
0.679	0.259259	-1.35769	0.0967742	3.85715	0.933181	0.373272	1	0	0	0	0	0	0	0	0	
0.68	0.259259	-1.35769	0.0967742	3.85715	0.933181	0.373272	1	0	0	0	0	0	0	0	0	
0.681	0.259259	-1.35769	0.0967742	3.85715	0.933181	0.373272	1	0	0	0	0	0	0	0	0	
0.682	0.259259	-1.35769	0.0967742	3.85715	0.933181	0.373272	1	0	0	0	0	0	0	0	0	
0.683	0.259259	-1.35769	0.0967742	3.85715	0.933181	0.373272	1	0	0	0	0	0	0	0	0	
0.684	0.259259	-1.35769	0.0967742	3.85715	0.933181	0.373272	1	0	0	0	0	0	0	0	0	
0.685	0.259259	-1.35769	0.0967742	3.85715	0.933181	0.373272	1	0	0	0	0	0	0	0	0	
0.686	0.259259	-1.35769	0.0967742	3.85715	0.933181	0.373272	1	0	0	0	0	0	0	0	0	
0.687	0.259259	-1.35769	0.0967742	3.85715	0.933181	0.373272	1	0	0	0	0	0	0	0	0	
0.688	0.259259	-1.35769	0.0967742	3.85715	0.933181	0.373272	1	0	0	0	0	0	0	0	0	
0.689	0.259259	-1.35769	0.0967742	3.85715	0.933181	0.373272	1	0	0	0	0	0	0	0	0	
0.69	0.259259	-1.35769	0.0967742	3.85715	0.933181	0.373272	1	0	0	0	0	0	0	0	0	
0.691	0.259259	-1.35769	0.0967742	3.85715	0.933181	0.373272	1	0	0	0	0	0	0	0	0	
0.692	0.259259	-1.35769	0.0967742	3.85715	0.933181	0.373272	1	0	0	0	0	0	0	0	0	
0.693	0.259259	-1.35769	0.0967742	3.85715	0.933181	0.373272	1	0	0	0	0	0	0	0	0	
0.694	0.259259	-1.35769	0.0967742	3.85715	0.933181	0.373272	1	0	0	0	0	0	0	0	0	
0.695	0.259259	-1.35769	0.0967742	3.85715	0.933181	0.373272	1	0	0	0	0	0	0	0	0	
0.696	0.259259	-1.35769	0.0967742	3.85715	0.933181	0.373272	1	0	0	0	0	0	0	0	0	
0.697	0.259259	-1.35769	0.0967742	3.85715	0.933181	0.373272	1	0	0	0	0	0	0	0	0	
0.698	0.259259	-1.35769	0.0967742	3.85715	0.933181	0.373272	1	0	0	0	0	0	0	0	0	
0.699	0.259259	-1.35769	0.0967742	3.85715	0.933181	0.373272	1	0	0	0	0	0	0	0	0	
0.7	0.259259	-1.35769	0.0967742	3.85715	0.933181	0.373272	1	0	0	0	0	0	0	0	0	
0.701	0.259259	-1.35769	0.0967742	3.85715	0.933181	0.373272	1	0	0	0	0	0	0	0	0	
0.702	0.259259	-1.35769	0.0967742	3.85715	0.933181	0.373272	1	0	0	0	0	0	0	0	0	
0.703	0.259259	-1.35769	0.0967742	3.85715	0.933181	0.373272	1	0	0	0	0	0	0	0	0	
0.704	0.259259	-1.35769	0.0967742	3.85715	0.933181	0.373272	1	0	0	0	0	0	0	0	0	
0.705	0.259259	-1.35769	0.0967742	3.85715	0.933181	0.373272	1	0	0	0	0	0	0	0	0	
0.706	0.259259	-1.35769	0.0967742	3.85715	0.933181	0.373272	1	0	0	0	0	0	0	0	0	
0.707	0.259259	-1.35769	0.0967742	3.85715	0.933181	0.373272	1	0	0	0	0	0	0	0	0	
0.708	0.259259	-1.35769	0.0967742	3.85715	0.933181	0.373272	1	0	0	0	0	0	0	0	0	
0.709	0.259259	-1.35769	0.0967742	3.85715	0.933181	0.373272	1	0	0	0	0	0	0	0	0	
0.71	0.259259	-1.35769	0.0967742	3.85715	0.933181	0.373272	1	0	0	0	0	0	0	0	0	
0.711	0.259259	-1.35769	0.0967742	3.85715	0.933181	0.373272	1	0	0	0	0	0	0	0	0	
0.712	0.259259	-1.35769	0.0967742	3.85715	0.933181	0.373272	1	0	0	0	0	0	0	0	0	
0.713	0.259259	-1.35769	0.0967742	3.85715	0.933181	0.373272	1	0	0	0	0	0	0	0	0	
0.714	0.259259	-1.35769	0.0967742	3.85715	0.933181	0.373272	1	0	0	0	0	0	0	0	0	
0.715	0.259259	-1.35769	0.0967742	3.85715	0.933181	0.373272	1	0	0	0	0	0	0	0	0	
0.716	0.259259	-1.35769	0.0967742	3.85715	0.933181	0.373272	1	0	0	0	0	0	0	0	0	
0.717	0.259259	-1.35769	0.0967742	3.85715	0.933181	0.373272	1	0	0	0	0	0	0	0	0	
0.718	0.259259	-1.35769	0.0967742	3.85715	0.933181	0.373272	1	0	0	0	0	0	0	0	0	
0.719	0.259259	-1.35769	0.0967742	3.85715	0.933181	0.373272	1	0	0	0	0	0	0	0	0	
0.72	0.259259	-1.35769	0.0967742	3.85715	0.933181	0.373272	1	0	0	0	0	0	0	0	0	
0.721	0.259259	-1.35769	0.0967742	3.85715	0.933181	0.373272	1	0	0	0	0	0	0	0	0	
0.722	0.259259	-1.35769	0.0967742	3.85715	0.933181	0.373272	1	0	0	0	0	0	0	0	0	
0.723	0.259259	-1.35769	0.0967742	3.85715	0.933181	0.373272	1	0	0	0	0	0	0	0	0	
0.724	0.259259	-1.35769	0.0967742	3.85715	0.933181	0.373272	1	0	0	0	0	0	0	0	0	
0.725	0.259259	-1.35769	0.0967742	3.85715	0.933181	0.373272	1	0	0	0	0	0	0	0	0	
0.726	0.259259	-1.35769	0.0967742	3.85715	0.933181	0.373272	1	0	0	0	0	0	0	0	0	
0.727	0.259259	-1.35769	0.0967742	3.85715	0.933181	0.373272	1	0	0	0	0	0	0	0	0	
0.728	0.259259	-1.35769	0.0967742	3.85715	0.933181	0.373272	1	0	0	0	0	0	0	0	0	
0.729	0.259259	-1.35769	0.0967742	3.85715	0.933181	0.373272	1	0	0	0	0	0	0	0	0	
0.73	0.259259	-1.35769	0.0967742	3.85715	0.933181	0.373272	1	0	0	0	0	0	0	0	0	
0.731	0.259259	-1.35769	0.0967742	3.85715	0.933181	0.373272	1	0	0	0	0	0	0	0	0	
0.732	0.259259	-1.35769	0.0967742	3.85715	0.933181	0.373272	1	0	0	0	0	0	0	0	0	
0.733	0.259259	-1.35769	0.0967742	3.85715	0.933181	0.373272	1	0	0	0	0	0	0	0	0	
0.734	0.259259	-1.35769	0.0967742	3.85715	0.933181	0.373272	1	0	0	0	0	0	0	0	0	
0.735	0.259259	-1.35769	0.0967742	3.85715	0.933181	0.373272	1	0	0	0	0	0	0	0	0	
0.736	0.259259	-1.35769	0.0967742	3.85715	0.933181	0.373272	1	0	0	0	0	0	0	0	0	
0.737	0.259259	-1.35769	0.0967742	3.85715	0.933181	0.373272	1	0	0	0	0	0	0	0	0	
0.738	0.259259	-1.35769	0.0967742	3.85715	0.933181	0.373272	1	0	0	0	0	0	0	0	0	
0.739	0.259259	-1.35769	0.0967742	3.85715	0.933181	0.373272	1	0	0	0	0	0	0	0	0	
0.74	0.259259	-1.35769	0.0967742	3.85715	0.933181	0.373272	1	0	0	0	0	0	0	0	0	
0.741	0.259259	-1.35769	0.0967742	3.85715	0.933181	0.373272	1	0	0	0	0	0	0	0	0	
0.742	0.259259	-1.35769	0.0967742	3.85715	0.933181	0.373272	1	0	0	0	0	0	0	0	0	
0.743	0.259259	-1.35769	0.0967742	3.85715	0.933181	0.373272	1	0	0	0	0	0	0	0	0	
0.744	0.259259	-1.35769	0.0967742	3.85715	0.933181	0.373272	1	0	0	0	0	0	0	0	0	
0.745	0.259259	-1.35769	0.0967742	3.85715	0.933181	0.373272	1	0	0	0	0	0	0	0	0	
0.746	0.259259	-1.35769	0.0967742	3.85715	0.933181	0.373272	1	0	0	0	0	0	0	0	0	
0.747	0.259259	-1.35769	0.0967742	3.85715	0.933181	0.373272	1	0	0	0	0	0	0	0	0	
0.748	0.259259	-1.35769	0.0967742	3.85715	0.933181	0.373272	1	0	0	0	0	0	0	0	0	
0.749	0.259259	-1.35769	0.0967742	3.85715	0.933181	0.373272	1	0	0	0	0	0	0	0	0	
0.75	0.259259	-1.35769	0.0967742	3.85715	0.933181	0.373272	1	0	0	0	0	0	0	0	0	
0.751	0.259259	-1.35769	0.0967742	3.85715	0.933181	0.373272	1	0	0	0	0	0	0	0	0	
0.752	0.259259	-1.35769	0.0967742	3.85715	0.933181	0.373272	1	0	0	0	0	0	0	0	0	
0.753	0.259259	-1.35769	0.0967742	3.85715	0.933181	0.373272	1	0	0	0	0	0	0	0	0	
0.754	0.259259	-1.35769	0.0967742	3.85715	0.933181	0.373272	1	0	0	0	0	0	0	0	0	
0.755	0.259259	-1.35769	0.0967742	3.85715	0.933181	0.373272	1	0	0	0	0	0	0	0	0	
0.756	0.259259	-1.35769	0.0967742	3.85715	0.933181	0.373272	1	0	0	0	0	0	0	0	0	
0.757	0.259259	-1.35769	0.0967742	3.85715	0.933181	0.373272	1	0	0	0	0	0	0	0	0	
0.758	0.259259	-1.35769	0.0967742	3.85715	0.933181	0.373272	1	0	0	0	0	0	0	0	0	
0.759	0.259259	-1.35769	0.0967742	3.85715	0.933181	0.373272	1	0	0	0	0	0	0	0	0	
0.76	0.259259	-1.35769	0.0967742	3.85715	0.933181	0.373272	1	0	0	0	0	0	0	0	0	
0.761	0.259259	-1.35769	0.0967742	3.85715	0.933181	0.373272	1	0	0	0	0	0	0	0	0	
0.762	0.259259	-1.35769	0.0967742	3.85715	0.933181	0.373272	1	0	0	0	0	0	0	0	0	
0.763	0.259259	-1.35769	0.0967742	3.85715	0.933181	0.373272	1	0	0	0	0	0	0	0	0	
0.764	0.259259	-1.35769	0.0967742	3.85715	0.933181	0.373272	1	0	0	0	0	0	0	0	0	
0.765	0.259259	-1.35769	0.0967742	3.85715	0.933181	0.373272	1	0	0	0	0	0	0	0	0	
0.766	0.259259	-1.35769	0.0967742	3.85715	0.933181	0.373272	1	0	0	0	0	0	0	0	0	
0.767	0.259259	-1.35769	0.0967742	3.85715	0.933181	0.373272	1	0	0	0	0	0	0	0	0	
0.768	0.259259	-1.35769	0.0967742	3.85715	0.933181	0.373272	1	0	0	0	0	0	0	0	0	
0.769	0.259259	-1.35769	0.0967742	3.85715	0.933181	0.373272	1	0	0	0	0	0	0	0	0	
0.77	0.259259	-1.35769	0.0967742	3.85715	0.933181	0.373272	1	0	0	0	0	0	0	0	0	
0.771	0.259259	-1.35769	0.0967742	3.85715	0.933181	0.373272	1	0	0	0	0	0	0	0	0	
0.772	0.259259	-1.35769	0.0967742	3.85715	0.933181	0.373272	1	0	0	0	0	0	0	0	0	
0.773	0.259259	-1.35769	0.0967742	3.85715	0.933181	0.373272	1	0	0	0	0	0	0	0	0	
0.774	0.259259	-1.35769	0.0967742	3.85715	0.933181	0.373272	1	0	0	0	0	0	0	0	0	
0.775	0.259259	-1.35769	0.0967742	3.85715	0.933181	0.373272	1	0	0	0	0	0	0	0	0	
0.776	0.259259	-1.35769	0.0967742	3.85715	0.933181	0.373272	1	0	0	0	0	0	0	0	0	
0.777	0.259259	-1.35769	0.0967742	3.85715	0.933181	0.373272	1	0	0	0	0	0	0	0	0	
0.778	0.259259	-1.35769	0.0967742	3.85715	0.933181	0.373272	1	0	0	0	0	0	0	0	0	
0.779	0.259259	-1.35769	0.0967742	3.85715	0.933181	0.373272	1	0	0	0	0	0	0	0	0	
0.78	0.259259	-1.35769	0.0967742	3.85715	0.933181	0.373272	1	0	0	0	0	0	0	0	0	
0.781	0.259259	-1.35769	0.0967742	3.85715	0.933181	0.373272	1	0	0	0	0	0	0	0	0	
0.782	0.259259	-1.35769	0.0967742	3.85715	0.933181	0.373272	1	0	0	0	0	0	0	0	0	
0.783	0.259259	-1.35769	0.0967742	3.85715	0.933181	0.373272	1	0	0	0	0	0	0	0	0	
0.784	0.259259	-1.35769	0.0967742	3.85715	0.933181	0.373272	1	0	0	0	0	0	0	0	0	
0.785	0.259259	-1.35769	0.0967742	3.85715	0.933181	0.373272	1	0	0	0	0	0	0	0	0	
0.786	0.259259	-1.35769	0.0967742	3.85715	0.933181	0.373272	1	0	0	0	0	0	0	0	0	
0.787	0.259259	-1.35769	0.0967742	3.85715	0.933181	0.373272	1	0	0	0	0	0	0	0	0	
0.788	0.259259	-1.35769	0.0967742	3.85715	0.933181	0.373272	1	0	0	0	0	0	0	0	0	
0.789	0.259259	-1.35769	0.0967742	3.85715	0.933181	0.373272	1	0	0	0	0	0	0	0	0	
0.79	0.259259	-1.35769	0.0967742	3.85715	0.933181	0.373272	1	0	0	0	0	0	0	0	0	
0.791	0.259259	-1.35769	0.0967742	3.85715	0.933181	0.373272	1	0	0	0	0	0	0	0	0	
0.792	0.259259	-1.35769	0.0967742	3.85715	0.933181	0.373272	1	0	0	0	0	0	0	0	0	
0.793	0.259259	-1.35769	0.0967742	3.85715	0.933181	0.373272	1	0	0	0	0	0	0	0	0	
0.794	0.259259	-1.35769	0.0967742	3.85715	0.933181	0.373272	1	0	0	0	0	0	0	0	0	
0.795	0.259259	-1.35769	0.0967742	3.85715	0.933181	0.373272	1	0	0	0	0	0	0	0	0	
0.796	0.259259	-1.35769	0.0967742	3.85715	0.933181	0.373272	1	0	0	0	0	0	0	0	0	
0.797	0.259259	-1.35769	0.0967742	3.85715	0.933181	0.373272	1	0	0	0	0	0	0	0	0	
0.798	0.259259	-1.35769	0.0967742	3.85715	0.933181	0.373272	1	0	0	0	0	0	0	0	0	
0.799	0.259259	-1.35769	0.0967742	3.85715	0.933181	0.373272	1	0	0	0	0	0	0	0	0	
0.8	0.259259	-1.35769	0.0967742	3.85715	0.933181	0.373272	1	0	0	0	0	0	0	0	0	
0.801	0.259259	-1.35769	0.0967742	3.85715	0.933181	0.373272	1	0	0	0	0	0	0	0	0	
0.802	0.259259	-1.35769	0.0967742	3.85715	0.933181	0.373272	1	0	0	0	0	0	0	0	0	
0.803	0.259259	-1.35769	0.0967742	3.85715	0.933181	0.373272	1	0	0	0	0	0	0	0	0	
0.804	0.259259	-1.35769	0.0967742	3.85715	0.933181	0.373272	1	0	0	0	0	0	0	0	0	
0.805	0.259259	-1.35769	0.0967742	3.85715	0.933181	0.373272	1	0	0	0	0	0	0	0	0	
0.806	0.259259	-1.35769	0.0967742	3.85715	0.933181	0.373272	1	0	0	0	0	0	0	0	0	
0.807	0.259259	-1.35769	0.0967742	3.85715	0.933181	0.373272	1	0	0	0	0	0	0	0	0	
0.808	0.259259	-1.35769	0.0967742	3.85715	0.933181	0.373272	1	0	0	0	0	0	0	0	0	
0.809	0.259259	-1.35769	0.0967742	3.85715	0.933181	0.373272	1	0	0	0	0	0	0	0	0	
0.81	0.259259	-1.35769	0.0967742	3.85715	0.933181	0.373272	1	0	0	0	0	0	0	0	0	
0.811	0.259259	-1.35769	0.0967742	3.85715	0.933181	0.373272	1	0	0	0	0	0	0	0	0	
0.812	0.259259	-1.35769	0.0967742	3.85715	0.933181	0.373272	1	0	0	0	0	0	0	0	0	
0.813	0.259259	-1.35769	0.0967742	3.85715	0.933181	0.373272	1	0	0	0	0	0	0	0	0	
0.814	0.259259	-1.35769	0.0967742	3.85715	0.933181	0.373272	1	0	0	0	0	0	0	0	0	
0.815	0.259259	-1.35769	0.0967742	3.85715	0.933181	0.373272	1	0	0	0	0	0	0	0	0	
0.816	0.259259	-1.35769	0.0967742	3.85715	0.933181	0.373272	1	0	0	0	0	0	0	0	0	
0.817	0.259259	-1.35769	0.0967742	3.85715	0.933181	0.373272	1	0	0	0	0	0	0	0	0	
0.818	0.259259	-1.35769	0.0967742	3.85715	0.933181	0.373272	1	0	0	0	0	0	0	0	0	
0.819	0.259259	-1.35769	0.0967742	3.85715	0.933181	0.373272	1	0	0	0	0	0	0	0	0	
0.82	0.259259	-1.35769	0.0967742	3.85715	0.933181	0.373272	1	0	0	0	0	0	0	0	0	
0.821	0.259259	-1.35769	0.0967742	3.85715	0.933181	0.373272	1	0	0	0	0	0	0	0	0	
0.822	0.259259	-1.35769	0.0967742	3.85715	0.933181	0.373272	1	0	0	0	0	0	0	0	0	
0.823	0.259259	-1.35769	0.0967742	3.85715	0.933181	0.373272	1	0	0	0	0	0	0	0	0	
0.824	0.259259	-1.35769	0.0967742	3.85715	0.933181	0.373272	1	0	0	0	0	0	0	0	0	
0.825	0.259259	-1.35769	0.0967742	3.85715	0.933181	0.373272	1	0	0	0	0	0	0	0	0	
0.826	0.259259	-1.35769	0.0967742	3.85715	0.933181	0.373272	1	0	0	0	0	0	0	0	0	
0.827	0.259259	-1.35769	0.0967742	3.85715	0.933181	0.373272	1	0	0	0	0	0	0	0	0	
0.828	0.259259	-1.35769	0.0967742	3.85715	0.933181	0.373272	1	0	0	0	0	0	0	0	0	
0.829	0.259259	-1.35769	0.0967742	3.85715	0.933181	0.373272	1	0	0	0	0	0	0	0	0	
0.83	0.259259	-1.35769	0.0967742	3.85715	0.933181	0.373272	1	0	0	0	0	0	0	0	0	
0.831	0.259259	-1.35769	0.0967742	3.85715	0.933181	0.373272	1	0	0	0	0	0	0	0	0	
0.832	0.259259	-1.35769	0.0967742	3.85715	0.933181	0.373272	1	0	0	0	0	0	0	0	0	
0.833	0.259259	-1.35769	0.0967742	3.85715	0.933181	0.373272	1	0	0	0	0	0	0	0	0	
0.834	0.259259	-1.35769	0.0967742	3.85715	0.933181	0.373272	1	0	0	0	0	0	0	0	0	
0.835	0.259259	-1.35769	0.0967742	3.85715	0.933181	0.373272	1	0	0	0	0	0	0	0	0	
0.836	0.259259	-1.35769	0.0967742	3.85715	0.933181	0.373272	1	0	0	0	0	0	0	0	0	
0.837	0.259259	-1.35769	0.0967742	3.85715	0.933181	0.373272	1	0	0	0	0	0	0	0	0	
0.838	0.259259	-1.35769	0.0967742	3.85715	0.933181	0.373272	1	0	0	0	0	0	0	0	0	
0.839	0.259259	-1.35769	0.0967742	3.85715	0.933181	0.373272	1	0	0	0	0	0	0	0	0	
0.84	0.259259	-1.35769	0.0967742	3.85715	0.933181	0.373272	1	0	0	0	0	0	0	0	0	
0.841	0.259259	-1.35769	0.0967742	3.85715	0.933181	0.373272	1	0	0	0	0	0	0	0	0	
0.842	0.259259	-1.35769	0.0967742	3.85715	0.933181	0.373272	1	0	0	0	0	0	0	0	0	
0.843	0.259259	-1.35769	0.0967742	3.85715	0.933181	0.373272	1	0	0	0	0	0	0	0	0	
0.844	0.259259	-1.35769	0.0967742	3.85715	0.933181	0.373272	1	0	0	0	0	0	0	0	0	
0.845	0.259259	-1.35769	0.0967742	3.85715	0.933181	0.373272	1	0	0	0	0	0	0	0	0	
0.846	0.259259	-1.35769	0.0967742	3.85715	0.933181	0.373272	1	0	0	0	0	0	0	0	0	
0.847	0.259259	-1.35769	0.0967742	3.85715	0.933181	0.373272	1	0	0	0	0	0	0	0	0	
0.848	0.259259	-1.35769	0.0967742	3.85715	0.933181	0.373272	1	0	0	0	0	0	0	0	0	
0.849	0.259259	-1.35769	0.0967742	3.85715	0.933181	0.373272	1	0	0	0	0	0	0	0	0	
0.85	0.259259	-1.35769	0.0967742	3.85715	0.933181	0.373272	1	0	0	0	0	0	0	0	0	
0.851	0.259259	-1.35769	0.0967742	3.85715	0.933181	0.373272	1	0	0	0	0	0	0	0	0	
0.852	0.259259	-1.35769	0.0967742	3.85715	0.933181	0.373272	1	0	0	0	0	0	0	0	0	
0.853	0.259259	-1.35769	0.0967742	3.85715	0.933181	0.373272	1	0	0	0	0	0	0	0	0	
0.854	0.259259	-1.35769	0.0967742	3.85715	0.933181	0.373272	1	0	0	0	0	0	0	0	0	
0.855	0.259259	-1.35769	0.0967742	3.85715	0.933181	0.373272	1	0	0	0	0	0	0	0	0	
0.856	0.259259	-1.35769	0.0967742	3.85715	0.933181	0.373272	1	0	0	0	0	0	0	0	0	
0.857	0.259259	-1.35769	0.0967742	3.85715	0.933181	0.373272	1	0	0	0	0	0	0	0	0	
0.858	0.259259	-1.35769	0.0967742	3.85715	0.933181	0.373272	1	0	0	0	0	0	0	0	0	
0.859	0.259259	-1.35769	0.0967742	3.85715	0.933181	0.373272	1	0	0	0	0	0	0	0	0	
0.86	0.259259	-1.35769	0.0967742	3.85715	0.933181	0.373272	1	0	0	0	0	0	0	0	0	
0.861	0.259259	-1.35769	0.0967742	3.85715	0.933181	0.373272	1	0	0	0	0	0	0	0	0	
0.862	0.259259	-1.35769	0.0967742	3.85715	0.933181	0.373272	1	0	0	0	0	0	0	0	0	
0.863	0.259259	-1.35769	0.0967742	3.85715	0.933181	0.373272	1	0	0	0	0	0	0	0	0	
0.864	0.259259	-1.35769	0.0967742	3.85715	0.933181	0.373272	1	0	0	0	0	0	0	0	0	
0.865	0.259259	-1.35769	0.0967742	3.85715	0.933181	0.373272	1	0	0	0	0	0	0	0	0	
0.866	0.259259	-1.35769	0.0967742	3.85715	0.933181	0.373272	1	0	0	0	0	0	0	0	0	
0.867	0.259259	-1.35769	0.0967742	3.85715	0.933181	0.373272	1	0	0	0	0	0	0	0	0	
0.868	0.259259	-1.35769	0.0967742	3.85715	0.933181	0.373272	1	0	0	0	0	0	0	0	0	
0.869	0.259259	-1.35769	0.0967742	3.85715	0.933181	0.373272	1	0	0	0	0	0	0	0	0	
0.87	0.259259	-1.35769	0.0967742	3.85715	0.933181	0.373272	1	0	0	0	0	0	0	0	0	
0.871	0.259259	-1.35769	0.0967742	3.85715	0.933181	0.373272	1	0	0	0	0	0	0	0	0	
0.872	0.259259	-1.35769	0.0967742	3.85715	0.933181	0.373272	1	0	0	0	0	0	0	0	0	
0.873	0.259259	-1.35769	0.0967742	3.85715	0.933181	0.373272	1	0	0	0	0	0	0	0	0	
0.874	0.259259	-1.35769	0.0967742	3.85715	0.933181	0.373272	1	0	0	0	0	0	0	0	0	
0.875	0.259259	-1.35769	0.0967742	3.85715	0.933181	0.373272	1	0	0	0	0	0	0	0	0	
0.876	0.259259	-1.35769	0.0967742	3.85715	0.933181	0.373272	1	0	0	0	0	0	0	0	0	
0.877	0.259259	-1.35769	0.0967742	3.85715	0.933181	0.373272	1	0	0	0	0	0	0	0	0	
0.878	0.259259	-1.35769	0.0967742	3.85715	0.933181	0.373272	1	0	0	0	0	0	0	0	0	
0.879	0.259259	-1.35769	0.0967742	3.85715	0.933181	0.373272	1	0	0	0	0	0	0	0	0	
0.88	0.259259	-1.35769	0.0967742	3.85715	0.933181	0.373272	1	0	0	0	0	0	0	0	0	
0.881	0.259259	-1.35769	0.0967742	3.85715	0.933181	0.373272	1	0	0	0	0	0	0	0	0	
0.882	0.259259	-1.35769	0.0967742	3.85715	0.933181	0.373272	1	0	0	0	0	0	0	0	0	
0.883	0.259259	-1.35769	0.0967742	3.85715	0.933181	0.373272	1	0	0	0	0	0	0	0	0	
0.884	0.259259	-1.35769	0.0967742	3.85715	0.933181	0.373272	1	0	0	0	0	0	0	0	0	
0.885	0.259259	-1.35769	0.0967742	3.85715	0.933181	0.373272	1	0	0	0	0	0	0	0	0	
0.886	0.259259	-1.35769	0.0967742	3.85715	0.933181	0.373272	1	0	0	0	0	0	0	0	0	
0.887	0.259259	-1.35769	0.0967742	3.85715	0.933181	0.373272	1	0	0	0	0	0	0	0	0	
0.888	0.259259	-1.35769	0.0967742	3.85715	0.933181	0.373272	1	0	0	0	0	0	0	0	0	
0.889	0.259259	-1.35769	0.0967742	3.85715	0.933181	0.373272	1	0	0	0	0	0	0	0	0	
0.89	0.259259	-1.35769	0.0967742	3.85715	0.933181	0.373272	1	0	0	0	0	0	0	0	0	
0.891	0.259259	-1.35769	0.0967742	3.85715	0.933181	0.373272	1	0	0	0	0	0	0	0	0	
0.892	0.259259	-1.35769	0.0967742	3.85715	0.933181	0.373272	1	0	0	0	0	0	0	0	0	
0.893	0.259259	-1.35769	0.0967742	3.85715	0.933181	0.373272	1	0	0	0	0	0	0	0	0	
0.894	0.259259	-1.35769	0.0967742	3.85715	0.933181	0.373272	1	0	0	0	0	0	0	0	0	
0.895	0.259259	-1.35769	0.0967742	3.85715	0.933181	0.373272	1	0	0	0	0	0	0	0	0	
0.896	0.259259	-1.35769	0.0967742	3.85715	0.933181	0.373272	1	0	0	0	0	0	0	0	0	
0.897	0.259259	-1.35769	0.0967742	3.85715	0.933181	0.373272	1	0	0	0	0	0	0	0	0	
0.898	0.259259	-1.35769	0.0967742	3.85715	0.933181	0.373272	1	0	0	0	0	0	0	0	0	
0.899	0.259259	-1.35769	0.0967742	3.85715	0.933181	0.373272	1	0	0	0	0	0	0	0	0	
0.9	0.259259	-1.35769	0.0967742	3.85715	0.933181	0.373272	1	0	0	0	0	0	0	0	0	
0.901	0.259259	-1.35769	0.0967742	3.85715	0.933181	0.373272	1	0	0	0	0	0	0	0	0	
0.902	0.259259	-1.35769	0.0967742	3.85715	0.933181	0.373272	1	0	0	0	0	0	0	0	0	
0.903	0.259259	-1.35769	0.0967742	3.85715	0.933181	0.373272	1	0	0	0	0	0	0	0	0	
0.904	0.259259	-1.35769	0.0967742	3.85715	0.933181	0.373272	1	0	0	0	0	0	0	0	0	
0.905	0.259259	-1.35769	0.0967742	3.85715	0.933181	0.373272	1	0	0	0	0	0	0	0	0	
0.906	0.259259	-1.35769	0.0967742	3.85715	0.933181	0.373272	1	0	0	0	0	0	0	0	0	
0.907	0.259259	-1.35769	0.0967742	3.85715	0.933181	0.373272	1	0	0	0	0	0	0	0	0	
0.908	0.259259	-1.35769	0.0967742	3.85715	0.933181	0.373272	1	0	0	0	0	0	0	0	0	
0.909	0.259259	-1.35769	0.0967742	3.85715	0.933181	0.373272	1	0	0	0	0	0	0	0	0	
0.91	0.259259	-1.35769	0.0967742	3.85715	0.933181	0.373272	1	0	0	0	0	0	0	0	0	
0.911	0.259259	-1.35769	0.0967742	3.85715	0.933181	0.373272	1	0	0	0	0	0	0	0	0	
0.912	0.259259	-1.35769	0.0967742	3.85715	0.933181	0.373272	1	0	0	0	0	0	0	0	0	
0.913	0.259259	-1.35769	0.0967742	3.85715	0.933181	0.373272	1	0	0	0	0	0	0	0	0	
0.914	0.259259	-1.35769	0.0967742	3.85715	0.933181	0.373272	1	0	0	0	0	0	0	0	0	
0.915	0.259259	-1.35769	0.0967742	3.85715	0.933181	0.373272	1	0	0	0	0	0	0	0	0	
0.916	0.259259	-1.35769	0.0967742	3.85715	0.933181	0.373272	1	0	0	0	0	0	0	0	0	
0.917	0.259259	-1.35769	0.0967742	3.85715	0.933181	0.373272	1	0	0	0	0	0	0	0	0	
0.918	0.259259	-1.35769	0.0967742	3.85715	0.933181	0.373272	1	0	0	0	0	0	0	0	0	
0.919	0.259259	-1.35769	0.0967742	3.85715	0.933181	0.373272	1	0	0	0	0	0	0	0	0	
0.92	0.259259	-1.35769	0.0967742	3.85715	0.933181	0.373272	1	0	0	0	0	0	0	0	0	
0.921	0.259259	-1.35769	0.0967742	3.85715	0.933181	0.373272	1	0	0	0	0	0	0	0	0	
0.922	0.259259	-1.35769	0.0967742	3.85715	0.933181	0.373272	1	0	0	0	0	0	0	0	0	
0.923	0.259259	-1.35769	0.0967742	3.85715	0.933181	0.373272	1	0	0	0	0	0	0	0	0	
0.924	0.259259	-1.35769	0.0967742	3.85715	0.933181	0.373272	1	0	0	0	0	0	0	0	0	
0.925	0.259259	-1.35769	0.0967742	3.85715	0.933181	0.373272	1	0	0	0	0	0	0	0	0	
0.926	0.259259	-1.35769	0.0967742	3.85715	0.933181	0.373272	1	0	0	0	0	0	0	0	0	
0.927	0.259259	-1.35769	0.0967742	3.85715	0.933181	0.373272	1	0	0	0	0	0	0	0	0	
0.928	0.259259	-1.35769	0.0967742	3.85715	0.933181	0.373272	1	0	0	0	0	0	0	0	0	
0.929	0.259259	-1.35769	0.0967742	3.85715	0.933181	0.373272	1	0	0	0	0	0	0	0	0	
0.93	0.259259	-1.35769	0.0967742	3.85715	0.933181	0.373272	1	0	0	0	0	0	0	0	0	
0.931	0.259259	-1.35769	0.0967742	3.85715	0.933181	0.373272	1	0	0	0	0	0	0	0	0	
0.932	0.259259	-1.35769	0.0967742	3.85715	0.933181	0.373272	1	0	0	0	0	0	0	0	0	
0.933	0.259259	-1.35769	0.0967742	3.85715	0.933181	0.373272	1	0	0	0	0	0	0	0	0	
0.934	0.259259	-1.35769	0.0967742	3.85715	0.933181	0.373272	1	0	0	0	0	0	0	0	0	
0.935	0.259259	-1.35769	0.0967742	3.85715	0.933181	0.373272	1	0	0	0	0	0	0	0	0	
0.936	0.259259	-1.35769	0.0967742	3.85715	0.933181	0.373272	1	0	0	0	0	0	0	0	0	
0.937	0.259259	-1.35769	0.0967742	3.85715	0.933181	0.373272	1	0	0	0	0	0	0	0	0	
0.938	0.259259	-1.35769	0.0967742	3.85715	0.933181	0.373272	1	0	0	0	0	0	0	0	0	
0.939	0.259259	-1.35769	0.0967742	3.85715	0.933181	0.373272	1	0	0	0	0	0	0	0	0	
0.94	0.259259	-1.35769	0.0967742	3.85715	0.933181	0.373272	1	0	0	0	0	0	0	0	0	
0.941	0.259259	-1.35769	0.0967742	3.85715	0.933181	0.373272	1	0	0	0	0	0	0	0	0	
0.942	0.259259	-1.35769	0.0967742	3.85715	0.933181	0.373272	1	0	0	0	0	0	0	0	0	
0.943	0.259259	-1.35769	0.0967742	3.85715	0.933181	0.373272	1	0	0	0	0	0	0	0	0	
0.944	0.259259	-1.35769	0.0967742	3.85715	0.933181	0.373272	1	0	0	0	0	0	0	0	0	
0.945	0.259259	-1.35769	0.0967742	3.85715	0.933181	0.373272	1	0	0	0	0	0	0	0	0	
0.946	0.259259	-1.35769	0.0967742	3.85715	0.933181	0.373272	1	0	0	0	0	0	0	0	0	
0.947	0.259259	-1.35769	0.0967742	3.85715	0.933181	0.373272	1	0	0	0	0	0	0	0	0	
0.948	0.259259	-1.35769	0.0967742	3.85715	0.933181	0.373272	1	0	0	0	0	0	0	0	0	
0.949	0.259259	-1.35769	0.0967742	3.85715	0.933181	0.373272	1	0	0	0	0	0	0	0	0	
0.95	0.259259	-1.35769	0.0967742	3.85715	0.933181	0.373272	1	0	0	0	0	0	0	0	0	
0.951	0.259259	-1.35769	0.0967742	3.85715	0.933181	0.373272	1	0	0	0	0	0	0	0	0	
0.952	0.259259	-1.35769	0.0967742	3.85715	0.933181	0.373272	1	0	0	0	0	0	0	0	0	
0.953	0.259259	-1.35769	0.0967742	3.85715	0.933181	0.373272	1	0	0	0	0	0	0	0	0	
0.954	0.259259	-1.35769	0.0967742	3.85715	0.933181	0.373272	1	0	0	0	0	0	0	0	0	
0.955	0.259259	-1.35769	0.0967742	3.85715	0.933181	0.373272	1	0	0	0	0	0	0	0	0	
0.956	0.259259	-1.35769	0.0967742	3.85715	0.933181	0.373272	1	0	0	0	0	0	0	0	0	
0.957	0.259259	-1.35769	0.0967742	3.85715	0.933181	0.373272	1	0	0	0	0	0	0	0	0	
0.958	0.259259	-1.35769	0.0967742	3.85715	0.933181	0.373272	1	0	0	0	0	0	0	0	0	
0.959	0.259259	-1.35769	0.0967742	3.85715	0.933181	0.373272	1	0	0	0	0	0	0	0	0	
0.96	0.259259	-1.35769	0.0967742	3.85715	0.933181	0.373272	1	0	0	0	0	0	0	0	0	
0.961	0.259259	-1.35769	0.0967742	3.85715	0.933181	0.373272	1	0	0	0	0	0	0	0	0	
0.962	0.259259	-1.35769	0.0967742	3.85715	0.933181	0.373272	1	0	0	0	0	0	0	0	0	
0.963	0.259259	-1.35769	0.0967742	3.85715	0.933181	0.373272	1	0	0	0	0	0	0	0	0	
0.964	0.259259	-1.35769	0.0967742	3.85715	0.933181	0.373272	1	0	0	0	0	0	0	0	0	
0.965	0.259259	-1.35769	0.0967742	3.85715	0.933181	0.373272	1	0	0	0	0	0	0	0	0	
0.966	0.259259	-1.35769	0.0967742	3.85715	0.933181	0.373272	1	0	0	0	0	0	0	0	0	
0.967	0.259259	-1.35769	0.0967742	3.85715	0.933181	0.373272	1	0	0	0	0	0	0	0	0	
0.968	0.259259	-1.35769	0.0967742	3.85715	0.933181	0.373272	1	0	0	0	0	0	0	0	0	
0.969	0.259259	-1.35769	0.0967742	3.85715	0.933181	0.373272	1	0	0	0	0	0	0	0	0	
0.97	0.259259	-1.35769	0.0967742	3.85715	0.933181	0.373272	1	0	0	0	0	0	0	0	0	
0.971	0.259259	-1.35769	0.0967742	3.85715	0.933181	0.373272	1	0	0	0	0	0	0	0	0	
0.972	0.259259	-1.35769	0.0967742	3.85715	0.933181	0.373272	1	0	0	0	0	0	0	0	0	
0.973	0.259259	-1.35769	0.0967742	3.85715	0.933181	0.373272	1	0	0	0	0	0	0	0	0	
0.974	0.259259	-1.35769	0.0967742	3.85715	0.933181	0.373272	1	0	0	0	0	0	0	0	0	
0.975	0.259259	-1.35769	0.0967742	3.85715	0.933181	0.373272	1	0	0	0	0	0	0	0	0	
0.976	0.259259	-1.35769	0.0967742	3.85715	0.933181	0.373272	1	0	0	0	0	0	0	0	0	
0.977	0.259259	-1.35769	0.0967742	3.85715	0.933181	0.373272	1	0	0	0	0	0	0	0	0	
0.978	0.259259	-1.35769	0.0967742	3.85715	0.933181	0.373272	1	0	0	0	0	0	0	0	0	
0.979	0.259259	-1.35769	0.0967742	3.85715	0.933181	0.373272	1	0	0	0	0	0	0	0	0	
0.98	0.259259	-1.35769	0.0967742	3.85715	0.933181	0.373272	1	0	0	0	0	0	0	0	0	
0.981	0.259259	-1.35769	0.0967742	3.85715	0.933181	0.373272	1	0	0	0	0	0	0	0	0	
0.982	0.259259	-1.35769	0.0967742	3.85715	0.933181	0.373272	1	0	0	0	0	0	0	0	0	
0.983	0.259259	-1.35769	0.0967742	3.85715	0.933181	0.373272	1	0	0	0	0	0	0	0	0	
0.984	0.259259	-1.35769	0.0967742	3.85715	0.933181	0.373272	1	0	0	0	0	0	0	0	0	
0.985	0.259259	-1.35769	0.0967742	3.85715	0.933181	0.373272	1	0	0	0	0	0	0	0	0	
0.986	0.259259	-1.35769	0.0967742	3.85715	0.933181	0.373272	1	0	0	0	0	0	0	0	0	
0.987	0.259259	-1.35769	0.0967742	3.85715	0.933181	0.373272	1	0	0	0	0	0	0	0	0	
0.988	0.259259	-1.35769	0.0967742	3.85715	0.933181	0.373272	1	0	0	0	0	0	0	0	0	
0.989	0.259259	-1.35769	0.0967742	3.85715	0.933181	0.373272	1	0	0	0	0	0	0	0	0	
0.99	0.259259	-1.35769	0.0967742	3.85715	0.933181	0.373272	1	0	0	0	0	0	0	0	0	
0.991	0.259259	-1.35769	0.0967742	3.85715	0.933181	0.373272	1	0	0	0	0	0	0	0	0	
0.992	0.259259	-1.35769	0.0967742	3.85715	0.933181	0.373272	1	0	0	0	0	0	0	0	0	
0.993	0.259259	-1.35769	0.0967742	3.85715	0.933181	0.373272	1	0	0	0	0	0	0	0	0	
0.994	0.259259	-1.35769	0.0967742	3.85715	0.933181	0.373272	1	0	0	0	0	0	0	0	0	
0.995	0.259259	-1.35769	0.0967742	3.85715	0.933181	0.373272	1	0	0	0	0	0	0	0	0	
0.996	0.259259	-1.35769	0.0967742	3.85715	0.933181	0.373272	1	0	0	0	0	0	0	0	0	
0.997	0.259259	-1.35769	0.0967742	3.85715	0.933181	0.373272	1	0	0	0	0	0	0	0	0	
0.998	0.259259	-1.35769	0.0967742	3.85715	0.933181	0.373272	1	0	0	0	0	0	0	0	0	
0.999	0.259259	-1.35769	0.0967742	3.85715	0.933181	0.373272	1	0	0	0	0	0	0	0	0	
1	0.259259	-1.35769	0.0967742	3.85715	0.933181	0.373272	1	0	0	0	0	0	0	0	0	
