|||||||||||||||||||||||||||||||||***SIMULATION: detonation***||||||||||||||||||||||||||||||||||
Sanpshot time = 1.08. Timestep = 2349. Run time = 4 seconds
No. of cells = 1000
#Position	 Density	 Velocity	 Pressure	 Specific_Volume I_Energy	 Temperature	 Species
-0.001	0.720525	-0.0170276	1.74962	1.38788	6.07063	0	0.0569548	0	0	0	0	0	0	0	0	
0	0.716675	-0.00541572	1.74688	1.39533	6.0937	0	0.0497312	0	0	0	0	0	0	0	0	
0.001	0.716675	0.00541572	1.74688	1.39533	6.0937	2.43748	0.0497312	0	0	0	0	0	0	0	0	
0.002	0.720525	0.0170276	1.74962	1.38788	6.07063	2.42825	0.0569548	0	0	0	0	0	0	0	0	
0.003	0.708087	0.0256247	1.75038	1.41226	6.17996	2.47198	0.0282676	0	0	0	0	0	0	0	0	
0.004	0.73187	0.0364047	1.76078	1.36636	6.01468	2.40587	0.0764869	0	0	0	0	0	0	0	0	
0.005	0.711177	0.0439591	1.76355	1.40612	6.1994	2.47976	0.0279717	0	0	0	0	0	0	0	0	
0.006	0.704523	0.0456195	1.76851	1.4194	6.27556	2.51022	0.0116837	0	0	0	0	0	0	0	0	
0.007	0.707488	0.0442512	1.7759	1.41345	6.27536	2.51014	0.0130313	0	0	0	0	0	0	0	0	
0.008	0.713847	0.0423879	1.78423	1.40086	6.24866	2.49946	0.0207938	0	0	0	0	0	0	0	0	
0.009	0.723584	0.0419056	1.79379	1.38201	6.19757	2.47903	0.0357755	0	0	0	0	0	0	0	0	
0.01	0.738795	0.0447237	1.80569	1.35355	6.11025	2.4441	0.0624422	0	0	0	0	0	0	0	0	
0.011	0.75744	0.0517223	1.81978	1.32024	6.00635	2.40254	0.0957129	0	0	0	0	0	0	0	0	
0.012	0.778658	0.0624557	1.83546	1.28426	5.89303	2.35721	0.132992	0	0	0	0	0	0	0	0	
0.013	0.801203	0.0756374	1.85146	1.24812	5.77711	2.31084	0.171595	0	0	0	0	0	0	0	0	
0.014	0.81944	0.0895361	1.86581	1.22035	5.69232	2.27693	0.200752	0	0	0	0	0	0	0	0	
0.015	0.831786	0.102732	1.87721	1.20223	5.64211	2.25684	0.218963	0	0	0	0	0	0	0	0	
0.016	0.840729	0.114443	1.88488	1.18944	5.60491	2.24196	0.232436	0	0	0	0	0	0	0	0	
0.017	0.846438	0.124316	1.88829	1.18142	5.57716	2.23086	0.242117	0	0	0	0	0	0	0	0	
0.018	0.848388	0.132267	1.88727	1.17871	5.56135	2.22454	0.247231	0	0	0	0	0	0	0	0	
0.019	0.847813	0.138401	1.88213	1.17951	5.54996	2.21998	0.250075	0	0	0	0	0	0	0	0	
0.02	0.846422	0.142941	1.87344	1.18144	5.5334	2.21336	0.25363	0	0	0	0	0	0	0	0	
0.021	0.845296	0.146156	1.86185	1.18302	5.50649	2.2026	0.259582	0	0	0	0	0	0	0	0	
0.022	0.84466	0.148311	1.84799	1.18391	5.46964	2.18785	0.267958	0	0	0	0	0	0	0	0	
0.023	0.844536	0.149641	1.83244	1.18408	5.42441	2.16976	0.278428	0	0	0	0	0	0	0	0	
0.024	0.845301	0.150333	1.81566	1.18301	5.36988	2.14795	0.291387	0	0	0	0	0	0	0	0	
0.025	0.847003	0.150514	1.79802	1.18063	5.307	2.1228	0.306651	0	0	0	0	0	0	0	0	
0.026	0.849193	0.150271	1.7798	1.17759	5.23969	2.09587	0.32313	0	0	0	0	0	0	0	0	
0.027	0.851648	0.149665	1.76126	1.17419	5.17015	2.06806	0.340215	0	0	0	0	0	0	0	0	
0.028	0.854341	0.148747	1.74259	1.17049	5.09923	2.03969	0.357706	0	0	0	0	0	0	0	0	
0.029	0.85695	0.147566	1.72399	1.16693	5.02944	2.01178	0.374884	0	0	0	0	0	0	0	0	
0.03	0.859033	0.14619	1.70563	1.1641	4.96382	1.98553	0.390868	0	0	0	0	0	0	0	0	
0.031	0.860486	0.144703	1.68766	1.16213	4.90321	1.96128	0.405425	0	0	0	0	0	0	0	0	
0.032	0.861598	0.143174	1.67016	1.16063	4.84611	1.93844	0.419029	0	0	0	0	0	0	0	0	
0.033	0.862783	0.141641	1.65317	1.15904	4.79022	1.91609	0.432379	0	0	0	0	0	0	0	0	
0.034	0.86433	0.140106	1.6367	1.15697	4.73401	1.8936	0.445944	0	0	0	0	0	0	0	0	
0.035	0.86632	0.138552	1.62076	1.15431	4.67715	1.87086	0.459829	0	0	0	0	0	0	0	0	
0.036	0.868671	0.136961	1.60537	1.15118	4.62018	1.84807	0.473873	0	0	0	0	0	0	0	0	
0.037	0.871221	0.135321	1.59052	1.14781	4.56406	1.82562	0.487786	0	0	0	0	0	0	0	0	
0.038	0.873816	0.133632	1.57624	1.14441	4.50964	1.80386	0.501309	0	0	0	0	0	0	0	0	
0.039	0.876377	0.131901	1.56252	1.14106	4.45734	1.78294	0.514316	0	0	0	0	0	0	0	0	
0.04	0.878896	0.130139	1.54937	1.13779	4.40715	1.76286	0.526809	0	0	0	0	0	0	0	0	
0.041	0.88143	0.128351	1.53677	1.13452	4.35874	1.74349	0.538884	0	0	0	0	0	0	0	0	
0.042	0.884058	0.126539	1.5247	1.13115	4.31165	1.72466	0.550673	0	0	0	0	0	0	0	0	
0.043	0.886791	0.124703	1.51315	1.12766	4.26581	1.70632	0.562201	0	0	0	0	0	0	0	0	
0.044	0.889499	0.122843	1.50212	1.12423	4.2218	1.68872	0.573284	0	0	0	0	0	0	0	0	
0.045	0.891953	0.120974	1.49159	1.12113	4.18067	1.67227	0.583602	0	0	0	0	0	0	0	0	
0.046	0.893922	0.119119	1.48156	1.11867	4.14343	1.65737	0.592849	0	0	0	0	0	0	0	0	
0.047	0.895231	0.117311	1.47203	1.11703	4.11074	1.6443	0.600814	0	0	0	0	0	0	0	0	
0.048	0.895816	0.115586	1.46296	1.1163	4.08277	1.63311	0.607449	0	0	0	0	0	0	0	0	
0.049	0.895815	0.113972	1.45435	1.1163	4.05872	1.62349	0.612984	0	0	0	0	0	0	0	0	
0.05	0.89561	0.112482	1.44613	1.11656	4.03671	1.61469	0.617985	0	0	0	0	0	0	0	0	
0.051	0.895699	0.111106	1.43826	1.11645	4.01434	1.60574	0.623172	0	0	0	0	0	0	0	0	
0.052	0.896456	0.109813	1.43069	1.1155	3.98985	1.59594	0.62907	0	0	0	0	0	0	0	0	
0.053	0.897933	0.108564	1.4234	1.11367	3.96299	1.5852	0.635751	0	0	0	0	0	0	0	0	
0.054	0.899874	0.107332	1.41638	1.11127	3.93493	1.57397	0.642857	0	0	0	0	0	0	0	0	
0.055	0.901881	0.106102	1.40961	1.10879	3.90743	1.56297	0.649849	0	0	0	0	0	0	0	0	
0.056	0.903616	0.10488	1.40312	1.10667	3.88195	1.55278	0.656282	0	0	0	0	0	0	0	0	
0.057	0.904909	0.10368	1.39688	1.10508	3.85918	1.54367	0.661949	0	0	0	0	0	0	0	0	
0.058	0.905767	0.102518	1.3909	1.10404	3.83901	1.5356	0.66688	0	0	0	0	0	0	0	0	
0.059	0.906309	0.101405	1.38515	1.10338	3.82086	1.52834	0.671246	0	0	0	0	0	0	0	0	
0.06	0.906688	0.100348	1.37962	1.10292	3.80402	1.52161	0.675262	0	0	0	0	0	0	0	0	
0.061	0.907038	0.0993458	1.37429	1.10249	3.78787	1.51515	0.67911	0	0	0	0	0	0	0	0	
0.062	0.907449	0.0983955	1.36915	1.10199	3.77199	1.50879	0.682916	0	0	0	0	0	0	0	0	
0.063	0.907967	0.0974908	1.36419	1.10136	3.75616	1.50246	0.686744	0	0	0	0	0	0	0	0	
0.064	0.908603	0.0966251	1.35938	1.10059	3.74031	1.49612	0.690612	0	0	0	0	0	0	0	0	
0.065	0.909341	0.0957922	1.35473	1.0997	3.72448	1.48979	0.694506	0	0	0	0	0	0	0	0	
0.066	0.910154	0.0949873	1.35022	1.09872	3.70877	1.48351	0.698394	0	0	0	0	0	0	0	0	
0.067	0.911006	0.0942069	1.34585	1.09769	3.69331	1.47733	0.702235	0	0	0	0	0	0	0	0	
0.068	0.911865	0.0934487	1.34162	1.09665	3.67822	1.47129	0.705994	0	0	0	0	0	0	0	0	
0.069	0.912708	0.0927116	1.33751	1.09564	3.66356	1.46543	0.709647	0	0	0	0	0	0	0	0	
0.07	0.913521	0.0919949	1.33352	1.09467	3.64939	1.45976	0.713179	0	0	0	0	0	0	0	0	
0.071	0.914289	0.0912986	1.32964	1.09375	3.63574	1.45429	0.716577	0	0	0	0	0	0	0	0	
0.072	0.914977	0.0906234	1.32588	1.09292	3.62272	1.44909	0.719804	0	0	0	0	0	0	0	0	
0.073	0.915527	0.0899712	1.32223	1.09227	3.61057	1.44423	0.722794	0	0	0	0	0	0	0	0	
0.074	0.91588	0.0893454	1.31868	1.09185	3.59949	1.4398	0.725482	0	0	0	0	0	0	0	0	
0.075	0.916039	0.0887499	1.31523	1.09166	3.58946	1.43578	0.727876	0	0	0	0	0	0	0	0	
0.076	0.916116	0.0881868	1.31188	1.09156	3.57999	1.432	0.730115	0	0	0	0	0	0	0	0	
0.077	0.916327	0.0876535	1.3086	1.09131	3.57024	1.4281	0.732458	0	0	0	0	0	0	0	0	
0.078	0.916899	0.0871423	1.30541	1.09063	3.5593	1.42372	0.735176	0	0	0	0	0	0	0	0	
0.079	0.917961	0.0866413	1.30228	1.08937	3.54665	1.41866	0.738416	0	0	0	0	0	0	0	0	
0.08	0.919474	0.0861387	1.29921	1.08758	3.53248	1.41299	0.742128	0	0	0	0	0	0	0	0	
0.081	0.921252	0.0856265	1.29621	1.08548	3.51752	1.40701	0.746088	0	0	0	0	0	0	0	0	
0.082	0.923048	0.0851019	1.29327	1.08337	3.50273	1.40109	0.750009	0	0	0	0	0	0	0	0	
0.083	0.924658	0.0845675	1.29041	1.08148	3.48889	1.39555	0.753659	0	0	0	0	0	0	0	0	
0.084	0.925973	0.0840289	1.28762	1.07995	3.47639	1.39056	0.756918	0	0	0	0	0	0	0	0	
0.085	0.926985	0.0834927	1.28489	1.07877	3.46525	1.3861	0.759784	0	0	0	0	0	0	0	0	
0.086	0.927752	0.0829642	1.28224	1.07787	3.45523	1.38209	0.762328	0	0	0	0	0	0	0	0	
0.087	0.928355	0.0824471	1.27965	1.07717	3.446	1.3784	0.764646	0	0	0	0	0	0	0	0	
0.088	0.928865	0.0819435	1.27712	1.07658	3.4373	1.37492	0.766819	0	0	0	0	0	0	0	0	
0.089	0.929333	0.0814541	1.27464	1.07604	3.42892	1.37157	0.768906	0	0	0	0	0	0	0	0	
0.09	0.929786	0.0809787	1.27223	1.07552	3.42076	1.3683	0.770942	0	0	0	0	0	0	0	0	
0.091	0.930243	0.0805168	1.26987	1.07499	3.41273	1.36509	0.772945	0	0	0	0	0	0	0	0	
0.092	0.930713	0.0800677	1.26756	1.07445	3.4048	1.36192	0.774929	0	0	0	0	0	0	0	0	
0.093	0.931203	0.0796305	1.26529	1.07388	3.39693	1.35877	0.776903	0	0	0	0	0	0	0	0	
0.094	0.93172	0.0792041	1.26308	1.07328	3.38911	1.35564	0.778874	0	0	0	0	0	0	0	0	
0.095	0.932262	0.0787877	1.26091	1.07266	3.38132	1.35253	0.780841	0	0	0	0	0	0	0	0	
0.096	0.932819	0.0783805	1.25879	1.07202	3.37361	1.34944	0.782795	0	0	0	0	0	0	0	0	
0.097	0.933364	0.077982	1.25671	1.07139	3.36607	1.34643	0.784706	0	0	0	0	0	0	0	0	
0.098	0.933849	0.0775926	1.25467	1.07084	3.35886	1.34354	0.786527	0	0	0	0	0	0	0	0	
0.099	0.934224	0.0772132	1.25267	1.07041	3.35216	1.34086	0.788203	0	0	0	0	0	0	0	0	
0.1	0.934462	0.0768454	1.25071	1.07013	3.34607	1.33843	0.789708	0	0	0	0	0	0	0	0	
0.101	0.934596	0.0764908	1.24879	1.06998	3.34046	1.33618	0.791079	0	0	0	0	0	0	0	0	
0.102	0.934726	0.0761497	1.24691	1.06983	3.33496	1.33398	0.792423	0	0	0	0	0	0	0	0	
0.103	0.934986	0.0758203	1.24506	1.06953	3.32909	1.33164	0.793882	0	0	0	0	0	0	0	0	
0.104	0.935491	0.0754995	1.24324	1.06896	3.32244	1.32898	0.795576	0	0	0	0	0	0	0	0	
0.105	0.936272	0.0751829	1.24146	1.06807	3.31489	1.32596	0.797537	0	0	0	0	0	0	0	0	
0.106	0.93727	0.0748668	1.2397	1.06693	3.30666	1.32267	0.799702	0	0	0	0	0	0	0	0	
0.107	0.938358	0.0745489	1.23796	1.06569	3.29822	1.31929	0.801935	0	0	0	0	0	0	0	0	
0.108	0.939396	0.0742291	1.23626	1.06451	3.29004	1.31602	0.804093	0	0	0	0	0	0	0	0	
0.109	0.940282	0.0739089	1.23459	1.06351	3.2825	1.313	0.806073	0	0	0	0	0	0	0	0	
0.11	0.940978	0.0735907	1.23295	1.06272	3.27571	1.31028	0.807836	0	0	0	0	0	0	0	0	
0.111	0.941503	0.0732766	1.23134	1.06213	3.2696	1.30784	0.809405	0	0	0	0	0	0	0	0	
0.112	0.941916	0.0729686	1.22975	1.06167	3.26396	1.30559	0.810841	0	0	0	0	0	0	0	0	
0.113	0.942283	0.0726673	1.2282	1.06125	3.25856	1.30342	0.812212	0	0	0	0	0	0	0	0	
0.114	0.94266	0.0723728	1.22666	1.06083	3.2532	1.30128	0.813575	0	0	0	0	0	0	0	0	
0.115	0.943074	0.0720846	1.22516	1.06036	3.24778	1.29911	0.81496	0	0	0	0	0	0	0	0	
0.116	0.94353	0.071802	1.22368	1.05985	3.24228	1.29691	0.81637	0	0	0	0	0	0	0	0	
0.117	0.94401	0.0715243	1.22222	1.05931	3.23677	1.29471	0.817788	0	0	0	0	0	0	0	0	
0.118	0.944487	0.0712513	1.22078	1.05878	3.23134	1.29254	0.819186	0	0	0	0	0	0	0	0	
0.119	0.944932	0.0709831	1.21937	1.05828	3.22608	1.29043	0.820538	0	0	0	0	0	0	0	0	
0.12	0.945327	0.07072	1.21798	1.05784	3.22106	1.28842	0.821827	0	0	0	0	0	0	0	0	
0.121	0.945666	0.0704624	1.21661	1.05746	3.21628	1.28651	0.823046	0	0	0	0	0	0	0	0	
0.122	0.945955	0.0702108	1.21527	1.05713	3.21174	1.2847	0.824201	0	0	0	0	0	0	0	0	
0.123	0.946204	0.0699655	1.21394	1.05685	3.20739	1.28296	0.825306	0	0	0	0	0	0	0	0	
0.124	0.946431	0.0697266	1.21263	1.0566	3.20317	1.28127	0.826375	0	0	0	0	0	0	0	0	
0.125	0.946658	0.0694941	1.21135	1.05635	3.19901	1.2796	0.827433	0	0	0	0	0	0	0	0	
0.126	0.946914	0.0692676	1.21008	1.05606	3.19479	1.27792	0.828506	0	0	0	0	0	0	0	0	
0.127	0.947235	0.0690463	1.20883	1.0557	3.19041	1.27616	0.829631	0	0	0	0	0	0	0	0	
0.128	0.947654	0.0688292	1.20759	1.05524	3.18574	1.2743	0.830839	0	0	0	0	0	0	0	0	
0.129	0.948188	0.068615	1.20637	1.05464	3.18073	1.27229	0.832145	0	0	0	0	0	0	0	0	
0.13	0.948824	0.0684024	1.20517	1.05394	3.17543	1.27017	0.833536	0	0	0	0	0	0	0	0	
0.131	0.949521	0.0681905	1.20398	1.05316	3.16998	1.26799	0.834974	0	0	0	0	0	0	0	0	
0.132	0.950222	0.0679789	1.20281	1.05239	3.16456	1.26582	0.836403	0	0	0	0	0	0	0	0	
0.133	0.950869	0.0677679	1.20166	1.05167	3.15937	1.26375	0.837769	0	0	0	0	0	0	0	0	
0.134	0.951424	0.0675581	1.20052	1.05106	3.15453	1.26181	0.839037	0	0	0	0	0	0	0	0	
0.135	0.951879	0.0673503	1.1994	1.05055	3.15007	1.26003	0.840199	0	0	0	0	0	0	0	0	
0.136	0.952249	0.0671455	1.19829	1.05015	3.14594	1.25838	0.841271	0	0	0	0	0	0	0	0	
0.137	0.952564	0.0669441	1.1972	1.0498	3.14204	1.25681	0.842282	0	0	0	0	0	0	0	0	
0.138	0.952857	0.0667464	1.19612	1.04948	3.13824	1.2553	0.843263	0	0	0	0	0	0	0	0	
0.139	0.953154	0.0665523	1.19505	1.04915	3.13447	1.25379	0.844237	0	0	0	0	0	0	0	0	
0.14	0.953464	0.0663616	1.194	1.04881	3.1307	1.25228	0.845216	0	0	0	0	0	0	0	0	
0.141	0.953788	0.066174	1.19297	1.04845	3.12692	1.25077	0.846197	0	0	0	0	0	0	0	0	
0.142	0.954117	0.0659894	1.19194	1.04809	3.12316	1.24926	0.847175	0	0	0	0	0	0	0	0	
0.143	0.954444	0.0658076	1.19093	1.04773	3.11944	1.24778	0.848142	0	0	0	0	0	0	0	0	
0.144	0.954766	0.0656285	1.18994	1.04738	3.11578	1.24631	0.849097	0	0	0	0	0	0	0	0	
0.145	0.955086	0.0654521	1.18895	1.04703	3.11215	1.24486	0.850041	0	0	0	0	0	0	0	0	
0.146	0.955408	0.0652782	1.18798	1.04667	3.10856	1.24342	0.850979	0	0	0	0	0	0	0	0	
0.147	0.955734	0.0651067	1.18701	1.04632	3.10498	1.24199	0.851912	0	0	0	0	0	0	0	0	
0.148	0.956059	0.0649375	1.18606	1.04596	3.10144	1.24058	0.852837	0	0	0	0	0	0	0	0	
0.149	0.956375	0.0647705	1.18513	1.04562	3.09796	1.23919	0.853746	0	0	0	0	0	0	0	0	
0.15	0.956676	0.0646059	1.1842	1.04529	3.09457	1.23783	0.854634	0	0	0	0	0	0	0	0	
0.151	0.956967	0.0644435	1.18328	1.04497	3.09123	1.23649	0.855507	0	0	0	0	0	0	0	0	
0.152	0.957264	0.0642834	1.18238	1.04464	3.08791	1.23516	0.856376	0	0	0	0	0	0	0	0	
0.153	0.957585	0.0641253	1.18148	1.04429	3.08453	1.23381	0.857261	0	0	0	0	0	0	0	0	
0.154	0.957949	0.0639689	1.1806	1.0439	3.08105	1.23242	0.858176	0	0	0	0	0	0	0	0	
0.155	0.958359	0.0638139	1.17972	1.04345	3.07745	1.23098	0.859125	0	0	0	0	0	0	0	0	
0.156	0.958805	0.0636599	1.17886	1.04297	3.07376	1.22951	0.860099	0	0	0	0	0	0	0	0	
0.157	0.959265	0.0635066	1.178	1.04247	3.07006	1.22802	0.861078	0	0	0	0	0	0	0	0	
0.158	0.959712	0.0633541	1.17715	1.04198	3.06642	1.22657	0.86204	0	0	0	0	0	0	0	0	
0.159	0.960125	0.0632025	1.17631	1.04153	3.06292	1.22517	0.862965	0	0	0	0	0	0	0	0	
0.16	0.960495	0.0630522	1.17549	1.04113	3.05958	1.22383	0.863845	0	0	0	0	0	0	0	0	
0.161	0.960826	0.0629035	1.17467	1.04077	3.0564	1.22256	0.864686	0	0	0	0	0	0	0	0	
0.162	0.96113	0.0627566	1.17385	1.04044	3.05332	1.22133	0.865496	0	0	0	0	0	0	0	0	
0.163	0.961421	0.0626116	1.17305	1.04013	3.05031	1.22012	0.86629	0	0	0	0	0	0	0	0	
0.164	0.961711	0.0624686	1.17226	1.03981	3.04732	1.21893	0.867078	0	0	0	0	0	0	0	0	
0.165	0.962004	0.0623276	1.17147	1.0395	3.04435	1.21774	0.867862	0	0	0	0	0	0	0	0	
0.166	0.962299	0.0621886	1.17069	1.03918	3.04139	1.21656	0.868643	0	0	0	0	0	0	0	0	
0.167	0.962592	0.0620515	1.16992	1.03886	3.03846	1.21539	0.869417	0	0	0	0	0	0	0	0	
0.168	0.962882	0.0619163	1.16916	1.03855	3.03557	1.21423	0.870182	0	0	0	0	0	0	0	0	
0.169	0.963169	0.0617831	1.1684	1.03824	3.0327	1.21308	0.870941	0	0	0	0	0	0	0	0	
0.17	0.963458	0.0616519	1.16765	1.03793	3.02984	1.21194	0.871697	0	0	0	0	0	0	0	0	
0.171	0.963754	0.0615225	1.16691	1.03761	3.02699	1.21079	0.872453	0	0	0	0	0	0	0	0	
0.172	0.964057	0.0613948	1.16617	1.03728	3.02412	1.20965	0.873211	0	0	0	0	0	0	0	0	
0.173	0.96437	0.0612689	1.16544	1.03695	3.02125	1.2085	0.873972	0	0	0	0	0	0	0	0	
0.174	0.964689	0.0611446	1.16472	1.0366	3.01838	1.20735	0.874735	0	0	0	0	0	0	0	0	
0.175	0.965014	0.0610217	1.164	1.03625	3.01551	1.2062	0.875496	0	0	0	0	0	0	0	0	
0.176	0.965339	0.0609003	1.16329	1.03591	3.01265	1.20506	0.876254	0	0	0	0	0	0	0	0	
0.177	0.965658	0.0607804	1.16259	1.03556	3.00983	1.20393	0.877002	0	0	0	0	0	0	0	0	
0.178	0.965964	0.0606618	1.16189	1.03524	3.00707	1.20283	0.877734	0	0	0	0	0	0	0	0	
0.179	0.966249	0.0605447	1.1612	1.03493	3.0044	1.20176	0.878445	0	0	0	0	0	0	0	0	
0.18	0.966511	0.0604291	1.16051	1.03465	3.00181	1.20072	0.879133	0	0	0	0	0	0	0	0	
0.181	0.96675	0.0603151	1.15983	1.03439	2.99931	1.19973	0.879797	0	0	0	0	0	0	0	0	
0.182	0.966972	0.0602028	1.15916	1.03416	2.99688	1.19875	0.880444	0	0	0	0	0	0	0	0	
0.183	0.967189	0.0600922	1.1585	1.03392	2.99449	1.1978	0.881082	0	0	0	0	0	0	0	0	
0.184	0.967412	0.0599831	1.15784	1.03369	2.9921	1.19684	0.88172	0	0	0	0	0	0	0	0	
0.185	0.967648	0.0598755	1.15718	1.03343	2.98968	1.19587	0.882366	0	0	0	0	0	0	0	0	
0.186	0.967903	0.0597692	1.15653	1.03316	2.98721	1.19489	0.883023	0	0	0	0	0	0	0	0	
0.187	0.96818	0.0596639	1.15589	1.03287	2.9847	1.19388	0.883693	0	0	0	0	0	0	0	0	
0.188	0.968474	0.0595596	1.15526	1.03255	2.98216	1.19286	0.884373	0	0	0	0	0	0	0	0	
0.189	0.96878	0.0594562	1.15463	1.03223	2.97959	1.19183	0.885059	0	0	0	0	0	0	0	0	
0.19	0.969092	0.0593534	1.154	1.03189	2.97702	1.19081	0.885745	0	0	0	0	0	0	0	0	
0.191	0.969402	0.0592513	1.15338	1.03156	2.97447	1.18979	0.886425	0	0	0	0	0	0	0	0	
0.192	0.969705	0.0591499	1.15277	1.03124	2.97196	1.18879	0.887095	0	0	0	0	0	0	0	0	
0.193	0.969996	0.0590493	1.15216	1.03093	2.96951	1.1878	0.887753	0	0	0	0	0	0	0	0	
0.194	0.970274	0.0589494	1.15156	1.03064	2.96711	1.18684	0.888395	0	0	0	0	0	0	0	0	
0.195	0.970537	0.0588504	1.15097	1.03036	2.96477	1.18591	0.889023	0	0	0	0	0	0	0	0	
0.196	0.970786	0.0587523	1.15038	1.03009	2.96249	1.185	0.889635	0	0	0	0	0	0	0	0	
0.197	0.971021	0.0586553	1.14979	1.02984	2.96027	1.18411	0.890233	0	0	0	0	0	0	0	0	
0.198	0.971245	0.0585593	1.14922	1.02961	2.9581	1.18324	0.890819	0	0	0	0	0	0	0	0	
0.199	0.971464	0.0584645	1.14864	1.02937	2.95596	1.18238	0.891397	0	0	0	0	0	0	0	0	
0.2	0.971685	0.0583708	1.14807	1.02914	2.95382	1.18153	0.891973	0	0	0	0	0	0	0	0	
0.201	0.971917	0.0582782	1.14751	1.02889	2.95167	1.18067	0.892555	0	0	0	0	0	0	0	0	
0.202	0.972166	0.0581867	1.14695	1.02863	2.94947	1.17979	0.893147	0	0	0	0	0	0	0	0	
0.203	0.972436	0.0580961	1.1464	1.02835	2.94723	1.17889	0.893751	0	0	0	0	0	0	0	0	
0.204	0.972721	0.0580063	1.14585	1.02804	2.94495	1.17798	0.894363	0	0	0	0	0	0	0	0	
0.205	0.973015	0.0579174	1.1453	1.02773	2.94267	1.17707	0.894979	0	0	0	0	0	0	0	0	
0.206	0.973306	0.0578291	1.14476	1.02743	2.9404	1.17616	0.895591	0	0	0	0	0	0	0	0	
0.207	0.973588	0.0577417	1.14423	1.02713	2.93817	1.17527	0.896191	0	0	0	0	0	0	0	0	
0.208	0.973854	0.0576551	1.14369	1.02685	2.936	1.1744	0.896777	0	0	0	0	0	0	0	0	
0.209	0.974103	0.0575694	1.14317	1.02659	2.9339	1.17356	0.897346	0	0	0	0	0	0	0	0	
0.21	0.974337	0.0574846	1.14264	1.02634	2.93185	1.17274	0.897902	0	0	0	0	0	0	0	0	
0.211	0.974562	0.0574008	1.14213	1.0261	2.92984	1.17194	0.898448	0	0	0	0	0	0	0	0	
0.212	0.974782	0.0573181	1.14161	1.02587	2.92786	1.17114	0.898987	0	0	0	0	0	0	0	0	
0.213	0.975001	0.0572363	1.1411	1.02564	2.92589	1.17036	0.899522	0	0	0	0	0	0	0	0	
0.214	0.975222	0.0571554	1.14059	1.02541	2.92393	1.16957	0.900056	0	0	0	0	0	0	0	0	
0.215	0.975445	0.0570754	1.14009	1.02517	2.92197	1.16879	0.900589	0	0	0	0	0	0	0	0	
0.216	0.975671	0.0569962	1.13959	1.02494	2.92002	1.16801	0.901121	0	0	0	0	0	0	0	0	
0.217	0.975899	0.0569177	1.1391	1.0247	2.91807	1.16723	0.901653	0	0	0	0	0	0	0	0	
0.218	0.976127	0.05684	1.13861	1.02446	2.91613	1.16645	0.902182	0	0	0	0	0	0	0	0	
0.219	0.976354	0.056763	1.13812	1.02422	2.9142	1.16568	0.902707	0	0	0	0	0	0	0	0	
0.22	0.976574	0.0566866	1.13763	1.02399	2.91231	1.16492	0.903225	0	0	0	0	0	0	0	0	
0.221	0.976783	0.0566108	1.13716	1.02377	2.91046	1.16418	0.903731	0	0	0	0	0	0	0	0	
0.222	0.976972	0.0565358	1.13668	1.02357	2.90868	1.16347	0.904221	0	0	0	0	0	0	0	0	
0.223	0.977139	0.0564615	1.13621	1.0234	2.90697	1.16279	0.904693	0	0	0	0	0	0	0	0	
0.224	0.977288	0.056388	1.13574	1.02324	2.90534	1.16213	0.905149	0	0	0	0	0	0	0	0	
0.225	0.977431	0.0563154	1.13528	1.02309	2.90372	1.16149	0.905598	0	0	0	0	0	0	0	0	
0.226	0.977589	0.0562436	1.13481	1.02292	2.90207	1.16083	0.906056	0	0	0	0	0	0	0	0	
0.227	0.977786	0.0561725	1.13436	1.02272	2.90032	1.16013	0.906539	0	0	0	0	0	0	0	0	
0.228	0.978038	0.0561018	1.1339	1.02245	2.89841	1.15936	0.90706	0	0	0	0	0	0	0	0	
0.229	0.978348	0.0560314	1.13345	1.02213	2.89634	1.15854	0.907619	0	0	0	0	0	0	0	0	
0.23	0.978703	0.0559609	1.133	1.02176	2.89415	1.15766	0.908208	0	0	0	0	0	0	0	0	
0.231	0.979077	0.0558903	1.13256	1.02137	2.8919	1.15676	0.908808	0	0	0	0	0	0	0	0	
0.232	0.979441	0.0558195	1.13212	1.02099	2.8897	1.15588	0.909399	0	0	0	0	0	0	0	0	
0.233	0.979773	0.0557488	1.13168	1.02064	2.8876	1.15504	0.909965	0	0	0	0	0	0	0	0	
0.234	0.980057	0.0556783	1.13124	1.02035	2.88565	1.15426	0.910495	0	0	0	0	0	0	0	0	
0.235	0.980294	0.0556083	1.13081	1.0201	2.88385	1.15354	0.910989	0	0	0	0	0	0	0	0	
0.236	0.980489	0.055539	1.13038	1.0199	2.88218	1.15287	0.911452	0	0	0	0	0	0	0	0	
0.237	0.980658	0.0554706	1.12995	1.01972	2.88059	1.15224	0.911894	0	0	0	0	0	0	0	0	
0.238	0.980814	0.0554032	1.12953	1.01956	2.87905	1.15162	0.912326	0	0	0	0	0	0	0	0	
0.239	0.980969	0.0553369	1.1291	1.0194	2.87752	1.15101	0.912755	0	0	0	0	0	0	0	0	
0.24	0.981131	0.0552716	1.12868	1.01923	2.87597	1.15039	0.913188	0	0	0	0	0	0	0	0	
0.241	0.981305	0.0552075	1.12826	1.01905	2.8744	1.14976	0.913626	0	0	0	0	0	0	0	0	
0.242	0.981489	0.0551444	1.12785	1.01886	2.8728	1.14912	0.914071	0	0	0	0	0	0	0	0	
0.243	0.981682	0.0550824	1.12743	1.01866	2.87118	1.14847	0.91452	0	0	0	0	0	0	0	0	
0.244	0.981881	0.0550214	1.12702	1.01845	2.86955	1.14782	0.914972	0	0	0	0	0	0	0	0	
0.245	0.98208	0.0549614	1.12661	1.01825	2.86792	1.14717	0.915422	0	0	0	0	0	0	0	0	
0.246	0.982275	0.0549025	1.1262	1.01804	2.86631	1.14652	0.915868	0	0	0	0	0	0	0	0	
0.247	0.982461	0.0548446	1.12579	1.01785	2.86473	1.14589	0.916306	0	0	0	0	0	0	0	0	
0.248	0.982634	0.0547878	1.12539	1.01767	2.86319	1.14528	0.916735	0	0	0	0	0	0	0	0	
0.249	0.982797	0.0547321	1.12498	1.0175	2.86169	1.14468	0.917155	0	0	0	0	0	0	0	0	
0.25	0.982956	0.0546775	1.12458	1.01734	2.8602	1.14408	0.917572	0	0	0	0	0	0	0	0	
0.251	0.983121	0.054624	1.12418	1.01717	2.8587	1.14348	0.917991	0	0	0	0	0	0	0	0	
0.252	0.983304	0.0545713	1.12378	1.01698	2.85716	1.14286	0.91842	0	0	0	0	0	0	0	0	
0.253	0.983511	0.0545195	1.12339	1.01677	2.85555	1.14222	0.918863	0	0	0	0	0	0	0	0	
0.254	0.983741	0.0544683	1.12299	1.01653	2.85388	1.14155	0.919321	0	0	0	0	0	0	0	0	
0.255	0.983988	0.0544175	1.1226	1.01627	2.85216	1.14087	0.919788	0	0	0	0	0	0	0	0	
0.256	0.984239	0.0543671	1.12221	1.01601	2.85044	1.14018	0.920256	0	0	0	0	0	0	0	0	
0.257	0.984484	0.0543171	1.12182	1.01576	2.84874	1.1395	0.920718	0	0	0	0	0	0	0	0	
0.258	0.984714	0.0542672	1.12143	1.01552	2.8471	1.13884	0.921169	0	0	0	0	0	0	0	0	
0.259	0.984926	0.0542176	1.12105	1.0153	2.84551	1.1382	0.921607	0	0	0	0	0	0	0	0	
0.26	0.985122	0.0541681	1.12066	1.0151	2.84397	1.13759	0.922032	0	0	0	0	0	0	0	0	
0.261	0.985306	0.0541189	1.12028	1.01491	2.84248	1.13699	0.922448	0	0	0	0	0	0	0	0	
0.262	0.985482	0.0540698	1.11991	1.01473	2.84101	1.1364	0.922857	0	0	0	0	0	0	0	0	
0.263	0.985655	0.0540208	1.11953	1.01455	2.83956	1.13583	0.923262	0	0	0	0	0	0	0	0	
0.264	0.985827	0.0539717	1.11916	1.01438	2.83813	1.13525	0.923664	0	0	0	0	0	0	0	0	
0.265	0.986	0.0539227	1.11879	1.0142	2.83669	1.13468	0.924065	0	0	0	0	0	0	0	0	
0.266	0.986173	0.0538736	1.11843	1.01402	2.83527	1.13411	0.924465	0	0	0	0	0	0	0	0	
0.267	0.986347	0.0538244	1.11806	1.01384	2.83385	1.13354	0.924863	0	0	0	0	0	0	0	0	
0.268	0.986519	0.053775	1.1177	1.01367	2.83244	1.13298	0.925259	0	0	0	0	0	0	0	0	
0.269	0.986687	0.0537254	1.11735	1.01349	2.83105	1.13242	0.92565	0	0	0	0	0	0	0	0	
0.27	0.986845	0.0536757	1.11699	1.01333	2.8297	1.13188	0.926033	0	0	0	0	0	0	0	0	
0.271	0.986987	0.053626	1.11664	1.01318	2.82841	1.13136	0.926404	0	0	0	0	0	0	0	0	
0.272	0.98711	0.0535762	1.11629	1.01306	2.82717	1.13087	0.926762	0	0	0	0	0	0	0	0	
0.273	0.987217	0.0535265	1.11595	1.01295	2.82599	1.1304	0.927109	0	0	0	0	0	0	0	0	
0.274	0.987321	0.053477	1.1156	1.01284	2.82483	1.12993	0.927451	0	0	0	0	0	0	0	0	
0.275	0.987439	0.0534276	1.11526	1.01272	2.82363	1.12945	0.927801	0	0	0	0	0	0	0	0	
0.276	0.987593	0.0533784	1.11493	1.01256	2.82233	1.12893	0.928171	0	0	0	0	0	0	0	0	
0.277	0.987796	0.0533292	1.11459	1.01235	2.8209	1.12836	0.92857	0	0	0	0	0	0	0	0	
0.278	0.98805	0.05328	1.11426	1.01209	2.81933	1.12773	0.928999	0	0	0	0	0	0	0	0	
0.279	0.988342	0.0532307	1.11393	1.0118	2.81766	1.12706	0.92945	0	0	0	0	0	0	0	0	
0.28	0.98865	0.0531813	1.1136	1.01148	2.81595	1.12638	0.929908	0	0	0	0	0	0	0	0	
0.281	0.988947	0.0531319	1.11327	1.01118	2.81428	1.12571	0.930359	0	0	0	0	0	0	0	0	
0.282	0.989214	0.0530826	1.11294	1.0109	2.81269	1.12508	0.930791	0	0	0	0	0	0	0	0	
0.283	0.989442	0.0530336	1.11262	1.01067	2.81122	1.12449	0.931197	0	0	0	0	0	0	0	0	
0.284	0.98963	0.0529851	1.11229	1.01048	2.80988	1.12395	0.931578	0	0	0	0	0	0	0	0	
0.285	0.989786	0.0529374	1.11197	1.01032	2.80862	1.12345	0.931938	0	0	0	0	0	0	0	0	
0.286	0.989921	0.0528905	1.11165	1.01018	2.80743	1.12297	0.932285	0	0	0	0	0	0	0	0	
0.287	0.990047	0.0528446	1.11133	1.01005	2.80627	1.12251	0.932625	0	0	0	0	0	0	0	0	
0.288	0.990173	0.0527996	1.11102	1.00992	2.80511	1.12204	0.932964	0	0	0	0	0	0	0	0	
0.289	0.990304	0.0527557	1.1107	1.00979	2.80394	1.12157	0.933305	0	0	0	0	0	0	0	0	
0.29	0.990442	0.0527127	1.11038	1.00965	2.80275	1.1211	0.933649	0	0	0	0	0	0	0	0	
0.291	0.990587	0.0526707	1.11007	1.0095	2.80154	1.12062	0.933997	0	0	0	0	0	0	0	0	
0.292	0.990737	0.0526296	1.10975	1.00935	2.80033	1.12013	0.934347	0	0	0	0	0	0	0	0	
0.293	0.990891	0.0525892	1.10944	1.00919	2.7991	1.11964	0.934698	0	0	0	0	0	0	0	0	
0.294	0.991043	0.0525497	1.10913	1.00904	2.79789	1.11915	0.935047	0	0	0	0	0	0	0	0	
0.295	0.991189	0.0525108	1.10882	1.00889	2.79669	1.11868	0.935392	0	0	0	0	0	0	0	0	
0.296	0.991328	0.0524725	1.10851	1.00875	2.79552	1.11821	0.935732	0	0	0	0	0	0	0	0	
0.297	0.991462	0.0524348	1.1082	1.00861	2.79436	1.11775	0.936068	0	0	0	0	0	0	0	0	
0.298	0.991598	0.0523975	1.1079	1.00847	2.79321	1.11728	0.936404	0	0	0	0	0	0	0	0	
0.299	0.991747	0.0523606	1.10759	1.00832	2.79202	1.11681	0.936746	0	0	0	0	0	0	0	0	
0.3	0.991917	0.0523239	1.10729	1.00815	2.79078	1.11631	0.937099	0	0	0	0	0	0	0	0	
0.301	0.99211	0.0522872	1.10699	1.00795	2.78947	1.11579	0.937464	0	0	0	0	0	0	0	0	
0.302	0.992322	0.0522504	1.10669	1.00774	2.78812	1.11525	0.937838	0	0	0	0	0	0	0	0	
0.303	0.992541	0.0522134	1.10639	1.00752	2.78676	1.1147	0.938215	0	0	0	0	0	0	0	0	
0.304	0.992756	0.0521762	1.10609	1.0073	2.78541	1.11416	0.938588	0	0	0	0	0	0	0	0	
0.305	0.992957	0.0521386	1.1058	1.00709	2.78411	1.11364	0.938953	0	0	0	0	0	0	0	0	
0.306	0.99314	0.0521008	1.10551	1.00691	2.78286	1.11314	0.939305	0	0	0	0	0	0	0	0	
0.307	0.993302	0.0520628	1.10522	1.00674	2.78168	1.11267	0.939644	0	0	0	0	0	0	0	0	
0.308	0.993447	0.0520247	1.10493	1.0066	2.78055	1.11222	0.939973	0	0	0	0	0	0	0	0	
0.309	0.99358	0.0519865	1.10465	1.00646	2.77946	1.11178	0.940294	0	0	0	0	0	0	0	0	
0.31	0.993707	0.0519482	1.10436	1.00633	2.77839	1.11136	0.940611	0	0	0	0	0	0	0	0	
0.311	0.993836	0.0519101	1.10408	1.0062	2.77732	1.11093	0.940927	0	0	0	0	0	0	0	0	
0.312	0.993971	0.051872	1.1038	1.00607	2.77624	1.1105	0.941246	0	0	0	0	0	0	0	0	
0.313	0.994114	0.0518341	1.10352	1.00592	2.77515	1.11006	0.941568	0	0	0	0	0	0	0	0	
0.314	0.994267	0.0517963	1.10325	1.00577	2.77402	1.10961	0.941894	0	0	0	0	0	0	0	0	
0.315	0.994428	0.0517589	1.10297	1.0056	2.77288	1.10915	0.942224	0	0	0	0	0	0	0	0	
0.316	0.994597	0.0517218	1.1027	1.00543	2.77172	1.10869	0.942557	0	0	0	0	0	0	0	0	
0.317	0.994774	0.0516851	1.10243	1.00525	2.77054	1.10822	0.942893	0	0	0	0	0	0	0	0	
0.318	0.994955	0.0516489	1.10215	1.00507	2.76935	1.10774	0.943231	0	0	0	0	0	0	0	0	
0.319	0.995141	0.0516132	1.10188	1.00488	2.76815	1.10726	0.943571	0	0	0	0	0	0	0	0	
0.32	0.99533	0.0515782	1.10161	1.00469	2.76694	1.10678	0.943911	0	0	0	0	0	0	0	0	
0.321	0.995523	0.0515438	1.10134	1.0045	2.76573	1.10629	0.944252	0	0	0	0	0	0	0	0	
0.322	0.995723	0.05151	1.10107	1.0043	2.76449	1.1058	0.944596	0	0	0	0	0	0	0	0	
0.323	0.995932	0.051477	1.1008	1.00408	2.76323	1.10529	0.944945	0	0	0	0	0	0	0	0	
0.324	0.996158	0.0514446	1.10053	1.00386	2.76193	1.10477	0.9453	0	0	0	0	0	0	0	0	
0.325	0.996402	0.0514128	1.10026	1.00361	2.76058	1.10423	0.945665	0	0	0	0	0	0	0	0	
0.326	0.996666	0.0513815	1.09999	1.00335	2.75917	1.10367	0.946038	0	0	0	0	0	0	0	0	
0.327	0.996944	0.0513507	1.09972	1.00307	2.75772	1.10309	0.946418	0	0	0	0	0	0	0	0	
0.328	0.997227	0.0513203	1.09945	1.00278	2.75626	1.10251	0.946799	0	0	0	0	0	0	0	0	
0.329	0.9975	0.0512901	1.09918	1.00251	2.75484	1.10194	0.947174	0	0	0	0	0	0	0	0	
0.33	0.997744	0.0512602	1.09891	1.00226	2.75349	1.1014	0.947534	0	0	0	0	0	0	0	0	
0.331	0.997945	0.0512305	1.09865	1.00206	2.75227	1.10091	0.947871	0	0	0	0	0	0	0	0	
0.332	0.998094	0.0512012	1.09838	1.00191	2.75119	1.10048	0.948181	0	0	0	0	0	0	0	0	
0.333	0.998193	0.0511721	1.09811	1.00181	2.75025	1.1001	0.948465	0	0	0	0	0	0	0	0	
0.334	0.998252	0.0511432	1.09785	1.00175	2.74943	1.09977	0.948728	0	0	0	0	0	0	0	0	
0.335	0.998286	0.0511147	1.09759	1.00172	2.74868	1.09947	0.948977	0	0	0	0	0	0	0	0	
0.336	0.998309	0.0510863	1.09733	1.00169	2.74797	1.09919	0.949221	0	0	0	0	0	0	0	0	
0.337	0.99833	0.051058	1.09707	1.00167	2.74726	1.0989	0.949463	0	0	0	0	0	0	0	0	
0.338	0.998355	0.0510297	1.09681	1.00165	2.74655	1.09862	0.949706	0	0	0	0	0	0	0	0	
0.339	0.99839	0.0510012	1.09656	1.00161	2.74581	1.09832	0.949953	0	0	0	0	0	0	0	0	
0.34	0.998438	0.0509726	1.0963	1.00156	2.74504	1.09802	0.950207	0	0	0	0	0	0	0	0	
0.341	0.998504	0.0509436	1.09605	1.0015	2.74424	1.09769	0.950467	0	0	0	0	0	0	0	0	
0.342	0.998584	0.0509143	1.0958	1.00142	2.74339	1.09736	0.950734	0	0	0	0	0	0	0	0	
0.343	0.998672	0.0508846	1.09556	1.00133	2.74253	1.09701	0.951004	0	0	0	0	0	0	0	0	
0.344	0.998757	0.0508544	1.09531	1.00124	2.74169	1.09668	0.951272	0	0	0	0	0	0	0	0	
0.345	0.998831	0.0508238	1.09507	1.00117	2.74088	1.09635	0.951534	0	0	0	0	0	0	0	0	
0.346	0.998897	0.0507929	1.09483	1.0011	2.7401	1.09604	0.951791	0	0	0	0	0	0	0	0	
0.347	0.998969	0.0507617	1.09459	1.00103	2.7393	1.09572	0.95205	0	0	0	0	0	0	0	0	
0.348	0.999067	0.0507302	1.09436	1.00093	2.73845	1.09538	0.95232	0	0	0	0	0	0	0	0	
0.349	0.999211	0.0506983	1.09412	1.00079	2.73747	1.09499	0.95261	0	0	0	0	0	0	0	0	
0.35	0.999412	0.0506661	1.09389	1.00059	2.73633	1.09453	0.952926	0	0	0	0	0	0	0	0	
0.351	0.999661	0.0506334	1.09366	1.00034	2.73507	1.09403	0.953264	0	0	0	0	0	0	0	0	
0.352	0.999937	0.0506003	1.09343	1.00006	2.73375	1.0935	0.953613	0	0	0	0	0	0	0	0	
0.353	1.00021	0.0505667	1.0932	0.999795	2.73244	1.09298	0.953958	0	0	0	0	0	0	0	0	
0.354	1.00044	0.050533	1.09297	0.999564	2.73124	1.0925	0.954284	0	0	0	0	0	0	0	0	
0.355	1.00062	0.0504992	1.09275	0.999383	2.73019	1.09207	0.954587	0	0	0	0	0	0	0	0	
0.356	1.00075	0.0504655	1.09252	0.999247	2.72925	1.0917	0.954868	0	0	0	0	0	0	0	0	
0.357	1.00086	0.0504322	1.0923	0.999138	2.7284	1.09136	0.955136	0	0	0	0	0	0	0	0	
0.358	1.00096	0.0503994	1.09208	0.999038	2.72757	1.09103	0.955399	0	0	0	0	0	0	0	0	
0.359	1.00106	0.0503673	1.09186	0.998942	2.72675	1.0907	0.95566	0	0	0	0	0	0	0	0	
0.36	1.00115	0.0503359	1.09163	0.99885	2.72595	1.09038	0.955918	0	0	0	0	0	0	0	0	
0.361	1.00123	0.0503054	1.09141	0.998767	2.72517	1.09007	0.956173	0	0	0	0	0	0	0	0	
0.362	1.00131	0.0502759	1.09119	0.998692	2.72441	1.08976	0.956423	0	0	0	0	0	0	0	0	
0.363	1.00139	0.0502475	1.09097	0.998613	2.72364	1.08946	0.956675	0	0	0	0	0	0	0	0	
0.364	1.00148	0.0502202	1.09075	0.998521	2.72284	1.08914	0.956933	0	0	0	0	0	0	0	0	
0.365	1.00159	0.0501942	1.09053	0.998413	2.72199	1.08879	0.957197	0	0	0	0	0	0	0	0	
0.366	1.00171	0.0501693	1.0903	0.998298	2.72112	1.08845	0.957465	0	0	0	0	0	0	0	0	
0.367	1.00181	0.0501457	1.09008	0.998192	2.72027	1.08811	0.957729	0	0	0	0	0	0	0	0	
0.368	1.00189	0.0501234	1.08986	0.99811	2.71949	1.0878	0.957982	0	0	0	0	0	0	0	0	
0.369	1.00195	0.0501025	1.08963	0.998053	2.71877	1.08751	0.958225	0	0	0	0	0	0	0	0	
0.37	1.002	0.0500828	1.08941	0.998006	2.71808	1.08723	0.958463	0	0	0	0	0	0	0	0	
0.371	1.00206	0.0500644	1.08918	0.997949	2.71737	1.08695	0.958705	0	0	0	0	0	0	0	0	
0.372	1.00215	0.050047	1.08895	0.997857	2.71655	1.08662	0.958961	0	0	0	0	0	0	0	0	
0.373	1.00229	0.0500305	1.08873	0.997713	2.7156	1.08624	0.959239	0	0	0	0	0	0	0	0	
0.374	1.00249	0.0500145	1.0885	0.997513	2.71449	1.0858	0.95954	0	0	0	0	0	0	0	0	
0.375	1.00274	0.0499988	1.08828	0.997267	2.71326	1.0853	0.95986	0	0	0	0	0	0	0	0	
0.376	1.00301	0.0499832	1.08805	0.997004	2.71198	1.08479	0.960187	0	0	0	0	0	0	0	0	
0.377	1.00325	0.0499675	1.08783	0.996763	2.71077	1.08431	0.960504	0	0	0	0	0	0	0	0	
0.378	1.00343	0.0499516	1.0876	0.99658	2.70971	1.08389	0.960796	0	0	0	0	0	0	0	0	
0.379	1.00354	0.0499355	1.08738	0.996473	2.70887	1.08355	0.961056	0	0	0	0	0	0	0	0	
0.38	1.00358	0.0499193	1.08716	0.996429	2.7082	1.08328	0.96129	0	0	0	0	0	0	0	0	
0.381	1.00361	0.0499029	1.08694	0.996407	2.7076	1.08304	0.961513	0	0	0	0	0	0	0	0	
0.382	1.00365	0.0498862	1.08673	0.996361	2.70693	1.08277	0.961744	0	0	0	0	0	0	0	0	
0.383	1.00375	0.0498689	1.08651	0.99626	2.70612	1.08245	0.961997	0	0	0	0	0	0	0	0	
0.384	1.00391	0.049851	1.0863	0.996106	2.70517	1.08207	0.96227	0	0	0	0	0	0	0	0	
0.385	1.00409	0.0498323	1.08609	0.995929	2.70416	1.08167	0.962553	0	0	0	0	0	0	0	0	
0.386	1.00425	0.0498128	1.08588	0.995769	2.70321	1.08128	0.962828	0	0	0	0	0	0	0	0	
0.387	1.00437	0.0497925	1.08567	0.995649	2.70237	1.08095	0.963086	0	0	0	0	0	0	0	0	
0.388	1.00445	0.0497715	1.08546	0.995566	2.70163	1.08065	0.963329	0	0	0	0	0	0	0	0	
0.389	1.00453	0.04975	1.08526	0.995491	2.70092	1.08037	0.963567	0	0	0	0	0	0	0	0	
0.39	1.00463	0.0497279	1.08506	0.995392	2.70015	1.08006	0.963814	0	0	0	0	0	0	0	0	
0.391	1.00477	0.0497053	1.08486	0.995256	2.69928	1.07971	0.964075	0	0	0	0	0	0	0	0	
0.392	1.00493	0.0496821	1.08466	0.995097	2.69836	1.07934	0.964343	0	0	0	0	0	0	0	0	
0.393	1.00508	0.0496585	1.08446	0.994949	2.69747	1.07899	0.964607	0	0	0	0	0	0	0	0	
0.394	1.00518	0.0496346	1.08427	0.994844	2.6967	1.07868	0.964855	0	0	0	0	0	0	0	0	
0.395	1.00524	0.0496106	1.08408	0.994789	2.69606	1.07843	0.965083	0	0	0	0	0	0	0	0	
0.396	1.00526	0.0495865	1.08388	0.994766	2.69552	1.07821	0.965298	0	0	0	0	0	0	0	0	
0.397	1.00528	0.0495626	1.08369	0.994746	2.69499	1.078	0.965511	0	0	0	0	0	0	0	0	
0.398	1.00533	0.0495388	1.0835	0.994703	2.6944	1.07776	0.965733	0	0	0	0	0	0	0	0	
0.399	1.0054	0.0495151	1.08331	0.994629	2.69373	1.07749	0.965965	0	0	0	0	0	0	0	0	
0.4	1.0055	0.0494915	1.08312	0.994526	2.69298	1.07719	0.966208	0	0	0	0	0	0	0	0	
0.401	1.00563	0.049468	1.08293	0.994398	2.69216	1.07686	0.96646	0	0	0	0	0	0	0	0	
0.402	1.00579	0.0494446	1.08274	0.994238	2.69126	1.07651	0.966723	0	0	0	0	0	0	0	0	
0.403	1.006	0.0494211	1.08256	0.994039	2.69026	1.0761	0.966999	0	0	0	0	0	0	0	0	
0.404	1.00624	0.0493975	1.08237	0.993796	2.68913	1.07565	0.96729	0	0	0	0	0	0	0	0	
0.405	1.00651	0.0493738	1.08218	0.993528	2.68795	1.07518	0.96759	0	0	0	0	0	0	0	0	
0.406	1.00677	0.0493499	1.082	0.993277	2.68681	1.07472	0.967883	0	0	0	0	0	0	0	0	
0.407	1.00696	0.0493262	1.08181	0.99309	2.68584	1.07434	0.968153	0	0	0	0	0	0	0	0	
0.408	1.00705	0.0493027	1.08163	0.993001	2.68514	1.07406	0.968389	0	0	0	0	0	0	0	0	
0.409	1.00704	0.0492797	1.08144	0.99301	2.68471	1.07388	0.968589	0	0	0	0	0	0	0	0	
0.41	1.00697	0.0492576	1.08126	0.993074	2.68443	1.07377	0.968769	0	0	0	0	0	0	0	0	
0.411	1.00692	0.0492365	1.08107	0.993131	2.68412	1.07365	0.968951	0	0	0	0	0	0	0	0	
0.412	1.00693	0.0492164	1.08089	0.993116	2.68362	1.07345	0.969158	0	0	0	0	0	0	0	0	
0.413	1.00706	0.0491973	1.0807	0.992991	2.68282	1.07313	0.969402	0	0	0	0	0	0	0	0	
0.414	1.00729	0.0491791	1.08052	0.992764	2.68175	1.0727	0.969682	0	0	0	0	0	0	0	0	
0.415	1.00757	0.0491617	1.08033	0.992485	2.68053	1.07221	0.969979	0	0	0	0	0	0	0	0	
0.416	1.00783	0.0491454	1.08014	0.992229	2.67937	1.07175	0.970269	0	0	0	0	0	0	0	0	
0.417	1.00801	0.0491302	1.07995	0.992057	2.67844	1.07138	0.970531	0	0	0	0	0	0	0	0	
0.418	1.00808	0.0491164	1.07976	0.99199	2.67778	1.07111	0.970758	0	0	0	0	0	0	0	0	
0.419	1.00807	0.0491044	1.07957	0.991994	2.67732	1.07093	0.97096	0	0	0	0	0	0	0	0	
0.42	1.00806	0.049094	1.07938	0.992008	2.67688	1.07075	0.971159	0	0	0	0	0	0	0	0	
0.421	1.00809	0.0490852	1.07918	0.991977	2.67631	1.07052	0.971373	0	0	0	0	0	0	0	0	
0.422	1.00818	0.0490779	1.07899	0.991888	2.67559	1.07023	0.971605	0	0	0	0	0	0	0	0	
0.423	1.0083	0.0490717	1.07879	0.991773	2.67479	1.06992	0.971846	0	0	0	0	0	0	0	0	
0.424	1.00839	0.0490665	1.07859	0.991681	2.67405	1.06962	0.97208	0	0	0	0	0	0	0	0	
0.425	1.00842	0.0490621	1.0784	0.991646	2.67347	1.06939	0.972296	0	0	0	0	0	0	0	0	
0.426	1.00841	0.0490583	1.0782	0.991663	2.67303	1.06921	0.972496	0	0	0	0	0	0	0	0	
0.427	1.00838	0.0490549	1.078	0.99169	2.67261	1.06904	0.972692	0	0	0	0	0	0	0	0	
0.428	1.0084	0.0490516	1.07781	0.991674	2.67208	1.06883	0.9729	0	0	0	0	0	0	0	0	
0.429	1.0085	0.0490479	1.07761	0.991569	2.67132	1.06853	0.973135	0	0	0	0	0	0	0	0	
0.43	1.00872	0.0490433	1.07742	0.991358	2.67027	1.06811	0.973402	0	0	0	0	0	0	0	0	
0.431	1.00903	0.0490375	1.07723	0.991056	2.66899	1.06759	0.973696	0	0	0	0	0	0	0	0	
0.432	1.00937	0.0490302	1.07704	0.990714	2.6676	1.06704	0.974002	0	0	0	0	0	0	0	0	
0.433	1.00969	0.0490211	1.07686	0.990405	2.66631	1.06652	0.974296	0	0	0	0	0	0	0	0	
0.434	1.0099	0.0490105	1.07667	0.990201	2.66531	1.06612	0.974559	0	0	0	0	0	0	0	0	
0.435	1.00995	0.0489985	1.07649	0.990144	2.66471	1.06588	0.974777	0	0	0	0	0	0	0	0	
0.436	1.00987	0.0489854	1.07632	0.990227	2.66449	1.0658	0.974953	0	0	0	0	0	0	0	0	
0.437	1.00969	0.0489717	1.07614	0.990399	2.66453	1.06581	0.975102	0	0	0	0	0	0	0	0	
0.438	1.00951	0.0489575	1.07597	0.990579	2.66458	1.06583	0.975247	0	0	0	0	0	0	0	0	
0.439	1.00939	0.048943	1.0758	0.990693	2.66447	1.06579	0.975411	0	0	0	0	0	0	0	0	
0.44	1.00939	0.0489281	1.07563	0.990696	2.66406	1.06562	0.975607	0	0	0	0	0	0	0	0	
0.441	1.0095	0.0489129	1.07546	0.990589	2.66336	1.06534	0.975834	0	0	0	0	0	0	0	0	
0.442	1.00968	0.0488974	1.0753	0.990409	2.66246	1.06498	0.976082	0	0	0	0	0	0	0	0	
0.443	1.0099	0.0488816	1.07513	0.990202	2.66149	1.0646	0.976338	0	0	0	0	0	0	0	0	
0.444	1.0101	0.0488655	1.07497	0.990004	2.66055	1.06422	0.976591	0	0	0	0	0	0	0	0	
0.445	1.01027	0.0488494	1.0748	0.98983	2.65968	1.06387	0.976837	0	0	0	0	0	0	0	0	
0.446	1.01043	0.0488332	1.07464	0.989676	2.65886	1.06355	0.977076	0	0	0	0	0	0	0	0	
0.447	1.01058	0.048817	1.07448	0.989532	2.65807	1.06323	0.977312	0	0	0	0	0	0	0	0	
0.448	1.01073	0.0488009	1.07431	0.989386	2.65728	1.06291	0.977547	0	0	0	0	0	0	0	0	
0.449	1.01089	0.0487848	1.07415	0.989231	2.65646	1.06258	0.977785	0	0	0	0	0	0	0	0	
0.45	1.01106	0.0487686	1.07399	0.989058	2.6556	1.06224	0.978026	0	0	0	0	0	0	0	0	
0.451	1.01127	0.0487525	1.07383	0.98886	2.65467	1.06187	0.978273	0	0	0	0	0	0	0	0	
0.452	1.0115	0.0487363	1.07367	0.988632	2.65366	1.06146	0.978527	0	0	0	0	0	0	0	0	
0.453	1.01176	0.04872	1.07351	0.988375	2.65257	1.06103	0.978787	0	0	0	0	0	0	0	0	
0.454	1.01204	0.0487038	1.07335	0.988105	2.65145	1.06058	0.979051	0	0	0	0	0	0	0	0	
0.455	1.01229	0.0486876	1.07319	0.987856	2.65039	1.06015	0.979308	0	0	0	0	0	0	0	0	
0.456	1.01248	0.0486718	1.07303	0.987677	2.64951	1.05981	0.979547	0	0	0	0	0	0	0	0	
0.457	1.01254	0.0486564	1.07287	0.987618	2.64896	1.05958	0.979757	0	0	0	0	0	0	0	0	
0.458	1.01245	0.0486418	1.07271	0.987701	2.64879	1.05951	0.979931	0	0	0	0	0	0	0	0	
0.459	1.01224	0.0486283	1.07255	0.98791	2.64895	1.05958	0.980075	0	0	0	0	0	0	0	0	
0.46	1.01196	0.0486158	1.07239	0.988183	2.64929	1.05971	0.980204	0	0	0	0	0	0	0	0	
0.461	1.0117	0.0486045	1.07223	0.988437	2.64957	1.05983	0.980337	0	0	0	0	0	0	0	0	
0.462	1.01153	0.048594	1.07207	0.988601	2.64962	1.05985	0.980493	0	0	0	0	0	0	0	0	
0.463	1.0115	0.0485841	1.07191	0.988634	2.64931	1.05972	0.98068	0	0	0	0	0	0	0	0	
0.464	1.01159	0.0485743	1.07175	0.988538	2.64866	1.05946	0.980897	0	0	0	0	0	0	0	0	
0.465	1.0118	0.0485643	1.07159	0.988341	2.64774	1.05909	0.981138	0	0	0	0	0	0	0	0	
0.466	1.01207	0.0485539	1.07143	0.988071	2.64662	1.05865	0.981396	0	0	0	0	0	0	0	0	
0.467	1.01241	0.0485428	1.07127	0.987742	2.64535	1.05814	0.981665	0	0	0	0	0	0	0	0	
0.468	1.0128	0.0485309	1.07112	0.987365	2.64395	1.05758	0.981945	0	0	0	0	0	0	0	0	
0.469	1.0132	0.0485183	1.07096	0.986975	2.64253	1.05701	0.982225	0	0	0	0	0	0	0	0	
0.47	1.01354	0.048505	1.0708	0.986646	2.64126	1.0565	0.982492	0	0	0	0	0	0	0	0	
0.471	1.01372	0.0484913	1.07065	0.986466	2.6404	1.05616	0.982725	0	0	0	0	0	0	0	0	
0.472	1.01369	0.0484777	1.0705	0.986491	2.64009	1.05603	0.982915	0	0	0	0	0	0	0	0	
0.473	1.01349	0.0484645	1.07034	0.986693	2.64025	1.0561	0.983066	0	0	0	0	0	0	0	0	
0.474	1.01321	0.0484521	1.07019	0.986961	2.64059	1.05624	0.983203	0	0	0	0	0	0	0	0	
0.475	1.01301	0.0484405	1.07004	0.987154	2.64073	1.05629	0.983355	0	0	0	0	0	0	0	0	
0.476	1.013	0.0484295	1.06988	0.987165	2.64038	1.05615	0.983544	0	0	0	0	0	0	0	0	
0.477	1.01322	0.0484189	1.06973	0.986955	2.63944	1.05578	0.983779	0	0	0	0	0	0	0	0	
0.478	1.01362	0.0484082	1.06958	0.98656	2.63801	1.0552	0.984051	0	0	0	0	0	0	0	0	
0.479	1.01412	0.0483974	1.06942	0.986079	2.63634	1.05454	0.98434	0	0	0	0	0	0	0	0	
0.48	1.01456	0.0483865	1.06927	0.985653	2.63482	1.05393	0.984618	0	0	0	0	0	0	0	0	
0.481	1.0148	0.0483759	1.06911	0.985411	2.63379	1.05352	0.984859	0	0	0	0	0	0	0	0	
0.482	1.01479	0.0483662	1.06896	0.985423	2.63344	1.05338	0.985051	0	0	0	0	0	0	0	0	
0.483	1.01454	0.048358	1.0688	0.985665	2.63371	1.05348	0.9852	0	0	0	0	0	0	0	0	
0.484	1.01417	0.0483519	1.06865	0.986026	2.63428	1.05371	0.985326	0	0	0	0	0	0	0	0	
0.485	1.01382	0.048348	1.06849	0.986368	2.6348	1.05392	0.985456	0	0	0	0	0	0	0	0	
0.486	1.01359	0.0483463	1.06833	0.986596	2.63501	1.05401	0.985608	0	0	0	0	0	0	0	0	
0.487	1.01352	0.0483463	1.06816	0.986656	2.63478	1.05391	0.985792	0	0	0	0	0	0	0	0	
0.488	1.01367	0.0483472	1.068	0.986509	2.63398	1.05359	0.986012	0	0	0	0	0	0	0	0	
0.489	1.01404	0.048348	1.06784	0.986154	2.63263	1.05305	0.986269	0	0	0	0	0	0	0	0	
0.49	1.01454	0.0483474	1.06767	0.985668	2.63093	1.05237	0.986549	0	0	0	0	0	0	0	0	
0.491	1.01504	0.0483444	1.06751	0.985182	2.62924	1.0517	0.986826	0	0	0	0	0	0	0	0	
0.492	1.01543	0.0483381	1.06736	0.984803	2.62785	1.05114	0.987084	0	0	0	0	0	0	0	0	
0.493	1.01567	0.0483279	1.06721	0.98457	2.62686	1.05074	0.987316	0	0	0	0	0	0	0	0	
0.494	1.01578	0.0483135	1.06707	0.984464	2.62622	1.05049	0.987525	0	0	0	0	0	0	0	0	
0.495	1.01578	0.0482953	1.06693	0.984464	2.62589	1.05036	0.987716	0	0	0	0	0	0	0	0	
0.496	1.01566	0.0482739	1.0668	0.984581	2.62588	1.05035	0.987888	0	0	0	0	0	0	0	0	
0.497	1.01542	0.0482507	1.06668	0.984819	2.6262	1.05048	0.988042	0	0	0	0	0	0	0	0	
0.498	1.01511	0.0482275	1.06655	0.985111	2.62668	1.05067	0.988187	0	0	0	0	0	0	0	0	
0.499	1.01489	0.048206	1.06642	0.985331	2.62695	1.05078	0.988344	0	0	0	0	0	0	0	0	
0.5	1.01484	0.0481877	1.0663	0.985378	2.62676	1.0507	0.988528	0	0	0	0	0	0	0	0	
0.501	1.01498	0.0481738	1.06616	0.985245	2.62607	1.05043	0.988739	0	0	0	0	0	0	0	0	
0.502	1.01524	0.048165	1.06602	0.984987	2.62503	1.05001	0.98897	0	0	0	0	0	0	0	0	
0.503	1.01557	0.0481614	1.06587	0.984665	2.6238	1.04952	0.989209	0	0	0	0	0	0	0	0	
0.504	1.01592	0.0481621	1.06571	0.984325	2.62251	1.049	0.989451	0	0	0	0	0	0	0	0	
0.505	1.01624	0.048166	1.06555	0.98402	2.6213	1.04852	0.989687	0	0	0	0	0	0	0	0	
0.506	1.0165	0.0481711	1.06539	0.983767	2.62023	1.04809	0.989915	0	0	0	0	0	0	0	0	
0.507	1.01674	0.0481752	1.06522	0.98354	2.61923	1.04769	0.990138	0	0	0	0	0	0	0	0	
0.508	1.01696	0.0481763	1.06507	0.983322	2.61826	1.0473	0.990358	0	0	0	0	0	0	0	0	
0.509	1.01714	0.0481727	1.06492	0.983151	2.61744	1.04698	0.990571	0	0	0	0	0	0	0	0	
0.51	1.01721	0.0481637	1.06478	0.983078	2.6169	1.04676	0.990771	0	0	0	0	0	0	0	0	
0.511	1.01712	0.0481494	1.06464	0.983171	2.61682	1.04673	0.99095	0	0	0	0	0	0	0	0	
0.512	1.0168	0.0481311	1.06452	0.983475	2.61732	1.04693	0.991105	0	0	0	0	0	0	0	0	
0.513	1.01636	0.0481109	1.0644	0.983905	2.61817	1.04727	0.991246	0	0	0	0	0	0	0	0	
0.514	1.016	0.0480907	1.06428	0.984257	2.61881	1.04753	0.991397	0	0	0	0	0	0	0	0	
0.515	1.01589	0.0480727	1.06416	0.984362	2.6188	1.04752	0.991576	0	0	0	0	0	0	0	0	
0.516	1.01596	0.0480585	1.06404	0.98429	2.6183	1.04732	0.991777	0	0	0	0	0	0	0	0	
0.517	1.0161	0.0480494	1.0639	0.984155	2.61761	1.04704	0.991985	0	0	0	0	0	0	0	0	
0.518	1.01633	0.0480461	1.06376	0.983935	2.61668	1.04667	0.992202	0	0	0	0	0	0	0	0	
0.519	1.01667	0.0480484	1.06361	0.983607	2.61544	1.04618	0.99243	0	0	0	0	0	0	0	0	
0.52	1.01703	0.0480556	1.06346	0.983251	2.61411	1.04564	0.99266	0	0	0	0	0	0	0	0	
0.521	1.0173	0.0480665	1.06329	0.982989	2.61302	1.04521	0.99288	0	0	0	0	0	0	0	0	
0.522	1.01745	0.0480795	1.06313	0.982851	2.61224	1.0449	0.993088	0	0	0	0	0	0	0	0	
0.523	1.01754	0.0480924	1.06297	0.982758	2.61159	1.04464	0.99329	0	0	0	0	0	0	0	0	
0.524	1.01765	0.0481027	1.06281	0.982657	2.61093	1.04437	0.993492	0	0	0	0	0	0	0	0	
0.525	1.01773	0.048108	1.06265	0.982575	2.61034	1.04414	0.993692	0	0	0	0	0	0	0	0	
0.526	1.01777	0.0481065	1.06251	0.982539	2.6099	1.04396	0.993887	0	0	0	0	0	0	0	0	
0.527	1.01781	0.0480972	1.06238	0.982498	2.60947	1.04379	0.994082	0	0	0	0	0	0	0	0	
0.528	1.01797	0.0480806	1.06226	0.982346	2.60877	1.04351	0.994284	0	0	0	0	0	0	0	0	
0.529	1.01819	0.0480583	1.06215	0.982135	2.60794	1.04318	0.99449	0	0	0	0	0	0	0	0	
0.53	1.01831	0.0480338	1.06205	0.982019	2.60737	1.04295	0.994689	0	0	0	0	0	0	0	0	
0.531	1.0183	0.0480111	1.06194	0.982027	2.60713	1.04285	0.99488	0	0	0	0	0	0	0	0	
0.532	1.01845	0.0479935	1.06182	0.981888	2.60647	1.04259	0.995079	0	0	0	0	0	0	0	0	
0.533	1.01877	0.0479829	1.06169	0.981579	2.60534	1.04214	0.99529	0	0	0	0	0	0	0	0	
0.534	1.01893	0.0479804	1.06156	0.981421	2.60458	1.04183	0.995492	0	0	0	0	0	0	0	0	
0.535	1.01877	0.0479859	1.06141	0.981572	2.60462	1.04185	0.995675	0	0	0	0	0	0	0	0	
0.536	1.01846	0.0479965	1.06125	0.981873	2.60504	1.04202	0.99585	0	0	0	0	0	0	0	0	
0.537	1.01741	0.0480093	1.0611	0.982889	2.60736	1.04294	0.995989	0	0	0	0	0	0	0	0	
0.538	1.01826	0.0480253	1.06094	0.982072	2.60479	1.04192	0.99622	0	0	0	0	0	0	0	0	
0.539	1.01959	0.0480473	1.06076	0.980786	2.60096	1.04038	0.996478	0	0	0	0	0	0	0	0	
0.54	1.01969	0.0480643	1.0606	0.98069	2.6003	1.04012	0.996679	0	0	0	0	0	0	0	0	
0.541	1.01903	0.0480562	1.06047	0.981321	2.60166	1.04066	0.996843	0	0	0	0	0	0	0	0	
0.542	1.01831	0.0480351	1.06037	0.982016	2.60325	1.0413	0.997005	0	0	0	0	0	0	0	0	
0.543	1.0189	0.0480318	1.06024	0.981453	2.60143	1.04057	0.997217	0	0	0	0	0	0	0	0	
0.544	1.01964	0.0480064	1.06014	0.980742	2.5993	1.03972	0.997435	0	0	0	0	0	0	0	0	
0.545	1.01975	0.047895	1.06016	0.980636	2.59908	1.03963	0.997629	0	0	0	0	0	0	0	0	
0.546	1.01913	0.0478206	1.06013	0.981225	2.60058	1.04023	0.997802	0	0	0	0	0	0	0	0	
0.547	1.01846	0.0479939	1.05975	0.981871	2.60134	1.04054	0.997981	0	0	0	0	0	0	0	0	
0.548	1.01894	0.0481015	1.05946	0.981416	2.59942	1.03977	0.998188	0	0	0	0	0	0	0	0	
0.549	1.02022	0.0476837	1.05993	0.980182	2.59732	1.03893	0.998401	0	0	0	0	0	0	0	0	
0.55	1.02037	0.0475053	1.06006	0.980033	2.59723	1.03889	0.998593	0	0	0	0	0	0	0	0	
0.551	1.01838	0.0485686	1.05838	0.981954	2.5982	1.03928	0.998771	0	0	0	0	0	0	0	0	
0.552	1.01734	0.0492809	1.05721	0.982952	2.59798	1.03919	0.998961	0	0	0	0	0	0	0	0	
0.553	1.02158	0.046253	1.06148	0.978873	2.59764	1.03906	0.999169	0	0	0	0	0	0	0	0	
0.554	1.02329	0.0453197	1.06255	0.977235	2.59591	1.03836	0.999369	0	0	0	0	0	0	0	0	
0.555	1.01449	0.0513111	1.05154	0.985716	2.59129	1.03652	0.999554	0	0	0	0	0	0	0	0	
0.556	1.00349	0.041481	1.03639	0.996526	2.58198	1.03279	0.999745	0	0	0	0	0	0	0	0	
0.557	0.948181	-0.0677537	0.954522	1.05465	2.51672	1.00669	0.999909	0	0	0	0	0	0	0	0	
0.558	0.802871	-0.23156	0.751531	1.24553	2.34014	0.936054	0.999985	0	0	0	0	0	0	0	0	
0.559	0.284914	-1.23145	0.133336	3.50984	1.16997	0.467988	1	0	0	0	0	0	0	0	0	
0.56	0.259259	-1.35769	0.0967742	3.85715	0.933181	0.373272	1	0	0	0	0	0	0	0	0	
0.561	0.259259	-1.35769	0.0967742	3.85715	0.933181	0.373272	1	0	0	0	0	0	0	0	0	
0.562	0.259259	-1.35769	0.0967742	3.85715	0.933181	0.373272	1	0	0	0	0	0	0	0	0	
0.563	0.259259	-1.35769	0.0967742	3.85715	0.933181	0.373272	1	0	0	0	0	0	0	0	0	
0.564	0.259259	-1.35769	0.0967742	3.85715	0.933181	0.373272	1	0	0	0	0	0	0	0	0	
0.565	0.259259	-1.35769	0.0967742	3.85715	0.933181	0.373272	1	0	0	0	0	0	0	0	0	
0.566	0.259259	-1.35769	0.0967742	3.85715	0.933181	0.373272	1	0	0	0	0	0	0	0	0	
0.567	0.259259	-1.35769	0.0967742	3.85715	0.933181	0.373272	1	0	0	0	0	0	0	0	0	
0.568	0.259259	-1.35769	0.0967742	3.85715	0.933181	0.373272	1	0	0	0	0	0	0	0	0	
0.569	0.259259	-1.35769	0.0967742	3.85715	0.933181	0.373272	1	0	0	0	0	0	0	0	0	
0.57	0.259259	-1.35769	0.0967742	3.85715	0.933181	0.373272	1	0	0	0	0	0	0	0	0	
0.571	0.259259	-1.35769	0.0967742	3.85715	0.933181	0.373272	1	0	0	0	0	0	0	0	0	
0.572	0.259259	-1.35769	0.0967742	3.85715	0.933181	0.373272	1	0	0	0	0	0	0	0	0	
0.573	0.259259	-1.35769	0.0967742	3.85715	0.933181	0.373272	1	0	0	0	0	0	0	0	0	
0.574	0.259259	-1.35769	0.0967742	3.85715	0.933181	0.373272	1	0	0	0	0	0	0	0	0	
0.575	0.259259	-1.35769	0.0967742	3.85715	0.933181	0.373272	1	0	0	0	0	0	0	0	0	
0.576	0.259259	-1.35769	0.0967742	3.85715	0.933181	0.373272	1	0	0	0	0	0	0	0	0	
0.577	0.259259	-1.35769	0.0967742	3.85715	0.933181	0.373272	1	0	0	0	0	0	0	0	0	
0.578	0.259259	-1.35769	0.0967742	3.85715	0.933181	0.373272	1	0	0	0	0	0	0	0	0	
0.579	0.259259	-1.35769	0.0967742	3.85715	0.933181	0.373272	1	0	0	0	0	0	0	0	0	
0.58	0.259259	-1.35769	0.0967742	3.85715	0.933181	0.373272	1	0	0	0	0	0	0	0	0	
0.581	0.259259	-1.35769	0.0967742	3.85715	0.933181	0.373272	1	0	0	0	0	0	0	0	0	
0.582	0.259259	-1.35769	0.0967742	3.85715	0.933181	0.373272	1	0	0	0	0	0	0	0	0	
0.583	0.259259	-1.35769	0.0967742	3.85715	0.933181	0.373272	1	0	0	0	0	0	0	0	0	
0.584	0.259259	-1.35769	0.0967742	3.85715	0.933181	0.373272	1	0	0	0	0	0	0	0	0	
0.585	0.259259	-1.35769	0.0967742	3.85715	0.933181	0.373272	1	0	0	0	0	0	0	0	0	
0.586	0.259259	-1.35769	0.0967742	3.85715	0.933181	0.373272	1	0	0	0	0	0	0	0	0	
0.587	0.259259	-1.35769	0.0967742	3.85715	0.933181	0.373272	1	0	0	0	0	0	0	0	0	
0.588	0.259259	-1.35769	0.0967742	3.85715	0.933181	0.373272	1	0	0	0	0	0	0	0	0	
0.589	0.259259	-1.35769	0.0967742	3.85715	0.933181	0.373272	1	0	0	0	0	0	0	0	0	
0.59	0.259259	-1.35769	0.0967742	3.85715	0.933181	0.373272	1	0	0	0	0	0	0	0	0	
0.591	0.259259	-1.35769	0.0967742	3.85715	0.933181	0.373272	1	0	0	0	0	0	0	0	0	
0.592	0.259259	-1.35769	0.0967742	3.85715	0.933181	0.373272	1	0	0	0	0	0	0	0	0	
0.593	0.259259	-1.35769	0.0967742	3.85715	0.933181	0.373272	1	0	0	0	0	0	0	0	0	
0.594	0.259259	-1.35769	0.0967742	3.85715	0.933181	0.373272	1	0	0	0	0	0	0	0	0	
0.595	0.259259	-1.35769	0.0967742	3.85715	0.933181	0.373272	1	0	0	0	0	0	0	0	0	
0.596	0.259259	-1.35769	0.0967742	3.85715	0.933181	0.373272	1	0	0	0	0	0	0	0	0	
0.597	0.259259	-1.35769	0.0967742	3.85715	0.933181	0.373272	1	0	0	0	0	0	0	0	0	
0.598	0.259259	-1.35769	0.0967742	3.85715	0.933181	0.373272	1	0	0	0	0	0	0	0	0	
0.599	0.259259	-1.35769	0.0967742	3.85715	0.933181	0.373272	1	0	0	0	0	0	0	0	0	
0.6	0.259259	-1.35769	0.0967742	3.85715	0.933181	0.373272	1	0	0	0	0	0	0	0	0	
0.601	0.259259	-1.35769	0.0967742	3.85715	0.933181	0.373272	1	0	0	0	0	0	0	0	0	
0.602	0.259259	-1.35769	0.0967742	3.85715	0.933181	0.373272	1	0	0	0	0	0	0	0	0	
0.603	0.259259	-1.35769	0.0967742	3.85715	0.933181	0.373272	1	0	0	0	0	0	0	0	0	
0.604	0.259259	-1.35769	0.0967742	3.85715	0.933181	0.373272	1	0	0	0	0	0	0	0	0	
0.605	0.259259	-1.35769	0.0967742	3.85715	0.933181	0.373272	1	0	0	0	0	0	0	0	0	
0.606	0.259259	-1.35769	0.0967742	3.85715	0.933181	0.373272	1	0	0	0	0	0	0	0	0	
0.607	0.259259	-1.35769	0.0967742	3.85715	0.933181	0.373272	1	0	0	0	0	0	0	0	0	
0.608	0.259259	-1.35769	0.0967742	3.85715	0.933181	0.373272	1	0	0	0	0	0	0	0	0	
0.609	0.259259	-1.35769	0.0967742	3.85715	0.933181	0.373272	1	0	0	0	0	0	0	0	0	
0.61	0.259259	-1.35769	0.0967742	3.85715	0.933181	0.373272	1	0	0	0	0	0	0	0	0	
0.611	0.259259	-1.35769	0.0967742	3.85715	0.933181	0.373272	1	0	0	0	0	0	0	0	0	
0.612	0.259259	-1.35769	0.0967742	3.85715	0.933181	0.373272	1	0	0	0	0	0	0	0	0	
0.613	0.259259	-1.35769	0.0967742	3.85715	0.933181	0.373272	1	0	0	0	0	0	0	0	0	
0.614	0.259259	-1.35769	0.0967742	3.85715	0.933181	0.373272	1	0	0	0	0	0	0	0	0	
0.615	0.259259	-1.35769	0.0967742	3.85715	0.933181	0.373272	1	0	0	0	0	0	0	0	0	
0.616	0.259259	-1.35769	0.0967742	3.85715	0.933181	0.373272	1	0	0	0	0	0	0	0	0	
0.617	0.259259	-1.35769	0.0967742	3.85715	0.933181	0.373272	1	0	0	0	0	0	0	0	0	
0.618	0.259259	-1.35769	0.0967742	3.85715	0.933181	0.373272	1	0	0	0	0	0	0	0	0	
0.619	0.259259	-1.35769	0.0967742	3.85715	0.933181	0.373272	1	0	0	0	0	0	0	0	0	
0.62	0.259259	-1.35769	0.0967742	3.85715	0.933181	0.373272	1	0	0	0	0	0	0	0	0	
0.621	0.259259	-1.35769	0.0967742	3.85715	0.933181	0.373272	1	0	0	0	0	0	0	0	0	
0.622	0.259259	-1.35769	0.0967742	3.85715	0.933181	0.373272	1	0	0	0	0	0	0	0	0	
0.623	0.259259	-1.35769	0.0967742	3.85715	0.933181	0.373272	1	0	0	0	0	0	0	0	0	
0.624	0.259259	-1.35769	0.0967742	3.85715	0.933181	0.373272	1	0	0	0	0	0	0	0	0	
0.625	0.259259	-1.35769	0.0967742	3.85715	0.933181	0.373272	1	0	0	0	0	0	0	0	0	
0.626	0.259259	-1.35769	0.0967742	3.85715	0.933181	0.373272	1	0	0	0	0	0	0	0	0	
0.627	0.259259	-1.35769	0.0967742	3.85715	0.933181	0.373272	1	0	0	0	0	0	0	0	0	
0.628	0.259259	-1.35769	0.0967742	3.85715	0.933181	0.373272	1	0	0	0	0	0	0	0	0	
0.629	0.259259	-1.35769	0.0967742	3.85715	0.933181	0.373272	1	0	0	0	0	0	0	0	0	
0.63	0.259259	-1.35769	0.0967742	3.85715	0.933181	0.373272	1	0	0	0	0	0	0	0	0	
0.631	0.259259	-1.35769	0.0967742	3.85715	0.933181	0.373272	1	0	0	0	0	0	0	0	0	
0.632	0.259259	-1.35769	0.0967742	3.85715	0.933181	0.373272	1	0	0	0	0	0	0	0	0	
0.633	0.259259	-1.35769	0.0967742	3.85715	0.933181	0.373272	1	0	0	0	0	0	0	0	0	
0.634	0.259259	-1.35769	0.0967742	3.85715	0.933181	0.373272	1	0	0	0	0	0	0	0	0	
0.635	0.259259	-1.35769	0.0967742	3.85715	0.933181	0.373272	1	0	0	0	0	0	0	0	0	
0.636	0.259259	-1.35769	0.0967742	3.85715	0.933181	0.373272	1	0	0	0	0	0	0	0	0	
0.637	0.259259	-1.35769	0.0967742	3.85715	0.933181	0.373272	1	0	0	0	0	0	0	0	0	
0.638	0.259259	-1.35769	0.0967742	3.85715	0.933181	0.373272	1	0	0	0	0	0	0	0	0	
0.639	0.259259	-1.35769	0.0967742	3.85715	0.933181	0.373272	1	0	0	0	0	0	0	0	0	
0.64	0.259259	-1.35769	0.0967742	3.85715	0.933181	0.373272	1	0	0	0	0	0	0	0	0	
0.641	0.259259	-1.35769	0.0967742	3.85715	0.933181	0.373272	1	0	0	0	0	0	0	0	0	
0.642	0.259259	-1.35769	0.0967742	3.85715	0.933181	0.373272	1	0	0	0	0	0	0	0	0	
0.643	0.259259	-1.35769	0.0967742	3.85715	0.933181	0.373272	1	0	0	0	0	0	0	0	0	
0.644	0.259259	-1.35769	0.0967742	3.85715	0.933181	0.373272	1	0	0	0	0	0	0	0	0	
0.645	0.259259	-1.35769	0.0967742	3.85715	0.933181	0.373272	1	0	0	0	0	0	0	0	0	
0.646	0.259259	-1.35769	0.0967742	3.85715	0.933181	0.373272	1	0	0	0	0	0	0	0	0	
0.647	0.259259	-1.35769	0.0967742	3.85715	0.933181	0.373272	1	0	0	0	0	0	0	0	0	
0.648	0.259259	-1.35769	0.0967742	3.85715	0.933181	0.373272	1	0	0	0	0	0	0	0	0	
0.649	0.259259	-1.35769	0.0967742	3.85715	0.933181	0.373272	1	0	0	0	0	0	0	0	0	
0.65	0.259259	-1.35769	0.0967742	3.85715	0.933181	0.373272	1	0	0	0	0	0	0	0	0	
0.651	0.259259	-1.35769	0.0967742	3.85715	0.933181	0.373272	1	0	0	0	0	0	0	0	0	
0.652	0.259259	-1.35769	0.0967742	3.85715	0.933181	0.373272	1	0	0	0	0	0	0	0	0	
0.653	0.259259	-1.35769	0.0967742	3.85715	0.933181	0.373272	1	0	0	0	0	0	0	0	0	
0.654	0.259259	-1.35769	0.0967742	3.85715	0.933181	0.373272	1	0	0	0	0	0	0	0	0	
0.655	0.259259	-1.35769	0.0967742	3.85715	0.933181	0.373272	1	0	0	0	0	0	0	0	0	
0.656	0.259259	-1.35769	0.0967742	3.85715	0.933181	0.373272	1	0	0	0	0	0	0	0	0	
0.657	0.259259	-1.35769	0.0967742	3.85715	0.933181	0.373272	1	0	0	0	0	0	0	0	0	
0.658	0.259259	-1.35769	0.0967742	3.85715	0.933181	0.373272	1	0	0	0	0	0	0	0	0	
0.659	0.259259	-1.35769	0.0967742	3.85715	0.933181	0.373272	1	0	0	0	0	0	0	0	0	
0.66	0.259259	-1.35769	0.0967742	3.85715	0.933181	0.373272	1	0	0	0	0	0	0	0	0	
0.661	0.259259	-1.35769	0.0967742	3.85715	0.933181	0.373272	1	0	0	0	0	0	0	0	0	
0.662	0.259259	-1.35769	0.0967742	3.85715	0.933181	0.373272	1	0	0	0	0	0	0	0	0	
0.663	0.259259	-1.35769	0.0967742	3.85715	0.933181	0.373272	1	0	0	0	0	0	0	0	0	
0.664	0.259259	-1.35769	0.0967742	3.85715	0.933181	0.373272	1	0	0	0	0	0	0	0	0	
0.665	0.259259	-1.35769	0.0967742	3.85715	0.933181	0.373272	1	0	0	0	0	0	0	0	0	
0.666	0.259259	-1.35769	0.0967742	3.85715	0.933181	0.373272	1	0	0	0	0	0	0	0	0	
0.667	0.259259	-1.35769	0.0967742	3.85715	0.933181	0.373272	1	0	0	0	0	0	0	0	0	
0.668	0.259259	-1.35769	0.0967742	3.85715	0.933181	0.373272	1	0	0	0	0	0	0	0	0	
0.669	0.259259	-1.35769	0.0967742	3.85715	0.933181	0.373272	1	0	0	0	0	0	0	0	0	
0.67	0.259259	-1.35769	0.0967742	3.85715	0.933181	0.373272	1	0	0	0	0	0	0	0	0	
0.671	0.259259	-1.35769	0.0967742	3.85715	0.933181	0.373272	1	0	0	0	0	0	0	0	0	
0.672	0.259259	-1.35769	0.0967742	3.85715	0.933181	0.373272	1	0	0	0	0	0	0	0	0	
0.673	0.259259	-1.35769	0.0967742	3.85715	0.933181	0.373272	1	0	0	0	0	0	0	0	0	
0.674	0.259259	-1.35769	0.0967742	3.85715	0.933181	0.373272	1	0	0	0	0	0	0	0	0	
0.675	0.259259	-1.35769	0.0967742	3.85715	0.933181	0.373272	1	0	0	0	0	0	0	0	0	
0.676	0.259259	-1.35769	0.0967742	3.85715	0.933181	0.373272	1	0	0	0	0	0	0	0	0	
0.677	0.259259	-1.35769	0.0967742	3.85715	0.933181	0.373272	1	0	0	0	0	0	0	0	0	
0.678	0.259259	-1.35769	0.0967742	3.85715	0.933181	0.373272	1	0	0	0	0	0	0	0	0	
0.679	0.259259	-1.35769	0.0967742	3.85715	0.933181	0.373272	1	0	0	0	0	0	0	0	0	
0.68	0.259259	-1.35769	0.0967742	3.85715	0.933181	0.373272	1	0	0	0	0	0	0	0	0	
0.681	0.259259	-1.35769	0.0967742	3.85715	0.933181	0.373272	1	0	0	0	0	0	0	0	0	
0.682	0.259259	-1.35769	0.0967742	3.85715	0.933181	0.373272	1	0	0	0	0	0	0	0	0	
0.683	0.259259	-1.35769	0.0967742	3.85715	0.933181	0.373272	1	0	0	0	0	0	0	0	0	
0.684	0.259259	-1.35769	0.0967742	3.85715	0.933181	0.373272	1	0	0	0	0	0	0	0	0	
0.685	0.259259	-1.35769	0.0967742	3.85715	0.933181	0.373272	1	0	0	0	0	0	0	0	0	
0.686	0.259259	-1.35769	0.0967742	3.85715	0.933181	0.373272	1	0	0	0	0	0	0	0	0	
0.687	0.259259	-1.35769	0.0967742	3.85715	0.933181	0.373272	1	0	0	0	0	0	0	0	0	
0.688	0.259259	-1.35769	0.0967742	3.85715	0.933181	0.373272	1	0	0	0	0	0	0	0	0	
0.689	0.259259	-1.35769	0.0967742	3.85715	0.933181	0.373272	1	0	0	0	0	0	0	0	0	
0.69	0.259259	-1.35769	0.0967742	3.85715	0.933181	0.373272	1	0	0	0	0	0	0	0	0	
0.691	0.259259	-1.35769	0.0967742	3.85715	0.933181	0.373272	1	0	0	0	0	0	0	0	0	
0.692	0.259259	-1.35769	0.0967742	3.85715	0.933181	0.373272	1	0	0	0	0	0	0	0	0	
0.693	0.259259	-1.35769	0.0967742	3.85715	0.933181	0.373272	1	0	0	0	0	0	0	0	0	
0.694	0.259259	-1.35769	0.0967742	3.85715	0.933181	0.373272	1	0	0	0	0	0	0	0	0	
0.695	0.259259	-1.35769	0.0967742	3.85715	0.933181	0.373272	1	0	0	0	0	0	0	0	0	
0.696	0.259259	-1.35769	0.0967742	3.85715	0.933181	0.373272	1	0	0	0	0	0	0	0	0	
0.697	0.259259	-1.35769	0.0967742	3.85715	0.933181	0.373272	1	0	0	0	0	0	0	0	0	
0.698	0.259259	-1.35769	0.0967742	3.85715	0.933181	0.373272	1	0	0	0	0	0	0	0	0	
0.699	0.259259	-1.35769	0.0967742	3.85715	0.933181	0.373272	1	0	0	0	0	0	0	0	0	
0.7	0.259259	-1.35769	0.0967742	3.85715	0.933181	0.373272	1	0	0	0	0	0	0	0	0	
0.701	0.259259	-1.35769	0.0967742	3.85715	0.933181	0.373272	1	0	0	0	0	0	0	0	0	
0.702	0.259259	-1.35769	0.0967742	3.85715	0.933181	0.373272	1	0	0	0	0	0	0	0	0	
0.703	0.259259	-1.35769	0.0967742	3.85715	0.933181	0.373272	1	0	0	0	0	0	0	0	0	
0.704	0.259259	-1.35769	0.0967742	3.85715	0.933181	0.373272	1	0	0	0	0	0	0	0	0	
0.705	0.259259	-1.35769	0.0967742	3.85715	0.933181	0.373272	1	0	0	0	0	0	0	0	0	
0.706	0.259259	-1.35769	0.0967742	3.85715	0.933181	0.373272	1	0	0	0	0	0	0	0	0	
0.707	0.259259	-1.35769	0.0967742	3.85715	0.933181	0.373272	1	0	0	0	0	0	0	0	0	
0.708	0.259259	-1.35769	0.0967742	3.85715	0.933181	0.373272	1	0	0	0	0	0	0	0	0	
0.709	0.259259	-1.35769	0.0967742	3.85715	0.933181	0.373272	1	0	0	0	0	0	0	0	0	
0.71	0.259259	-1.35769	0.0967742	3.85715	0.933181	0.373272	1	0	0	0	0	0	0	0	0	
0.711	0.259259	-1.35769	0.0967742	3.85715	0.933181	0.373272	1	0	0	0	0	0	0	0	0	
0.712	0.259259	-1.35769	0.0967742	3.85715	0.933181	0.373272	1	0	0	0	0	0	0	0	0	
0.713	0.259259	-1.35769	0.0967742	3.85715	0.933181	0.373272	1	0	0	0	0	0	0	0	0	
0.714	0.259259	-1.35769	0.0967742	3.85715	0.933181	0.373272	1	0	0	0	0	0	0	0	0	
0.715	0.259259	-1.35769	0.0967742	3.85715	0.933181	0.373272	1	0	0	0	0	0	0	0	0	
0.716	0.259259	-1.35769	0.0967742	3.85715	0.933181	0.373272	1	0	0	0	0	0	0	0	0	
0.717	0.259259	-1.35769	0.0967742	3.85715	0.933181	0.373272	1	0	0	0	0	0	0	0	0	
0.718	0.259259	-1.35769	0.0967742	3.85715	0.933181	0.373272	1	0	0	0	0	0	0	0	0	
0.719	0.259259	-1.35769	0.0967742	3.85715	0.933181	0.373272	1	0	0	0	0	0	0	0	0	
0.72	0.259259	-1.35769	0.0967742	3.85715	0.933181	0.373272	1	0	0	0	0	0	0	0	0	
0.721	0.259259	-1.35769	0.0967742	3.85715	0.933181	0.373272	1	0	0	0	0	0	0	0	0	
0.722	0.259259	-1.35769	0.0967742	3.85715	0.933181	0.373272	1	0	0	0	0	0	0	0	0	
0.723	0.259259	-1.35769	0.0967742	3.85715	0.933181	0.373272	1	0	0	0	0	0	0	0	0	
0.724	0.259259	-1.35769	0.0967742	3.85715	0.933181	0.373272	1	0	0	0	0	0	0	0	0	
0.725	0.259259	-1.35769	0.0967742	3.85715	0.933181	0.373272	1	0	0	0	0	0	0	0	0	
0.726	0.259259	-1.35769	0.0967742	3.85715	0.933181	0.373272	1	0	0	0	0	0	0	0	0	
0.727	0.259259	-1.35769	0.0967742	3.85715	0.933181	0.373272	1	0	0	0	0	0	0	0	0	
0.728	0.259259	-1.35769	0.0967742	3.85715	0.933181	0.373272	1	0	0	0	0	0	0	0	0	
0.729	0.259259	-1.35769	0.0967742	3.85715	0.933181	0.373272	1	0	0	0	0	0	0	0	0	
0.73	0.259259	-1.35769	0.0967742	3.85715	0.933181	0.373272	1	0	0	0	0	0	0	0	0	
0.731	0.259259	-1.35769	0.0967742	3.85715	0.933181	0.373272	1	0	0	0	0	0	0	0	0	
0.732	0.259259	-1.35769	0.0967742	3.85715	0.933181	0.373272	1	0	0	0	0	0	0	0	0	
0.733	0.259259	-1.35769	0.0967742	3.85715	0.933181	0.373272	1	0	0	0	0	0	0	0	0	
0.734	0.259259	-1.35769	0.0967742	3.85715	0.933181	0.373272	1	0	0	0	0	0	0	0	0	
0.735	0.259259	-1.35769	0.0967742	3.85715	0.933181	0.373272	1	0	0	0	0	0	0	0	0	
0.736	0.259259	-1.35769	0.0967742	3.85715	0.933181	0.373272	1	0	0	0	0	0	0	0	0	
0.737	0.259259	-1.35769	0.0967742	3.85715	0.933181	0.373272	1	0	0	0	0	0	0	0	0	
0.738	0.259259	-1.35769	0.0967742	3.85715	0.933181	0.373272	1	0	0	0	0	0	0	0	0	
0.739	0.259259	-1.35769	0.0967742	3.85715	0.933181	0.373272	1	0	0	0	0	0	0	0	0	
0.74	0.259259	-1.35769	0.0967742	3.85715	0.933181	0.373272	1	0	0	0	0	0	0	0	0	
0.741	0.259259	-1.35769	0.0967742	3.85715	0.933181	0.373272	1	0	0	0	0	0	0	0	0	
0.742	0.259259	-1.35769	0.0967742	3.85715	0.933181	0.373272	1	0	0	0	0	0	0	0	0	
0.743	0.259259	-1.35769	0.0967742	3.85715	0.933181	0.373272	1	0	0	0	0	0	0	0	0	
0.744	0.259259	-1.35769	0.0967742	3.85715	0.933181	0.373272	1	0	0	0	0	0	0	0	0	
0.745	0.259259	-1.35769	0.0967742	3.85715	0.933181	0.373272	1	0	0	0	0	0	0	0	0	
0.746	0.259259	-1.35769	0.0967742	3.85715	0.933181	0.373272	1	0	0	0	0	0	0	0	0	
0.747	0.259259	-1.35769	0.0967742	3.85715	0.933181	0.373272	1	0	0	0	0	0	0	0	0	
0.748	0.259259	-1.35769	0.0967742	3.85715	0.933181	0.373272	1	0	0	0	0	0	0	0	0	
0.749	0.259259	-1.35769	0.0967742	3.85715	0.933181	0.373272	1	0	0	0	0	0	0	0	0	
0.75	0.259259	-1.35769	0.0967742	3.85715	0.933181	0.373272	1	0	0	0	0	0	0	0	0	
0.751	0.259259	-1.35769	0.0967742	3.85715	0.933181	0.373272	1	0	0	0	0	0	0	0	0	
0.752	0.259259	-1.35769	0.0967742	3.85715	0.933181	0.373272	1	0	0	0	0	0	0	0	0	
0.753	0.259259	-1.35769	0.0967742	3.85715	0.933181	0.373272	1	0	0	0	0	0	0	0	0	
0.754	0.259259	-1.35769	0.0967742	3.85715	0.933181	0.373272	1	0	0	0	0	0	0	0	0	
0.755	0.259259	-1.35769	0.0967742	3.85715	0.933181	0.373272	1	0	0	0	0	0	0	0	0	
0.756	0.259259	-1.35769	0.0967742	3.85715	0.933181	0.373272	1	0	0	0	0	0	0	0	0	
0.757	0.259259	-1.35769	0.0967742	3.85715	0.933181	0.373272	1	0	0	0	0	0	0	0	0	
0.758	0.259259	-1.35769	0.0967742	3.85715	0.933181	0.373272	1	0	0	0	0	0	0	0	0	
0.759	0.259259	-1.35769	0.0967742	3.85715	0.933181	0.373272	1	0	0	0	0	0	0	0	0	
0.76	0.259259	-1.35769	0.0967742	3.85715	0.933181	0.373272	1	0	0	0	0	0	0	0	0	
0.761	0.259259	-1.35769	0.0967742	3.85715	0.933181	0.373272	1	0	0	0	0	0	0	0	0	
0.762	0.259259	-1.35769	0.0967742	3.85715	0.933181	0.373272	1	0	0	0	0	0	0	0	0	
0.763	0.259259	-1.35769	0.0967742	3.85715	0.933181	0.373272	1	0	0	0	0	0	0	0	0	
0.764	0.259259	-1.35769	0.0967742	3.85715	0.933181	0.373272	1	0	0	0	0	0	0	0	0	
0.765	0.259259	-1.35769	0.0967742	3.85715	0.933181	0.373272	1	0	0	0	0	0	0	0	0	
0.766	0.259259	-1.35769	0.0967742	3.85715	0.933181	0.373272	1	0	0	0	0	0	0	0	0	
0.767	0.259259	-1.35769	0.0967742	3.85715	0.933181	0.373272	1	0	0	0	0	0	0	0	0	
0.768	0.259259	-1.35769	0.0967742	3.85715	0.933181	0.373272	1	0	0	0	0	0	0	0	0	
0.769	0.259259	-1.35769	0.0967742	3.85715	0.933181	0.373272	1	0	0	0	0	0	0	0	0	
0.77	0.259259	-1.35769	0.0967742	3.85715	0.933181	0.373272	1	0	0	0	0	0	0	0	0	
0.771	0.259259	-1.35769	0.0967742	3.85715	0.933181	0.373272	1	0	0	0	0	0	0	0	0	
0.772	0.259259	-1.35769	0.0967742	3.85715	0.933181	0.373272	1	0	0	0	0	0	0	0	0	
0.773	0.259259	-1.35769	0.0967742	3.85715	0.933181	0.373272	1	0	0	0	0	0	0	0	0	
0.774	0.259259	-1.35769	0.0967742	3.85715	0.933181	0.373272	1	0	0	0	0	0	0	0	0	
0.775	0.259259	-1.35769	0.0967742	3.85715	0.933181	0.373272	1	0	0	0	0	0	0	0	0	
0.776	0.259259	-1.35769	0.0967742	3.85715	0.933181	0.373272	1	0	0	0	0	0	0	0	0	
0.777	0.259259	-1.35769	0.0967742	3.85715	0.933181	0.373272	1	0	0	0	0	0	0	0	0	
0.778	0.259259	-1.35769	0.0967742	3.85715	0.933181	0.373272	1	0	0	0	0	0	0	0	0	
0.779	0.259259	-1.35769	0.0967742	3.85715	0.933181	0.373272	1	0	0	0	0	0	0	0	0	
0.78	0.259259	-1.35769	0.0967742	3.85715	0.933181	0.373272	1	0	0	0	0	0	0	0	0	
0.781	0.259259	-1.35769	0.0967742	3.85715	0.933181	0.373272	1	0	0	0	0	0	0	0	0	
0.782	0.259259	-1.35769	0.0967742	3.85715	0.933181	0.373272	1	0	0	0	0	0	0	0	0	
0.783	0.259259	-1.35769	0.0967742	3.85715	0.933181	0.373272	1	0	0	0	0	0	0	0	0	
0.784	0.259259	-1.35769	0.0967742	3.85715	0.933181	0.373272	1	0	0	0	0	0	0	0	0	
0.785	0.259259	-1.35769	0.0967742	3.85715	0.933181	0.373272	1	0	0	0	0	0	0	0	0	
0.786	0.259259	-1.35769	0.0967742	3.85715	0.933181	0.373272	1	0	0	0	0	0	0	0	0	
0.787	0.259259	-1.35769	0.0967742	3.85715	0.933181	0.373272	1	0	0	0	0	0	0	0	0	
0.788	0.259259	-1.35769	0.0967742	3.85715	0.933181	0.373272	1	0	0	0	0	0	0	0	0	
0.789	0.259259	-1.35769	0.0967742	3.85715	0.933181	0.373272	1	0	0	0	0	0	0	0	0	
0.79	0.259259	-1.35769	0.0967742	3.85715	0.933181	0.373272	1	0	0	0	0	0	0	0	0	
0.791	0.259259	-1.35769	0.0967742	3.85715	0.933181	0.373272	1	0	0	0	0	0	0	0	0	
0.792	0.259259	-1.35769	0.0967742	3.85715	0.933181	0.373272	1	0	0	0	0	0	0	0	0	
0.793	0.259259	-1.35769	0.0967742	3.85715	0.933181	0.373272	1	0	0	0	0	0	0	0	0	
0.794	0.259259	-1.35769	0.0967742	3.85715	0.933181	0.373272	1	0	0	0	0	0	0	0	0	
0.795	0.259259	-1.35769	0.0967742	3.85715	0.933181	0.373272	1	0	0	0	0	0	0	0	0	
0.796	0.259259	-1.35769	0.0967742	3.85715	0.933181	0.373272	1	0	0	0	0	0	0	0	0	
0.797	0.259259	-1.35769	0.0967742	3.85715	0.933181	0.373272	1	0	0	0	0	0	0	0	0	
0.798	0.259259	-1.35769	0.0967742	3.85715	0.933181	0.373272	1	0	0	0	0	0	0	0	0	
0.799	0.259259	-1.35769	0.0967742	3.85715	0.933181	0.373272	1	0	0	0	0	0	0	0	0	
0.8	0.259259	-1.35769	0.0967742	3.85715	0.933181	0.373272	1	0	0	0	0	0	0	0	0	
0.801	0.259259	-1.35769	0.0967742	3.85715	0.933181	0.373272	1	0	0	0	0	0	0	0	0	
0.802	0.259259	-1.35769	0.0967742	3.85715	0.933181	0.373272	1	0	0	0	0	0	0	0	0	
0.803	0.259259	-1.35769	0.0967742	3.85715	0.933181	0.373272	1	0	0	0	0	0	0	0	0	
0.804	0.259259	-1.35769	0.0967742	3.85715	0.933181	0.373272	1	0	0	0	0	0	0	0	0	
0.805	0.259259	-1.35769	0.0967742	3.85715	0.933181	0.373272	1	0	0	0	0	0	0	0	0	
0.806	0.259259	-1.35769	0.0967742	3.85715	0.933181	0.373272	1	0	0	0	0	0	0	0	0	
0.807	0.259259	-1.35769	0.0967742	3.85715	0.933181	0.373272	1	0	0	0	0	0	0	0	0	
0.808	0.259259	-1.35769	0.0967742	3.85715	0.933181	0.373272	1	0	0	0	0	0	0	0	0	
0.809	0.259259	-1.35769	0.0967742	3.85715	0.933181	0.373272	1	0	0	0	0	0	0	0	0	
0.81	0.259259	-1.35769	0.0967742	3.85715	0.933181	0.373272	1	0	0	0	0	0	0	0	0	
0.811	0.259259	-1.35769	0.0967742	3.85715	0.933181	0.373272	1	0	0	0	0	0	0	0	0	
0.812	0.259259	-1.35769	0.0967742	3.85715	0.933181	0.373272	1	0	0	0	0	0	0	0	0	
0.813	0.259259	-1.35769	0.0967742	3.85715	0.933181	0.373272	1	0	0	0	0	0	0	0	0	
0.814	0.259259	-1.35769	0.0967742	3.85715	0.933181	0.373272	1	0	0	0	0	0	0	0	0	
0.815	0.259259	-1.35769	0.0967742	3.85715	0.933181	0.373272	1	0	0	0	0	0	0	0	0	
0.816	0.259259	-1.35769	0.0967742	3.85715	0.933181	0.373272	1	0	0	0	0	0	0	0	0	
0.817	0.259259	-1.35769	0.0967742	3.85715	0.933181	0.373272	1	0	0	0	0	0	0	0	0	
0.818	0.259259	-1.35769	0.0967742	3.85715	0.933181	0.373272	1	0	0	0	0	0	0	0	0	
0.819	0.259259	-1.35769	0.0967742	3.85715	0.933181	0.373272	1	0	0	0	0	0	0	0	0	
0.82	0.259259	-1.35769	0.0967742	3.85715	0.933181	0.373272	1	0	0	0	0	0	0	0	0	
0.821	0.259259	-1.35769	0.0967742	3.85715	0.933181	0.373272	1	0	0	0	0	0	0	0	0	
0.822	0.259259	-1.35769	0.0967742	3.85715	0.933181	0.373272	1	0	0	0	0	0	0	0	0	
0.823	0.259259	-1.35769	0.0967742	3.85715	0.933181	0.373272	1	0	0	0	0	0	0	0	0	
0.824	0.259259	-1.35769	0.0967742	3.85715	0.933181	0.373272	1	0	0	0	0	0	0	0	0	
0.825	0.259259	-1.35769	0.0967742	3.85715	0.933181	0.373272	1	0	0	0	0	0	0	0	0	
0.826	0.259259	-1.35769	0.0967742	3.85715	0.933181	0.373272	1	0	0	0	0	0	0	0	0	
0.827	0.259259	-1.35769	0.0967742	3.85715	0.933181	0.373272	1	0	0	0	0	0	0	0	0	
0.828	0.259259	-1.35769	0.0967742	3.85715	0.933181	0.373272	1	0	0	0	0	0	0	0	0	
0.829	0.259259	-1.35769	0.0967742	3.85715	0.933181	0.373272	1	0	0	0	0	0	0	0	0	
0.83	0.259259	-1.35769	0.0967742	3.85715	0.933181	0.373272	1	0	0	0	0	0	0	0	0	
0.831	0.259259	-1.35769	0.0967742	3.85715	0.933181	0.373272	1	0	0	0	0	0	0	0	0	
0.832	0.259259	-1.35769	0.0967742	3.85715	0.933181	0.373272	1	0	0	0	0	0	0	0	0	
0.833	0.259259	-1.35769	0.0967742	3.85715	0.933181	0.373272	1	0	0	0	0	0	0	0	0	
0.834	0.259259	-1.35769	0.0967742	3.85715	0.933181	0.373272	1	0	0	0	0	0	0	0	0	
0.835	0.259259	-1.35769	0.0967742	3.85715	0.933181	0.373272	1	0	0	0	0	0	0	0	0	
0.836	0.259259	-1.35769	0.0967742	3.85715	0.933181	0.373272	1	0	0	0	0	0	0	0	0	
0.837	0.259259	-1.35769	0.0967742	3.85715	0.933181	0.373272	1	0	0	0	0	0	0	0	0	
0.838	0.259259	-1.35769	0.0967742	3.85715	0.933181	0.373272	1	0	0	0	0	0	0	0	0	
0.839	0.259259	-1.35769	0.0967742	3.85715	0.933181	0.373272	1	0	0	0	0	0	0	0	0	
0.84	0.259259	-1.35769	0.0967742	3.85715	0.933181	0.373272	1	0	0	0	0	0	0	0	0	
0.841	0.259259	-1.35769	0.0967742	3.85715	0.933181	0.373272	1	0	0	0	0	0	0	0	0	
0.842	0.259259	-1.35769	0.0967742	3.85715	0.933181	0.373272	1	0	0	0	0	0	0	0	0	
0.843	0.259259	-1.35769	0.0967742	3.85715	0.933181	0.373272	1	0	0	0	0	0	0	0	0	
0.844	0.259259	-1.35769	0.0967742	3.85715	0.933181	0.373272	1	0	0	0	0	0	0	0	0	
0.845	0.259259	-1.35769	0.0967742	3.85715	0.933181	0.373272	1	0	0	0	0	0	0	0	0	
0.846	0.259259	-1.35769	0.0967742	3.85715	0.933181	0.373272	1	0	0	0	0	0	0	0	0	
0.847	0.259259	-1.35769	0.0967742	3.85715	0.933181	0.373272	1	0	0	0	0	0	0	0	0	
0.848	0.259259	-1.35769	0.0967742	3.85715	0.933181	0.373272	1	0	0	0	0	0	0	0	0	
0.849	0.259259	-1.35769	0.0967742	3.85715	0.933181	0.373272	1	0	0	0	0	0	0	0	0	
0.85	0.259259	-1.35769	0.0967742	3.85715	0.933181	0.373272	1	0	0	0	0	0	0	0	0	
0.851	0.259259	-1.35769	0.0967742	3.85715	0.933181	0.373272	1	0	0	0	0	0	0	0	0	
0.852	0.259259	-1.35769	0.0967742	3.85715	0.933181	0.373272	1	0	0	0	0	0	0	0	0	
0.853	0.259259	-1.35769	0.0967742	3.85715	0.933181	0.373272	1	0	0	0	0	0	0	0	0	
0.854	0.259259	-1.35769	0.0967742	3.85715	0.933181	0.373272	1	0	0	0	0	0	0	0	0	
0.855	0.259259	-1.35769	0.0967742	3.85715	0.933181	0.373272	1	0	0	0	0	0	0	0	0	
0.856	0.259259	-1.35769	0.0967742	3.85715	0.933181	0.373272	1	0	0	0	0	0	0	0	0	
0.857	0.259259	-1.35769	0.0967742	3.85715	0.933181	0.373272	1	0	0	0	0	0	0	0	0	
0.858	0.259259	-1.35769	0.0967742	3.85715	0.933181	0.373272	1	0	0	0	0	0	0	0	0	
0.859	0.259259	-1.35769	0.0967742	3.85715	0.933181	0.373272	1	0	0	0	0	0	0	0	0	
0.86	0.259259	-1.35769	0.0967742	3.85715	0.933181	0.373272	1	0	0	0	0	0	0	0	0	
0.861	0.259259	-1.35769	0.0967742	3.85715	0.933181	0.373272	1	0	0	0	0	0	0	0	0	
0.862	0.259259	-1.35769	0.0967742	3.85715	0.933181	0.373272	1	0	0	0	0	0	0	0	0	
0.863	0.259259	-1.35769	0.0967742	3.85715	0.933181	0.373272	1	0	0	0	0	0	0	0	0	
0.864	0.259259	-1.35769	0.0967742	3.85715	0.933181	0.373272	1	0	0	0	0	0	0	0	0	
0.865	0.259259	-1.35769	0.0967742	3.85715	0.933181	0.373272	1	0	0	0	0	0	0	0	0	
0.866	0.259259	-1.35769	0.0967742	3.85715	0.933181	0.373272	1	0	0	0	0	0	0	0	0	
0.867	0.259259	-1.35769	0.0967742	3.85715	0.933181	0.373272	1	0	0	0	0	0	0	0	0	
0.868	0.259259	-1.35769	0.0967742	3.85715	0.933181	0.373272	1	0	0	0	0	0	0	0	0	
0.869	0.259259	-1.35769	0.0967742	3.85715	0.933181	0.373272	1	0	0	0	0	0	0	0	0	
0.87	0.259259	-1.35769	0.0967742	3.85715	0.933181	0.373272	1	0	0	0	0	0	0	0	0	
0.871	0.259259	-1.35769	0.0967742	3.85715	0.933181	0.373272	1	0	0	0	0	0	0	0	0	
0.872	0.259259	-1.35769	0.0967742	3.85715	0.933181	0.373272	1	0	0	0	0	0	0	0	0	
0.873	0.259259	-1.35769	0.0967742	3.85715	0.933181	0.373272	1	0	0	0	0	0	0	0	0	
0.874	0.259259	-1.35769	0.0967742	3.85715	0.933181	0.373272	1	0	0	0	0	0	0	0	0	
0.875	0.259259	-1.35769	0.0967742	3.85715	0.933181	0.373272	1	0	0	0	0	0	0	0	0	
0.876	0.259259	-1.35769	0.0967742	3.85715	0.933181	0.373272	1	0	0	0	0	0	0	0	0	
0.877	0.259259	-1.35769	0.0967742	3.85715	0.933181	0.373272	1	0	0	0	0	0	0	0	0	
0.878	0.259259	-1.35769	0.0967742	3.85715	0.933181	0.373272	1	0	0	0	0	0	0	0	0	
0.879	0.259259	-1.35769	0.0967742	3.85715	0.933181	0.373272	1	0	0	0	0	0	0	0	0	
0.88	0.259259	-1.35769	0.0967742	3.85715	0.933181	0.373272	1	0	0	0	0	0	0	0	0	
0.881	0.259259	-1.35769	0.0967742	3.85715	0.933181	0.373272	1	0	0	0	0	0	0	0	0	
0.882	0.259259	-1.35769	0.0967742	3.85715	0.933181	0.373272	1	0	0	0	0	0	0	0	0	
0.883	0.259259	-1.35769	0.0967742	3.85715	0.933181	0.373272	1	0	0	0	0	0	0	0	0	
0.884	0.259259	-1.35769	0.0967742	3.85715	0.933181	0.373272	1	0	0	0	0	0	0	0	0	
0.885	0.259259	-1.35769	0.0967742	3.85715	0.933181	0.373272	1	0	0	0	0	0	0	0	0	
0.886	0.259259	-1.35769	0.0967742	3.85715	0.933181	0.373272	1	0	0	0	0	0	0	0	0	
0.887	0.259259	-1.35769	0.0967742	3.85715	0.933181	0.373272	1	0	0	0	0	0	0	0	0	
0.888	0.259259	-1.35769	0.0967742	3.85715	0.933181	0.373272	1	0	0	0	0	0	0	0	0	
0.889	0.259259	-1.35769	0.0967742	3.85715	0.933181	0.373272	1	0	0	0	0	0	0	0	0	
0.89	0.259259	-1.35769	0.0967742	3.85715	0.933181	0.373272	1	0	0	0	0	0	0	0	0	
0.891	0.259259	-1.35769	0.0967742	3.85715	0.933181	0.373272	1	0	0	0	0	0	0	0	0	
0.892	0.259259	-1.35769	0.0967742	3.85715	0.933181	0.373272	1	0	0	0	0	0	0	0	0	
0.893	0.259259	-1.35769	0.0967742	3.85715	0.933181	0.373272	1	0	0	0	0	0	0	0	0	
0.894	0.259259	-1.35769	0.0967742	3.85715	0.933181	0.373272	1	0	0	0	0	0	0	0	0	
0.895	0.259259	-1.35769	0.0967742	3.85715	0.933181	0.373272	1	0	0	0	0	0	0	0	0	
0.896	0.259259	-1.35769	0.0967742	3.85715	0.933181	0.373272	1	0	0	0	0	0	0	0	0	
0.897	0.259259	-1.35769	0.0967742	3.85715	0.933181	0.373272	1	0	0	0	0	0	0	0	0	
0.898	0.259259	-1.35769	0.0967742	3.85715	0.933181	0.373272	1	0	0	0	0	0	0	0	0	
0.899	0.259259	-1.35769	0.0967742	3.85715	0.933181	0.373272	1	0	0	0	0	0	0	0	0	
0.9	0.259259	-1.35769	0.0967742	3.85715	0.933181	0.373272	1	0	0	0	0	0	0	0	0	
0.901	0.259259	-1.35769	0.0967742	3.85715	0.933181	0.373272	1	0	0	0	0	0	0	0	0	
0.902	0.259259	-1.35769	0.0967742	3.85715	0.933181	0.373272	1	0	0	0	0	0	0	0	0	
0.903	0.259259	-1.35769	0.0967742	3.85715	0.933181	0.373272	1	0	0	0	0	0	0	0	0	
0.904	0.259259	-1.35769	0.0967742	3.85715	0.933181	0.373272	1	0	0	0	0	0	0	0	0	
0.905	0.259259	-1.35769	0.0967742	3.85715	0.933181	0.373272	1	0	0	0	0	0	0	0	0	
0.906	0.259259	-1.35769	0.0967742	3.85715	0.933181	0.373272	1	0	0	0	0	0	0	0	0	
0.907	0.259259	-1.35769	0.0967742	3.85715	0.933181	0.373272	1	0	0	0	0	0	0	0	0	
0.908	0.259259	-1.35769	0.0967742	3.85715	0.933181	0.373272	1	0	0	0	0	0	0	0	0	
0.909	0.259259	-1.35769	0.0967742	3.85715	0.933181	0.373272	1	0	0	0	0	0	0	0	0	
0.91	0.259259	-1.35769	0.0967742	3.85715	0.933181	0.373272	1	0	0	0	0	0	0	0	0	
0.911	0.259259	-1.35769	0.0967742	3.85715	0.933181	0.373272	1	0	0	0	0	0	0	0	0	
0.912	0.259259	-1.35769	0.0967742	3.85715	0.933181	0.373272	1	0	0	0	0	0	0	0	0	
0.913	0.259259	-1.35769	0.0967742	3.85715	0.933181	0.373272	1	0	0	0	0	0	0	0	0	
0.914	0.259259	-1.35769	0.0967742	3.85715	0.933181	0.373272	1	0	0	0	0	0	0	0	0	
0.915	0.259259	-1.35769	0.0967742	3.85715	0.933181	0.373272	1	0	0	0	0	0	0	0	0	
0.916	0.259259	-1.35769	0.0967742	3.85715	0.933181	0.373272	1	0	0	0	0	0	0	0	0	
0.917	0.259259	-1.35769	0.0967742	3.85715	0.933181	0.373272	1	0	0	0	0	0	0	0	0	
0.918	0.259259	-1.35769	0.0967742	3.85715	0.933181	0.373272	1	0	0	0	0	0	0	0	0	
0.919	0.259259	-1.35769	0.0967742	3.85715	0.933181	0.373272	1	0	0	0	0	0	0	0	0	
0.92	0.259259	-1.35769	0.0967742	3.85715	0.933181	0.373272	1	0	0	0	0	0	0	0	0	
0.921	0.259259	-1.35769	0.0967742	3.85715	0.933181	0.373272	1	0	0	0	0	0	0	0	0	
0.922	0.259259	-1.35769	0.0967742	3.85715	0.933181	0.373272	1	0	0	0	0	0	0	0	0	
0.923	0.259259	-1.35769	0.0967742	3.85715	0.933181	0.373272	1	0	0	0	0	0	0	0	0	
0.924	0.259259	-1.35769	0.0967742	3.85715	0.933181	0.373272	1	0	0	0	0	0	0	0	0	
0.925	0.259259	-1.35769	0.0967742	3.85715	0.933181	0.373272	1	0	0	0	0	0	0	0	0	
0.926	0.259259	-1.35769	0.0967742	3.85715	0.933181	0.373272	1	0	0	0	0	0	0	0	0	
0.927	0.259259	-1.35769	0.0967742	3.85715	0.933181	0.373272	1	0	0	0	0	0	0	0	0	
0.928	0.259259	-1.35769	0.0967742	3.85715	0.933181	0.373272	1	0	0	0	0	0	0	0	0	
0.929	0.259259	-1.35769	0.0967742	3.85715	0.933181	0.373272	1	0	0	0	0	0	0	0	0	
0.93	0.259259	-1.35769	0.0967742	3.85715	0.933181	0.373272	1	0	0	0	0	0	0	0	0	
0.931	0.259259	-1.35769	0.0967742	3.85715	0.933181	0.373272	1	0	0	0	0	0	0	0	0	
0.932	0.259259	-1.35769	0.0967742	3.85715	0.933181	0.373272	1	0	0	0	0	0	0	0	0	
0.933	0.259259	-1.35769	0.0967742	3.85715	0.933181	0.373272	1	0	0	0	0	0	0	0	0	
0.934	0.259259	-1.35769	0.0967742	3.85715	0.933181	0.373272	1	0	0	0	0	0	0	0	0	
0.935	0.259259	-1.35769	0.0967742	3.85715	0.933181	0.373272	1	0	0	0	0	0	0	0	0	
0.936	0.259259	-1.35769	0.0967742	3.85715	0.933181	0.373272	1	0	0	0	0	0	0	0	0	
0.937	0.259259	-1.35769	0.0967742	3.85715	0.933181	0.373272	1	0	0	0	0	0	0	0	0	
0.938	0.259259	-1.35769	0.0967742	3.85715	0.933181	0.373272	1	0	0	0	0	0	0	0	0	
0.939	0.259259	-1.35769	0.0967742	3.85715	0.933181	0.373272	1	0	0	0	0	0	0	0	0	
0.94	0.259259	-1.35769	0.0967742	3.85715	0.933181	0.373272	1	0	0	0	0	0	0	0	0	
0.941	0.259259	-1.35769	0.0967742	3.85715	0.933181	0.373272	1	0	0	0	0	0	0	0	0	
0.942	0.259259	-1.35769	0.0967742	3.85715	0.933181	0.373272	1	0	0	0	0	0	0	0	0	
0.943	0.259259	-1.35769	0.0967742	3.85715	0.933181	0.373272	1	0	0	0	0	0	0	0	0	
0.944	0.259259	-1.35769	0.0967742	3.85715	0.933181	0.373272	1	0	0	0	0	0	0	0	0	
0.945	0.259259	-1.35769	0.0967742	3.85715	0.933181	0.373272	1	0	0	0	0	0	0	0	0	
0.946	0.259259	-1.35769	0.0967742	3.85715	0.933181	0.373272	1	0	0	0	0	0	0	0	0	
0.947	0.259259	-1.35769	0.0967742	3.85715	0.933181	0.373272	1	0	0	0	0	0	0	0	0	
0.948	0.259259	-1.35769	0.0967742	3.85715	0.933181	0.373272	1	0	0	0	0	0	0	0	0	
0.949	0.259259	-1.35769	0.0967742	3.85715	0.933181	0.373272	1	0	0	0	0	0	0	0	0	
0.95	0.259259	-1.35769	0.0967742	3.85715	0.933181	0.373272	1	0	0	0	0	0	0	0	0	
0.951	0.259259	-1.35769	0.0967742	3.85715	0.933181	0.373272	1	0	0	0	0	0	0	0	0	
0.952	0.259259	-1.35769	0.0967742	3.85715	0.933181	0.373272	1	0	0	0	0	0	0	0	0	
0.953	0.259259	-1.35769	0.0967742	3.85715	0.933181	0.373272	1	0	0	0	0	0	0	0	0	
0.954	0.259259	-1.35769	0.0967742	3.85715	0.933181	0.373272	1	0	0	0	0	0	0	0	0	
0.955	0.259259	-1.35769	0.0967742	3.85715	0.933181	0.373272	1	0	0	0	0	0	0	0	0	
0.956	0.259259	-1.35769	0.0967742	3.85715	0.933181	0.373272	1	0	0	0	0	0	0	0	0	
0.957	0.259259	-1.35769	0.0967742	3.85715	0.933181	0.373272	1	0	0	0	0	0	0	0	0	
0.958	0.259259	-1.35769	0.0967742	3.85715	0.933181	0.373272	1	0	0	0	0	0	0	0	0	
0.959	0.259259	-1.35769	0.0967742	3.85715	0.933181	0.373272	1	0	0	0	0	0	0	0	0	
0.96	0.259259	-1.35769	0.0967742	3.85715	0.933181	0.373272	1	0	0	0	0	0	0	0	0	
0.961	0.259259	-1.35769	0.0967742	3.85715	0.933181	0.373272	1	0	0	0	0	0	0	0	0	
0.962	0.259259	-1.35769	0.0967742	3.85715	0.933181	0.373272	1	0	0	0	0	0	0	0	0	
0.963	0.259259	-1.35769	0.0967742	3.85715	0.933181	0.373272	1	0	0	0	0	0	0	0	0	
0.964	0.259259	-1.35769	0.0967742	3.85715	0.933181	0.373272	1	0	0	0	0	0	0	0	0	
0.965	0.259259	-1.35769	0.0967742	3.85715	0.933181	0.373272	1	0	0	0	0	0	0	0	0	
0.966	0.259259	-1.35769	0.0967742	3.85715	0.933181	0.373272	1	0	0	0	0	0	0	0	0	
0.967	0.259259	-1.35769	0.0967742	3.85715	0.933181	0.373272	1	0	0	0	0	0	0	0	0	
0.968	0.259259	-1.35769	0.0967742	3.85715	0.933181	0.373272	1	0	0	0	0	0	0	0	0	
0.969	0.259259	-1.35769	0.0967742	3.85715	0.933181	0.373272	1	0	0	0	0	0	0	0	0	
0.97	0.259259	-1.35769	0.0967742	3.85715	0.933181	0.373272	1	0	0	0	0	0	0	0	0	
0.971	0.259259	-1.35769	0.0967742	3.85715	0.933181	0.373272	1	0	0	0	0	0	0	0	0	
0.972	0.259259	-1.35769	0.0967742	3.85715	0.933181	0.373272	1	0	0	0	0	0	0	0	0	
0.973	0.259259	-1.35769	0.0967742	3.85715	0.933181	0.373272	1	0	0	0	0	0	0	0	0	
0.974	0.259259	-1.35769	0.0967742	3.85715	0.933181	0.373272	1	0	0	0	0	0	0	0	0	
0.975	0.259259	-1.35769	0.0967742	3.85715	0.933181	0.373272	1	0	0	0	0	0	0	0	0	
0.976	0.259259	-1.35769	0.0967742	3.85715	0.933181	0.373272	1	0	0	0	0	0	0	0	0	
0.977	0.259259	-1.35769	0.0967742	3.85715	0.933181	0.373272	1	0	0	0	0	0	0	0	0	
0.978	0.259259	-1.35769	0.0967742	3.85715	0.933181	0.373272	1	0	0	0	0	0	0	0	0	
0.979	0.259259	-1.35769	0.0967742	3.85715	0.933181	0.373272	1	0	0	0	0	0	0	0	0	
0.98	0.259259	-1.35769	0.0967742	3.85715	0.933181	0.373272	1	0	0	0	0	0	0	0	0	
0.981	0.259259	-1.35769	0.0967742	3.85715	0.933181	0.373272	1	0	0	0	0	0	0	0	0	
0.982	0.259259	-1.35769	0.0967742	3.85715	0.933181	0.373272	1	0	0	0	0	0	0	0	0	
0.983	0.259259	-1.35769	0.0967742	3.85715	0.933181	0.373272	1	0	0	0	0	0	0	0	0	
0.984	0.259259	-1.35769	0.0967742	3.85715	0.933181	0.373272	1	0	0	0	0	0	0	0	0	
0.985	0.259259	-1.35769	0.0967742	3.85715	0.933181	0.373272	1	0	0	0	0	0	0	0	0	
0.986	0.259259	-1.35769	0.0967742	3.85715	0.933181	0.373272	1	0	0	0	0	0	0	0	0	
0.987	0.259259	-1.35769	0.0967742	3.85715	0.933181	0.373272	1	0	0	0	0	0	0	0	0	
0.988	0.259259	-1.35769	0.0967742	3.85715	0.933181	0.373272	1	0	0	0	0	0	0	0	0	
0.989	0.259259	-1.35769	0.0967742	3.85715	0.933181	0.373272	1	0	0	0	0	0	0	0	0	
0.99	0.259259	-1.35769	0.0967742	3.85715	0.933181	0.373272	1	0	0	0	0	0	0	0	0	
0.991	0.259259	-1.35769	0.0967742	3.85715	0.933181	0.373272	1	0	0	0	0	0	0	0	0	
0.992	0.259259	-1.35769	0.0967742	3.85715	0.933181	0.373272	1	0	0	0	0	0	0	0	0	
0.993	0.259259	-1.35769	0.0967742	3.85715	0.933181	0.373272	1	0	0	0	0	0	0	0	0	
0.994	0.259259	-1.35769	0.0967742	3.85715	0.933181	0.373272	1	0	0	0	0	0	0	0	0	
0.995	0.259259	-1.35769	0.0967742	3.85715	0.933181	0.373272	1	0	0	0	0	0	0	0	0	
0.996	0.259259	-1.35769	0.0967742	3.85715	0.933181	0.373272	1	0	0	0	0	0	0	0	0	
0.997	0.259259	-1.35769	0.0967742	3.85715	0.933181	0.373272	1	0	0	0	0	0	0	0	0	
0.998	0.259259	-1.35769	0.0967742	3.85715	0.933181	0.373272	1	0	0	0	0	0	0	0	0	
0.999	0.259259	-1.35769	0.0967742	3.85715	0.933181	0.373272	1	0	0	0	0	0	0	0	0	
1	0.259259	-1.35769	0.0967742	3.85715	0.933181	0.373272	1	0	0	0	0	0	0	0	0	
