|||||||||||||||||||||||||||||||||***SIMULATION: detonation***||||||||||||||||||||||||||||||||||
Sanpshot time = 1.03. Timestep = 2244. Run time = 3 seconds
No. of cells = 1000
#Position	 Density	 Velocity	 Pressure	 Specific_Volume I_Energy	 Temperature	 Species
-0.001	0.860289	-0.00144061	1.19711	1.1624	3.4788	0	0.734936	0	0	0	0	0	0	0	0	
0	0.858383	-0.000489589	1.19715	1.16498	3.48665	0	0.732546	0	0	0	0	0	0	0	0	
0.001	0.858383	0.000489589	1.19715	1.16498	3.48665	1.39466	0.732546	0	0	0	0	0	0	0	0	
0.002	0.860289	0.00144061	1.19711	1.1624	3.4788	1.39152	0.734936	0	0	0	0	0	0	0	0	
0.003	0.847515	0.00255453	1.19724	1.17992	3.53162	1.41265	0.718788	0	0	0	0	0	0	0	0	
0.004	0.873159	0.00343449	1.19685	1.14527	3.42679	1.37072	0.75068	0	0	0	0	0	0	0	0	
0.005	0.8312	0.00472372	1.1973	1.20308	3.60112	1.44045	0.697296	0	0	0	0	0	0	0	0	
0.006	0.837279	0.00624256	1.19715	1.19435	3.57453	1.42981	0.705536	0	0	0	0	0	0	0	0	
0.007	0.850929	0.00754682	1.19675	1.17519	3.51602	1.40641	0.723442	0	0	0	0	0	0	0	0	
0.008	0.852888	0.00869858	1.19646	1.17249	3.50709	1.40284	0.726128	0	0	0	0	0	0	0	0	
0.009	0.863488	0.00967457	1.19605	1.15809	3.46284	1.38513	0.739544	0	0	0	0	0	0	0	0	
0.01	0.870589	0.0104736	1.19565	1.14865	3.43344	1.37338	0.748407	0	0	0	0	0	0	0	0	
0.011	0.87122	0.0112007	1.19532	1.14782	3.43001	1.372	0.749383	0	0	0	0	0	0	0	0	
0.012	0.87757	0.0118424	1.19492	1.13951	3.40406	1.36163	0.757151	0	0	0	0	0	0	0	0	
0.013	0.879011	0.0124243	1.19457	1.13764	3.39747	1.35899	0.759067	0	0	0	0	0	0	0	0	
0.014	0.875967	0.0130262	1.19426	1.1416	3.40842	1.36337	0.755689	0	0	0	0	0	0	0	0	
0.015	0.877863	0.0136274	1.19391	1.13913	3.40004	1.36002	0.758146	0	0	0	0	0	0	0	0	
0.016	0.878454	0.0142146	1.19355	1.13836	3.39674	1.35869	0.759066	0	0	0	0	0	0	0	0	
0.017	0.876174	0.0148241	1.19322	1.14133	3.40463	1.36185	0.756604	0	0	0	0	0	0	0	0	
0.018	0.875636	0.0154566	1.19287	1.14203	3.40571	1.36228	0.756201	0	0	0	0	0	0	0	0	
0.019	0.875592	0.0160978	1.19249	1.14208	3.40482	1.36193	0.75639	0	0	0	0	0	0	0	0	
0.02	0.875451	0.0167441	1.19211	1.14227	3.40428	1.36171	0.756472	0	0	0	0	0	0	0	0	
0.021	0.875808	0.0173898	1.19172	1.1418	3.40176	1.3607	0.757152	0	0	0	0	0	0	0	0	
0.022	0.875874	0.0180349	1.19131	1.14172	3.40035	1.36014	0.7575	0	0	0	0	0	0	0	0	
0.023	0.876545	0.0186742	1.19089	1.14084	3.39654	1.35862	0.758578	0	0	0	0	0	0	0	0	
0.024	0.877769	0.0192979	1.19045	1.13925	3.39055	1.35622	0.760326	0	0	0	0	0	0	0	0	
0.025	0.878342	0.019909	1.19	1.13851	3.38708	1.35483	0.761329	0	0	0	0	0	0	0	0	
0.026	0.879071	0.0205098	1.18955	1.13756	3.38298	1.35319	0.762533	0	0	0	0	0	0	0	0	
0.027	0.880338	0.0210943	1.18908	1.13593	3.37678	1.35071	0.764379	0	0	0	0	0	0	0	0	
0.028	0.881192	0.0216636	1.18861	1.13483	3.37216	1.34886	0.765754	0	0	0	0	0	0	0	0	
0.029	0.881632	0.0222244	1.18813	1.13426	3.36912	1.34765	0.766655	0	0	0	0	0	0	0	0	
0.03	0.882151	0.0227789	1.18765	1.13359	3.36576	1.34631	0.767654	0	0	0	0	0	0	0	0	
0.031	0.882804	0.0233257	1.18715	1.13275	3.36188	1.34475	0.768812	0	0	0	0	0	0	0	0	
0.032	0.883635	0.0238625	1.18665	1.13169	3.35729	1.34292	0.770178	0	0	0	0	0	0	0	0	
0.033	0.884636	0.0243863	1.18613	1.13041	3.35204	1.34081	0.771742	0	0	0	0	0	0	0	0	
0.034	0.885708	0.0248955	1.18561	1.12904	3.34651	1.3386	0.773387	0	0	0	0	0	0	0	0	
0.035	0.886842	0.0253891	1.18508	1.1276	3.34074	1.3363	0.775102	0	0	0	0	0	0	0	0	
0.036	0.887969	0.0258671	1.18455	1.12617	3.335	1.334	0.776806	0	0	0	0	0	0	0	0	
0.037	0.889046	0.0263302	1.18401	1.1248	3.32944	1.33178	0.778451	0	0	0	0	0	0	0	0	
0.038	0.890157	0.0267786	1.18347	1.1234	3.32375	1.3295	0.780133	0	0	0	0	0	0	0	0	
0.039	0.8913	0.0272121	1.18292	1.12196	3.31795	1.32718	0.781849	0	0	0	0	0	0	0	0	
0.04	0.892484	0.0276305	1.18236	1.12047	3.312	1.3248	0.783605	0	0	0	0	0	0	0	0	
0.041	0.893808	0.0280324	1.1818	1.11881	3.30553	1.32221	0.785514	0	0	0	0	0	0	0	0	
0.042	0.895199	0.0284169	1.18124	1.11707	3.29882	1.31953	0.787491	0	0	0	0	0	0	0	0	
0.043	0.896445	0.028785	1.18068	1.11552	3.29266	1.31707	0.789304	0	0	0	0	0	0	0	0	
0.044	0.897457	0.0291398	1.18011	1.11426	3.28738	1.31495	0.790854	0	0	0	0	0	0	0	0	
0.045	0.898239	0.0294847	1.17955	1.11329	3.28295	1.31318	0.79215	0	0	0	0	0	0	0	0	
0.046	0.898743	0.0298236	1.17899	1.11266	3.27955	1.31182	0.79314	0	0	0	0	0	0	0	0	
0.047	0.898954	0.0301605	1.17843	1.1124	3.27722	1.31089	0.793811	0	0	0	0	0	0	0	0	
0.048	0.899084	0.0304979	1.17787	1.11224	3.27519	1.31008	0.794394	0	0	0	0	0	0	0	0	
0.049	0.8995	0.0308341	1.17731	1.11173	3.27212	1.30885	0.795287	0	0	0	0	0	0	0	0	
0.05	0.900411	0.0311637	1.17674	1.1106	3.26723	1.30689	0.796715	0	0	0	0	0	0	0	0	
0.051	0.901716	0.0314809	1.17617	1.109	3.26091	1.30436	0.798564	0	0	0	0	0	0	0	0	
0.052	0.903133	0.0317828	1.17559	1.10726	3.2542	1.30168	0.800528	0	0	0	0	0	0	0	0	
0.053	0.904397	0.03207	1.17502	1.10571	3.24807	1.29923	0.802321	0	0	0	0	0	0	0	0	
0.054	0.90538	0.0323456	1.17444	1.10451	3.24296	1.29718	0.803809	0	0	0	0	0	0	0	0	
0.055	0.906101	0.0326132	1.17387	1.10363	3.2388	1.29552	0.805016	0	0	0	0	0	0	0	0	
0.056	0.90665	0.0328754	1.17331	1.10296	3.23528	1.29411	0.806036	0	0	0	0	0	0	0	0	
0.057	0.907121	0.0331341	1.17274	1.10239	3.23204	1.29282	0.806974	0	0	0	0	0	0	0	0	
0.058	0.907591	0.0333896	1.17218	1.10182	3.22881	1.29152	0.807907	0	0	0	0	0	0	0	0	
0.059	0.9081	0.0336419	1.17161	1.1012	3.22545	1.29018	0.80888	0	0	0	0	0	0	0	0	
0.06	0.908664	0.0338903	1.17105	1.10052	3.22189	1.28876	0.809908	0	0	0	0	0	0	0	0	
0.061	0.909285	0.0341343	1.17048	1.09977	3.21814	1.28726	0.810992	0	0	0	0	0	0	0	0	
0.062	0.909958	0.0343732	1.16992	1.09895	3.21422	1.28569	0.812128	0	0	0	0	0	0	0	0	
0.063	0.910668	0.0346065	1.16936	1.0981	3.21017	1.28407	0.8133	0	0	0	0	0	0	0	0	
0.064	0.911399	0.0348341	1.1688	1.09721	3.20606	1.28242	0.814491	0	0	0	0	0	0	0	0	
0.065	0.912132	0.0350558	1.16824	1.09633	3.20194	1.28078	0.81568	0	0	0	0	0	0	0	0	
0.066	0.912854	0.0352718	1.16768	1.09547	3.19788	1.27915	0.816854	0	0	0	0	0	0	0	0	
0.067	0.913554	0.0354823	1.16712	1.09463	3.19391	1.27756	0.818003	0	0	0	0	0	0	0	0	
0.068	0.914235	0.0356876	1.16657	1.09381	3.19001	1.276	0.819129	0	0	0	0	0	0	0	0	
0.069	0.9149	0.0358881	1.16601	1.09302	3.18618	1.27447	0.820234	0	0	0	0	0	0	0	0	
0.07	0.915538	0.0360839	1.16546	1.09225	3.18245	1.27298	0.821309	0	0	0	0	0	0	0	0	
0.071	0.916101	0.0362759	1.16491	1.09158	3.17899	1.2716	0.822305	0	0	0	0	0	0	0	0	
0.072	0.916516	0.0364651	1.16436	1.09109	3.17606	1.27042	0.82315	0	0	0	0	0	0	0	0	
0.073	0.916758	0.0366536	1.16382	1.0908	3.17374	1.2695	0.823817	0	0	0	0	0	0	0	0	
0.074	0.916924	0.0368423	1.16328	1.0906	3.17169	1.26868	0.824406	0	0	0	0	0	0	0	0	
0.075	0.917228	0.037031	1.16274	1.09024	3.16916	1.26767	0.825132	0	0	0	0	0	0	0	0	
0.076	0.917877	0.0372169	1.1622	1.08947	3.16545	1.26618	0.826201	0	0	0	0	0	0	0	0	
0.077	0.918935	0.0373962	1.16165	1.08822	3.16033	1.26413	0.827674	0	0	0	0	0	0	0	0	
0.078	0.92028	0.0375656	1.16111	1.08663	3.15423	1.26169	0.829427	0	0	0	0	0	0	0	0	
0.079	0.92169	0.0377235	1.16057	1.08496	3.14793	1.25917	0.831238	0	0	0	0	0	0	0	0	
0.08	0.922961	0.0378706	1.16002	1.08347	3.14213	1.25685	0.832905	0	0	0	0	0	0	0	0	
0.081	0.923992	0.038009	1.15949	1.08226	3.13717	1.25487	0.834328	0	0	0	0	0	0	0	0	
0.082	0.924786	0.0381411	1.15895	1.08133	3.13303	1.25321	0.835515	0	0	0	0	0	0	0	0	
0.083	0.925412	0.0382688	1.15842	1.0806	3.12947	1.25179	0.836534	0	0	0	0	0	0	0	0	
0.084	0.925948	0.0383936	1.15789	1.07997	3.12624	1.25049	0.837462	0	0	0	0	0	0	0	0	
0.085	0.926448	0.038516	1.15737	1.07939	3.12313	1.24925	0.838352	0	0	0	0	0	0	0	0	
0.086	0.92694	0.0386362	1.15684	1.07882	3.12006	1.24802	0.839231	0	0	0	0	0	0	0	0	
0.087	0.927432	0.0387544	1.15632	1.07825	3.117	1.2468	0.840107	0	0	0	0	0	0	0	0	
0.088	0.927925	0.0388706	1.1558	1.07767	3.11394	1.24558	0.840982	0	0	0	0	0	0	0	0	
0.089	0.928421	0.0389848	1.15529	1.0771	3.11089	1.24435	0.841857	0	0	0	0	0	0	0	0	
0.09	0.928926	0.0390968	1.15477	1.07651	3.10781	1.24312	0.842736	0	0	0	0	0	0	0	0	
0.091	0.929442	0.0392068	1.15426	1.07591	3.1047	1.24188	0.843625	0	0	0	0	0	0	0	0	
0.092	0.929975	0.0393144	1.15375	1.0753	3.10155	1.24062	0.844526	0	0	0	0	0	0	0	0	
0.093	0.930525	0.0394197	1.15324	1.07466	3.09835	1.23934	0.845441	0	0	0	0	0	0	0	0	
0.094	0.931087	0.0395225	1.15273	1.07401	3.09512	1.23805	0.846363	0	0	0	0	0	0	0	0	
0.095	0.931642	0.0396228	1.15222	1.07337	3.09191	1.23677	0.847277	0	0	0	0	0	0	0	0	
0.096	0.932151	0.0397208	1.15172	1.07279	3.08887	1.23555	0.848144	0	0	0	0	0	0	0	0	
0.097	0.932557	0.0398173	1.15122	1.07232	3.08619	1.23447	0.848913	0	0	0	0	0	0	0	0	
0.098	0.932824	0.0399132	1.15072	1.07201	3.08397	1.23359	0.849549	0	0	0	0	0	0	0	0	
0.099	0.932985	0.0400095	1.15023	1.07183	3.08211	1.23284	0.850086	0	0	0	0	0	0	0	0	
0.1	0.93316	0.0401065	1.14973	1.07163	3.08021	1.23209	0.850632	0	0	0	0	0	0	0	0	
0.101	0.933498	0.0402033	1.14924	1.07124	3.07778	1.23111	0.851328	0	0	0	0	0	0	0	0	
0.102	0.934099	0.0402981	1.14875	1.07055	3.07448	1.22979	0.852265	0	0	0	0	0	0	0	0	
0.103	0.934951	0.040389	1.14826	1.06957	3.07037	1.22815	0.853429	0	0	0	0	0	0	0	0	
0.104	0.93594	0.0404744	1.14777	1.06844	3.06582	1.22633	0.854716	0	0	0	0	0	0	0	0	
0.105	0.936914	0.040554	1.14728	1.06733	3.06133	1.22453	0.855984	0	0	0	0	0	0	0	0	
0.106	0.937753	0.0406285	1.1468	1.06638	3.0573	1.22292	0.857125	0	0	0	0	0	0	0	0	
0.107	0.938407	0.040699	1.14631	1.06564	3.05389	1.22155	0.858094	0	0	0	0	0	0	0	0	
0.108	0.938895	0.040767	1.14584	1.06508	3.05103	1.22041	0.858908	0	0	0	0	0	0	0	0	
0.109	0.939277	0.0408334	1.14536	1.06465	3.04852	1.21941	0.859624	0	0	0	0	0	0	0	0	
0.11	0.939622	0.0408987	1.14489	1.06426	3.04615	1.21846	0.860304	0	0	0	0	0	0	0	0	
0.111	0.939985	0.0409631	1.14442	1.06385	3.04372	1.21749	0.860997	0	0	0	0	0	0	0	0	
0.112	0.940395	0.0410262	1.14395	1.06338	3.04115	1.21646	0.861729	0	0	0	0	0	0	0	0	
0.113	0.940856	0.0410876	1.14349	1.06286	3.03843	1.21537	0.862503	0	0	0	0	0	0	0	0	
0.114	0.941351	0.0411472	1.14303	1.0623	3.0356	1.21424	0.863305	0	0	0	0	0	0	0	0	
0.115	0.941855	0.0412047	1.14257	1.06173	3.03276	1.2131	0.864112	0	0	0	0	0	0	0	0	
0.116	0.942338	0.0412603	1.14211	1.06119	3.02999	1.212	0.864898	0	0	0	0	0	0	0	0	
0.117	0.94278	0.0413141	1.14166	1.06069	3.02737	1.21095	0.865644	0	0	0	0	0	0	0	0	
0.118	0.943171	0.0413665	1.14121	1.06025	3.02492	1.20997	0.866343	0	0	0	0	0	0	0	0	
0.119	0.943515	0.041418	1.14076	1.05987	3.02263	1.20905	0.866999	0	0	0	0	0	0	0	0	
0.12	0.943826	0.0414687	1.14031	1.05952	3.02046	1.20818	0.867622	0	0	0	0	0	0	0	0	
0.121	0.944116	0.0415188	1.13987	1.05919	3.01836	1.20734	0.868226	0	0	0	0	0	0	0	0	
0.122	0.944395	0.0415686	1.13943	1.05888	3.0163	1.20652	0.868818	0	0	0	0	0	0	0	0	
0.123	0.944676	0.0416181	1.139	1.05856	3.01425	1.2057	0.869409	0	0	0	0	0	0	0	0	
0.124	0.94498	0.0416672	1.13856	1.05822	3.01213	1.20485	0.870018	0	0	0	0	0	0	0	0	
0.125	0.945342	0.0417156	1.13813	1.05782	3.00983	1.20393	0.870674	0	0	0	0	0	0	0	0	
0.126	0.945795	0.041763	1.1377	1.05731	3.00725	1.2029	0.871407	0	0	0	0	0	0	0	0	
0.127	0.946356	0.0418086	1.13727	1.05669	3.00434	1.20173	0.872229	0	0	0	0	0	0	0	0	
0.128	0.947003	0.041852	1.13684	1.05596	3.00116	1.20046	0.873123	0	0	0	0	0	0	0	0	
0.129	0.947683	0.0418927	1.13642	1.0552	2.99788	1.19915	0.874042	0	0	0	0	0	0	0	0	
0.13	0.948334	0.041931	1.13599	1.05448	2.99471	1.19788	0.874932	0	0	0	0	0	0	0	0	
0.131	0.948902	0.0419671	1.13557	1.05385	2.99181	1.19672	0.87575	0	0	0	0	0	0	0	0	
0.132	0.949369	0.0420018	1.13515	1.05333	2.98923	1.19569	0.876478	0	0	0	0	0	0	0	0	
0.133	0.949745	0.0420357	1.13474	1.05291	2.98696	1.19478	0.877128	0	0	0	0	0	0	0	0	
0.134	0.950063	0.0420691	1.13433	1.05256	2.98487	1.19395	0.877727	0	0	0	0	0	0	0	0	
0.135	0.950362	0.0421025	1.13392	1.05223	2.98285	1.19314	0.878307	0	0	0	0	0	0	0	0	
0.136	0.95067	0.0421357	1.13351	1.05189	2.98081	1.19232	0.878893	0	0	0	0	0	0	0	0	
0.137	0.951001	0.0421687	1.1331	1.05152	2.9787	1.19148	0.879496	0	0	0	0	0	0	0	0	
0.138	0.951354	0.0422014	1.1327	1.05113	2.97654	1.19061	0.880115	0	0	0	0	0	0	0	0	
0.139	0.951717	0.0422336	1.13229	1.05073	2.97434	1.18974	0.88074	0	0	0	0	0	0	0	0	
0.14	0.952075	0.0422653	1.13189	1.05034	2.97217	1.18887	0.88136	0	0	0	0	0	0	0	0	
0.141	0.952422	0.0422966	1.1315	1.04996	2.97005	1.18802	0.881967	0	0	0	0	0	0	0	0	
0.142	0.952757	0.0423275	1.1311	1.04959	2.96796	1.18719	0.882563	0	0	0	0	0	0	0	0	
0.143	0.95309	0.042358	1.13071	1.04922	2.9659	1.18636	0.883155	0	0	0	0	0	0	0	0	
0.144	0.95343	0.042388	1.13031	1.04884	2.96381	1.18552	0.883751	0	0	0	0	0	0	0	0	
0.145	0.95378	0.0424176	1.12993	1.04846	2.9617	1.18468	0.884353	0	0	0	0	0	0	0	0	
0.146	0.954132	0.0424466	1.12954	1.04807	2.9596	1.18384	0.884954	0	0	0	0	0	0	0	0	
0.147	0.954468	0.042475	1.12915	1.0477	2.95755	1.18302	0.885541	0	0	0	0	0	0	0	0	
0.148	0.954782	0.042503	1.12877	1.04736	2.95557	1.18223	0.886107	0	0	0	0	0	0	0	0	
0.149	0.955079	0.0425306	1.12839	1.04703	2.95366	1.18146	0.886658	0	0	0	0	0	0	0	0	
0.15	0.955381	0.0425579	1.12801	1.0467	2.95174	1.1807	0.887211	0	0	0	0	0	0	0	0	
0.151	0.955714	0.0425847	1.12764	1.04634	2.94973	1.17989	0.887786	0	0	0	0	0	0	0	0	
0.152	0.956096	0.0426108	1.12726	1.04592	2.94757	1.17903	0.888399	0	0	0	0	0	0	0	0	
0.153	0.956528	0.042636	1.12689	1.04545	2.94527	1.17811	0.889049	0	0	0	0	0	0	0	0	
0.154	0.95699	0.04266	1.12652	1.04494	2.94288	1.17715	0.889721	0	0	0	0	0	0	0	0	
0.155	0.957453	0.0426828	1.12616	1.04444	2.9405	1.1762	0.890391	0	0	0	0	0	0	0	0	
0.156	0.957888	0.0427045	1.12579	1.04396	2.93821	1.17528	0.891038	0	0	0	0	0	0	0	0	
0.157	0.958278	0.0427253	1.12543	1.04354	2.93607	1.17443	0.891646	0	0	0	0	0	0	0	0	
0.158	0.95862	0.0427454	1.12507	1.04317	2.93407	1.17363	0.892215	0	0	0	0	0	0	0	0	
0.159	0.958929	0.0427652	1.12471	1.04283	2.93219	1.17288	0.892755	0	0	0	0	0	0	0	0	
0.16	0.959224	0.0427846	1.12435	1.04251	2.93036	1.17214	0.893282	0	0	0	0	0	0	0	0	
0.161	0.959521	0.0428039	1.12399	1.04219	2.92853	1.17141	0.89381	0	0	0	0	0	0	0	0	
0.162	0.95983	0.0428228	1.12364	1.04185	2.92666	1.17067	0.894344	0	0	0	0	0	0	0	0	
0.163	0.960147	0.0428415	1.12329	1.04151	2.92478	1.16991	0.894884	0	0	0	0	0	0	0	0	
0.164	0.960464	0.0428599	1.12294	1.04116	2.9229	1.16916	0.895421	0	0	0	0	0	0	0	0	
0.165	0.960774	0.0428781	1.12259	1.04083	2.92105	1.16842	0.895952	0	0	0	0	0	0	0	0	
0.166	0.961076	0.042896	1.12224	1.0405	2.91923	1.16769	0.896475	0	0	0	0	0	0	0	0	
0.167	0.961375	0.0429137	1.1219	1.04018	2.91743	1.16697	0.896994	0	0	0	0	0	0	0	0	
0.168	0.961677	0.0429313	1.12155	1.03985	2.91561	1.16625	0.897514	0	0	0	0	0	0	0	0	
0.169	0.961988	0.0429486	1.12121	1.03951	2.91378	1.16551	0.898039	0	0	0	0	0	0	0	0	
0.17	0.962308	0.0429656	1.12087	1.03917	2.91193	1.16477	0.898569	0	0	0	0	0	0	0	0	
0.171	0.962635	0.0429823	1.12053	1.03882	2.91005	1.16402	0.899104	0	0	0	0	0	0	0	0	
0.172	0.962967	0.0429986	1.12019	1.03846	2.90817	1.16327	0.89964	0	0	0	0	0	0	0	0	
0.173	0.963301	0.0430146	1.11985	1.0381	2.90629	1.16252	0.900176	0	0	0	0	0	0	0	0	
0.174	0.963636	0.0430301	1.11952	1.03774	2.90441	1.16176	0.900711	0	0	0	0	0	0	0	0	
0.175	0.963965	0.0430452	1.11918	1.03738	2.90255	1.16102	0.901241	0	0	0	0	0	0	0	0	
0.176	0.964281	0.04306	1.11885	1.03704	2.90073	1.16029	0.901758	0	0	0	0	0	0	0	0	
0.177	0.964574	0.0430745	1.11852	1.03673	2.89899	1.1596	0.902258	0	0	0	0	0	0	0	0	
0.178	0.964842	0.0430888	1.11819	1.03644	2.89733	1.15893	0.902737	0	0	0	0	0	0	0	0	
0.179	0.965089	0.043103	1.11786	1.03617	2.89574	1.1583	0.903199	0	0	0	0	0	0	0	0	
0.18	0.965322	0.0431171	1.11753	1.03592	2.89419	1.15768	0.90365	0	0	0	0	0	0	0	0	
0.181	0.965555	0.0431313	1.11721	1.03567	2.89265	1.15706	0.904099	0	0	0	0	0	0	0	0	
0.182	0.965798	0.0431454	1.11688	1.03541	2.89108	1.15643	0.904555	0	0	0	0	0	0	0	0	
0.183	0.966058	0.0431594	1.11656	1.03513	2.88947	1.15579	0.905021	0	0	0	0	0	0	0	0	
0.184	0.966339	0.0431732	1.11624	1.03483	2.8878	1.15512	0.905501	0	0	0	0	0	0	0	0	
0.185	0.966638	0.0431867	1.11592	1.03451	2.88608	1.15443	0.905993	0	0	0	0	0	0	0	0	
0.186	0.96695	0.0431999	1.1156	1.03418	2.88432	1.15373	0.906494	0	0	0	0	0	0	0	0	
0.187	0.96727	0.0432126	1.11528	1.03384	2.88254	1.15302	0.906998	0	0	0	0	0	0	0	0	
0.188	0.967589	0.0432248	1.11496	1.0335	2.88077	1.15231	0.907501	0	0	0	0	0	0	0	0	
0.189	0.967903	0.0432366	1.11465	1.03316	2.87903	1.15161	0.907998	0	0	0	0	0	0	0	0	
0.19	0.968206	0.043248	1.11433	1.03284	2.87731	1.15093	0.908486	0	0	0	0	0	0	0	0	
0.191	0.968497	0.0432589	1.11402	1.03253	2.87564	1.15026	0.908964	0	0	0	0	0	0	0	0	
0.192	0.968776	0.0432695	1.11371	1.03223	2.87401	1.14961	0.909431	0	0	0	0	0	0	0	0	
0.193	0.969041	0.0432797	1.1134	1.03195	2.87243	1.14897	0.909887	0	0	0	0	0	0	0	0	
0.194	0.969294	0.0432895	1.11309	1.03168	2.87088	1.14835	0.910334	0	0	0	0	0	0	0	0	
0.195	0.969536	0.0432991	1.11279	1.03142	2.86938	1.14775	0.910771	0	0	0	0	0	0	0	0	
0.196	0.969767	0.0433083	1.11248	1.03118	2.86791	1.14716	0.911199	0	0	0	0	0	0	0	0	
0.197	0.969994	0.0433172	1.11218	1.03093	2.86646	1.14658	0.911622	0	0	0	0	0	0	0	0	
0.198	0.970223	0.0433257	1.11188	1.03069	2.865	1.146	0.912047	0	0	0	0	0	0	0	0	
0.199	0.970466	0.0433338	1.11158	1.03043	2.86351	1.14541	0.912479	0	0	0	0	0	0	0	0	
0.2	0.97073	0.0433414	1.11128	1.03015	2.86197	1.14479	0.912924	0	0	0	0	0	0	0	0	
0.201	0.971015	0.0433484	1.11098	1.02985	2.86036	1.14415	0.913382	0	0	0	0	0	0	0	0	
0.202	0.971316	0.0433546	1.11069	1.02953	2.85872	1.14349	0.913851	0	0	0	0	0	0	0	0	
0.203	0.971622	0.04336	1.1104	1.02921	2.85707	1.14283	0.91432	0	0	0	0	0	0	0	0	
0.204	0.97192	0.0433647	1.1101	1.02889	2.85544	1.14218	0.914783	0	0	0	0	0	0	0	0	
0.205	0.972202	0.0433686	1.10981	1.02859	2.85387	1.14155	0.915233	0	0	0	0	0	0	0	0	
0.206	0.972466	0.043372	1.10953	1.02831	2.85236	1.14094	0.91567	0	0	0	0	0	0	0	0	
0.207	0.972713	0.0433747	1.10924	1.02805	2.8509	1.14036	0.916093	0	0	0	0	0	0	0	0	
0.208	0.972949	0.043377	1.10896	1.0278	2.84948	1.13979	0.916507	0	0	0	0	0	0	0	0	
0.209	0.973179	0.0433789	1.10868	1.02756	2.84808	1.13923	0.916916	0	0	0	0	0	0	0	0	
0.21	0.973408	0.0433806	1.1084	1.02732	2.84669	1.13868	0.917323	0	0	0	0	0	0	0	0	
0.211	0.973638	0.0433819	1.10812	1.02708	2.8453	1.13812	0.917729	0	0	0	0	0	0	0	0	
0.212	0.973872	0.0433831	1.10784	1.02683	2.8439	1.13756	0.918137	0	0	0	0	0	0	0	0	
0.213	0.974109	0.0433841	1.10756	1.02658	2.8425	1.137	0.918545	0	0	0	0	0	0	0	0	
0.214	0.974348	0.043385	1.10729	1.02633	2.8411	1.13644	0.918954	0	0	0	0	0	0	0	0	
0.215	0.974588	0.043386	1.10701	1.02607	2.83969	1.13588	0.919362	0	0	0	0	0	0	0	0	
0.216	0.974828	0.043387	1.10674	1.02582	2.83829	1.13532	0.91977	0	0	0	0	0	0	0	0	
0.217	0.975066	0.0433882	1.10647	1.02557	2.8369	1.13476	0.920175	0	0	0	0	0	0	0	0	
0.218	0.975299	0.0433896	1.1062	1.02533	2.83553	1.13421	0.920575	0	0	0	0	0	0	0	0	
0.219	0.97552	0.0433913	1.10592	1.02509	2.83419	1.13368	0.920967	0	0	0	0	0	0	0	0	
0.22	0.975721	0.0433935	1.10565	1.02488	2.83291	1.13317	0.921345	0	0	0	0	0	0	0	0	
0.221	0.975896	0.0433962	1.10538	1.0247	2.83171	1.13269	0.921706	0	0	0	0	0	0	0	0	
0.222	0.976046	0.0433997	1.10511	1.02454	2.83059	1.13223	0.922049	0	0	0	0	0	0	0	0	
0.223	0.976187	0.0434039	1.10484	1.02439	2.82949	1.1318	0.922386	0	0	0	0	0	0	0	0	
0.224	0.976345	0.0434089	1.10458	1.02423	2.82834	1.13134	0.922732	0	0	0	0	0	0	0	0	
0.225	0.976549	0.0434144	1.10431	1.02401	2.82707	1.13083	0.923108	0	0	0	0	0	0	0	0	
0.226	0.976817	0.0434204	1.10404	1.02373	2.8256	1.13024	0.923525	0	0	0	0	0	0	0	0	
0.227	0.977149	0.0434265	1.10377	1.02339	2.82396	1.12958	0.923982	0	0	0	0	0	0	0	0	
0.228	0.977523	0.0434325	1.1035	1.02299	2.82219	1.12888	0.924466	0	0	0	0	0	0	0	0	
0.229	0.977905	0.0434383	1.10324	1.02259	2.82041	1.12816	0.924953	0	0	0	0	0	0	0	0	
0.23	0.978262	0.0434438	1.10297	1.02222	2.8187	1.12748	0.925423	0	0	0	0	0	0	0	0	
0.231	0.97857	0.0434491	1.1027	1.0219	2.81713	1.12685	0.925862	0	0	0	0	0	0	0	0	
0.232	0.978823	0.0434543	1.10244	1.02164	2.81572	1.12629	0.926264	0	0	0	0	0	0	0	0	
0.233	0.979028	0.0434595	1.10217	1.02142	2.81446	1.12579	0.926634	0	0	0	0	0	0	0	0	
0.234	0.979199	0.0434647	1.10191	1.02124	2.8133	1.12532	0.926982	0	0	0	0	0	0	0	0	
0.235	0.979355	0.04347	1.10165	1.02108	2.81219	1.12487	0.927319	0	0	0	0	0	0	0	0	
0.236	0.979509	0.0434752	1.10139	1.02092	2.81108	1.12443	0.927653	0	0	0	0	0	0	0	0	
0.237	0.97967	0.0434804	1.10113	1.02075	2.80996	1.12398	0.927992	0	0	0	0	0	0	0	0	
0.238	0.979845	0.0434853	1.10088	1.02057	2.8088	1.12352	0.928337	0	0	0	0	0	0	0	0	
0.239	0.980033	0.0434899	1.10062	1.02037	2.80761	1.12305	0.92869	0	0	0	0	0	0	0	0	
0.24	0.980233	0.0434941	1.10037	1.02017	2.80639	1.12256	0.929049	0	0	0	0	0	0	0	0	
0.241	0.98044	0.0434979	1.10012	1.01995	2.80516	1.12206	0.929411	0	0	0	0	0	0	0	0	
0.242	0.980651	0.0435012	1.09987	1.01973	2.80392	1.12157	0.929774	0	0	0	0	0	0	0	0	
0.243	0.980862	0.0435039	1.09962	1.01951	2.80268	1.12107	0.930137	0	0	0	0	0	0	0	0	
0.244	0.981069	0.0435061	1.09937	1.0193	2.80146	1.12058	0.930495	0	0	0	0	0	0	0	0	
0.245	0.981266	0.0435079	1.09912	1.01909	2.80027	1.12011	0.930847	0	0	0	0	0	0	0	0	
0.246	0.981449	0.0435093	1.09888	1.0189	2.79913	1.11965	0.931188	0	0	0	0	0	0	0	0	
0.247	0.981618	0.0435104	1.09864	1.01873	2.79803	1.11921	0.931521	0	0	0	0	0	0	0	0	
0.248	0.981782	0.0435112	1.0984	1.01856	2.79695	1.11878	0.931849	0	0	0	0	0	0	0	0	
0.249	0.981956	0.0435119	1.09816	1.01838	2.79585	1.11834	0.932182	0	0	0	0	0	0	0	0	
0.25	0.982153	0.0435123	1.09792	1.01817	2.79468	1.11787	0.932528	0	0	0	0	0	0	0	0	
0.251	0.98238	0.0435125	1.09768	1.01794	2.79343	1.11737	0.93289	0	0	0	0	0	0	0	0	
0.252	0.982633	0.0435125	1.09745	1.01767	2.79211	1.11684	0.933268	0	0	0	0	0	0	0	0	
0.253	0.982902	0.0435122	1.09721	1.0174	2.79075	1.1163	0.933654	0	0	0	0	0	0	0	0	
0.254	0.98317	0.0435117	1.09698	1.01712	2.78939	1.11576	0.934038	0	0	0	0	0	0	0	0	
0.255	0.983424	0.043511	1.09675	1.01686	2.78808	1.11523	0.934413	0	0	0	0	0	0	0	0	
0.256	0.983657	0.0435103	1.09651	1.01661	2.78683	1.11473	0.934775	0	0	0	0	0	0	0	0	
0.257	0.983869	0.0435096	1.09628	1.0164	2.78564	1.11426	0.935124	0	0	0	0	0	0	0	0	
0.258	0.984065	0.043509	1.09605	1.01619	2.78449	1.1138	0.935463	0	0	0	0	0	0	0	0	
0.259	0.984253	0.0435085	1.09582	1.016	2.78338	1.11335	0.935795	0	0	0	0	0	0	0	0	
0.26	0.984437	0.0435082	1.09559	1.01581	2.78227	1.11291	0.936125	0	0	0	0	0	0	0	0	
0.261	0.984621	0.0435081	1.09536	1.01562	2.78117	1.11247	0.936454	0	0	0	0	0	0	0	0	
0.262	0.984806	0.0435081	1.09513	1.01543	2.78007	1.11203	0.936783	0	0	0	0	0	0	0	0	
0.263	0.98499	0.0435082	1.0949	1.01524	2.77897	1.11159	0.937111	0	0	0	0	0	0	0	0	
0.264	0.985175	0.0435083	1.09468	1.01505	2.77787	1.11115	0.937438	0	0	0	0	0	0	0	0	
0.265	0.985361	0.0435086	1.09445	1.01486	2.77677	1.11071	0.937765	0	0	0	0	0	0	0	0	
0.266	0.985545	0.0435087	1.09422	1.01467	2.77568	1.11027	0.938091	0	0	0	0	0	0	0	0	
0.267	0.985726	0.0435089	1.094	1.01448	2.7746	1.10984	0.938413	0	0	0	0	0	0	0	0	
0.268	0.985898	0.0435089	1.09377	1.0143	2.77355	1.10942	0.93873	0	0	0	0	0	0	0	0	
0.269	0.986052	0.0435088	1.09355	1.01415	2.77255	1.10902	0.939037	0	0	0	0	0	0	0	0	
0.27	0.986183	0.0435086	1.09333	1.01401	2.77162	1.10865	0.939329	0	0	0	0	0	0	0	0	
0.271	0.986292	0.0435084	1.09311	1.0139	2.77076	1.1083	0.939609	0	0	0	0	0	0	0	0	
0.272	0.986393	0.0435081	1.09289	1.0138	2.76992	1.10797	0.939883	0	0	0	0	0	0	0	0	
0.273	0.986509	0.0435076	1.09267	1.01368	2.76903	1.10761	0.940165	0	0	0	0	0	0	0	0	
0.274	0.986669	0.0435069	1.09245	1.01351	2.76803	1.10721	0.94047	0	0	0	0	0	0	0	0	
0.275	0.98689	0.0435058	1.09224	1.01328	2.76687	1.10675	0.940807	0	0	0	0	0	0	0	0	
0.276	0.98717	0.043504	1.09202	1.013	2.76554	1.10622	0.941176	0	0	0	0	0	0	0	0	
0.277	0.987488	0.0435015	1.09181	1.01267	2.76411	1.10564	0.941566	0	0	0	0	0	0	0	0	
0.278	0.987813	0.0434983	1.0916	1.01234	2.76266	1.10506	0.941958	0	0	0	0	0	0	0	0	
0.279	0.988113	0.0434943	1.09138	1.01203	2.76129	1.10451	0.942335	0	0	0	0	0	0	0	0	
0.28	0.98837	0.0434897	1.09117	1.01177	2.76003	1.10401	0.942689	0	0	0	0	0	0	0	0	
0.281	0.988581	0.0434846	1.09097	1.01155	2.75892	1.10357	0.943015	0	0	0	0	0	0	0	0	
0.282	0.988751	0.0434792	1.09076	1.01138	2.75792	1.10317	0.943319	0	0	0	0	0	0	0	0	
0.283	0.988894	0.0434737	1.09055	1.01123	2.757	1.1028	0.943608	0	0	0	0	0	0	0	0	
0.284	0.989025	0.0434682	1.09035	1.0111	2.75611	1.10244	0.943889	0	0	0	0	0	0	0	0	
0.285	0.989156	0.0434627	1.09014	1.01096	2.75523	1.10209	0.94417	0	0	0	0	0	0	0	0	
0.286	0.989293	0.0434574	1.08994	1.01082	2.75433	1.10173	0.944453	0	0	0	0	0	0	0	0	
0.287	0.989439	0.0434523	1.08973	1.01067	2.75341	1.10136	0.94474	0	0	0	0	0	0	0	0	
0.288	0.989594	0.0434474	1.08953	1.01052	2.75246	1.10099	0.945032	0	0	0	0	0	0	0	0	
0.289	0.989756	0.0434428	1.08933	1.01035	2.7515	1.1006	0.945326	0	0	0	0	0	0	0	0	
0.29	0.989922	0.0434387	1.08912	1.01018	2.75053	1.10021	0.945623	0	0	0	0	0	0	0	0	
0.291	0.990091	0.043435	1.08892	1.01001	2.74955	1.09982	0.94592	0	0	0	0	0	0	0	0	
0.292	0.990257	0.0434318	1.08872	1.00984	2.74857	1.09943	0.946216	0	0	0	0	0	0	0	0	
0.293	0.990416	0.0434293	1.08851	1.00968	2.74762	1.09905	0.946508	0	0	0	0	0	0	0	0	
0.294	0.990562	0.0434275	1.08831	1.00953	2.7467	1.09868	0.946793	0	0	0	0	0	0	0	0	
0.295	0.990699	0.0434265	1.08811	1.00939	2.74581	1.09832	0.947073	0	0	0	0	0	0	0	0	
0.296	0.990835	0.0434265	1.0879	1.00925	2.74491	1.09797	0.947352	0	0	0	0	0	0	0	0	
0.297	0.990986	0.0434273	1.0877	1.0091	2.74398	1.09759	0.947638	0	0	0	0	0	0	0	0	
0.298	0.991163	0.0434289	1.08749	1.00892	2.74297	1.09719	0.947937	0	0	0	0	0	0	0	0	
0.299	0.991369	0.0434313	1.08729	1.00871	2.74189	1.09675	0.948251	0	0	0	0	0	0	0	0	
0.3	0.991595	0.0434344	1.08708	1.00848	2.74074	1.0963	0.948574	0	0	0	0	0	0	0	0	
0.301	0.991823	0.0434381	1.08688	1.00824	2.73959	1.09584	0.948898	0	0	0	0	0	0	0	0	
0.302	0.992039	0.0434424	1.08667	1.00802	2.73847	1.09539	0.949215	0	0	0	0	0	0	0	0	
0.303	0.992234	0.0434473	1.08646	1.00783	2.73742	1.09497	0.949522	0	0	0	0	0	0	0	0	
0.304	0.992405	0.0434527	1.08626	1.00765	2.73642	1.09457	0.949816	0	0	0	0	0	0	0	0	
0.305	0.992555	0.0434585	1.08605	1.0075	2.73549	1.0942	0.950099	0	0	0	0	0	0	0	0	
0.306	0.992688	0.0434648	1.08584	1.00737	2.7346	1.09384	0.950374	0	0	0	0	0	0	0	0	
0.307	0.992811	0.0434714	1.08564	1.00724	2.73375	1.0935	0.950643	0	0	0	0	0	0	0	0	
0.308	0.992931	0.0434782	1.08543	1.00712	2.7329	1.09316	0.95091	0	0	0	0	0	0	0	0	
0.309	0.993056	0.0434851	1.08523	1.00699	2.73204	1.09282	0.951178	0	0	0	0	0	0	0	0	
0.31	0.99319	0.043492	1.08502	1.00686	2.73116	1.09246	0.951451	0	0	0	0	0	0	0	0	
0.311	0.993334	0.0434986	1.08482	1.00671	2.73025	1.0921	0.951727	0	0	0	0	0	0	0	0	
0.312	0.993487	0.0435049	1.08462	1.00656	2.72932	1.09173	0.952008	0	0	0	0	0	0	0	0	
0.313	0.993648	0.0435107	1.08442	1.00639	2.72838	1.09135	0.952291	0	0	0	0	0	0	0	0	
0.314	0.993816	0.0435159	1.08422	1.00622	2.72742	1.09097	0.952577	0	0	0	0	0	0	0	0	
0.315	0.993992	0.0435204	1.08402	1.00604	2.72644	1.09058	0.952865	0	0	0	0	0	0	0	0	
0.316	0.994173	0.0435241	1.08383	1.00586	2.72545	1.09018	0.953155	0	0	0	0	0	0	0	0	
0.317	0.994358	0.0435269	1.08363	1.00567	2.72446	1.08978	0.953445	0	0	0	0	0	0	0	0	
0.318	0.994545	0.0435288	1.08344	1.00548	2.72346	1.08939	0.953736	0	0	0	0	0	0	0	0	
0.319	0.994736	0.0435298	1.08325	1.00529	2.72247	1.08899	0.954026	0	0	0	0	0	0	0	0	
0.32	0.994932	0.0435297	1.08307	1.00509	2.72146	1.08858	0.954319	0	0	0	0	0	0	0	0	
0.321	0.995139	0.0435286	1.08288	1.00488	2.72042	1.08817	0.954614	0	0	0	0	0	0	0	0	
0.322	0.995363	0.0435265	1.0827	1.00466	2.71935	1.08774	0.954917	0	0	0	0	0	0	0	0	
0.323	0.995609	0.0435234	1.08251	1.00441	2.71822	1.08729	0.955228	0	0	0	0	0	0	0	0	
0.324	0.995879	0.0435191	1.08233	1.00414	2.71703	1.08681	0.955548	0	0	0	0	0	0	0	0	
0.325	0.996167	0.0435139	1.08216	1.00385	2.7158	1.08632	0.955876	0	0	0	0	0	0	0	0	
0.326	0.996462	0.0435076	1.08198	1.00355	2.71455	1.08582	0.956205	0	0	0	0	0	0	0	0	
0.327	0.996746	0.0435004	1.0818	1.00326	2.71333	1.08533	0.956528	0	0	0	0	0	0	0	0	
0.328	0.997	0.0434925	1.08163	1.00301	2.71221	1.08488	0.956837	0	0	0	0	0	0	0	0	
0.329	0.997205	0.043484	1.08146	1.0028	2.71122	1.08449	0.957123	0	0	0	0	0	0	0	0	
0.33	0.997352	0.0434753	1.08128	1.00265	2.71038	1.08415	0.957383	0	0	0	0	0	0	0	0	
0.331	0.997445	0.0434666	1.08111	1.00256	2.7097	1.08388	0.957618	0	0	0	0	0	0	0	0	
0.332	0.9975	0.0434582	1.08094	1.00251	2.70913	1.08365	0.957837	0	0	0	0	0	0	0	0	
0.333	0.99754	0.0434502	1.08077	1.00247	2.70859	1.08344	0.958048	0	0	0	0	0	0	0	0	
0.334	0.99758	0.043443	1.0806	1.00243	2.70806	1.08322	0.958259	0	0	0	0	0	0	0	0	
0.335	0.997626	0.0434365	1.08043	1.00238	2.7075	1.083	0.958474	0	0	0	0	0	0	0	0	
0.336	0.997678	0.043431	1.08026	1.00233	2.70693	1.08277	0.95869	0	0	0	0	0	0	0	0	
0.337	0.997734	0.0434265	1.08009	1.00227	2.70635	1.08254	0.958909	0	0	0	0	0	0	0	0	
0.338	0.997802	0.0434232	1.07991	1.0022	2.70573	1.08229	0.959133	0	0	0	0	0	0	0	0	
0.339	0.997888	0.0434211	1.07974	1.00212	2.70507	1.08203	0.959365	0	0	0	0	0	0	0	0	
0.34	0.997993	0.0434201	1.07957	1.00201	2.70434	1.08174	0.959605	0	0	0	0	0	0	0	0	
0.341	0.998107	0.0434202	1.07939	1.0019	2.7036	1.08144	0.959849	0	0	0	0	0	0	0	0	
0.342	0.99821	0.0434214	1.07921	1.00179	2.70287	1.08115	0.960089	0	0	0	0	0	0	0	0	
0.343	0.998289	0.0434237	1.07904	1.00171	2.70221	1.08089	0.960319	0	0	0	0	0	0	0	0	
0.344	0.998347	0.043427	1.07886	1.00166	2.70161	1.08064	0.96054	0	0	0	0	0	0	0	0	
0.345	0.998404	0.0434312	1.07868	1.0016	2.70101	1.0804	0.960761	0	0	0	0	0	0	0	0	
0.346	0.998488	0.043436	1.0785	1.00151	2.70033	1.08013	0.960992	0	0	0	0	0	0	0	0	
0.347	0.998628	0.0434411	1.07832	1.00137	2.69951	1.0798	0.961246	0	0	0	0	0	0	0	0	
0.348	0.998838	0.0434464	1.07814	1.00116	2.69849	1.0794	0.961528	0	0	0	0	0	0	0	0	
0.349	0.999109	0.0434513	1.07796	1.00089	2.69732	1.07893	0.961833	0	0	0	0	0	0	0	0	
0.35	0.999408	0.0434555	1.07779	1.00059	2.69606	1.07843	0.96215	0	0	0	0	0	0	0	0	
0.351	0.999688	0.043459	1.07761	1.00031	2.69487	1.07795	0.962458	0	0	0	0	0	0	0	0	
0.352	0.999908	0.0434616	1.07744	1.00009	2.69384	1.07754	0.962742	0	0	0	0	0	0	0	0	
0.353	1.00006	0.0434633	1.07726	0.999943	2.69301	1.0772	0.962995	0	0	0	0	0	0	0	0	
0.354	1.00015	0.0434641	1.07709	0.999849	2.69232	1.07693	0.963227	0	0	0	0	0	0	0	0	
0.355	1.00023	0.043464	1.07692	0.999771	2.69169	1.07668	0.963451	0	0	0	0	0	0	0	0	
0.356	1.00032	0.043463	1.07676	0.99968	2.69103	1.07641	0.963679	0	0	0	0	0	0	0	0	
0.357	1.00043	0.0434611	1.07659	0.999572	2.69032	1.07613	0.963913	0	0	0	0	0	0	0	0	
0.358	1.00054	0.0434583	1.07643	0.999463	2.68962	1.07585	0.964146	0	0	0	0	0	0	0	0	
0.359	1.00063	0.0434546	1.07627	0.999372	2.68897	1.07559	0.964373	0	0	0	0	0	0	0	0	
0.36	1.0007	0.0434502	1.07611	0.9993	2.68838	1.07535	0.964591	0	0	0	0	0	0	0	0	
0.361	1.00077	0.0434453	1.07595	0.999228	2.68779	1.07512	0.964809	0	0	0	0	0	0	0	0	
0.362	1.00087	0.04344	1.07579	0.999129	2.68713	1.07485	0.965037	0	0	0	0	0	0	0	0	
0.363	1.00101	0.0434343	1.07563	0.998995	2.68638	1.07455	0.965277	0	0	0	0	0	0	0	0	
0.364	1.00116	0.0434284	1.07548	0.998845	2.68559	1.07424	0.965523	0	0	0	0	0	0	0	0	
0.365	1.00129	0.0434225	1.07532	0.99871	2.68484	1.07394	0.965763	0	0	0	0	0	0	0	0	
0.366	1.00139	0.0434168	1.07517	0.998615	2.6842	1.07368	0.965988	0	0	0	0	0	0	0	0	
0.367	1.00144	0.0434115	1.07502	0.998561	2.68367	1.07347	0.966198	0	0	0	0	0	0	0	0	
0.368	1.00148	0.043407	1.07486	0.998523	2.68319	1.07327	0.966402	0	0	0	0	0	0	0	0	
0.369	1.00153	0.0434033	1.07471	0.998469	2.68265	1.07306	0.966611	0	0	0	0	0	0	0	0	
0.37	1.00163	0.0434006	1.07455	0.998368	2.68199	1.0728	0.966837	0	0	0	0	0	0	0	0	
0.371	1.0018	0.0433989	1.07439	0.998206	2.68117	1.07247	0.967085	0	0	0	0	0	0	0	0	
0.372	1.00203	0.0433982	1.07424	0.997978	2.68016	1.07206	0.967357	0	0	0	0	0	0	0	0	
0.373	1.00231	0.0433983	1.07408	0.997697	2.67901	1.0716	0.967648	0	0	0	0	0	0	0	0	
0.374	1.00261	0.0433994	1.07392	0.997395	2.6778	1.07112	0.967946	0	0	0	0	0	0	0	0	
0.375	1.00289	0.0434015	1.07376	0.997123	2.67666	1.07067	0.968234	0	0	0	0	0	0	0	0	
0.376	1.00308	0.0434046	1.07359	0.996932	2.67575	1.0703	0.968493	0	0	0	0	0	0	0	0	
0.377	1.00316	0.043409	1.07343	0.99685	2.67512	1.07005	0.968713	0	0	0	0	0	0	0	0	
0.378	1.00315	0.0434147	1.07326	0.996857	2.67473	1.06989	0.968903	0	0	0	0	0	0	0	0	
0.379	1.00312	0.0434217	1.0731	0.996889	2.6744	1.06976	0.969083	0	0	0	0	0	0	0	0	
0.38	1.00314	0.0434299	1.07293	0.996869	2.67393	1.06957	0.96928	0	0	0	0	0	0	0	0	
0.381	1.00326	0.0434388	1.07276	0.996752	2.6732	1.06928	0.96951	0	0	0	0	0	0	0	0	
0.382	1.00346	0.0434481	1.0726	0.996549	2.67224	1.06889	0.96977	0	0	0	0	0	0	0	0	
0.383	1.00369	0.0434574	1.07243	0.99632	2.67121	1.06848	0.970039	0	0	0	0	0	0	0	0	
0.384	1.00388	0.0434665	1.07226	0.996137	2.6703	1.06812	0.970293	0	0	0	0	0	0	0	0	
0.385	1.00398	0.0434751	1.0721	0.996036	2.66962	1.06785	0.970518	0	0	0	0	0	0	0	0	
0.386	1.00401	0.0434833	1.07193	0.996003	2.66912	1.06765	0.97072	0	0	0	0	0	0	0	0	
0.387	1.00404	0.0434908	1.07177	0.995977	2.66864	1.06746	0.970919	0	0	0	0	0	0	0	0	
0.388	1.00412	0.0434973	1.07161	0.995896	2.66803	1.06721	0.971134	0	0	0	0	0	0	0	0	
0.389	1.00428	0.0435025	1.07145	0.995738	2.66721	1.06688	0.971374	0	0	0	0	0	0	0	0	
0.39	1.00449	0.0435063	1.07129	0.995532	2.66627	1.06651	0.971629	0	0	0	0	0	0	0	0	
0.391	1.00467	0.0435084	1.07114	0.995347	2.66539	1.06616	0.971877	0	0	0	0	0	0	0	0	
0.392	1.00478	0.0435091	1.07099	0.995238	2.66473	1.06589	0.972101	0	0	0	0	0	0	0	0	
0.393	1.00481	0.0435085	1.07084	0.995214	2.6643	1.06572	0.972296	0	0	0	0	0	0	0	0	
0.394	1.00479	0.0435069	1.0707	0.995232	2.66398	1.06559	0.972477	0	0	0	0	0	0	0	0	
0.395	1.00479	0.0435043	1.07055	0.995232	2.66363	1.06545	0.972663	0	0	0	0	0	0	0	0	
0.396	1.00484	0.043501	1.07041	0.995179	2.66313	1.06525	0.972865	0	0	0	0	0	0	0	0	
0.397	1.00495	0.043497	1.07027	0.995074	2.6625	1.065	0.973083	0	0	0	0	0	0	0	0	
0.398	1.00508	0.0434924	1.07013	0.994944	2.66181	1.06472	0.973308	0	0	0	0	0	0	0	0	
0.399	1.00522	0.0434874	1.07	0.994806	2.6611	1.06444	0.973536	0	0	0	0	0	0	0	0	
0.4	1.00538	0.043482	1.06986	0.994653	2.66035	1.06414	0.973767	0	0	0	0	0	0	0	0	
0.401	1.00557	0.0434764	1.06972	0.994458	2.65949	1.0638	0.97401	0	0	0	0	0	0	0	0	
0.402	1.00583	0.0434704	1.06959	0.994201	2.65846	1.06339	0.974271	0	0	0	0	0	0	0	0	
0.403	1.00614	0.0434641	1.06945	0.993894	2.65731	1.06292	0.974546	0	0	0	0	0	0	0	0	
0.404	1.00645	0.0434573	1.06932	0.993595	2.65617	1.06247	0.974818	0	0	0	0	0	0	0	0	
0.405	1.00666	0.04345	1.06918	0.993381	2.65527	1.06211	0.975066	0	0	0	0	0	0	0	0	
0.406	1.00674	0.0434426	1.06905	0.993304	2.65473	1.06189	0.975273	0	0	0	0	0	0	0	0	
0.407	1.00668	0.0434352	1.06892	0.993363	2.65456	1.06182	0.97544	0	0	0	0	0	0	0	0	
0.408	1.00655	0.0434279	1.06879	0.993492	2.65458	1.06183	0.975586	0	0	0	0	0	0	0	0	
0.409	1.00645	0.043421	1.06866	0.993596	2.65453	1.06181	0.975739	0	0	0	0	0	0	0	0	
0.41	1.00645	0.0434144	1.06852	0.993587	2.65418	1.06167	0.975923	0	0	0	0	0	0	0	0	
0.411	1.00662	0.0434081	1.06839	0.993421	2.65341	1.06136	0.976152	0	0	0	0	0	0	0	0	
0.412	1.00693	0.043402	1.06826	0.993113	2.65226	1.0609	0.976421	0	0	0	0	0	0	0	0	
0.413	1.00731	0.0433963	1.06813	0.99274	2.65094	1.06037	0.976707	0	0	0	0	0	0	0	0	
0.414	1.00764	0.0433913	1.068	0.992413	2.64973	1.05989	0.976982	0	0	0	0	0	0	0	0	
0.415	1.00783	0.0433877	1.06786	0.992229	2.64891	1.05956	0.977218	0	0	0	0	0	0	0	0	
0.416	1.00785	0.0433858	1.06772	0.992213	2.64852	1.05941	0.977408	0	0	0	0	0	0	0	0	
0.417	1.00776	0.0433863	1.06758	0.992302	2.64841	1.05936	0.977569	0	0	0	0	0	0	0	0	
0.418	1.00768	0.0433894	1.06744	0.992379	2.64826	1.0593	0.977733	0	0	0	0	0	0	0	0	
0.419	1.00771	0.043395	1.06729	0.992346	2.64781	1.05912	0.977927	0	0	0	0	0	0	0	0	
0.42	1.00787	0.0434028	1.06714	0.992191	2.64703	1.05881	0.978152	0	0	0	0	0	0	0	0	
0.421	1.00807	0.0434125	1.06699	0.991991	2.64611	1.05845	0.978391	0	0	0	0	0	0	0	0	
0.422	1.00822	0.0434238	1.06684	0.99185	2.64535	1.05814	0.978616	0	0	0	0	0	0	0	0	
0.423	1.00824	0.0434364	1.06668	0.991824	2.6449	1.05796	0.978811	0	0	0	0	0	0	0	0	
0.424	1.00817	0.0434501	1.06652	0.991893	2.6447	1.05788	0.978982	0	0	0	0	0	0	0	0	
0.425	1.00809	0.0434645	1.06637	0.991979	2.64453	1.05781	0.979149	0	0	0	0	0	0	0	0	
0.426	1.00807	0.0434791	1.06621	0.991994	2.64419	1.05768	0.979332	0	0	0	0	0	0	0	0	
0.427	1.00818	0.0434932	1.06606	0.991884	2.64351	1.0574	0.979546	0	0	0	0	0	0	0	0	
0.428	1.00843	0.0435063	1.0659	0.991637	2.64247	1.05699	0.979793	0	0	0	0	0	0	0	0	
0.429	1.0088	0.0435178	1.06575	0.99128	2.64114	1.05645	0.980066	0	0	0	0	0	0	0	0	
0.43	1.00921	0.0435275	1.0656	0.990875	2.63968	1.05587	0.98035	0	0	0	0	0	0	0	0	
0.431	1.00958	0.0435352	1.06545	0.990513	2.63835	1.05534	0.980623	0	0	0	0	0	0	0	0	
0.432	1.00981	0.0435411	1.0653	0.99029	2.6374	1.05496	0.980862	0	0	0	0	0	0	0	0	
0.433	1.00983	0.0435453	1.06516	0.990268	2.63699	1.0548	0.981054	0	0	0	0	0	0	0	0	
0.434	1.00966	0.0435484	1.06502	0.990431	2.63708	1.05483	0.981201	0	0	0	0	0	0	0	0	
0.435	1.00939	0.0435506	1.06488	0.990695	2.63744	1.05498	0.981325	0	0	0	0	0	0	0	0	
0.436	1.00915	0.0435519	1.06475	0.990937	2.63775	1.0551	0.981452	0	0	0	0	0	0	0	0	
0.437	1.00902	0.0435525	1.06462	0.99106	2.63775	1.0551	0.981607	0	0	0	0	0	0	0	0	
0.438	1.00906	0.043552	1.06449	0.991019	2.63732	1.05493	0.981799	0	0	0	0	0	0	0	0	
0.439	1.00925	0.0435504	1.06436	0.990833	2.6365	1.0546	0.982023	0	0	0	0	0	0	0	0	
0.44	1.00952	0.0435477	1.06423	0.990573	2.63549	1.0542	0.982264	0	0	0	0	0	0	0	0	
0.441	1.00978	0.0435438	1.0641	0.990319	2.63451	1.0538	0.982503	0	0	0	0	0	0	0	0	
0.442	1.00998	0.043539	1.06398	0.990119	2.63367	1.05347	0.98273	0	0	0	0	0	0	0	0	
0.443	1.01013	0.0435337	1.06386	0.989967	2.63296	1.05318	0.982946	0	0	0	0	0	0	0	0	
0.444	1.01027	0.0435281	1.06374	0.989835	2.63231	1.05292	0.983156	0	0	0	0	0	0	0	0	
0.445	1.01041	0.0435224	1.06361	0.989702	2.63165	1.05266	0.983367	0	0	0	0	0	0	0	0	
0.446	1.01055	0.0435169	1.06349	0.989559	2.63097	1.05239	0.983578	0	0	0	0	0	0	0	0	
0.447	1.01071	0.0435116	1.06337	0.989406	2.63026	1.0521	0.983792	0	0	0	0	0	0	0	0	
0.448	1.01088	0.0435069	1.06325	0.989236	2.62951	1.0518	0.984008	0	0	0	0	0	0	0	0	
0.449	1.01108	0.0435026	1.06312	0.989042	2.62869	1.05147	0.984229	0	0	0	0	0	0	0	0	
0.45	1.01131	0.0434988	1.063	0.988816	2.62778	1.05111	0.984454	0	0	0	0	0	0	0	0	
0.451	1.01158	0.0434953	1.06288	0.988555	2.62678	1.05071	0.984687	0	0	0	0	0	0	0	0	
0.452	1.01187	0.0434921	1.06275	0.988264	2.6257	1.05028	0.984924	0	0	0	0	0	0	0	0	
0.453	1.01217	0.043489	1.06263	0.98798	2.62464	1.04986	0.985159	0	0	0	0	0	0	0	0	
0.454	1.01239	0.0434857	1.06251	0.987766	2.62377	1.04951	0.98538	0	0	0	0	0	0	0	0	
0.455	1.01246	0.0434824	1.06238	0.987694	2.62327	1.04931	0.985575	0	0	0	0	0	0	0	0	
0.456	1.01234	0.043479	1.06226	0.987806	2.62327	1.04931	0.985737	0	0	0	0	0	0	0	0	
0.457	1.01206	0.0434756	1.06214	0.98808	2.62369	1.04948	0.985869	0	0	0	0	0	0	0	0	
0.458	1.01171	0.0434721	1.06202	0.988427	2.62432	1.04973	0.985989	0	0	0	0	0	0	0	0	
0.459	1.0114	0.0434685	1.0619	0.988725	2.62482	1.04993	0.986117	0	0	0	0	0	0	0	0	
0.46	1.01125	0.0434646	1.06179	0.988874	2.62493	1.04997	0.986272	0	0	0	0	0	0	0	0	
0.461	1.01128	0.0434601	1.06167	0.988842	2.62456	1.04983	0.98646	0	0	0	0	0	0	0	0	
0.462	1.01147	0.0434553	1.06156	0.988658	2.6238	1.04952	0.986673	0	0	0	0	0	0	0	0	
0.463	1.01175	0.0434503	1.06145	0.988385	2.62279	1.04912	0.986902	0	0	0	0	0	0	0	0	
0.464	1.01206	0.0434457	1.06133	0.988084	2.62171	1.04868	0.987135	0	0	0	0	0	0	0	0	
0.465	1.01239	0.0434422	1.06122	0.987764	2.62058	1.04823	0.98737	0	0	0	0	0	0	0	0	
0.466	1.01277	0.0434406	1.0611	0.987388	2.61929	1.04771	0.987613	0	0	0	0	0	0	0	0	
0.467	1.01322	0.0434414	1.06097	0.986953	2.61783	1.04713	0.987864	0	0	0	0	0	0	0	0	
0.468	1.01363	0.0434452	1.06085	0.986551	2.61645	1.04658	0.988109	0	0	0	0	0	0	0	0	
0.469	1.01386	0.0434523	1.06071	0.986327	2.61553	1.04621	0.988327	0	0	0	0	0	0	0	0	
0.47	1.01378	0.0434633	1.06058	0.986404	2.61539	1.04616	0.9885	0	0	0	0	0	0	0	0	
0.471	1.01341	0.0434782	1.06043	0.986768	2.61601	1.0464	0.988631	0	0	0	0	0	0	0	0	
0.472	1.01294	0.0434969	1.06029	0.987225	2.61686	1.04674	0.988748	0	0	0	0	0	0	0	0	
0.473	1.01264	0.0435186	1.06014	0.987521	2.61728	1.04691	0.988889	0	0	0	0	0	0	0	0	
0.474	1.01264	0.0435424	1.05999	0.987521	2.61691	1.04676	0.989073	0	0	0	0	0	0	0	0	
0.475	1.01293	0.0435673	1.05984	0.987239	2.61578	1.04631	0.989297	0	0	0	0	0	0	0	0	
0.476	1.01344	0.0435925	1.05968	0.986741	2.61408	1.04563	0.989552	0	0	0	0	0	0	0	0	
0.477	1.01405	0.0436173	1.05953	0.98614	2.61211	1.04484	0.989819	0	0	0	0	0	0	0	0	
0.478	1.01459	0.0436413	1.05937	0.985624	2.61036	1.04414	0.990072	0	0	0	0	0	0	0	0	
0.479	1.01485	0.0436643	1.05922	0.98537	2.60931	1.04372	0.990291	0	0	0	0	0	0	0	0	
0.48	1.01475	0.0436859	1.05907	0.985464	2.60919	1.04368	0.990464	0	0	0	0	0	0	0	0	
0.481	1.01433	0.0437056	1.05893	0.985877	2.60992	1.04397	0.990597	0	0	0	0	0	0	0	0	
0.482	1.01376	0.0437225	1.05878	0.986429	2.61104	1.04442	0.990713	0	0	0	0	0	0	0	0	
0.483	1.01331	0.0437355	1.05865	0.986868	2.61188	1.04475	0.990843	0	0	0	0	0	0	0	0	
0.484	1.01315	0.0437431	1.05853	0.987021	2.61197	1.04479	0.991007	0	0	0	0	0	0	0	0	
0.485	1.01317	0.0437447	1.05841	0.987004	2.61165	1.04466	0.991193	0	0	0	0	0	0	0	0	
0.486	1.01333	0.0437401	1.05831	0.98685	2.61097	1.04439	0.991394	0	0	0	0	0	0	0	0	
0.487	1.01378	0.0437299	1.05821	0.986407	2.60956	1.04383	0.991626	0	0	0	0	0	0	0	0	
0.488	1.01449	0.0437151	1.05812	0.985715	2.6075	1.043	0.991882	0	0	0	0	0	0	0	0	
0.489	1.01518	0.0436978	1.05803	0.985046	2.60551	1.0422	0.992135	0	0	0	0	0	0	0	0	
0.49	1.01558	0.0436804	1.05794	0.984659	2.60427	1.04171	0.992358	0	0	0	0	0	0	0	0	
0.491	1.01571	0.0436659	1.05784	0.984535	2.60371	1.04148	0.992551	0	0	0	0	0	0	0	0	
0.492	1.01573	0.0436565	1.05774	0.984513	2.6034	1.04136	0.992733	0	0	0	0	0	0	0	0	
0.493	1.01571	0.0436536	1.05763	0.984537	2.60319	1.04128	0.992912	0	0	0	0	0	0	0	0	
0.494	1.01562	0.0436575	1.05751	0.984616	2.6031	1.04124	0.993086	0	0	0	0	0	0	0	0	
0.495	1.01537	0.0436674	1.05738	0.984867	2.60345	1.04138	0.993248	0	0	0	0	0	0	0	0	
0.496	1.01488	0.0436817	1.05725	0.985338	2.60437	1.04175	0.99339	0	0	0	0	0	0	0	0	
0.497	1.01447	0.0436976	1.05712	0.985736	2.6051	1.04204	0.99354	0	0	0	0	0	0	0	0	
0.498	1.01444	0.0437118	1.05699	0.985764	2.60485	1.04194	0.993722	0	0	0	0	0	0	0	0	
0.499	1.01475	0.0437213	1.05686	0.985465	2.60376	1.0415	0.993932	0	0	0	0	0	0	0	0	
0.5	1.01516	0.0437244	1.05675	0.985066	2.60242	1.04097	0.994149	0	0	0	0	0	0	0	0	
0.501	1.0155	0.0437207	1.05664	0.984732	2.60128	1.04051	0.994359	0	0	0	0	0	0	0	0	
0.502	1.01588	0.0437113	1.05655	0.984368	2.60008	1.04003	0.994569	0	0	0	0	0	0	0	0	
0.503	1.01628	0.0436979	1.05645	0.983979	2.59882	1.03953	0.994779	0	0	0	0	0	0	0	0	
0.504	1.01655	0.0436831	1.05636	0.983717	2.59791	1.03916	0.994979	0	0	0	0	0	0	0	0	
0.505	1.01666	0.0436693	1.05627	0.983613	2.59741	1.03896	0.995168	0	0	0	0	0	0	0	0	
0.506	1.01692	0.0436584	1.05618	0.983361	2.59651	1.0386	0.995364	0	0	0	0	0	0	0	0	
0.507	1.01724	0.0436509	1.05608	0.983049	2.59544	1.03817	0.995564	0	0	0	0	0	0	0	0	
0.508	1.01734	0.043647	1.05597	0.982955	2.59493	1.03797	0.995751	0	0	0	0	0	0	0	0	
0.509	1.01721	0.0436478	1.05586	0.983081	2.59499	1.03799	0.995926	0	0	0	0	0	0	0	0	
0.51	1.01698	0.0436535	1.05574	0.983302	2.59528	1.03811	0.996097	0	0	0	0	0	0	0	0	
0.511	1.01626	0.0436626	1.05562	0.984005	2.59684	1.03873	0.996246	0	0	0	0	0	0	0	0	
0.512	1.01552	0.0436769	1.05549	0.984715	2.5984	1.03936	0.996397	0	0	0	0	0	0	0	0	
0.513	1.01544	0.0437068	1.05534	0.984797	2.59825	1.0393	0.996579	0	0	0	0	0	0	0	0	
0.514	1.01585	0.0437535	1.05517	0.984394	2.59676	1.0387	0.996786	0	0	0	0	0	0	0	0	
0.515	1.01637	0.0437888	1.05501	0.983897	2.59506	1.03802	0.996996	0	0	0	0	0	0	0	0	
0.516	1.01597	0.0437911	1.0549	0.984282	2.59581	1.03832	0.997168	0	0	0	0	0	0	0	0	
0.517	1.01644	0.0437992	1.05479	0.983823	2.59431	1.03772	0.997369	0	0	0	0	0	0	0	0	
0.518	1.01716	0.0438336	1.05463	0.983127	2.59209	1.03684	0.997579	0	0	0	0	0	0	0	0	
0.519	1.01751	0.0437843	1.05459	0.982787	2.59111	1.03644	0.997773	0	0	0	0	0	0	0	0	
0.52	1.01772	0.0436144	1.05473	0.982587	2.59092	1.03637	0.997958	0	0	0	0	0	0	0	0	
0.521	1.01757	0.0436147	1.05463	0.982733	2.59104	1.03642	0.998137	0	0	0	0	0	0	0	0	
0.522	1.01739	0.0439457	1.05404	0.982904	2.59006	1.03602	0.998324	0	0	0	0	0	0	0	0	
0.523	1.01782	0.0438436	1.05408	0.982488	2.58906	1.03562	0.998515	0	0	0	0	0	0	0	0	
0.524	1.01862	0.0430438	1.05514	0.981718	2.58962	1.03585	0.998699	0	0	0	0	0	0	0	0	
0.525	1.0182	0.0433241	1.05463	0.982127	2.58945	1.03578	0.998881	0	0	0	0	0	0	0	0	
0.526	1.01633	0.0452337	1.05176	0.983936	2.58716	1.03487	0.999066	0	0	0	0	0	0	0	0	
0.527	1.01694	0.0449707	1.05201	0.983341	2.58622	1.03449	0.999254	0	0	0	0	0	0	0	0	
0.528	1.02311	0.0392791	1.05986	0.977412	2.58979	1.03592	0.999442	0	0	0	0	0	0	0	0	
0.529	1.01892	0.0400587	1.05433	0.981433	2.58688	1.03475	0.999621	0	0	0	0	0	0	0	0	
0.53	0.990954	0.0299541	1.01422	1.00913	2.55871	1.02348	0.999803	0	0	0	0	0	0	0	0	
0.531	0.909168	-0.0966616	0.894134	1.09991	2.45866	0.983465	0.999941	0	0	0	0	0	0	0	0	
0.532	0.694122	-0.355936	0.630251	1.44067	2.26996	0.907984	0.999993	0	0	0	0	0	0	0	0	
0.533	0.259259	-1.35769	0.0967742	3.85715	0.933181	0.373272	1	0	0	0	0	0	0	0	0	
0.534	0.259259	-1.35769	0.0967742	3.85715	0.933181	0.373272	1	0	0	0	0	0	0	0	0	
0.535	0.259259	-1.35769	0.0967742	3.85715	0.933181	0.373272	1	0	0	0	0	0	0	0	0	
0.536	0.259259	-1.35769	0.0967742	3.85715	0.933181	0.373272	1	0	0	0	0	0	0	0	0	
0.537	0.259259	-1.35769	0.0967742	3.85715	0.933181	0.373272	1	0	0	0	0	0	0	0	0	
0.538	0.259259	-1.35769	0.0967742	3.85715	0.933181	0.373272	1	0	0	0	0	0	0	0	0	
0.539	0.259259	-1.35769	0.0967742	3.85715	0.933181	0.373272	1	0	0	0	0	0	0	0	0	
0.54	0.259259	-1.35769	0.0967742	3.85715	0.933181	0.373272	1	0	0	0	0	0	0	0	0	
0.541	0.259259	-1.35769	0.0967742	3.85715	0.933181	0.373272	1	0	0	0	0	0	0	0	0	
0.542	0.259259	-1.35769	0.0967742	3.85715	0.933181	0.373272	1	0	0	0	0	0	0	0	0	
0.543	0.259259	-1.35769	0.0967742	3.85715	0.933181	0.373272	1	0	0	0	0	0	0	0	0	
0.544	0.259259	-1.35769	0.0967742	3.85715	0.933181	0.373272	1	0	0	0	0	0	0	0	0	
0.545	0.259259	-1.35769	0.0967742	3.85715	0.933181	0.373272	1	0	0	0	0	0	0	0	0	
0.546	0.259259	-1.35769	0.0967742	3.85715	0.933181	0.373272	1	0	0	0	0	0	0	0	0	
0.547	0.259259	-1.35769	0.0967742	3.85715	0.933181	0.373272	1	0	0	0	0	0	0	0	0	
0.548	0.259259	-1.35769	0.0967742	3.85715	0.933181	0.373272	1	0	0	0	0	0	0	0	0	
0.549	0.259259	-1.35769	0.0967742	3.85715	0.933181	0.373272	1	0	0	0	0	0	0	0	0	
0.55	0.259259	-1.35769	0.0967742	3.85715	0.933181	0.373272	1	0	0	0	0	0	0	0	0	
0.551	0.259259	-1.35769	0.0967742	3.85715	0.933181	0.373272	1	0	0	0	0	0	0	0	0	
0.552	0.259259	-1.35769	0.0967742	3.85715	0.933181	0.373272	1	0	0	0	0	0	0	0	0	
0.553	0.259259	-1.35769	0.0967742	3.85715	0.933181	0.373272	1	0	0	0	0	0	0	0	0	
0.554	0.259259	-1.35769	0.0967742	3.85715	0.933181	0.373272	1	0	0	0	0	0	0	0	0	
0.555	0.259259	-1.35769	0.0967742	3.85715	0.933181	0.373272	1	0	0	0	0	0	0	0	0	
0.556	0.259259	-1.35769	0.0967742	3.85715	0.933181	0.373272	1	0	0	0	0	0	0	0	0	
0.557	0.259259	-1.35769	0.0967742	3.85715	0.933181	0.373272	1	0	0	0	0	0	0	0	0	
0.558	0.259259	-1.35769	0.0967742	3.85715	0.933181	0.373272	1	0	0	0	0	0	0	0	0	
0.559	0.259259	-1.35769	0.0967742	3.85715	0.933181	0.373272	1	0	0	0	0	0	0	0	0	
0.56	0.259259	-1.35769	0.0967742	3.85715	0.933181	0.373272	1	0	0	0	0	0	0	0	0	
0.561	0.259259	-1.35769	0.0967742	3.85715	0.933181	0.373272	1	0	0	0	0	0	0	0	0	
0.562	0.259259	-1.35769	0.0967742	3.85715	0.933181	0.373272	1	0	0	0	0	0	0	0	0	
0.563	0.259259	-1.35769	0.0967742	3.85715	0.933181	0.373272	1	0	0	0	0	0	0	0	0	
0.564	0.259259	-1.35769	0.0967742	3.85715	0.933181	0.373272	1	0	0	0	0	0	0	0	0	
0.565	0.259259	-1.35769	0.0967742	3.85715	0.933181	0.373272	1	0	0	0	0	0	0	0	0	
0.566	0.259259	-1.35769	0.0967742	3.85715	0.933181	0.373272	1	0	0	0	0	0	0	0	0	
0.567	0.259259	-1.35769	0.0967742	3.85715	0.933181	0.373272	1	0	0	0	0	0	0	0	0	
0.568	0.259259	-1.35769	0.0967742	3.85715	0.933181	0.373272	1	0	0	0	0	0	0	0	0	
0.569	0.259259	-1.35769	0.0967742	3.85715	0.933181	0.373272	1	0	0	0	0	0	0	0	0	
0.57	0.259259	-1.35769	0.0967742	3.85715	0.933181	0.373272	1	0	0	0	0	0	0	0	0	
0.571	0.259259	-1.35769	0.0967742	3.85715	0.933181	0.373272	1	0	0	0	0	0	0	0	0	
0.572	0.259259	-1.35769	0.0967742	3.85715	0.933181	0.373272	1	0	0	0	0	0	0	0	0	
0.573	0.259259	-1.35769	0.0967742	3.85715	0.933181	0.373272	1	0	0	0	0	0	0	0	0	
0.574	0.259259	-1.35769	0.0967742	3.85715	0.933181	0.373272	1	0	0	0	0	0	0	0	0	
0.575	0.259259	-1.35769	0.0967742	3.85715	0.933181	0.373272	1	0	0	0	0	0	0	0	0	
0.576	0.259259	-1.35769	0.0967742	3.85715	0.933181	0.373272	1	0	0	0	0	0	0	0	0	
0.577	0.259259	-1.35769	0.0967742	3.85715	0.933181	0.373272	1	0	0	0	0	0	0	0	0	
0.578	0.259259	-1.35769	0.0967742	3.85715	0.933181	0.373272	1	0	0	0	0	0	0	0	0	
0.579	0.259259	-1.35769	0.0967742	3.85715	0.933181	0.373272	1	0	0	0	0	0	0	0	0	
0.58	0.259259	-1.35769	0.0967742	3.85715	0.933181	0.373272	1	0	0	0	0	0	0	0	0	
0.581	0.259259	-1.35769	0.0967742	3.85715	0.933181	0.373272	1	0	0	0	0	0	0	0	0	
0.582	0.259259	-1.35769	0.0967742	3.85715	0.933181	0.373272	1	0	0	0	0	0	0	0	0	
0.583	0.259259	-1.35769	0.0967742	3.85715	0.933181	0.373272	1	0	0	0	0	0	0	0	0	
0.584	0.259259	-1.35769	0.0967742	3.85715	0.933181	0.373272	1	0	0	0	0	0	0	0	0	
0.585	0.259259	-1.35769	0.0967742	3.85715	0.933181	0.373272	1	0	0	0	0	0	0	0	0	
0.586	0.259259	-1.35769	0.0967742	3.85715	0.933181	0.373272	1	0	0	0	0	0	0	0	0	
0.587	0.259259	-1.35769	0.0967742	3.85715	0.933181	0.373272	1	0	0	0	0	0	0	0	0	
0.588	0.259259	-1.35769	0.0967742	3.85715	0.933181	0.373272	1	0	0	0	0	0	0	0	0	
0.589	0.259259	-1.35769	0.0967742	3.85715	0.933181	0.373272	1	0	0	0	0	0	0	0	0	
0.59	0.259259	-1.35769	0.0967742	3.85715	0.933181	0.373272	1	0	0	0	0	0	0	0	0	
0.591	0.259259	-1.35769	0.0967742	3.85715	0.933181	0.373272	1	0	0	0	0	0	0	0	0	
0.592	0.259259	-1.35769	0.0967742	3.85715	0.933181	0.373272	1	0	0	0	0	0	0	0	0	
0.593	0.259259	-1.35769	0.0967742	3.85715	0.933181	0.373272	1	0	0	0	0	0	0	0	0	
0.594	0.259259	-1.35769	0.0967742	3.85715	0.933181	0.373272	1	0	0	0	0	0	0	0	0	
0.595	0.259259	-1.35769	0.0967742	3.85715	0.933181	0.373272	1	0	0	0	0	0	0	0	0	
0.596	0.259259	-1.35769	0.0967742	3.85715	0.933181	0.373272	1	0	0	0	0	0	0	0	0	
0.597	0.259259	-1.35769	0.0967742	3.85715	0.933181	0.373272	1	0	0	0	0	0	0	0	0	
0.598	0.259259	-1.35769	0.0967742	3.85715	0.933181	0.373272	1	0	0	0	0	0	0	0	0	
0.599	0.259259	-1.35769	0.0967742	3.85715	0.933181	0.373272	1	0	0	0	0	0	0	0	0	
0.6	0.259259	-1.35769	0.0967742	3.85715	0.933181	0.373272	1	0	0	0	0	0	0	0	0	
0.601	0.259259	-1.35769	0.0967742	3.85715	0.933181	0.373272	1	0	0	0	0	0	0	0	0	
0.602	0.259259	-1.35769	0.0967742	3.85715	0.933181	0.373272	1	0	0	0	0	0	0	0	0	
0.603	0.259259	-1.35769	0.0967742	3.85715	0.933181	0.373272	1	0	0	0	0	0	0	0	0	
0.604	0.259259	-1.35769	0.0967742	3.85715	0.933181	0.373272	1	0	0	0	0	0	0	0	0	
0.605	0.259259	-1.35769	0.0967742	3.85715	0.933181	0.373272	1	0	0	0	0	0	0	0	0	
0.606	0.259259	-1.35769	0.0967742	3.85715	0.933181	0.373272	1	0	0	0	0	0	0	0	0	
0.607	0.259259	-1.35769	0.0967742	3.85715	0.933181	0.373272	1	0	0	0	0	0	0	0	0	
0.608	0.259259	-1.35769	0.0967742	3.85715	0.933181	0.373272	1	0	0	0	0	0	0	0	0	
0.609	0.259259	-1.35769	0.0967742	3.85715	0.933181	0.373272	1	0	0	0	0	0	0	0	0	
0.61	0.259259	-1.35769	0.0967742	3.85715	0.933181	0.373272	1	0	0	0	0	0	0	0	0	
0.611	0.259259	-1.35769	0.0967742	3.85715	0.933181	0.373272	1	0	0	0	0	0	0	0	0	
0.612	0.259259	-1.35769	0.0967742	3.85715	0.933181	0.373272	1	0	0	0	0	0	0	0	0	
0.613	0.259259	-1.35769	0.0967742	3.85715	0.933181	0.373272	1	0	0	0	0	0	0	0	0	
0.614	0.259259	-1.35769	0.0967742	3.85715	0.933181	0.373272	1	0	0	0	0	0	0	0	0	
0.615	0.259259	-1.35769	0.0967742	3.85715	0.933181	0.373272	1	0	0	0	0	0	0	0	0	
0.616	0.259259	-1.35769	0.0967742	3.85715	0.933181	0.373272	1	0	0	0	0	0	0	0	0	
0.617	0.259259	-1.35769	0.0967742	3.85715	0.933181	0.373272	1	0	0	0	0	0	0	0	0	
0.618	0.259259	-1.35769	0.0967742	3.85715	0.933181	0.373272	1	0	0	0	0	0	0	0	0	
0.619	0.259259	-1.35769	0.0967742	3.85715	0.933181	0.373272	1	0	0	0	0	0	0	0	0	
0.62	0.259259	-1.35769	0.0967742	3.85715	0.933181	0.373272	1	0	0	0	0	0	0	0	0	
0.621	0.259259	-1.35769	0.0967742	3.85715	0.933181	0.373272	1	0	0	0	0	0	0	0	0	
0.622	0.259259	-1.35769	0.0967742	3.85715	0.933181	0.373272	1	0	0	0	0	0	0	0	0	
0.623	0.259259	-1.35769	0.0967742	3.85715	0.933181	0.373272	1	0	0	0	0	0	0	0	0	
0.624	0.259259	-1.35769	0.0967742	3.85715	0.933181	0.373272	1	0	0	0	0	0	0	0	0	
0.625	0.259259	-1.35769	0.0967742	3.85715	0.933181	0.373272	1	0	0	0	0	0	0	0	0	
0.626	0.259259	-1.35769	0.0967742	3.85715	0.933181	0.373272	1	0	0	0	0	0	0	0	0	
0.627	0.259259	-1.35769	0.0967742	3.85715	0.933181	0.373272	1	0	0	0	0	0	0	0	0	
0.628	0.259259	-1.35769	0.0967742	3.85715	0.933181	0.373272	1	0	0	0	0	0	0	0	0	
0.629	0.259259	-1.35769	0.0967742	3.85715	0.933181	0.373272	1	0	0	0	0	0	0	0	0	
0.63	0.259259	-1.35769	0.0967742	3.85715	0.933181	0.373272	1	0	0	0	0	0	0	0	0	
0.631	0.259259	-1.35769	0.0967742	3.85715	0.933181	0.373272	1	0	0	0	0	0	0	0	0	
0.632	0.259259	-1.35769	0.0967742	3.85715	0.933181	0.373272	1	0	0	0	0	0	0	0	0	
0.633	0.259259	-1.35769	0.0967742	3.85715	0.933181	0.373272	1	0	0	0	0	0	0	0	0	
0.634	0.259259	-1.35769	0.0967742	3.85715	0.933181	0.373272	1	0	0	0	0	0	0	0	0	
0.635	0.259259	-1.35769	0.0967742	3.85715	0.933181	0.373272	1	0	0	0	0	0	0	0	0	
0.636	0.259259	-1.35769	0.0967742	3.85715	0.933181	0.373272	1	0	0	0	0	0	0	0	0	
0.637	0.259259	-1.35769	0.0967742	3.85715	0.933181	0.373272	1	0	0	0	0	0	0	0	0	
0.638	0.259259	-1.35769	0.0967742	3.85715	0.933181	0.373272	1	0	0	0	0	0	0	0	0	
0.639	0.259259	-1.35769	0.0967742	3.85715	0.933181	0.373272	1	0	0	0	0	0	0	0	0	
0.64	0.259259	-1.35769	0.0967742	3.85715	0.933181	0.373272	1	0	0	0	0	0	0	0	0	
0.641	0.259259	-1.35769	0.0967742	3.85715	0.933181	0.373272	1	0	0	0	0	0	0	0	0	
0.642	0.259259	-1.35769	0.0967742	3.85715	0.933181	0.373272	1	0	0	0	0	0	0	0	0	
0.643	0.259259	-1.35769	0.0967742	3.85715	0.933181	0.373272	1	0	0	0	0	0	0	0	0	
0.644	0.259259	-1.35769	0.0967742	3.85715	0.933181	0.373272	1	0	0	0	0	0	0	0	0	
0.645	0.259259	-1.35769	0.0967742	3.85715	0.933181	0.373272	1	0	0	0	0	0	0	0	0	
0.646	0.259259	-1.35769	0.0967742	3.85715	0.933181	0.373272	1	0	0	0	0	0	0	0	0	
0.647	0.259259	-1.35769	0.0967742	3.85715	0.933181	0.373272	1	0	0	0	0	0	0	0	0	
0.648	0.259259	-1.35769	0.0967742	3.85715	0.933181	0.373272	1	0	0	0	0	0	0	0	0	
0.649	0.259259	-1.35769	0.0967742	3.85715	0.933181	0.373272	1	0	0	0	0	0	0	0	0	
0.65	0.259259	-1.35769	0.0967742	3.85715	0.933181	0.373272	1	0	0	0	0	0	0	0	0	
0.651	0.259259	-1.35769	0.0967742	3.85715	0.933181	0.373272	1	0	0	0	0	0	0	0	0	
0.652	0.259259	-1.35769	0.0967742	3.85715	0.933181	0.373272	1	0	0	0	0	0	0	0	0	
0.653	0.259259	-1.35769	0.0967742	3.85715	0.933181	0.373272	1	0	0	0	0	0	0	0	0	
0.654	0.259259	-1.35769	0.0967742	3.85715	0.933181	0.373272	1	0	0	0	0	0	0	0	0	
0.655	0.259259	-1.35769	0.0967742	3.85715	0.933181	0.373272	1	0	0	0	0	0	0	0	0	
0.656	0.259259	-1.35769	0.0967742	3.85715	0.933181	0.373272	1	0	0	0	0	0	0	0	0	
0.657	0.259259	-1.35769	0.0967742	3.85715	0.933181	0.373272	1	0	0	0	0	0	0	0	0	
0.658	0.259259	-1.35769	0.0967742	3.85715	0.933181	0.373272	1	0	0	0	0	0	0	0	0	
0.659	0.259259	-1.35769	0.0967742	3.85715	0.933181	0.373272	1	0	0	0	0	0	0	0	0	
0.66	0.259259	-1.35769	0.0967742	3.85715	0.933181	0.373272	1	0	0	0	0	0	0	0	0	
0.661	0.259259	-1.35769	0.0967742	3.85715	0.933181	0.373272	1	0	0	0	0	0	0	0	0	
0.662	0.259259	-1.35769	0.0967742	3.85715	0.933181	0.373272	1	0	0	0	0	0	0	0	0	
0.663	0.259259	-1.35769	0.0967742	3.85715	0.933181	0.373272	1	0	0	0	0	0	0	0	0	
0.664	0.259259	-1.35769	0.0967742	3.85715	0.933181	0.373272	1	0	0	0	0	0	0	0	0	
0.665	0.259259	-1.35769	0.0967742	3.85715	0.933181	0.373272	1	0	0	0	0	0	0	0	0	
0.666	0.259259	-1.35769	0.0967742	3.85715	0.933181	0.373272	1	0	0	0	0	0	0	0	0	
0.667	0.259259	-1.35769	0.0967742	3.85715	0.933181	0.373272	1	0	0	0	0	0	0	0	0	
0.668	0.259259	-1.35769	0.0967742	3.85715	0.933181	0.373272	1	0	0	0	0	0	0	0	0	
0.669	0.259259	-1.35769	0.0967742	3.85715	0.933181	0.373272	1	0	0	0	0	0	0	0	0	
0.67	0.259259	-1.35769	0.0967742	3.85715	0.933181	0.373272	1	0	0	0	0	0	0	0	0	
0.671	0.259259	-1.35769	0.0967742	3.85715	0.933181	0.373272	1	0	0	0	0	0	0	0	0	
0.672	0.259259	-1.35769	0.0967742	3.85715	0.933181	0.373272	1	0	0	0	0	0	0	0	0	
0.673	0.259259	-1.35769	0.0967742	3.85715	0.933181	0.373272	1	0	0	0	0	0	0	0	0	
0.674	0.259259	-1.35769	0.0967742	3.85715	0.933181	0.373272	1	0	0	0	0	0	0	0	0	
0.675	0.259259	-1.35769	0.0967742	3.85715	0.933181	0.373272	1	0	0	0	0	0	0	0	0	
0.676	0.259259	-1.35769	0.0967742	3.85715	0.933181	0.373272	1	0	0	0	0	0	0	0	0	
0.677	0.259259	-1.35769	0.0967742	3.85715	0.933181	0.373272	1	0	0	0	0	0	0	0	0	
0.678	0.259259	-1.35769	0.0967742	3.85715	0.933181	0.373272	1	0	0	0	0	0	0	0	0	
0.679	0.259259	-1.35769	0.0967742	3.85715	0.933181	0.373272	1	0	0	0	0	0	0	0	0	
0.68	0.259259	-1.35769	0.0967742	3.85715	0.933181	0.373272	1	0	0	0	0	0	0	0	0	
0.681	0.259259	-1.35769	0.0967742	3.85715	0.933181	0.373272	1	0	0	0	0	0	0	0	0	
0.682	0.259259	-1.35769	0.0967742	3.85715	0.933181	0.373272	1	0	0	0	0	0	0	0	0	
0.683	0.259259	-1.35769	0.0967742	3.85715	0.933181	0.373272	1	0	0	0	0	0	0	0	0	
0.684	0.259259	-1.35769	0.0967742	3.85715	0.933181	0.373272	1	0	0	0	0	0	0	0	0	
0.685	0.259259	-1.35769	0.0967742	3.85715	0.933181	0.373272	1	0	0	0	0	0	0	0	0	
0.686	0.259259	-1.35769	0.0967742	3.85715	0.933181	0.373272	1	0	0	0	0	0	0	0	0	
0.687	0.259259	-1.35769	0.0967742	3.85715	0.933181	0.373272	1	0	0	0	0	0	0	0	0	
0.688	0.259259	-1.35769	0.0967742	3.85715	0.933181	0.373272	1	0	0	0	0	0	0	0	0	
0.689	0.259259	-1.35769	0.0967742	3.85715	0.933181	0.373272	1	0	0	0	0	0	0	0	0	
0.69	0.259259	-1.35769	0.0967742	3.85715	0.933181	0.373272	1	0	0	0	0	0	0	0	0	
0.691	0.259259	-1.35769	0.0967742	3.85715	0.933181	0.373272	1	0	0	0	0	0	0	0	0	
0.692	0.259259	-1.35769	0.0967742	3.85715	0.933181	0.373272	1	0	0	0	0	0	0	0	0	
0.693	0.259259	-1.35769	0.0967742	3.85715	0.933181	0.373272	1	0	0	0	0	0	0	0	0	
0.694	0.259259	-1.35769	0.0967742	3.85715	0.933181	0.373272	1	0	0	0	0	0	0	0	0	
0.695	0.259259	-1.35769	0.0967742	3.85715	0.933181	0.373272	1	0	0	0	0	0	0	0	0	
0.696	0.259259	-1.35769	0.0967742	3.85715	0.933181	0.373272	1	0	0	0	0	0	0	0	0	
0.697	0.259259	-1.35769	0.0967742	3.85715	0.933181	0.373272	1	0	0	0	0	0	0	0	0	
0.698	0.259259	-1.35769	0.0967742	3.85715	0.933181	0.373272	1	0	0	0	0	0	0	0	0	
0.699	0.259259	-1.35769	0.0967742	3.85715	0.933181	0.373272	1	0	0	0	0	0	0	0	0	
0.7	0.259259	-1.35769	0.0967742	3.85715	0.933181	0.373272	1	0	0	0	0	0	0	0	0	
0.701	0.259259	-1.35769	0.0967742	3.85715	0.933181	0.373272	1	0	0	0	0	0	0	0	0	
0.702	0.259259	-1.35769	0.0967742	3.85715	0.933181	0.373272	1	0	0	0	0	0	0	0	0	
0.703	0.259259	-1.35769	0.0967742	3.85715	0.933181	0.373272	1	0	0	0	0	0	0	0	0	
0.704	0.259259	-1.35769	0.0967742	3.85715	0.933181	0.373272	1	0	0	0	0	0	0	0	0	
0.705	0.259259	-1.35769	0.0967742	3.85715	0.933181	0.373272	1	0	0	0	0	0	0	0	0	
0.706	0.259259	-1.35769	0.0967742	3.85715	0.933181	0.373272	1	0	0	0	0	0	0	0	0	
0.707	0.259259	-1.35769	0.0967742	3.85715	0.933181	0.373272	1	0	0	0	0	0	0	0	0	
0.708	0.259259	-1.35769	0.0967742	3.85715	0.933181	0.373272	1	0	0	0	0	0	0	0	0	
0.709	0.259259	-1.35769	0.0967742	3.85715	0.933181	0.373272	1	0	0	0	0	0	0	0	0	
0.71	0.259259	-1.35769	0.0967742	3.85715	0.933181	0.373272	1	0	0	0	0	0	0	0	0	
0.711	0.259259	-1.35769	0.0967742	3.85715	0.933181	0.373272	1	0	0	0	0	0	0	0	0	
0.712	0.259259	-1.35769	0.0967742	3.85715	0.933181	0.373272	1	0	0	0	0	0	0	0	0	
0.713	0.259259	-1.35769	0.0967742	3.85715	0.933181	0.373272	1	0	0	0	0	0	0	0	0	
0.714	0.259259	-1.35769	0.0967742	3.85715	0.933181	0.373272	1	0	0	0	0	0	0	0	0	
0.715	0.259259	-1.35769	0.0967742	3.85715	0.933181	0.373272	1	0	0	0	0	0	0	0	0	
0.716	0.259259	-1.35769	0.0967742	3.85715	0.933181	0.373272	1	0	0	0	0	0	0	0	0	
0.717	0.259259	-1.35769	0.0967742	3.85715	0.933181	0.373272	1	0	0	0	0	0	0	0	0	
0.718	0.259259	-1.35769	0.0967742	3.85715	0.933181	0.373272	1	0	0	0	0	0	0	0	0	
0.719	0.259259	-1.35769	0.0967742	3.85715	0.933181	0.373272	1	0	0	0	0	0	0	0	0	
0.72	0.259259	-1.35769	0.0967742	3.85715	0.933181	0.373272	1	0	0	0	0	0	0	0	0	
0.721	0.259259	-1.35769	0.0967742	3.85715	0.933181	0.373272	1	0	0	0	0	0	0	0	0	
0.722	0.259259	-1.35769	0.0967742	3.85715	0.933181	0.373272	1	0	0	0	0	0	0	0	0	
0.723	0.259259	-1.35769	0.0967742	3.85715	0.933181	0.373272	1	0	0	0	0	0	0	0	0	
0.724	0.259259	-1.35769	0.0967742	3.85715	0.933181	0.373272	1	0	0	0	0	0	0	0	0	
0.725	0.259259	-1.35769	0.0967742	3.85715	0.933181	0.373272	1	0	0	0	0	0	0	0	0	
0.726	0.259259	-1.35769	0.0967742	3.85715	0.933181	0.373272	1	0	0	0	0	0	0	0	0	
0.727	0.259259	-1.35769	0.0967742	3.85715	0.933181	0.373272	1	0	0	0	0	0	0	0	0	
0.728	0.259259	-1.35769	0.0967742	3.85715	0.933181	0.373272	1	0	0	0	0	0	0	0	0	
0.729	0.259259	-1.35769	0.0967742	3.85715	0.933181	0.373272	1	0	0	0	0	0	0	0	0	
0.73	0.259259	-1.35769	0.0967742	3.85715	0.933181	0.373272	1	0	0	0	0	0	0	0	0	
0.731	0.259259	-1.35769	0.0967742	3.85715	0.933181	0.373272	1	0	0	0	0	0	0	0	0	
0.732	0.259259	-1.35769	0.0967742	3.85715	0.933181	0.373272	1	0	0	0	0	0	0	0	0	
0.733	0.259259	-1.35769	0.0967742	3.85715	0.933181	0.373272	1	0	0	0	0	0	0	0	0	
0.734	0.259259	-1.35769	0.0967742	3.85715	0.933181	0.373272	1	0	0	0	0	0	0	0	0	
0.735	0.259259	-1.35769	0.0967742	3.85715	0.933181	0.373272	1	0	0	0	0	0	0	0	0	
0.736	0.259259	-1.35769	0.0967742	3.85715	0.933181	0.373272	1	0	0	0	0	0	0	0	0	
0.737	0.259259	-1.35769	0.0967742	3.85715	0.933181	0.373272	1	0	0	0	0	0	0	0	0	
0.738	0.259259	-1.35769	0.0967742	3.85715	0.933181	0.373272	1	0	0	0	0	0	0	0	0	
0.739	0.259259	-1.35769	0.0967742	3.85715	0.933181	0.373272	1	0	0	0	0	0	0	0	0	
0.74	0.259259	-1.35769	0.0967742	3.85715	0.933181	0.373272	1	0	0	0	0	0	0	0	0	
0.741	0.259259	-1.35769	0.0967742	3.85715	0.933181	0.373272	1	0	0	0	0	0	0	0	0	
0.742	0.259259	-1.35769	0.0967742	3.85715	0.933181	0.373272	1	0	0	0	0	0	0	0	0	
0.743	0.259259	-1.35769	0.0967742	3.85715	0.933181	0.373272	1	0	0	0	0	0	0	0	0	
0.744	0.259259	-1.35769	0.0967742	3.85715	0.933181	0.373272	1	0	0	0	0	0	0	0	0	
0.745	0.259259	-1.35769	0.0967742	3.85715	0.933181	0.373272	1	0	0	0	0	0	0	0	0	
0.746	0.259259	-1.35769	0.0967742	3.85715	0.933181	0.373272	1	0	0	0	0	0	0	0	0	
0.747	0.259259	-1.35769	0.0967742	3.85715	0.933181	0.373272	1	0	0	0	0	0	0	0	0	
0.748	0.259259	-1.35769	0.0967742	3.85715	0.933181	0.373272	1	0	0	0	0	0	0	0	0	
0.749	0.259259	-1.35769	0.0967742	3.85715	0.933181	0.373272	1	0	0	0	0	0	0	0	0	
0.75	0.259259	-1.35769	0.0967742	3.85715	0.933181	0.373272	1	0	0	0	0	0	0	0	0	
0.751	0.259259	-1.35769	0.0967742	3.85715	0.933181	0.373272	1	0	0	0	0	0	0	0	0	
0.752	0.259259	-1.35769	0.0967742	3.85715	0.933181	0.373272	1	0	0	0	0	0	0	0	0	
0.753	0.259259	-1.35769	0.0967742	3.85715	0.933181	0.373272	1	0	0	0	0	0	0	0	0	
0.754	0.259259	-1.35769	0.0967742	3.85715	0.933181	0.373272	1	0	0	0	0	0	0	0	0	
0.755	0.259259	-1.35769	0.0967742	3.85715	0.933181	0.373272	1	0	0	0	0	0	0	0	0	
0.756	0.259259	-1.35769	0.0967742	3.85715	0.933181	0.373272	1	0	0	0	0	0	0	0	0	
0.757	0.259259	-1.35769	0.0967742	3.85715	0.933181	0.373272	1	0	0	0	0	0	0	0	0	
0.758	0.259259	-1.35769	0.0967742	3.85715	0.933181	0.373272	1	0	0	0	0	0	0	0	0	
0.759	0.259259	-1.35769	0.0967742	3.85715	0.933181	0.373272	1	0	0	0	0	0	0	0	0	
0.76	0.259259	-1.35769	0.0967742	3.85715	0.933181	0.373272	1	0	0	0	0	0	0	0	0	
0.761	0.259259	-1.35769	0.0967742	3.85715	0.933181	0.373272	1	0	0	0	0	0	0	0	0	
0.762	0.259259	-1.35769	0.0967742	3.85715	0.933181	0.373272	1	0	0	0	0	0	0	0	0	
0.763	0.259259	-1.35769	0.0967742	3.85715	0.933181	0.373272	1	0	0	0	0	0	0	0	0	
0.764	0.259259	-1.35769	0.0967742	3.85715	0.933181	0.373272	1	0	0	0	0	0	0	0	0	
0.765	0.259259	-1.35769	0.0967742	3.85715	0.933181	0.373272	1	0	0	0	0	0	0	0	0	
0.766	0.259259	-1.35769	0.0967742	3.85715	0.933181	0.373272	1	0	0	0	0	0	0	0	0	
0.767	0.259259	-1.35769	0.0967742	3.85715	0.933181	0.373272	1	0	0	0	0	0	0	0	0	
0.768	0.259259	-1.35769	0.0967742	3.85715	0.933181	0.373272	1	0	0	0	0	0	0	0	0	
0.769	0.259259	-1.35769	0.0967742	3.85715	0.933181	0.373272	1	0	0	0	0	0	0	0	0	
0.77	0.259259	-1.35769	0.0967742	3.85715	0.933181	0.373272	1	0	0	0	0	0	0	0	0	
0.771	0.259259	-1.35769	0.0967742	3.85715	0.933181	0.373272	1	0	0	0	0	0	0	0	0	
0.772	0.259259	-1.35769	0.0967742	3.85715	0.933181	0.373272	1	0	0	0	0	0	0	0	0	
0.773	0.259259	-1.35769	0.0967742	3.85715	0.933181	0.373272	1	0	0	0	0	0	0	0	0	
0.774	0.259259	-1.35769	0.0967742	3.85715	0.933181	0.373272	1	0	0	0	0	0	0	0	0	
0.775	0.259259	-1.35769	0.0967742	3.85715	0.933181	0.373272	1	0	0	0	0	0	0	0	0	
0.776	0.259259	-1.35769	0.0967742	3.85715	0.933181	0.373272	1	0	0	0	0	0	0	0	0	
0.777	0.259259	-1.35769	0.0967742	3.85715	0.933181	0.373272	1	0	0	0	0	0	0	0	0	
0.778	0.259259	-1.35769	0.0967742	3.85715	0.933181	0.373272	1	0	0	0	0	0	0	0	0	
0.779	0.259259	-1.35769	0.0967742	3.85715	0.933181	0.373272	1	0	0	0	0	0	0	0	0	
0.78	0.259259	-1.35769	0.0967742	3.85715	0.933181	0.373272	1	0	0	0	0	0	0	0	0	
0.781	0.259259	-1.35769	0.0967742	3.85715	0.933181	0.373272	1	0	0	0	0	0	0	0	0	
0.782	0.259259	-1.35769	0.0967742	3.85715	0.933181	0.373272	1	0	0	0	0	0	0	0	0	
0.783	0.259259	-1.35769	0.0967742	3.85715	0.933181	0.373272	1	0	0	0	0	0	0	0	0	
0.784	0.259259	-1.35769	0.0967742	3.85715	0.933181	0.373272	1	0	0	0	0	0	0	0	0	
0.785	0.259259	-1.35769	0.0967742	3.85715	0.933181	0.373272	1	0	0	0	0	0	0	0	0	
0.786	0.259259	-1.35769	0.0967742	3.85715	0.933181	0.373272	1	0	0	0	0	0	0	0	0	
0.787	0.259259	-1.35769	0.0967742	3.85715	0.933181	0.373272	1	0	0	0	0	0	0	0	0	
0.788	0.259259	-1.35769	0.0967742	3.85715	0.933181	0.373272	1	0	0	0	0	0	0	0	0	
0.789	0.259259	-1.35769	0.0967742	3.85715	0.933181	0.373272	1	0	0	0	0	0	0	0	0	
0.79	0.259259	-1.35769	0.0967742	3.85715	0.933181	0.373272	1	0	0	0	0	0	0	0	0	
0.791	0.259259	-1.35769	0.0967742	3.85715	0.933181	0.373272	1	0	0	0	0	0	0	0	0	
0.792	0.259259	-1.35769	0.0967742	3.85715	0.933181	0.373272	1	0	0	0	0	0	0	0	0	
0.793	0.259259	-1.35769	0.0967742	3.85715	0.933181	0.373272	1	0	0	0	0	0	0	0	0	
0.794	0.259259	-1.35769	0.0967742	3.85715	0.933181	0.373272	1	0	0	0	0	0	0	0	0	
0.795	0.259259	-1.35769	0.0967742	3.85715	0.933181	0.373272	1	0	0	0	0	0	0	0	0	
0.796	0.259259	-1.35769	0.0967742	3.85715	0.933181	0.373272	1	0	0	0	0	0	0	0	0	
0.797	0.259259	-1.35769	0.0967742	3.85715	0.933181	0.373272	1	0	0	0	0	0	0	0	0	
0.798	0.259259	-1.35769	0.0967742	3.85715	0.933181	0.373272	1	0	0	0	0	0	0	0	0	
0.799	0.259259	-1.35769	0.0967742	3.85715	0.933181	0.373272	1	0	0	0	0	0	0	0	0	
0.8	0.259259	-1.35769	0.0967742	3.85715	0.933181	0.373272	1	0	0	0	0	0	0	0	0	
0.801	0.259259	-1.35769	0.0967742	3.85715	0.933181	0.373272	1	0	0	0	0	0	0	0	0	
0.802	0.259259	-1.35769	0.0967742	3.85715	0.933181	0.373272	1	0	0	0	0	0	0	0	0	
0.803	0.259259	-1.35769	0.0967742	3.85715	0.933181	0.373272	1	0	0	0	0	0	0	0	0	
0.804	0.259259	-1.35769	0.0967742	3.85715	0.933181	0.373272	1	0	0	0	0	0	0	0	0	
0.805	0.259259	-1.35769	0.0967742	3.85715	0.933181	0.373272	1	0	0	0	0	0	0	0	0	
0.806	0.259259	-1.35769	0.0967742	3.85715	0.933181	0.373272	1	0	0	0	0	0	0	0	0	
0.807	0.259259	-1.35769	0.0967742	3.85715	0.933181	0.373272	1	0	0	0	0	0	0	0	0	
0.808	0.259259	-1.35769	0.0967742	3.85715	0.933181	0.373272	1	0	0	0	0	0	0	0	0	
0.809	0.259259	-1.35769	0.0967742	3.85715	0.933181	0.373272	1	0	0	0	0	0	0	0	0	
0.81	0.259259	-1.35769	0.0967742	3.85715	0.933181	0.373272	1	0	0	0	0	0	0	0	0	
0.811	0.259259	-1.35769	0.0967742	3.85715	0.933181	0.373272	1	0	0	0	0	0	0	0	0	
0.812	0.259259	-1.35769	0.0967742	3.85715	0.933181	0.373272	1	0	0	0	0	0	0	0	0	
0.813	0.259259	-1.35769	0.0967742	3.85715	0.933181	0.373272	1	0	0	0	0	0	0	0	0	
0.814	0.259259	-1.35769	0.0967742	3.85715	0.933181	0.373272	1	0	0	0	0	0	0	0	0	
0.815	0.259259	-1.35769	0.0967742	3.85715	0.933181	0.373272	1	0	0	0	0	0	0	0	0	
0.816	0.259259	-1.35769	0.0967742	3.85715	0.933181	0.373272	1	0	0	0	0	0	0	0	0	
0.817	0.259259	-1.35769	0.0967742	3.85715	0.933181	0.373272	1	0	0	0	0	0	0	0	0	
0.818	0.259259	-1.35769	0.0967742	3.85715	0.933181	0.373272	1	0	0	0	0	0	0	0	0	
0.819	0.259259	-1.35769	0.0967742	3.85715	0.933181	0.373272	1	0	0	0	0	0	0	0	0	
0.82	0.259259	-1.35769	0.0967742	3.85715	0.933181	0.373272	1	0	0	0	0	0	0	0	0	
0.821	0.259259	-1.35769	0.0967742	3.85715	0.933181	0.373272	1	0	0	0	0	0	0	0	0	
0.822	0.259259	-1.35769	0.0967742	3.85715	0.933181	0.373272	1	0	0	0	0	0	0	0	0	
0.823	0.259259	-1.35769	0.0967742	3.85715	0.933181	0.373272	1	0	0	0	0	0	0	0	0	
0.824	0.259259	-1.35769	0.0967742	3.85715	0.933181	0.373272	1	0	0	0	0	0	0	0	0	
0.825	0.259259	-1.35769	0.0967742	3.85715	0.933181	0.373272	1	0	0	0	0	0	0	0	0	
0.826	0.259259	-1.35769	0.0967742	3.85715	0.933181	0.373272	1	0	0	0	0	0	0	0	0	
0.827	0.259259	-1.35769	0.0967742	3.85715	0.933181	0.373272	1	0	0	0	0	0	0	0	0	
0.828	0.259259	-1.35769	0.0967742	3.85715	0.933181	0.373272	1	0	0	0	0	0	0	0	0	
0.829	0.259259	-1.35769	0.0967742	3.85715	0.933181	0.373272	1	0	0	0	0	0	0	0	0	
0.83	0.259259	-1.35769	0.0967742	3.85715	0.933181	0.373272	1	0	0	0	0	0	0	0	0	
0.831	0.259259	-1.35769	0.0967742	3.85715	0.933181	0.373272	1	0	0	0	0	0	0	0	0	
0.832	0.259259	-1.35769	0.0967742	3.85715	0.933181	0.373272	1	0	0	0	0	0	0	0	0	
0.833	0.259259	-1.35769	0.0967742	3.85715	0.933181	0.373272	1	0	0	0	0	0	0	0	0	
0.834	0.259259	-1.35769	0.0967742	3.85715	0.933181	0.373272	1	0	0	0	0	0	0	0	0	
0.835	0.259259	-1.35769	0.0967742	3.85715	0.933181	0.373272	1	0	0	0	0	0	0	0	0	
0.836	0.259259	-1.35769	0.0967742	3.85715	0.933181	0.373272	1	0	0	0	0	0	0	0	0	
0.837	0.259259	-1.35769	0.0967742	3.85715	0.933181	0.373272	1	0	0	0	0	0	0	0	0	
0.838	0.259259	-1.35769	0.0967742	3.85715	0.933181	0.373272	1	0	0	0	0	0	0	0	0	
0.839	0.259259	-1.35769	0.0967742	3.85715	0.933181	0.373272	1	0	0	0	0	0	0	0	0	
0.84	0.259259	-1.35769	0.0967742	3.85715	0.933181	0.373272	1	0	0	0	0	0	0	0	0	
0.841	0.259259	-1.35769	0.0967742	3.85715	0.933181	0.373272	1	0	0	0	0	0	0	0	0	
0.842	0.259259	-1.35769	0.0967742	3.85715	0.933181	0.373272	1	0	0	0	0	0	0	0	0	
0.843	0.259259	-1.35769	0.0967742	3.85715	0.933181	0.373272	1	0	0	0	0	0	0	0	0	
0.844	0.259259	-1.35769	0.0967742	3.85715	0.933181	0.373272	1	0	0	0	0	0	0	0	0	
0.845	0.259259	-1.35769	0.0967742	3.85715	0.933181	0.373272	1	0	0	0	0	0	0	0	0	
0.846	0.259259	-1.35769	0.0967742	3.85715	0.933181	0.373272	1	0	0	0	0	0	0	0	0	
0.847	0.259259	-1.35769	0.0967742	3.85715	0.933181	0.373272	1	0	0	0	0	0	0	0	0	
0.848	0.259259	-1.35769	0.0967742	3.85715	0.933181	0.373272	1	0	0	0	0	0	0	0	0	
0.849	0.259259	-1.35769	0.0967742	3.85715	0.933181	0.373272	1	0	0	0	0	0	0	0	0	
0.85	0.259259	-1.35769	0.0967742	3.85715	0.933181	0.373272	1	0	0	0	0	0	0	0	0	
0.851	0.259259	-1.35769	0.0967742	3.85715	0.933181	0.373272	1	0	0	0	0	0	0	0	0	
0.852	0.259259	-1.35769	0.0967742	3.85715	0.933181	0.373272	1	0	0	0	0	0	0	0	0	
0.853	0.259259	-1.35769	0.0967742	3.85715	0.933181	0.373272	1	0	0	0	0	0	0	0	0	
0.854	0.259259	-1.35769	0.0967742	3.85715	0.933181	0.373272	1	0	0	0	0	0	0	0	0	
0.855	0.259259	-1.35769	0.0967742	3.85715	0.933181	0.373272	1	0	0	0	0	0	0	0	0	
0.856	0.259259	-1.35769	0.0967742	3.85715	0.933181	0.373272	1	0	0	0	0	0	0	0	0	
0.857	0.259259	-1.35769	0.0967742	3.85715	0.933181	0.373272	1	0	0	0	0	0	0	0	0	
0.858	0.259259	-1.35769	0.0967742	3.85715	0.933181	0.373272	1	0	0	0	0	0	0	0	0	
0.859	0.259259	-1.35769	0.0967742	3.85715	0.933181	0.373272	1	0	0	0	0	0	0	0	0	
0.86	0.259259	-1.35769	0.0967742	3.85715	0.933181	0.373272	1	0	0	0	0	0	0	0	0	
0.861	0.259259	-1.35769	0.0967742	3.85715	0.933181	0.373272	1	0	0	0	0	0	0	0	0	
0.862	0.259259	-1.35769	0.0967742	3.85715	0.933181	0.373272	1	0	0	0	0	0	0	0	0	
0.863	0.259259	-1.35769	0.0967742	3.85715	0.933181	0.373272	1	0	0	0	0	0	0	0	0	
0.864	0.259259	-1.35769	0.0967742	3.85715	0.933181	0.373272	1	0	0	0	0	0	0	0	0	
0.865	0.259259	-1.35769	0.0967742	3.85715	0.933181	0.373272	1	0	0	0	0	0	0	0	0	
0.866	0.259259	-1.35769	0.0967742	3.85715	0.933181	0.373272	1	0	0	0	0	0	0	0	0	
0.867	0.259259	-1.35769	0.0967742	3.85715	0.933181	0.373272	1	0	0	0	0	0	0	0	0	
0.868	0.259259	-1.35769	0.0967742	3.85715	0.933181	0.373272	1	0	0	0	0	0	0	0	0	
0.869	0.259259	-1.35769	0.0967742	3.85715	0.933181	0.373272	1	0	0	0	0	0	0	0	0	
0.87	0.259259	-1.35769	0.0967742	3.85715	0.933181	0.373272	1	0	0	0	0	0	0	0	0	
0.871	0.259259	-1.35769	0.0967742	3.85715	0.933181	0.373272	1	0	0	0	0	0	0	0	0	
0.872	0.259259	-1.35769	0.0967742	3.85715	0.933181	0.373272	1	0	0	0	0	0	0	0	0	
0.873	0.259259	-1.35769	0.0967742	3.85715	0.933181	0.373272	1	0	0	0	0	0	0	0	0	
0.874	0.259259	-1.35769	0.0967742	3.85715	0.933181	0.373272	1	0	0	0	0	0	0	0	0	
0.875	0.259259	-1.35769	0.0967742	3.85715	0.933181	0.373272	1	0	0	0	0	0	0	0	0	
0.876	0.259259	-1.35769	0.0967742	3.85715	0.933181	0.373272	1	0	0	0	0	0	0	0	0	
0.877	0.259259	-1.35769	0.0967742	3.85715	0.933181	0.373272	1	0	0	0	0	0	0	0	0	
0.878	0.259259	-1.35769	0.0967742	3.85715	0.933181	0.373272	1	0	0	0	0	0	0	0	0	
0.879	0.259259	-1.35769	0.0967742	3.85715	0.933181	0.373272	1	0	0	0	0	0	0	0	0	
0.88	0.259259	-1.35769	0.0967742	3.85715	0.933181	0.373272	1	0	0	0	0	0	0	0	0	
0.881	0.259259	-1.35769	0.0967742	3.85715	0.933181	0.373272	1	0	0	0	0	0	0	0	0	
0.882	0.259259	-1.35769	0.0967742	3.85715	0.933181	0.373272	1	0	0	0	0	0	0	0	0	
0.883	0.259259	-1.35769	0.0967742	3.85715	0.933181	0.373272	1	0	0	0	0	0	0	0	0	
0.884	0.259259	-1.35769	0.0967742	3.85715	0.933181	0.373272	1	0	0	0	0	0	0	0	0	
0.885	0.259259	-1.35769	0.0967742	3.85715	0.933181	0.373272	1	0	0	0	0	0	0	0	0	
0.886	0.259259	-1.35769	0.0967742	3.85715	0.933181	0.373272	1	0	0	0	0	0	0	0	0	
0.887	0.259259	-1.35769	0.0967742	3.85715	0.933181	0.373272	1	0	0	0	0	0	0	0	0	
0.888	0.259259	-1.35769	0.0967742	3.85715	0.933181	0.373272	1	0	0	0	0	0	0	0	0	
0.889	0.259259	-1.35769	0.0967742	3.85715	0.933181	0.373272	1	0	0	0	0	0	0	0	0	
0.89	0.259259	-1.35769	0.0967742	3.85715	0.933181	0.373272	1	0	0	0	0	0	0	0	0	
0.891	0.259259	-1.35769	0.0967742	3.85715	0.933181	0.373272	1	0	0	0	0	0	0	0	0	
0.892	0.259259	-1.35769	0.0967742	3.85715	0.933181	0.373272	1	0	0	0	0	0	0	0	0	
0.893	0.259259	-1.35769	0.0967742	3.85715	0.933181	0.373272	1	0	0	0	0	0	0	0	0	
0.894	0.259259	-1.35769	0.0967742	3.85715	0.933181	0.373272	1	0	0	0	0	0	0	0	0	
0.895	0.259259	-1.35769	0.0967742	3.85715	0.933181	0.373272	1	0	0	0	0	0	0	0	0	
0.896	0.259259	-1.35769	0.0967742	3.85715	0.933181	0.373272	1	0	0	0	0	0	0	0	0	
0.897	0.259259	-1.35769	0.0967742	3.85715	0.933181	0.373272	1	0	0	0	0	0	0	0	0	
0.898	0.259259	-1.35769	0.0967742	3.85715	0.933181	0.373272	1	0	0	0	0	0	0	0	0	
0.899	0.259259	-1.35769	0.0967742	3.85715	0.933181	0.373272	1	0	0	0	0	0	0	0	0	
0.9	0.259259	-1.35769	0.0967742	3.85715	0.933181	0.373272	1	0	0	0	0	0	0	0	0	
0.901	0.259259	-1.35769	0.0967742	3.85715	0.933181	0.373272	1	0	0	0	0	0	0	0	0	
0.902	0.259259	-1.35769	0.0967742	3.85715	0.933181	0.373272	1	0	0	0	0	0	0	0	0	
0.903	0.259259	-1.35769	0.0967742	3.85715	0.933181	0.373272	1	0	0	0	0	0	0	0	0	
0.904	0.259259	-1.35769	0.0967742	3.85715	0.933181	0.373272	1	0	0	0	0	0	0	0	0	
0.905	0.259259	-1.35769	0.0967742	3.85715	0.933181	0.373272	1	0	0	0	0	0	0	0	0	
0.906	0.259259	-1.35769	0.0967742	3.85715	0.933181	0.373272	1	0	0	0	0	0	0	0	0	
0.907	0.259259	-1.35769	0.0967742	3.85715	0.933181	0.373272	1	0	0	0	0	0	0	0	0	
0.908	0.259259	-1.35769	0.0967742	3.85715	0.933181	0.373272	1	0	0	0	0	0	0	0	0	
0.909	0.259259	-1.35769	0.0967742	3.85715	0.933181	0.373272	1	0	0	0	0	0	0	0	0	
0.91	0.259259	-1.35769	0.0967742	3.85715	0.933181	0.373272	1	0	0	0	0	0	0	0	0	
0.911	0.259259	-1.35769	0.0967742	3.85715	0.933181	0.373272	1	0	0	0	0	0	0	0	0	
0.912	0.259259	-1.35769	0.0967742	3.85715	0.933181	0.373272	1	0	0	0	0	0	0	0	0	
0.913	0.259259	-1.35769	0.0967742	3.85715	0.933181	0.373272	1	0	0	0	0	0	0	0	0	
0.914	0.259259	-1.35769	0.0967742	3.85715	0.933181	0.373272	1	0	0	0	0	0	0	0	0	
0.915	0.259259	-1.35769	0.0967742	3.85715	0.933181	0.373272	1	0	0	0	0	0	0	0	0	
0.916	0.259259	-1.35769	0.0967742	3.85715	0.933181	0.373272	1	0	0	0	0	0	0	0	0	
0.917	0.259259	-1.35769	0.0967742	3.85715	0.933181	0.373272	1	0	0	0	0	0	0	0	0	
0.918	0.259259	-1.35769	0.0967742	3.85715	0.933181	0.373272	1	0	0	0	0	0	0	0	0	
0.919	0.259259	-1.35769	0.0967742	3.85715	0.933181	0.373272	1	0	0	0	0	0	0	0	0	
0.92	0.259259	-1.35769	0.0967742	3.85715	0.933181	0.373272	1	0	0	0	0	0	0	0	0	
0.921	0.259259	-1.35769	0.0967742	3.85715	0.933181	0.373272	1	0	0	0	0	0	0	0	0	
0.922	0.259259	-1.35769	0.0967742	3.85715	0.933181	0.373272	1	0	0	0	0	0	0	0	0	
0.923	0.259259	-1.35769	0.0967742	3.85715	0.933181	0.373272	1	0	0	0	0	0	0	0	0	
0.924	0.259259	-1.35769	0.0967742	3.85715	0.933181	0.373272	1	0	0	0	0	0	0	0	0	
0.925	0.259259	-1.35769	0.0967742	3.85715	0.933181	0.373272	1	0	0	0	0	0	0	0	0	
0.926	0.259259	-1.35769	0.0967742	3.85715	0.933181	0.373272	1	0	0	0	0	0	0	0	0	
0.927	0.259259	-1.35769	0.0967742	3.85715	0.933181	0.373272	1	0	0	0	0	0	0	0	0	
0.928	0.259259	-1.35769	0.0967742	3.85715	0.933181	0.373272	1	0	0	0	0	0	0	0	0	
0.929	0.259259	-1.35769	0.0967742	3.85715	0.933181	0.373272	1	0	0	0	0	0	0	0	0	
0.93	0.259259	-1.35769	0.0967742	3.85715	0.933181	0.373272	1	0	0	0	0	0	0	0	0	
0.931	0.259259	-1.35769	0.0967742	3.85715	0.933181	0.373272	1	0	0	0	0	0	0	0	0	
0.932	0.259259	-1.35769	0.0967742	3.85715	0.933181	0.373272	1	0	0	0	0	0	0	0	0	
0.933	0.259259	-1.35769	0.0967742	3.85715	0.933181	0.373272	1	0	0	0	0	0	0	0	0	
0.934	0.259259	-1.35769	0.0967742	3.85715	0.933181	0.373272	1	0	0	0	0	0	0	0	0	
0.935	0.259259	-1.35769	0.0967742	3.85715	0.933181	0.373272	1	0	0	0	0	0	0	0	0	
0.936	0.259259	-1.35769	0.0967742	3.85715	0.933181	0.373272	1	0	0	0	0	0	0	0	0	
0.937	0.259259	-1.35769	0.0967742	3.85715	0.933181	0.373272	1	0	0	0	0	0	0	0	0	
0.938	0.259259	-1.35769	0.0967742	3.85715	0.933181	0.373272	1	0	0	0	0	0	0	0	0	
0.939	0.259259	-1.35769	0.0967742	3.85715	0.933181	0.373272	1	0	0	0	0	0	0	0	0	
0.94	0.259259	-1.35769	0.0967742	3.85715	0.933181	0.373272	1	0	0	0	0	0	0	0	0	
0.941	0.259259	-1.35769	0.0967742	3.85715	0.933181	0.373272	1	0	0	0	0	0	0	0	0	
0.942	0.259259	-1.35769	0.0967742	3.85715	0.933181	0.373272	1	0	0	0	0	0	0	0	0	
0.943	0.259259	-1.35769	0.0967742	3.85715	0.933181	0.373272	1	0	0	0	0	0	0	0	0	
0.944	0.259259	-1.35769	0.0967742	3.85715	0.933181	0.373272	1	0	0	0	0	0	0	0	0	
0.945	0.259259	-1.35769	0.0967742	3.85715	0.933181	0.373272	1	0	0	0	0	0	0	0	0	
0.946	0.259259	-1.35769	0.0967742	3.85715	0.933181	0.373272	1	0	0	0	0	0	0	0	0	
0.947	0.259259	-1.35769	0.0967742	3.85715	0.933181	0.373272	1	0	0	0	0	0	0	0	0	
0.948	0.259259	-1.35769	0.0967742	3.85715	0.933181	0.373272	1	0	0	0	0	0	0	0	0	
0.949	0.259259	-1.35769	0.0967742	3.85715	0.933181	0.373272	1	0	0	0	0	0	0	0	0	
0.95	0.259259	-1.35769	0.0967742	3.85715	0.933181	0.373272	1	0	0	0	0	0	0	0	0	
0.951	0.259259	-1.35769	0.0967742	3.85715	0.933181	0.373272	1	0	0	0	0	0	0	0	0	
0.952	0.259259	-1.35769	0.0967742	3.85715	0.933181	0.373272	1	0	0	0	0	0	0	0	0	
0.953	0.259259	-1.35769	0.0967742	3.85715	0.933181	0.373272	1	0	0	0	0	0	0	0	0	
0.954	0.259259	-1.35769	0.0967742	3.85715	0.933181	0.373272	1	0	0	0	0	0	0	0	0	
0.955	0.259259	-1.35769	0.0967742	3.85715	0.933181	0.373272	1	0	0	0	0	0	0	0	0	
0.956	0.259259	-1.35769	0.0967742	3.85715	0.933181	0.373272	1	0	0	0	0	0	0	0	0	
0.957	0.259259	-1.35769	0.0967742	3.85715	0.933181	0.373272	1	0	0	0	0	0	0	0	0	
0.958	0.259259	-1.35769	0.0967742	3.85715	0.933181	0.373272	1	0	0	0	0	0	0	0	0	
0.959	0.259259	-1.35769	0.0967742	3.85715	0.933181	0.373272	1	0	0	0	0	0	0	0	0	
0.96	0.259259	-1.35769	0.0967742	3.85715	0.933181	0.373272	1	0	0	0	0	0	0	0	0	
0.961	0.259259	-1.35769	0.0967742	3.85715	0.933181	0.373272	1	0	0	0	0	0	0	0	0	
0.962	0.259259	-1.35769	0.0967742	3.85715	0.933181	0.373272	1	0	0	0	0	0	0	0	0	
0.963	0.259259	-1.35769	0.0967742	3.85715	0.933181	0.373272	1	0	0	0	0	0	0	0	0	
0.964	0.259259	-1.35769	0.0967742	3.85715	0.933181	0.373272	1	0	0	0	0	0	0	0	0	
0.965	0.259259	-1.35769	0.0967742	3.85715	0.933181	0.373272	1	0	0	0	0	0	0	0	0	
0.966	0.259259	-1.35769	0.0967742	3.85715	0.933181	0.373272	1	0	0	0	0	0	0	0	0	
0.967	0.259259	-1.35769	0.0967742	3.85715	0.933181	0.373272	1	0	0	0	0	0	0	0	0	
0.968	0.259259	-1.35769	0.0967742	3.85715	0.933181	0.373272	1	0	0	0	0	0	0	0	0	
0.969	0.259259	-1.35769	0.0967742	3.85715	0.933181	0.373272	1	0	0	0	0	0	0	0	0	
0.97	0.259259	-1.35769	0.0967742	3.85715	0.933181	0.373272	1	0	0	0	0	0	0	0	0	
0.971	0.259259	-1.35769	0.0967742	3.85715	0.933181	0.373272	1	0	0	0	0	0	0	0	0	
0.972	0.259259	-1.35769	0.0967742	3.85715	0.933181	0.373272	1	0	0	0	0	0	0	0	0	
0.973	0.259259	-1.35769	0.0967742	3.85715	0.933181	0.373272	1	0	0	0	0	0	0	0	0	
0.974	0.259259	-1.35769	0.0967742	3.85715	0.933181	0.373272	1	0	0	0	0	0	0	0	0	
0.975	0.259259	-1.35769	0.0967742	3.85715	0.933181	0.373272	1	0	0	0	0	0	0	0	0	
0.976	0.259259	-1.35769	0.0967742	3.85715	0.933181	0.373272	1	0	0	0	0	0	0	0	0	
0.977	0.259259	-1.35769	0.0967742	3.85715	0.933181	0.373272	1	0	0	0	0	0	0	0	0	
0.978	0.259259	-1.35769	0.0967742	3.85715	0.933181	0.373272	1	0	0	0	0	0	0	0	0	
0.979	0.259259	-1.35769	0.0967742	3.85715	0.933181	0.373272	1	0	0	0	0	0	0	0	0	
0.98	0.259259	-1.35769	0.0967742	3.85715	0.933181	0.373272	1	0	0	0	0	0	0	0	0	
0.981	0.259259	-1.35769	0.0967742	3.85715	0.933181	0.373272	1	0	0	0	0	0	0	0	0	
0.982	0.259259	-1.35769	0.0967742	3.85715	0.933181	0.373272	1	0	0	0	0	0	0	0	0	
0.983	0.259259	-1.35769	0.0967742	3.85715	0.933181	0.373272	1	0	0	0	0	0	0	0	0	
0.984	0.259259	-1.35769	0.0967742	3.85715	0.933181	0.373272	1	0	0	0	0	0	0	0	0	
0.985	0.259259	-1.35769	0.0967742	3.85715	0.933181	0.373272	1	0	0	0	0	0	0	0	0	
0.986	0.259259	-1.35769	0.0967742	3.85715	0.933181	0.373272	1	0	0	0	0	0	0	0	0	
0.987	0.259259	-1.35769	0.0967742	3.85715	0.933181	0.373272	1	0	0	0	0	0	0	0	0	
0.988	0.259259	-1.35769	0.0967742	3.85715	0.933181	0.373272	1	0	0	0	0	0	0	0	0	
0.989	0.259259	-1.35769	0.0967742	3.85715	0.933181	0.373272	1	0	0	0	0	0	0	0	0	
0.99	0.259259	-1.35769	0.0967742	3.85715	0.933181	0.373272	1	0	0	0	0	0	0	0	0	
0.991	0.259259	-1.35769	0.0967742	3.85715	0.933181	0.373272	1	0	0	0	0	0	0	0	0	
0.992	0.259259	-1.35769	0.0967742	3.85715	0.933181	0.373272	1	0	0	0	0	0	0	0	0	
0.993	0.259259	-1.35769	0.0967742	3.85715	0.933181	0.373272	1	0	0	0	0	0	0	0	0	
0.994	0.259259	-1.35769	0.0967742	3.85715	0.933181	0.373272	1	0	0	0	0	0	0	0	0	
0.995	0.259259	-1.35769	0.0967742	3.85715	0.933181	0.373272	1	0	0	0	0	0	0	0	0	
0.996	0.259259	-1.35769	0.0967742	3.85715	0.933181	0.373272	1	0	0	0	0	0	0	0	0	
0.997	0.259259	-1.35769	0.0967742	3.85715	0.933181	0.373272	1	0	0	0	0	0	0	0	0	
0.998	0.259259	-1.35769	0.0967742	3.85715	0.933181	0.373272	1	0	0	0	0	0	0	0	0	
0.999	0.259259	-1.35769	0.0967742	3.85715	0.933181	0.373272	1	0	0	0	0	0	0	0	0	
1	0.259259	-1.35769	0.0967742	3.85715	0.933181	0.373272	1	0	0	0	0	0	0	0	0	
