|||||||||||||||||||||||||||||||||***SIMULATION: detonation***||||||||||||||||||||||||||||||||||
Sanpshot time = 1.36. Timestep = 3344. Run time = 5 seconds
No. of cells = 1000
#Position	 Density	 Velocity	 Pressure	 Specific_Volume I_Energy	 Temperature	 Species
-0.001	0.774566	0.000225872	2.017	1.29104	6.5101	0	9.37479e-08	0	0	0	0	0	0	0	0	
0	0.774606	7.50429e-05	2.017	1.29098	6.50974	0	9.64172e-08	0	0	0	0	0	0	0	0	
0.001	0.774606	-7.50429e-05	2.017	1.29098	6.50974	2.6039	9.64172e-08	0	0	0	0	0	0	0	0	
0.002	0.774566	-0.000225872	2.017	1.29104	6.5101	2.60404	9.37479e-08	0	0	0	0	0	0	0	0	
0.003	0.773473	-0.000376897	2.01701	1.29287	6.51933	2.60773	9.88981e-08	0	0	0	0	0	0	0	0	
0.004	0.773956	-0.000528153	2.01702	1.29206	6.51531	2.60612	9.77738e-08	0	0	0	0	0	0	0	0	
0.005	0.77151	-0.000679784	2.01704	1.29616	6.53601	2.61441	9.57333e-08	0	0	0	0	0	0	0	0	
0.006	0.770323	-0.000831806	2.01706	1.29816	6.54615	2.61846	8.94463e-08	0	0	0	0	0	0	0	0	
0.007	0.770995	-0.000984244	2.01708	1.29703	6.54052	2.61621	9.26116e-08	0	0	0	0	0	0	0	0	
0.008	0.772562	-0.00113713	2.01711	1.29439	6.52734	2.61093	9.2418e-08	0	0	0	0	0	0	0	0	
0.009	0.774461	-0.00129047	2.01714	1.29122	6.51142	2.60457	9.17293e-08	0	0	0	0	0	0	0	0	
0.01	0.776369	-0.00144427	2.01716	1.28805	6.49551	2.5982	9.2173e-08	0	0	0	0	0	0	0	0	
0.011	0.778075	-0.00159849	2.01719	1.28522	6.48136	2.59254	9.57259e-08	0	0	0	0	0	0	0	0	
0.012	0.779512	-0.00175309	2.01722	1.28285	6.4695	2.5878	9.40776e-08	0	0	0	0	0	0	0	0	
0.013	0.780636	-0.00190799	2.01725	1.28101	6.46027	2.58411	9.39896e-08	0	0	0	0	0	0	0	0	
0.014	0.781433	-0.00206312	2.01727	1.2797	6.45376	2.5815	9.44407e-08	0	0	0	0	0	0	0	0	
0.015	0.781964	-0.00221838	2.01729	1.27883	6.44945	2.57978	9.6193e-08	0	0	0	0	0	0	0	0	
0.016	0.782298	-0.00237366	2.01731	1.27828	6.44676	2.5787	9.54089e-08	0	0	0	0	0	0	0	0	
0.017	0.782479	-0.00252884	2.01733	1.27799	6.44532	2.57813	9.50206e-08	0	0	0	0	0	0	0	0	
0.018	0.782545	-0.0026838	2.01734	1.27788	6.44481	2.57793	9.46634e-08	0	0	0	0	0	0	0	0	
0.019	0.782545	-0.00283841	2.01735	1.27788	6.44483	2.57793	9.28507e-08	0	0	0	0	0	0	0	0	
0.02	0.782526	-0.00299255	2.01735	1.27791	6.445	2.578	9.11781e-08	0	0	0	0	0	0	0	0	
0.021	0.782523	-0.00314611	2.01735	1.27792	6.44501	2.578	9.06342e-08	0	0	0	0	0	0	0	0	
0.022	0.782558	-0.00329896	2.01734	1.27786	6.44469	2.57787	9.14277e-08	0	0	0	0	0	0	0	0	
0.023	0.782641	-0.00345102	2.01732	1.27772	6.44395	2.57758	9.30021e-08	0	0	0	0	0	0	0	0	
0.024	0.782777	-0.0036022	2.0173	1.2775	6.44276	2.57711	9.42434e-08	0	0	0	0	0	0	0	0	
0.025	0.782961	-0.00375242	2.01727	1.2772	6.44116	2.57646	9.42928e-08	0	0	0	0	0	0	0	0	
0.026	0.783186	-0.00390163	2.01724	1.27684	6.4392	2.57568	9.35958e-08	0	0	0	0	0	0	0	0	
0.027	0.78344	-0.00404981	2.0172	1.27642	6.43699	2.5748	9.33643e-08	0	0	0	0	0	0	0	0	
0.028	0.78371	-0.00419695	2.01715	1.27598	6.43463	2.57385	9.34348e-08	0	0	0	0	0	0	0	0	
0.029	0.783985	-0.00434306	2.0171	1.27553	6.43221	2.57288	9.26833e-08	0	0	0	0	0	0	0	0	
0.03	0.784257	-0.00448818	2.01705	1.27509	6.42981	2.57192	9.18007e-08	0	0	0	0	0	0	0	0	
0.031	0.784523	-0.00463238	2.01699	1.27466	6.42745	2.57098	9.18329e-08	0	0	0	0	0	0	0	0	
0.032	0.784786	-0.00477576	2.01693	1.27423	6.42509	2.57004	9.21838e-08	0	0	0	0	0	0	0	0	
0.033	0.785055	-0.00491843	2.01687	1.2738	6.42269	2.56908	9.18894e-08	0	0	0	0	0	0	0	0	
0.034	0.78534	-0.00506054	2.0168	1.27333	6.42015	2.56806	9.07141e-08	0	0	0	0	0	0	0	0	
0.035	0.78565	-0.00520226	2.01673	1.27283	6.4174	2.56696	8.95448e-08	0	0	0	0	0	0	0	0	
0.036	0.78599	-0.00534377	2.01666	1.27228	6.4144	2.56576	8.92043e-08	0	0	0	0	0	0	0	0	
0.037	0.786365	-0.00548528	2.0166	1.27167	6.41113	2.56445	8.96675e-08	0	0	0	0	0	0	0	0	
0.038	0.786773	-0.005627	2.01653	1.27101	6.40759	2.56304	9.06931e-08	0	0	0	0	0	0	0	0	
0.039	0.787214	-0.00576917	2.01646	1.2703	6.4038	2.56152	9.19133e-08	0	0	0	0	0	0	0	0	
0.04	0.787686	-0.00591201	2.0164	1.26954	6.39976	2.55991	9.29388e-08	0	0	0	0	0	0	0	0	
0.041	0.788186	-0.00605575	2.01634	1.26874	6.39551	2.55821	9.35278e-08	0	0	0	0	0	0	0	0	
0.042	0.788713	-0.00620062	2.01629	1.26789	6.39107	2.55643	9.37257e-08	0	0	0	0	0	0	0	0	
0.043	0.789261	-0.00634682	2.01623	1.26701	6.38646	2.55458	9.37909e-08	0	0	0	0	0	0	0	0	
0.044	0.789826	-0.00649455	2.01619	1.2661	6.38175	2.5527	9.39029e-08	0	0	0	0	0	0	0	0	
0.045	0.790397	-0.00664398	2.01615	1.26519	6.377	2.5508	9.40224e-08	0	0	0	0	0	0	0	0	
0.046	0.790965	-0.00679525	2.01611	1.26428	6.37231	2.54892	9.41676e-08	0	0	0	0	0	0	0	0	
0.047	0.791519	-0.00694846	2.01608	1.26339	6.36775	2.5471	9.4617e-08	0	0	0	0	0	0	0	0	
0.048	0.792051	-0.00710369	2.01605	1.26255	6.3634	2.54536	9.5533e-08	0	0	0	0	0	0	0	0	
0.049	0.792556	-0.00726098	2.01603	1.26174	6.35927	2.54371	9.66194e-08	0	0	0	0	0	0	0	0	
0.05	0.793037	-0.00742033	2.01601	1.26098	6.35536	2.54215	9.73729e-08	0	0	0	0	0	0	0	0	
0.051	0.793501	-0.0075817	2.016	1.26024	6.35161	2.54064	9.74186e-08	0	0	0	0	0	0	0	0	
0.052	0.79396	-0.007745	2.01599	1.25951	6.3479	2.53916	9.67146e-08	0	0	0	0	0	0	0	0	
0.053	0.794428	-0.00791014	2.01599	1.25877	6.34415	2.53766	9.55391e-08	0	0	0	0	0	0	0	0	
0.054	0.794915	-0.00807696	2.01598	1.258	6.34025	2.5361	9.43107e-08	0	0	0	0	0	0	0	0	
0.055	0.795428	-0.00824531	2.01598	1.25718	6.33615	2.53446	9.34425e-08	0	0	0	0	0	0	0	0	
0.056	0.79597	-0.008415	2.01598	1.25633	6.33183	2.53273	9.31163e-08	0	0	0	0	0	0	0	0	
0.057	0.796536	-0.00858581	2.01597	1.25544	6.32732	2.53093	9.31687e-08	0	0	0	0	0	0	0	0	
0.058	0.797119	-0.00875756	2.01597	1.25452	6.32268	2.52907	9.32821e-08	0	0	0	0	0	0	0	0	
0.059	0.797709	-0.00893001	2.01596	1.25359	6.31798	2.52719	9.33103e-08	0	0	0	0	0	0	0	0	
0.06	0.798296	-0.00910296	2.01595	1.25267	6.31329	2.52532	9.33506e-08	0	0	0	0	0	0	0	0	
0.061	0.798874	-0.00927621	2.01593	1.25176	6.30867	2.52347	9.35442e-08	0	0	0	0	0	0	0	0	
0.062	0.799437	-0.00944957	2.01591	1.25088	6.30416	2.52166	9.39455e-08	0	0	0	0	0	0	0	0	
0.063	0.799985	-0.00962286	2.01588	1.25002	6.29975	2.5199	9.45221e-08	0	0	0	0	0	0	0	0	
0.064	0.80052	-0.00979595	2.01585	1.24919	6.29543	2.51817	9.51303e-08	0	0	0	0	0	0	0	0	
0.065	0.801045	-0.00996869	2.0158	1.24837	6.29117	2.51647	9.55481e-08	0	0	0	0	0	0	0	0	
0.066	0.801567	-0.010141	2.01575	1.24756	6.28692	2.51477	9.56175e-08	0	0	0	0	0	0	0	0	
0.067	0.802092	-0.0103128	2.01569	1.24674	6.28262	2.51305	9.53306e-08	0	0	0	0	0	0	0	0	
0.068	0.802624	-0.010484	2.01563	1.24591	6.27824	2.51129	9.48024e-08	0	0	0	0	0	0	0	0	
0.069	0.803168	-0.0106547	2.01555	1.24507	6.27374	2.5095	9.42463e-08	0	0	0	0	0	0	0	0	
0.07	0.803726	-0.0108248	2.01546	1.24421	6.26913	2.50765	9.39112e-08	0	0	0	0	0	0	0	0	
0.071	0.804295	-0.0109944	2.01537	1.24333	6.2644	2.50576	9.39251e-08	0	0	0	0	0	0	0	0	
0.072	0.804874	-0.0111634	2.01527	1.24243	6.25958	2.50383	9.41798e-08	0	0	0	0	0	0	0	0	
0.073	0.805459	-0.0113321	2.01516	1.24153	6.2547	2.50188	9.44124e-08	0	0	0	0	0	0	0	0	
0.074	0.806046	-0.0115005	2.01504	1.24062	6.24978	2.49991	9.44447e-08	0	0	0	0	0	0	0	0	
0.075	0.806632	-0.0116687	2.01492	1.23972	6.24486	2.49794	9.43394e-08	0	0	0	0	0	0	0	0	
0.076	0.807216	-0.0118369	2.0148	1.23883	6.23996	2.49598	9.43134e-08	0	0	0	0	0	0	0	0	
0.077	0.807795	-0.0120051	2.01467	1.23794	6.23508	2.49403	9.45145e-08	0	0	0	0	0	0	0	0	
0.078	0.808374	-0.0121736	2.01453	1.23705	6.2302	2.49208	9.48914e-08	0	0	0	0	0	0	0	0	
0.079	0.808956	-0.0123426	2.0144	1.23616	6.2253	2.49012	9.52484e-08	0	0	0	0	0	0	0	0	
0.08	0.809547	-0.0125121	2.01426	1.23526	6.22033	2.48813	9.54042e-08	0	0	0	0	0	0	0	0	
0.081	0.810154	-0.0126825	2.01412	1.23433	6.21525	2.4861	9.53092e-08	0	0	0	0	0	0	0	0	
0.082	0.810783	-0.012854	2.01399	1.23338	6.21001	2.48401	9.50456e-08	0	0	0	0	0	0	0	0	
0.083	0.811439	-0.0130266	2.01386	1.23238	6.20459	2.48184	9.4757e-08	0	0	0	0	0	0	0	0	
0.084	0.812122	-0.0132006	2.01373	1.23134	6.19897	2.47959	9.45707e-08	0	0	0	0	0	0	0	0	
0.085	0.812832	-0.0133763	2.01361	1.23027	6.19318	2.47727	9.45417e-08	0	0	0	0	0	0	0	0	
0.086	0.813565	-0.0135536	2.01349	1.22916	6.18724	2.47489	9.4651e-08	0	0	0	0	0	0	0	0	
0.087	0.814313	-0.013733	2.01338	1.22803	6.18121	2.47248	9.48546e-08	0	0	0	0	0	0	0	0	
0.088	0.815068	-0.0139143	2.01327	1.22689	6.17516	2.47007	9.51223e-08	0	0	0	0	0	0	0	0	
0.089	0.815823	-0.0140978	2.01318	1.22576	6.16915	2.46766	9.54241e-08	0	0	0	0	0	0	0	0	
0.09	0.816571	-0.0142836	2.01309	1.22463	6.16323	2.46529	9.57008e-08	0	0	0	0	0	0	0	0	
0.091	0.817305	-0.0144715	2.01301	1.22353	6.15745	2.46298	9.58705e-08	0	0	0	0	0	0	0	0	
0.092	0.818021	-0.0146617	2.01293	1.22246	6.15184	2.46073	9.58674e-08	0	0	0	0	0	0	0	0	
0.093	0.818715	-0.014854	2.01287	1.22143	6.14643	2.45857	9.5674e-08	0	0	0	0	0	0	0	0	
0.094	0.819383	-0.0150484	2.01281	1.22043	6.14124	2.4565	9.53342e-08	0	0	0	0	0	0	0	0	
0.095	0.820021	-0.0152446	2.01276	1.21948	6.13631	2.45453	9.49486e-08	0	0	0	0	0	0	0	0	
0.096	0.820625	-0.0154425	2.01272	1.21858	6.13166	2.45267	9.46477e-08	0	0	0	0	0	0	0	0	
0.097	0.821193	-0.0156418	2.01268	1.21774	6.1273	2.45092	9.45429e-08	0	0	0	0	0	0	0	0	
0.098	0.821723	-0.0158421	2.01265	1.21696	6.12325	2.4493	9.46612e-08	0	0	0	0	0	0	0	0	
0.099	0.822213	-0.0160432	2.01261	1.21623	6.11951	2.4478	9.49071e-08	0	0	0	0	0	0	0	0	
0.1	0.822663	-0.0162446	2.01259	1.21557	6.11607	2.44643	9.51076e-08	0	0	0	0	0	0	0	0	
0.101	0.823073	-0.0164459	2.01256	1.21496	6.11294	2.44518	9.51259e-08	0	0	0	0	0	0	0	0	
0.102	0.823443	-0.0166468	2.01253	1.21441	6.1101	2.44404	9.49424e-08	0	0	0	0	0	0	0	0	
0.103	0.823776	-0.0168467	2.0125	1.21392	6.10754	2.44301	9.46326e-08	0	0	0	0	0	0	0	0	
0.104	0.824073	-0.0170454	2.01246	1.21348	6.10523	2.44209	9.429e-08	0	0	0	0	0	0	0	0	
0.105	0.824336	-0.0172422	2.01242	1.2131	6.10317	2.44127	9.39833e-08	0	0	0	0	0	0	0	0	
0.106	0.824567	-0.017437	2.01238	1.21276	6.10132	2.44053	9.37633e-08	0	0	0	0	0	0	0	0	
0.107	0.82477	-0.0176293	2.01233	1.21246	6.09966	2.43986	9.36744e-08	0	0	0	0	0	0	0	0	
0.108	0.824948	-0.0178187	2.01227	1.2122	6.09816	2.43926	9.37476e-08	0	0	0	0	0	0	0	0	
0.109	0.825104	-0.0180052	2.0122	1.21197	6.0968	2.43872	9.39928e-08	0	0	0	0	0	0	0	0	
0.11	0.825241	-0.0181883	2.01212	1.21177	6.09555	2.43822	9.43963e-08	0	0	0	0	0	0	0	0	
0.111	0.825362	-0.0183679	2.01203	1.21159	6.0944	2.43776	9.4913e-08	0	0	0	0	0	0	0	0	
0.112	0.825469	-0.018544	2.01194	1.21143	6.09331	2.43732	9.54573e-08	0	0	0	0	0	0	0	0	
0.113	0.825565	-0.0187165	2.01183	1.21129	6.09227	2.43691	9.59188e-08	0	0	0	0	0	0	0	0	
0.114	0.825651	-0.0188854	2.01171	1.21117	6.09128	2.43651	9.62014e-08	0	0	0	0	0	0	0	0	
0.115	0.825729	-0.0190507	2.01158	1.21105	6.09032	2.43613	9.62567e-08	0	0	0	0	0	0	0	0	
0.116	0.825799	-0.0192127	2.01144	1.21095	6.08938	2.43575	9.60887e-08	0	0	0	0	0	0	0	0	
0.117	0.82586	-0.0193714	2.01129	1.21086	6.08848	2.43539	9.57349e-08	0	0	0	0	0	0	0	0	
0.118	0.825913	-0.0195271	2.01113	1.21078	6.08761	2.43504	9.52525e-08	0	0	0	0	0	0	0	0	
0.119	0.825957	-0.0196802	2.01097	1.21072	6.08679	2.43471	9.47215e-08	0	0	0	0	0	0	0	0	
0.12	0.825988	-0.0198308	2.01079	1.21067	6.08603	2.43441	9.42476e-08	0	0	0	0	0	0	0	0	
0.121	0.826005	-0.0199795	2.01061	1.21065	6.08536	2.43414	9.39386e-08	0	0	0	0	0	0	0	0	
0.122	0.826005	-0.0201266	2.01043	1.21065	6.08478	2.43391	9.38552e-08	0	0	0	0	0	0	0	0	
0.123	0.825988	-0.0202726	2.01023	1.21067	6.08433	2.43373	9.39719e-08	0	0	0	0	0	0	0	0	
0.124	0.825951	-0.0204179	2.01004	1.21073	6.08401	2.4336	9.41832e-08	0	0	0	0	0	0	0	0	
0.125	0.825894	-0.020563	2.00984	1.21081	6.08382	2.43353	9.43581e-08	0	0	0	0	0	0	0	0	
0.126	0.825817	-0.0207084	2.00964	1.21092	6.08378	2.43351	9.44093e-08	0	0	0	0	0	0	0	0	
0.127	0.82572	-0.0208546	2.00943	1.21106	6.08388	2.43355	9.43331e-08	0	0	0	0	0	0	0	0	
0.128	0.825605	-0.0210022	2.00923	1.21123	6.08412	2.43365	9.41953e-08	0	0	0	0	0	0	0	0	
0.129	0.825473	-0.0211515	2.00903	1.21143	6.08448	2.43379	9.40792e-08	0	0	0	0	0	0	0	0	
0.13	0.825326	-0.0213032	2.00883	1.21164	6.08496	2.43399	9.40331e-08	0	0	0	0	0	0	0	0	
0.131	0.825166	-0.0214576	2.00863	1.21188	6.08555	2.43422	9.40476e-08	0	0	0	0	0	0	0	0	
0.132	0.824995	-0.0216151	2.00844	1.21213	6.08623	2.43449	9.40717e-08	0	0	0	0	0	0	0	0	
0.133	0.824815	-0.0217762	2.00825	1.21239	6.08698	2.43479	9.40495e-08	0	0	0	0	0	0	0	0	
0.134	0.824629	-0.0219411	2.00807	1.21267	6.0878	2.43512	9.39534e-08	0	0	0	0	0	0	0	0	
0.135	0.824437	-0.0221101	2.00789	1.21295	6.08866	2.43547	9.37926e-08	0	0	0	0	0	0	0	0	
0.136	0.824243	-0.0222834	2.00771	1.21323	6.08957	2.43583	9.35963e-08	0	0	0	0	0	0	0	0	
0.137	0.824047	-0.0224611	2.00755	1.21352	6.09051	2.4362	9.33883e-08	0	0	0	0	0	0	0	0	
0.138	0.823852	-0.0226433	2.00738	1.21381	6.09146	2.43658	9.3171e-08	0	0	0	0	0	0	0	0	
0.139	0.823658	-0.0228299	2.00723	1.2141	6.09241	2.43697	9.29313e-08	0	0	0	0	0	0	0	0	
0.14	0.823468	-0.0230208	2.00707	1.21438	6.09335	2.43734	9.26581e-08	0	0	0	0	0	0	0	0	
0.141	0.823284	-0.023216	2.00692	1.21465	6.09426	2.4377	9.23584e-08	0	0	0	0	0	0	0	0	
0.142	0.823109	-0.0234151	2.00678	1.21491	6.09512	2.43805	9.2061e-08	0	0	0	0	0	0	0	0	
0.143	0.822944	-0.0236179	2.00664	1.21515	6.09591	2.43836	9.18059e-08	0	0	0	0	0	0	0	0	
0.144	0.822792	-0.0238239	2.0065	1.21537	6.09662	2.43865	9.16257e-08	0	0	0	0	0	0	0	0	
0.145	0.822651	-0.0240329	2.00636	1.21558	6.09724	2.4389	9.15313e-08	0	0	0	0	0	0	0	0	
0.146	0.822523	-0.0242444	2.00622	1.21577	6.09777	2.43911	9.15101e-08	0	0	0	0	0	0	0	0	
0.147	0.822405	-0.024458	2.00609	1.21595	6.09822	2.43929	9.15368e-08	0	0	0	0	0	0	0	0	
0.148	0.822296	-0.0246731	2.00595	1.21611	6.09862	2.43945	9.15873e-08	0	0	0	0	0	0	0	0	
0.149	0.82219	-0.0248893	2.0058	1.21626	6.09896	2.43959	9.16481e-08	0	0	0	0	0	0	0	0	
0.15	0.822086	-0.0251062	2.00566	1.21642	6.0993	2.43972	9.17146e-08	0	0	0	0	0	0	0	0	
0.151	0.821979	-0.0253232	2.00551	1.21658	6.09964	2.43985	9.17842e-08	0	0	0	0	0	0	0	0	
0.152	0.821867	-0.0255401	2.00536	1.21674	6.1	2.44	9.18496e-08	0	0	0	0	0	0	0	0	
0.153	0.821746	-0.0257564	2.0052	1.21692	6.10041	2.44016	9.18971e-08	0	0	0	0	0	0	0	0	
0.154	0.821615	-0.0259718	2.00503	1.21711	6.10087	2.44035	9.19119e-08	0	0	0	0	0	0	0	0	
0.155	0.821475	-0.0261859	2.00486	1.21732	6.10139	2.44056	9.18842e-08	0	0	0	0	0	0	0	0	
0.156	0.821323	-0.0263986	2.00467	1.21755	6.10196	2.44079	9.18138e-08	0	0	0	0	0	0	0	0	
0.157	0.821162	-0.0266097	2.00449	1.21779	6.10259	2.44104	9.17117e-08	0	0	0	0	0	0	0	0	
0.158	0.820992	-0.026819	2.00429	1.21804	6.10325	2.4413	9.1597e-08	0	0	0	0	0	0	0	0	
0.159	0.820815	-0.0270265	2.00409	1.2183	6.10395	2.44158	9.14892e-08	0	0	0	0	0	0	0	0	
0.16	0.820633	-0.0272321	2.00387	1.21857	6.10466	2.44186	9.13998e-08	0	0	0	0	0	0	0	0	
0.161	0.820446	-0.027436	2.00365	1.21885	6.10538	2.44215	9.13299e-08	0	0	0	0	0	0	0	0	
0.162	0.820257	-0.027638	2.00343	1.21913	6.1061	2.44244	9.12784e-08	0	0	0	0	0	0	0	0	
0.163	0.820066	-0.0278384	2.0032	1.21941	6.10681	2.44272	9.12578e-08	0	0	0	0	0	0	0	0	
0.164	0.819876	-0.0280374	2.00296	1.2197	6.10749	2.443	9.1305e-08	0	0	0	0	0	0	0	0	
0.165	0.819687	-0.028235	2.00271	1.21998	6.10816	2.44326	9.14766e-08	0	0	0	0	0	0	0	0	
0.166	0.819499	-0.0284317	2.00246	1.22026	6.10879	2.44352	9.18278e-08	0	0	0	0	0	0	0	0	
0.167	0.819315	-0.0286275	2.0022	1.22053	6.10938	2.44375	9.23853e-08	0	0	0	0	0	0	0	0	
0.168	0.819134	-0.0288228	2.00194	1.2208	6.10994	2.44398	9.31281e-08	0	0	0	0	0	0	0	0	
0.169	0.818957	-0.029018	2.00168	1.22106	6.11046	2.44418	9.39873e-08	0	0	0	0	0	0	0	0	
0.17	0.818786	-0.0292132	2.00142	1.22132	6.11093	2.44437	9.48629e-08	0	0	0	0	0	0	0	0	
0.171	0.818621	-0.0294088	2.00115	1.22157	6.11135	2.44454	9.56499e-08	0	0	0	0	0	0	0	0	
0.172	0.818463	-0.0296052	2.00088	1.2218	6.11171	2.44468	9.62606e-08	0	0	0	0	0	0	0	0	
0.173	0.818312	-0.0298027	2.00062	1.22203	6.11202	2.44481	9.66358e-08	0	0	0	0	0	0	0	0	
0.174	0.818169	-0.0300017	2.00035	1.22224	6.11227	2.44491	9.67431e-08	0	0	0	0	0	0	0	0	
0.175	0.818035	-0.0302024	2.00008	1.22244	6.11246	2.44498	9.65707e-08	0	0	0	0	0	0	0	0	
0.176	0.817908	-0.0304051	1.99982	1.22263	6.1126	2.44504	9.61207e-08	0	0	0	0	0	0	0	0	
0.177	0.817789	-0.0306102	1.99955	1.22281	6.11269	2.44507	9.54076e-08	0	0	0	0	0	0	0	0	
0.178	0.817676	-0.0308179	1.9993	1.22298	6.11273	2.44509	9.44614e-08	0	0	0	0	0	0	0	0	
0.179	0.817569	-0.0310284	1.99904	1.22314	6.11275	2.4451	9.33314e-08	0	0	0	0	0	0	0	0	
0.18	0.817466	-0.031242	1.99879	1.22329	6.11275	2.4451	9.20878e-08	0	0	0	0	0	0	0	0	
0.181	0.817366	-0.0314588	1.99854	1.22344	6.11274	2.44509	9.08172e-08	0	0	0	0	0	0	0	0	
0.182	0.817267	-0.031679	1.99829	1.22359	6.11272	2.44509	8.9613e-08	0	0	0	0	0	0	0	0	
0.183	0.817169	-0.0319026	1.99805	1.22374	6.11271	2.44509	8.85622e-08	0	0	0	0	0	0	0	0	
0.184	0.817072	-0.0321297	1.99781	1.22388	6.11271	2.44509	8.77317e-08	0	0	0	0	0	0	0	0	
0.185	0.816973	-0.0323602	1.99758	1.22403	6.11273	2.44509	8.71584e-08	0	0	0	0	0	0	0	0	
0.186	0.816874	-0.032594	1.99734	1.22418	6.11276	2.44511	8.68436e-08	0	0	0	0	0	0	0	0	
0.187	0.816773	-0.0328311	1.99711	1.22433	6.11281	2.44512	8.67561e-08	0	0	0	0	0	0	0	0	
0.188	0.816672	-0.0330713	1.99689	1.22448	6.11288	2.44515	8.68403e-08	0	0	0	0	0	0	0	0	
0.189	0.816569	-0.0333144	1.99666	1.22464	6.11295	2.44518	8.70301e-08	0	0	0	0	0	0	0	0	
0.19	0.816465	-0.0335602	1.99643	1.22479	6.11303	2.44521	8.72627e-08	0	0	0	0	0	0	0	0	
0.191	0.816361	-0.0338083	1.99621	1.22495	6.11312	2.44525	8.74911e-08	0	0	0	0	0	0	0	0	
0.192	0.816256	-0.0340586	1.99598	1.22511	6.11321	2.44529	8.76895e-08	0	0	0	0	0	0	0	0	
0.193	0.81615	-0.0343107	1.99575	1.22527	6.1133	2.44532	8.78527e-08	0	0	0	0	0	0	0	0	
0.194	0.816044	-0.0345643	1.99552	1.22542	6.11339	2.44536	8.79887e-08	0	0	0	0	0	0	0	0	
0.195	0.815937	-0.0348191	1.99528	1.22559	6.11347	2.44539	8.81081e-08	0	0	0	0	0	0	0	0	
0.196	0.815829	-0.0350748	1.99504	1.22575	6.11354	2.44542	8.82152e-08	0	0	0	0	0	0	0	0	
0.197	0.815721	-0.0353311	1.9948	1.22591	6.1136	2.44544	8.83031e-08	0	0	0	0	0	0	0	0	
0.198	0.815612	-0.0355879	1.99455	1.22607	6.11365	2.44546	8.83558e-08	0	0	0	0	0	0	0	0	
0.199	0.815502	-0.0358448	1.99429	1.22624	6.11369	2.44547	8.83549e-08	0	0	0	0	0	0	0	0	
0.2	0.815392	-0.0361017	1.99403	1.2264	6.11371	2.44548	8.82886e-08	0	0	0	0	0	0	0	0	
0.201	0.815281	-0.0363583	1.99376	1.22657	6.11371	2.44548	8.81581e-08	0	0	0	0	0	0	0	0	
0.202	0.815169	-0.0366147	1.99348	1.22674	6.11369	2.44548	8.79783e-08	0	0	0	0	0	0	0	0	
0.203	0.815058	-0.0368708	1.99319	1.22691	6.11366	2.44546	8.77737e-08	0	0	0	0	0	0	0	0	
0.204	0.814945	-0.0371264	1.9929	1.22708	6.1136	2.44544	8.75699e-08	0	0	0	0	0	0	0	0	
0.205	0.814833	-0.0373816	1.9926	1.22725	6.11352	2.44541	8.73866e-08	0	0	0	0	0	0	0	0	
0.206	0.81472	-0.0376364	1.99229	1.22741	6.11342	2.44537	8.72327e-08	0	0	0	0	0	0	0	0	
0.207	0.814608	-0.0378909	1.99198	1.22758	6.1133	2.44532	8.71069e-08	0	0	0	0	0	0	0	0	
0.208	0.814495	-0.0381453	1.99165	1.22775	6.11315	2.44526	8.70013e-08	0	0	0	0	0	0	0	0	
0.209	0.814382	-0.0383995	1.99132	1.22792	6.11298	2.44519	8.6907e-08	0	0	0	0	0	0	0	0	
0.21	0.814269	-0.0386539	1.99099	1.2281	6.1128	2.44512	8.68175e-08	0	0	0	0	0	0	0	0	
0.211	0.814156	-0.0389085	1.99064	1.22827	6.1126	2.44504	8.67309e-08	0	0	0	0	0	0	0	0	
0.212	0.814041	-0.0391637	1.99029	1.22844	6.11238	2.44495	8.66489e-08	0	0	0	0	0	0	0	0	
0.213	0.813926	-0.0394196	1.98994	1.22861	6.11215	2.44486	8.65758e-08	0	0	0	0	0	0	0	0	
0.214	0.81381	-0.0396765	1.98957	1.22879	6.11191	2.44476	8.65171e-08	0	0	0	0	0	0	0	0	
0.215	0.813693	-0.0399347	1.98921	1.22896	6.11167	2.44467	8.64782e-08	0	0	0	0	0	0	0	0	
0.216	0.813574	-0.0401944	1.98884	1.22914	6.11142	2.44457	8.64643e-08	0	0	0	0	0	0	0	0	
0.217	0.813454	-0.0404561	1.98846	1.22933	6.11117	2.44447	8.64787e-08	0	0	0	0	0	0	0	0	
0.218	0.813332	-0.0407199	1.98808	1.22951	6.11092	2.44437	8.65224e-08	0	0	0	0	0	0	0	0	
0.219	0.813208	-0.0409863	1.9877	1.2297	6.11067	2.44427	8.65922e-08	0	0	0	0	0	0	0	0	
0.22	0.813082	-0.0412555	1.98731	1.22989	6.11043	2.44417	8.66801e-08	0	0	0	0	0	0	0	0	
0.221	0.812953	-0.0415279	1.98692	1.23008	6.11021	2.44408	8.67737e-08	0	0	0	0	0	0	0	0	
0.222	0.812821	-0.0418038	1.98653	1.23028	6.10999	2.444	8.68576e-08	0	0	0	0	0	0	0	0	
0.223	0.812685	-0.0420836	1.98614	1.23049	6.1098	2.44392	8.69152e-08	0	0	0	0	0	0	0	0	
0.224	0.812545	-0.0423674	1.98574	1.2307	6.10962	2.44385	8.69319e-08	0	0	0	0	0	0	0	0	
0.225	0.812401	-0.0426557	1.98534	1.23092	6.10948	2.44379	8.6897e-08	0	0	0	0	0	0	0	0	
0.226	0.812253	-0.0429486	1.98494	1.23114	6.10936	2.44374	8.6806e-08	0	0	0	0	0	0	0	0	
0.227	0.812099	-0.0432463	1.98453	1.23138	6.10927	2.44371	8.66615e-08	0	0	0	0	0	0	0	0	
0.228	0.811941	-0.0435492	1.98412	1.23162	6.1092	2.44368	8.64734e-08	0	0	0	0	0	0	0	0	
0.229	0.811779	-0.0438573	1.98371	1.23186	6.10915	2.44366	8.62574e-08	0	0	0	0	0	0	0	0	
0.23	0.811615	-0.0441707	1.9833	1.23211	6.10911	2.44364	8.60335e-08	0	0	0	0	0	0	0	0	
0.231	0.811451	-0.0444896	1.98288	1.23236	6.10905	2.44362	8.58226e-08	0	0	0	0	0	0	0	0	
0.232	0.811288	-0.044814	1.98245	1.23261	6.10897	2.44359	8.56443e-08	0	0	0	0	0	0	0	0	
0.233	0.811129	-0.0451438	1.98203	1.23285	6.10885	2.44354	8.55139e-08	0	0	0	0	0	0	0	0	
0.234	0.810977	-0.0454792	1.98159	1.23308	6.10865	2.44346	8.54406e-08	0	0	0	0	0	0	0	0	
0.235	0.810835	-0.0458201	1.98115	1.2333	6.10837	2.44335	8.54272e-08	0	0	0	0	0	0	0	0	
0.236	0.810703	-0.0461663	1.9807	1.2335	6.10798	2.44319	8.547e-08	0	0	0	0	0	0	0	0	
0.237	0.810583	-0.0465179	1.98025	1.23368	6.10748	2.44299	8.55601e-08	0	0	0	0	0	0	0	0	
0.238	0.810476	-0.0468746	1.97979	1.23384	6.10686	2.44274	8.5685e-08	0	0	0	0	0	0	0	0	
0.239	0.810381	-0.0472365	1.97931	1.23399	6.10612	2.44245	8.58307e-08	0	0	0	0	0	0	0	0	
0.24	0.810296	-0.0476033	1.97883	1.23412	6.10528	2.44211	8.59835e-08	0	0	0	0	0	0	0	0	
0.241	0.81022	-0.047975	1.97834	1.23423	6.10434	2.44174	8.61317e-08	0	0	0	0	0	0	0	0	
0.242	0.810149	-0.0483514	1.97784	1.23434	6.10333	2.44133	8.62665e-08	0	0	0	0	0	0	0	0	
0.243	0.810079	-0.0487325	1.97733	1.23445	6.10227	2.44091	8.63824e-08	0	0	0	0	0	0	0	0	
0.244	0.810008	-0.0491182	1.97681	1.23456	6.10119	2.44048	8.6477e-08	0	0	0	0	0	0	0	0	
0.245	0.809932	-0.0495083	1.97627	1.23467	6.10012	2.44005	8.65504e-08	0	0	0	0	0	0	0	0	
0.246	0.809847	-0.0499028	1.97572	1.2348	6.09907	2.43963	8.66044e-08	0	0	0	0	0	0	0	0	
0.247	0.809751	-0.0503016	1.97517	1.23495	6.09807	2.43923	8.66418e-08	0	0	0	0	0	0	0	0	
0.248	0.809641	-0.0507048	1.9746	1.23512	6.09714	2.43885	8.6666e-08	0	0	0	0	0	0	0	0	
0.249	0.809516	-0.0511122	1.97401	1.23531	6.09628	2.43851	8.66798e-08	0	0	0	0	0	0	0	0	
0.25	0.809376	-0.0515239	1.97342	1.23552	6.0955	2.4382	8.66858e-08	0	0	0	0	0	0	0	0	
0.251	0.809219	-0.05194	1.97281	1.23576	6.0948	2.43792	8.66855e-08	0	0	0	0	0	0	0	0	
0.252	0.809047	-0.0523604	1.97219	1.23602	6.09418	2.43767	8.66795e-08	0	0	0	0	0	0	0	0	
0.253	0.80886	-0.0527852	1.97156	1.23631	6.09364	2.43746	8.66678e-08	0	0	0	0	0	0	0	0	
0.254	0.808659	-0.0532144	1.97092	1.23661	6.09317	2.43727	8.66494e-08	0	0	0	0	0	0	0	0	
0.255	0.808446	-0.0536483	1.97026	1.23694	6.09275	2.4371	8.66234e-08	0	0	0	0	0	0	0	0	
0.256	0.808222	-0.0540867	1.9696	1.23728	6.09238	2.43695	8.65892e-08	0	0	0	0	0	0	0	0	
0.257	0.807988	-0.0545299	1.96892	1.23764	6.09205	2.43682	8.65466e-08	0	0	0	0	0	0	0	0	
0.258	0.807746	-0.054978	1.96823	1.23801	6.09174	2.4367	8.64967e-08	0	0	0	0	0	0	0	0	
0.259	0.807498	-0.0554309	1.96753	1.23839	6.09145	2.43658	8.6441e-08	0	0	0	0	0	0	0	0	
0.26	0.807244	-0.0558889	1.96682	1.23878	6.09116	2.43647	8.63817e-08	0	0	0	0	0	0	0	0	
0.261	0.806987	-0.056352	1.9661	1.23918	6.09087	2.43635	8.63205e-08	0	0	0	0	0	0	0	0	
0.262	0.806728	-0.0568203	1.96537	1.23957	6.09057	2.43623	8.6258e-08	0	0	0	0	0	0	0	0	
0.263	0.806469	-0.0572938	1.96463	1.23997	6.09024	2.43609	8.61934e-08	0	0	0	0	0	0	0	0	
0.264	0.806209	-0.0577725	1.96388	1.24037	6.08987	2.43595	8.61241e-08	0	0	0	0	0	0	0	0	
0.265	0.805951	-0.0582565	1.96313	1.24077	6.08947	2.43579	8.60464e-08	0	0	0	0	0	0	0	0	
0.266	0.805696	-0.0587457	1.96236	1.24116	6.08902	2.43561	8.59563e-08	0	0	0	0	0	0	0	0	
0.267	0.805444	-0.0592401	1.96159	1.24155	6.08852	2.43541	8.58509e-08	0	0	0	0	0	0	0	0	
0.268	0.805197	-0.0597396	1.9608	1.24193	6.08797	2.43519	8.57297e-08	0	0	0	0	0	0	0	0	
0.269	0.804954	-0.060244	1.96002	1.24231	6.08735	2.43494	8.55953e-08	0	0	0	0	0	0	0	0	
0.27	0.804716	-0.0607533	1.95922	1.24267	6.08668	2.43467	8.54543e-08	0	0	0	0	0	0	0	0	
0.271	0.804483	-0.0612671	1.95842	1.24303	6.08595	2.43438	8.53167e-08	0	0	0	0	0	0	0	0	
0.272	0.804255	-0.0617851	1.95761	1.24339	6.08517	2.43407	8.51952e-08	0	0	0	0	0	0	0	0	
0.273	0.804032	-0.0623072	1.9568	1.24373	6.08435	2.43374	8.51033e-08	0	0	0	0	0	0	0	0	
0.274	0.803811	-0.0628328	1.95599	1.24407	6.08348	2.43339	8.50544e-08	0	0	0	0	0	0	0	0	
0.275	0.803594	-0.0633617	1.95517	1.24441	6.08259	2.43304	8.50589e-08	0	0	0	0	0	0	0	0	
0.276	0.803378	-0.0638932	1.95435	1.24474	6.08167	2.43267	8.51239e-08	0	0	0	0	0	0	0	0	
0.277	0.803163	-0.064427	1.95353	1.24508	6.08075	2.4323	8.52512e-08	0	0	0	0	0	0	0	0	
0.278	0.802948	-0.0649624	1.95271	1.24541	6.07983	2.43193	8.54376e-08	0	0	0	0	0	0	0	0	
0.279	0.802733	-0.0654988	1.9519	1.24574	6.07891	2.43156	8.56753e-08	0	0	0	0	0	0	0	0	
0.28	0.802517	-0.0660355	1.95108	1.24608	6.07801	2.4312	8.59521e-08	0	0	0	0	0	0	0	0	
0.281	0.8023	-0.066572	1.95027	1.24642	6.07713	2.43085	8.62533e-08	0	0	0	0	0	0	0	0	
0.282	0.802081	-0.0671073	1.94947	1.24676	6.07628	2.43051	8.65627e-08	0	0	0	0	0	0	0	0	
0.283	0.80186	-0.0676409	1.94867	1.2471	6.07546	2.43018	8.68643e-08	0	0	0	0	0	0	0	0	
0.284	0.801637	-0.0681718	1.94787	1.24745	6.07467	2.42987	8.7143e-08	0	0	0	0	0	0	0	0	
0.285	0.801413	-0.0686994	1.94709	1.2478	6.07393	2.42957	8.73858e-08	0	0	0	0	0	0	0	0	
0.286	0.801189	-0.0692227	1.94632	1.24815	6.07322	2.42929	8.75823e-08	0	0	0	0	0	0	0	0	
0.287	0.800963	-0.0697411	1.94556	1.2485	6.07255	2.42902	8.77248e-08	0	0	0	0	0	0	0	0	
0.288	0.800738	-0.0702536	1.94481	1.24885	6.07192	2.42877	8.78086e-08	0	0	0	0	0	0	0	0	
0.289	0.800513	-0.0707594	1.94407	1.2492	6.07133	2.42853	8.78318e-08	0	0	0	0	0	0	0	0	
0.29	0.80029	-0.0712579	1.94335	1.24955	6.07077	2.42831	8.77951e-08	0	0	0	0	0	0	0	0	
0.291	0.800068	-0.0717482	1.94264	1.24989	6.07025	2.4281	8.77013e-08	0	0	0	0	0	0	0	0	
0.292	0.799848	-0.0722295	1.94195	1.25024	6.06976	2.4279	8.75553e-08	0	0	0	0	0	0	0	0	
0.293	0.799632	-0.0727013	1.94128	1.25057	6.0693	2.42772	8.73633e-08	0	0	0	0	0	0	0	0	
0.294	0.79942	-0.0731628	1.94063	1.25091	6.06886	2.42755	8.71328e-08	0	0	0	0	0	0	0	0	
0.295	0.799213	-0.0736135	1.93999	1.25123	6.06845	2.42738	8.68719e-08	0	0	0	0	0	0	0	0	
0.296	0.799012	-0.0740527	1.93938	1.25155	6.06805	2.42722	8.65887e-08	0	0	0	0	0	0	0	0	
0.297	0.798817	-0.0744801	1.93878	1.25185	6.06766	2.42706	8.62916e-08	0	0	0	0	0	0	0	0	
0.298	0.79863	-0.0748951	1.9382	1.25214	6.06727	2.42691	8.59882e-08	0	0	0	0	0	0	0	0	
0.299	0.798452	-0.0752975	1.93764	1.25242	6.06687	2.42675	8.56858e-08	0	0	0	0	0	0	0	0	
0.3	0.798284	-0.0756869	1.93711	1.25269	6.06647	2.42659	8.53912e-08	0	0	0	0	0	0	0	0	
0.301	0.798125	-0.0760631	1.93659	1.25294	6.06605	2.42642	8.51102e-08	0	0	0	0	0	0	0	0	
0.302	0.797978	-0.076426	1.93609	1.25317	6.0656	2.42624	8.48484e-08	0	0	0	0	0	0	0	0	
0.303	0.797841	-0.0767755	1.93561	1.25338	6.06514	2.42605	8.46108e-08	0	0	0	0	0	0	0	0	
0.304	0.797716	-0.0771116	1.93514	1.25358	6.06464	2.42586	8.44015e-08	0	0	0	0	0	0	0	0	
0.305	0.797601	-0.0774345	1.9347	1.25376	6.06413	2.42565	8.42245e-08	0	0	0	0	0	0	0	0	
0.306	0.797497	-0.0777443	1.93428	1.25392	6.06358	2.42543	8.40829e-08	0	0	0	0	0	0	0	0	
0.307	0.797402	-0.0780414	1.93387	1.25407	6.06303	2.42521	8.39788e-08	0	0	0	0	0	0	0	0	
0.308	0.797317	-0.0783261	1.93348	1.25421	6.06245	2.42498	8.39136e-08	0	0	0	0	0	0	0	0	
0.309	0.797239	-0.0785987	1.9331	1.25433	6.06187	2.42475	8.38878e-08	0	0	0	0	0	0	0	0	
0.31	0.797167	-0.07886	1.93275	1.25444	6.0613	2.42452	8.39006e-08	0	0	0	0	0	0	0	0	
0.311	0.797102	-0.0791104	1.93241	1.25455	6.06073	2.42429	8.39505e-08	0	0	0	0	0	0	0	0	
0.312	0.79704	-0.0793506	1.93208	1.25464	6.06018	2.42407	8.4035e-08	0	0	0	0	0	0	0	0	
0.313	0.796982	-0.0795813	1.93177	1.25473	6.05965	2.42386	8.41509e-08	0	0	0	0	0	0	0	0	
0.314	0.796925	-0.0798032	1.93148	1.25482	6.05915	2.42366	8.42944e-08	0	0	0	0	0	0	0	0	
0.315	0.79687	-0.0800171	1.9312	1.25491	6.0587	2.42348	8.44615e-08	0	0	0	0	0	0	0	0	
0.316	0.796816	-0.0802237	1.93093	1.255	6.05828	2.42331	8.46478e-08	0	0	0	0	0	0	0	0	
0.317	0.796761	-0.0804237	1.93068	1.25508	6.05791	2.42316	8.48492e-08	0	0	0	0	0	0	0	0	
0.318	0.796705	-0.080618	1.93044	1.25517	6.05759	2.42304	8.50614e-08	0	0	0	0	0	0	0	0	
0.319	0.796648	-0.0808071	1.93022	1.25526	6.05732	2.42293	8.52802e-08	0	0	0	0	0	0	0	0	
0.32	0.796589	-0.0809918	1.93001	1.25535	6.05711	2.42284	8.55013e-08	0	0	0	0	0	0	0	0	
0.321	0.796529	-0.0811726	1.92981	1.25545	6.05695	2.42278	8.57206e-08	0	0	0	0	0	0	0	0	
0.322	0.796467	-0.08135	1.92963	1.25554	6.05684	2.42273	8.59335e-08	0	0	0	0	0	0	0	0	
0.323	0.796403	-0.0815245	1.92945	1.25565	6.05678	2.42271	8.61351e-08	0	0	0	0	0	0	0	0	
0.324	0.796338	-0.0816964	1.92929	1.25575	6.05676	2.4227	8.63203e-08	0	0	0	0	0	0	0	0	
0.325	0.796272	-0.0818661	1.92914	1.25585	6.05679	2.42271	8.64836e-08	0	0	0	0	0	0	0	0	
0.326	0.796205	-0.0820336	1.929	1.25596	6.05685	2.42274	8.66198e-08	0	0	0	0	0	0	0	0	
0.327	0.796139	-0.0821991	1.92887	1.25606	6.05694	2.42278	8.67238e-08	0	0	0	0	0	0	0	0	
0.328	0.796073	-0.0823626	1.92874	1.25617	6.05705	2.42282	8.67915e-08	0	0	0	0	0	0	0	0	
0.329	0.796009	-0.0825241	1.92863	1.25627	6.05717	2.42287	8.682e-08	0	0	0	0	0	0	0	0	
0.33	0.795948	-0.0826834	1.92852	1.25636	6.05729	2.42292	8.68084e-08	0	0	0	0	0	0	0	0	
0.331	0.795891	-0.0828404	1.92841	1.25645	6.05741	2.42296	8.67578e-08	0	0	0	0	0	0	0	0	
0.332	0.795839	-0.0829948	1.92832	1.25653	6.0575	2.423	8.66716e-08	0	0	0	0	0	0	0	0	
0.333	0.795794	-0.0831462	1.92823	1.25661	6.05755	2.42302	8.65554e-08	0	0	0	0	0	0	0	0	
0.334	0.795756	-0.0832944	1.92814	1.25667	6.05757	2.42303	8.64168e-08	0	0	0	0	0	0	0	0	
0.335	0.795727	-0.083439	1.92806	1.25671	6.05754	2.42302	8.62645e-08	0	0	0	0	0	0	0	0	
0.336	0.795706	-0.0835794	1.92798	1.25675	6.05746	2.42298	8.6108e-08	0	0	0	0	0	0	0	0	
0.337	0.795694	-0.0837153	1.92791	1.25676	6.05732	2.42293	8.59563e-08	0	0	0	0	0	0	0	0	
0.338	0.795692	-0.0838462	1.92784	1.25677	6.05712	2.42285	8.58175e-08	0	0	0	0	0	0	0	0	
0.339	0.795698	-0.0839715	1.92777	1.25676	6.05686	2.42274	8.56976e-08	0	0	0	0	0	0	0	0	
0.34	0.795713	-0.0840908	1.92771	1.25673	6.05656	2.42262	8.56004e-08	0	0	0	0	0	0	0	0	
0.341	0.795735	-0.0842035	1.92766	1.2567	6.05621	2.42248	8.55268e-08	0	0	0	0	0	0	0	0	
0.342	0.795764	-0.0843091	1.9276	1.25665	6.05583	2.42233	8.54751e-08	0	0	0	0	0	0	0	0	
0.343	0.795798	-0.0844072	1.92756	1.2566	6.05542	2.42217	8.54411e-08	0	0	0	0	0	0	0	0	
0.344	0.795835	-0.0844972	1.92751	1.25654	6.055	2.422	8.54188e-08	0	0	0	0	0	0	0	0	
0.345	0.795875	-0.0845787	1.92748	1.25648	6.05458	2.42183	8.54012e-08	0	0	0	0	0	0	0	0	
0.346	0.795916	-0.0846511	1.92745	1.25641	6.05418	2.42167	8.53808e-08	0	0	0	0	0	0	0	0	
0.347	0.795957	-0.084714	1.92743	1.25635	6.0538	2.42152	8.53511e-08	0	0	0	0	0	0	0	0	
0.348	0.795997	-0.084767	1.92742	1.25629	6.05346	2.42139	8.53067e-08	0	0	0	0	0	0	0	0	
0.349	0.796035	-0.0848095	1.92741	1.25623	6.05317	2.42127	8.52443e-08	0	0	0	0	0	0	0	0	
0.35	0.796071	-0.0848412	1.92742	1.25617	6.05293	2.42117	8.5163e-08	0	0	0	0	0	0	0	0	
0.351	0.796103	-0.0848616	1.92745	1.25612	6.05275	2.4211	8.50642e-08	0	0	0	0	0	0	0	0	
0.352	0.796133	-0.0848704	1.92748	1.25607	6.05264	2.42106	8.49518e-08	0	0	0	0	0	0	0	0	
0.353	0.79616	-0.0848673	1.92753	1.25603	6.0526	2.42104	8.48317e-08	0	0	0	0	0	0	0	0	
0.354	0.796184	-0.0848521	1.9276	1.25599	6.05263	2.42105	8.47112e-08	0	0	0	0	0	0	0	0	
0.355	0.796206	-0.0848245	1.92769	1.25596	6.05273	2.42109	8.45985e-08	0	0	0	0	0	0	0	0	
0.356	0.796227	-0.0847844	1.92779	1.25592	6.0529	2.42116	8.45019e-08	0	0	0	0	0	0	0	0	
0.357	0.796248	-0.0847317	1.92792	1.25589	6.05314	2.42126	8.4429e-08	0	0	0	0	0	0	0	0	
0.358	0.79627	-0.0846664	1.92807	1.25586	6.05344	2.42138	8.43864e-08	0	0	0	0	0	0	0	0	
0.359	0.796294	-0.0845885	1.92824	1.25582	6.0538	2.42152	8.43789e-08	0	0	0	0	0	0	0	0	
0.36	0.796322	-0.084498	1.92844	1.25577	6.05421	2.42169	8.44094e-08	0	0	0	0	0	0	0	0	
0.361	0.796356	-0.0843949	1.92867	1.25572	6.05466	2.42187	8.44787e-08	0	0	0	0	0	0	0	0	
0.362	0.796398	-0.0842792	1.92892	1.25565	6.05515	2.42206	8.45852e-08	0	0	0	0	0	0	0	0	
0.363	0.796448	-0.0841511	1.9292	1.25558	6.05565	2.42226	8.47253e-08	0	0	0	0	0	0	0	0	
0.364	0.796509	-0.0840107	1.92952	1.25548	6.05617	2.42247	8.48938e-08	0	0	0	0	0	0	0	0	
0.365	0.796582	-0.0838581	1.92986	1.25536	6.05668	2.42267	8.50841e-08	0	0	0	0	0	0	0	0	
0.366	0.79667	-0.0836935	1.93023	1.25523	6.05719	2.42288	8.52884e-08	0	0	0	0	0	0	0	0	
0.367	0.796773	-0.083517	1.93064	1.25506	6.05768	2.42307	8.54988e-08	0	0	0	0	0	0	0	0	
0.368	0.796892	-0.0833288	1.93107	1.25487	6.05814	2.42326	8.57073e-08	0	0	0	0	0	0	0	0	
0.369	0.797029	-0.0831291	1.93154	1.25466	6.05857	2.42343	8.59061e-08	0	0	0	0	0	0	0	0	
0.37	0.797183	-0.0829181	1.93204	1.25442	6.05896	2.42358	8.60884e-08	0	0	0	0	0	0	0	0	
0.371	0.797355	-0.0826958	1.93257	1.25415	6.0593	2.42372	8.6248e-08	0	0	0	0	0	0	0	0	
0.372	0.797545	-0.0824624	1.93313	1.25385	6.05961	2.42384	8.63801e-08	0	0	0	0	0	0	0	0	
0.373	0.797751	-0.0822179	1.93371	1.25352	6.05988	2.42395	8.64806e-08	0	0	0	0	0	0	0	0	
0.374	0.797973	-0.0819625	1.93432	1.25317	6.06012	2.42405	8.65466e-08	0	0	0	0	0	0	0	0	
0.375	0.798209	-0.0816962	1.93496	1.2528	6.06033	2.42413	8.65765e-08	0	0	0	0	0	0	0	0	
0.376	0.798457	-0.0814192	1.93563	1.25242	6.06052	2.42421	8.65692e-08	0	0	0	0	0	0	0	0	
0.377	0.798716	-0.0811317	1.93631	1.25201	6.0607	2.42428	8.65248e-08	0	0	0	0	0	0	0	0	
0.378	0.798983	-0.0808337	1.93702	1.25159	6.06089	2.42435	8.6444e-08	0	0	0	0	0	0	0	0	
0.379	0.799256	-0.0805254	1.93774	1.25116	6.06109	2.42443	8.63284e-08	0	0	0	0	0	0	0	0	
0.38	0.799532	-0.0802071	1.93849	1.25073	6.06131	2.42452	8.618e-08	0	0	0	0	0	0	0	0	
0.381	0.799811	-0.0798788	1.93924	1.2503	6.06157	2.42463	8.60018e-08	0	0	0	0	0	0	0	0	
0.382	0.800089	-0.0795407	1.94001	1.24986	6.06187	2.42475	8.57968e-08	0	0	0	0	0	0	0	0	
0.383	0.800365	-0.079193	1.9408	1.24943	6.06223	2.42489	8.55688e-08	0	0	0	0	0	0	0	0	
0.384	0.800637	-0.0788358	1.94159	1.24901	6.06265	2.42506	8.53214e-08	0	0	0	0	0	0	0	0	
0.385	0.800903	-0.0784692	1.94239	1.24859	6.06313	2.42525	8.50587e-08	0	0	0	0	0	0	0	0	
0.386	0.801164	-0.0780934	1.9432	1.24818	6.06368	2.42547	8.47846e-08	0	0	0	0	0	0	0	0	
0.387	0.801417	-0.0777088	1.94402	1.24779	6.06431	2.42572	8.45026e-08	0	0	0	0	0	0	0	0	
0.388	0.801663	-0.0773155	1.94484	1.24741	6.06501	2.426	8.42164e-08	0	0	0	0	0	0	0	0	
0.389	0.801902	-0.0769139	1.94566	1.24704	6.06577	2.42631	8.39291e-08	0	0	0	0	0	0	0	0	
0.39	0.802133	-0.0765042	1.94649	1.24668	6.06661	2.42665	8.36437e-08	0	0	0	0	0	0	0	0	
0.391	0.802358	-0.0760863	1.94733	1.24633	6.06752	2.42701	8.33631e-08	0	0	0	0	0	0	0	0	
0.392	0.802576	-0.0756603	1.94817	1.24599	6.06848	2.42739	8.309e-08	0	0	0	0	0	0	0	0	
0.393	0.80279	-0.0752258	1.94901	1.24566	6.06949	2.4278	8.28273e-08	0	0	0	0	0	0	0	0	
0.394	0.802999	-0.0747826	1.94986	1.24533	6.07054	2.42822	8.2578e-08	0	0	0	0	0	0	0	0	
0.395	0.803206	-0.0743301	1.95071	1.24501	6.07163	2.42865	8.2345e-08	0	0	0	0	0	0	0	0	
0.396	0.803412	-0.0738678	1.95157	1.24469	6.07275	2.4291	8.21319e-08	0	0	0	0	0	0	0	0	
0.397	0.803619	-0.0733951	1.95243	1.24437	6.07387	2.42955	8.19418e-08	0	0	0	0	0	0	0	0	
0.398	0.803829	-0.0729115	1.9533	1.24405	6.075	2.43	8.17784e-08	0	0	0	0	0	0	0	0	
0.399	0.804044	-0.0724165	1.95419	1.24371	6.07612	2.43045	8.16447e-08	0	0	0	0	0	0	0	0	
0.4	0.804265	-0.0719096	1.95508	1.24337	6.07723	2.43089	8.15438e-08	0	0	0	0	0	0	0	0	
0.401	0.804497	-0.0713902	1.956	1.24301	6.07832	2.43133	8.14777e-08	0	0	0	0	0	0	0	0	
0.402	0.804739	-0.0708576	1.95693	1.24264	6.07938	2.43175	8.1448e-08	0	0	0	0	0	0	0	0	
0.403	0.804994	-0.0703112	1.95788	1.24224	6.08042	2.43217	8.1455e-08	0	0	0	0	0	0	0	0	
0.404	0.805265	-0.06975	1.95886	1.24183	6.08141	2.43257	8.14983e-08	0	0	0	0	0	0	0	0	
0.405	0.805551	-0.069173	1.95987	1.24139	6.08238	2.43295	8.15762e-08	0	0	0	0	0	0	0	0	
0.406	0.805854	-0.068579	1.96091	1.24092	6.08332	2.43333	8.16862e-08	0	0	0	0	0	0	0	0	
0.407	0.806175	-0.0679669	1.96198	1.24043	6.08423	2.43369	8.18248e-08	0	0	0	0	0	0	0	0	
0.408	0.806514	-0.0673358	1.96309	1.2399	6.08512	2.43405	8.19881e-08	0	0	0	0	0	0	0	0	
0.409	0.806873	-0.0666846	1.96425	1.23935	6.086	2.4344	8.21716e-08	0	0	0	0	0	0	0	0	
0.41	0.80725	-0.0660125	1.96546	1.23877	6.08688	2.43475	8.23708e-08	0	0	0	0	0	0	0	0	
0.411	0.807647	-0.0653187	1.96671	1.23816	6.08778	2.43511	8.25811e-08	0	0	0	0	0	0	0	0	
0.412	0.808063	-0.0646022	1.96802	1.23753	6.0887	2.43548	8.27981e-08	0	0	0	0	0	0	0	0	
0.413	0.808498	-0.063862	1.96939	1.23686	6.08967	2.43587	8.30177e-08	0	0	0	0	0	0	0	0	
0.414	0.808952	-0.0630968	1.97083	1.23617	6.09068	2.43627	8.32362e-08	0	0	0	0	0	0	0	0	
0.415	0.809423	-0.0623054	1.97232	1.23545	6.09175	2.4367	8.34502e-08	0	0	0	0	0	0	0	0	
0.416	0.809912	-0.0614864	1.97388	1.2347	6.0929	2.43716	8.3657e-08	0	0	0	0	0	0	0	0	
0.417	0.810417	-0.0606387	1.97552	1.23393	6.09413	2.43765	8.3854e-08	0	0	0	0	0	0	0	0	
0.418	0.810939	-0.0597614	1.97722	1.23314	6.09546	2.43818	8.40392e-08	0	0	0	0	0	0	0	0	
0.419	0.811477	-0.0588538	1.97899	1.23232	6.09688	2.43875	8.42111e-08	0	0	0	0	0	0	0	0	
0.42	0.812031	-0.0579153	1.98084	1.23148	6.09841	2.43936	8.43685e-08	0	0	0	0	0	0	0	0	
0.421	0.812602	-0.0569449	1.98276	1.23061	6.10004	2.44002	8.4511e-08	0	0	0	0	0	0	0	0	
0.422	0.813189	-0.0559419	1.98476	1.22973	6.10179	2.44072	8.46384e-08	0	0	0	0	0	0	0	0	
0.423	0.813791	-0.0549051	1.98684	1.22882	6.10365	2.44146	8.4751e-08	0	0	0	0	0	0	0	0	
0.424	0.814409	-0.0538335	1.98899	1.22788	6.10561	2.44224	8.48498e-08	0	0	0	0	0	0	0	0	
0.425	0.815043	-0.0527257	1.99121	1.22693	6.10767	2.44307	8.49358e-08	0	0	0	0	0	0	0	0	
0.426	0.815692	-0.0515808	1.9935	1.22595	6.10983	2.44393	8.50105e-08	0	0	0	0	0	0	0	0	
0.427	0.816357	-0.0503976	1.99586	1.22495	6.11208	2.44483	8.50753e-08	0	0	0	0	0	0	0	0	
0.428	0.817038	-0.0491748	1.99828	1.22393	6.1144	2.44576	8.51318e-08	0	0	0	0	0	0	0	0	
0.429	0.817734	-0.0479118	2.00077	1.22289	6.1168	2.44672	8.51815e-08	0	0	0	0	0	0	0	0	
0.43	0.818447	-0.0466082	2.00331	1.22183	6.11925	2.4477	8.52257e-08	0	0	0	0	0	0	0	0	
0.431	0.819176	-0.0452648	2.00592	1.22074	6.12176	2.4487	8.52654e-08	0	0	0	0	0	0	0	0	
0.432	0.819924	-0.0438832	2.00859	1.21962	6.1243	2.44972	8.53016e-08	0	0	0	0	0	0	0	0	
0.433	0.820692	-0.0424653	2.01132	1.21848	6.12689	2.45076	8.53347e-08	0	0	0	0	0	0	0	0	
0.434	0.82148	-0.0410124	2.01411	1.21732	6.1295	2.4518	8.53653e-08	0	0	0	0	0	0	0	0	
0.435	0.822288	-0.0395249	2.01695	1.21612	6.13214	2.45286	8.53936e-08	0	0	0	0	0	0	0	0	
0.436	0.823115	-0.0380018	2.01985	1.2149	6.13478	2.45391	8.54197e-08	0	0	0	0	0	0	0	0	
0.437	0.823961	-0.036442	2.0228	1.21365	6.13742	2.45497	8.54437e-08	0	0	0	0	0	0	0	0	
0.438	0.824824	-0.034845	2.02579	1.21238	6.14006	2.45602	8.54656e-08	0	0	0	0	0	0	0	0	
0.439	0.825705	-0.0332124	2.02882	1.21109	6.14269	2.45707	8.54855e-08	0	0	0	0	0	0	0	0	
0.44	0.826604	-0.0315476	2.0319	1.20977	6.14531	2.45812	8.55033e-08	0	0	0	0	0	0	0	0	
0.441	0.827522	-0.0298544	2.03502	1.20843	6.14793	2.45917	8.5519e-08	0	0	0	0	0	0	0	0	
0.442	0.828459	-0.0281366	2.03819	1.20706	6.15056	2.46022	8.55325e-08	0	0	0	0	0	0	0	0	
0.443	0.829414	-0.0263956	2.04142	1.20567	6.15319	2.46127	8.55435e-08	0	0	0	0	0	0	0	0	
0.444	0.830383	-0.0246297	2.04468	1.20426	6.15582	2.46233	8.55517e-08	0	0	0	0	0	0	0	0	
0.445	0.831363	-0.0228353	2.04796	1.20284	6.15846	2.46338	8.55567e-08	0	0	0	0	0	0	0	0	
0.446	0.832351	-0.0210109	2.05128	1.20142	6.16109	2.46444	8.55577e-08	0	0	0	0	0	0	0	0	
0.447	0.833347	-0.0191603	2.05461	1.19998	6.16374	2.4655	8.55543e-08	0	0	0	0	0	0	0	0	
0.448	0.834353	-0.0172918	2.05799	1.19853	6.16643	2.46657	8.55455e-08	0	0	0	0	0	0	0	0	
0.449	0.835374	-0.015415	2.06142	1.19707	6.16916	2.46766	8.55306e-08	0	0	0	0	0	0	0	0	
0.45	0.836404	-0.0135307	2.06489	1.1956	6.17194	2.46877	8.55089e-08	0	0	0	0	0	0	0	0	
0.451	0.837435	-0.0116271	2.06838	1.19412	6.17474	2.4699	8.54797e-08	0	0	0	0	0	0	0	0	
0.452	0.838463	-0.00969582	2.07187	1.19266	6.17757	2.47103	8.54422e-08	0	0	0	0	0	0	0	0	
0.453	0.839489	-0.00774205	2.07536	1.1912	6.18043	2.47217	8.53961e-08	0	0	0	0	0	0	0	0	
0.454	0.840527	-0.00579554	2.07892	1.18973	6.18337	2.47335	8.53409e-08	0	0	0	0	0	0	0	0	
0.455	0.841552	-0.00384293	2.08244	1.18828	6.18631	2.47452	8.52766e-08	0	0	0	0	0	0	0	0	
0.456	0.84261	-0.0018718	2.0861	1.18679	6.1894	2.47576	8.52032e-08	0	0	0	0	0	0	0	0	
0.457	0.843647	-0.00023444	2.0897	1.18533	6.19246	2.47698	8.5121e-08	0	0	0	0	0	0	0	0	
0.458	0.844953	0.00302925	2.09425	1.1835	6.19636	2.47854	8.50307e-08	0	0	0	0	0	0	0	0	
0.459	0.846631	0.0062258	2.10011	1.18115	6.20137	2.48055	8.49329e-08	0	0	0	0	0	0	0	0	
0.46	0.848309	0.00932971	2.10599	1.17882	6.20642	2.48257	8.48288e-08	0	0	0	0	0	0	0	0	
0.461	0.849952	0.0123585	2.11175	1.17654	6.21139	2.48456	8.47195e-08	0	0	0	0	0	0	0	0	
0.462	0.851565	0.0153209	2.11743	1.17431	6.21629	2.48651	8.46066e-08	0	0	0	0	0	0	0	0	
0.463	0.853152	0.018223	2.12302	1.17212	6.22112	2.48845	8.44917e-08	0	0	0	0	0	0	0	0	
0.464	0.854718	0.0210736	2.12855	1.16998	6.22589	2.49036	8.43767e-08	0	0	0	0	0	0	0	0	
0.465	0.856268	0.0238809	2.13403	1.16786	6.23061	2.49224	8.42632e-08	0	0	0	0	0	0	0	0	
0.466	0.857807	0.0266518	2.13947	1.16576	6.23528	2.49411	8.41528e-08	0	0	0	0	0	0	0	0	
0.467	0.859336	0.029392	2.14487	1.16369	6.23991	2.49597	8.40469e-08	0	0	0	0	0	0	0	0	
0.468	0.86086	0.0321063	2.15025	1.16163	6.2445	2.4978	8.39463e-08	0	0	0	0	0	0	0	0	
0.469	0.862379	0.0347988	2.15562	1.15958	6.24904	2.49962	8.38518e-08	0	0	0	0	0	0	0	0	
0.47	0.863895	0.0374735	2.16096	1.15755	6.25354	2.50142	8.37633e-08	0	0	0	0	0	0	0	0	
0.471	0.86541	0.0401336	2.16629	1.15552	6.258	2.5032	8.36804e-08	0	0	0	0	0	0	0	0	
0.472	0.866923	0.0427824	2.17162	1.1535	6.26242	2.50497	8.36022e-08	0	0	0	0	0	0	0	0	
0.473	0.868436	0.0454227	2.17693	1.15149	6.2668	2.50672	8.35278e-08	0	0	0	0	0	0	0	0	
0.474	0.86995	0.0480572	2.18223	1.14949	6.27115	2.50846	8.34555e-08	0	0	0	0	0	0	0	0	
0.475	0.871463	0.050688	2.18753	1.1475	6.27546	2.51018	8.33842e-08	0	0	0	0	0	0	0	0	
0.476	0.872976	0.0533174	2.19282	1.14551	6.27974	2.51189	8.33123e-08	0	0	0	0	0	0	0	0	
0.477	0.874489	0.0559471	2.19811	1.14353	6.28399	2.5136	8.32389e-08	0	0	0	0	0	0	0	0	
0.478	0.876001	0.0585787	2.20339	1.14155	6.28822	2.51529	8.31632e-08	0	0	0	0	0	0	0	0	
0.479	0.877512	0.0612135	2.20867	1.13959	6.29243	2.51697	8.30848e-08	0	0	0	0	0	0	0	0	
0.48	0.879022	0.0638526	2.21395	1.13763	6.29663	2.51865	8.30041e-08	0	0	0	0	0	0	0	0	
0.481	0.880531	0.066497	2.21923	1.13568	6.30082	2.52033	8.29214e-08	0	0	0	0	0	0	0	0	
0.482	0.882038	0.0691473	2.2245	1.13374	6.30501	2.522	8.28379e-08	0	0	0	0	0	0	0	0	
0.483	0.883543	0.071804	2.22978	1.13181	6.3092	2.52368	8.27549e-08	0	0	0	0	0	0	0	0	
0.484	0.885046	0.0744676	2.23506	1.12988	6.3134	2.52536	8.26737e-08	0	0	0	0	0	0	0	0	
0.485	0.886547	0.0771383	2.24034	1.12797	6.3176	2.52704	8.2596e-08	0	0	0	0	0	0	0	0	
0.486	0.888046	0.0798163	2.24562	1.12607	6.32181	2.52872	8.25232e-08	0	0	0	0	0	0	0	0	
0.487	0.889543	0.0825015	2.25091	1.12417	6.32604	2.53042	8.24567e-08	0	0	0	0	0	0	0	0	
0.488	0.891038	0.085194	2.25621	1.12229	6.33028	2.53211	8.23976e-08	0	0	0	0	0	0	0	0	
0.489	0.892532	0.0878936	2.26151	1.12041	6.33454	2.53382	8.23469e-08	0	0	0	0	0	0	0	0	
0.49	0.894025	0.0906001	2.26683	1.11854	6.33882	2.53553	8.2305e-08	0	0	0	0	0	0	0	0	
0.491	0.895518	0.0933133	2.27215	1.11667	6.34311	2.53724	8.22723e-08	0	0	0	0	0	0	0	0	
0.492	0.897011	0.0960329	2.27748	1.11481	6.34742	2.53897	8.2249e-08	0	0	0	0	0	0	0	0	
0.493	0.898505	0.0987583	2.28283	1.11296	6.35174	2.5407	8.22351e-08	0	0	0	0	0	0	0	0	
0.494	0.9	0.101489	2.28819	1.11111	6.35608	2.54243	8.22303e-08	0	0	0	0	0	0	0	0	
0.495	0.901498	0.104225	2.29357	1.10926	6.36044	2.54417	8.22346e-08	0	0	0	0	0	0	0	0	
0.496	0.902999	0.106965	2.29896	1.10742	6.3648	2.54592	8.22477e-08	0	0	0	0	0	0	0	0	
0.497	0.904504	0.109708	2.30438	1.10558	6.36918	2.54767	8.22696e-08	0	0	0	0	0	0	0	0	
0.498	0.906014	0.112454	2.30982	1.10374	6.37357	2.54943	8.22999e-08	0	0	0	0	0	0	0	0	
0.499	0.907531	0.115201	2.31528	1.10189	6.37797	2.55119	8.23384e-08	0	0	0	0	0	0	0	0	
0.5	0.909054	0.117949	2.32077	1.10005	6.38238	2.55295	8.2385e-08	0	0	0	0	0	0	0	0	
0.501	0.910584	0.120697	2.32629	1.0982	6.38681	2.55472	8.24393e-08	0	0	0	0	0	0	0	0	
0.502	0.912124	0.123444	2.33184	1.09634	6.39124	2.5565	8.25008e-08	0	0	0	0	0	0	0	0	
0.503	0.913672	0.126189	2.33742	1.09448	6.39568	2.55827	8.25688e-08	0	0	0	0	0	0	0	0	
0.504	0.915231	0.12893	2.34304	1.09262	6.40014	2.56005	8.26427e-08	0	0	0	0	0	0	0	0	
0.505	0.9168	0.131669	2.3487	1.09075	6.40461	2.56184	8.27215e-08	0	0	0	0	0	0	0	0	
0.506	0.91838	0.134403	2.35439	1.08887	6.40909	2.56363	8.28045e-08	0	0	0	0	0	0	0	0	
0.507	0.919972	0.137133	2.36013	1.08699	6.41358	2.56543	8.28906e-08	0	0	0	0	0	0	0	0	
0.508	0.921575	0.139858	2.3659	1.0851	6.41809	2.56724	8.2979e-08	0	0	0	0	0	0	0	0	
0.509	0.923189	0.142579	2.37171	1.0832	6.42261	2.56904	8.30691e-08	0	0	0	0	0	0	0	0	
0.51	0.924814	0.145297	2.37757	1.0813	6.42715	2.57086	8.31604e-08	0	0	0	0	0	0	0	0	
0.511	0.926449	0.148011	2.38346	1.07939	6.4317	2.57268	8.32524e-08	0	0	0	0	0	0	0	0	
0.512	0.928094	0.150723	2.38938	1.07748	6.43626	2.57451	8.33452e-08	0	0	0	0	0	0	0	0	
0.513	0.929749	0.153433	2.39535	1.07556	6.44084	2.57634	8.34387e-08	0	0	0	0	0	0	0	0	
0.514	0.931411	0.156144	2.40134	1.07364	6.44544	2.57817	8.35331e-08	0	0	0	0	0	0	0	0	
0.515	0.933081	0.158856	2.40737	1.07172	6.45004	2.58002	8.36287e-08	0	0	0	0	0	0	0	0	
0.516	0.934757	0.161571	2.41342	1.0698	6.45466	2.58186	8.37255e-08	0	0	0	0	0	0	0	0	
0.517	0.936439	0.16429	2.41949	1.06788	6.45929	2.58372	8.38236e-08	0	0	0	0	0	0	0	0	
0.518	0.938125	0.167015	2.42559	1.06596	6.46393	2.58557	8.39229e-08	0	0	0	0	0	0	0	0	
0.519	0.939814	0.169747	2.4317	1.06404	6.46858	2.58743	8.40231e-08	0	0	0	0	0	0	0	0	
0.52	0.941505	0.172486	2.43783	1.06213	6.47323	2.58929	8.41236e-08	0	0	0	0	0	0	0	0	
0.521	0.943199	0.175234	2.44398	1.06022	6.4779	2.59116	8.42237e-08	0	0	0	0	0	0	0	0	
0.522	0.944894	0.177992	2.45014	1.05832	6.48257	2.59303	8.43227e-08	0	0	0	0	0	0	0	0	
0.523	0.94659	0.18076	2.45631	1.05642	6.48725	2.5949	8.44194e-08	0	0	0	0	0	0	0	0	
0.524	0.948287	0.183539	2.46249	1.05453	6.49194	2.59677	8.4513e-08	0	0	0	0	0	0	0	0	
0.525	0.949986	0.186329	2.46868	1.05265	6.49662	2.59865	8.46025e-08	0	0	0	0	0	0	0	0	
0.526	0.951685	0.189129	2.47488	1.05077	6.50131	2.60052	8.46869e-08	0	0	0	0	0	0	0	0	
0.527	0.953387	0.191941	2.48109	1.04889	6.50599	2.6024	8.47654e-08	0	0	0	0	0	0	0	0	
0.528	0.95509	0.194763	2.48731	1.04702	6.51068	2.60427	8.48372e-08	0	0	0	0	0	0	0	0	
0.529	0.956795	0.197596	2.49354	1.04516	6.51535	2.60614	8.49017e-08	0	0	0	0	0	0	0	0	
0.53	0.958503	0.20044	2.49978	1.04329	6.52002	2.60801	8.49584e-08	0	0	0	0	0	0	0	0	
0.531	0.960215	0.203293	2.50604	1.04143	6.52468	2.60987	8.50066e-08	0	0	0	0	0	0	0	0	
0.532	0.96193	0.206157	2.5123	1.03958	6.52933	2.61173	8.50459e-08	0	0	0	0	0	0	0	0	
0.533	0.963649	0.20903	2.51858	1.03772	6.53397	2.61359	8.50758e-08	0	0	0	0	0	0	0	0	
0.534	0.965371	0.211914	2.52487	1.03587	6.5386	2.61544	8.50958e-08	0	0	0	0	0	0	0	0	
0.535	0.967098	0.214807	2.53117	1.03402	6.54321	2.61728	8.51052e-08	0	0	0	0	0	0	0	0	
0.536	0.968829	0.217709	2.53749	1.03217	6.54782	2.61913	8.51036e-08	0	0	0	0	0	0	0	0	
0.537	0.970564	0.220621	2.54381	1.03033	6.55241	2.62097	8.50901e-08	0	0	0	0	0	0	0	0	
0.538	0.972302	0.223541	2.55016	1.02849	6.55701	2.6228	8.5064e-08	0	0	0	0	0	0	0	0	
0.539	0.974044	0.22647	2.55651	1.02665	6.5616	2.62464	8.50247e-08	0	0	0	0	0	0	0	0	
0.54	0.975789	0.229407	2.56289	1.02481	6.56619	2.62648	8.49715e-08	0	0	0	0	0	0	0	0	
0.541	0.977537	0.23235	2.56928	1.02298	6.5708	2.62832	8.4904e-08	0	0	0	0	0	0	0	0	
0.542	0.979288	0.2353	2.57569	1.02115	6.57542	2.63017	8.4822e-08	0	0	0	0	0	0	0	0	
0.543	0.981043	0.238254	2.58213	1.01932	6.58006	2.63202	8.47257e-08	0	0	0	0	0	0	0	0	
0.544	0.982801	0.241211	2.58859	1.0175	6.58473	2.63389	8.46155e-08	0	0	0	0	0	0	0	0	
0.545	0.984563	0.24417	2.59509	1.01568	6.58944	2.63577	8.44926e-08	0	0	0	0	0	0	0	0	
0.546	0.98633	0.247128	2.60162	1.01386	6.59418	2.63767	8.43584e-08	0	0	0	0	0	0	0	0	
0.547	0.988102	0.250084	2.60818	1.01204	6.59897	2.63959	8.42147e-08	0	0	0	0	0	0	0	0	
0.548	0.989881	0.253036	2.61479	1.01022	6.60381	2.64152	8.40638e-08	0	0	0	0	0	0	0	0	
0.549	0.991667	0.255983	2.62145	1.0084	6.60869	2.64348	8.3908e-08	0	0	0	0	0	0	0	0	
0.55	0.993461	0.258923	2.62816	1.00658	6.61363	2.64545	8.37498e-08	0	0	0	0	0	0	0	0	
0.551	0.995265	0.261855	2.63492	1.00476	6.61863	2.64745	8.35916e-08	0	0	0	0	0	0	0	0	
0.552	0.997079	0.264779	2.64173	1.00293	6.62367	2.64947	8.34355e-08	0	0	0	0	0	0	0	0	
0.553	0.998903	0.267695	2.64859	1.0011	6.62875	2.6515	8.32833e-08	0	0	0	0	0	0	0	0	
0.554	1.00074	0.270603	2.65551	0.999261	6.63387	2.65355	8.31367e-08	0	0	0	0	0	0	0	0	
0.555	1.00259	0.273504	2.66248	0.997419	6.63903	2.65561	8.29966e-08	0	0	0	0	0	0	0	0	
0.556	1.00445	0.2764	2.6695	0.995572	6.6442	2.65768	8.28637e-08	0	0	0	0	0	0	0	0	
0.557	1.00632	0.279292	2.67656	0.99372	6.64938	2.65975	8.27385e-08	0	0	0	0	0	0	0	0	
0.558	1.0082	0.282183	2.68366	0.991864	6.65457	2.66183	8.26209e-08	0	0	0	0	0	0	0	0	
0.559	1.0101	0.285075	2.6908	0.990004	6.65975	2.6639	8.25108e-08	0	0	0	0	0	0	0	0	
0.56	1.012	0.287971	2.69796	0.988141	6.66491	2.66596	8.24079e-08	0	0	0	0	0	0	0	0	
0.561	1.01391	0.290872	2.70514	0.986276	6.67005	2.66802	8.23117e-08	0	0	0	0	0	0	0	0	
0.562	1.01584	0.293781	2.71235	0.98441	6.67516	2.67006	8.2222e-08	0	0	0	0	0	0	0	0	
0.563	1.01777	0.296699	2.71957	0.982545	6.68023	2.67209	8.21382e-08	0	0	0	0	0	0	0	0	
0.564	1.0197	0.299629	2.72679	0.98068	6.68528	2.67411	8.20602e-08	0	0	0	0	0	0	0	0	
0.565	1.02164	0.302571	2.73403	0.978819	6.69029	2.67612	8.19877e-08	0	0	0	0	0	0	0	0	
0.566	1.02358	0.305527	2.74127	0.976961	6.69528	2.67811	8.1921e-08	0	0	0	0	0	0	0	0	
0.567	1.02553	0.308496	2.74851	0.975108	6.70024	2.6801	8.18604e-08	0	0	0	0	0	0	0	0	
0.568	1.02747	0.311478	2.75576	0.973261	6.70518	2.68207	8.18065e-08	0	0	0	0	0	0	0	0	
0.569	1.02942	0.314473	2.76301	0.971421	6.71012	2.68405	8.17603e-08	0	0	0	0	0	0	0	0	
0.57	1.03136	0.317482	2.77027	0.969589	6.71506	2.68602	8.17228e-08	0	0	0	0	0	0	0	0	
0.571	1.03331	0.320502	2.77754	0.967766	6.72001	2.688	8.16953e-08	0	0	0	0	0	0	0	0	
0.572	1.03525	0.323534	2.78481	0.965952	6.72498	2.68999	8.1679e-08	0	0	0	0	0	0	0	0	
0.573	1.03719	0.326577	2.79209	0.964148	6.72997	2.69199	8.16749e-08	0	0	0	0	0	0	0	0	
0.574	1.03912	0.329631	2.79939	0.962354	6.735	2.694	8.16837e-08	0	0	0	0	0	0	0	0	
0.575	1.04105	0.332694	2.80669	0.960572	6.74007	2.69603	8.17056e-08	0	0	0	0	0	0	0	0	
0.576	1.04297	0.335767	2.81401	0.9588	6.74518	2.69807	8.17401e-08	0	0	0	0	0	0	0	0	
0.577	1.04489	0.33885	2.82134	0.957039	6.75032	2.70013	8.17862e-08	0	0	0	0	0	0	0	0	
0.578	1.0468	0.341941	2.82868	0.955289	6.75551	2.7022	8.18424e-08	0	0	0	0	0	0	0	0	
0.579	1.04871	0.345043	2.83603	0.953549	6.76074	2.70429	8.19064e-08	0	0	0	0	0	0	0	0	
0.58	1.05062	0.348154	2.84339	0.951819	6.76599	2.7064	8.19758e-08	0	0	0	0	0	0	0	0	
0.581	1.05253	0.351274	2.85077	0.950096	6.77126	2.70851	8.20481e-08	0	0	0	0	0	0	0	0	
0.582	1.05443	0.354404	2.85816	0.94838	6.77655	2.71062	8.21206e-08	0	0	0	0	0	0	0	0	
0.583	1.05634	0.357543	2.86556	0.946669	6.78184	2.71274	8.2191e-08	0	0	0	0	0	0	0	0	
0.584	1.05824	0.36069	2.87297	0.944962	6.78712	2.71485	8.22574e-08	0	0	0	0	0	0	0	0	
0.585	1.06016	0.363844	2.8804	0.943255	6.79239	2.71696	8.23185e-08	0	0	0	0	0	0	0	0	
0.586	1.06208	0.367003	2.88786	0.941546	6.79763	2.71905	8.23732e-08	0	0	0	0	0	0	0	0	
0.587	1.06402	0.370166	2.89534	0.939834	6.80284	2.72113	8.24213e-08	0	0	0	0	0	0	0	0	
0.588	1.06597	0.37333	2.90285	0.938115	6.80801	2.7232	8.24626e-08	0	0	0	0	0	0	0	0	
0.589	1.06793	0.376493	2.9104	0.936389	6.81315	2.72526	8.24973e-08	0	0	0	0	0	0	0	0	
0.59	1.06992	0.379651	2.91799	0.934652	6.81826	2.7273	8.25257e-08	0	0	0	0	0	0	0	0	
0.591	1.07192	0.382802	2.92564	0.932904	6.82334	2.72934	8.2548e-08	0	0	0	0	0	0	0	0	
0.592	1.07395	0.385943	2.93335	0.931143	6.82841	2.73136	8.25643e-08	0	0	0	0	0	0	0	0	
0.593	1.076	0.389071	2.94112	0.929369	6.83347	2.73339	8.25749e-08	0	0	0	0	0	0	0	0	
0.594	1.07807	0.392185	2.94896	0.927584	6.83853	2.73541	8.25796e-08	0	0	0	0	0	0	0	0	
0.595	1.08016	0.395285	2.95688	0.925787	6.8436	2.73744	8.25787e-08	0	0	0	0	0	0	0	0	
0.596	1.08227	0.39837	2.96487	0.92398	6.84871	2.73948	8.25729e-08	0	0	0	0	0	0	0	0	
0.597	1.0844	0.40144	2.97294	0.922166	6.85386	2.74154	8.25631e-08	0	0	0	0	0	0	0	0	
0.598	1.08655	0.404498	2.98107	0.920348	6.85906	2.74362	8.25514e-08	0	0	0	0	0	0	0	0	
0.599	1.0887	0.407546	2.98927	0.918529	6.86432	2.74573	8.25403e-08	0	0	0	0	0	0	0	0	
0.6	1.09086	0.410588	2.99752	0.916711	6.86964	2.74786	8.25331e-08	0	0	0	0	0	0	0	0	
0.601	1.09302	0.413627	3.00581	0.914899	6.87503	2.75001	8.25339e-08	0	0	0	0	0	0	0	0	
0.602	1.09518	0.416667	3.01414	0.913095	6.88049	2.7522	8.25467e-08	0	0	0	0	0	0	0	0	
0.603	1.09733	0.419712	3.02249	0.911302	6.88601	2.7544	8.25757e-08	0	0	0	0	0	0	0	0	
0.604	1.09948	0.422765	3.03086	0.909522	6.89159	2.75664	8.26242e-08	0	0	0	0	0	0	0	0	
0.605	1.10162	0.42583	3.03924	0.907756	6.89723	2.75889	8.26944e-08	0	0	0	0	0	0	0	0	
0.606	1.10375	0.428909	3.04762	0.906004	6.9029	2.76116	8.2787e-08	0	0	0	0	0	0	0	0	
0.607	1.10587	0.432003	3.056	0.904267	6.9086	2.76344	8.2901e-08	0	0	0	0	0	0	0	0	
0.608	1.10798	0.435114	3.06437	0.902543	6.91432	2.76573	8.30334e-08	0	0	0	0	0	0	0	0	
0.609	1.11009	0.438243	3.07274	0.900831	6.92004	2.76802	8.31797e-08	0	0	0	0	0	0	0	0	
0.61	1.11219	0.441388	3.08109	0.899129	6.92575	2.7703	8.33338e-08	0	0	0	0	0	0	0	0	
0.611	1.11429	0.444548	3.08945	0.897433	6.93143	2.77257	8.34891e-08	0	0	0	0	0	0	0	0	
0.612	1.11639	0.447724	3.0978	0.895743	6.93708	2.77483	8.36382e-08	0	0	0	0	0	0	0	0	
0.613	1.1185	0.450912	3.10616	0.894055	6.94268	2.77707	8.37746e-08	0	0	0	0	0	0	0	0	
0.614	1.12061	0.454111	3.11452	0.892367	6.94824	2.77929	8.38921e-08	0	0	0	0	0	0	0	0	
0.615	1.12274	0.457319	3.12289	0.890679	6.95373	2.78149	8.39863e-08	0	0	0	0	0	0	0	0	
0.616	1.12487	0.460536	3.13128	0.888988	6.95918	2.78367	8.40541e-08	0	0	0	0	0	0	0	0	
0.617	1.12702	0.463759	3.13969	0.887294	6.96458	2.78583	8.40941e-08	0	0	0	0	0	0	0	0	
0.618	1.12918	0.466989	3.14812	0.885599	6.96993	2.78797	8.41066e-08	0	0	0	0	0	0	0	0	
0.619	1.13135	0.470224	3.15657	0.883903	6.97526	2.7901	8.40931e-08	0	0	0	0	0	0	0	0	
0.62	1.13352	0.473466	3.16504	0.882208	6.98056	2.79223	8.40563e-08	0	0	0	0	0	0	0	0	
0.621	1.1357	0.476713	3.17353	0.880516	6.98587	2.79435	8.39993e-08	0	0	0	0	0	0	0	0	
0.622	1.13788	0.479967	3.18204	0.87883	6.99119	2.79648	8.39259e-08	0	0	0	0	0	0	0	0	
0.623	1.14005	0.483229	3.19057	0.877152	6.99654	2.79862	8.38398e-08	0	0	0	0	0	0	0	0	
0.624	1.14222	0.4865	3.19911	0.875485	7.00193	2.80077	8.37445e-08	0	0	0	0	0	0	0	0	
0.625	1.14439	0.489781	3.20766	0.873831	7.00738	2.80295	8.36435e-08	0	0	0	0	0	0	0	0	
0.626	1.14654	0.493072	3.21622	0.872192	7.0129	2.80516	8.35398e-08	0	0	0	0	0	0	0	0	
0.627	1.14867	0.496372	3.22479	0.870568	7.0185	2.8074	8.34363e-08	0	0	0	0	0	0	0	0	
0.628	1.1508	0.499682	3.23337	0.86896	7.02417	2.80967	8.33354e-08	0	0	0	0	0	0	0	0	
0.629	1.15292	0.502997	3.24197	0.867365	7.02994	2.81197	8.32391e-08	0	0	0	0	0	0	0	0	
0.63	1.15502	0.506317	3.2506	0.865782	7.03578	2.81431	8.31487e-08	0	0	0	0	0	0	0	0	
0.631	1.15713	0.509636	3.25926	0.864207	7.0417	2.81668	8.30648e-08	0	0	0	0	0	0	0	0	
0.632	1.15924	0.512951	3.26798	0.862637	7.04769	2.81908	8.29874e-08	0	0	0	0	0	0	0	0	
0.633	1.16135	0.516257	3.27675	0.861065	7.05374	2.82149	8.29154e-08	0	0	0	0	0	0	0	0	
0.634	1.16348	0.519549	3.2856	0.859488	7.05983	2.82393	8.28474e-08	0	0	0	0	0	0	0	0	
0.635	1.16564	0.522825	3.29453	0.857901	7.06595	2.82638	8.27812e-08	0	0	0	0	0	0	0	0	
0.636	1.16781	0.526081	3.30355	0.8563	7.07207	2.82883	8.27148e-08	0	0	0	0	0	0	0	0	
0.637	1.17003	0.529319	3.31266	0.854682	7.07818	2.83127	8.26465e-08	0	0	0	0	0	0	0	0	
0.638	1.17227	0.53254	3.32186	0.853047	7.08425	2.8337	8.25758e-08	0	0	0	0	0	0	0	0	
0.639	1.17454	0.535749	3.33112	0.851395	7.09026	2.8361	8.2503e-08	0	0	0	0	0	0	0	0	
0.64	1.17684	0.538956	3.34044	0.84973	7.09618	2.83847	8.24301e-08	0	0	0	0	0	0	0	0	
0.641	1.17916	0.542173	3.34976	0.848058	7.10199	2.8408	8.23608e-08	0	0	0	0	0	0	0	0	
0.642	1.18149	0.545416	3.35906	0.846387	7.10766	2.84307	8.22996e-08	0	0	0	0	0	0	0	0	
0.643	1.18381	0.548707	3.36826	0.84473	7.11318	2.84527	8.22522e-08	0	0	0	0	0	0	0	0	
0.644	1.1861	0.552071	3.3773	0.8431	7.1185	2.8474	8.22245e-08	0	0	0	0	0	0	0	0	
0.645	1.18833	0.55554	3.38608	0.841517	7.1236	2.84944	8.22217e-08	0	0	0	0	0	0	0	0	
0.646	1.19048	0.559153	3.39449	0.840001	7.12843	2.85137	8.22484e-08	0	0	0	0	0	0	0	0	
0.647	1.1925	0.562955	3.4024	0.838577	7.13295	2.85318	8.23074e-08	0	0	0	0	0	0	0	0	
0.648	1.19435	0.566997	3.40967	0.837275	7.13708	2.85483	8.23998e-08	0	0	0	0	0	0	0	0	
0.649	1.19599	0.571338	3.41612	0.836125	7.14075	2.8563	8.25246e-08	0	0	0	0	0	0	0	0	
0.65	1.19737	0.576045	3.42155	0.835162	7.14388	2.85755	8.26788e-08	0	0	0	0	0	0	0	0	
0.651	1.19844	0.581184	3.42578	0.834421	7.14635	2.85854	8.28571e-08	0	0	0	0	0	0	0	0	
0.652	1.19913	0.586829	3.42859	0.833938	7.14807	2.85923	8.30525e-08	0	0	0	0	0	0	0	0	
0.653	1.1994	0.593047	3.42977	0.833749	7.14891	2.85956	8.32563e-08	0	0	0	0	0	0	0	0	
0.654	1.19921	0.599907	3.42914	0.833885	7.14876	2.85951	8.34585e-08	0	0	0	0	0	0	0	0	
0.655	1.1985	0.607467	3.42651	0.834378	7.14752	2.85901	8.36479e-08	0	0	0	0	0	0	0	0	
0.656	1.19725	0.615777	3.42177	0.83525	7.14508	2.85803	8.38126e-08	0	0	0	0	0	0	0	0	
0.657	1.19543	0.624877	3.41479	0.836521	7.14135	2.85654	8.39413e-08	0	0	0	0	0	0	0	0	
0.658	1.19303	0.634791	3.40551	0.838205	7.13628	2.85451	8.40233e-08	0	0	0	0	0	0	0	0	
0.659	1.19004	0.645532	3.39391	0.840307	7.12981	2.85192	8.405e-08	0	0	0	0	0	0	0	0	
0.66	1.18648	0.657101	3.38	0.84283	7.12192	2.84877	8.40158e-08	0	0	0	0	0	0	0	0	
0.661	1.18236	0.669485	3.36385	0.845769	7.11261	2.84504	8.39184e-08	0	0	0	0	0	0	0	0	
0.662	1.17769	0.682662	3.34554	0.849118	7.10189	2.84075	8.37599e-08	0	0	0	0	0	0	0	0	
0.663	1.17252	0.696599	3.32518	0.852863	7.0898	2.83592	8.35462e-08	0	0	0	0	0	0	0	0	
0.664	1.16687	0.711257	3.30291	0.85699	7.07642	2.83057	8.32866e-08	0	0	0	0	0	0	0	0	
0.665	1.16079	0.726588	3.2789	0.861484	7.0618	2.82472	8.29933e-08	0	0	0	0	0	0	0	0	
0.666	1.1543	0.742544	3.25331	0.866325	7.04606	2.81842	8.268e-08	0	0	0	0	0	0	0	0	
0.667	1.14746	0.759067	3.22632	0.871493	7.02929	2.81172	8.23605e-08	0	0	0	0	0	0	0	0	
0.668	1.14029	0.776101	3.19812	0.876967	7.01162	2.80465	8.20478e-08	0	0	0	0	0	0	0	0	
0.669	1.13286	0.793583	3.1689	0.882724	6.99316	2.79726	8.17532e-08	0	0	0	0	0	0	0	0	
0.67	1.12519	0.811451	3.13885	0.88874	6.97405	2.78962	8.14852e-08	0	0	0	0	0	0	0	0	
0.671	1.11734	0.829635	3.10817	0.894986	6.95442	2.78177	8.12497e-08	0	0	0	0	0	0	0	0	
0.672	1.10935	0.848064	3.07707	0.901432	6.93443	2.77377	8.10499e-08	0	0	0	0	0	0	0	0	
0.673	1.10127	0.866659	3.04577	0.908042	6.91422	2.76569	8.08865e-08	0	0	0	0	0	0	0	0	
0.674	1.09317	0.885335	3.0145	0.914773	6.89395	2.75758	8.07584e-08	0	0	0	0	0	0	0	0	
0.675	1.0851	0.903996	2.9835	0.921575	6.87379	2.74952	8.06634e-08	0	0	0	0	0	0	0	0	
0.676	1.07714	0.922529	2.95304	0.928389	6.85393	2.74157	8.05986e-08	0	0	0	0	0	0	0	0	
0.677	1.06936	0.940806	2.92345	0.935139	6.83459	2.73383	8.05612e-08	0	0	0	0	0	0	0	0	
0.678	1.06187	0.958676	2.89508	0.941735	6.81601	2.7264	8.05484e-08	0	0	0	0	0	0	0	0	
0.679	1.05478	0.975956	2.86835	0.948068	6.79848	2.71939	8.05583e-08	0	0	0	0	0	0	0	0	
0.68	1.04822	0.992435	2.84374	0.954003	6.78234	2.71294	8.05892e-08	0	0	0	0	0	0	0	0	
0.681	1.04234	1.00787	2.8218	0.959384	6.76798	2.70719	8.06398e-08	0	0	0	0	0	0	0	0	
0.682	1.03731	1.02197	2.80316	0.964033	6.75585	2.70234	8.07088e-08	0	0	0	0	0	0	0	0	
0.683	1.03331	1.03445	2.78846	0.96776	6.74639	2.69856	8.07947e-08	0	0	0	0	0	0	0	0	
0.684	1.03052	1.04505	2.7783	0.970386	6.74006	2.69602	8.08952e-08	0	0	0	0	0	0	0	0	
0.685	1.02905	1.05353	2.77316	0.971768	6.73718	2.69487	8.10074e-08	0	0	0	0	0	0	0	0	
0.686	1.02898	1.0598	2.77326	0.971839	6.7379	2.69516	8.11268e-08	0	0	0	0	0	0	0	0	
0.687	1.03025	1.06395	2.77842	0.970637	6.7421	2.69684	8.12482e-08	0	0	0	0	0	0	0	0	
0.688	1.03272	1.06622	2.78807	0.968318	6.74934	2.69974	8.13649e-08	0	0	0	0	0	0	0	0	
0.689	1.03613	1.06702	2.80126	0.965128	6.75894	2.70358	8.14694e-08	0	0	0	0	0	0	0	0	
0.69	1.0402	1.06683	2.81692	0.961352	6.77012	2.70805	8.1554e-08	0	0	0	0	0	0	0	0	
0.691	1.04465	1.06611	2.83398	0.957258	6.78212	2.71285	8.1611e-08	0	0	0	0	0	0	0	0	
0.692	1.04925	1.06521	2.85158	0.953062	6.79434	2.71774	8.16339e-08	0	0	0	0	0	0	0	0	
0.693	1.05383	1.06441	2.8691	0.948918	6.80635	2.72254	8.16178e-08	0	0	0	0	0	0	0	0	
0.694	1.05828	1.06387	2.88608	0.94493	6.81786	2.72714	8.15604e-08	0	0	0	0	0	0	0	0	
0.695	1.06251	1.06373	2.90222	0.941165	6.82868	2.73147	8.14623e-08	0	0	0	0	0	0	0	0	
0.696	1.06648	1.06405	2.91733	0.937667	6.8387	2.73548	8.13272e-08	0	0	0	0	0	0	0	0	
0.697	1.07014	1.06488	2.93129	0.934454	6.8479	2.73916	8.11617e-08	0	0	0	0	0	0	0	0	
0.698	1.07351	1.06619	2.94414	0.93152	6.8563	2.74252	8.09752e-08	0	0	0	0	0	0	0	0	
0.699	1.07662	1.06793	2.956	0.92883	6.86405	2.74562	8.07794e-08	0	0	0	0	0	0	0	0	
0.7	1.07954	1.06998	2.96714	0.926324	6.87134	2.74854	8.05874e-08	0	0	0	0	0	0	0	0	
0.701	1.08234	1.0722	2.97793	0.923924	6.87845	2.75138	8.0413e-08	0	0	0	0	0	0	0	0	
0.702	1.08513	1.07444	2.98872	0.921548	6.88562	2.75425	8.02701e-08	0	0	0	0	0	0	0	0	
0.703	1.08799	1.07658	2.99985	0.919128	6.89311	2.75724	8.01712e-08	0	0	0	0	0	0	0	0	
0.704	1.09096	1.07853	3.0115	0.916624	6.90103	2.76041	8.01268e-08	0	0	0	0	0	0	0	0	
0.705	1.09406	1.0803	3.02372	0.914029	6.90943	2.76377	8.01443e-08	0	0	0	0	0	0	0	0	
0.706	1.09725	1.08191	3.03639	0.911372	6.91821	2.76729	8.0227e-08	0	0	0	0	0	0	0	0	
0.707	1.10047	1.08347	3.04929	0.908701	6.92724	2.7709	8.03737e-08	0	0	0	0	0	0	0	0	
0.708	1.10367	1.08507	3.06216	0.90607	6.93633	2.77453	8.05788e-08	0	0	0	0	0	0	0	0	
0.709	1.10677	1.08681	3.07476	0.903526	6.94532	2.77813	8.0833e-08	0	0	0	0	0	0	0	0	
0.71	1.10976	1.08874	3.08693	0.901099	6.95408	2.78163	8.11252e-08	0	0	0	0	0	0	0	0	
0.711	1.11259	1.09091	3.09859	0.8988	6.96253	2.78501	8.14447e-08	0	0	0	0	0	0	0	0	
0.712	1.11529	1.0933	3.10971	0.89663	6.97064	2.78826	8.17836e-08	0	0	0	0	0	0	0	0	
0.713	1.11785	1.09592	3.12033	0.894573	6.9784	2.79136	8.2139e-08	0	0	0	0	0	0	0	0	
0.714	1.12031	1.09871	3.13053	0.892609	6.98585	2.79434	8.25144e-08	0	0	0	0	0	0	0	0	
0.715	1.12271	1.10164	3.14046	0.890703	6.99305	2.79722	8.29192e-08	0	0	0	0	0	0	0	0	
0.716	1.12509	1.10462	3.15032	0.888814	7.00013	2.80005	8.33678e-08	0	0	0	0	0	0	0	0	
0.717	1.12752	1.10756	3.16033	0.886901	7.00725	2.8029	8.3876e-08	0	0	0	0	0	0	0	0	
0.718	1.13004	1.11039	3.17071	0.884928	7.01463	2.80585	8.44579e-08	0	0	0	0	0	0	0	0	
0.719	1.13265	1.11306	3.1816	0.882888	7.02248	2.80899	8.51226e-08	0	0	0	0	0	0	0	0	
0.72	1.13532	1.11557	3.19298	0.880812	7.03104	2.81241	8.58703e-08	0	0	0	0	0	0	0	0	
0.721	1.13794	1.11798	3.20471	0.878777	7.04058	2.81623	8.66911e-08	0	0	0	0	0	0	0	0	
0.722	1.14037	1.12038	3.21654	0.876905	7.05151	2.8206	8.75635e-08	0	0	0	0	0	0	0	0	
0.723	1.1424	1.12289	3.22818	0.875349	7.06445	2.82578	8.84544e-08	0	0	0	0	0	0	0	0	
0.724	1.14378	1.12559	3.23935	0.874293	7.08036	2.83214	8.93206e-08	0	0	0	0	0	0	0	0	
0.725	1.14423	1.12856	3.24989	0.873946	7.10057	2.84023	9.01098e-08	0	0	0	0	0	0	0	0	
0.726	1.14345	1.13182	3.25966	0.874547	7.12682	2.85073	9.07641e-08	0	0	0	0	0	0	0	0	
0.727	1.14108	1.13539	3.26864	0.876364	7.16129	2.86452	9.12235e-08	0	0	0	0	0	0	0	0	
0.728	1.13677	1.13925	3.27688	0.879684	7.20654	2.88262	9.14299e-08	0	0	0	0	0	0	0	0	
0.729	1.1302	1.14331	3.28456	0.884802	7.26545	2.90618	9.13328e-08	0	0	0	0	0	0	0	0	
0.73	1.12108	1.14745	3.29202	0.891996	7.34118	2.93647	9.08926e-08	0	0	0	0	0	0	0	0	
0.731	1.10924	1.15148	3.29975	0.901515	7.43693	2.97477	9.00845e-08	0	0	0	0	0	0	0	0	
0.732	1.0946	1.15521	3.30822	0.913573	7.55575	3.0223	8.88991e-08	0	0	0	0	0	0	0	0	
0.733	1.07718	1.15849	3.31779	0.928351	7.7002	3.08008	8.73413e-08	0	0	0	0	0	0	0	0	
0.734	1.05709	1.16129	3.32855	0.945994	7.87198	3.14879	8.54274e-08	0	0	0	0	0	0	0	0	
0.735	1.03457	1.16367	3.34025	0.966587	8.0716	3.22864	8.31818e-08	0	0	0	0	0	0	0	0	
0.736	1.01	1.1658	3.35241	0.990103	8.29808	3.31923	8.06341e-08	0	0	0	0	0	0	0	0	
0.737	0.983923	1.16787	3.36451	1.01634	8.54872	3.41949	7.78178e-08	0	0	0	0	0	0	0	0	
0.738	0.957062	1.17004	3.37613	1.04486	8.819	3.5276	7.47722e-08	0	0	0	0	0	0	0	0	
0.739	0.930243	1.17241	3.38703	1.07499	9.10254	3.64102	7.15458e-08	0	0	0	0	0	0	0	0	
0.74	0.904332	1.175	3.39715	1.10579	9.39133	3.75653	6.82008e-08	0	0	0	0	0	0	0	0	
0.741	0.880137	1.17782	3.40653	1.13619	9.67613	3.87045	6.48172e-08	0	0	0	0	0	0	0	0	
0.742	0.858337	1.18086	3.41522	1.16504	9.94721	3.97888	6.14933e-08	0	0	0	0	0	0	0	0	
0.743	0.839426	1.18412	3.42328	1.19129	10.1953	4.07812	5.83424e-08	0	0	0	0	0	0	0	0	
0.744	0.823699	1.18759	3.43077	1.21404	10.4127	4.16507	5.54859e-08	0	0	0	0	0	0	0	0	
0.745	0.811258	1.19123	3.43779	1.23265	10.594	4.23761	5.30448e-08	0	0	0	0	0	0	0	0	
0.746	0.802046	1.19496	3.44462	1.24681	10.737	4.29479	5.11305e-08	0	0	0	0	0	0	0	0	
0.747	0.795881	1.19861	3.45165	1.25647	10.8422	4.3369	4.9836e-08	0	0	0	0	0	0	0	0	
0.748	0.792486	1.20198	3.45937	1.26185	10.913	4.36522	4.92235e-08	0	0	0	0	0	0	0	0	
0.749	0.791502	1.20494	3.46812	1.26342	10.9542	4.3817	4.93094e-08	0	0	0	0	0	0	0	0	
0.75	0.792496	1.2075	3.4779	1.26184	10.9713	4.38854	5.00438e-08	0	0	0	0	0	0	0	0	
0.751	0.794984	1.20983	3.48831	1.25789	10.9697	4.38789	5.12943e-08	0	0	0	0	0	0	0	0	
0.752	0.798478	1.21224	3.49869	1.25238	10.9543	4.38171	5.2843e-08	0	0	0	0	0	0	0	0	
0.753	0.802545	1.21497	3.50846	1.24604	10.9292	4.37167	5.44109e-08	0	0	0	0	0	0	0	0	
0.754	0.806861	1.21814	3.51734	1.23937	10.8982	4.35929	5.57102e-08	0	0	0	0	0	0	0	0	
0.755	0.811222	1.22171	3.52545	1.23271	10.8646	4.34585	5.65096e-08	0	0	0	0	0	0	0	0	
0.756	0.815512	1.22551	3.53314	1.22622	10.831	4.33241	5.66884e-08	0	0	0	0	0	0	0	0	
0.757	0.819671	1.22939	3.5408	1.22	10.7994	4.31978	5.62581e-08	0	0	0	0	0	0	0	0	
0.758	0.823659	1.23323	3.54868	1.21409	10.7711	4.30843	5.53495e-08	0	0	0	0	0	0	0	0	
0.759	0.827453	1.23701	3.55688	1.20853	10.7465	4.29858	5.41734e-08	0	0	0	0	0	0	0	0	
0.76	0.831051	1.24072	3.56538	1.2033	10.7255	4.29021	5.29699e-08	0	0	0	0	0	0	0	0	
0.761	0.834476	1.2444	3.57414	1.19836	10.7077	4.28309	5.19562e-08	0	0	0	0	0	0	0	0	
0.762	0.83777	1.24807	3.58309	1.19365	10.6923	4.27693	5.12874e-08	0	0	0	0	0	0	0	0	
0.763	0.840979	1.25174	3.5922	1.18909	10.6786	4.27145	5.10466e-08	0	0	0	0	0	0	0	0	
0.764	0.844144	1.25543	3.60144	1.18463	10.666	4.26638	5.1269e-08	0	0	0	0	0	0	0	0	
0.765	0.847297	1.25915	3.61082	1.18022	10.6539	4.26157	5.19683e-08	0	0	0	0	0	0	0	0	
0.766	0.85046	1.26289	3.62032	1.17583	10.6422	4.2569	5.31428e-08	0	0	0	0	0	0	0	0	
0.767	0.853648	1.26667	3.62994	1.17144	10.6307	4.25226	5.47184e-08	0	0	0	0	0	0	0	0	
0.768	0.856867	1.27048	3.63969	1.16704	10.6192	4.24768	5.65859e-08	0	0	0	0	0	0	0	0	
0.769	0.860098	1.27431	3.64964	1.16266	10.6082	4.24328	5.84739e-08	0	0	0	0	0	0	0	0	
0.77	0.863262	1.27823	3.65959	1.1584	10.5982	4.23926	6.04537e-08	0	0	0	0	0	0	0	0	
0.771	0.866327	1.2822	3.66971	1.1543	10.5898	4.23594	6.18401e-08	0	0	0	0	0	0	0	0	
0.772	0.86934	1.28601	3.68047	1.1503	10.5841	4.23364	6.43301e-08	0	0	0	0	0	0	0	0	
0.773	0.87208	1.29024	3.69049	1.14668	10.5796	4.23183	6.34394e-08	0	0	0	0	0	0	0	0	
0.774	0.874652	1.29467	3.70031	1.14331	10.5765	4.23061	7.16346e-08	0	0	0	0	0	0	0	0	
0.775	0.877966	1.29746	3.71461	1.139	10.5773	4.23093	5.50057e-08	0	0	0	0	0	0	0	0	
0.776	0.880079	1.3028	3.72283	1.13626	10.5753	4.23011	2.54908e-07	0	0	0	0	0	0	0	0	
0.777	0.88168	1.31047	3.72562	1.1342	10.564	4.22559	5.01177e-06	0	0	0	0	0	0	0	0	
0.778	0.888159	1.30485	3.76409	1.12592	10.5952	4.23809	5.55458e-05	0	0	0	0	0	0	0	0	
0.779	0.893328	1.31853	3.77347	1.11941	10.5602	4.22406	0.00114285	0	0	0	0	0	0	0	0	
0.78	0.889956	1.39395	3.77037	1.12365	10.5914	4.23658	0.0121889	0	0	0	0	0	0	0	0	
0.781	0.949516	1.07535	3.62264	1.05317	9.53813	3.81525	0.234179	0	0	0	0	0	0	0	0	
0.782	0.425706	-0.203908	0.853709	2.34904	5.01349	2.0054	0.816982	0	0	0	0	0	0	0	0	
0.783	0.259259	-1.35769	0.0967742	3.85715	0.933181	0.373272	1	0	0	0	0	0	0	0	0	
0.784	0.259259	-1.35769	0.0967742	3.85715	0.933181	0.373272	1	0	0	0	0	0	0	0	0	
0.785	0.259259	-1.35769	0.0967742	3.85715	0.933181	0.373272	1	0	0	0	0	0	0	0	0	
0.786	0.259259	-1.35769	0.0967742	3.85715	0.933181	0.373272	1	0	0	0	0	0	0	0	0	
0.787	0.259259	-1.35769	0.0967742	3.85715	0.933181	0.373272	1	0	0	0	0	0	0	0	0	
0.788	0.259259	-1.35769	0.0967742	3.85715	0.933181	0.373272	1	0	0	0	0	0	0	0	0	
0.789	0.259259	-1.35769	0.0967742	3.85715	0.933181	0.373272	1	0	0	0	0	0	0	0	0	
0.79	0.259259	-1.35769	0.0967742	3.85715	0.933181	0.373272	1	0	0	0	0	0	0	0	0	
0.791	0.259259	-1.35769	0.0967742	3.85715	0.933181	0.373272	1	0	0	0	0	0	0	0	0	
0.792	0.259259	-1.35769	0.0967742	3.85715	0.933181	0.373272	1	0	0	0	0	0	0	0	0	
0.793	0.259259	-1.35769	0.0967742	3.85715	0.933181	0.373272	1	0	0	0	0	0	0	0	0	
0.794	0.259259	-1.35769	0.0967742	3.85715	0.933181	0.373272	1	0	0	0	0	0	0	0	0	
0.795	0.259259	-1.35769	0.0967742	3.85715	0.933181	0.373272	1	0	0	0	0	0	0	0	0	
0.796	0.259259	-1.35769	0.0967742	3.85715	0.933181	0.373272	1	0	0	0	0	0	0	0	0	
0.797	0.259259	-1.35769	0.0967742	3.85715	0.933181	0.373272	1	0	0	0	0	0	0	0	0	
0.798	0.259259	-1.35769	0.0967742	3.85715	0.933181	0.373272	1	0	0	0	0	0	0	0	0	
0.799	0.259259	-1.35769	0.0967742	3.85715	0.933181	0.373272	1	0	0	0	0	0	0	0	0	
0.8	0.259259	-1.35769	0.0967742	3.85715	0.933181	0.373272	1	0	0	0	0	0	0	0	0	
0.801	0.259259	-1.35769	0.0967742	3.85715	0.933181	0.373272	1	0	0	0	0	0	0	0	0	
0.802	0.259259	-1.35769	0.0967742	3.85715	0.933181	0.373272	1	0	0	0	0	0	0	0	0	
0.803	0.259259	-1.35769	0.0967742	3.85715	0.933181	0.373272	1	0	0	0	0	0	0	0	0	
0.804	0.259259	-1.35769	0.0967742	3.85715	0.933181	0.373272	1	0	0	0	0	0	0	0	0	
0.805	0.259259	-1.35769	0.0967742	3.85715	0.933181	0.373272	1	0	0	0	0	0	0	0	0	
0.806	0.259259	-1.35769	0.0967742	3.85715	0.933181	0.373272	1	0	0	0	0	0	0	0	0	
0.807	0.259259	-1.35769	0.0967742	3.85715	0.933181	0.373272	1	0	0	0	0	0	0	0	0	
0.808	0.259259	-1.35769	0.0967742	3.85715	0.933181	0.373272	1	0	0	0	0	0	0	0	0	
0.809	0.259259	-1.35769	0.0967742	3.85715	0.933181	0.373272	1	0	0	0	0	0	0	0	0	
0.81	0.259259	-1.35769	0.0967742	3.85715	0.933181	0.373272	1	0	0	0	0	0	0	0	0	
0.811	0.259259	-1.35769	0.0967742	3.85715	0.933181	0.373272	1	0	0	0	0	0	0	0	0	
0.812	0.259259	-1.35769	0.0967742	3.85715	0.933181	0.373272	1	0	0	0	0	0	0	0	0	
0.813	0.259259	-1.35769	0.0967742	3.85715	0.933181	0.373272	1	0	0	0	0	0	0	0	0	
0.814	0.259259	-1.35769	0.0967742	3.85715	0.933181	0.373272	1	0	0	0	0	0	0	0	0	
0.815	0.259259	-1.35769	0.0967742	3.85715	0.933181	0.373272	1	0	0	0	0	0	0	0	0	
0.816	0.259259	-1.35769	0.0967742	3.85715	0.933181	0.373272	1	0	0	0	0	0	0	0	0	
0.817	0.259259	-1.35769	0.0967742	3.85715	0.933181	0.373272	1	0	0	0	0	0	0	0	0	
0.818	0.259259	-1.35769	0.0967742	3.85715	0.933181	0.373272	1	0	0	0	0	0	0	0	0	
0.819	0.259259	-1.35769	0.0967742	3.85715	0.933181	0.373272	1	0	0	0	0	0	0	0	0	
0.82	0.259259	-1.35769	0.0967742	3.85715	0.933181	0.373272	1	0	0	0	0	0	0	0	0	
0.821	0.259259	-1.35769	0.0967742	3.85715	0.933181	0.373272	1	0	0	0	0	0	0	0	0	
0.822	0.259259	-1.35769	0.0967742	3.85715	0.933181	0.373272	1	0	0	0	0	0	0	0	0	
0.823	0.259259	-1.35769	0.0967742	3.85715	0.933181	0.373272	1	0	0	0	0	0	0	0	0	
0.824	0.259259	-1.35769	0.0967742	3.85715	0.933181	0.373272	1	0	0	0	0	0	0	0	0	
0.825	0.259259	-1.35769	0.0967742	3.85715	0.933181	0.373272	1	0	0	0	0	0	0	0	0	
0.826	0.259259	-1.35769	0.0967742	3.85715	0.933181	0.373272	1	0	0	0	0	0	0	0	0	
0.827	0.259259	-1.35769	0.0967742	3.85715	0.933181	0.373272	1	0	0	0	0	0	0	0	0	
0.828	0.259259	-1.35769	0.0967742	3.85715	0.933181	0.373272	1	0	0	0	0	0	0	0	0	
0.829	0.259259	-1.35769	0.0967742	3.85715	0.933181	0.373272	1	0	0	0	0	0	0	0	0	
0.83	0.259259	-1.35769	0.0967742	3.85715	0.933181	0.373272	1	0	0	0	0	0	0	0	0	
0.831	0.259259	-1.35769	0.0967742	3.85715	0.933181	0.373272	1	0	0	0	0	0	0	0	0	
0.832	0.259259	-1.35769	0.0967742	3.85715	0.933181	0.373272	1	0	0	0	0	0	0	0	0	
0.833	0.259259	-1.35769	0.0967742	3.85715	0.933181	0.373272	1	0	0	0	0	0	0	0	0	
0.834	0.259259	-1.35769	0.0967742	3.85715	0.933181	0.373272	1	0	0	0	0	0	0	0	0	
0.835	0.259259	-1.35769	0.0967742	3.85715	0.933181	0.373272	1	0	0	0	0	0	0	0	0	
0.836	0.259259	-1.35769	0.0967742	3.85715	0.933181	0.373272	1	0	0	0	0	0	0	0	0	
0.837	0.259259	-1.35769	0.0967742	3.85715	0.933181	0.373272	1	0	0	0	0	0	0	0	0	
0.838	0.259259	-1.35769	0.0967742	3.85715	0.933181	0.373272	1	0	0	0	0	0	0	0	0	
0.839	0.259259	-1.35769	0.0967742	3.85715	0.933181	0.373272	1	0	0	0	0	0	0	0	0	
0.84	0.259259	-1.35769	0.0967742	3.85715	0.933181	0.373272	1	0	0	0	0	0	0	0	0	
0.841	0.259259	-1.35769	0.0967742	3.85715	0.933181	0.373272	1	0	0	0	0	0	0	0	0	
0.842	0.259259	-1.35769	0.0967742	3.85715	0.933181	0.373272	1	0	0	0	0	0	0	0	0	
0.843	0.259259	-1.35769	0.0967742	3.85715	0.933181	0.373272	1	0	0	0	0	0	0	0	0	
0.844	0.259259	-1.35769	0.0967742	3.85715	0.933181	0.373272	1	0	0	0	0	0	0	0	0	
0.845	0.259259	-1.35769	0.0967742	3.85715	0.933181	0.373272	1	0	0	0	0	0	0	0	0	
0.846	0.259259	-1.35769	0.0967742	3.85715	0.933181	0.373272	1	0	0	0	0	0	0	0	0	
0.847	0.259259	-1.35769	0.0967742	3.85715	0.933181	0.373272	1	0	0	0	0	0	0	0	0	
0.848	0.259259	-1.35769	0.0967742	3.85715	0.933181	0.373272	1	0	0	0	0	0	0	0	0	
0.849	0.259259	-1.35769	0.0967742	3.85715	0.933181	0.373272	1	0	0	0	0	0	0	0	0	
0.85	0.259259	-1.35769	0.0967742	3.85715	0.933181	0.373272	1	0	0	0	0	0	0	0	0	
0.851	0.259259	-1.35769	0.0967742	3.85715	0.933181	0.373272	1	0	0	0	0	0	0	0	0	
0.852	0.259259	-1.35769	0.0967742	3.85715	0.933181	0.373272	1	0	0	0	0	0	0	0	0	
0.853	0.259259	-1.35769	0.0967742	3.85715	0.933181	0.373272	1	0	0	0	0	0	0	0	0	
0.854	0.259259	-1.35769	0.0967742	3.85715	0.933181	0.373272	1	0	0	0	0	0	0	0	0	
0.855	0.259259	-1.35769	0.0967742	3.85715	0.933181	0.373272	1	0	0	0	0	0	0	0	0	
0.856	0.259259	-1.35769	0.0967742	3.85715	0.933181	0.373272	1	0	0	0	0	0	0	0	0	
0.857	0.259259	-1.35769	0.0967742	3.85715	0.933181	0.373272	1	0	0	0	0	0	0	0	0	
0.858	0.259259	-1.35769	0.0967742	3.85715	0.933181	0.373272	1	0	0	0	0	0	0	0	0	
0.859	0.259259	-1.35769	0.0967742	3.85715	0.933181	0.373272	1	0	0	0	0	0	0	0	0	
0.86	0.259259	-1.35769	0.0967742	3.85715	0.933181	0.373272	1	0	0	0	0	0	0	0	0	
0.861	0.259259	-1.35769	0.0967742	3.85715	0.933181	0.373272	1	0	0	0	0	0	0	0	0	
0.862	0.259259	-1.35769	0.0967742	3.85715	0.933181	0.373272	1	0	0	0	0	0	0	0	0	
0.863	0.259259	-1.35769	0.0967742	3.85715	0.933181	0.373272	1	0	0	0	0	0	0	0	0	
0.864	0.259259	-1.35769	0.0967742	3.85715	0.933181	0.373272	1	0	0	0	0	0	0	0	0	
0.865	0.259259	-1.35769	0.0967742	3.85715	0.933181	0.373272	1	0	0	0	0	0	0	0	0	
0.866	0.259259	-1.35769	0.0967742	3.85715	0.933181	0.373272	1	0	0	0	0	0	0	0	0	
0.867	0.259259	-1.35769	0.0967742	3.85715	0.933181	0.373272	1	0	0	0	0	0	0	0	0	
0.868	0.259259	-1.35769	0.0967742	3.85715	0.933181	0.373272	1	0	0	0	0	0	0	0	0	
0.869	0.259259	-1.35769	0.0967742	3.85715	0.933181	0.373272	1	0	0	0	0	0	0	0	0	
0.87	0.259259	-1.35769	0.0967742	3.85715	0.933181	0.373272	1	0	0	0	0	0	0	0	0	
0.871	0.259259	-1.35769	0.0967742	3.85715	0.933181	0.373272	1	0	0	0	0	0	0	0	0	
0.872	0.259259	-1.35769	0.0967742	3.85715	0.933181	0.373272	1	0	0	0	0	0	0	0	0	
0.873	0.259259	-1.35769	0.0967742	3.85715	0.933181	0.373272	1	0	0	0	0	0	0	0	0	
0.874	0.259259	-1.35769	0.0967742	3.85715	0.933181	0.373272	1	0	0	0	0	0	0	0	0	
0.875	0.259259	-1.35769	0.0967742	3.85715	0.933181	0.373272	1	0	0	0	0	0	0	0	0	
0.876	0.259259	-1.35769	0.0967742	3.85715	0.933181	0.373272	1	0	0	0	0	0	0	0	0	
0.877	0.259259	-1.35769	0.0967742	3.85715	0.933181	0.373272	1	0	0	0	0	0	0	0	0	
0.878	0.259259	-1.35769	0.0967742	3.85715	0.933181	0.373272	1	0	0	0	0	0	0	0	0	
0.879	0.259259	-1.35769	0.0967742	3.85715	0.933181	0.373272	1	0	0	0	0	0	0	0	0	
0.88	0.259259	-1.35769	0.0967742	3.85715	0.933181	0.373272	1	0	0	0	0	0	0	0	0	
0.881	0.259259	-1.35769	0.0967742	3.85715	0.933181	0.373272	1	0	0	0	0	0	0	0	0	
0.882	0.259259	-1.35769	0.0967742	3.85715	0.933181	0.373272	1	0	0	0	0	0	0	0	0	
0.883	0.259259	-1.35769	0.0967742	3.85715	0.933181	0.373272	1	0	0	0	0	0	0	0	0	
0.884	0.259259	-1.35769	0.0967742	3.85715	0.933181	0.373272	1	0	0	0	0	0	0	0	0	
0.885	0.259259	-1.35769	0.0967742	3.85715	0.933181	0.373272	1	0	0	0	0	0	0	0	0	
0.886	0.259259	-1.35769	0.0967742	3.85715	0.933181	0.373272	1	0	0	0	0	0	0	0	0	
0.887	0.259259	-1.35769	0.0967742	3.85715	0.933181	0.373272	1	0	0	0	0	0	0	0	0	
0.888	0.259259	-1.35769	0.0967742	3.85715	0.933181	0.373272	1	0	0	0	0	0	0	0	0	
0.889	0.259259	-1.35769	0.0967742	3.85715	0.933181	0.373272	1	0	0	0	0	0	0	0	0	
0.89	0.259259	-1.35769	0.0967742	3.85715	0.933181	0.373272	1	0	0	0	0	0	0	0	0	
0.891	0.259259	-1.35769	0.0967742	3.85715	0.933181	0.373272	1	0	0	0	0	0	0	0	0	
0.892	0.259259	-1.35769	0.0967742	3.85715	0.933181	0.373272	1	0	0	0	0	0	0	0	0	
0.893	0.259259	-1.35769	0.0967742	3.85715	0.933181	0.373272	1	0	0	0	0	0	0	0	0	
0.894	0.259259	-1.35769	0.0967742	3.85715	0.933181	0.373272	1	0	0	0	0	0	0	0	0	
0.895	0.259259	-1.35769	0.0967742	3.85715	0.933181	0.373272	1	0	0	0	0	0	0	0	0	
0.896	0.259259	-1.35769	0.0967742	3.85715	0.933181	0.373272	1	0	0	0	0	0	0	0	0	
0.897	0.259259	-1.35769	0.0967742	3.85715	0.933181	0.373272	1	0	0	0	0	0	0	0	0	
0.898	0.259259	-1.35769	0.0967742	3.85715	0.933181	0.373272	1	0	0	0	0	0	0	0	0	
0.899	0.259259	-1.35769	0.0967742	3.85715	0.933181	0.373272	1	0	0	0	0	0	0	0	0	
0.9	0.259259	-1.35769	0.0967742	3.85715	0.933181	0.373272	1	0	0	0	0	0	0	0	0	
0.901	0.259259	-1.35769	0.0967742	3.85715	0.933181	0.373272	1	0	0	0	0	0	0	0	0	
0.902	0.259259	-1.35769	0.0967742	3.85715	0.933181	0.373272	1	0	0	0	0	0	0	0	0	
0.903	0.259259	-1.35769	0.0967742	3.85715	0.933181	0.373272	1	0	0	0	0	0	0	0	0	
0.904	0.259259	-1.35769	0.0967742	3.85715	0.933181	0.373272	1	0	0	0	0	0	0	0	0	
0.905	0.259259	-1.35769	0.0967742	3.85715	0.933181	0.373272	1	0	0	0	0	0	0	0	0	
0.906	0.259259	-1.35769	0.0967742	3.85715	0.933181	0.373272	1	0	0	0	0	0	0	0	0	
0.907	0.259259	-1.35769	0.0967742	3.85715	0.933181	0.373272	1	0	0	0	0	0	0	0	0	
0.908	0.259259	-1.35769	0.0967742	3.85715	0.933181	0.373272	1	0	0	0	0	0	0	0	0	
0.909	0.259259	-1.35769	0.0967742	3.85715	0.933181	0.373272	1	0	0	0	0	0	0	0	0	
0.91	0.259259	-1.35769	0.0967742	3.85715	0.933181	0.373272	1	0	0	0	0	0	0	0	0	
0.911	0.259259	-1.35769	0.0967742	3.85715	0.933181	0.373272	1	0	0	0	0	0	0	0	0	
0.912	0.259259	-1.35769	0.0967742	3.85715	0.933181	0.373272	1	0	0	0	0	0	0	0	0	
0.913	0.259259	-1.35769	0.0967742	3.85715	0.933181	0.373272	1	0	0	0	0	0	0	0	0	
0.914	0.259259	-1.35769	0.0967742	3.85715	0.933181	0.373272	1	0	0	0	0	0	0	0	0	
0.915	0.259259	-1.35769	0.0967742	3.85715	0.933181	0.373272	1	0	0	0	0	0	0	0	0	
0.916	0.259259	-1.35769	0.0967742	3.85715	0.933181	0.373272	1	0	0	0	0	0	0	0	0	
0.917	0.259259	-1.35769	0.0967742	3.85715	0.933181	0.373272	1	0	0	0	0	0	0	0	0	
0.918	0.259259	-1.35769	0.0967742	3.85715	0.933181	0.373272	1	0	0	0	0	0	0	0	0	
0.919	0.259259	-1.35769	0.0967742	3.85715	0.933181	0.373272	1	0	0	0	0	0	0	0	0	
0.92	0.259259	-1.35769	0.0967742	3.85715	0.933181	0.373272	1	0	0	0	0	0	0	0	0	
0.921	0.259259	-1.35769	0.0967742	3.85715	0.933181	0.373272	1	0	0	0	0	0	0	0	0	
0.922	0.259259	-1.35769	0.0967742	3.85715	0.933181	0.373272	1	0	0	0	0	0	0	0	0	
0.923	0.259259	-1.35769	0.0967742	3.85715	0.933181	0.373272	1	0	0	0	0	0	0	0	0	
0.924	0.259259	-1.35769	0.0967742	3.85715	0.933181	0.373272	1	0	0	0	0	0	0	0	0	
0.925	0.259259	-1.35769	0.0967742	3.85715	0.933181	0.373272	1	0	0	0	0	0	0	0	0	
0.926	0.259259	-1.35769	0.0967742	3.85715	0.933181	0.373272	1	0	0	0	0	0	0	0	0	
0.927	0.259259	-1.35769	0.0967742	3.85715	0.933181	0.373272	1	0	0	0	0	0	0	0	0	
0.928	0.259259	-1.35769	0.0967742	3.85715	0.933181	0.373272	1	0	0	0	0	0	0	0	0	
0.929	0.259259	-1.35769	0.0967742	3.85715	0.933181	0.373272	1	0	0	0	0	0	0	0	0	
0.93	0.259259	-1.35769	0.0967742	3.85715	0.933181	0.373272	1	0	0	0	0	0	0	0	0	
0.931	0.259259	-1.35769	0.0967742	3.85715	0.933181	0.373272	1	0	0	0	0	0	0	0	0	
0.932	0.259259	-1.35769	0.0967742	3.85715	0.933181	0.373272	1	0	0	0	0	0	0	0	0	
0.933	0.259259	-1.35769	0.0967742	3.85715	0.933181	0.373272	1	0	0	0	0	0	0	0	0	
0.934	0.259259	-1.35769	0.0967742	3.85715	0.933181	0.373272	1	0	0	0	0	0	0	0	0	
0.935	0.259259	-1.35769	0.0967742	3.85715	0.933181	0.373272	1	0	0	0	0	0	0	0	0	
0.936	0.259259	-1.35769	0.0967742	3.85715	0.933181	0.373272	1	0	0	0	0	0	0	0	0	
0.937	0.259259	-1.35769	0.0967742	3.85715	0.933181	0.373272	1	0	0	0	0	0	0	0	0	
0.938	0.259259	-1.35769	0.0967742	3.85715	0.933181	0.373272	1	0	0	0	0	0	0	0	0	
0.939	0.259259	-1.35769	0.0967742	3.85715	0.933181	0.373272	1	0	0	0	0	0	0	0	0	
0.94	0.259259	-1.35769	0.0967742	3.85715	0.933181	0.373272	1	0	0	0	0	0	0	0	0	
0.941	0.259259	-1.35769	0.0967742	3.85715	0.933181	0.373272	1	0	0	0	0	0	0	0	0	
0.942	0.259259	-1.35769	0.0967742	3.85715	0.933181	0.373272	1	0	0	0	0	0	0	0	0	
0.943	0.259259	-1.35769	0.0967742	3.85715	0.933181	0.373272	1	0	0	0	0	0	0	0	0	
0.944	0.259259	-1.35769	0.0967742	3.85715	0.933181	0.373272	1	0	0	0	0	0	0	0	0	
0.945	0.259259	-1.35769	0.0967742	3.85715	0.933181	0.373272	1	0	0	0	0	0	0	0	0	
0.946	0.259259	-1.35769	0.0967742	3.85715	0.933181	0.373272	1	0	0	0	0	0	0	0	0	
0.947	0.259259	-1.35769	0.0967742	3.85715	0.933181	0.373272	1	0	0	0	0	0	0	0	0	
0.948	0.259259	-1.35769	0.0967742	3.85715	0.933181	0.373272	1	0	0	0	0	0	0	0	0	
0.949	0.259259	-1.35769	0.0967742	3.85715	0.933181	0.373272	1	0	0	0	0	0	0	0	0	
0.95	0.259259	-1.35769	0.0967742	3.85715	0.933181	0.373272	1	0	0	0	0	0	0	0	0	
0.951	0.259259	-1.35769	0.0967742	3.85715	0.933181	0.373272	1	0	0	0	0	0	0	0	0	
0.952	0.259259	-1.35769	0.0967742	3.85715	0.933181	0.373272	1	0	0	0	0	0	0	0	0	
0.953	0.259259	-1.35769	0.0967742	3.85715	0.933181	0.373272	1	0	0	0	0	0	0	0	0	
0.954	0.259259	-1.35769	0.0967742	3.85715	0.933181	0.373272	1	0	0	0	0	0	0	0	0	
0.955	0.259259	-1.35769	0.0967742	3.85715	0.933181	0.373272	1	0	0	0	0	0	0	0	0	
0.956	0.259259	-1.35769	0.0967742	3.85715	0.933181	0.373272	1	0	0	0	0	0	0	0	0	
0.957	0.259259	-1.35769	0.0967742	3.85715	0.933181	0.373272	1	0	0	0	0	0	0	0	0	
0.958	0.259259	-1.35769	0.0967742	3.85715	0.933181	0.373272	1	0	0	0	0	0	0	0	0	
0.959	0.259259	-1.35769	0.0967742	3.85715	0.933181	0.373272	1	0	0	0	0	0	0	0	0	
0.96	0.259259	-1.35769	0.0967742	3.85715	0.933181	0.373272	1	0	0	0	0	0	0	0	0	
0.961	0.259259	-1.35769	0.0967742	3.85715	0.933181	0.373272	1	0	0	0	0	0	0	0	0	
0.962	0.259259	-1.35769	0.0967742	3.85715	0.933181	0.373272	1	0	0	0	0	0	0	0	0	
0.963	0.259259	-1.35769	0.0967742	3.85715	0.933181	0.373272	1	0	0	0	0	0	0	0	0	
0.964	0.259259	-1.35769	0.0967742	3.85715	0.933181	0.373272	1	0	0	0	0	0	0	0	0	
0.965	0.259259	-1.35769	0.0967742	3.85715	0.933181	0.373272	1	0	0	0	0	0	0	0	0	
0.966	0.259259	-1.35769	0.0967742	3.85715	0.933181	0.373272	1	0	0	0	0	0	0	0	0	
0.967	0.259259	-1.35769	0.0967742	3.85715	0.933181	0.373272	1	0	0	0	0	0	0	0	0	
0.968	0.259259	-1.35769	0.0967742	3.85715	0.933181	0.373272	1	0	0	0	0	0	0	0	0	
0.969	0.259259	-1.35769	0.0967742	3.85715	0.933181	0.373272	1	0	0	0	0	0	0	0	0	
0.97	0.259259	-1.35769	0.0967742	3.85715	0.933181	0.373272	1	0	0	0	0	0	0	0	0	
0.971	0.259259	-1.35769	0.0967742	3.85715	0.933181	0.373272	1	0	0	0	0	0	0	0	0	
0.972	0.259259	-1.35769	0.0967742	3.85715	0.933181	0.373272	1	0	0	0	0	0	0	0	0	
0.973	0.259259	-1.35769	0.0967742	3.85715	0.933181	0.373272	1	0	0	0	0	0	0	0	0	
0.974	0.259259	-1.35769	0.0967742	3.85715	0.933181	0.373272	1	0	0	0	0	0	0	0	0	
0.975	0.259259	-1.35769	0.0967742	3.85715	0.933181	0.373272	1	0	0	0	0	0	0	0	0	
0.976	0.259259	-1.35769	0.0967742	3.85715	0.933181	0.373272	1	0	0	0	0	0	0	0	0	
0.977	0.259259	-1.35769	0.0967742	3.85715	0.933181	0.373272	1	0	0	0	0	0	0	0	0	
0.978	0.259259	-1.35769	0.0967742	3.85715	0.933181	0.373272	1	0	0	0	0	0	0	0	0	
0.979	0.259259	-1.35769	0.0967742	3.85715	0.933181	0.373272	1	0	0	0	0	0	0	0	0	
0.98	0.259259	-1.35769	0.0967742	3.85715	0.933181	0.373272	1	0	0	0	0	0	0	0	0	
0.981	0.259259	-1.35769	0.0967742	3.85715	0.933181	0.373272	1	0	0	0	0	0	0	0	0	
0.982	0.259259	-1.35769	0.0967742	3.85715	0.933181	0.373272	1	0	0	0	0	0	0	0	0	
0.983	0.259259	-1.35769	0.0967742	3.85715	0.933181	0.373272	1	0	0	0	0	0	0	0	0	
0.984	0.259259	-1.35769	0.0967742	3.85715	0.933181	0.373272	1	0	0	0	0	0	0	0	0	
0.985	0.259259	-1.35769	0.0967742	3.85715	0.933181	0.373272	1	0	0	0	0	0	0	0	0	
0.986	0.259259	-1.35769	0.0967742	3.85715	0.933181	0.373272	1	0	0	0	0	0	0	0	0	
0.987	0.259259	-1.35769	0.0967742	3.85715	0.933181	0.373272	1	0	0	0	0	0	0	0	0	
0.988	0.259259	-1.35769	0.0967742	3.85715	0.933181	0.373272	1	0	0	0	0	0	0	0	0	
0.989	0.259259	-1.35769	0.0967742	3.85715	0.933181	0.373272	1	0	0	0	0	0	0	0	0	
0.99	0.259259	-1.35769	0.0967742	3.85715	0.933181	0.373272	1	0	0	0	0	0	0	0	0	
0.991	0.259259	-1.35769	0.0967742	3.85715	0.933181	0.373272	1	0	0	0	0	0	0	0	0	
0.992	0.259259	-1.35769	0.0967742	3.85715	0.933181	0.373272	1	0	0	0	0	0	0	0	0	
0.993	0.259259	-1.35769	0.0967742	3.85715	0.933181	0.373272	1	0	0	0	0	0	0	0	0	
0.994	0.259259	-1.35769	0.0967742	3.85715	0.933181	0.373272	1	0	0	0	0	0	0	0	0	
0.995	0.259259	-1.35769	0.0967742	3.85715	0.933181	0.373272	1	0	0	0	0	0	0	0	0	
0.996	0.259259	-1.35769	0.0967742	3.85715	0.933181	0.373272	1	0	0	0	0	0	0	0	0	
0.997	0.259259	-1.35769	0.0967742	3.85715	0.933181	0.373272	1	0	0	0	0	0	0	0	0	
0.998	0.259259	-1.35769	0.0967742	3.85715	0.933181	0.373272	1	0	0	0	0	0	0	0	0	
0.999	0.259259	-1.35769	0.0967742	3.85715	0.933181	0.373272	1	0	0	0	0	0	0	0	0	
1	0.259259	-1.35769	0.0967742	3.85715	0.933181	0.373272	1	0	0	0	0	0	0	0	0	
