|||||||||||||||||||||||||||||||||***SIMULATION: detonation***||||||||||||||||||||||||||||||||||
Sanpshot time = 0.7. Timestep = 1555. Run time = 2 seconds
No. of cells = 1000
#Position	 Density	 Velocity	 Pressure	 Specific_Volume I_Energy	 Temperature	 Species
-0.001	0.948746	-0.000194273	1.04176	1.05402	2.74509	0	0.931647	0	0	0	0	0	0	0	0	
0	0.94843	-6.49488e-05	1.04176	1.05437	2.746	0	0.931448	0	0	0	0	0	0	0	0	
0.001	0.94843	6.49488e-05	1.04176	1.05437	2.746	1.0984	0.931448	0	0	0	0	0	0	0	0	
0.002	0.948746	0.000194273	1.04176	1.05402	2.74509	1.09803	0.931647	0	0	0	0	0	0	0	0	
0.003	0.946478	0.000326929	1.04176	1.05655	2.75167	1.10067	0.930212	0	0	0	0	0	0	0	0	
0.004	0.952291	0.000452603	1.04175	1.0501	2.73485	1.09394	0.933848	0	0	0	0	0	0	0	0	
0.005	0.941783	0.000590119	1.04176	1.06182	2.7654	1.10616	0.927165	0	0	0	0	0	0	0	0	
0.006	0.946878	0.000728564	1.04175	1.0561	2.75049	1.1002	0.930463	0	0	0	0	0	0	0	0	
0.007	0.948704	0.000860463	1.04174	1.05407	2.74518	1.09807	0.931624	0	0	0	0	0	0	0	0	
0.008	0.94732	0.000992256	1.04174	1.05561	2.74918	1.09967	0.930754	0	0	0	0	0	0	0	0	
0.009	0.951522	0.00111843	1.04173	1.05095	2.73701	1.09481	0.93338	0	0	0	0	0	0	0	0	
0.01	0.950958	0.00124166	1.04173	1.05157	2.73862	1.09545	0.933038	0	0	0	0	0	0	0	0	
0.011	0.950072	0.00136621	1.04172	1.05255	2.74117	1.09647	0.932491	0	0	0	0	0	0	0	0	
0.012	0.954067	0.00148552	1.04171	1.04814	2.72966	1.09186	0.934946	0	0	0	0	0	0	0	0	
0.013	0.950738	0.00160637	1.04171	1.05181	2.73921	1.09568	0.932903	0	0	0	0	0	0	0	0	
0.014	0.95039	0.00173027	1.0417	1.0522	2.74019	1.09608	0.932697	0	0	0	0	0	0	0	0	
0.015	0.953768	0.0018498	1.04169	1.04847	2.73046	1.09218	0.934774	0	0	0	0	0	0	0	0	
0.016	0.950655	0.00197111	1.04169	1.05191	2.73939	1.09576	0.93286	0	0	0	0	0	0	0	0	
0.017	0.950528	0.00209503	1.04168	1.05205	2.73974	1.09589	0.932791	0	0	0	0	0	0	0	0	
0.018	0.95235	0.0022167	1.04167	1.05003	2.73447	1.09379	0.933922	0	0	0	0	0	0	0	0	
0.019	0.950834	0.00233913	1.04166	1.05171	2.73881	1.09552	0.932991	0	0	0	0	0	0	0	0	
0.02	0.951514	0.0024617	1.04165	1.05096	2.73683	1.09473	0.933421	0	0	0	0	0	0	0	0	
0.021	0.951875	0.00258332	1.04164	1.05056	2.73576	1.0943	0.933662	0	0	0	0	0	0	0	0	
0.022	0.951059	0.00270583	1.04163	1.05146	2.73809	1.09523	0.933193	0	0	0	0	0	0	0	0	
0.023	0.952732	0.00282655	1.04162	1.04961	2.73325	1.0933	0.934279	0	0	0	0	0	0	0	0	
0.024	0.952186	0.00294671	1.04161	1.05021	2.73479	1.09391	0.934031	0	0	0	0	0	0	0	0	
0.025	0.951519	0.00306824	1.0416	1.05095	2.73668	1.09467	0.933723	0	0	0	0	0	0	0	0	
0.026	0.953533	0.00318744	1.04159	1.04873	2.73086	1.09234	0.935055	0	0	0	0	0	0	0	0	
0.027	0.952853	0.003306	1.04158	1.04948	2.73278	1.09311	0.93475	0	0	0	0	0	0	0	0	
0.028	0.952157	0.00342602	1.04157	1.05025	2.73475	1.0939	0.934437	0	0	0	0	0	0	0	0	
0.029	0.953414	0.00354491	1.04155	1.04886	2.73111	1.09245	0.935311	0	0	0	0	0	0	0	0	
0.03	0.953244	0.00366309	1.04154	1.04905	2.73157	1.09263	0.93532	0	0	0	0	0	0	0	0	
0.031	0.953258	0.00378132	1.04153	1.04903	2.73149	1.0926	0.935439	0	0	0	0	0	0	0	0	
0.032	0.954061	0.00389841	1.04151	1.04815	2.72916	1.09166	0.936035	0	0	0	0	0	0	0	0	
0.033	0.953935	0.00401504	1.0415	1.04829	2.72948	1.09179	0.936071	0	0	0	0	0	0	0	0	
0.034	0.954311	0.0041312	1.04149	1.04788	2.72837	1.09135	0.936408	0	0	0	0	0	0	0	0	
0.035	0.954799	0.00424637	1.04147	1.04734	2.72694	1.09077	0.936811	0	0	0	0	0	0	0	0	
0.036	0.954612	0.00436141	1.04146	1.04755	2.72743	1.09097	0.936812	0	0	0	0	0	0	0	0	
0.037	0.955255	0.00447569	1.04144	1.04684	2.72556	1.09022	0.937304	0	0	0	0	0	0	0	0	
0.038	0.95564	0.00458892	1.04142	1.04642	2.72442	1.08977	0.937644	0	0	0	0	0	0	0	0	
0.039	0.955481	0.00470204	1.04141	1.04659	2.72483	1.08993	0.937664	0	0	0	0	0	0	0	0	
0.04	0.956472	0.00481387	1.04139	1.04551	2.72196	1.08878	0.938357	0	0	0	0	0	0	0	0	
0.041	0.956814	0.00492443	1.04137	1.04513	2.72094	1.08838	0.93867	0	0	0	0	0	0	0	0	
0.042	0.956337	0.0050353	1.04136	1.04566	2.72226	1.0889	0.938505	0	0	0	0	0	0	0	0	
0.043	0.956878	0.00514581	1.04134	1.04506	2.72067	1.08827	0.938933	0	0	0	0	0	0	0	0	
0.044	0.957132	0.00525558	1.04132	1.04479	2.7199	1.08796	0.939194	0	0	0	0	0	0	0	0	
0.045	0.956768	0.00536563	1.04131	1.04518	2.72089	1.08836	0.939098	0	0	0	0	0	0	0	0	
0.046	0.956585	0.00547625	1.04129	1.04539	2.72137	1.08855	0.939107	0	0	0	0	0	0	0	0	
0.047	0.957045	0.00558643	1.04127	1.04488	2.72001	1.088	0.939488	0	0	0	0	0	0	0	0	
0.048	0.958036	0.00569483	1.04125	1.0438	2.71714	1.08686	0.940175	0	0	0	0	0	0	0	0	
0.049	0.95853	0.00580162	1.04123	1.04326	2.71569	1.08628	0.940574	0	0	0	0	0	0	0	0	
0.05	0.95862	0.00590769	1.04121	1.04317	2.71539	1.08615	0.940741	0	0	0	0	0	0	0	0	
0.051	0.958853	0.00601324	1.04119	1.04291	2.71467	1.08587	0.94099	0	0	0	0	0	0	0	0	
0.052	0.958911	0.00611843	1.04117	1.04285	2.71446	1.08578	0.941138	0	0	0	0	0	0	0	0	
0.053	0.958951	0.00622343	1.04115	1.04281	2.7143	1.08572	0.941277	0	0	0	0	0	0	0	0	
0.054	0.959221	0.00632793	1.04113	1.04251	2.71348	1.08539	0.941546	0	0	0	0	0	0	0	0	
0.055	0.959353	0.00643194	1.04111	1.04237	2.71305	1.08522	0.941737	0	0	0	0	0	0	0	0	
0.056	0.959484	0.00653555	1.04109	1.04223	2.71263	1.08505	0.941927	0	0	0	0	0	0	0	0	
0.057	0.959809	0.00663849	1.04107	1.04187	2.71166	1.08466	0.942226	0	0	0	0	0	0	0	0	
0.058	0.959998	0.00674079	1.04105	1.04167	2.71107	1.08443	0.942448	0	0	0	0	0	0	0	0	
0.059	0.960172	0.00684258	1.04103	1.04148	2.71053	1.08421	0.942663	0	0	0	0	0	0	0	0	
0.06	0.960524	0.00694364	1.04101	1.0411	2.70948	1.08379	0.942976	0	0	0	0	0	0	0	0	
0.061	0.960755	0.007044	1.04099	1.04085	2.70877	1.08351	0.943222	0	0	0	0	0	0	0	0	
0.062	0.960926	0.00714384	1.04097	1.04066	2.70823	1.08329	0.943434	0	0	0	0	0	0	0	0	
0.063	0.961233	0.00724305	1.04094	1.04033	2.70731	1.08293	0.943721	0	0	0	0	0	0	0	0	
0.064	0.961444	0.00734167	1.04092	1.0401	2.70666	1.08267	0.943955	0	0	0	0	0	0	0	0	
0.065	0.961592	0.00743987	1.0409	1.03994	2.70619	1.08248	0.944155	0	0	0	0	0	0	0	0	
0.066	0.961882	0.00753754	1.04088	1.03963	2.70532	1.08213	0.944431	0	0	0	0	0	0	0	0	
0.067	0.96212	0.00763465	1.04086	1.03937	2.70459	1.08184	0.94468	0	0	0	0	0	0	0	0	
0.068	0.962277	0.00773136	1.04083	1.0392	2.70409	1.08164	0.944884	0	0	0	0	0	0	0	0	
0.069	0.962512	0.00782765	1.04081	1.03895	2.70337	1.08135	0.94513	0	0	0	0	0	0	0	0	
0.07	0.962265	0.00792413	1.04079	1.03921	2.704	1.0816	0.945115	0	0	0	0	0	0	0	0	
0.071	0.961963	0.00802125	1.04076	1.03954	2.70479	1.08192	0.945068	0	0	0	0	0	0	0	0	
0.072	0.962292	0.00811829	1.04074	1.03919	2.7038	1.08152	0.945363	0	0	0	0	0	0	0	0	
0.073	0.963197	0.00821399	1.04071	1.03821	2.70119	1.08048	0.94597	0	0	0	0	0	0	0	0	
0.074	0.964177	0.00830773	1.04069	1.03715	2.69838	1.07935	0.946615	0	0	0	0	0	0	0	0	
0.075	0.964729	0.00839995	1.04066	1.03656	2.69677	1.07871	0.947031	0	0	0	0	0	0	0	0	
0.076	0.964854	0.00849152	1.04063	1.03643	2.69635	1.07854	0.94722	0	0	0	0	0	0	0	0	
0.077	0.964931	0.0085829	1.04061	1.03634	2.69606	1.07843	0.947382	0	0	0	0	0	0	0	0	
0.078	0.965046	0.00867412	1.04058	1.03622	2.69567	1.07827	0.947564	0	0	0	0	0	0	0	0	
0.079	0.96517	0.00876516	1.04055	1.03609	2.69525	1.0781	0.94775	0	0	0	0	0	0	0	0	
0.08	0.965419	0.00885584	1.04052	1.03582	2.69448	1.07779	0.948001	0	0	0	0	0	0	0	0	
0.081	0.965686	0.00894602	1.04049	1.03553	2.69366	1.07747	0.948262	0	0	0	0	0	0	0	0	
0.082	0.965837	0.00903583	1.04046	1.03537	2.69316	1.07727	0.948463	0	0	0	0	0	0	0	0	
0.083	0.966031	0.00912528	1.04043	1.03516	2.69254	1.07702	0.948686	0	0	0	0	0	0	0	0	
0.084	0.966272	0.00921429	1.0404	1.03491	2.6918	1.07672	0.948933	0	0	0	0	0	0	0	0	
0.085	0.966423	0.00930294	1.04037	1.03474	2.6913	1.07652	0.949134	0	0	0	0	0	0	0	0	
0.086	0.966624	0.00939121	1.04034	1.03453	2.69065	1.07626	0.94936	0	0	0	0	0	0	0	0	
0.087	0.966903	0.00947898	1.04031	1.03423	2.6898	1.07592	0.949626	0	0	0	0	0	0	0	0	
0.088	0.96709	0.0095663	1.04028	1.03403	2.68919	1.07568	0.949845	0	0	0	0	0	0	0	0	
0.089	0.967306	0.00965321	1.04025	1.0338	2.68851	1.0754	0.950078	0	0	0	0	0	0	0	0	
0.09	0.967611	0.00973956	1.04021	1.03347	2.68758	1.07503	0.950356	0	0	0	0	0	0	0	0	
0.091	0.96782	0.00982544	1.04018	1.03325	2.68692	1.07477	0.950585	0	0	0	0	0	0	0	0	
0.092	0.968018	0.00991091	1.04015	1.03304	2.68628	1.07451	0.950809	0	0	0	0	0	0	0	0	
0.093	0.968295	0.00999591	1.04011	1.03274	2.68543	1.07417	0.951072	0	0	0	0	0	0	0	0	
0.094	0.968249	0.0100808	1.04008	1.03279	2.68547	1.07419	0.951173	0	0	0	0	0	0	0	0	
0.095	0.967872	0.0101662	1.04005	1.03319	2.68644	1.07457	0.951108	0	0	0	0	0	0	0	0	
0.096	0.967744	0.0102521	1.04002	1.03333	2.68671	1.07468	0.951166	0	0	0	0	0	0	0	0	
0.097	0.968293	0.0103376	1.03998	1.03275	2.6851	1.07404	0.951562	0	0	0	0	0	0	0	0	
0.098	0.969267	0.0104216	1.03995	1.03171	2.68231	1.07292	0.952169	0	0	0	0	0	0	0	0	
0.099	0.970042	0.0105039	1.03992	1.03088	2.68008	1.07203	0.952677	0	0	0	0	0	0	0	0	
0.1	0.970363	0.0105853	1.03988	1.03054	2.67911	1.07164	0.952962	0	0	0	0	0	0	0	0	
0.101	0.970443	0.0106663	1.03985	1.03046	2.6788	1.07152	0.953127	0	0	0	0	0	0	0	0	
0.102	0.970467	0.0107474	1.03982	1.03043	2.67865	1.07146	0.953264	0	0	0	0	0	0	0	0	
0.103	0.970482	0.0108285	1.03978	1.03042	2.67852	1.07141	0.953397	0	0	0	0	0	0	0	0	
0.104	0.97059	0.0109096	1.03975	1.0303	2.67814	1.07126	0.953573	0	0	0	0	0	0	0	0	
0.105	0.970799	0.0109905	1.03972	1.03008	2.67748	1.07099	0.953799	0	0	0	0	0	0	0	0	
0.106	0.970999	0.0110711	1.03969	1.02987	2.67684	1.07074	0.95402	0	0	0	0	0	0	0	0	
0.107	0.971232	0.0111514	1.03965	1.02962	2.67612	1.07045	0.954257	0	0	0	0	0	0	0	0	
0.108	0.971547	0.0112313	1.03962	1.02929	2.67516	1.07007	0.954532	0	0	0	0	0	0	0	0	
0.109	0.971818	0.0113108	1.03959	1.029	2.67433	1.06973	0.954786	0	0	0	0	0	0	0	0	
0.11	0.972036	0.0113899	1.03955	1.02877	2.67365	1.06946	0.955015	0	0	0	0	0	0	0	0	
0.111	0.972274	0.0114686	1.03952	1.02852	2.6729	1.06916	0.955252	0	0	0	0	0	0	0	0	
0.112	0.972463	0.0115471	1.03948	1.02832	2.6723	1.06892	0.955467	0	0	0	0	0	0	0	0	
0.113	0.972556	0.0116254	1.03945	1.02822	2.67196	1.06878	0.955637	0	0	0	0	0	0	0	0	
0.114	0.972654	0.0117036	1.03942	1.02812	2.6716	1.06864	0.955808	0	0	0	0	0	0	0	0	
0.115	0.972803	0.0117816	1.03938	1.02796	2.6711	1.06844	0.956004	0	0	0	0	0	0	0	0	
0.116	0.972962	0.0118595	1.03935	1.02779	2.67058	1.06823	0.956205	0	0	0	0	0	0	0	0	
0.117	0.973165	0.0119371	1.03931	1.02757	2.66993	1.06797	0.956425	0	0	0	0	0	0	0	0	
0.118	0.973322	0.0120144	1.03928	1.02741	2.66941	1.06777	0.956624	0	0	0	0	0	0	0	0	
0.119	0.973386	0.0120916	1.03924	1.02734	2.66915	1.06766	0.956781	0	0	0	0	0	0	0	0	
0.12	0.973508	0.0121686	1.03921	1.02721	2.66873	1.06749	0.956962	0	0	0	0	0	0	0	0	
0.121	0.973802	0.0122453	1.03917	1.0269	2.66783	1.06713	0.957222	0	0	0	0	0	0	0	0	
0.122	0.974288	0.0123212	1.03914	1.02639	2.66641	1.06656	0.957569	0	0	0	0	0	0	0	0	
0.123	0.974855	0.0123961	1.0391	1.02579	2.66476	1.06591	0.957952	0	0	0	0	0	0	0	0	
0.124	0.975267	0.0124701	1.03907	1.02536	2.66354	1.06542	0.958265	0	0	0	0	0	0	0	0	
0.125	0.975419	0.0125435	1.03903	1.0252	2.66304	1.06521	0.958462	0	0	0	0	0	0	0	0	
0.126	0.975452	0.0126167	1.039	1.02517	2.66285	1.06514	0.958605	0	0	0	0	0	0	0	0	
0.127	0.975508	0.0126897	1.03896	1.02511	2.66261	1.06504	0.958757	0	0	0	0	0	0	0	0	
0.128	0.975596	0.0127625	1.03892	1.02501	2.66228	1.06491	0.958924	0	0	0	0	0	0	0	0	
0.129	0.97574	0.012835	1.03889	1.02486	2.66179	1.06472	0.959116	0	0	0	0	0	0	0	0	
0.13	0.975964	0.012907	1.03885	1.02463	2.66109	1.06444	0.959342	0	0	0	0	0	0	0	0	
0.131	0.976189	0.0129786	1.03882	1.02439	2.66038	1.06415	0.959569	0	0	0	0	0	0	0	0	
0.132	0.976398	0.0130496	1.03878	1.02417	2.65972	1.06389	0.959788	0	0	0	0	0	0	0	0	
0.133	0.976641	0.0131201	1.03874	1.02392	2.65897	1.06359	0.960021	0	0	0	0	0	0	0	0	
0.134	0.976869	0.0131901	1.03871	1.02368	2.65826	1.0633	0.960248	0	0	0	0	0	0	0	0	
0.135	0.977008	0.0132596	1.03867	1.02353	2.65779	1.06312	0.960436	0	0	0	0	0	0	0	0	
0.136	0.977112	0.0133289	1.03864	1.02342	2.65741	1.06296	0.96061	0	0	0	0	0	0	0	0	
0.137	0.977267	0.0133978	1.0386	1.02326	2.6569	1.06276	0.960804	0	0	0	0	0	0	0	0	
0.138	0.977451	0.0134664	1.03856	1.02307	2.65631	1.06252	0.961011	0	0	0	0	0	0	0	0	
0.139	0.97767	0.0135346	1.03853	1.02284	2.65562	1.06225	0.961233	0	0	0	0	0	0	0	0	
0.14	0.977952	0.0136024	1.03849	1.02255	2.65476	1.06191	0.96148	0	0	0	0	0	0	0	0	
0.141	0.978218	0.0136697	1.03846	1.02227	2.65395	1.06158	0.961721	0	0	0	0	0	0	0	0	
0.142	0.978351	0.0137367	1.03842	1.02213	2.6535	1.0614	0.961906	0	0	0	0	0	0	0	0	
0.143	0.978355	0.0138037	1.03838	1.02212	2.65339	1.06136	0.962037	0	0	0	0	0	0	0	0	
0.144	0.978379	0.0138708	1.03835	1.0221	2.65323	1.06129	0.962177	0	0	0	0	0	0	0	0	
0.145	0.978584	0.0139377	1.03831	1.02188	2.65258	1.06103	0.962391	0	0	0	0	0	0	0	0	
0.146	0.97896	0.0140042	1.03827	1.02149	2.65147	1.06059	0.962675	0	0	0	0	0	0	0	0	
0.147	0.979331	0.0140702	1.03824	1.02111	2.65037	1.06015	0.962957	0	0	0	0	0	0	0	0	
0.148	0.979621	0.0141357	1.0382	1.0208	2.64949	1.0598	0.963206	0	0	0	0	0	0	0	0	
0.149	0.979881	0.0142009	1.03816	1.02053	2.64869	1.05948	0.963441	0	0	0	0	0	0	0	0	
0.15	0.980094	0.0142658	1.03812	1.02031	2.64802	1.05921	0.963657	0	0	0	0	0	0	0	0	
0.151	0.980203	0.0143306	1.03808	1.0202	2.64762	1.05905	0.963831	0	0	0	0	0	0	0	0	
0.152	0.980265	0.0143955	1.03805	1.02013	2.64736	1.05894	0.963986	0	0	0	0	0	0	0	0	
0.153	0.980377	0.0144603	1.03801	1.02002	2.64696	1.05878	0.964161	0	0	0	0	0	0	0	0	
0.154	0.980534	0.014525	1.03797	1.01985	2.64643	1.05857	0.964354	0	0	0	0	0	0	0	0	
0.155	0.980732	0.0145895	1.03793	1.01965	2.6458	1.05832	0.964563	0	0	0	0	0	0	0	0	
0.156	0.980997	0.0146538	1.03789	1.01937	2.64498	1.05799	0.964798	0	0	0	0	0	0	0	0	
0.157	0.981263	0.0147177	1.03785	1.01909	2.64416	1.05767	0.965034	0	0	0	0	0	0	0	0	
0.158	0.981425	0.0147815	1.03781	1.01893	2.64362	1.05745	0.965229	0	0	0	0	0	0	0	0	
0.159	0.981517	0.0148451	1.03777	1.01883	2.64327	1.05731	0.965396	0	0	0	0	0	0	0	0	
0.16	0.981644	0.0149086	1.03773	1.0187	2.64283	1.05713	0.965577	0	0	0	0	0	0	0	0	
0.161	0.981813	0.0149719	1.03769	1.01852	2.64227	1.05691	0.965773	0	0	0	0	0	0	0	0	
0.162	0.981995	0.015035	1.03764	1.01834	2.64167	1.05667	0.965975	0	0	0	0	0	0	0	0	
0.163	0.982218	0.0150978	1.0376	1.0181	2.64097	1.05639	0.966192	0	0	0	0	0	0	0	0	
0.164	0.982467	0.0151602	1.03756	1.01785	2.64019	1.05608	0.966419	0	0	0	0	0	0	0	0	
0.165	0.98266	0.0152223	1.03752	1.01765	2.63957	1.05583	0.966624	0	0	0	0	0	0	0	0	
0.166	0.982798	0.0152841	1.03748	1.0175	2.63909	1.05564	0.966808	0	0	0	0	0	0	0	0	
0.167	0.982949	0.0153456	1.03744	1.01735	2.63858	1.05543	0.966998	0	0	0	0	0	0	0	0	
0.168	0.983166	0.0154068	1.03739	1.01712	2.63789	1.05516	0.96721	0	0	0	0	0	0	0	0	
0.169	0.983434	0.0154675	1.03735	1.01684	2.63706	1.05483	0.967442	0	0	0	0	0	0	0	0	
0.17	0.983659	0.0155278	1.03731	1.01661	2.63636	1.05454	0.967657	0	0	0	0	0	0	0	0	
0.171	0.983758	0.0155877	1.03727	1.01651	2.63598	1.05439	0.967827	0	0	0	0	0	0	0	0	
0.172	0.983801	0.0156475	1.03723	1.01647	2.63577	1.05431	0.967975	0	0	0	0	0	0	0	0	
0.173	0.983907	0.0157071	1.03719	1.01636	2.63537	1.05415	0.968147	0	0	0	0	0	0	0	0	
0.174	0.984074	0.0157664	1.03714	1.01618	2.63482	1.05393	0.96834	0	0	0	0	0	0	0	0	
0.175	0.984235	0.0158255	1.0371	1.01602	2.63429	1.05371	0.968531	0	0	0	0	0	0	0	0	
0.176	0.984405	0.0158843	1.03706	1.01584	2.63373	1.05349	0.968725	0	0	0	0	0	0	0	0	
0.177	0.984617	0.0159428	1.03702	1.01562	2.63305	1.05322	0.968934	0	0	0	0	0	0	0	0	
0.178	0.984824	0.0160011	1.03698	1.01541	2.63239	1.05296	0.96914	0	0	0	0	0	0	0	0	
0.179	0.985005	0.0160591	1.03694	1.01522	2.6318	1.05272	0.969338	0	0	0	0	0	0	0	0	
0.18	0.985217	0.016117	1.03689	1.015	2.63113	1.05245	0.969546	0	0	0	0	0	0	0	0	
0.181	0.985454	0.0161748	1.03685	1.01476	2.63039	1.05216	0.969762	0	0	0	0	0	0	0	0	
0.182	0.98563	0.0162324	1.03681	1.01458	2.62981	1.05193	0.969957	0	0	0	0	0	0	0	0	
0.183	0.985755	0.0162902	1.03677	1.01445	2.62937	1.05175	0.970134	0	0	0	0	0	0	0	0	
0.184	0.985924	0.016348	1.03672	1.01428	2.62881	1.05152	0.970326	0	0	0	0	0	0	0	0	
0.185	0.986131	0.016406	1.03668	1.01406	2.62815	1.05126	0.97053	0	0	0	0	0	0	0	0	
0.186	0.986285	0.016464	1.03663	1.01391	2.62762	1.05105	0.970718	0	0	0	0	0	0	0	0	
0.187	0.986396	0.0165222	1.03659	1.01379	2.62721	1.05089	0.97089	0	0	0	0	0	0	0	0	
0.188	0.986545	0.0165807	1.03654	1.01364	2.6267	1.05068	0.971074	0	0	0	0	0	0	0	0	
0.189	0.986724	0.0166392	1.0365	1.01345	2.62611	1.05044	0.971269	0	0	0	0	0	0	0	0	
0.19	0.986869	0.0166978	1.03645	1.01331	2.62561	1.05024	0.971453	0	0	0	0	0	0	0	0	
0.191	0.986964	0.0167565	1.03641	1.01321	2.62524	1.05009	0.97162	0	0	0	0	0	0	0	0	
0.192	0.987046	0.0168152	1.03636	1.01312	2.6249	1.04996	0.971783	0	0	0	0	0	0	0	0	
0.193	0.987208	0.0168737	1.03631	1.01296	2.62435	1.04974	0.971971	0	0	0	0	0	0	0	0	
0.194	0.987497	0.0169319	1.03626	1.01266	2.62346	1.04939	0.972201	0	0	0	0	0	0	0	0	
0.195	0.987812	0.0169895	1.03622	1.01234	2.62251	1.049	0.972438	0	0	0	0	0	0	0	0	
0.196	0.988013	0.0170464	1.03617	1.01213	2.62186	1.04874	0.972639	0	0	0	0	0	0	0	0	
0.197	0.988122	0.0171028	1.03613	1.01202	2.62145	1.04858	0.97281	0	0	0	0	0	0	0	0	
0.198	0.988252	0.0171586	1.03608	1.01189	2.62099	1.0484	0.972986	0	0	0	0	0	0	0	0	
0.199	0.98841	0.0172137	1.03604	1.01173	2.62046	1.04818	0.973172	0	0	0	0	0	0	0	0	
0.2	0.98853	0.0172682	1.03599	1.0116	2.62003	1.04801	0.973345	0	0	0	0	0	0	0	0	
0.201	0.98864	0.017322	1.03595	1.01149	2.61963	1.04785	0.973515	0	0	0	0	0	0	0	0	
0.202	0.988809	0.0173751	1.0359	1.01132	2.61907	1.04763	0.973702	0	0	0	0	0	0	0	0	
0.203	0.989001	0.0174277	1.03586	1.01112	2.61846	1.04738	0.973897	0	0	0	0	0	0	0	0	
0.204	0.989142	0.0174797	1.03582	1.01098	2.61798	1.04719	0.974076	0	0	0	0	0	0	0	0	
0.205	0.989269	0.0175314	1.03578	1.01085	2.61753	1.04701	0.97425	0	0	0	0	0	0	0	0	
0.206	0.989451	0.0175828	1.03574	1.01066	2.61695	1.04678	0.974441	0	0	0	0	0	0	0	0	
0.207	0.989645	0.017634	1.03569	1.01046	2.61633	1.04653	0.974635	0	0	0	0	0	0	0	0	
0.208	0.98978	0.0176852	1.03565	1.01033	2.61587	1.04635	0.974811	0	0	0	0	0	0	0	0	
0.209	0.989904	0.0177365	1.03561	1.0102	2.61543	1.04617	0.974984	0	0	0	0	0	0	0	0	
0.21	0.990087	0.0177879	1.03557	1.01001	2.61484	1.04594	0.975174	0	0	0	0	0	0	0	0	
0.211	0.99028	0.0178395	1.03552	1.00982	2.61422	1.04569	0.975367	0	0	0	0	0	0	0	0	
0.212	0.990408	0.0178913	1.03548	1.00968	2.61377	1.04551	0.975541	0	0	0	0	0	0	0	0	
0.213	0.990526	0.0179433	1.03543	1.00957	2.61334	1.04534	0.975712	0	0	0	0	0	0	0	0	
0.214	0.990704	0.0179954	1.03539	1.00938	2.61276	1.0451	0.9759	0	0	0	0	0	0	0	0	
0.215	0.990802	0.0180475	1.03534	1.00928	2.61238	1.04495	0.976066	0	0	0	0	0	0	0	0	
0.216	0.990716	0.0180998	1.0353	1.00937	2.6125	1.045	0.976178	0	0	0	0	0	0	0	0	
0.217	0.990628	0.018152	1.03525	1.00946	2.61261	1.04505	0.976289	0	0	0	0	0	0	0	0	
0.218	0.990769	0.018204	1.03521	1.00932	2.61213	1.04485	0.976465	0	0	0	0	0	0	0	0	
0.219	0.991185	0.0182551	1.03516	1.00889	2.61092	1.04437	0.976718	0	0	0	0	0	0	0	0	
0.22	0.991741	0.0183048	1.03512	1.00833	2.60935	1.04374	0.97701	0	0	0	0	0	0	0	0	
0.221	0.992213	0.018353	1.03507	1.00785	2.60799	1.0432	0.977279	0	0	0	0	0	0	0	0	
0.222	0.992433	0.0184	1.03503	1.00762	2.60731	1.04292	0.977477	0	0	0	0	0	0	0	0	
0.223	0.992446	0.0184459	1.03499	1.00761	2.60718	1.04287	0.977618	0	0	0	0	0	0	0	0	
0.224	0.992452	0.0184909	1.03495	1.00761	2.60706	1.04283	0.977755	0	0	0	0	0	0	0	0	
0.225	0.99255	0.0185351	1.03492	1.00751	2.60671	1.04268	0.977917	0	0	0	0	0	0	0	0	
0.226	0.992659	0.0185785	1.03488	1.0074	2.60634	1.04253	0.978081	0	0	0	0	0	0	0	0	
0.227	0.992718	0.0186214	1.03484	1.00734	2.60609	1.04244	0.978233	0	0	0	0	0	0	0	0	
0.228	0.992817	0.018664	1.03481	1.00724	2.60574	1.0423	0.978395	0	0	0	0	0	0	0	0	
0.229	0.993018	0.0187065	1.03477	1.00703	2.60512	1.04205	0.978583	0	0	0	0	0	0	0	0	
0.23	0.993219	0.018749	1.03474	1.00683	2.6045	1.0418	0.978772	0	0	0	0	0	0	0	0	
0.231	0.993324	0.0187918	1.0347	1.00672	2.60414	1.04166	0.978936	0	0	0	0	0	0	0	0	
0.232	0.993429	0.0188353	1.03466	1.00661	2.60377	1.04151	0.979099	0	0	0	0	0	0	0	0	
0.233	0.993644	0.0188794	1.03462	1.0064	2.6031	1.04124	0.97929	0	0	0	0	0	0	0	0	
0.234	0.993875	0.0189241	1.03458	1.00616	2.6024	1.04096	0.979486	0	0	0	0	0	0	0	0	
0.235	0.993979	0.0189695	1.03454	1.00606	2.60202	1.04081	0.97965	0	0	0	0	0	0	0	0	
0.236	0.99404	0.0190156	1.0345	1.006	2.60176	1.0407	0.979803	0	0	0	0	0	0	0	0	
0.237	0.994216	0.0190622	1.03446	1.00582	2.60119	1.04047	0.979984	0	0	0	0	0	0	0	0	
0.238	0.994461	0.0191088	1.03441	1.00557	2.60043	1.04017	0.980182	0	0	0	0	0	0	0	0	
0.239	0.994603	0.0191553	1.03437	1.00543	2.59995	1.03998	0.980355	0	0	0	0	0	0	0	0	
0.24	0.994608	0.0192015	1.03432	1.00542	2.59983	1.03993	0.980496	0	0	0	0	0	0	0	0	
0.241	0.994585	0.0192474	1.03428	1.00544	2.59978	1.03991	0.980628	0	0	0	0	0	0	0	0	
0.242	0.994634	0.0192926	1.03424	1.0054	2.59955	1.03982	0.980778	0	0	0	0	0	0	0	0	
0.243	0.994854	0.019337	1.0342	1.00517	2.59887	1.03955	0.980968	0	0	0	0	0	0	0	0	
0.244	0.995252	0.0193802	1.03416	1.00477	2.59773	1.03909	0.981199	0	0	0	0	0	0	0	0	
0.245	0.995644	0.0194223	1.03412	1.00438	2.5966	1.03864	0.981428	0	0	0	0	0	0	0	0	
0.246	0.995825	0.0194637	1.03408	1.00419	2.59603	1.03841	0.981609	0	0	0	0	0	0	0	0	
0.247	0.99583	0.019505	1.03404	1.00419	2.59592	1.03837	0.981748	0	0	0	0	0	0	0	0	
0.248	0.99589	0.0195465	1.034	1.00413	2.59566	1.03826	0.981899	0	0	0	0	0	0	0	0	
0.249	0.996086	0.0195886	1.03396	1.00393	2.59505	1.03802	0.982081	0	0	0	0	0	0	0	0	
0.25	0.996254	0.0196316	1.03391	1.00376	2.5945	1.0378	0.982258	0	0	0	0	0	0	0	0	
0.251	0.996282	0.0196758	1.03387	1.00373	2.59432	1.03773	0.982403	0	0	0	0	0	0	0	0	
0.252	0.996341	0.0197216	1.03382	1.00367	2.59405	1.03762	0.982555	0	0	0	0	0	0	0	0	
0.253	0.996577	0.0197689	1.03377	1.00343	2.59331	1.03732	0.982746	0	0	0	0	0	0	0	0	
0.254	0.996846	0.0198173	1.03372	1.00316	2.59248	1.03699	0.982944	0	0	0	0	0	0	0	0	
0.255	0.996939	0.0198666	1.03367	1.00307	2.5921	1.03684	0.983106	0	0	0	0	0	0	0	0	
0.256	0.99691	0.0199167	1.03361	1.0031	2.59204	1.03682	0.98324	0	0	0	0	0	0	0	0	
0.257	0.997008	0.0199667	1.03356	1.003	2.59165	1.03666	0.983401	0	0	0	0	0	0	0	0	
0.258	0.997271	0.0200159	1.03351	1.00274	2.59084	1.03633	0.983597	0	0	0	0	0	0	0	0	
0.259	0.997484	0.0200634	1.03345	1.00252	2.59015	1.03606	0.983782	0	0	0	0	0	0	0	0	
0.26	0.997522	0.0201089	1.03341	1.00248	2.58993	1.03597	0.98393	0	0	0	0	0	0	0	0	
0.261	0.997561	0.0201518	1.03336	1.00245	2.58972	1.03589	0.984078	0	0	0	0	0	0	0	0	
0.262	0.997772	0.020192	1.03332	1.00223	2.58907	1.03563	0.984259	0	0	0	0	0	0	0	0	
0.263	0.998022	0.0202291	1.03328	1.00198	2.58832	1.03533	0.984448	0	0	0	0	0	0	0	0	
0.264	0.99792	0.0202638	1.03325	1.00208	2.5885	1.0354	0.984568	0	0	0	0	0	0	0	0	
0.265	0.997638	0.020297	1.03322	1.00237	2.58915	1.03566	0.984651	0	0	0	0	0	0	0	0	
0.266	0.997676	0.0203293	1.03319	1.00233	2.58898	1.03559	0.984795	0	0	0	0	0	0	0	0	
0.267	0.998079	0.0203612	1.03315	1.00192	2.58786	1.03514	0.985011	0	0	0	0	0	0	0	0	
0.268	0.99857	0.0203936	1.03312	1.00143	2.58651	1.0346	0.985243	0	0	0	0	0	0	0	0	
0.269	0.999072	0.0204274	1.03309	1.00093	2.58512	1.03405	0.985478	0	0	0	0	0	0	0	0	
0.27	0.999505	0.0204633	1.03305	1.0005	2.58391	1.03356	0.985698	0	0	0	0	0	0	0	0	
0.271	0.999652	0.0205024	1.03301	1.00035	2.58342	1.03337	0.985866	0	0	0	0	0	0	0	0	
0.272	0.999478	0.0205453	1.03296	1.00052	2.58375	1.0335	0.985976	0	0	0	0	0	0	0	0	
0.273	0.999273	0.0205921	1.03291	1.00073	2.58414	1.03366	0.98608	0	0	0	0	0	0	0	0	
0.274	0.999379	0.0206423	1.03285	1.00062	2.58373	1.03349	0.98624	0	0	0	0	0	0	0	0	
0.275	0.999697	0.0206947	1.03279	1.0003	2.58275	1.0331	0.986438	0	0	0	0	0	0	0	0	
0.276	0.999865	0.0207486	1.03272	1.00014	2.58216	1.03286	0.986612	0	0	0	0	0	0	0	0	
0.277	0.999783	0.020803	1.03266	1.00022	2.58221	1.03288	0.986742	0	0	0	0	0	0	0	0	
0.278	0.999724	0.0208573	1.03259	1.00028	2.5822	1.03288	0.986875	0	0	0	0	0	0	0	0	
0.279	0.999963	0.0209103	1.03253	1.00004	2.58142	1.03257	0.987057	0	0	0	0	0	0	0	0	
0.28	1.00032	0.0209613	1.03247	0.999681	2.58035	1.03214	0.98726	0	0	0	0	0	0	0	0	
0.281	1.00045	0.02101	1.03241	0.999551	2.57988	1.03195	0.987425	0	0	0	0	0	0	0	0	
0.282	1.00034	0.0210569	1.03236	0.999662	2.58003	1.03201	0.98755	0	0	0	0	0	0	0	0	
0.283	1.00031	0.0211023	1.03231	0.999689	2.57997	1.03199	0.987687	0	0	0	0	0	0	0	0	
0.284	1.00062	0.0211463	1.03226	0.999385	2.57906	1.03162	0.987877	0	0	0	0	0	0	0	0	
0.285	1.00099	0.0211892	1.03221	0.999008	2.57796	1.03118	0.988078	0	0	0	0	0	0	0	0	
0.286	1.00109	0.0212316	1.03216	0.998915	2.5776	1.03104	0.988236	0	0	0	0	0	0	0	0	
0.287	1.00093	0.0212738	1.03211	0.999067	2.57787	1.03115	0.988356	0	0	0	0	0	0	0	0	
0.288	1.00089	0.0213158	1.03206	0.999112	2.57787	1.03115	0.988491	0	0	0	0	0	0	0	0	
0.289	1.00101	0.0213568	1.03202	0.998991	2.57744	1.03097	0.988651	0	0	0	0	0	0	0	0	
0.29	1.00116	0.021396	1.03197	0.998838	2.57693	1.03077	0.988816	0	0	0	0	0	0	0	0	
0.291	1.0014	0.0214323	1.03193	0.998604	2.57623	1.03049	0.988992	0	0	0	0	0	0	0	0	
0.292	1.00191	0.0214645	1.0319	0.998096	2.57483	1.02993	0.989206	0	0	0	0	0	0	0	0	
0.293	1.00237	0.0214917	1.03187	0.997637	2.57357	1.02943	0.989412	0	0	0	0	0	0	0	0	
0.294	1.00239	0.021514	1.03184	0.997614	2.57346	1.02938	0.989556	0	0	0	0	0	0	0	0	
0.295	1.00212	0.021532	1.03183	0.997881	2.57411	1.02964	0.989659	0	0	0	0	0	0	0	0	
0.296	1.002	0.0215467	1.03182	0.998	2.57439	1.02976	0.989781	0	0	0	0	0	0	0	0	
0.297	1.00238	0.0215592	1.03181	0.997629	2.57341	1.02936	0.989969	0	0	0	0	0	0	0	0	
0.298	1.00288	0.0215712	1.0318	0.99713	2.5721	1.02884	0.990174	0	0	0	0	0	0	0	0	
0.299	1.00299	0.0215856	1.03179	0.997017	2.57178	1.02871	0.99033	0	0	0	0	0	0	0	0	
0.3	1.00277	0.0216052	1.03177	0.997241	2.57231	1.02892	0.990442	0	0	0	0	0	0	0	0	
0.301	1.00261	0.0216322	1.03174	0.997394	2.57263	1.02905	0.990564	0	0	0	0	0	0	0	0	
0.302	1.00289	0.0216681	1.0317	0.997122	2.57183	1.02873	0.99074	0	0	0	0	0	0	0	0	
0.303	1.00344	0.0217129	1.03164	0.996569	2.57026	1.0281	0.990951	0	0	0	0	0	0	0	0	
0.304	1.0037	0.0217664	1.03158	0.996314	2.56943	1.02777	0.991128	0	0	0	0	0	0	0	0	
0.305	1.00351	0.0218278	1.0315	0.996506	2.56973	1.02789	0.991252	0	0	0	0	0	0	0	0	
0.306	1.00326	0.021895	1.03141	0.996747	2.57013	1.02805	0.991371	0	0	0	0	0	0	0	0	
0.307	1.00336	0.0219649	1.03132	0.99665	2.56965	1.02786	0.991528	0	0	0	0	0	0	0	0	
0.308	1.00397	0.0220339	1.03122	0.996046	2.56787	1.02715	0.991742	0	0	0	0	0	0	0	0	
0.309	1.00433	0.0220988	1.03114	0.995688	2.56673	1.02669	0.991929	0	0	0	0	0	0	0	0	
0.31	1.0041	0.0221575	1.03106	0.995921	2.56713	1.02685	0.992051	0	0	0	0	0	0	0	0	
0.311	1.00379	0.0222082	1.03099	0.996225	2.56776	1.0271	0.992162	0	0	0	0	0	0	0	0	
0.312	1.004	0.0222497	1.03094	0.99602	2.56709	1.02684	0.992326	0	0	0	0	0	0	0	0	
0.313	1.0048	0.0222809	1.0309	0.995226	2.56495	1.02598	0.99255	0	0	0	0	0	0	0	0	
0.314	1.00493	0.0223026	1.03087	0.995093	2.56454	1.02582	0.992707	0	0	0	0	0	0	0	0	
0.315	1.00452	0.0223167	1.03086	0.995498	2.56555	1.02622	0.992809	0	0	0	0	0	0	0	0	
0.316	1.00468	0.0223245	1.03085	0.995343	2.56513	1.02605	0.992963	0	0	0	0	0	0	0	0	
0.317	1.00565	0.0223271	1.03085	0.994384	2.56266	1.02506	0.993192	0	0	0	0	0	0	0	0	
0.318	1.00613	0.0223263	1.03086	0.993905	2.56143	1.02457	0.993376	0	0	0	0	0	0	0	0	
0.319	1.0059	0.0223251	1.03086	0.994131	2.56203	1.02481	0.993495	0	0	0	0	0	0	0	0	
0.32	1.00585	0.0223262	1.03086	0.994183	2.56217	1.02487	0.99363	0	0	0	0	0	0	0	0	
0.321	1.00637	0.0223323	1.03086	0.993669	2.56083	1.02433	0.993813	0	0	0	0	0	0	0	0	
0.322	1.00657	0.0223465	1.03084	0.993477	2.56029	1.02412	0.993972	0	0	0	0	0	0	0	0	
0.323	1.00633	0.0223721	1.03081	0.993714	2.56082	1.02433	0.994095	0	0	0	0	0	0	0	0	
0.324	1.00588	0.0224118	1.03075	0.99415	2.56181	1.02472	0.994204	0	0	0	0	0	0	0	0	
0.325	1.00566	0.0224661	1.03068	0.994367	2.56219	1.02487	0.994332	0	0	0	0	0	0	0	0	
0.326	1.00592	0.0225336	1.03059	0.994114	2.5613	1.02452	0.994497	0	0	0	0	0	0	0	0	
0.327	1.00663	0.022611	1.03048	0.993414	2.55923	1.02369	0.994698	0	0	0	0	0	0	0	0	
0.328	1.00705	0.0226941	1.03036	0.992999	2.55787	1.02315	0.994877	0	0	0	0	0	0	0	0	
0.329	1.00652	0.022779	1.03024	0.993522	2.55893	1.02357	0.994989	0	0	0	0	0	0	0	0	
0.33	1.00579	0.0228617	1.03013	0.994243	2.5605	1.0242	0.995087	0	0	0	0	0	0	0	0	
0.331	1.00567	0.0229382	1.03003	0.994362	2.56055	1.02422	0.995225	0	0	0	0	0	0	0	0	
0.332	1.00617	0.0230057	1.02993	0.993865	2.55904	1.02362	0.995405	0	0	0	0	0	0	0	0	
0.333	1.00743	0.0230619	1.02986	0.992623	2.55565	1.02226	0.99563	0	0	0	0	0	0	0	0	
0.334	1.00768	0.0231063	1.02979	0.992374	2.55485	1.02194	0.995793	0	0	0	0	0	0	0	0	
0.335	1.00681	0.0231376	1.02975	0.993235	2.55697	1.02279	0.995889	0	0	0	0	0	0	0	0	
0.336	1.00609	0.0231506	1.02974	0.993944	2.55876	1.0235	0.995992	0	0	0	0	0	0	0	0	
0.337	1.00615	0.0231369	1.02976	0.993885	2.55867	1.02347	0.996139	0	0	0	0	0	0	0	0	
0.338	1.00662	0.0230898	1.02984	0.993425	2.55766	1.02306	0.996306	0	0	0	0	0	0	0	0	
0.339	1.00791	0.0230093	1.02995	0.992156	2.55469	1.02187	0.99651	0	0	0	0	0	0	0	0	
0.34	1.00787	0.0229068	1.0301	0.992188	2.55514	1.02206	0.996648	0	0	0	0	0	0	0	0	
0.341	1.00771	0.0228059	1.03025	0.99235	2.55592	1.02237	0.99678	0	0	0	0	0	0	0	0	
0.342	1.00862	0.0227391	1.03035	0.991458	2.55387	1.02155	0.996959	0	0	0	0	0	0	0	0	
0.343	1.00975	0.0227342	1.03036	0.99034	2.55101	1.0204	0.997149	0	0	0	0	0	0	0	0	
0.344	1.01056	0.0227952	1.03027	0.989549	2.54876	1.0195	0.997326	0	0	0	0	0	0	0	0	
0.345	1.00812	0.0229096	1.03011	0.991946	2.55454	1.02181	0.997385	0	0	0	0	0	0	0	0	
0.346	1.0072	0.0230736	1.02988	0.99285	2.5563	1.02252	0.997502	0	0	0	0	0	0	0	0	
0.347	1.00756	0.0232788	1.02959	0.992498	2.55468	1.02187	0.997667	0	0	0	0	0	0	0	0	
0.348	1.00826	0.0234603	1.02934	0.991805	2.55226	1.0209	0.997842	0	0	0	0	0	0	0	0	
0.349	1.00918	0.0235489	1.02921	0.990901	2.54962	1.01985	0.998016	0	0	0	0	0	0	0	0	
0.35	1.01013	0.023626	1.0291	0.98997	2.54695	1.01878	0.998188	0	0	0	0	0	0	0	0	
0.351	1.00947	0.0238288	1.02881	0.990621	2.54791	1.01916	0.998323	0	0	0	0	0	0	0	0	
0.352	1.0071	0.0239523	1.02864	0.99295	2.55347	1.02139	0.998418	0	0	0	0	0	0	0	0	
0.353	1.00745	0.0236786	1.02904	0.992601	2.55356	1.02142	0.998567	0	0	0	0	0	0	0	0	
0.354	1.00852	0.0234858	1.02932	0.991551	2.55155	1.02062	0.998731	0	0	0	0	0	0	0	0	
0.355	1.00883	0.0241938	1.02831	0.991252	2.54828	1.01931	0.998894	0	0	0	0	0	0	0	0	
0.356	1.00916	0.02479	1.02746	0.99092	2.54533	1.01813	0.999057	0	0	0	0	0	0	0	0	
0.357	1.01282	0.0230332	1.02997	0.987344	2.54233	1.01693	0.999225	0	0	0	0	0	0	0	0	
0.358	1.01051	0.0216844	1.03189	0.989602	2.55289	1.02116	0.999334	0	0	0	0	0	0	0	0	
0.359	1.00607	0.0254562	1.0263	0.993966	2.55026	1.0201	0.999478	0	0	0	0	0	0	0	0	
0.36	1.00235	0.0278813	1.01975	0.997654	2.54341	1.01736	0.999634	0	0	0	0	0	0	0	0	
0.361	1.00318	0.0138222	1.01961	0.996826	2.54093	1.01637	0.999783	0	0	0	0	0	0	0	0	
0.362	0.965339	-0.0691624	0.963653	1.03591	2.49564	0.998254	0.999912	0	0	0	0	0	0	0	0	
0.363	0.836095	-0.179753	0.775403	1.19604	2.31853	0.92741	0.999982	0	0	0	0	0	0	0	0	
0.364	0.373252	-0.9039	0.256489	2.67916	1.71794	0.687175	1	0	0	0	0	0	0	0	0	
0.365	0.259259	-1.35769	0.0967742	3.85715	0.933181	0.373272	1	0	0	0	0	0	0	0	0	
0.366	0.259259	-1.35769	0.0967742	3.85715	0.933181	0.373272	1	0	0	0	0	0	0	0	0	
0.367	0.259259	-1.35769	0.0967742	3.85715	0.933181	0.373272	1	0	0	0	0	0	0	0	0	
0.368	0.259259	-1.35769	0.0967742	3.85715	0.933181	0.373272	1	0	0	0	0	0	0	0	0	
0.369	0.259259	-1.35769	0.0967742	3.85715	0.933181	0.373272	1	0	0	0	0	0	0	0	0	
0.37	0.259259	-1.35769	0.0967742	3.85715	0.933181	0.373272	1	0	0	0	0	0	0	0	0	
0.371	0.259259	-1.35769	0.0967742	3.85715	0.933181	0.373272	1	0	0	0	0	0	0	0	0	
0.372	0.259259	-1.35769	0.0967742	3.85715	0.933181	0.373272	1	0	0	0	0	0	0	0	0	
0.373	0.259259	-1.35769	0.0967742	3.85715	0.933181	0.373272	1	0	0	0	0	0	0	0	0	
0.374	0.259259	-1.35769	0.0967742	3.85715	0.933181	0.373272	1	0	0	0	0	0	0	0	0	
0.375	0.259259	-1.35769	0.0967742	3.85715	0.933181	0.373272	1	0	0	0	0	0	0	0	0	
0.376	0.259259	-1.35769	0.0967742	3.85715	0.933181	0.373272	1	0	0	0	0	0	0	0	0	
0.377	0.259259	-1.35769	0.0967742	3.85715	0.933181	0.373272	1	0	0	0	0	0	0	0	0	
0.378	0.259259	-1.35769	0.0967742	3.85715	0.933181	0.373272	1	0	0	0	0	0	0	0	0	
0.379	0.259259	-1.35769	0.0967742	3.85715	0.933181	0.373272	1	0	0	0	0	0	0	0	0	
0.38	0.259259	-1.35769	0.0967742	3.85715	0.933181	0.373272	1	0	0	0	0	0	0	0	0	
0.381	0.259259	-1.35769	0.0967742	3.85715	0.933181	0.373272	1	0	0	0	0	0	0	0	0	
0.382	0.259259	-1.35769	0.0967742	3.85715	0.933181	0.373272	1	0	0	0	0	0	0	0	0	
0.383	0.259259	-1.35769	0.0967742	3.85715	0.933181	0.373272	1	0	0	0	0	0	0	0	0	
0.384	0.259259	-1.35769	0.0967742	3.85715	0.933181	0.373272	1	0	0	0	0	0	0	0	0	
0.385	0.259259	-1.35769	0.0967742	3.85715	0.933181	0.373272	1	0	0	0	0	0	0	0	0	
0.386	0.259259	-1.35769	0.0967742	3.85715	0.933181	0.373272	1	0	0	0	0	0	0	0	0	
0.387	0.259259	-1.35769	0.0967742	3.85715	0.933181	0.373272	1	0	0	0	0	0	0	0	0	
0.388	0.259259	-1.35769	0.0967742	3.85715	0.933181	0.373272	1	0	0	0	0	0	0	0	0	
0.389	0.259259	-1.35769	0.0967742	3.85715	0.933181	0.373272	1	0	0	0	0	0	0	0	0	
0.39	0.259259	-1.35769	0.0967742	3.85715	0.933181	0.373272	1	0	0	0	0	0	0	0	0	
0.391	0.259259	-1.35769	0.0967742	3.85715	0.933181	0.373272	1	0	0	0	0	0	0	0	0	
0.392	0.259259	-1.35769	0.0967742	3.85715	0.933181	0.373272	1	0	0	0	0	0	0	0	0	
0.393	0.259259	-1.35769	0.0967742	3.85715	0.933181	0.373272	1	0	0	0	0	0	0	0	0	
0.394	0.259259	-1.35769	0.0967742	3.85715	0.933181	0.373272	1	0	0	0	0	0	0	0	0	
0.395	0.259259	-1.35769	0.0967742	3.85715	0.933181	0.373272	1	0	0	0	0	0	0	0	0	
0.396	0.259259	-1.35769	0.0967742	3.85715	0.933181	0.373272	1	0	0	0	0	0	0	0	0	
0.397	0.259259	-1.35769	0.0967742	3.85715	0.933181	0.373272	1	0	0	0	0	0	0	0	0	
0.398	0.259259	-1.35769	0.0967742	3.85715	0.933181	0.373272	1	0	0	0	0	0	0	0	0	
0.399	0.259259	-1.35769	0.0967742	3.85715	0.933181	0.373272	1	0	0	0	0	0	0	0	0	
0.4	0.259259	-1.35769	0.0967742	3.85715	0.933181	0.373272	1	0	0	0	0	0	0	0	0	
0.401	0.259259	-1.35769	0.0967742	3.85715	0.933181	0.373272	1	0	0	0	0	0	0	0	0	
0.402	0.259259	-1.35769	0.0967742	3.85715	0.933181	0.373272	1	0	0	0	0	0	0	0	0	
0.403	0.259259	-1.35769	0.0967742	3.85715	0.933181	0.373272	1	0	0	0	0	0	0	0	0	
0.404	0.259259	-1.35769	0.0967742	3.85715	0.933181	0.373272	1	0	0	0	0	0	0	0	0	
0.405	0.259259	-1.35769	0.0967742	3.85715	0.933181	0.373272	1	0	0	0	0	0	0	0	0	
0.406	0.259259	-1.35769	0.0967742	3.85715	0.933181	0.373272	1	0	0	0	0	0	0	0	0	
0.407	0.259259	-1.35769	0.0967742	3.85715	0.933181	0.373272	1	0	0	0	0	0	0	0	0	
0.408	0.259259	-1.35769	0.0967742	3.85715	0.933181	0.373272	1	0	0	0	0	0	0	0	0	
0.409	0.259259	-1.35769	0.0967742	3.85715	0.933181	0.373272	1	0	0	0	0	0	0	0	0	
0.41	0.259259	-1.35769	0.0967742	3.85715	0.933181	0.373272	1	0	0	0	0	0	0	0	0	
0.411	0.259259	-1.35769	0.0967742	3.85715	0.933181	0.373272	1	0	0	0	0	0	0	0	0	
0.412	0.259259	-1.35769	0.0967742	3.85715	0.933181	0.373272	1	0	0	0	0	0	0	0	0	
0.413	0.259259	-1.35769	0.0967742	3.85715	0.933181	0.373272	1	0	0	0	0	0	0	0	0	
0.414	0.259259	-1.35769	0.0967742	3.85715	0.933181	0.373272	1	0	0	0	0	0	0	0	0	
0.415	0.259259	-1.35769	0.0967742	3.85715	0.933181	0.373272	1	0	0	0	0	0	0	0	0	
0.416	0.259259	-1.35769	0.0967742	3.85715	0.933181	0.373272	1	0	0	0	0	0	0	0	0	
0.417	0.259259	-1.35769	0.0967742	3.85715	0.933181	0.373272	1	0	0	0	0	0	0	0	0	
0.418	0.259259	-1.35769	0.0967742	3.85715	0.933181	0.373272	1	0	0	0	0	0	0	0	0	
0.419	0.259259	-1.35769	0.0967742	3.85715	0.933181	0.373272	1	0	0	0	0	0	0	0	0	
0.42	0.259259	-1.35769	0.0967742	3.85715	0.933181	0.373272	1	0	0	0	0	0	0	0	0	
0.421	0.259259	-1.35769	0.0967742	3.85715	0.933181	0.373272	1	0	0	0	0	0	0	0	0	
0.422	0.259259	-1.35769	0.0967742	3.85715	0.933181	0.373272	1	0	0	0	0	0	0	0	0	
0.423	0.259259	-1.35769	0.0967742	3.85715	0.933181	0.373272	1	0	0	0	0	0	0	0	0	
0.424	0.259259	-1.35769	0.0967742	3.85715	0.933181	0.373272	1	0	0	0	0	0	0	0	0	
0.425	0.259259	-1.35769	0.0967742	3.85715	0.933181	0.373272	1	0	0	0	0	0	0	0	0	
0.426	0.259259	-1.35769	0.0967742	3.85715	0.933181	0.373272	1	0	0	0	0	0	0	0	0	
0.427	0.259259	-1.35769	0.0967742	3.85715	0.933181	0.373272	1	0	0	0	0	0	0	0	0	
0.428	0.259259	-1.35769	0.0967742	3.85715	0.933181	0.373272	1	0	0	0	0	0	0	0	0	
0.429	0.259259	-1.35769	0.0967742	3.85715	0.933181	0.373272	1	0	0	0	0	0	0	0	0	
0.43	0.259259	-1.35769	0.0967742	3.85715	0.933181	0.373272	1	0	0	0	0	0	0	0	0	
0.431	0.259259	-1.35769	0.0967742	3.85715	0.933181	0.373272	1	0	0	0	0	0	0	0	0	
0.432	0.259259	-1.35769	0.0967742	3.85715	0.933181	0.373272	1	0	0	0	0	0	0	0	0	
0.433	0.259259	-1.35769	0.0967742	3.85715	0.933181	0.373272	1	0	0	0	0	0	0	0	0	
0.434	0.259259	-1.35769	0.0967742	3.85715	0.933181	0.373272	1	0	0	0	0	0	0	0	0	
0.435	0.259259	-1.35769	0.0967742	3.85715	0.933181	0.373272	1	0	0	0	0	0	0	0	0	
0.436	0.259259	-1.35769	0.0967742	3.85715	0.933181	0.373272	1	0	0	0	0	0	0	0	0	
0.437	0.259259	-1.35769	0.0967742	3.85715	0.933181	0.373272	1	0	0	0	0	0	0	0	0	
0.438	0.259259	-1.35769	0.0967742	3.85715	0.933181	0.373272	1	0	0	0	0	0	0	0	0	
0.439	0.259259	-1.35769	0.0967742	3.85715	0.933181	0.373272	1	0	0	0	0	0	0	0	0	
0.44	0.259259	-1.35769	0.0967742	3.85715	0.933181	0.373272	1	0	0	0	0	0	0	0	0	
0.441	0.259259	-1.35769	0.0967742	3.85715	0.933181	0.373272	1	0	0	0	0	0	0	0	0	
0.442	0.259259	-1.35769	0.0967742	3.85715	0.933181	0.373272	1	0	0	0	0	0	0	0	0	
0.443	0.259259	-1.35769	0.0967742	3.85715	0.933181	0.373272	1	0	0	0	0	0	0	0	0	
0.444	0.259259	-1.35769	0.0967742	3.85715	0.933181	0.373272	1	0	0	0	0	0	0	0	0	
0.445	0.259259	-1.35769	0.0967742	3.85715	0.933181	0.373272	1	0	0	0	0	0	0	0	0	
0.446	0.259259	-1.35769	0.0967742	3.85715	0.933181	0.373272	1	0	0	0	0	0	0	0	0	
0.447	0.259259	-1.35769	0.0967742	3.85715	0.933181	0.373272	1	0	0	0	0	0	0	0	0	
0.448	0.259259	-1.35769	0.0967742	3.85715	0.933181	0.373272	1	0	0	0	0	0	0	0	0	
0.449	0.259259	-1.35769	0.0967742	3.85715	0.933181	0.373272	1	0	0	0	0	0	0	0	0	
0.45	0.259259	-1.35769	0.0967742	3.85715	0.933181	0.373272	1	0	0	0	0	0	0	0	0	
0.451	0.259259	-1.35769	0.0967742	3.85715	0.933181	0.373272	1	0	0	0	0	0	0	0	0	
0.452	0.259259	-1.35769	0.0967742	3.85715	0.933181	0.373272	1	0	0	0	0	0	0	0	0	
0.453	0.259259	-1.35769	0.0967742	3.85715	0.933181	0.373272	1	0	0	0	0	0	0	0	0	
0.454	0.259259	-1.35769	0.0967742	3.85715	0.933181	0.373272	1	0	0	0	0	0	0	0	0	
0.455	0.259259	-1.35769	0.0967742	3.85715	0.933181	0.373272	1	0	0	0	0	0	0	0	0	
0.456	0.259259	-1.35769	0.0967742	3.85715	0.933181	0.373272	1	0	0	0	0	0	0	0	0	
0.457	0.259259	-1.35769	0.0967742	3.85715	0.933181	0.373272	1	0	0	0	0	0	0	0	0	
0.458	0.259259	-1.35769	0.0967742	3.85715	0.933181	0.373272	1	0	0	0	0	0	0	0	0	
0.459	0.259259	-1.35769	0.0967742	3.85715	0.933181	0.373272	1	0	0	0	0	0	0	0	0	
0.46	0.259259	-1.35769	0.0967742	3.85715	0.933181	0.373272	1	0	0	0	0	0	0	0	0	
0.461	0.259259	-1.35769	0.0967742	3.85715	0.933181	0.373272	1	0	0	0	0	0	0	0	0	
0.462	0.259259	-1.35769	0.0967742	3.85715	0.933181	0.373272	1	0	0	0	0	0	0	0	0	
0.463	0.259259	-1.35769	0.0967742	3.85715	0.933181	0.373272	1	0	0	0	0	0	0	0	0	
0.464	0.259259	-1.35769	0.0967742	3.85715	0.933181	0.373272	1	0	0	0	0	0	0	0	0	
0.465	0.259259	-1.35769	0.0967742	3.85715	0.933181	0.373272	1	0	0	0	0	0	0	0	0	
0.466	0.259259	-1.35769	0.0967742	3.85715	0.933181	0.373272	1	0	0	0	0	0	0	0	0	
0.467	0.259259	-1.35769	0.0967742	3.85715	0.933181	0.373272	1	0	0	0	0	0	0	0	0	
0.468	0.259259	-1.35769	0.0967742	3.85715	0.933181	0.373272	1	0	0	0	0	0	0	0	0	
0.469	0.259259	-1.35769	0.0967742	3.85715	0.933181	0.373272	1	0	0	0	0	0	0	0	0	
0.47	0.259259	-1.35769	0.0967742	3.85715	0.933181	0.373272	1	0	0	0	0	0	0	0	0	
0.471	0.259259	-1.35769	0.0967742	3.85715	0.933181	0.373272	1	0	0	0	0	0	0	0	0	
0.472	0.259259	-1.35769	0.0967742	3.85715	0.933181	0.373272	1	0	0	0	0	0	0	0	0	
0.473	0.259259	-1.35769	0.0967742	3.85715	0.933181	0.373272	1	0	0	0	0	0	0	0	0	
0.474	0.259259	-1.35769	0.0967742	3.85715	0.933181	0.373272	1	0	0	0	0	0	0	0	0	
0.475	0.259259	-1.35769	0.0967742	3.85715	0.933181	0.373272	1	0	0	0	0	0	0	0	0	
0.476	0.259259	-1.35769	0.0967742	3.85715	0.933181	0.373272	1	0	0	0	0	0	0	0	0	
0.477	0.259259	-1.35769	0.0967742	3.85715	0.933181	0.373272	1	0	0	0	0	0	0	0	0	
0.478	0.259259	-1.35769	0.0967742	3.85715	0.933181	0.373272	1	0	0	0	0	0	0	0	0	
0.479	0.259259	-1.35769	0.0967742	3.85715	0.933181	0.373272	1	0	0	0	0	0	0	0	0	
0.48	0.259259	-1.35769	0.0967742	3.85715	0.933181	0.373272	1	0	0	0	0	0	0	0	0	
0.481	0.259259	-1.35769	0.0967742	3.85715	0.933181	0.373272	1	0	0	0	0	0	0	0	0	
0.482	0.259259	-1.35769	0.0967742	3.85715	0.933181	0.373272	1	0	0	0	0	0	0	0	0	
0.483	0.259259	-1.35769	0.0967742	3.85715	0.933181	0.373272	1	0	0	0	0	0	0	0	0	
0.484	0.259259	-1.35769	0.0967742	3.85715	0.933181	0.373272	1	0	0	0	0	0	0	0	0	
0.485	0.259259	-1.35769	0.0967742	3.85715	0.933181	0.373272	1	0	0	0	0	0	0	0	0	
0.486	0.259259	-1.35769	0.0967742	3.85715	0.933181	0.373272	1	0	0	0	0	0	0	0	0	
0.487	0.259259	-1.35769	0.0967742	3.85715	0.933181	0.373272	1	0	0	0	0	0	0	0	0	
0.488	0.259259	-1.35769	0.0967742	3.85715	0.933181	0.373272	1	0	0	0	0	0	0	0	0	
0.489	0.259259	-1.35769	0.0967742	3.85715	0.933181	0.373272	1	0	0	0	0	0	0	0	0	
0.49	0.259259	-1.35769	0.0967742	3.85715	0.933181	0.373272	1	0	0	0	0	0	0	0	0	
0.491	0.259259	-1.35769	0.0967742	3.85715	0.933181	0.373272	1	0	0	0	0	0	0	0	0	
0.492	0.259259	-1.35769	0.0967742	3.85715	0.933181	0.373272	1	0	0	0	0	0	0	0	0	
0.493	0.259259	-1.35769	0.0967742	3.85715	0.933181	0.373272	1	0	0	0	0	0	0	0	0	
0.494	0.259259	-1.35769	0.0967742	3.85715	0.933181	0.373272	1	0	0	0	0	0	0	0	0	
0.495	0.259259	-1.35769	0.0967742	3.85715	0.933181	0.373272	1	0	0	0	0	0	0	0	0	
0.496	0.259259	-1.35769	0.0967742	3.85715	0.933181	0.373272	1	0	0	0	0	0	0	0	0	
0.497	0.259259	-1.35769	0.0967742	3.85715	0.933181	0.373272	1	0	0	0	0	0	0	0	0	
0.498	0.259259	-1.35769	0.0967742	3.85715	0.933181	0.373272	1	0	0	0	0	0	0	0	0	
0.499	0.259259	-1.35769	0.0967742	3.85715	0.933181	0.373272	1	0	0	0	0	0	0	0	0	
0.5	0.259259	-1.35769	0.0967742	3.85715	0.933181	0.373272	1	0	0	0	0	0	0	0	0	
0.501	0.259259	-1.35769	0.0967742	3.85715	0.933181	0.373272	1	0	0	0	0	0	0	0	0	
0.502	0.259259	-1.35769	0.0967742	3.85715	0.933181	0.373272	1	0	0	0	0	0	0	0	0	
0.503	0.259259	-1.35769	0.0967742	3.85715	0.933181	0.373272	1	0	0	0	0	0	0	0	0	
0.504	0.259259	-1.35769	0.0967742	3.85715	0.933181	0.373272	1	0	0	0	0	0	0	0	0	
0.505	0.259259	-1.35769	0.0967742	3.85715	0.933181	0.373272	1	0	0	0	0	0	0	0	0	
0.506	0.259259	-1.35769	0.0967742	3.85715	0.933181	0.373272	1	0	0	0	0	0	0	0	0	
0.507	0.259259	-1.35769	0.0967742	3.85715	0.933181	0.373272	1	0	0	0	0	0	0	0	0	
0.508	0.259259	-1.35769	0.0967742	3.85715	0.933181	0.373272	1	0	0	0	0	0	0	0	0	
0.509	0.259259	-1.35769	0.0967742	3.85715	0.933181	0.373272	1	0	0	0	0	0	0	0	0	
0.51	0.259259	-1.35769	0.0967742	3.85715	0.933181	0.373272	1	0	0	0	0	0	0	0	0	
0.511	0.259259	-1.35769	0.0967742	3.85715	0.933181	0.373272	1	0	0	0	0	0	0	0	0	
0.512	0.259259	-1.35769	0.0967742	3.85715	0.933181	0.373272	1	0	0	0	0	0	0	0	0	
0.513	0.259259	-1.35769	0.0967742	3.85715	0.933181	0.373272	1	0	0	0	0	0	0	0	0	
0.514	0.259259	-1.35769	0.0967742	3.85715	0.933181	0.373272	1	0	0	0	0	0	0	0	0	
0.515	0.259259	-1.35769	0.0967742	3.85715	0.933181	0.373272	1	0	0	0	0	0	0	0	0	
0.516	0.259259	-1.35769	0.0967742	3.85715	0.933181	0.373272	1	0	0	0	0	0	0	0	0	
0.517	0.259259	-1.35769	0.0967742	3.85715	0.933181	0.373272	1	0	0	0	0	0	0	0	0	
0.518	0.259259	-1.35769	0.0967742	3.85715	0.933181	0.373272	1	0	0	0	0	0	0	0	0	
0.519	0.259259	-1.35769	0.0967742	3.85715	0.933181	0.373272	1	0	0	0	0	0	0	0	0	
0.52	0.259259	-1.35769	0.0967742	3.85715	0.933181	0.373272	1	0	0	0	0	0	0	0	0	
0.521	0.259259	-1.35769	0.0967742	3.85715	0.933181	0.373272	1	0	0	0	0	0	0	0	0	
0.522	0.259259	-1.35769	0.0967742	3.85715	0.933181	0.373272	1	0	0	0	0	0	0	0	0	
0.523	0.259259	-1.35769	0.0967742	3.85715	0.933181	0.373272	1	0	0	0	0	0	0	0	0	
0.524	0.259259	-1.35769	0.0967742	3.85715	0.933181	0.373272	1	0	0	0	0	0	0	0	0	
0.525	0.259259	-1.35769	0.0967742	3.85715	0.933181	0.373272	1	0	0	0	0	0	0	0	0	
0.526	0.259259	-1.35769	0.0967742	3.85715	0.933181	0.373272	1	0	0	0	0	0	0	0	0	
0.527	0.259259	-1.35769	0.0967742	3.85715	0.933181	0.373272	1	0	0	0	0	0	0	0	0	
0.528	0.259259	-1.35769	0.0967742	3.85715	0.933181	0.373272	1	0	0	0	0	0	0	0	0	
0.529	0.259259	-1.35769	0.0967742	3.85715	0.933181	0.373272	1	0	0	0	0	0	0	0	0	
0.53	0.259259	-1.35769	0.0967742	3.85715	0.933181	0.373272	1	0	0	0	0	0	0	0	0	
0.531	0.259259	-1.35769	0.0967742	3.85715	0.933181	0.373272	1	0	0	0	0	0	0	0	0	
0.532	0.259259	-1.35769	0.0967742	3.85715	0.933181	0.373272	1	0	0	0	0	0	0	0	0	
0.533	0.259259	-1.35769	0.0967742	3.85715	0.933181	0.373272	1	0	0	0	0	0	0	0	0	
0.534	0.259259	-1.35769	0.0967742	3.85715	0.933181	0.373272	1	0	0	0	0	0	0	0	0	
0.535	0.259259	-1.35769	0.0967742	3.85715	0.933181	0.373272	1	0	0	0	0	0	0	0	0	
0.536	0.259259	-1.35769	0.0967742	3.85715	0.933181	0.373272	1	0	0	0	0	0	0	0	0	
0.537	0.259259	-1.35769	0.0967742	3.85715	0.933181	0.373272	1	0	0	0	0	0	0	0	0	
0.538	0.259259	-1.35769	0.0967742	3.85715	0.933181	0.373272	1	0	0	0	0	0	0	0	0	
0.539	0.259259	-1.35769	0.0967742	3.85715	0.933181	0.373272	1	0	0	0	0	0	0	0	0	
0.54	0.259259	-1.35769	0.0967742	3.85715	0.933181	0.373272	1	0	0	0	0	0	0	0	0	
0.541	0.259259	-1.35769	0.0967742	3.85715	0.933181	0.373272	1	0	0	0	0	0	0	0	0	
0.542	0.259259	-1.35769	0.0967742	3.85715	0.933181	0.373272	1	0	0	0	0	0	0	0	0	
0.543	0.259259	-1.35769	0.0967742	3.85715	0.933181	0.373272	1	0	0	0	0	0	0	0	0	
0.544	0.259259	-1.35769	0.0967742	3.85715	0.933181	0.373272	1	0	0	0	0	0	0	0	0	
0.545	0.259259	-1.35769	0.0967742	3.85715	0.933181	0.373272	1	0	0	0	0	0	0	0	0	
0.546	0.259259	-1.35769	0.0967742	3.85715	0.933181	0.373272	1	0	0	0	0	0	0	0	0	
0.547	0.259259	-1.35769	0.0967742	3.85715	0.933181	0.373272	1	0	0	0	0	0	0	0	0	
0.548	0.259259	-1.35769	0.0967742	3.85715	0.933181	0.373272	1	0	0	0	0	0	0	0	0	
0.549	0.259259	-1.35769	0.0967742	3.85715	0.933181	0.373272	1	0	0	0	0	0	0	0	0	
0.55	0.259259	-1.35769	0.0967742	3.85715	0.933181	0.373272	1	0	0	0	0	0	0	0	0	
0.551	0.259259	-1.35769	0.0967742	3.85715	0.933181	0.373272	1	0	0	0	0	0	0	0	0	
0.552	0.259259	-1.35769	0.0967742	3.85715	0.933181	0.373272	1	0	0	0	0	0	0	0	0	
0.553	0.259259	-1.35769	0.0967742	3.85715	0.933181	0.373272	1	0	0	0	0	0	0	0	0	
0.554	0.259259	-1.35769	0.0967742	3.85715	0.933181	0.373272	1	0	0	0	0	0	0	0	0	
0.555	0.259259	-1.35769	0.0967742	3.85715	0.933181	0.373272	1	0	0	0	0	0	0	0	0	
0.556	0.259259	-1.35769	0.0967742	3.85715	0.933181	0.373272	1	0	0	0	0	0	0	0	0	
0.557	0.259259	-1.35769	0.0967742	3.85715	0.933181	0.373272	1	0	0	0	0	0	0	0	0	
0.558	0.259259	-1.35769	0.0967742	3.85715	0.933181	0.373272	1	0	0	0	0	0	0	0	0	
0.559	0.259259	-1.35769	0.0967742	3.85715	0.933181	0.373272	1	0	0	0	0	0	0	0	0	
0.56	0.259259	-1.35769	0.0967742	3.85715	0.933181	0.373272	1	0	0	0	0	0	0	0	0	
0.561	0.259259	-1.35769	0.0967742	3.85715	0.933181	0.373272	1	0	0	0	0	0	0	0	0	
0.562	0.259259	-1.35769	0.0967742	3.85715	0.933181	0.373272	1	0	0	0	0	0	0	0	0	
0.563	0.259259	-1.35769	0.0967742	3.85715	0.933181	0.373272	1	0	0	0	0	0	0	0	0	
0.564	0.259259	-1.35769	0.0967742	3.85715	0.933181	0.373272	1	0	0	0	0	0	0	0	0	
0.565	0.259259	-1.35769	0.0967742	3.85715	0.933181	0.373272	1	0	0	0	0	0	0	0	0	
0.566	0.259259	-1.35769	0.0967742	3.85715	0.933181	0.373272	1	0	0	0	0	0	0	0	0	
0.567	0.259259	-1.35769	0.0967742	3.85715	0.933181	0.373272	1	0	0	0	0	0	0	0	0	
0.568	0.259259	-1.35769	0.0967742	3.85715	0.933181	0.373272	1	0	0	0	0	0	0	0	0	
0.569	0.259259	-1.35769	0.0967742	3.85715	0.933181	0.373272	1	0	0	0	0	0	0	0	0	
0.57	0.259259	-1.35769	0.0967742	3.85715	0.933181	0.373272	1	0	0	0	0	0	0	0	0	
0.571	0.259259	-1.35769	0.0967742	3.85715	0.933181	0.373272	1	0	0	0	0	0	0	0	0	
0.572	0.259259	-1.35769	0.0967742	3.85715	0.933181	0.373272	1	0	0	0	0	0	0	0	0	
0.573	0.259259	-1.35769	0.0967742	3.85715	0.933181	0.373272	1	0	0	0	0	0	0	0	0	
0.574	0.259259	-1.35769	0.0967742	3.85715	0.933181	0.373272	1	0	0	0	0	0	0	0	0	
0.575	0.259259	-1.35769	0.0967742	3.85715	0.933181	0.373272	1	0	0	0	0	0	0	0	0	
0.576	0.259259	-1.35769	0.0967742	3.85715	0.933181	0.373272	1	0	0	0	0	0	0	0	0	
0.577	0.259259	-1.35769	0.0967742	3.85715	0.933181	0.373272	1	0	0	0	0	0	0	0	0	
0.578	0.259259	-1.35769	0.0967742	3.85715	0.933181	0.373272	1	0	0	0	0	0	0	0	0	
0.579	0.259259	-1.35769	0.0967742	3.85715	0.933181	0.373272	1	0	0	0	0	0	0	0	0	
0.58	0.259259	-1.35769	0.0967742	3.85715	0.933181	0.373272	1	0	0	0	0	0	0	0	0	
0.581	0.259259	-1.35769	0.0967742	3.85715	0.933181	0.373272	1	0	0	0	0	0	0	0	0	
0.582	0.259259	-1.35769	0.0967742	3.85715	0.933181	0.373272	1	0	0	0	0	0	0	0	0	
0.583	0.259259	-1.35769	0.0967742	3.85715	0.933181	0.373272	1	0	0	0	0	0	0	0	0	
0.584	0.259259	-1.35769	0.0967742	3.85715	0.933181	0.373272	1	0	0	0	0	0	0	0	0	
0.585	0.259259	-1.35769	0.0967742	3.85715	0.933181	0.373272	1	0	0	0	0	0	0	0	0	
0.586	0.259259	-1.35769	0.0967742	3.85715	0.933181	0.373272	1	0	0	0	0	0	0	0	0	
0.587	0.259259	-1.35769	0.0967742	3.85715	0.933181	0.373272	1	0	0	0	0	0	0	0	0	
0.588	0.259259	-1.35769	0.0967742	3.85715	0.933181	0.373272	1	0	0	0	0	0	0	0	0	
0.589	0.259259	-1.35769	0.0967742	3.85715	0.933181	0.373272	1	0	0	0	0	0	0	0	0	
0.59	0.259259	-1.35769	0.0967742	3.85715	0.933181	0.373272	1	0	0	0	0	0	0	0	0	
0.591	0.259259	-1.35769	0.0967742	3.85715	0.933181	0.373272	1	0	0	0	0	0	0	0	0	
0.592	0.259259	-1.35769	0.0967742	3.85715	0.933181	0.373272	1	0	0	0	0	0	0	0	0	
0.593	0.259259	-1.35769	0.0967742	3.85715	0.933181	0.373272	1	0	0	0	0	0	0	0	0	
0.594	0.259259	-1.35769	0.0967742	3.85715	0.933181	0.373272	1	0	0	0	0	0	0	0	0	
0.595	0.259259	-1.35769	0.0967742	3.85715	0.933181	0.373272	1	0	0	0	0	0	0	0	0	
0.596	0.259259	-1.35769	0.0967742	3.85715	0.933181	0.373272	1	0	0	0	0	0	0	0	0	
0.597	0.259259	-1.35769	0.0967742	3.85715	0.933181	0.373272	1	0	0	0	0	0	0	0	0	
0.598	0.259259	-1.35769	0.0967742	3.85715	0.933181	0.373272	1	0	0	0	0	0	0	0	0	
0.599	0.259259	-1.35769	0.0967742	3.85715	0.933181	0.373272	1	0	0	0	0	0	0	0	0	
0.6	0.259259	-1.35769	0.0967742	3.85715	0.933181	0.373272	1	0	0	0	0	0	0	0	0	
0.601	0.259259	-1.35769	0.0967742	3.85715	0.933181	0.373272	1	0	0	0	0	0	0	0	0	
0.602	0.259259	-1.35769	0.0967742	3.85715	0.933181	0.373272	1	0	0	0	0	0	0	0	0	
0.603	0.259259	-1.35769	0.0967742	3.85715	0.933181	0.373272	1	0	0	0	0	0	0	0	0	
0.604	0.259259	-1.35769	0.0967742	3.85715	0.933181	0.373272	1	0	0	0	0	0	0	0	0	
0.605	0.259259	-1.35769	0.0967742	3.85715	0.933181	0.373272	1	0	0	0	0	0	0	0	0	
0.606	0.259259	-1.35769	0.0967742	3.85715	0.933181	0.373272	1	0	0	0	0	0	0	0	0	
0.607	0.259259	-1.35769	0.0967742	3.85715	0.933181	0.373272	1	0	0	0	0	0	0	0	0	
0.608	0.259259	-1.35769	0.0967742	3.85715	0.933181	0.373272	1	0	0	0	0	0	0	0	0	
0.609	0.259259	-1.35769	0.0967742	3.85715	0.933181	0.373272	1	0	0	0	0	0	0	0	0	
0.61	0.259259	-1.35769	0.0967742	3.85715	0.933181	0.373272	1	0	0	0	0	0	0	0	0	
0.611	0.259259	-1.35769	0.0967742	3.85715	0.933181	0.373272	1	0	0	0	0	0	0	0	0	
0.612	0.259259	-1.35769	0.0967742	3.85715	0.933181	0.373272	1	0	0	0	0	0	0	0	0	
0.613	0.259259	-1.35769	0.0967742	3.85715	0.933181	0.373272	1	0	0	0	0	0	0	0	0	
0.614	0.259259	-1.35769	0.0967742	3.85715	0.933181	0.373272	1	0	0	0	0	0	0	0	0	
0.615	0.259259	-1.35769	0.0967742	3.85715	0.933181	0.373272	1	0	0	0	0	0	0	0	0	
0.616	0.259259	-1.35769	0.0967742	3.85715	0.933181	0.373272	1	0	0	0	0	0	0	0	0	
0.617	0.259259	-1.35769	0.0967742	3.85715	0.933181	0.373272	1	0	0	0	0	0	0	0	0	
0.618	0.259259	-1.35769	0.0967742	3.85715	0.933181	0.373272	1	0	0	0	0	0	0	0	0	
0.619	0.259259	-1.35769	0.0967742	3.85715	0.933181	0.373272	1	0	0	0	0	0	0	0	0	
0.62	0.259259	-1.35769	0.0967742	3.85715	0.933181	0.373272	1	0	0	0	0	0	0	0	0	
0.621	0.259259	-1.35769	0.0967742	3.85715	0.933181	0.373272	1	0	0	0	0	0	0	0	0	
0.622	0.259259	-1.35769	0.0967742	3.85715	0.933181	0.373272	1	0	0	0	0	0	0	0	0	
0.623	0.259259	-1.35769	0.0967742	3.85715	0.933181	0.373272	1	0	0	0	0	0	0	0	0	
0.624	0.259259	-1.35769	0.0967742	3.85715	0.933181	0.373272	1	0	0	0	0	0	0	0	0	
0.625	0.259259	-1.35769	0.0967742	3.85715	0.933181	0.373272	1	0	0	0	0	0	0	0	0	
0.626	0.259259	-1.35769	0.0967742	3.85715	0.933181	0.373272	1	0	0	0	0	0	0	0	0	
0.627	0.259259	-1.35769	0.0967742	3.85715	0.933181	0.373272	1	0	0	0	0	0	0	0	0	
0.628	0.259259	-1.35769	0.0967742	3.85715	0.933181	0.373272	1	0	0	0	0	0	0	0	0	
0.629	0.259259	-1.35769	0.0967742	3.85715	0.933181	0.373272	1	0	0	0	0	0	0	0	0	
0.63	0.259259	-1.35769	0.0967742	3.85715	0.933181	0.373272	1	0	0	0	0	0	0	0	0	
0.631	0.259259	-1.35769	0.0967742	3.85715	0.933181	0.373272	1	0	0	0	0	0	0	0	0	
0.632	0.259259	-1.35769	0.0967742	3.85715	0.933181	0.373272	1	0	0	0	0	0	0	0	0	
0.633	0.259259	-1.35769	0.0967742	3.85715	0.933181	0.373272	1	0	0	0	0	0	0	0	0	
0.634	0.259259	-1.35769	0.0967742	3.85715	0.933181	0.373272	1	0	0	0	0	0	0	0	0	
0.635	0.259259	-1.35769	0.0967742	3.85715	0.933181	0.373272	1	0	0	0	0	0	0	0	0	
0.636	0.259259	-1.35769	0.0967742	3.85715	0.933181	0.373272	1	0	0	0	0	0	0	0	0	
0.637	0.259259	-1.35769	0.0967742	3.85715	0.933181	0.373272	1	0	0	0	0	0	0	0	0	
0.638	0.259259	-1.35769	0.0967742	3.85715	0.933181	0.373272	1	0	0	0	0	0	0	0	0	
0.639	0.259259	-1.35769	0.0967742	3.85715	0.933181	0.373272	1	0	0	0	0	0	0	0	0	
0.64	0.259259	-1.35769	0.0967742	3.85715	0.933181	0.373272	1	0	0	0	0	0	0	0	0	
0.641	0.259259	-1.35769	0.0967742	3.85715	0.933181	0.373272	1	0	0	0	0	0	0	0	0	
0.642	0.259259	-1.35769	0.0967742	3.85715	0.933181	0.373272	1	0	0	0	0	0	0	0	0	
0.643	0.259259	-1.35769	0.0967742	3.85715	0.933181	0.373272	1	0	0	0	0	0	0	0	0	
0.644	0.259259	-1.35769	0.0967742	3.85715	0.933181	0.373272	1	0	0	0	0	0	0	0	0	
0.645	0.259259	-1.35769	0.0967742	3.85715	0.933181	0.373272	1	0	0	0	0	0	0	0	0	
0.646	0.259259	-1.35769	0.0967742	3.85715	0.933181	0.373272	1	0	0	0	0	0	0	0	0	
0.647	0.259259	-1.35769	0.0967742	3.85715	0.933181	0.373272	1	0	0	0	0	0	0	0	0	
0.648	0.259259	-1.35769	0.0967742	3.85715	0.933181	0.373272	1	0	0	0	0	0	0	0	0	
0.649	0.259259	-1.35769	0.0967742	3.85715	0.933181	0.373272	1	0	0	0	0	0	0	0	0	
0.65	0.259259	-1.35769	0.0967742	3.85715	0.933181	0.373272	1	0	0	0	0	0	0	0	0	
0.651	0.259259	-1.35769	0.0967742	3.85715	0.933181	0.373272	1	0	0	0	0	0	0	0	0	
0.652	0.259259	-1.35769	0.0967742	3.85715	0.933181	0.373272	1	0	0	0	0	0	0	0	0	
0.653	0.259259	-1.35769	0.0967742	3.85715	0.933181	0.373272	1	0	0	0	0	0	0	0	0	
0.654	0.259259	-1.35769	0.0967742	3.85715	0.933181	0.373272	1	0	0	0	0	0	0	0	0	
0.655	0.259259	-1.35769	0.0967742	3.85715	0.933181	0.373272	1	0	0	0	0	0	0	0	0	
0.656	0.259259	-1.35769	0.0967742	3.85715	0.933181	0.373272	1	0	0	0	0	0	0	0	0	
0.657	0.259259	-1.35769	0.0967742	3.85715	0.933181	0.373272	1	0	0	0	0	0	0	0	0	
0.658	0.259259	-1.35769	0.0967742	3.85715	0.933181	0.373272	1	0	0	0	0	0	0	0	0	
0.659	0.259259	-1.35769	0.0967742	3.85715	0.933181	0.373272	1	0	0	0	0	0	0	0	0	
0.66	0.259259	-1.35769	0.0967742	3.85715	0.933181	0.373272	1	0	0	0	0	0	0	0	0	
0.661	0.259259	-1.35769	0.0967742	3.85715	0.933181	0.373272	1	0	0	0	0	0	0	0	0	
0.662	0.259259	-1.35769	0.0967742	3.85715	0.933181	0.373272	1	0	0	0	0	0	0	0	0	
0.663	0.259259	-1.35769	0.0967742	3.85715	0.933181	0.373272	1	0	0	0	0	0	0	0	0	
0.664	0.259259	-1.35769	0.0967742	3.85715	0.933181	0.373272	1	0	0	0	0	0	0	0	0	
0.665	0.259259	-1.35769	0.0967742	3.85715	0.933181	0.373272	1	0	0	0	0	0	0	0	0	
0.666	0.259259	-1.35769	0.0967742	3.85715	0.933181	0.373272	1	0	0	0	0	0	0	0	0	
0.667	0.259259	-1.35769	0.0967742	3.85715	0.933181	0.373272	1	0	0	0	0	0	0	0	0	
0.668	0.259259	-1.35769	0.0967742	3.85715	0.933181	0.373272	1	0	0	0	0	0	0	0	0	
0.669	0.259259	-1.35769	0.0967742	3.85715	0.933181	0.373272	1	0	0	0	0	0	0	0	0	
0.67	0.259259	-1.35769	0.0967742	3.85715	0.933181	0.373272	1	0	0	0	0	0	0	0	0	
0.671	0.259259	-1.35769	0.0967742	3.85715	0.933181	0.373272	1	0	0	0	0	0	0	0	0	
0.672	0.259259	-1.35769	0.0967742	3.85715	0.933181	0.373272	1	0	0	0	0	0	0	0	0	
0.673	0.259259	-1.35769	0.0967742	3.85715	0.933181	0.373272	1	0	0	0	0	0	0	0	0	
0.674	0.259259	-1.35769	0.0967742	3.85715	0.933181	0.373272	1	0	0	0	0	0	0	0	0	
0.675	0.259259	-1.35769	0.0967742	3.85715	0.933181	0.373272	1	0	0	0	0	0	0	0	0	
0.676	0.259259	-1.35769	0.0967742	3.85715	0.933181	0.373272	1	0	0	0	0	0	0	0	0	
0.677	0.259259	-1.35769	0.0967742	3.85715	0.933181	0.373272	1	0	0	0	0	0	0	0	0	
0.678	0.259259	-1.35769	0.0967742	3.85715	0.933181	0.373272	1	0	0	0	0	0	0	0	0	
0.679	0.259259	-1.35769	0.0967742	3.85715	0.933181	0.373272	1	0	0	0	0	0	0	0	0	
0.68	0.259259	-1.35769	0.0967742	3.85715	0.933181	0.373272	1	0	0	0	0	0	0	0	0	
0.681	0.259259	-1.35769	0.0967742	3.85715	0.933181	0.373272	1	0	0	0	0	0	0	0	0	
0.682	0.259259	-1.35769	0.0967742	3.85715	0.933181	0.373272	1	0	0	0	0	0	0	0	0	
0.683	0.259259	-1.35769	0.0967742	3.85715	0.933181	0.373272	1	0	0	0	0	0	0	0	0	
0.684	0.259259	-1.35769	0.0967742	3.85715	0.933181	0.373272	1	0	0	0	0	0	0	0	0	
0.685	0.259259	-1.35769	0.0967742	3.85715	0.933181	0.373272	1	0	0	0	0	0	0	0	0	
0.686	0.259259	-1.35769	0.0967742	3.85715	0.933181	0.373272	1	0	0	0	0	0	0	0	0	
0.687	0.259259	-1.35769	0.0967742	3.85715	0.933181	0.373272	1	0	0	0	0	0	0	0	0	
0.688	0.259259	-1.35769	0.0967742	3.85715	0.933181	0.373272	1	0	0	0	0	0	0	0	0	
0.689	0.259259	-1.35769	0.0967742	3.85715	0.933181	0.373272	1	0	0	0	0	0	0	0	0	
0.69	0.259259	-1.35769	0.0967742	3.85715	0.933181	0.373272	1	0	0	0	0	0	0	0	0	
0.691	0.259259	-1.35769	0.0967742	3.85715	0.933181	0.373272	1	0	0	0	0	0	0	0	0	
0.692	0.259259	-1.35769	0.0967742	3.85715	0.933181	0.373272	1	0	0	0	0	0	0	0	0	
0.693	0.259259	-1.35769	0.0967742	3.85715	0.933181	0.373272	1	0	0	0	0	0	0	0	0	
0.694	0.259259	-1.35769	0.0967742	3.85715	0.933181	0.373272	1	0	0	0	0	0	0	0	0	
0.695	0.259259	-1.35769	0.0967742	3.85715	0.933181	0.373272	1	0	0	0	0	0	0	0	0	
0.696	0.259259	-1.35769	0.0967742	3.85715	0.933181	0.373272	1	0	0	0	0	0	0	0	0	
0.697	0.259259	-1.35769	0.0967742	3.85715	0.933181	0.373272	1	0	0	0	0	0	0	0	0	
0.698	0.259259	-1.35769	0.0967742	3.85715	0.933181	0.373272	1	0	0	0	0	0	0	0	0	
0.699	0.259259	-1.35769	0.0967742	3.85715	0.933181	0.373272	1	0	0	0	0	0	0	0	0	
0.7	0.259259	-1.35769	0.0967742	3.85715	0.933181	0.373272	1	0	0	0	0	0	0	0	0	
0.701	0.259259	-1.35769	0.0967742	3.85715	0.933181	0.373272	1	0	0	0	0	0	0	0	0	
0.702	0.259259	-1.35769	0.0967742	3.85715	0.933181	0.373272	1	0	0	0	0	0	0	0	0	
0.703	0.259259	-1.35769	0.0967742	3.85715	0.933181	0.373272	1	0	0	0	0	0	0	0	0	
0.704	0.259259	-1.35769	0.0967742	3.85715	0.933181	0.373272	1	0	0	0	0	0	0	0	0	
0.705	0.259259	-1.35769	0.0967742	3.85715	0.933181	0.373272	1	0	0	0	0	0	0	0	0	
0.706	0.259259	-1.35769	0.0967742	3.85715	0.933181	0.373272	1	0	0	0	0	0	0	0	0	
0.707	0.259259	-1.35769	0.0967742	3.85715	0.933181	0.373272	1	0	0	0	0	0	0	0	0	
0.708	0.259259	-1.35769	0.0967742	3.85715	0.933181	0.373272	1	0	0	0	0	0	0	0	0	
0.709	0.259259	-1.35769	0.0967742	3.85715	0.933181	0.373272	1	0	0	0	0	0	0	0	0	
0.71	0.259259	-1.35769	0.0967742	3.85715	0.933181	0.373272	1	0	0	0	0	0	0	0	0	
0.711	0.259259	-1.35769	0.0967742	3.85715	0.933181	0.373272	1	0	0	0	0	0	0	0	0	
0.712	0.259259	-1.35769	0.0967742	3.85715	0.933181	0.373272	1	0	0	0	0	0	0	0	0	
0.713	0.259259	-1.35769	0.0967742	3.85715	0.933181	0.373272	1	0	0	0	0	0	0	0	0	
0.714	0.259259	-1.35769	0.0967742	3.85715	0.933181	0.373272	1	0	0	0	0	0	0	0	0	
0.715	0.259259	-1.35769	0.0967742	3.85715	0.933181	0.373272	1	0	0	0	0	0	0	0	0	
0.716	0.259259	-1.35769	0.0967742	3.85715	0.933181	0.373272	1	0	0	0	0	0	0	0	0	
0.717	0.259259	-1.35769	0.0967742	3.85715	0.933181	0.373272	1	0	0	0	0	0	0	0	0	
0.718	0.259259	-1.35769	0.0967742	3.85715	0.933181	0.373272	1	0	0	0	0	0	0	0	0	
0.719	0.259259	-1.35769	0.0967742	3.85715	0.933181	0.373272	1	0	0	0	0	0	0	0	0	
0.72	0.259259	-1.35769	0.0967742	3.85715	0.933181	0.373272	1	0	0	0	0	0	0	0	0	
0.721	0.259259	-1.35769	0.0967742	3.85715	0.933181	0.373272	1	0	0	0	0	0	0	0	0	
0.722	0.259259	-1.35769	0.0967742	3.85715	0.933181	0.373272	1	0	0	0	0	0	0	0	0	
0.723	0.259259	-1.35769	0.0967742	3.85715	0.933181	0.373272	1	0	0	0	0	0	0	0	0	
0.724	0.259259	-1.35769	0.0967742	3.85715	0.933181	0.373272	1	0	0	0	0	0	0	0	0	
0.725	0.259259	-1.35769	0.0967742	3.85715	0.933181	0.373272	1	0	0	0	0	0	0	0	0	
0.726	0.259259	-1.35769	0.0967742	3.85715	0.933181	0.373272	1	0	0	0	0	0	0	0	0	
0.727	0.259259	-1.35769	0.0967742	3.85715	0.933181	0.373272	1	0	0	0	0	0	0	0	0	
0.728	0.259259	-1.35769	0.0967742	3.85715	0.933181	0.373272	1	0	0	0	0	0	0	0	0	
0.729	0.259259	-1.35769	0.0967742	3.85715	0.933181	0.373272	1	0	0	0	0	0	0	0	0	
0.73	0.259259	-1.35769	0.0967742	3.85715	0.933181	0.373272	1	0	0	0	0	0	0	0	0	
0.731	0.259259	-1.35769	0.0967742	3.85715	0.933181	0.373272	1	0	0	0	0	0	0	0	0	
0.732	0.259259	-1.35769	0.0967742	3.85715	0.933181	0.373272	1	0	0	0	0	0	0	0	0	
0.733	0.259259	-1.35769	0.0967742	3.85715	0.933181	0.373272	1	0	0	0	0	0	0	0	0	
0.734	0.259259	-1.35769	0.0967742	3.85715	0.933181	0.373272	1	0	0	0	0	0	0	0	0	
0.735	0.259259	-1.35769	0.0967742	3.85715	0.933181	0.373272	1	0	0	0	0	0	0	0	0	
0.736	0.259259	-1.35769	0.0967742	3.85715	0.933181	0.373272	1	0	0	0	0	0	0	0	0	
0.737	0.259259	-1.35769	0.0967742	3.85715	0.933181	0.373272	1	0	0	0	0	0	0	0	0	
0.738	0.259259	-1.35769	0.0967742	3.85715	0.933181	0.373272	1	0	0	0	0	0	0	0	0	
0.739	0.259259	-1.35769	0.0967742	3.85715	0.933181	0.373272	1	0	0	0	0	0	0	0	0	
0.74	0.259259	-1.35769	0.0967742	3.85715	0.933181	0.373272	1	0	0	0	0	0	0	0	0	
0.741	0.259259	-1.35769	0.0967742	3.85715	0.933181	0.373272	1	0	0	0	0	0	0	0	0	
0.742	0.259259	-1.35769	0.0967742	3.85715	0.933181	0.373272	1	0	0	0	0	0	0	0	0	
0.743	0.259259	-1.35769	0.0967742	3.85715	0.933181	0.373272	1	0	0	0	0	0	0	0	0	
0.744	0.259259	-1.35769	0.0967742	3.85715	0.933181	0.373272	1	0	0	0	0	0	0	0	0	
0.745	0.259259	-1.35769	0.0967742	3.85715	0.933181	0.373272	1	0	0	0	0	0	0	0	0	
0.746	0.259259	-1.35769	0.0967742	3.85715	0.933181	0.373272	1	0	0	0	0	0	0	0	0	
0.747	0.259259	-1.35769	0.0967742	3.85715	0.933181	0.373272	1	0	0	0	0	0	0	0	0	
0.748	0.259259	-1.35769	0.0967742	3.85715	0.933181	0.373272	1	0	0	0	0	0	0	0	0	
0.749	0.259259	-1.35769	0.0967742	3.85715	0.933181	0.373272	1	0	0	0	0	0	0	0	0	
0.75	0.259259	-1.35769	0.0967742	3.85715	0.933181	0.373272	1	0	0	0	0	0	0	0	0	
0.751	0.259259	-1.35769	0.0967742	3.85715	0.933181	0.373272	1	0	0	0	0	0	0	0	0	
0.752	0.259259	-1.35769	0.0967742	3.85715	0.933181	0.373272	1	0	0	0	0	0	0	0	0	
0.753	0.259259	-1.35769	0.0967742	3.85715	0.933181	0.373272	1	0	0	0	0	0	0	0	0	
0.754	0.259259	-1.35769	0.0967742	3.85715	0.933181	0.373272	1	0	0	0	0	0	0	0	0	
0.755	0.259259	-1.35769	0.0967742	3.85715	0.933181	0.373272	1	0	0	0	0	0	0	0	0	
0.756	0.259259	-1.35769	0.0967742	3.85715	0.933181	0.373272	1	0	0	0	0	0	0	0	0	
0.757	0.259259	-1.35769	0.0967742	3.85715	0.933181	0.373272	1	0	0	0	0	0	0	0	0	
0.758	0.259259	-1.35769	0.0967742	3.85715	0.933181	0.373272	1	0	0	0	0	0	0	0	0	
0.759	0.259259	-1.35769	0.0967742	3.85715	0.933181	0.373272	1	0	0	0	0	0	0	0	0	
0.76	0.259259	-1.35769	0.0967742	3.85715	0.933181	0.373272	1	0	0	0	0	0	0	0	0	
0.761	0.259259	-1.35769	0.0967742	3.85715	0.933181	0.373272	1	0	0	0	0	0	0	0	0	
0.762	0.259259	-1.35769	0.0967742	3.85715	0.933181	0.373272	1	0	0	0	0	0	0	0	0	
0.763	0.259259	-1.35769	0.0967742	3.85715	0.933181	0.373272	1	0	0	0	0	0	0	0	0	
0.764	0.259259	-1.35769	0.0967742	3.85715	0.933181	0.373272	1	0	0	0	0	0	0	0	0	
0.765	0.259259	-1.35769	0.0967742	3.85715	0.933181	0.373272	1	0	0	0	0	0	0	0	0	
0.766	0.259259	-1.35769	0.0967742	3.85715	0.933181	0.373272	1	0	0	0	0	0	0	0	0	
0.767	0.259259	-1.35769	0.0967742	3.85715	0.933181	0.373272	1	0	0	0	0	0	0	0	0	
0.768	0.259259	-1.35769	0.0967742	3.85715	0.933181	0.373272	1	0	0	0	0	0	0	0	0	
0.769	0.259259	-1.35769	0.0967742	3.85715	0.933181	0.373272	1	0	0	0	0	0	0	0	0	
0.77	0.259259	-1.35769	0.0967742	3.85715	0.933181	0.373272	1	0	0	0	0	0	0	0	0	
0.771	0.259259	-1.35769	0.0967742	3.85715	0.933181	0.373272	1	0	0	0	0	0	0	0	0	
0.772	0.259259	-1.35769	0.0967742	3.85715	0.933181	0.373272	1	0	0	0	0	0	0	0	0	
0.773	0.259259	-1.35769	0.0967742	3.85715	0.933181	0.373272	1	0	0	0	0	0	0	0	0	
0.774	0.259259	-1.35769	0.0967742	3.85715	0.933181	0.373272	1	0	0	0	0	0	0	0	0	
0.775	0.259259	-1.35769	0.0967742	3.85715	0.933181	0.373272	1	0	0	0	0	0	0	0	0	
0.776	0.259259	-1.35769	0.0967742	3.85715	0.933181	0.373272	1	0	0	0	0	0	0	0	0	
0.777	0.259259	-1.35769	0.0967742	3.85715	0.933181	0.373272	1	0	0	0	0	0	0	0	0	
0.778	0.259259	-1.35769	0.0967742	3.85715	0.933181	0.373272	1	0	0	0	0	0	0	0	0	
0.779	0.259259	-1.35769	0.0967742	3.85715	0.933181	0.373272	1	0	0	0	0	0	0	0	0	
0.78	0.259259	-1.35769	0.0967742	3.85715	0.933181	0.373272	1	0	0	0	0	0	0	0	0	
0.781	0.259259	-1.35769	0.0967742	3.85715	0.933181	0.373272	1	0	0	0	0	0	0	0	0	
0.782	0.259259	-1.35769	0.0967742	3.85715	0.933181	0.373272	1	0	0	0	0	0	0	0	0	
0.783	0.259259	-1.35769	0.0967742	3.85715	0.933181	0.373272	1	0	0	0	0	0	0	0	0	
0.784	0.259259	-1.35769	0.0967742	3.85715	0.933181	0.373272	1	0	0	0	0	0	0	0	0	
0.785	0.259259	-1.35769	0.0967742	3.85715	0.933181	0.373272	1	0	0	0	0	0	0	0	0	
0.786	0.259259	-1.35769	0.0967742	3.85715	0.933181	0.373272	1	0	0	0	0	0	0	0	0	
0.787	0.259259	-1.35769	0.0967742	3.85715	0.933181	0.373272	1	0	0	0	0	0	0	0	0	
0.788	0.259259	-1.35769	0.0967742	3.85715	0.933181	0.373272	1	0	0	0	0	0	0	0	0	
0.789	0.259259	-1.35769	0.0967742	3.85715	0.933181	0.373272	1	0	0	0	0	0	0	0	0	
0.79	0.259259	-1.35769	0.0967742	3.85715	0.933181	0.373272	1	0	0	0	0	0	0	0	0	
0.791	0.259259	-1.35769	0.0967742	3.85715	0.933181	0.373272	1	0	0	0	0	0	0	0	0	
0.792	0.259259	-1.35769	0.0967742	3.85715	0.933181	0.373272	1	0	0	0	0	0	0	0	0	
0.793	0.259259	-1.35769	0.0967742	3.85715	0.933181	0.373272	1	0	0	0	0	0	0	0	0	
0.794	0.259259	-1.35769	0.0967742	3.85715	0.933181	0.373272	1	0	0	0	0	0	0	0	0	
0.795	0.259259	-1.35769	0.0967742	3.85715	0.933181	0.373272	1	0	0	0	0	0	0	0	0	
0.796	0.259259	-1.35769	0.0967742	3.85715	0.933181	0.373272	1	0	0	0	0	0	0	0	0	
0.797	0.259259	-1.35769	0.0967742	3.85715	0.933181	0.373272	1	0	0	0	0	0	0	0	0	
0.798	0.259259	-1.35769	0.0967742	3.85715	0.933181	0.373272	1	0	0	0	0	0	0	0	0	
0.799	0.259259	-1.35769	0.0967742	3.85715	0.933181	0.373272	1	0	0	0	0	0	0	0	0	
0.8	0.259259	-1.35769	0.0967742	3.85715	0.933181	0.373272	1	0	0	0	0	0	0	0	0	
0.801	0.259259	-1.35769	0.0967742	3.85715	0.933181	0.373272	1	0	0	0	0	0	0	0	0	
0.802	0.259259	-1.35769	0.0967742	3.85715	0.933181	0.373272	1	0	0	0	0	0	0	0	0	
0.803	0.259259	-1.35769	0.0967742	3.85715	0.933181	0.373272	1	0	0	0	0	0	0	0	0	
0.804	0.259259	-1.35769	0.0967742	3.85715	0.933181	0.373272	1	0	0	0	0	0	0	0	0	
0.805	0.259259	-1.35769	0.0967742	3.85715	0.933181	0.373272	1	0	0	0	0	0	0	0	0	
0.806	0.259259	-1.35769	0.0967742	3.85715	0.933181	0.373272	1	0	0	0	0	0	0	0	0	
0.807	0.259259	-1.35769	0.0967742	3.85715	0.933181	0.373272	1	0	0	0	0	0	0	0	0	
0.808	0.259259	-1.35769	0.0967742	3.85715	0.933181	0.373272	1	0	0	0	0	0	0	0	0	
0.809	0.259259	-1.35769	0.0967742	3.85715	0.933181	0.373272	1	0	0	0	0	0	0	0	0	
0.81	0.259259	-1.35769	0.0967742	3.85715	0.933181	0.373272	1	0	0	0	0	0	0	0	0	
0.811	0.259259	-1.35769	0.0967742	3.85715	0.933181	0.373272	1	0	0	0	0	0	0	0	0	
0.812	0.259259	-1.35769	0.0967742	3.85715	0.933181	0.373272	1	0	0	0	0	0	0	0	0	
0.813	0.259259	-1.35769	0.0967742	3.85715	0.933181	0.373272	1	0	0	0	0	0	0	0	0	
0.814	0.259259	-1.35769	0.0967742	3.85715	0.933181	0.373272	1	0	0	0	0	0	0	0	0	
0.815	0.259259	-1.35769	0.0967742	3.85715	0.933181	0.373272	1	0	0	0	0	0	0	0	0	
0.816	0.259259	-1.35769	0.0967742	3.85715	0.933181	0.373272	1	0	0	0	0	0	0	0	0	
0.817	0.259259	-1.35769	0.0967742	3.85715	0.933181	0.373272	1	0	0	0	0	0	0	0	0	
0.818	0.259259	-1.35769	0.0967742	3.85715	0.933181	0.373272	1	0	0	0	0	0	0	0	0	
0.819	0.259259	-1.35769	0.0967742	3.85715	0.933181	0.373272	1	0	0	0	0	0	0	0	0	
0.82	0.259259	-1.35769	0.0967742	3.85715	0.933181	0.373272	1	0	0	0	0	0	0	0	0	
0.821	0.259259	-1.35769	0.0967742	3.85715	0.933181	0.373272	1	0	0	0	0	0	0	0	0	
0.822	0.259259	-1.35769	0.0967742	3.85715	0.933181	0.373272	1	0	0	0	0	0	0	0	0	
0.823	0.259259	-1.35769	0.0967742	3.85715	0.933181	0.373272	1	0	0	0	0	0	0	0	0	
0.824	0.259259	-1.35769	0.0967742	3.85715	0.933181	0.373272	1	0	0	0	0	0	0	0	0	
0.825	0.259259	-1.35769	0.0967742	3.85715	0.933181	0.373272	1	0	0	0	0	0	0	0	0	
0.826	0.259259	-1.35769	0.0967742	3.85715	0.933181	0.373272	1	0	0	0	0	0	0	0	0	
0.827	0.259259	-1.35769	0.0967742	3.85715	0.933181	0.373272	1	0	0	0	0	0	0	0	0	
0.828	0.259259	-1.35769	0.0967742	3.85715	0.933181	0.373272	1	0	0	0	0	0	0	0	0	
0.829	0.259259	-1.35769	0.0967742	3.85715	0.933181	0.373272	1	0	0	0	0	0	0	0	0	
0.83	0.259259	-1.35769	0.0967742	3.85715	0.933181	0.373272	1	0	0	0	0	0	0	0	0	
0.831	0.259259	-1.35769	0.0967742	3.85715	0.933181	0.373272	1	0	0	0	0	0	0	0	0	
0.832	0.259259	-1.35769	0.0967742	3.85715	0.933181	0.373272	1	0	0	0	0	0	0	0	0	
0.833	0.259259	-1.35769	0.0967742	3.85715	0.933181	0.373272	1	0	0	0	0	0	0	0	0	
0.834	0.259259	-1.35769	0.0967742	3.85715	0.933181	0.373272	1	0	0	0	0	0	0	0	0	
0.835	0.259259	-1.35769	0.0967742	3.85715	0.933181	0.373272	1	0	0	0	0	0	0	0	0	
0.836	0.259259	-1.35769	0.0967742	3.85715	0.933181	0.373272	1	0	0	0	0	0	0	0	0	
0.837	0.259259	-1.35769	0.0967742	3.85715	0.933181	0.373272	1	0	0	0	0	0	0	0	0	
0.838	0.259259	-1.35769	0.0967742	3.85715	0.933181	0.373272	1	0	0	0	0	0	0	0	0	
0.839	0.259259	-1.35769	0.0967742	3.85715	0.933181	0.373272	1	0	0	0	0	0	0	0	0	
0.84	0.259259	-1.35769	0.0967742	3.85715	0.933181	0.373272	1	0	0	0	0	0	0	0	0	
0.841	0.259259	-1.35769	0.0967742	3.85715	0.933181	0.373272	1	0	0	0	0	0	0	0	0	
0.842	0.259259	-1.35769	0.0967742	3.85715	0.933181	0.373272	1	0	0	0	0	0	0	0	0	
0.843	0.259259	-1.35769	0.0967742	3.85715	0.933181	0.373272	1	0	0	0	0	0	0	0	0	
0.844	0.259259	-1.35769	0.0967742	3.85715	0.933181	0.373272	1	0	0	0	0	0	0	0	0	
0.845	0.259259	-1.35769	0.0967742	3.85715	0.933181	0.373272	1	0	0	0	0	0	0	0	0	
0.846	0.259259	-1.35769	0.0967742	3.85715	0.933181	0.373272	1	0	0	0	0	0	0	0	0	
0.847	0.259259	-1.35769	0.0967742	3.85715	0.933181	0.373272	1	0	0	0	0	0	0	0	0	
0.848	0.259259	-1.35769	0.0967742	3.85715	0.933181	0.373272	1	0	0	0	0	0	0	0	0	
0.849	0.259259	-1.35769	0.0967742	3.85715	0.933181	0.373272	1	0	0	0	0	0	0	0	0	
0.85	0.259259	-1.35769	0.0967742	3.85715	0.933181	0.373272	1	0	0	0	0	0	0	0	0	
0.851	0.259259	-1.35769	0.0967742	3.85715	0.933181	0.373272	1	0	0	0	0	0	0	0	0	
0.852	0.259259	-1.35769	0.0967742	3.85715	0.933181	0.373272	1	0	0	0	0	0	0	0	0	
0.853	0.259259	-1.35769	0.0967742	3.85715	0.933181	0.373272	1	0	0	0	0	0	0	0	0	
0.854	0.259259	-1.35769	0.0967742	3.85715	0.933181	0.373272	1	0	0	0	0	0	0	0	0	
0.855	0.259259	-1.35769	0.0967742	3.85715	0.933181	0.373272	1	0	0	0	0	0	0	0	0	
0.856	0.259259	-1.35769	0.0967742	3.85715	0.933181	0.373272	1	0	0	0	0	0	0	0	0	
0.857	0.259259	-1.35769	0.0967742	3.85715	0.933181	0.373272	1	0	0	0	0	0	0	0	0	
0.858	0.259259	-1.35769	0.0967742	3.85715	0.933181	0.373272	1	0	0	0	0	0	0	0	0	
0.859	0.259259	-1.35769	0.0967742	3.85715	0.933181	0.373272	1	0	0	0	0	0	0	0	0	
0.86	0.259259	-1.35769	0.0967742	3.85715	0.933181	0.373272	1	0	0	0	0	0	0	0	0	
0.861	0.259259	-1.35769	0.0967742	3.85715	0.933181	0.373272	1	0	0	0	0	0	0	0	0	
0.862	0.259259	-1.35769	0.0967742	3.85715	0.933181	0.373272	1	0	0	0	0	0	0	0	0	
0.863	0.259259	-1.35769	0.0967742	3.85715	0.933181	0.373272	1	0	0	0	0	0	0	0	0	
0.864	0.259259	-1.35769	0.0967742	3.85715	0.933181	0.373272	1	0	0	0	0	0	0	0	0	
0.865	0.259259	-1.35769	0.0967742	3.85715	0.933181	0.373272	1	0	0	0	0	0	0	0	0	
0.866	0.259259	-1.35769	0.0967742	3.85715	0.933181	0.373272	1	0	0	0	0	0	0	0	0	
0.867	0.259259	-1.35769	0.0967742	3.85715	0.933181	0.373272	1	0	0	0	0	0	0	0	0	
0.868	0.259259	-1.35769	0.0967742	3.85715	0.933181	0.373272	1	0	0	0	0	0	0	0	0	
0.869	0.259259	-1.35769	0.0967742	3.85715	0.933181	0.373272	1	0	0	0	0	0	0	0	0	
0.87	0.259259	-1.35769	0.0967742	3.85715	0.933181	0.373272	1	0	0	0	0	0	0	0	0	
0.871	0.259259	-1.35769	0.0967742	3.85715	0.933181	0.373272	1	0	0	0	0	0	0	0	0	
0.872	0.259259	-1.35769	0.0967742	3.85715	0.933181	0.373272	1	0	0	0	0	0	0	0	0	
0.873	0.259259	-1.35769	0.0967742	3.85715	0.933181	0.373272	1	0	0	0	0	0	0	0	0	
0.874	0.259259	-1.35769	0.0967742	3.85715	0.933181	0.373272	1	0	0	0	0	0	0	0	0	
0.875	0.259259	-1.35769	0.0967742	3.85715	0.933181	0.373272	1	0	0	0	0	0	0	0	0	
0.876	0.259259	-1.35769	0.0967742	3.85715	0.933181	0.373272	1	0	0	0	0	0	0	0	0	
0.877	0.259259	-1.35769	0.0967742	3.85715	0.933181	0.373272	1	0	0	0	0	0	0	0	0	
0.878	0.259259	-1.35769	0.0967742	3.85715	0.933181	0.373272	1	0	0	0	0	0	0	0	0	
0.879	0.259259	-1.35769	0.0967742	3.85715	0.933181	0.373272	1	0	0	0	0	0	0	0	0	
0.88	0.259259	-1.35769	0.0967742	3.85715	0.933181	0.373272	1	0	0	0	0	0	0	0	0	
0.881	0.259259	-1.35769	0.0967742	3.85715	0.933181	0.373272	1	0	0	0	0	0	0	0	0	
0.882	0.259259	-1.35769	0.0967742	3.85715	0.933181	0.373272	1	0	0	0	0	0	0	0	0	
0.883	0.259259	-1.35769	0.0967742	3.85715	0.933181	0.373272	1	0	0	0	0	0	0	0	0	
0.884	0.259259	-1.35769	0.0967742	3.85715	0.933181	0.373272	1	0	0	0	0	0	0	0	0	
0.885	0.259259	-1.35769	0.0967742	3.85715	0.933181	0.373272	1	0	0	0	0	0	0	0	0	
0.886	0.259259	-1.35769	0.0967742	3.85715	0.933181	0.373272	1	0	0	0	0	0	0	0	0	
0.887	0.259259	-1.35769	0.0967742	3.85715	0.933181	0.373272	1	0	0	0	0	0	0	0	0	
0.888	0.259259	-1.35769	0.0967742	3.85715	0.933181	0.373272	1	0	0	0	0	0	0	0	0	
0.889	0.259259	-1.35769	0.0967742	3.85715	0.933181	0.373272	1	0	0	0	0	0	0	0	0	
0.89	0.259259	-1.35769	0.0967742	3.85715	0.933181	0.373272	1	0	0	0	0	0	0	0	0	
0.891	0.259259	-1.35769	0.0967742	3.85715	0.933181	0.373272	1	0	0	0	0	0	0	0	0	
0.892	0.259259	-1.35769	0.0967742	3.85715	0.933181	0.373272	1	0	0	0	0	0	0	0	0	
0.893	0.259259	-1.35769	0.0967742	3.85715	0.933181	0.373272	1	0	0	0	0	0	0	0	0	
0.894	0.259259	-1.35769	0.0967742	3.85715	0.933181	0.373272	1	0	0	0	0	0	0	0	0	
0.895	0.259259	-1.35769	0.0967742	3.85715	0.933181	0.373272	1	0	0	0	0	0	0	0	0	
0.896	0.259259	-1.35769	0.0967742	3.85715	0.933181	0.373272	1	0	0	0	0	0	0	0	0	
0.897	0.259259	-1.35769	0.0967742	3.85715	0.933181	0.373272	1	0	0	0	0	0	0	0	0	
0.898	0.259259	-1.35769	0.0967742	3.85715	0.933181	0.373272	1	0	0	0	0	0	0	0	0	
0.899	0.259259	-1.35769	0.0967742	3.85715	0.933181	0.373272	1	0	0	0	0	0	0	0	0	
0.9	0.259259	-1.35769	0.0967742	3.85715	0.933181	0.373272	1	0	0	0	0	0	0	0	0	
0.901	0.259259	-1.35769	0.0967742	3.85715	0.933181	0.373272	1	0	0	0	0	0	0	0	0	
0.902	0.259259	-1.35769	0.0967742	3.85715	0.933181	0.373272	1	0	0	0	0	0	0	0	0	
0.903	0.259259	-1.35769	0.0967742	3.85715	0.933181	0.373272	1	0	0	0	0	0	0	0	0	
0.904	0.259259	-1.35769	0.0967742	3.85715	0.933181	0.373272	1	0	0	0	0	0	0	0	0	
0.905	0.259259	-1.35769	0.0967742	3.85715	0.933181	0.373272	1	0	0	0	0	0	0	0	0	
0.906	0.259259	-1.35769	0.0967742	3.85715	0.933181	0.373272	1	0	0	0	0	0	0	0	0	
0.907	0.259259	-1.35769	0.0967742	3.85715	0.933181	0.373272	1	0	0	0	0	0	0	0	0	
0.908	0.259259	-1.35769	0.0967742	3.85715	0.933181	0.373272	1	0	0	0	0	0	0	0	0	
0.909	0.259259	-1.35769	0.0967742	3.85715	0.933181	0.373272	1	0	0	0	0	0	0	0	0	
0.91	0.259259	-1.35769	0.0967742	3.85715	0.933181	0.373272	1	0	0	0	0	0	0	0	0	
0.911	0.259259	-1.35769	0.0967742	3.85715	0.933181	0.373272	1	0	0	0	0	0	0	0	0	
0.912	0.259259	-1.35769	0.0967742	3.85715	0.933181	0.373272	1	0	0	0	0	0	0	0	0	
0.913	0.259259	-1.35769	0.0967742	3.85715	0.933181	0.373272	1	0	0	0	0	0	0	0	0	
0.914	0.259259	-1.35769	0.0967742	3.85715	0.933181	0.373272	1	0	0	0	0	0	0	0	0	
0.915	0.259259	-1.35769	0.0967742	3.85715	0.933181	0.373272	1	0	0	0	0	0	0	0	0	
0.916	0.259259	-1.35769	0.0967742	3.85715	0.933181	0.373272	1	0	0	0	0	0	0	0	0	
0.917	0.259259	-1.35769	0.0967742	3.85715	0.933181	0.373272	1	0	0	0	0	0	0	0	0	
0.918	0.259259	-1.35769	0.0967742	3.85715	0.933181	0.373272	1	0	0	0	0	0	0	0	0	
0.919	0.259259	-1.35769	0.0967742	3.85715	0.933181	0.373272	1	0	0	0	0	0	0	0	0	
0.92	0.259259	-1.35769	0.0967742	3.85715	0.933181	0.373272	1	0	0	0	0	0	0	0	0	
0.921	0.259259	-1.35769	0.0967742	3.85715	0.933181	0.373272	1	0	0	0	0	0	0	0	0	
0.922	0.259259	-1.35769	0.0967742	3.85715	0.933181	0.373272	1	0	0	0	0	0	0	0	0	
0.923	0.259259	-1.35769	0.0967742	3.85715	0.933181	0.373272	1	0	0	0	0	0	0	0	0	
0.924	0.259259	-1.35769	0.0967742	3.85715	0.933181	0.373272	1	0	0	0	0	0	0	0	0	
0.925	0.259259	-1.35769	0.0967742	3.85715	0.933181	0.373272	1	0	0	0	0	0	0	0	0	
0.926	0.259259	-1.35769	0.0967742	3.85715	0.933181	0.373272	1	0	0	0	0	0	0	0	0	
0.927	0.259259	-1.35769	0.0967742	3.85715	0.933181	0.373272	1	0	0	0	0	0	0	0	0	
0.928	0.259259	-1.35769	0.0967742	3.85715	0.933181	0.373272	1	0	0	0	0	0	0	0	0	
0.929	0.259259	-1.35769	0.0967742	3.85715	0.933181	0.373272	1	0	0	0	0	0	0	0	0	
0.93	0.259259	-1.35769	0.0967742	3.85715	0.933181	0.373272	1	0	0	0	0	0	0	0	0	
0.931	0.259259	-1.35769	0.0967742	3.85715	0.933181	0.373272	1	0	0	0	0	0	0	0	0	
0.932	0.259259	-1.35769	0.0967742	3.85715	0.933181	0.373272	1	0	0	0	0	0	0	0	0	
0.933	0.259259	-1.35769	0.0967742	3.85715	0.933181	0.373272	1	0	0	0	0	0	0	0	0	
0.934	0.259259	-1.35769	0.0967742	3.85715	0.933181	0.373272	1	0	0	0	0	0	0	0	0	
0.935	0.259259	-1.35769	0.0967742	3.85715	0.933181	0.373272	1	0	0	0	0	0	0	0	0	
0.936	0.259259	-1.35769	0.0967742	3.85715	0.933181	0.373272	1	0	0	0	0	0	0	0	0	
0.937	0.259259	-1.35769	0.0967742	3.85715	0.933181	0.373272	1	0	0	0	0	0	0	0	0	
0.938	0.259259	-1.35769	0.0967742	3.85715	0.933181	0.373272	1	0	0	0	0	0	0	0	0	
0.939	0.259259	-1.35769	0.0967742	3.85715	0.933181	0.373272	1	0	0	0	0	0	0	0	0	
0.94	0.259259	-1.35769	0.0967742	3.85715	0.933181	0.373272	1	0	0	0	0	0	0	0	0	
0.941	0.259259	-1.35769	0.0967742	3.85715	0.933181	0.373272	1	0	0	0	0	0	0	0	0	
0.942	0.259259	-1.35769	0.0967742	3.85715	0.933181	0.373272	1	0	0	0	0	0	0	0	0	
0.943	0.259259	-1.35769	0.0967742	3.85715	0.933181	0.373272	1	0	0	0	0	0	0	0	0	
0.944	0.259259	-1.35769	0.0967742	3.85715	0.933181	0.373272	1	0	0	0	0	0	0	0	0	
0.945	0.259259	-1.35769	0.0967742	3.85715	0.933181	0.373272	1	0	0	0	0	0	0	0	0	
0.946	0.259259	-1.35769	0.0967742	3.85715	0.933181	0.373272	1	0	0	0	0	0	0	0	0	
0.947	0.259259	-1.35769	0.0967742	3.85715	0.933181	0.373272	1	0	0	0	0	0	0	0	0	
0.948	0.259259	-1.35769	0.0967742	3.85715	0.933181	0.373272	1	0	0	0	0	0	0	0	0	
0.949	0.259259	-1.35769	0.0967742	3.85715	0.933181	0.373272	1	0	0	0	0	0	0	0	0	
0.95	0.259259	-1.35769	0.0967742	3.85715	0.933181	0.373272	1	0	0	0	0	0	0	0	0	
0.951	0.259259	-1.35769	0.0967742	3.85715	0.933181	0.373272	1	0	0	0	0	0	0	0	0	
0.952	0.259259	-1.35769	0.0967742	3.85715	0.933181	0.373272	1	0	0	0	0	0	0	0	0	
0.953	0.259259	-1.35769	0.0967742	3.85715	0.933181	0.373272	1	0	0	0	0	0	0	0	0	
0.954	0.259259	-1.35769	0.0967742	3.85715	0.933181	0.373272	1	0	0	0	0	0	0	0	0	
0.955	0.259259	-1.35769	0.0967742	3.85715	0.933181	0.373272	1	0	0	0	0	0	0	0	0	
0.956	0.259259	-1.35769	0.0967742	3.85715	0.933181	0.373272	1	0	0	0	0	0	0	0	0	
0.957	0.259259	-1.35769	0.0967742	3.85715	0.933181	0.373272	1	0	0	0	0	0	0	0	0	
0.958	0.259259	-1.35769	0.0967742	3.85715	0.933181	0.373272	1	0	0	0	0	0	0	0	0	
0.959	0.259259	-1.35769	0.0967742	3.85715	0.933181	0.373272	1	0	0	0	0	0	0	0	0	
0.96	0.259259	-1.35769	0.0967742	3.85715	0.933181	0.373272	1	0	0	0	0	0	0	0	0	
0.961	0.259259	-1.35769	0.0967742	3.85715	0.933181	0.373272	1	0	0	0	0	0	0	0	0	
0.962	0.259259	-1.35769	0.0967742	3.85715	0.933181	0.373272	1	0	0	0	0	0	0	0	0	
0.963	0.259259	-1.35769	0.0967742	3.85715	0.933181	0.373272	1	0	0	0	0	0	0	0	0	
0.964	0.259259	-1.35769	0.0967742	3.85715	0.933181	0.373272	1	0	0	0	0	0	0	0	0	
0.965	0.259259	-1.35769	0.0967742	3.85715	0.933181	0.373272	1	0	0	0	0	0	0	0	0	
0.966	0.259259	-1.35769	0.0967742	3.85715	0.933181	0.373272	1	0	0	0	0	0	0	0	0	
0.967	0.259259	-1.35769	0.0967742	3.85715	0.933181	0.373272	1	0	0	0	0	0	0	0	0	
0.968	0.259259	-1.35769	0.0967742	3.85715	0.933181	0.373272	1	0	0	0	0	0	0	0	0	
0.969	0.259259	-1.35769	0.0967742	3.85715	0.933181	0.373272	1	0	0	0	0	0	0	0	0	
0.97	0.259259	-1.35769	0.0967742	3.85715	0.933181	0.373272	1	0	0	0	0	0	0	0	0	
0.971	0.259259	-1.35769	0.0967742	3.85715	0.933181	0.373272	1	0	0	0	0	0	0	0	0	
0.972	0.259259	-1.35769	0.0967742	3.85715	0.933181	0.373272	1	0	0	0	0	0	0	0	0	
0.973	0.259259	-1.35769	0.0967742	3.85715	0.933181	0.373272	1	0	0	0	0	0	0	0	0	
0.974	0.259259	-1.35769	0.0967742	3.85715	0.933181	0.373272	1	0	0	0	0	0	0	0	0	
0.975	0.259259	-1.35769	0.0967742	3.85715	0.933181	0.373272	1	0	0	0	0	0	0	0	0	
0.976	0.259259	-1.35769	0.0967742	3.85715	0.933181	0.373272	1	0	0	0	0	0	0	0	0	
0.977	0.259259	-1.35769	0.0967742	3.85715	0.933181	0.373272	1	0	0	0	0	0	0	0	0	
0.978	0.259259	-1.35769	0.0967742	3.85715	0.933181	0.373272	1	0	0	0	0	0	0	0	0	
0.979	0.259259	-1.35769	0.0967742	3.85715	0.933181	0.373272	1	0	0	0	0	0	0	0	0	
0.98	0.259259	-1.35769	0.0967742	3.85715	0.933181	0.373272	1	0	0	0	0	0	0	0	0	
0.981	0.259259	-1.35769	0.0967742	3.85715	0.933181	0.373272	1	0	0	0	0	0	0	0	0	
0.982	0.259259	-1.35769	0.0967742	3.85715	0.933181	0.373272	1	0	0	0	0	0	0	0	0	
0.983	0.259259	-1.35769	0.0967742	3.85715	0.933181	0.373272	1	0	0	0	0	0	0	0	0	
0.984	0.259259	-1.35769	0.0967742	3.85715	0.933181	0.373272	1	0	0	0	0	0	0	0	0	
0.985	0.259259	-1.35769	0.0967742	3.85715	0.933181	0.373272	1	0	0	0	0	0	0	0	0	
0.986	0.259259	-1.35769	0.0967742	3.85715	0.933181	0.373272	1	0	0	0	0	0	0	0	0	
0.987	0.259259	-1.35769	0.0967742	3.85715	0.933181	0.373272	1	0	0	0	0	0	0	0	0	
0.988	0.259259	-1.35769	0.0967742	3.85715	0.933181	0.373272	1	0	0	0	0	0	0	0	0	
0.989	0.259259	-1.35769	0.0967742	3.85715	0.933181	0.373272	1	0	0	0	0	0	0	0	0	
0.99	0.259259	-1.35769	0.0967742	3.85715	0.933181	0.373272	1	0	0	0	0	0	0	0	0	
0.991	0.259259	-1.35769	0.0967742	3.85715	0.933181	0.373272	1	0	0	0	0	0	0	0	0	
0.992	0.259259	-1.35769	0.0967742	3.85715	0.933181	0.373272	1	0	0	0	0	0	0	0	0	
0.993	0.259259	-1.35769	0.0967742	3.85715	0.933181	0.373272	1	0	0	0	0	0	0	0	0	
0.994	0.259259	-1.35769	0.0967742	3.85715	0.933181	0.373272	1	0	0	0	0	0	0	0	0	
0.995	0.259259	-1.35769	0.0967742	3.85715	0.933181	0.373272	1	0	0	0	0	0	0	0	0	
0.996	0.259259	-1.35769	0.0967742	3.85715	0.933181	0.373272	1	0	0	0	0	0	0	0	0	
0.997	0.259259	-1.35769	0.0967742	3.85715	0.933181	0.373272	1	0	0	0	0	0	0	0	0	
0.998	0.259259	-1.35769	0.0967742	3.85715	0.933181	0.373272	1	0	0	0	0	0	0	0	0	
0.999	0.259259	-1.35769	0.0967742	3.85715	0.933181	0.373272	1	0	0	0	0	0	0	0	0	
1	0.259259	-1.35769	0.0967742	3.85715	0.933181	0.373272	1	0	0	0	0	0	0	0	0	
