|||||||||||||||||||||||||||||||||***SIMULATION: detonation***||||||||||||||||||||||||||||||||||
Sanpshot time = 1.06. Timestep = 2307. Run time = 3 seconds
No. of cells = 1000
#Position	 Density	 Velocity	 Pressure	 Specific_Volume I_Energy	 Temperature	 Species
-0.001	0.826152	-0.00318512	1.34898	1.21043	4.08211	0	0.581972	0	0	0	0	0	0	0	0	
0	0.821837	-0.00111289	1.34922	1.21679	4.10427	0	0.575169	0	0	0	0	0	0	0	0	
0.001	0.821837	0.00111289	1.34922	1.21679	4.10427	1.64171	0.575169	0	0	0	0	0	0	0	0	
0.002	0.826152	0.00318512	1.34898	1.21043	4.08211	1.63284	0.581972	0	0	0	0	0	0	0	0	
0.003	0.797566	0.00616653	1.34978	1.25381	4.23094	1.69238	0.536004	0	0	0	0	0	0	0	0	
0.004	0.847561	0.00808737	1.34782	1.17986	3.97558	1.59023	0.614528	0	0	0	0	0	0	0	0	
0.005	0.767694	0.0119198	1.34997	1.3026	4.3962	1.75848	0.484419	0	0	0	0	0	0	0	0	
0.006	0.766195	0.0173669	1.34965	1.30515	4.40372	1.76149	0.482122	0	0	0	0	0	0	0	0	
0.007	0.792662	0.0220574	1.34743	1.26157	4.2497	1.69988	0.529553	0	0	0	0	0	0	0	0	
0.008	0.804407	0.0257296	1.34523	1.24315	4.18081	1.67233	0.550444	0	0	0	0	0	0	0	0	
0.009	0.822894	0.0284424	1.34261	1.21522	4.07893	1.63157	0.581384	0	0	0	0	0	0	0	0	
0.01	0.839774	0.0302246	1.3399	1.1908	3.98887	1.59555	0.608577	0	0	0	0	0	0	0	0	
0.011	0.84674	0.0314581	1.33746	1.181	3.94884	1.57954	0.620361	0	0	0	0	0	0	0	0	
0.012	0.855928	0.0323014	1.33499	1.16832	3.89924	1.5597	0.635047	0	0	0	0	0	0	0	0	
0.013	0.861792	0.0328536	1.33263	1.16037	3.86588	1.54635	0.644755	0	0	0	0	0	0	0	0	
0.014	0.8602	0.0333632	1.33054	1.16252	3.86694	1.54678	0.643941	0	0	0	0	0	0	0	0	
0.015	0.860377	0.0339075	1.32847	1.16228	3.86015	1.54406	0.645547	0	0	0	0	0	0	0	0	
0.016	0.861414	0.0344543	1.32642	1.16088	3.84956	1.53982	0.648326	0	0	0	0	0	0	0	0	
0.017	0.859384	0.0350622	1.32449	1.16362	3.85302	1.54121	0.646811	0	0	0	0	0	0	0	0	
0.018	0.857138	0.0357781	1.3226	1.16667	3.85761	1.54304	0.64496	0	0	0	0	0	0	0	0	
0.019	0.855939	0.0365842	1.32071	1.16831	3.85749	1.543	0.644559	0	0	0	0	0	0	0	0	
0.02	0.855252	0.0374516	1.31881	1.16925	3.85504	1.54201	0.644874	0	0	0	0	0	0	0	0	
0.021	0.855168	0.0383548	1.3169	1.16936	3.84982	1.53993	0.646037	0	0	0	0	0	0	0	0	
0.022	0.85518	0.0392798	1.31497	1.16935	3.84414	1.53766	0.647343	0	0	0	0	0	0	0	0	
0.023	0.855665	0.0402116	1.31303	1.16868	3.83628	1.53451	0.649323	0	0	0	0	0	0	0	0	
0.024	0.857007	0.0411225	1.31105	1.16685	3.82452	1.52981	0.652506	0	0	0	0	0	0	0	0	
0.025	0.858318	0.0419999	1.30907	1.16507	3.81289	1.52516	0.655659	0	0	0	0	0	0	0	0	
0.026	0.859488	0.0428465	1.30708	1.16348	3.80191	1.52077	0.658624	0	0	0	0	0	0	0	0	
0.027	0.861046	0.043656	1.30508	1.16138	3.78922	1.51569	0.662127	0	0	0	0	0	0	0	0	
0.028	0.862644	0.0444236	1.30307	1.15923	3.77638	1.51055	0.665683	0	0	0	0	0	0	0	0	
0.029	0.863797	0.0451585	1.30107	1.15768	3.76555	1.50622	0.668631	0	0	0	0	0	0	0	0	
0.03	0.86464	0.0458739	1.29908	1.15655	3.75614	1.50245	0.671153	0	0	0	0	0	0	0	0	
0.031	0.86547	0.0465753	1.2971	1.15544	3.7468	1.49872	0.673653	0	0	0	0	0	0	0	0	
0.032	0.866489	0.0472598	1.29511	1.15408	3.73666	1.49466	0.676401	0	0	0	0	0	0	0	0	
0.033	0.867776	0.0479202	1.29312	1.15237	3.72538	1.49015	0.679498	0	0	0	0	0	0	0	0	
0.034	0.869285	0.0485488	1.29112	1.15037	3.71317	1.48527	0.682876	0	0	0	0	0	0	0	0	
0.035	0.870945	0.0491404	1.28913	1.14818	3.70037	1.48015	0.686438	0	0	0	0	0	0	0	0	
0.036	0.872672	0.0496925	1.28714	1.14591	3.68734	1.47494	0.690069	0	0	0	0	0	0	0	0	
0.037	0.874383	0.0502056	1.28515	1.14366	3.67445	1.46978	0.693655	0	0	0	0	0	0	0	0	
0.038	0.876073	0.0506811	1.28318	1.14146	3.66173	1.46469	0.697193	0	0	0	0	0	0	0	0	
0.039	0.877773	0.0511205	1.28122	1.13925	3.64905	1.45962	0.700719	0	0	0	0	0	0	0	0	
0.04	0.879507	0.051524	1.27926	1.137	3.63631	1.45452	0.704264	0	0	0	0	0	0	0	0	
0.041	0.881343	0.0518907	1.27733	1.13463	3.62324	1.4493	0.707912	0	0	0	0	0	0	0	0	
0.042	0.883304	0.0522185	1.2754	1.13211	3.60974	1.4439	0.711689	0	0	0	0	0	0	0	0	
0.043	0.885267	0.0525072	1.27349	1.1296	3.59635	1.43854	0.715437	0	0	0	0	0	0	0	0	
0.044	0.887045	0.0527609	1.27161	1.12734	3.58382	1.43353	0.718924	0	0	0	0	0	0	0	0	
0.045	0.888512	0.0529871	1.26974	1.12548	3.57267	1.42907	0.721997	0	0	0	0	0	0	0	0	
0.046	0.889593	0.0531958	1.26791	1.12411	3.56318	1.42527	0.724572	0	0	0	0	0	0	0	0	
0.047	0.89024	0.0533979	1.26611	1.12329	3.55553	1.42221	0.726594	0	0	0	0	0	0	0	0	
0.048	0.890536	0.0536031	1.26434	1.12292	3.54937	1.41975	0.728169	0	0	0	0	0	0	0	0	
0.049	0.890772	0.053816	1.26258	1.12262	3.54351	1.4174	0.729658	0	0	0	0	0	0	0	0	
0.05	0.891335	0.0540324	1.26085	1.12191	3.5364	1.41456	0.731528	0	0	0	0	0	0	0	0	
0.051	0.892446	0.0542415	1.25912	1.12052	3.52716	1.41086	0.734047	0	0	0	0	0	0	0	0	
0.052	0.89404	0.0544315	1.2574	1.11852	3.51607	1.40643	0.737126	0	0	0	0	0	0	0	0	
0.053	0.895835	0.0545953	1.2557	1.11628	3.50426	1.4017	0.740423	0	0	0	0	0	0	0	0	
0.054	0.897522	0.0547328	1.25401	1.11418	3.49298	1.39719	0.743564	0	0	0	0	0	0	0	0	
0.055	0.898907	0.0548493	1.25235	1.11246	3.48297	1.39319	0.746323	0	0	0	0	0	0	0	0	
0.056	0.89995	0.0549523	1.25071	1.11117	3.47439	1.38975	0.748658	0	0	0	0	0	0	0	0	
0.057	0.900723	0.0550484	1.2491	1.11022	3.46693	1.38677	0.750657	0	0	0	0	0	0	0	0	
0.058	0.901339	0.0551423	1.24751	1.10946	3.46015	1.38406	0.752456	0	0	0	0	0	0	0	0	
0.059	0.901904	0.055236	1.24594	1.10877	3.45363	1.38145	0.754179	0	0	0	0	0	0	0	0	
0.06	0.902491	0.0553297	1.24439	1.10804	3.44709	1.37884	0.755912	0	0	0	0	0	0	0	0	
0.061	0.903138	0.0554225	1.24285	1.10725	3.44038	1.37615	0.757701	0	0	0	0	0	0	0	0	
0.062	0.90386	0.0555129	1.24134	1.10637	3.43343	1.37337	0.759562	0	0	0	0	0	0	0	0	
0.063	0.904653	0.0555994	1.23984	1.1054	3.42628	1.37051	0.761489	0	0	0	0	0	0	0	0	
0.064	0.905502	0.0556808	1.23835	1.10436	3.41897	1.36759	0.763464	0	0	0	0	0	0	0	0	
0.065	0.906384	0.0557563	1.23689	1.10329	3.4116	1.36464	0.765463	0	0	0	0	0	0	0	0	
0.066	0.907276	0.0558255	1.23544	1.1022	3.40424	1.3617	0.767458	0	0	0	0	0	0	0	0	
0.067	0.908158	0.0558886	1.234	1.10113	3.39699	1.3588	0.769425	0	0	0	0	0	0	0	0	
0.068	0.909016	0.0559458	1.23258	1.10009	3.38988	1.35595	0.77135	0	0	0	0	0	0	0	0	
0.069	0.909847	0.0559976	1.23118	1.09909	3.38294	1.35318	0.77323	0	0	0	0	0	0	0	0	
0.07	0.910646	0.0560447	1.2298	1.09812	3.37617	1.35047	0.775061	0	0	0	0	0	0	0	0	
0.071	0.911392	0.0560879	1.22843	1.09722	3.36965	1.34786	0.776818	0	0	0	0	0	0	0	0	
0.072	0.91203	0.0561286	1.22708	1.09646	3.36359	1.34544	0.778443	0	0	0	0	0	0	0	0	
0.073	0.912498	0.0561691	1.22574	1.09589	3.35821	1.34328	0.779867	0	0	0	0	0	0	0	0	
0.074	0.912787	0.0562123	1.22443	1.09555	3.35354	1.34142	0.781083	0	0	0	0	0	0	0	0	
0.075	0.913003	0.0562599	1.22313	1.09529	3.34918	1.33967	0.782209	0	0	0	0	0	0	0	0	
0.076	0.913354	0.0563112	1.22184	1.09487	3.34437	1.33775	0.783471	0	0	0	0	0	0	0	0	
0.077	0.91405	0.0563619	1.22056	1.09403	3.33834	1.33533	0.785099	0	0	0	0	0	0	0	0	
0.078	0.915181	0.0564057	1.21929	1.09268	3.33074	1.3323	0.787188	0	0	0	0	0	0	0	0	
0.079	0.91667	0.0564368	1.21803	1.09091	3.3219	1.32876	0.789649	0	0	0	0	0	0	0	0	
0.08	0.918314	0.0564516	1.21678	1.08895	3.31255	1.32502	0.792258	0	0	0	0	0	0	0	0	
0.081	0.919889	0.0564502	1.21555	1.08709	3.30352	1.32141	0.794776	0	0	0	0	0	0	0	0	
0.082	0.921244	0.056435	1.21433	1.08549	3.29535	1.31814	0.797039	0	0	0	0	0	0	0	0	
0.083	0.922327	0.05641	1.21313	1.08421	3.28822	1.31529	0.798999	0	0	0	0	0	0	0	0	
0.084	0.923175	0.056379	1.21194	1.08322	3.28199	1.31279	0.800696	0	0	0	0	0	0	0	0	
0.085	0.92386	0.0563448	1.21077	1.08242	3.27639	1.31055	0.802208	0	0	0	0	0	0	0	0	
0.086	0.924453	0.0563091	1.20961	1.08172	3.27116	1.30846	0.803612	0	0	0	0	0	0	0	0	
0.087	0.925004	0.056273	1.20847	1.08108	3.26613	1.30645	0.804961	0	0	0	0	0	0	0	0	
0.088	0.92554	0.0562369	1.20735	1.08045	3.26119	1.30448	0.806284	0	0	0	0	0	0	0	0	
0.089	0.926073	0.0562007	1.20623	1.07983	3.25631	1.30252	0.807593	0	0	0	0	0	0	0	0	
0.09	0.92661	0.0561645	1.20513	1.0792	3.25146	1.30058	0.808896	0	0	0	0	0	0	0	0	
0.091	0.927157	0.0561281	1.20405	1.07857	3.24661	1.29864	0.810199	0	0	0	0	0	0	0	0	
0.092	0.927718	0.0560914	1.20297	1.07791	3.24175	1.2967	0.811506	0	0	0	0	0	0	0	0	
0.093	0.928299	0.0560542	1.20191	1.07724	3.23686	1.29474	0.812824	0	0	0	0	0	0	0	0	
0.094	0.928899	0.0560162	1.20086	1.07654	3.23194	1.29278	0.814151	0	0	0	0	0	0	0	0	
0.095	0.929511	0.0559771	1.19982	1.07583	3.22702	1.29081	0.815482	0	0	0	0	0	0	0	0	
0.096	0.930113	0.0559371	1.19879	1.07514	3.22217	1.28887	0.816793	0	0	0	0	0	0	0	0	
0.097	0.930662	0.0558965	1.19778	1.0745	3.21754	1.28702	0.81804	0	0	0	0	0	0	0	0	
0.098	0.931105	0.0558563	1.19677	1.07399	3.21332	1.28533	0.819173	0	0	0	0	0	0	0	0	
0.099	0.931411	0.0558179	1.19578	1.07364	3.2096	1.28384	0.82016	0	0	0	0	0	0	0	0	
0.1	0.931612	0.0557827	1.1948	1.07341	3.20628	1.28251	0.821034	0	0	0	0	0	0	0	0	
0.101	0.93181	0.055751	1.19383	1.07318	3.203	1.2812	0.821899	0	0	0	0	0	0	0	0	
0.102	0.932146	0.0557219	1.19288	1.07279	3.19927	1.27971	0.822893	0	0	0	0	0	0	0	0	
0.103	0.932727	0.0556932	1.19192	1.07212	3.19473	1.27789	0.824123	0	0	0	0	0	0	0	0	
0.104	0.933572	0.0556619	1.19098	1.07116	3.18931	1.27572	0.825605	0	0	0	0	0	0	0	0	
0.105	0.9346	0.0556258	1.19004	1.06998	3.1833	1.27332	0.827259	0	0	0	0	0	0	0	0	
0.106	0.935674	0.0555838	1.18912	1.06875	3.17716	1.27087	0.828948	0	0	0	0	0	0	0	0	
0.107	0.936662	0.0555361	1.1882	1.06762	3.17136	1.26855	0.830542	0	0	0	0	0	0	0	0	
0.108	0.93748	0.0554843	1.18729	1.06669	3.16618	1.26647	0.831962	0	0	0	0	0	0	0	0	
0.109	0.938115	0.0554302	1.18639	1.06597	3.16164	1.26466	0.833195	0	0	0	0	0	0	0	0	
0.11	0.938604	0.0553755	1.18551	1.06541	3.15764	1.26305	0.834279	0	0	0	0	0	0	0	0	
0.111	0.939012	0.0553212	1.18463	1.06495	3.15393	1.26157	0.835278	0	0	0	0	0	0	0	0	
0.112	0.939404	0.0552677	1.18376	1.0645	3.1503	1.26012	0.836253	0	0	0	0	0	0	0	0	
0.113	0.939824	0.055215	1.18291	1.06403	3.14661	1.25865	0.837248	0	0	0	0	0	0	0	0	
0.114	0.94029	0.0551627	1.18206	1.0635	3.14279	1.25712	0.838281	0	0	0	0	0	0	0	0	
0.115	0.940797	0.0551102	1.18121	1.06293	3.13887	1.25555	0.839345	0	0	0	0	0	0	0	0	
0.116	0.941322	0.0550572	1.18038	1.06234	3.1349	1.25396	0.840419	0	0	0	0	0	0	0	0	
0.117	0.941837	0.0550037	1.17956	1.06176	3.131	1.2524	0.841477	0	0	0	0	0	0	0	0	
0.118	0.942315	0.0549499	1.17874	1.06122	3.12724	1.2509	0.842495	0	0	0	0	0	0	0	0	
0.119	0.942743	0.0548962	1.17793	1.06073	3.12368	1.24947	0.843459	0	0	0	0	0	0	0	0	
0.12	0.943118	0.0548429	1.17713	1.06031	3.12032	1.24813	0.844367	0	0	0	0	0	0	0	0	
0.121	0.943448	0.0547905	1.17634	1.05994	3.11713	1.24685	0.845227	0	0	0	0	0	0	0	0	
0.122	0.943746	0.0547393	1.17556	1.05961	3.11407	1.24563	0.846052	0	0	0	0	0	0	0	0	
0.123	0.944026	0.0546895	1.17478	1.05929	3.11109	1.24444	0.846855	0	0	0	0	0	0	0	0	
0.124	0.944305	0.0546411	1.17401	1.05898	3.10814	1.24326	0.847652	0	0	0	0	0	0	0	0	
0.125	0.944609	0.0545939	1.17325	1.05864	3.10513	1.24205	0.848466	0	0	0	0	0	0	0	0	
0.126	0.94497	0.0545476	1.1725	1.05823	3.10194	1.24078	0.849328	0	0	0	0	0	0	0	0	
0.127	0.945424	0.0545014	1.17175	1.05773	3.09847	1.23939	0.85027	0	0	0	0	0	0	0	0	
0.128	0.945986	0.0544544	1.17101	1.0571	3.09467	1.23787	0.851305	0	0	0	0	0	0	0	0	
0.129	0.946644	0.0544059	1.17027	1.05636	3.09057	1.23623	0.852422	0	0	0	0	0	0	0	0	
0.13	0.947354	0.0543552	1.16954	1.05557	3.08633	1.23453	0.85358	0	0	0	0	0	0	0	0	
0.131	0.948055	0.0543023	1.16881	1.05479	3.08213	1.23285	0.854725	0	0	0	0	0	0	0	0	
0.132	0.948694	0.0542474	1.1681	1.05408	3.07817	1.23127	0.855807	0	0	0	0	0	0	0	0	
0.133	0.949237	0.0541912	1.16738	1.05348	3.07454	1.22981	0.856797	0	0	0	0	0	0	0	0	
0.134	0.94968	0.0541346	1.16668	1.05299	3.07124	1.2285	0.857692	0	0	0	0	0	0	0	0	
0.135	0.950048	0.0540782	1.16598	1.05258	3.06822	1.22729	0.858514	0	0	0	0	0	0	0	0	
0.136	0.950373	0.0540225	1.16529	1.05222	3.06535	1.22614	0.859294	0	0	0	0	0	0	0	0	
0.137	0.950688	0.0539676	1.1646	1.05187	3.06253	1.22501	0.86006	0	0	0	0	0	0	0	0	
0.138	0.951015	0.0539135	1.16392	1.05151	3.05969	1.22387	0.860832	0	0	0	0	0	0	0	0	
0.139	0.951361	0.0538601	1.16325	1.05113	3.0568	1.22272	0.861616	0	0	0	0	0	0	0	0	
0.14	0.951719	0.0538072	1.16258	1.05073	3.05389	1.22156	0.862407	0	0	0	0	0	0	0	0	
0.141	0.95208	0.0537548	1.16192	1.05033	3.05099	1.2204	0.863196	0	0	0	0	0	0	0	0	
0.142	0.952434	0.0537028	1.16126	1.04994	3.04813	1.21925	0.863974	0	0	0	0	0	0	0	0	
0.143	0.952779	0.0536514	1.16061	1.04956	3.04532	1.21813	0.864741	0	0	0	0	0	0	0	0	
0.144	0.95312	0.0536004	1.15996	1.04919	3.04253	1.21701	0.8655	0	0	0	0	0	0	0	0	
0.145	0.953464	0.0535499	1.15932	1.04881	3.03975	1.2159	0.866258	0	0	0	0	0	0	0	0	
0.146	0.953814	0.0534999	1.15868	1.04842	3.03696	1.21478	0.867017	0	0	0	0	0	0	0	0	
0.147	0.954163	0.0534502	1.15805	1.04804	3.03419	1.21368	0.867772	0	0	0	0	0	0	0	0	
0.148	0.954502	0.053401	1.15742	1.04767	3.03147	1.21259	0.868513	0	0	0	0	0	0	0	0	
0.149	0.954823	0.0533523	1.1568	1.04731	3.02882	1.21153	0.869236	0	0	0	0	0	0	0	0	
0.15	0.95513	0.0533041	1.15618	1.04698	3.02624	1.21049	0.869942	0	0	0	0	0	0	0	0	
0.151	0.955439	0.0532566	1.15557	1.04664	3.02366	1.20946	0.870647	0	0	0	0	0	0	0	0	
0.152	0.955772	0.0532096	1.15496	1.04627	3.02101	1.20841	0.871368	0	0	0	0	0	0	0	0	
0.153	0.956148	0.0531627	1.15436	1.04586	3.01825	1.2073	0.872122	0	0	0	0	0	0	0	0	
0.154	0.956571	0.0531158	1.15376	1.0454	3.01535	1.20614	0.872913	0	0	0	0	0	0	0	0	
0.155	0.95703	0.0530685	1.15316	1.0449	3.01235	1.20494	0.87373	0	0	0	0	0	0	0	0	
0.156	0.9575	0.0530206	1.15257	1.04439	3.00933	1.20373	0.874552	0	0	0	0	0	0	0	0	
0.157	0.957952	0.0529723	1.15199	1.04389	3.00638	1.20255	0.875355	0	0	0	0	0	0	0	0	
0.158	0.958368	0.0529236	1.15141	1.04344	3.00356	1.20143	0.876124	0	0	0	0	0	0	0	0	
0.159	0.958738	0.0528747	1.15083	1.04304	3.0009	1.20036	0.87685	0	0	0	0	0	0	0	0	
0.16	0.959069	0.0528261	1.15026	1.04268	2.99838	1.19935	0.87754	0	0	0	0	0	0	0	0	
0.161	0.959376	0.0527777	1.1497	1.04234	2.99595	1.19838	0.878207	0	0	0	0	0	0	0	0	
0.162	0.959676	0.0527297	1.14913	1.04202	2.99355	1.19742	0.878865	0	0	0	0	0	0	0	0	
0.163	0.95998	0.0526821	1.14858	1.04169	2.99115	1.19646	0.879522	0	0	0	0	0	0	0	0	
0.164	0.96029	0.0526348	1.14802	1.04135	2.98874	1.1955	0.88018	0	0	0	0	0	0	0	0	
0.165	0.960603	0.0525877	1.14748	1.04101	2.98635	1.19454	0.880838	0	0	0	0	0	0	0	0	
0.166	0.960913	0.0525408	1.14693	1.04068	2.98397	1.19359	0.881489	0	0	0	0	0	0	0	0	
0.167	0.961217	0.0524941	1.14639	1.04035	2.98162	1.19265	0.882134	0	0	0	0	0	0	0	0	
0.168	0.961519	0.0524477	1.14586	1.04002	2.9793	1.19172	0.882772	0	0	0	0	0	0	0	0	
0.169	0.961823	0.0524014	1.14533	1.03969	2.97698	1.19079	0.883409	0	0	0	0	0	0	0	0	
0.17	0.962133	0.0523552	1.14481	1.03936	2.97465	1.18986	0.884048	0	0	0	0	0	0	0	0	
0.171	0.962453	0.0523091	1.14428	1.03901	2.97231	1.18893	0.88469	0	0	0	0	0	0	0	0	
0.172	0.962781	0.0522631	1.14377	1.03866	2.96996	1.18798	0.885337	0	0	0	0	0	0	0	0	
0.173	0.963116	0.052217	1.14326	1.0383	2.9676	1.18704	0.885986	0	0	0	0	0	0	0	0	
0.174	0.963456	0.0521708	1.14275	1.03793	2.96523	1.18609	0.886635	0	0	0	0	0	0	0	0	
0.175	0.963798	0.0521245	1.14224	1.03756	2.96288	1.18515	0.887283	0	0	0	0	0	0	0	0	
0.176	0.964134	0.0520782	1.14175	1.0372	2.96055	1.18422	0.887923	0	0	0	0	0	0	0	0	
0.177	0.964458	0.0520319	1.14125	1.03685	2.95827	1.18331	0.88855	0	0	0	0	0	0	0	0	
0.178	0.964762	0.0519858	1.14076	1.03652	2.95606	1.18242	0.889158	0	0	0	0	0	0	0	0	
0.179	0.965042	0.05194	1.14027	1.03622	2.95394	1.18158	0.889745	0	0	0	0	0	0	0	0	
0.18	0.9653	0.0518946	1.13979	1.03595	2.9519	1.18076	0.89031	0	0	0	0	0	0	0	0	
0.181	0.965541	0.0518497	1.13931	1.03569	2.94992	1.17997	0.890861	0	0	0	0	0	0	0	0	
0.182	0.965778	0.0518056	1.13883	1.03543	2.94796	1.17919	0.891405	0	0	0	0	0	0	0	0	
0.183	0.966021	0.0517622	1.13836	1.03517	2.946	1.1784	0.891951	0	0	0	0	0	0	0	0	
0.184	0.966278	0.0517194	1.13789	1.0349	2.944	1.1776	0.892506	0	0	0	0	0	0	0	0	
0.185	0.966554	0.0516773	1.13742	1.0346	2.94195	1.17678	0.893074	0	0	0	0	0	0	0	0	
0.186	0.966851	0.0516357	1.13696	1.03429	2.93985	1.17594	0.893655	0	0	0	0	0	0	0	0	
0.187	0.967163	0.0515946	1.1365	1.03395	2.93771	1.17508	0.894246	0	0	0	0	0	0	0	0	
0.188	0.967486	0.051554	1.13604	1.03361	2.93555	1.17422	0.894842	0	0	0	0	0	0	0	0	
0.189	0.967813	0.0515138	1.13559	1.03326	2.93338	1.17335	0.895439	0	0	0	0	0	0	0	0	
0.19	0.968135	0.0514741	1.13513	1.03291	2.93124	1.17249	0.896031	0	0	0	0	0	0	0	0	
0.191	0.96845	0.0514349	1.13468	1.03258	2.92912	1.17165	0.896613	0	0	0	0	0	0	0	0	
0.192	0.968752	0.0513962	1.13424	1.03226	2.92706	1.17082	0.897185	0	0	0	0	0	0	0	0	
0.193	0.96904	0.0513581	1.13379	1.03195	2.92504	1.17002	0.897743	0	0	0	0	0	0	0	0	
0.194	0.969313	0.0513206	1.13335	1.03166	2.92307	1.16923	0.898289	0	0	0	0	0	0	0	0	
0.195	0.969573	0.0512838	1.13291	1.03138	2.92115	1.16846	0.898821	0	0	0	0	0	0	0	0	
0.196	0.969819	0.0512478	1.13247	1.03112	2.91928	1.16771	0.899342	0	0	0	0	0	0	0	0	
0.197	0.970053	0.0512125	1.13204	1.03087	2.91746	1.16698	0.899852	0	0	0	0	0	0	0	0	
0.198	0.970282	0.0511779	1.1316	1.03063	2.91566	1.16626	0.900355	0	0	0	0	0	0	0	0	
0.199	0.970511	0.0511439	1.13117	1.03039	2.91386	1.16554	0.900857	0	0	0	0	0	0	0	0	
0.2	0.97075	0.0511106	1.13074	1.03013	2.91204	1.16482	0.901365	0	0	0	0	0	0	0	0	
0.201	0.971008	0.0510776	1.13032	1.02986	2.91017	1.16407	0.901884	0	0	0	0	0	0	0	0	
0.202	0.971285	0.0510449	1.1299	1.02956	2.90825	1.1633	0.902416	0	0	0	0	0	0	0	0	
0.203	0.971579	0.0510123	1.12948	1.02925	2.90629	1.16252	0.902958	0	0	0	0	0	0	0	0	
0.204	0.971881	0.0509797	1.12906	1.02893	2.90431	1.16172	0.903503	0	0	0	0	0	0	0	0	
0.205	0.97218	0.0509471	1.12864	1.02862	2.90235	1.16094	0.904044	0	0	0	0	0	0	0	0	
0.206	0.972467	0.0509143	1.12823	1.02831	2.90043	1.16017	0.904575	0	0	0	0	0	0	0	0	
0.207	0.972737	0.0508813	1.12782	1.02803	2.89858	1.15943	0.905091	0	0	0	0	0	0	0	0	
0.208	0.97299	0.0508484	1.12741	1.02776	2.89678	1.15871	0.905592	0	0	0	0	0	0	0	0	
0.209	0.973229	0.0508153	1.12701	1.02751	2.89503	1.15801	0.906081	0	0	0	0	0	0	0	0	
0.21	0.97346	0.0507822	1.12661	1.02726	2.89331	1.15732	0.906562	0	0	0	0	0	0	0	0	
0.211	0.973686	0.0507491	1.12621	1.02702	2.89162	1.15665	0.907037	0	0	0	0	0	0	0	0	
0.212	0.973913	0.050716	1.12582	1.02679	2.88993	1.15597	0.907511	0	0	0	0	0	0	0	0	
0.213	0.974142	0.0506827	1.12542	1.02654	2.88824	1.1553	0.907984	0	0	0	0	0	0	0	0	
0.214	0.974373	0.0506494	1.12503	1.0263	2.88655	1.15462	0.908457	0	0	0	0	0	0	0	0	
0.215	0.974608	0.050616	1.12465	1.02605	2.88487	1.15395	0.908931	0	0	0	0	0	0	0	0	
0.216	0.974844	0.0505825	1.12426	1.0258	2.88318	1.15327	0.909404	0	0	0	0	0	0	0	0	
0.217	0.975082	0.050549	1.12388	1.02556	2.8815	1.1526	0.909875	0	0	0	0	0	0	0	0	
0.218	0.975317	0.0505154	1.1235	1.02531	2.87983	1.15193	0.910344	0	0	0	0	0	0	0	0	
0.219	0.975548	0.0504818	1.12312	1.02506	2.87818	1.15127	0.910807	0	0	0	0	0	0	0	0	
0.22	0.975767	0.0504483	1.12275	1.02483	2.87658	1.15063	0.91126	0	0	0	0	0	0	0	0	
0.221	0.975968	0.0504149	1.12238	1.02462	2.87503	1.15001	0.911699	0	0	0	0	0	0	0	0	
0.222	0.976146	0.0503818	1.12201	1.02444	2.87356	1.14942	0.91212	0	0	0	0	0	0	0	0	
0.223	0.976302	0.0503491	1.12164	1.02427	2.87216	1.14886	0.912525	0	0	0	0	0	0	0	0	
0.224	0.976449	0.0503169	1.12127	1.02412	2.87079	1.14832	0.912921	0	0	0	0	0	0	0	0	
0.225	0.976608	0.0502852	1.12091	1.02395	2.8694	1.14776	0.913324	0	0	0	0	0	0	0	0	
0.226	0.976805	0.0502539	1.12055	1.02375	2.86789	1.14716	0.913752	0	0	0	0	0	0	0	0	
0.227	0.977059	0.0502228	1.12019	1.02348	2.86622	1.14649	0.914217	0	0	0	0	0	0	0	0	
0.228	0.977374	0.0501916	1.11983	1.02315	2.86439	1.14575	0.914723	0	0	0	0	0	0	0	0	
0.229	0.977735	0.0501603	1.11947	1.02277	2.86241	1.14497	0.915259	0	0	0	0	0	0	0	0	
0.23	0.978116	0.0501285	1.11912	1.02237	2.86039	1.14416	0.915807	0	0	0	0	0	0	0	0	
0.231	0.978485	0.0500964	1.11876	1.02199	2.85841	1.14336	0.916345	0	0	0	0	0	0	0	0	
0.232	0.978818	0.050064	1.11841	1.02164	2.85654	1.14262	0.916857	0	0	0	0	0	0	0	0	
0.233	0.9791	0.0500315	1.11806	1.02135	2.85483	1.14193	0.917333	0	0	0	0	0	0	0	0	
0.234	0.979333	0.049999	1.11772	1.0211	2.85326	1.1413	0.917773	0	0	0	0	0	0	0	0	
0.235	0.979526	0.0499667	1.11737	1.0209	2.85182	1.14073	0.918186	0	0	0	0	0	0	0	0	
0.236	0.979694	0.0499347	1.11703	1.02073	2.85045	1.14018	0.91858	0	0	0	0	0	0	0	0	
0.237	0.979852	0.0499029	1.11669	1.02056	2.84912	1.13965	0.918965	0	0	0	0	0	0	0	0	
0.238	0.980013	0.0498715	1.11635	1.0204	2.84779	1.13912	0.919351	0	0	0	0	0	0	0	0	
0.239	0.980182	0.0498403	1.11601	1.02022	2.84643	1.13857	0.919741	0	0	0	0	0	0	0	0	
0.24	0.980364	0.0498093	1.11567	1.02003	2.84505	1.13802	0.920139	0	0	0	0	0	0	0	0	
0.241	0.980558	0.0497784	1.11534	1.01983	2.84364	1.13746	0.920542	0	0	0	0	0	0	0	0	
0.242	0.980761	0.0497475	1.11501	1.01962	2.84221	1.13688	0.92095	0	0	0	0	0	0	0	0	
0.243	0.980969	0.0497165	1.11468	1.0194	2.84076	1.1363	0.921361	0	0	0	0	0	0	0	0	
0.244	0.981179	0.0496855	1.11435	1.01918	2.83932	1.13573	0.921771	0	0	0	0	0	0	0	0	
0.245	0.981386	0.0496545	1.11403	1.01897	2.83789	1.13516	0.922177	0	0	0	0	0	0	0	0	
0.246	0.981584	0.0496234	1.1137	1.01876	2.8365	1.1346	0.922576	0	0	0	0	0	0	0	0	
0.247	0.981769	0.0495923	1.11338	1.01857	2.83515	1.13406	0.922965	0	0	0	0	0	0	0	0	
0.248	0.981942	0.0495613	1.11306	1.01839	2.83383	1.13353	0.923346	0	0	0	0	0	0	0	0	
0.249	0.98211	0.0495304	1.11275	1.01822	2.83254	1.13302	0.923721	0	0	0	0	0	0	0	0	
0.25	0.982285	0.0494996	1.11243	1.01803	2.83124	1.13249	0.924099	0	0	0	0	0	0	0	0	
0.251	0.982477	0.049469	1.11212	1.01784	2.82989	1.13195	0.924488	0	0	0	0	0	0	0	0	
0.252	0.982695	0.0494384	1.11181	1.01761	2.82846	1.13139	0.924891	0	0	0	0	0	0	0	0	
0.253	0.982939	0.0494079	1.1115	1.01736	2.82697	1.13079	0.92531	0	0	0	0	0	0	0	0	
0.254	0.983201	0.0493773	1.11119	1.01709	2.82544	1.13017	0.925738	0	0	0	0	0	0	0	0	
0.255	0.983468	0.0493468	1.11088	1.01681	2.82389	1.12956	0.926168	0	0	0	0	0	0	0	0	
0.256	0.983726	0.0493164	1.11058	1.01654	2.82237	1.12895	0.926592	0	0	0	0	0	0	0	0	
0.257	0.983968	0.0492862	1.11027	1.01629	2.8209	1.12836	0.927004	0	0	0	0	0	0	0	0	
0.258	0.984191	0.0492563	1.10997	1.01606	2.8195	1.1278	0.927403	0	0	0	0	0	0	0	0	
0.259	0.984396	0.0492269	1.10967	1.01585	2.81814	1.12726	0.92779	0	0	0	0	0	0	0	0	
0.26	0.98459	0.049198	1.10937	1.01565	2.81683	1.12673	0.928168	0	0	0	0	0	0	0	0	
0.261	0.984776	0.0491698	1.10907	1.01546	2.81553	1.12621	0.92854	0	0	0	0	0	0	0	0	
0.262	0.984959	0.0491422	1.10877	1.01527	2.81425	1.1257	0.92891	0	0	0	0	0	0	0	0	
0.263	0.985141	0.0491155	1.10847	1.01508	2.81298	1.12519	0.929279	0	0	0	0	0	0	0	0	
0.264	0.985323	0.0490895	1.10817	1.0149	2.8117	1.12468	0.929646	0	0	0	0	0	0	0	0	
0.265	0.985505	0.0490643	1.10788	1.01471	2.81043	1.12417	0.930012	0	0	0	0	0	0	0	0	
0.266	0.985687	0.04904	1.10758	1.01452	2.80916	1.12366	0.930378	0	0	0	0	0	0	0	0	
0.267	0.985867	0.0490166	1.10729	1.01434	2.8079	1.12316	0.930742	0	0	0	0	0	0	0	0	
0.268	0.986042	0.048994	1.10699	1.01416	2.80665	1.12266	0.931102	0	0	0	0	0	0	0	0	
0.269	0.986208	0.0489723	1.1067	1.01398	2.80543	1.12217	0.931456	0	0	0	0	0	0	0	0	
0.27	0.986357	0.0489514	1.1064	1.01383	2.80426	1.12171	0.931799	0	0	0	0	0	0	0	0	
0.271	0.986485	0.0489314	1.10611	1.0137	2.80316	1.12126	0.932129	0	0	0	0	0	0	0	0	
0.272	0.986593	0.0489124	1.10582	1.01359	2.80211	1.12084	0.932446	0	0	0	0	0	0	0	0	
0.273	0.986692	0.0488942	1.10552	1.01349	2.80109	1.12044	0.932757	0	0	0	0	0	0	0	0	
0.274	0.986802	0.0488769	1.10523	1.01337	2.80004	1.12002	0.933074	0	0	0	0	0	0	0	0	
0.275	0.986947	0.0488601	1.10494	1.01323	2.79889	1.11956	0.93341	0	0	0	0	0	0	0	0	
0.276	0.987144	0.0488438	1.10465	1.01302	2.7976	1.11904	0.933776	0	0	0	0	0	0	0	0	
0.277	0.987395	0.0488277	1.10437	1.01277	2.79616	1.11846	0.934173	0	0	0	0	0	0	0	0	
0.278	0.987687	0.0488114	1.10408	1.01247	2.79461	1.11784	0.934594	0	0	0	0	0	0	0	0	
0.279	0.987995	0.0487949	1.10379	1.01215	2.79301	1.1172	0.935022	0	0	0	0	0	0	0	0	
0.28	0.988292	0.0487779	1.10351	1.01185	2.79145	1.11658	0.935443	0	0	0	0	0	0	0	0	
0.281	0.988556	0.0487606	1.10323	1.01158	2.78999	1.116	0.935843	0	0	0	0	0	0	0	0	
0.282	0.988778	0.0487429	1.10294	1.01135	2.78865	1.11546	0.936218	0	0	0	0	0	0	0	0	
0.283	0.988959	0.0487249	1.10267	1.01116	2.78744	1.11498	0.936567	0	0	0	0	0	0	0	0	
0.284	0.989109	0.0487066	1.10239	1.01101	2.78632	1.11453	0.936897	0	0	0	0	0	0	0	0	
0.285	0.98924	0.048688	1.10211	1.01088	2.78525	1.1141	0.937215	0	0	0	0	0	0	0	0	
0.286	0.989364	0.048669	1.10184	1.01075	2.78422	1.11369	0.937528	0	0	0	0	0	0	0	0	
0.287	0.98949	0.0486497	1.10157	1.01062	2.78318	1.11327	0.937841	0	0	0	0	0	0	0	0	
0.288	0.989624	0.04863	1.1013	1.01048	2.78212	1.11285	0.938156	0	0	0	0	0	0	0	0	
0.289	0.989767	0.0486098	1.10104	1.01034	2.78105	1.11242	0.938476	0	0	0	0	0	0	0	0	
0.29	0.989919	0.0485891	1.10077	1.01018	2.77995	1.11198	0.938799	0	0	0	0	0	0	0	0	
0.291	0.990077	0.0485679	1.10051	1.01002	2.77885	1.11154	0.939125	0	0	0	0	0	0	0	0	
0.292	0.990239	0.0485462	1.10025	1.00986	2.77774	1.1111	0.939452	0	0	0	0	0	0	0	0	
0.293	0.990401	0.0485239	1.09999	1.00969	2.77663	1.11065	0.939777	0	0	0	0	0	0	0	0	
0.294	0.990559	0.0485012	1.09974	1.00953	2.77555	1.11022	0.940099	0	0	0	0	0	0	0	0	
0.295	0.990707	0.0484781	1.09948	1.00938	2.77449	1.1098	0.940415	0	0	0	0	0	0	0	0	
0.296	0.990849	0.0484546	1.09923	1.00924	2.77346	1.10938	0.940726	0	0	0	0	0	0	0	0	
0.297	0.990992	0.048431	1.09898	1.00909	2.77243	1.10897	0.941036	0	0	0	0	0	0	0	0	
0.298	0.991147	0.0484072	1.09873	1.00893	2.77137	1.10855	0.941352	0	0	0	0	0	0	0	0	
0.299	0.991323	0.0483834	1.09849	1.00875	2.77025	1.1081	0.941679	0	0	0	0	0	0	0	0	
0.3	0.991525	0.0483594	1.09824	1.00855	2.76907	1.10763	0.942018	0	0	0	0	0	0	0	0	
0.301	0.991748	0.0483354	1.098	1.00832	2.76783	1.10713	0.942368	0	0	0	0	0	0	0	0	
0.302	0.991979	0.0483115	1.09775	1.00809	2.76657	1.10663	0.942721	0	0	0	0	0	0	0	0	
0.303	0.992204	0.0482877	1.09751	1.00786	2.76533	1.10613	0.943071	0	0	0	0	0	0	0	0	
0.304	0.992414	0.0482642	1.09727	1.00764	2.76413	1.10565	0.943411	0	0	0	0	0	0	0	0	
0.305	0.992602	0.0482411	1.09702	1.00745	2.763	1.1052	0.943739	0	0	0	0	0	0	0	0	
0.306	0.992769	0.0482185	1.09678	1.00728	2.76193	1.10477	0.944056	0	0	0	0	0	0	0	0	
0.307	0.992917	0.0481967	1.09654	1.00713	2.7609	1.10436	0.944361	0	0	0	0	0	0	0	0	
0.308	0.993052	0.0481756	1.0963	1.007	2.75992	1.10397	0.94466	0	0	0	0	0	0	0	0	
0.309	0.99318	0.0481553	1.09606	1.00687	2.75896	1.10358	0.944954	0	0	0	0	0	0	0	0	
0.31	0.99331	0.0481359	1.09581	1.00674	2.75799	1.10319	0.945249	0	0	0	0	0	0	0	0	
0.311	0.993445	0.0481173	1.09557	1.0066	2.757	1.1028	0.945546	0	0	0	0	0	0	0	0	
0.312	0.993589	0.0480995	1.09533	1.00645	2.756	1.1024	0.945847	0	0	0	0	0	0	0	0	
0.313	0.993741	0.0480824	1.09509	1.0063	2.75497	1.10199	0.946151	0	0	0	0	0	0	0	0	
0.314	0.993901	0.0480659	1.09485	1.00614	2.75392	1.10157	0.94646	0	0	0	0	0	0	0	0	
0.315	0.994068	0.0480499	1.09461	1.00597	2.75285	1.10114	0.946771	0	0	0	0	0	0	0	0	
0.316	0.994242	0.0480343	1.09437	1.00579	2.75176	1.1007	0.947086	0	0	0	0	0	0	0	0	
0.317	0.994421	0.0480188	1.09413	1.00561	2.75066	1.10026	0.947402	0	0	0	0	0	0	0	0	
0.318	0.994605	0.0480035	1.09389	1.00542	2.74955	1.09982	0.94772	0	0	0	0	0	0	0	0	
0.319	0.994791	0.0479882	1.09365	1.00524	2.74844	1.09938	0.948038	0	0	0	0	0	0	0	0	
0.32	0.99498	0.0479727	1.09341	1.00505	2.74732	1.09893	0.948356	0	0	0	0	0	0	0	0	
0.321	0.995175	0.0479569	1.09318	1.00485	2.74619	1.09847	0.948677	0	0	0	0	0	0	0	0	
0.322	0.995381	0.0479408	1.09294	1.00464	2.74503	1.09801	0.949001	0	0	0	0	0	0	0	0	
0.323	0.995602	0.0479241	1.09271	1.00442	2.74384	1.09753	0.949331	0	0	0	0	0	0	0	0	
0.324	0.995844	0.0479068	1.09248	1.00417	2.74259	1.09704	0.949671	0	0	0	0	0	0	0	0	
0.325	0.996107	0.0478888	1.09225	1.00391	2.74129	1.09652	0.950019	0	0	0	0	0	0	0	0	
0.326	0.996388	0.0478699	1.09202	1.00362	2.73995	1.09598	0.950375	0	0	0	0	0	0	0	0	
0.327	0.996678	0.0478502	1.09179	1.00333	2.73858	1.09543	0.950734	0	0	0	0	0	0	0	0	
0.328	0.99696	0.0478297	1.09157	1.00305	2.73724	1.0949	0.951087	0	0	0	0	0	0	0	0	
0.329	0.997217	0.0478085	1.09135	1.00279	2.73598	1.09439	0.951427	0	0	0	0	0	0	0	0	
0.33	0.997431	0.0477866	1.09113	1.00258	2.73484	1.09394	0.951745	0	0	0	0	0	0	0	0	
0.331	0.997592	0.0477644	1.09091	1.00241	2.73385	1.09354	0.952037	0	0	0	0	0	0	0	0	
0.332	0.997701	0.047742	1.09069	1.0023	2.73301	1.0932	0.952304	0	0	0	0	0	0	0	0	
0.333	0.997769	0.0477197	1.09047	1.00224	2.73228	1.09291	0.952549	0	0	0	0	0	0	0	0	
0.334	0.997812	0.0476976	1.09026	1.00219	2.73163	1.09265	0.952783	0	0	0	0	0	0	0	0	
0.335	0.997846	0.047676	1.09005	1.00216	2.731	1.0924	0.953012	0	0	0	0	0	0	0	0	
0.336	0.997881	0.0476549	1.08983	1.00212	2.73037	1.09215	0.95324	0	0	0	0	0	0	0	0	
0.337	0.99792	0.0476345	1.08962	1.00208	2.72973	1.09189	0.953471	0	0	0	0	0	0	0	0	
0.338	0.997967	0.0476148	1.08941	1.00204	2.72907	1.09163	0.953705	0	0	0	0	0	0	0	0	
0.339	0.998025	0.0475961	1.0892	1.00198	2.72838	1.09135	0.953944	0	0	0	0	0	0	0	0	
0.34	0.9981	0.0475782	1.08898	1.0019	2.72764	1.09106	0.954191	0	0	0	0	0	0	0	0	
0.341	0.998191	0.0475613	1.08877	1.00181	2.72686	1.09075	0.954445	0	0	0	0	0	0	0	0	
0.342	0.998291	0.0475455	1.08856	1.00171	2.72606	1.09042	0.954703	0	0	0	0	0	0	0	0	
0.343	0.998385	0.0475306	1.08835	1.00162	2.72527	1.09011	0.954959	0	0	0	0	0	0	0	0	
0.344	0.998465	0.0475169	1.08813	1.00154	2.72452	1.08981	0.955208	0	0	0	0	0	0	0	0	
0.345	0.99853	0.0475043	1.08792	1.00147	2.72381	1.08952	0.95545	0	0	0	0	0	0	0	0	
0.346	0.998593	0.0474929	1.08771	1.00141	2.7231	1.08924	0.955691	0	0	0	0	0	0	0	0	
0.347	0.998677	0.0474825	1.08749	1.00132	2.72233	1.08893	0.955942	0	0	0	0	0	0	0	0	
0.348	0.998808	0.047473	1.08728	1.00119	2.72144	1.08858	0.956212	0	0	0	0	0	0	0	0	
0.349	0.998998	0.0474642	1.08706	1.001	2.72039	1.08815	0.956508	0	0	0	0	0	0	0	0	
0.35	0.999243	0.0474558	1.08685	1.00076	2.71918	1.08767	0.956829	0	0	0	0	0	0	0	0	
0.351	0.99952	0.0474475	1.08663	1.00048	2.71789	1.08716	0.957163	0	0	0	0	0	0	0	0	
0.352	0.999791	0.0474393	1.08642	1.00021	2.71662	1.08665	0.957493	0	0	0	0	0	0	0	0	
0.353	1.00002	0.0474309	1.08621	0.99998	2.71546	1.08619	0.957805	0	0	0	0	0	0	0	0	
0.354	1.00019	0.0474224	1.08599	0.999808	2.71447	1.08579	0.958091	0	0	0	0	0	0	0	0	
0.355	1.00031	0.0474138	1.08578	0.999688	2.71361	1.08544	0.958354	0	0	0	0	0	0	0	0	
0.356	1.00041	0.0474049	1.08557	0.999595	2.71283	1.08513	0.958604	0	0	0	0	0	0	0	0	
0.357	1.00049	0.0473956	1.08537	0.999507	2.71208	1.08483	0.958851	0	0	0	0	0	0	0	0	
0.358	1.00059	0.0473858	1.08516	0.999414	2.71131	1.08452	0.959099	0	0	0	0	0	0	0	0	
0.359	1.00068	0.0473755	1.08495	0.999322	2.71054	1.08422	0.959346	0	0	0	0	0	0	0	0	
0.36	1.00076	0.0473645	1.08475	0.999239	2.70981	1.08393	0.959589	0	0	0	0	0	0	0	0	
0.361	1.00083	0.0473528	1.08455	0.999167	2.70912	1.08365	0.959826	0	0	0	0	0	0	0	0	
0.362	1.00091	0.0473403	1.08435	0.999094	2.70842	1.08337	0.960063	0	0	0	0	0	0	0	0	
0.363	1.001	0.0473272	1.08416	0.999003	2.70769	1.08307	0.960306	0	0	0	0	0	0	0	0	
0.364	1.00111	0.0473132	1.08396	0.998889	2.70689	1.08276	0.960558	0	0	0	0	0	0	0	0	
0.365	1.00124	0.0472985	1.08377	0.998761	2.70606	1.08243	0.960816	0	0	0	0	0	0	0	0	
0.366	1.00136	0.047283	1.08358	0.998639	2.70526	1.0821	0.96107	0	0	0	0	0	0	0	0	
0.367	1.00146	0.0472669	1.08339	0.998543	2.70453	1.08181	0.961314	0	0	0	0	0	0	0	0	
0.368	1.00153	0.0472503	1.0832	0.998477	2.70388	1.08155	0.961544	0	0	0	0	0	0	0	0	
0.369	1.00158	0.0472334	1.08302	0.998426	2.70328	1.08131	0.961767	0	0	0	0	0	0	0	0	
0.37	1.00164	0.0472162	1.08283	0.998366	2.70266	1.08106	0.961994	0	0	0	0	0	0	0	0	
0.371	1.00173	0.0471986	1.08265	0.998271	2.70194	1.08078	0.962233	0	0	0	0	0	0	0	0	
0.372	1.00188	0.0471809	1.08247	0.998121	2.70108	1.08043	0.962494	0	0	0	0	0	0	0	0	
0.373	1.0021	0.0471627	1.08229	0.997909	2.70006	1.08002	0.962779	0	0	0	0	0	0	0	0	
0.374	1.00236	0.0471442	1.08211	0.997644	2.69889	1.07956	0.963084	0	0	0	0	0	0	0	0	
0.375	1.00265	0.0471253	1.08193	0.997354	2.69766	1.07907	0.963398	0	0	0	0	0	0	0	0	
0.376	1.00293	0.0471061	1.08175	0.997081	2.69648	1.07859	0.963705	0	0	0	0	0	0	0	0	
0.377	1.00314	0.0470867	1.08157	0.99687	2.69547	1.07819	0.963988	0	0	0	0	0	0	0	0	
0.378	1.00327	0.0470676	1.08139	0.996745	2.69469	1.07788	0.964237	0	0	0	0	0	0	0	0	
0.379	1.00331	0.0470488	1.08122	0.996697	2.69412	1.07765	0.964455	0	0	0	0	0	0	0	0	
0.38	1.00333	0.0470308	1.08104	0.996683	2.69364	1.07745	0.96466	0	0	0	0	0	0	0	0	
0.381	1.00337	0.0470136	1.08086	0.996644	2.69309	1.07724	0.964873	0	0	0	0	0	0	0	0	
0.382	1.00347	0.0469972	1.08069	0.99654	2.69237	1.07695	0.965111	0	0	0	0	0	0	0	0	
0.383	1.00365	0.0469818	1.08051	0.996368	2.69146	1.07658	0.965374	0	0	0	0	0	0	0	0	
0.384	1.00385	0.0469673	1.08033	0.996164	2.69046	1.07619	0.965649	0	0	0	0	0	0	0	0	
0.385	1.00404	0.0469538	1.08015	0.995981	2.68952	1.07581	0.965918	0	0	0	0	0	0	0	0	
0.386	1.00416	0.0469415	1.07997	0.995853	2.68872	1.07549	0.966166	0	0	0	0	0	0	0	0	
0.387	1.00424	0.0469306	1.07978	0.995778	2.68806	1.07523	0.966394	0	0	0	0	0	0	0	0	
0.388	1.0043	0.0469213	1.0796	0.995721	2.68745	1.07498	0.966615	0	0	0	0	0	0	0	0	
0.389	1.00438	0.0469134	1.07942	0.995638	2.68677	1.07471	0.966846	0	0	0	0	0	0	0	0	
0.39	1.00451	0.0469068	1.07923	0.995505	2.68595	1.07438	0.967094	0	0	0	0	0	0	0	0	
0.391	1.00468	0.0469014	1.07904	0.995338	2.68503	1.07401	0.967355	0	0	0	0	0	0	0	0	
0.392	1.00484	0.0468969	1.07885	0.995179	2.68413	1.07365	0.967613	0	0	0	0	0	0	0	0	
0.393	1.00495	0.0468934	1.07866	0.995071	2.68337	1.07335	0.967854	0	0	0	0	0	0	0	0	
0.394	1.005	0.0468907	1.07847	0.995026	2.68277	1.07311	0.968072	0	0	0	0	0	0	0	0	
0.395	1.005	0.0468886	1.07828	0.995025	2.6823	1.07292	0.968274	0	0	0	0	0	0	0	0	
0.396	1.005	0.0468871	1.0781	0.995027	2.68183	1.07273	0.968475	0	0	0	0	0	0	0	0	
0.397	1.00502	0.0468858	1.07791	0.995	2.68129	1.07252	0.968685	0	0	0	0	0	0	0	0	
0.398	1.00509	0.0468845	1.07772	0.994935	2.68065	1.07226	0.968908	0	0	0	0	0	0	0	0	
0.399	1.00519	0.0468829	1.07753	0.994839	2.67993	1.07197	0.969141	0	0	0	0	0	0	0	0	
0.4	1.00531	0.0468807	1.07735	0.994722	2.67915	1.07166	0.969382	0	0	0	0	0	0	0	0	
0.401	1.00545	0.0468778	1.07716	0.99458	2.67832	1.07133	0.969629	0	0	0	0	0	0	0	0	
0.402	1.00563	0.046874	1.07698	0.994399	2.67738	1.07095	0.96989	0	0	0	0	0	0	0	0	
0.403	1.00587	0.046869	1.0768	0.994167	2.67631	1.07052	0.970166	0	0	0	0	0	0	0	0	
0.404	1.00614	0.0468628	1.07663	0.993896	2.67514	1.07005	0.970454	0	0	0	0	0	0	0	0	
0.405	1.00641	0.0468553	1.07645	0.993629	2.67398	1.06959	0.97074	0	0	0	0	0	0	0	0	
0.406	1.00662	0.0468466	1.07628	0.993423	2.673	1.0692	0.971005	0	0	0	0	0	0	0	0	
0.407	1.00672	0.0468368	1.07611	0.993325	2.67231	1.06892	0.971235	0	0	0	0	0	0	0	0	
0.408	1.00671	0.0468263	1.07594	0.993339	2.67193	1.06877	0.971426	0	0	0	0	0	0	0	0	
0.409	1.00662	0.0468153	1.07577	0.993425	2.67174	1.0687	0.971594	0	0	0	0	0	0	0	0	
0.41	1.00653	0.0468039	1.07561	0.99351	2.67156	1.06862	0.97176	0	0	0	0	0	0	0	0	
0.411	1.00652	0.0467922	1.07544	0.993517	2.67118	1.06847	0.971951	0	0	0	0	0	0	0	0	
0.412	1.00664	0.0467801	1.07528	0.9934	2.67046	1.06818	0.972181	0	0	0	0	0	0	0	0	
0.413	1.00689	0.0467674	1.07512	0.993158	2.66941	1.06776	0.97245	0	0	0	0	0	0	0	0	
0.414	1.00721	0.0467542	1.07496	0.992845	2.66817	1.06727	0.972742	0	0	0	0	0	0	0	0	
0.415	1.00751	0.0467404	1.0748	0.992547	2.66698	1.06679	0.973029	0	0	0	0	0	0	0	0	
0.416	1.00772	0.0467262	1.07464	0.992344	2.66604	1.06641	0.973286	0	0	0	0	0	0	0	0	
0.417	1.00779	0.0467121	1.07449	0.992266	2.66544	1.06618	0.973504	0	0	0	0	0	0	0	0	
0.418	1.00778	0.0466981	1.07433	0.992282	2.66509	1.06604	0.973692	0	0	0	0	0	0	0	0	
0.419	1.00775	0.0466846	1.07417	0.992313	2.66479	1.06592	0.973875	0	0	0	0	0	0	0	0	
0.42	1.00778	0.0466714	1.07402	0.992284	2.66433	1.06573	0.974075	0	0	0	0	0	0	0	0	
0.421	1.00789	0.0466584	1.07386	0.992172	2.66364	1.06546	0.9743	0	0	0	0	0	0	0	0	
0.422	1.00805	0.0466456	1.07371	0.992014	2.66283	1.06513	0.974538	0	0	0	0	0	0	0	0	
0.423	1.00819	0.0466328	1.07355	0.991879	2.66209	1.06483	0.974771	0	0	0	0	0	0	0	0	
0.424	1.00825	0.04662	1.0734	0.991815	2.66153	1.06461	0.974983	0	0	0	0	0	0	0	0	
0.425	1.00825	0.0466075	1.07325	0.991822	2.66117	1.06447	0.975173	0	0	0	0	0	0	0	0	
0.426	1.00821	0.0465953	1.07309	0.991854	2.66088	1.06435	0.975356	0	0	0	0	0	0	0	0	
0.427	1.00822	0.0465834	1.07294	0.991846	2.66048	1.06419	0.975549	0	0	0	0	0	0	0	0	
0.428	1.00833	0.0465716	1.07279	0.991743	2.65983	1.06393	0.975769	0	0	0	0	0	0	0	0	
0.429	1.00855	0.0465598	1.07264	0.991522	2.65886	1.06354	0.976022	0	0	0	0	0	0	0	0	
0.43	1.00888	0.0465479	1.07249	0.991197	2.65762	1.06305	0.976304	0	0	0	0	0	0	0	0	
0.431	1.00927	0.046536	1.07234	0.990819	2.65623	1.06249	0.9766	0	0	0	0	0	0	0	0	
0.432	1.00963	0.0465241	1.07218	0.990466	2.6549	1.06196	0.97689	0	0	0	0	0	0	0	0	
0.433	1.00988	0.0465128	1.07203	0.99022	2.65387	1.06155	0.977149	0	0	0	0	0	0	0	0	
0.434	1.00996	0.0465023	1.07188	0.990139	2.65327	1.06131	0.977364	0	0	0	0	0	0	0	0	
0.435	1.00987	0.0464933	1.07173	0.990223	2.65312	1.06125	0.977533	0	0	0	0	0	0	0	0	
0.436	1.00968	0.0464863	1.07157	0.990417	2.65325	1.0613	0.977673	0	0	0	0	0	0	0	0	
0.437	1.00946	0.0464815	1.07141	0.990629	2.65343	1.06137	0.977809	0	0	0	0	0	0	0	0	
0.438	1.00932	0.046479	1.07125	0.99077	2.65341	1.06137	0.977963	0	0	0	0	0	0	0	0	
0.439	1.0093	0.0464788	1.07109	0.990787	2.65306	1.06122	0.97815	0	0	0	0	0	0	0	0	
0.44	1.00941	0.0464806	1.07093	0.990679	2.65236	1.06094	0.978371	0	0	0	0	0	0	0	0	
0.441	1.0096	0.0464842	1.07076	0.990489	2.65144	1.06058	0.978614	0	0	0	0	0	0	0	0	
0.442	1.00982	0.0464894	1.07059	0.990276	2.65045	1.06018	0.978863	0	0	0	0	0	0	0	0	
0.443	1.01002	0.0464959	1.07042	0.990084	2.64951	1.05981	0.979107	0	0	0	0	0	0	0	0	
0.444	1.01018	0.0465036	1.07025	0.989927	2.64867	1.05947	0.979342	0	0	0	0	0	0	0	0	
0.445	1.01031	0.046512	1.07007	0.989796	2.64789	1.05916	0.97957	0	0	0	0	0	0	0	0	
0.446	1.01043	0.046521	1.0699	0.989675	2.64714	1.05885	0.979795	0	0	0	0	0	0	0	0	
0.447	1.01056	0.0465299	1.06973	0.989552	2.64638	1.05855	0.98002	0	0	0	0	0	0	0	0	
0.448	1.0107	0.0465385	1.06956	0.989418	2.64559	1.05824	0.980246	0	0	0	0	0	0	0	0	
0.449	1.01085	0.046546	1.06939	0.989267	2.64477	1.05791	0.980476	0	0	0	0	0	0	0	0	
0.45	1.01103	0.0465522	1.06922	0.989091	2.64388	1.05755	0.980711	0	0	0	0	0	0	0	0	
0.451	1.01124	0.0465564	1.06905	0.988883	2.64292	1.05717	0.980952	0	0	0	0	0	0	0	0	
0.452	1.01149	0.0465585	1.06889	0.988641	2.64187	1.05675	0.981199	0	0	0	0	0	0	0	0	
0.453	1.01176	0.046558	1.06873	0.988373	2.64076	1.0563	0.981451	0	0	0	0	0	0	0	0	
0.454	1.01203	0.046555	1.06857	0.988111	2.63968	1.05587	0.981701	0	0	0	0	0	0	0	0	
0.455	1.01224	0.0465494	1.06842	0.987908	2.63876	1.0555	0.981936	0	0	0	0	0	0	0	0	
0.456	1.01233	0.0465418	1.06828	0.987822	2.63816	1.05527	0.982145	0	0	0	0	0	0	0	0	
0.457	1.01226	0.0465325	1.06813	0.98789	2.63799	1.0552	0.982319	0	0	0	0	0	0	0	0	
0.458	1.01204	0.0465223	1.06799	0.988102	2.6382	1.05528	0.982462	0	0	0	0	0	0	0	0	
0.459	1.01174	0.0465118	1.06785	0.988395	2.63864	1.05546	0.982587	0	0	0	0	0	0	0	0	
0.46	1.01146	0.0465014	1.06771	0.988675	2.63904	1.05562	0.982715	0	0	0	0	0	0	0	0	
0.461	1.01127	0.0464916	1.06757	0.988855	2.63918	1.05567	0.982865	0	0	0	0	0	0	0	0	
0.462	1.01123	0.0464824	1.06743	0.98889	2.63893	1.05557	0.983046	0	0	0	0	0	0	0	0	
0.463	1.01134	0.0464737	1.06729	0.988783	2.6383	1.05532	0.983257	0	0	0	0	0	0	0	0	
0.464	1.01156	0.0464655	1.06715	0.988571	2.63739	1.05496	0.983491	0	0	0	0	0	0	0	0	
0.465	1.01184	0.0464576	1.06701	0.988297	2.63631	1.05452	0.983737	0	0	0	0	0	0	0	0	
0.466	1.01217	0.0464498	1.06687	0.987974	2.6351	1.05404	0.983992	0	0	0	0	0	0	0	0	
0.467	1.01255	0.0464417	1.06673	0.987601	2.63376	1.0535	0.984255	0	0	0	0	0	0	0	0	
0.468	1.01297	0.0464332	1.06659	0.987193	2.63233	1.05293	0.984524	0	0	0	0	0	0	0	0	
0.469	1.01336	0.0464239	1.06645	0.98682	2.63099	1.05239	0.984785	0	0	0	0	0	0	0	0	
0.47	1.01359	0.046414	1.06631	0.986589	2.63003	1.05201	0.985018	0	0	0	0	0	0	0	0	
0.471	1.01359	0.0464036	1.06617	0.986589	2.62969	1.05188	0.985208	0	0	0	0	0	0	0	0	
0.472	1.01336	0.0463933	1.06604	0.986812	2.62995	1.05198	0.985355	0	0	0	0	0	0	0	0	
0.473	1.01303	0.0463833	1.0659	0.987135	2.63048	1.05219	0.985483	0	0	0	0	0	0	0	0	
0.474	1.01278	0.0463741	1.06577	0.987385	2.63081	1.05232	0.985624	0	0	0	0	0	0	0	0	
0.475	1.01273	0.0463656	1.06563	0.987432	2.6306	1.05224	0.985802	0	0	0	0	0	0	0	0	
0.476	1.01294	0.0463578	1.0655	0.98723	2.62973	1.05189	0.986025	0	0	0	0	0	0	0	0	
0.477	1.01336	0.0463506	1.06536	0.986811	2.62828	1.05131	0.986286	0	0	0	0	0	0	0	0	
0.478	1.01391	0.046344	1.06522	0.98628	2.62652	1.05061	0.986567	0	0	0	0	0	0	0	0	
0.479	1.01442	0.046338	1.06508	0.985789	2.62487	1.04995	0.986839	0	0	0	0	0	0	0	0	
0.48	1.01473	0.0463328	1.06494	0.985488	2.62372	1.04949	0.987079	0	0	0	0	0	0	0	0	
0.481	1.01474	0.0463286	1.0648	0.985472	2.62333	1.04933	0.987272	0	0	0	0	0	0	0	0	
0.482	1.01447	0.0463254	1.06466	0.985732	2.62367	1.04947	0.987418	0	0	0	0	0	0	0	0	
0.483	1.01405	0.0463232	1.06452	0.986146	2.62443	1.04977	0.98754	0	0	0	0	0	0	0	0	
0.484	1.01365	0.0463216	1.06438	0.986532	2.62511	1.05004	0.987666	0	0	0	0	0	0	0	0	
0.485	1.0134	0.04632	1.06424	0.986775	2.62541	1.05016	0.987816	0	0	0	0	0	0	0	0	
0.486	1.01333	0.0463178	1.0641	0.986846	2.62526	1.05011	0.987994	0	0	0	0	0	0	0	0	
0.487	1.01346	0.0463146	1.06397	0.986718	2.62459	1.04983	0.988202	0	0	0	0	0	0	0	0	
0.488	1.01383	0.04631	1.06383	0.986355	2.62329	1.04932	0.988445	0	0	0	0	0	0	0	0	
0.489	1.01439	0.0463039	1.0637	0.985812	2.62152	1.04861	0.988714	0	0	0	0	0	0	0	0	
0.49	1.01497	0.0462964	1.06357	0.985253	2.61972	1.04789	0.988984	0	0	0	0	0	0	0	0	
0.491	1.0154	0.0462881	1.06344	0.984834	2.61828	1.04731	0.989232	0	0	0	0	0	0	0	0	
0.492	1.01564	0.0462798	1.06331	0.9846	2.61734	1.04694	0.989453	0	0	0	0	0	0	0	0	
0.493	1.01574	0.046272	1.06318	0.984507	2.61678	1.04671	0.989653	0	0	0	0	0	0	0	0	
0.494	1.01574	0.0462652	1.06305	0.984505	2.61645	1.04658	0.98984	0	0	0	0	0	0	0	0	
0.495	1.01564	0.0462597	1.06292	0.9846	2.61638	1.04655	0.990015	0	0	0	0	0	0	0	0	
0.496	1.01539	0.0462556	1.06279	0.984839	2.61669	1.04668	0.990172	0	0	0	0	0	0	0	0	
0.497	1.01503	0.0462529	1.06266	0.985189	2.61729	1.04692	0.990316	0	0	0	0	0	0	0	0	
0.498	1.01473	0.0462511	1.06252	0.985488	2.61776	1.0471	0.990466	0	0	0	0	0	0	0	0	
0.499	1.01463	0.0462497	1.06239	0.985577	2.61767	1.04707	0.990643	0	0	0	0	0	0	0	0	
0.5	1.01479	0.0462481	1.06226	0.98543	2.61696	1.04678	0.99085	0	0	0	0	0	0	0	0	
0.501	1.01508	0.0462458	1.06213	0.985145	2.61588	1.04635	0.991073	0	0	0	0	0	0	0	0	
0.502	1.01543	0.0462428	1.062	0.984805	2.61466	1.04586	0.991302	0	0	0	0	0	0	0	0	
0.503	1.0158	0.0462395	1.06187	0.984443	2.61338	1.04535	0.991532	0	0	0	0	0	0	0	0	
0.504	1.01615	0.0462365	1.06174	0.984102	2.61215	1.04486	0.991759	0	0	0	0	0	0	0	0	
0.505	1.01642	0.0462349	1.06161	0.983845	2.61115	1.04446	0.991975	0	0	0	0	0	0	0	0	
0.506	1.01663	0.0462362	1.06147	0.983638	2.61026	1.0441	0.992185	0	0	0	0	0	0	0	0	
0.507	1.01687	0.0462416	1.06133	0.983414	2.60932	1.04373	0.992395	0	0	0	0	0	0	0	0	
0.508	1.01707	0.0462523	1.06118	0.983214	2.60842	1.04337	0.992603	0	0	0	0	0	0	0	0	
0.509	1.01716	0.0462689	1.06102	0.983131	2.60781	1.04312	0.9928	0	0	0	0	0	0	0	0	
0.51	1.01709	0.0462906	1.06086	0.983199	2.60758	1.04303	0.992983	0	0	0	0	0	0	0	0	
0.511	1.01677	0.0463149	1.06069	0.983506	2.60798	1.04319	0.993145	0	0	0	0	0	0	0	0	
0.512	1.01622	0.0463374	1.06053	0.984041	2.609	1.0436	0.993287	0	0	0	0	0	0	0	0	
0.513	1.0157	0.0463526	1.06037	0.984538	2.60995	1.04398	0.993434	0	0	0	0	0	0	0	0	
0.514	1.01553	0.0463546	1.06024	0.98471	2.61008	1.04403	0.993608	0	0	0	0	0	0	0	0	
0.515	1.01573	0.0463396	1.06014	0.984516	2.60931	1.04372	0.993814	0	0	0	0	0	0	0	0	
0.516	1.01592	0.0463074	1.06006	0.984328	2.60861	1.04344	0.994018	0	0	0	0	0	0	0	0	
0.517	1.01612	0.0462619	1.06	0.984137	2.60796	1.04318	0.99422	0	0	0	0	0	0	0	0	
0.518	1.01652	0.0462101	1.05994	0.983752	2.60681	1.04272	0.994436	0	0	0	0	0	0	0	0	
0.519	1.01702	0.0461604	1.05989	0.983269	2.60539	1.04216	0.994657	0	0	0	0	0	0	0	0	
0.52	1.0174	0.0461206	1.05982	0.982897	2.60423	1.04169	0.994871	0	0	0	0	0	0	0	0	
0.521	1.01756	0.0460962	1.05973	0.98274	2.60359	1.04143	0.995069	0	0	0	0	0	0	0	0	
0.522	1.01762	0.04609	1.05961	0.982685	2.60315	1.04126	0.995261	0	0	0	0	0	0	0	0	
0.523	1.01773	0.0461018	1.05946	0.982581	2.60252	1.04101	0.995456	0	0	0	0	0	0	0	0	
0.524	1.01784	0.0461296	1.0593	0.982474	2.60183	1.04073	0.995652	0	0	0	0	0	0	0	0	
0.525	1.01784	0.0461724	1.05911	0.982472	2.60136	1.04054	0.995843	0	0	0	0	0	0	0	0	
0.526	1.01777	0.0462299	1.0589	0.982542	2.60103	1.04041	0.996031	0	0	0	0	0	0	0	0	
0.527	1.01778	0.0462955	1.05867	0.982533	2.60046	1.04018	0.996223	0	0	0	0	0	0	0	0	
0.528	1.01802	0.0463499	1.05847	0.982299	2.59933	1.03973	0.996425	0	0	0	0	0	0	0	0	
0.529	1.01819	0.0463762	1.05831	0.982138	2.5985	1.0394	0.996623	0	0	0	0	0	0	0	0	
0.53	1.01811	0.0463766	1.05818	0.982207	2.59838	1.03935	0.996808	0	0	0	0	0	0	0	0	
0.531	1.01802	0.0463518	1.05809	0.982299	2.5984	1.03936	0.996992	0	0	0	0	0	0	0	0	
0.532	1.01854	0.0462765	1.05807	0.981794	2.59703	1.03881	0.997197	0	0	0	0	0	0	0	0	
0.533	1.01908	0.0461617	1.05811	0.981274	2.59575	1.0383	0.997399	0	0	0	0	0	0	0	0	
0.534	1.01896	0.0461148	1.05806	0.981393	2.59593	1.03837	0.997582	0	0	0	0	0	0	0	0	
0.535	1.01847	0.046157	1.05787	0.981866	2.59673	1.03869	0.997757	0	0	0	0	0	0	0	0	
0.536	1.01825	0.0460759	1.05787	0.98208	2.59728	1.03891	0.997937	0	0	0	0	0	0	0	0	
0.537	1.01636	0.0458611	1.05806	0.9839	2.60257	1.04103	0.998074	0	0	0	0	0	0	0	0	
0.538	1.02063	0.0460077	1.05772	0.979784	2.59085	1.03634	0.998361	0	0	0	0	0	0	0	0	
0.539	1.02021	0.0466168	1.05671	0.980191	2.58945	1.03578	0.998558	0	0	0	0	0	0	0	0	
0.54	1.01901	0.0462453	1.05713	0.981342	2.59352	1.03741	0.998718	0	0	0	0	0	0	0	0	
0.541	1.01951	0.0449812	1.05885	0.980864	2.59647	1.03859	0.998893	0	0	0	0	0	0	0	0	
0.542	1.01788	0.0460683	1.05716	0.982434	2.59646	1.03859	0.999076	0	0	0	0	0	0	0	0	
0.543	1.01742	0.0490624	1.05265	0.982883	2.58658	1.03463	0.999293	0	0	0	0	0	0	0	0	
0.544	1.01865	0.0471667	1.05464	0.98169	2.58831	1.03533	0.999481	0	0	0	0	0	0	0	0	
0.545	1.0251	0.0341937	1.06497	0.975517	2.59723	1.03889	0.999662	0	0	0	0	0	0	0	0	
0.546	0.984095	0.000772466	1.00678	1.01616	2.55762	1.02305	0.999841	0	0	0	0	0	0	0	0	
0.547	0.861858	-0.127756	0.826756	1.16028	2.39818	0.959271	0.999963	0	0	0	0	0	0	0	0	
0.548	0.530083	-0.567031	0.451203	1.8865	2.12798	0.851193	0.999998	0	0	0	0	0	0	0	0	
0.549	0.259259	-1.35769	0.0967742	3.85715	0.933181	0.373272	1	0	0	0	0	0	0	0	0	
0.55	0.259259	-1.35769	0.0967742	3.85715	0.933181	0.373272	1	0	0	0	0	0	0	0	0	
0.551	0.259259	-1.35769	0.0967742	3.85715	0.933181	0.373272	1	0	0	0	0	0	0	0	0	
0.552	0.259259	-1.35769	0.0967742	3.85715	0.933181	0.373272	1	0	0	0	0	0	0	0	0	
0.553	0.259259	-1.35769	0.0967742	3.85715	0.933181	0.373272	1	0	0	0	0	0	0	0	0	
0.554	0.259259	-1.35769	0.0967742	3.85715	0.933181	0.373272	1	0	0	0	0	0	0	0	0	
0.555	0.259259	-1.35769	0.0967742	3.85715	0.933181	0.373272	1	0	0	0	0	0	0	0	0	
0.556	0.259259	-1.35769	0.0967742	3.85715	0.933181	0.373272	1	0	0	0	0	0	0	0	0	
0.557	0.259259	-1.35769	0.0967742	3.85715	0.933181	0.373272	1	0	0	0	0	0	0	0	0	
0.558	0.259259	-1.35769	0.0967742	3.85715	0.933181	0.373272	1	0	0	0	0	0	0	0	0	
0.559	0.259259	-1.35769	0.0967742	3.85715	0.933181	0.373272	1	0	0	0	0	0	0	0	0	
0.56	0.259259	-1.35769	0.0967742	3.85715	0.933181	0.373272	1	0	0	0	0	0	0	0	0	
0.561	0.259259	-1.35769	0.0967742	3.85715	0.933181	0.373272	1	0	0	0	0	0	0	0	0	
0.562	0.259259	-1.35769	0.0967742	3.85715	0.933181	0.373272	1	0	0	0	0	0	0	0	0	
0.563	0.259259	-1.35769	0.0967742	3.85715	0.933181	0.373272	1	0	0	0	0	0	0	0	0	
0.564	0.259259	-1.35769	0.0967742	3.85715	0.933181	0.373272	1	0	0	0	0	0	0	0	0	
0.565	0.259259	-1.35769	0.0967742	3.85715	0.933181	0.373272	1	0	0	0	0	0	0	0	0	
0.566	0.259259	-1.35769	0.0967742	3.85715	0.933181	0.373272	1	0	0	0	0	0	0	0	0	
0.567	0.259259	-1.35769	0.0967742	3.85715	0.933181	0.373272	1	0	0	0	0	0	0	0	0	
0.568	0.259259	-1.35769	0.0967742	3.85715	0.933181	0.373272	1	0	0	0	0	0	0	0	0	
0.569	0.259259	-1.35769	0.0967742	3.85715	0.933181	0.373272	1	0	0	0	0	0	0	0	0	
0.57	0.259259	-1.35769	0.0967742	3.85715	0.933181	0.373272	1	0	0	0	0	0	0	0	0	
0.571	0.259259	-1.35769	0.0967742	3.85715	0.933181	0.373272	1	0	0	0	0	0	0	0	0	
0.572	0.259259	-1.35769	0.0967742	3.85715	0.933181	0.373272	1	0	0	0	0	0	0	0	0	
0.573	0.259259	-1.35769	0.0967742	3.85715	0.933181	0.373272	1	0	0	0	0	0	0	0	0	
0.574	0.259259	-1.35769	0.0967742	3.85715	0.933181	0.373272	1	0	0	0	0	0	0	0	0	
0.575	0.259259	-1.35769	0.0967742	3.85715	0.933181	0.373272	1	0	0	0	0	0	0	0	0	
0.576	0.259259	-1.35769	0.0967742	3.85715	0.933181	0.373272	1	0	0	0	0	0	0	0	0	
0.577	0.259259	-1.35769	0.0967742	3.85715	0.933181	0.373272	1	0	0	0	0	0	0	0	0	
0.578	0.259259	-1.35769	0.0967742	3.85715	0.933181	0.373272	1	0	0	0	0	0	0	0	0	
0.579	0.259259	-1.35769	0.0967742	3.85715	0.933181	0.373272	1	0	0	0	0	0	0	0	0	
0.58	0.259259	-1.35769	0.0967742	3.85715	0.933181	0.373272	1	0	0	0	0	0	0	0	0	
0.581	0.259259	-1.35769	0.0967742	3.85715	0.933181	0.373272	1	0	0	0	0	0	0	0	0	
0.582	0.259259	-1.35769	0.0967742	3.85715	0.933181	0.373272	1	0	0	0	0	0	0	0	0	
0.583	0.259259	-1.35769	0.0967742	3.85715	0.933181	0.373272	1	0	0	0	0	0	0	0	0	
0.584	0.259259	-1.35769	0.0967742	3.85715	0.933181	0.373272	1	0	0	0	0	0	0	0	0	
0.585	0.259259	-1.35769	0.0967742	3.85715	0.933181	0.373272	1	0	0	0	0	0	0	0	0	
0.586	0.259259	-1.35769	0.0967742	3.85715	0.933181	0.373272	1	0	0	0	0	0	0	0	0	
0.587	0.259259	-1.35769	0.0967742	3.85715	0.933181	0.373272	1	0	0	0	0	0	0	0	0	
0.588	0.259259	-1.35769	0.0967742	3.85715	0.933181	0.373272	1	0	0	0	0	0	0	0	0	
0.589	0.259259	-1.35769	0.0967742	3.85715	0.933181	0.373272	1	0	0	0	0	0	0	0	0	
0.59	0.259259	-1.35769	0.0967742	3.85715	0.933181	0.373272	1	0	0	0	0	0	0	0	0	
0.591	0.259259	-1.35769	0.0967742	3.85715	0.933181	0.373272	1	0	0	0	0	0	0	0	0	
0.592	0.259259	-1.35769	0.0967742	3.85715	0.933181	0.373272	1	0	0	0	0	0	0	0	0	
0.593	0.259259	-1.35769	0.0967742	3.85715	0.933181	0.373272	1	0	0	0	0	0	0	0	0	
0.594	0.259259	-1.35769	0.0967742	3.85715	0.933181	0.373272	1	0	0	0	0	0	0	0	0	
0.595	0.259259	-1.35769	0.0967742	3.85715	0.933181	0.373272	1	0	0	0	0	0	0	0	0	
0.596	0.259259	-1.35769	0.0967742	3.85715	0.933181	0.373272	1	0	0	0	0	0	0	0	0	
0.597	0.259259	-1.35769	0.0967742	3.85715	0.933181	0.373272	1	0	0	0	0	0	0	0	0	
0.598	0.259259	-1.35769	0.0967742	3.85715	0.933181	0.373272	1	0	0	0	0	0	0	0	0	
0.599	0.259259	-1.35769	0.0967742	3.85715	0.933181	0.373272	1	0	0	0	0	0	0	0	0	
0.6	0.259259	-1.35769	0.0967742	3.85715	0.933181	0.373272	1	0	0	0	0	0	0	0	0	
0.601	0.259259	-1.35769	0.0967742	3.85715	0.933181	0.373272	1	0	0	0	0	0	0	0	0	
0.602	0.259259	-1.35769	0.0967742	3.85715	0.933181	0.373272	1	0	0	0	0	0	0	0	0	
0.603	0.259259	-1.35769	0.0967742	3.85715	0.933181	0.373272	1	0	0	0	0	0	0	0	0	
0.604	0.259259	-1.35769	0.0967742	3.85715	0.933181	0.373272	1	0	0	0	0	0	0	0	0	
0.605	0.259259	-1.35769	0.0967742	3.85715	0.933181	0.373272	1	0	0	0	0	0	0	0	0	
0.606	0.259259	-1.35769	0.0967742	3.85715	0.933181	0.373272	1	0	0	0	0	0	0	0	0	
0.607	0.259259	-1.35769	0.0967742	3.85715	0.933181	0.373272	1	0	0	0	0	0	0	0	0	
0.608	0.259259	-1.35769	0.0967742	3.85715	0.933181	0.373272	1	0	0	0	0	0	0	0	0	
0.609	0.259259	-1.35769	0.0967742	3.85715	0.933181	0.373272	1	0	0	0	0	0	0	0	0	
0.61	0.259259	-1.35769	0.0967742	3.85715	0.933181	0.373272	1	0	0	0	0	0	0	0	0	
0.611	0.259259	-1.35769	0.0967742	3.85715	0.933181	0.373272	1	0	0	0	0	0	0	0	0	
0.612	0.259259	-1.35769	0.0967742	3.85715	0.933181	0.373272	1	0	0	0	0	0	0	0	0	
0.613	0.259259	-1.35769	0.0967742	3.85715	0.933181	0.373272	1	0	0	0	0	0	0	0	0	
0.614	0.259259	-1.35769	0.0967742	3.85715	0.933181	0.373272	1	0	0	0	0	0	0	0	0	
0.615	0.259259	-1.35769	0.0967742	3.85715	0.933181	0.373272	1	0	0	0	0	0	0	0	0	
0.616	0.259259	-1.35769	0.0967742	3.85715	0.933181	0.373272	1	0	0	0	0	0	0	0	0	
0.617	0.259259	-1.35769	0.0967742	3.85715	0.933181	0.373272	1	0	0	0	0	0	0	0	0	
0.618	0.259259	-1.35769	0.0967742	3.85715	0.933181	0.373272	1	0	0	0	0	0	0	0	0	
0.619	0.259259	-1.35769	0.0967742	3.85715	0.933181	0.373272	1	0	0	0	0	0	0	0	0	
0.62	0.259259	-1.35769	0.0967742	3.85715	0.933181	0.373272	1	0	0	0	0	0	0	0	0	
0.621	0.259259	-1.35769	0.0967742	3.85715	0.933181	0.373272	1	0	0	0	0	0	0	0	0	
0.622	0.259259	-1.35769	0.0967742	3.85715	0.933181	0.373272	1	0	0	0	0	0	0	0	0	
0.623	0.259259	-1.35769	0.0967742	3.85715	0.933181	0.373272	1	0	0	0	0	0	0	0	0	
0.624	0.259259	-1.35769	0.0967742	3.85715	0.933181	0.373272	1	0	0	0	0	0	0	0	0	
0.625	0.259259	-1.35769	0.0967742	3.85715	0.933181	0.373272	1	0	0	0	0	0	0	0	0	
0.626	0.259259	-1.35769	0.0967742	3.85715	0.933181	0.373272	1	0	0	0	0	0	0	0	0	
0.627	0.259259	-1.35769	0.0967742	3.85715	0.933181	0.373272	1	0	0	0	0	0	0	0	0	
0.628	0.259259	-1.35769	0.0967742	3.85715	0.933181	0.373272	1	0	0	0	0	0	0	0	0	
0.629	0.259259	-1.35769	0.0967742	3.85715	0.933181	0.373272	1	0	0	0	0	0	0	0	0	
0.63	0.259259	-1.35769	0.0967742	3.85715	0.933181	0.373272	1	0	0	0	0	0	0	0	0	
0.631	0.259259	-1.35769	0.0967742	3.85715	0.933181	0.373272	1	0	0	0	0	0	0	0	0	
0.632	0.259259	-1.35769	0.0967742	3.85715	0.933181	0.373272	1	0	0	0	0	0	0	0	0	
0.633	0.259259	-1.35769	0.0967742	3.85715	0.933181	0.373272	1	0	0	0	0	0	0	0	0	
0.634	0.259259	-1.35769	0.0967742	3.85715	0.933181	0.373272	1	0	0	0	0	0	0	0	0	
0.635	0.259259	-1.35769	0.0967742	3.85715	0.933181	0.373272	1	0	0	0	0	0	0	0	0	
0.636	0.259259	-1.35769	0.0967742	3.85715	0.933181	0.373272	1	0	0	0	0	0	0	0	0	
0.637	0.259259	-1.35769	0.0967742	3.85715	0.933181	0.373272	1	0	0	0	0	0	0	0	0	
0.638	0.259259	-1.35769	0.0967742	3.85715	0.933181	0.373272	1	0	0	0	0	0	0	0	0	
0.639	0.259259	-1.35769	0.0967742	3.85715	0.933181	0.373272	1	0	0	0	0	0	0	0	0	
0.64	0.259259	-1.35769	0.0967742	3.85715	0.933181	0.373272	1	0	0	0	0	0	0	0	0	
0.641	0.259259	-1.35769	0.0967742	3.85715	0.933181	0.373272	1	0	0	0	0	0	0	0	0	
0.642	0.259259	-1.35769	0.0967742	3.85715	0.933181	0.373272	1	0	0	0	0	0	0	0	0	
0.643	0.259259	-1.35769	0.0967742	3.85715	0.933181	0.373272	1	0	0	0	0	0	0	0	0	
0.644	0.259259	-1.35769	0.0967742	3.85715	0.933181	0.373272	1	0	0	0	0	0	0	0	0	
0.645	0.259259	-1.35769	0.0967742	3.85715	0.933181	0.373272	1	0	0	0	0	0	0	0	0	
0.646	0.259259	-1.35769	0.0967742	3.85715	0.933181	0.373272	1	0	0	0	0	0	0	0	0	
0.647	0.259259	-1.35769	0.0967742	3.85715	0.933181	0.373272	1	0	0	0	0	0	0	0	0	
0.648	0.259259	-1.35769	0.0967742	3.85715	0.933181	0.373272	1	0	0	0	0	0	0	0	0	
0.649	0.259259	-1.35769	0.0967742	3.85715	0.933181	0.373272	1	0	0	0	0	0	0	0	0	
0.65	0.259259	-1.35769	0.0967742	3.85715	0.933181	0.373272	1	0	0	0	0	0	0	0	0	
0.651	0.259259	-1.35769	0.0967742	3.85715	0.933181	0.373272	1	0	0	0	0	0	0	0	0	
0.652	0.259259	-1.35769	0.0967742	3.85715	0.933181	0.373272	1	0	0	0	0	0	0	0	0	
0.653	0.259259	-1.35769	0.0967742	3.85715	0.933181	0.373272	1	0	0	0	0	0	0	0	0	
0.654	0.259259	-1.35769	0.0967742	3.85715	0.933181	0.373272	1	0	0	0	0	0	0	0	0	
0.655	0.259259	-1.35769	0.0967742	3.85715	0.933181	0.373272	1	0	0	0	0	0	0	0	0	
0.656	0.259259	-1.35769	0.0967742	3.85715	0.933181	0.373272	1	0	0	0	0	0	0	0	0	
0.657	0.259259	-1.35769	0.0967742	3.85715	0.933181	0.373272	1	0	0	0	0	0	0	0	0	
0.658	0.259259	-1.35769	0.0967742	3.85715	0.933181	0.373272	1	0	0	0	0	0	0	0	0	
0.659	0.259259	-1.35769	0.0967742	3.85715	0.933181	0.373272	1	0	0	0	0	0	0	0	0	
0.66	0.259259	-1.35769	0.0967742	3.85715	0.933181	0.373272	1	0	0	0	0	0	0	0	0	
0.661	0.259259	-1.35769	0.0967742	3.85715	0.933181	0.373272	1	0	0	0	0	0	0	0	0	
0.662	0.259259	-1.35769	0.0967742	3.85715	0.933181	0.373272	1	0	0	0	0	0	0	0	0	
0.663	0.259259	-1.35769	0.0967742	3.85715	0.933181	0.373272	1	0	0	0	0	0	0	0	0	
0.664	0.259259	-1.35769	0.0967742	3.85715	0.933181	0.373272	1	0	0	0	0	0	0	0	0	
0.665	0.259259	-1.35769	0.0967742	3.85715	0.933181	0.373272	1	0	0	0	0	0	0	0	0	
0.666	0.259259	-1.35769	0.0967742	3.85715	0.933181	0.373272	1	0	0	0	0	0	0	0	0	
0.667	0.259259	-1.35769	0.0967742	3.85715	0.933181	0.373272	1	0	0	0	0	0	0	0	0	
0.668	0.259259	-1.35769	0.0967742	3.85715	0.933181	0.373272	1	0	0	0	0	0	0	0	0	
0.669	0.259259	-1.35769	0.0967742	3.85715	0.933181	0.373272	1	0	0	0	0	0	0	0	0	
0.67	0.259259	-1.35769	0.0967742	3.85715	0.933181	0.373272	1	0	0	0	0	0	0	0	0	
0.671	0.259259	-1.35769	0.0967742	3.85715	0.933181	0.373272	1	0	0	0	0	0	0	0	0	
0.672	0.259259	-1.35769	0.0967742	3.85715	0.933181	0.373272	1	0	0	0	0	0	0	0	0	
0.673	0.259259	-1.35769	0.0967742	3.85715	0.933181	0.373272	1	0	0	0	0	0	0	0	0	
0.674	0.259259	-1.35769	0.0967742	3.85715	0.933181	0.373272	1	0	0	0	0	0	0	0	0	
0.675	0.259259	-1.35769	0.0967742	3.85715	0.933181	0.373272	1	0	0	0	0	0	0	0	0	
0.676	0.259259	-1.35769	0.0967742	3.85715	0.933181	0.373272	1	0	0	0	0	0	0	0	0	
0.677	0.259259	-1.35769	0.0967742	3.85715	0.933181	0.373272	1	0	0	0	0	0	0	0	0	
0.678	0.259259	-1.35769	0.0967742	3.85715	0.933181	0.373272	1	0	0	0	0	0	0	0	0	
0.679	0.259259	-1.35769	0.0967742	3.85715	0.933181	0.373272	1	0	0	0	0	0	0	0	0	
0.68	0.259259	-1.35769	0.0967742	3.85715	0.933181	0.373272	1	0	0	0	0	0	0	0	0	
0.681	0.259259	-1.35769	0.0967742	3.85715	0.933181	0.373272	1	0	0	0	0	0	0	0	0	
0.682	0.259259	-1.35769	0.0967742	3.85715	0.933181	0.373272	1	0	0	0	0	0	0	0	0	
0.683	0.259259	-1.35769	0.0967742	3.85715	0.933181	0.373272	1	0	0	0	0	0	0	0	0	
0.684	0.259259	-1.35769	0.0967742	3.85715	0.933181	0.373272	1	0	0	0	0	0	0	0	0	
0.685	0.259259	-1.35769	0.0967742	3.85715	0.933181	0.373272	1	0	0	0	0	0	0	0	0	
0.686	0.259259	-1.35769	0.0967742	3.85715	0.933181	0.373272	1	0	0	0	0	0	0	0	0	
0.687	0.259259	-1.35769	0.0967742	3.85715	0.933181	0.373272	1	0	0	0	0	0	0	0	0	
0.688	0.259259	-1.35769	0.0967742	3.85715	0.933181	0.373272	1	0	0	0	0	0	0	0	0	
0.689	0.259259	-1.35769	0.0967742	3.85715	0.933181	0.373272	1	0	0	0	0	0	0	0	0	
0.69	0.259259	-1.35769	0.0967742	3.85715	0.933181	0.373272	1	0	0	0	0	0	0	0	0	
0.691	0.259259	-1.35769	0.0967742	3.85715	0.933181	0.373272	1	0	0	0	0	0	0	0	0	
0.692	0.259259	-1.35769	0.0967742	3.85715	0.933181	0.373272	1	0	0	0	0	0	0	0	0	
0.693	0.259259	-1.35769	0.0967742	3.85715	0.933181	0.373272	1	0	0	0	0	0	0	0	0	
0.694	0.259259	-1.35769	0.0967742	3.85715	0.933181	0.373272	1	0	0	0	0	0	0	0	0	
0.695	0.259259	-1.35769	0.0967742	3.85715	0.933181	0.373272	1	0	0	0	0	0	0	0	0	
0.696	0.259259	-1.35769	0.0967742	3.85715	0.933181	0.373272	1	0	0	0	0	0	0	0	0	
0.697	0.259259	-1.35769	0.0967742	3.85715	0.933181	0.373272	1	0	0	0	0	0	0	0	0	
0.698	0.259259	-1.35769	0.0967742	3.85715	0.933181	0.373272	1	0	0	0	0	0	0	0	0	
0.699	0.259259	-1.35769	0.0967742	3.85715	0.933181	0.373272	1	0	0	0	0	0	0	0	0	
0.7	0.259259	-1.35769	0.0967742	3.85715	0.933181	0.373272	1	0	0	0	0	0	0	0	0	
0.701	0.259259	-1.35769	0.0967742	3.85715	0.933181	0.373272	1	0	0	0	0	0	0	0	0	
0.702	0.259259	-1.35769	0.0967742	3.85715	0.933181	0.373272	1	0	0	0	0	0	0	0	0	
0.703	0.259259	-1.35769	0.0967742	3.85715	0.933181	0.373272	1	0	0	0	0	0	0	0	0	
0.704	0.259259	-1.35769	0.0967742	3.85715	0.933181	0.373272	1	0	0	0	0	0	0	0	0	
0.705	0.259259	-1.35769	0.0967742	3.85715	0.933181	0.373272	1	0	0	0	0	0	0	0	0	
0.706	0.259259	-1.35769	0.0967742	3.85715	0.933181	0.373272	1	0	0	0	0	0	0	0	0	
0.707	0.259259	-1.35769	0.0967742	3.85715	0.933181	0.373272	1	0	0	0	0	0	0	0	0	
0.708	0.259259	-1.35769	0.0967742	3.85715	0.933181	0.373272	1	0	0	0	0	0	0	0	0	
0.709	0.259259	-1.35769	0.0967742	3.85715	0.933181	0.373272	1	0	0	0	0	0	0	0	0	
0.71	0.259259	-1.35769	0.0967742	3.85715	0.933181	0.373272	1	0	0	0	0	0	0	0	0	
0.711	0.259259	-1.35769	0.0967742	3.85715	0.933181	0.373272	1	0	0	0	0	0	0	0	0	
0.712	0.259259	-1.35769	0.0967742	3.85715	0.933181	0.373272	1	0	0	0	0	0	0	0	0	
0.713	0.259259	-1.35769	0.0967742	3.85715	0.933181	0.373272	1	0	0	0	0	0	0	0	0	
0.714	0.259259	-1.35769	0.0967742	3.85715	0.933181	0.373272	1	0	0	0	0	0	0	0	0	
0.715	0.259259	-1.35769	0.0967742	3.85715	0.933181	0.373272	1	0	0	0	0	0	0	0	0	
0.716	0.259259	-1.35769	0.0967742	3.85715	0.933181	0.373272	1	0	0	0	0	0	0	0	0	
0.717	0.259259	-1.35769	0.0967742	3.85715	0.933181	0.373272	1	0	0	0	0	0	0	0	0	
0.718	0.259259	-1.35769	0.0967742	3.85715	0.933181	0.373272	1	0	0	0	0	0	0	0	0	
0.719	0.259259	-1.35769	0.0967742	3.85715	0.933181	0.373272	1	0	0	0	0	0	0	0	0	
0.72	0.259259	-1.35769	0.0967742	3.85715	0.933181	0.373272	1	0	0	0	0	0	0	0	0	
0.721	0.259259	-1.35769	0.0967742	3.85715	0.933181	0.373272	1	0	0	0	0	0	0	0	0	
0.722	0.259259	-1.35769	0.0967742	3.85715	0.933181	0.373272	1	0	0	0	0	0	0	0	0	
0.723	0.259259	-1.35769	0.0967742	3.85715	0.933181	0.373272	1	0	0	0	0	0	0	0	0	
0.724	0.259259	-1.35769	0.0967742	3.85715	0.933181	0.373272	1	0	0	0	0	0	0	0	0	
0.725	0.259259	-1.35769	0.0967742	3.85715	0.933181	0.373272	1	0	0	0	0	0	0	0	0	
0.726	0.259259	-1.35769	0.0967742	3.85715	0.933181	0.373272	1	0	0	0	0	0	0	0	0	
0.727	0.259259	-1.35769	0.0967742	3.85715	0.933181	0.373272	1	0	0	0	0	0	0	0	0	
0.728	0.259259	-1.35769	0.0967742	3.85715	0.933181	0.373272	1	0	0	0	0	0	0	0	0	
0.729	0.259259	-1.35769	0.0967742	3.85715	0.933181	0.373272	1	0	0	0	0	0	0	0	0	
0.73	0.259259	-1.35769	0.0967742	3.85715	0.933181	0.373272	1	0	0	0	0	0	0	0	0	
0.731	0.259259	-1.35769	0.0967742	3.85715	0.933181	0.373272	1	0	0	0	0	0	0	0	0	
0.732	0.259259	-1.35769	0.0967742	3.85715	0.933181	0.373272	1	0	0	0	0	0	0	0	0	
0.733	0.259259	-1.35769	0.0967742	3.85715	0.933181	0.373272	1	0	0	0	0	0	0	0	0	
0.734	0.259259	-1.35769	0.0967742	3.85715	0.933181	0.373272	1	0	0	0	0	0	0	0	0	
0.735	0.259259	-1.35769	0.0967742	3.85715	0.933181	0.373272	1	0	0	0	0	0	0	0	0	
0.736	0.259259	-1.35769	0.0967742	3.85715	0.933181	0.373272	1	0	0	0	0	0	0	0	0	
0.737	0.259259	-1.35769	0.0967742	3.85715	0.933181	0.373272	1	0	0	0	0	0	0	0	0	
0.738	0.259259	-1.35769	0.0967742	3.85715	0.933181	0.373272	1	0	0	0	0	0	0	0	0	
0.739	0.259259	-1.35769	0.0967742	3.85715	0.933181	0.373272	1	0	0	0	0	0	0	0	0	
0.74	0.259259	-1.35769	0.0967742	3.85715	0.933181	0.373272	1	0	0	0	0	0	0	0	0	
0.741	0.259259	-1.35769	0.0967742	3.85715	0.933181	0.373272	1	0	0	0	0	0	0	0	0	
0.742	0.259259	-1.35769	0.0967742	3.85715	0.933181	0.373272	1	0	0	0	0	0	0	0	0	
0.743	0.259259	-1.35769	0.0967742	3.85715	0.933181	0.373272	1	0	0	0	0	0	0	0	0	
0.744	0.259259	-1.35769	0.0967742	3.85715	0.933181	0.373272	1	0	0	0	0	0	0	0	0	
0.745	0.259259	-1.35769	0.0967742	3.85715	0.933181	0.373272	1	0	0	0	0	0	0	0	0	
0.746	0.259259	-1.35769	0.0967742	3.85715	0.933181	0.373272	1	0	0	0	0	0	0	0	0	
0.747	0.259259	-1.35769	0.0967742	3.85715	0.933181	0.373272	1	0	0	0	0	0	0	0	0	
0.748	0.259259	-1.35769	0.0967742	3.85715	0.933181	0.373272	1	0	0	0	0	0	0	0	0	
0.749	0.259259	-1.35769	0.0967742	3.85715	0.933181	0.373272	1	0	0	0	0	0	0	0	0	
0.75	0.259259	-1.35769	0.0967742	3.85715	0.933181	0.373272	1	0	0	0	0	0	0	0	0	
0.751	0.259259	-1.35769	0.0967742	3.85715	0.933181	0.373272	1	0	0	0	0	0	0	0	0	
0.752	0.259259	-1.35769	0.0967742	3.85715	0.933181	0.373272	1	0	0	0	0	0	0	0	0	
0.753	0.259259	-1.35769	0.0967742	3.85715	0.933181	0.373272	1	0	0	0	0	0	0	0	0	
0.754	0.259259	-1.35769	0.0967742	3.85715	0.933181	0.373272	1	0	0	0	0	0	0	0	0	
0.755	0.259259	-1.35769	0.0967742	3.85715	0.933181	0.373272	1	0	0	0	0	0	0	0	0	
0.756	0.259259	-1.35769	0.0967742	3.85715	0.933181	0.373272	1	0	0	0	0	0	0	0	0	
0.757	0.259259	-1.35769	0.0967742	3.85715	0.933181	0.373272	1	0	0	0	0	0	0	0	0	
0.758	0.259259	-1.35769	0.0967742	3.85715	0.933181	0.373272	1	0	0	0	0	0	0	0	0	
0.759	0.259259	-1.35769	0.0967742	3.85715	0.933181	0.373272	1	0	0	0	0	0	0	0	0	
0.76	0.259259	-1.35769	0.0967742	3.85715	0.933181	0.373272	1	0	0	0	0	0	0	0	0	
0.761	0.259259	-1.35769	0.0967742	3.85715	0.933181	0.373272	1	0	0	0	0	0	0	0	0	
0.762	0.259259	-1.35769	0.0967742	3.85715	0.933181	0.373272	1	0	0	0	0	0	0	0	0	
0.763	0.259259	-1.35769	0.0967742	3.85715	0.933181	0.373272	1	0	0	0	0	0	0	0	0	
0.764	0.259259	-1.35769	0.0967742	3.85715	0.933181	0.373272	1	0	0	0	0	0	0	0	0	
0.765	0.259259	-1.35769	0.0967742	3.85715	0.933181	0.373272	1	0	0	0	0	0	0	0	0	
0.766	0.259259	-1.35769	0.0967742	3.85715	0.933181	0.373272	1	0	0	0	0	0	0	0	0	
0.767	0.259259	-1.35769	0.0967742	3.85715	0.933181	0.373272	1	0	0	0	0	0	0	0	0	
0.768	0.259259	-1.35769	0.0967742	3.85715	0.933181	0.373272	1	0	0	0	0	0	0	0	0	
0.769	0.259259	-1.35769	0.0967742	3.85715	0.933181	0.373272	1	0	0	0	0	0	0	0	0	
0.77	0.259259	-1.35769	0.0967742	3.85715	0.933181	0.373272	1	0	0	0	0	0	0	0	0	
0.771	0.259259	-1.35769	0.0967742	3.85715	0.933181	0.373272	1	0	0	0	0	0	0	0	0	
0.772	0.259259	-1.35769	0.0967742	3.85715	0.933181	0.373272	1	0	0	0	0	0	0	0	0	
0.773	0.259259	-1.35769	0.0967742	3.85715	0.933181	0.373272	1	0	0	0	0	0	0	0	0	
0.774	0.259259	-1.35769	0.0967742	3.85715	0.933181	0.373272	1	0	0	0	0	0	0	0	0	
0.775	0.259259	-1.35769	0.0967742	3.85715	0.933181	0.373272	1	0	0	0	0	0	0	0	0	
0.776	0.259259	-1.35769	0.0967742	3.85715	0.933181	0.373272	1	0	0	0	0	0	0	0	0	
0.777	0.259259	-1.35769	0.0967742	3.85715	0.933181	0.373272	1	0	0	0	0	0	0	0	0	
0.778	0.259259	-1.35769	0.0967742	3.85715	0.933181	0.373272	1	0	0	0	0	0	0	0	0	
0.779	0.259259	-1.35769	0.0967742	3.85715	0.933181	0.373272	1	0	0	0	0	0	0	0	0	
0.78	0.259259	-1.35769	0.0967742	3.85715	0.933181	0.373272	1	0	0	0	0	0	0	0	0	
0.781	0.259259	-1.35769	0.0967742	3.85715	0.933181	0.373272	1	0	0	0	0	0	0	0	0	
0.782	0.259259	-1.35769	0.0967742	3.85715	0.933181	0.373272	1	0	0	0	0	0	0	0	0	
0.783	0.259259	-1.35769	0.0967742	3.85715	0.933181	0.373272	1	0	0	0	0	0	0	0	0	
0.784	0.259259	-1.35769	0.0967742	3.85715	0.933181	0.373272	1	0	0	0	0	0	0	0	0	
0.785	0.259259	-1.35769	0.0967742	3.85715	0.933181	0.373272	1	0	0	0	0	0	0	0	0	
0.786	0.259259	-1.35769	0.0967742	3.85715	0.933181	0.373272	1	0	0	0	0	0	0	0	0	
0.787	0.259259	-1.35769	0.0967742	3.85715	0.933181	0.373272	1	0	0	0	0	0	0	0	0	
0.788	0.259259	-1.35769	0.0967742	3.85715	0.933181	0.373272	1	0	0	0	0	0	0	0	0	
0.789	0.259259	-1.35769	0.0967742	3.85715	0.933181	0.373272	1	0	0	0	0	0	0	0	0	
0.79	0.259259	-1.35769	0.0967742	3.85715	0.933181	0.373272	1	0	0	0	0	0	0	0	0	
0.791	0.259259	-1.35769	0.0967742	3.85715	0.933181	0.373272	1	0	0	0	0	0	0	0	0	
0.792	0.259259	-1.35769	0.0967742	3.85715	0.933181	0.373272	1	0	0	0	0	0	0	0	0	
0.793	0.259259	-1.35769	0.0967742	3.85715	0.933181	0.373272	1	0	0	0	0	0	0	0	0	
0.794	0.259259	-1.35769	0.0967742	3.85715	0.933181	0.373272	1	0	0	0	0	0	0	0	0	
0.795	0.259259	-1.35769	0.0967742	3.85715	0.933181	0.373272	1	0	0	0	0	0	0	0	0	
0.796	0.259259	-1.35769	0.0967742	3.85715	0.933181	0.373272	1	0	0	0	0	0	0	0	0	
0.797	0.259259	-1.35769	0.0967742	3.85715	0.933181	0.373272	1	0	0	0	0	0	0	0	0	
0.798	0.259259	-1.35769	0.0967742	3.85715	0.933181	0.373272	1	0	0	0	0	0	0	0	0	
0.799	0.259259	-1.35769	0.0967742	3.85715	0.933181	0.373272	1	0	0	0	0	0	0	0	0	
0.8	0.259259	-1.35769	0.0967742	3.85715	0.933181	0.373272	1	0	0	0	0	0	0	0	0	
0.801	0.259259	-1.35769	0.0967742	3.85715	0.933181	0.373272	1	0	0	0	0	0	0	0	0	
0.802	0.259259	-1.35769	0.0967742	3.85715	0.933181	0.373272	1	0	0	0	0	0	0	0	0	
0.803	0.259259	-1.35769	0.0967742	3.85715	0.933181	0.373272	1	0	0	0	0	0	0	0	0	
0.804	0.259259	-1.35769	0.0967742	3.85715	0.933181	0.373272	1	0	0	0	0	0	0	0	0	
0.805	0.259259	-1.35769	0.0967742	3.85715	0.933181	0.373272	1	0	0	0	0	0	0	0	0	
0.806	0.259259	-1.35769	0.0967742	3.85715	0.933181	0.373272	1	0	0	0	0	0	0	0	0	
0.807	0.259259	-1.35769	0.0967742	3.85715	0.933181	0.373272	1	0	0	0	0	0	0	0	0	
0.808	0.259259	-1.35769	0.0967742	3.85715	0.933181	0.373272	1	0	0	0	0	0	0	0	0	
0.809	0.259259	-1.35769	0.0967742	3.85715	0.933181	0.373272	1	0	0	0	0	0	0	0	0	
0.81	0.259259	-1.35769	0.0967742	3.85715	0.933181	0.373272	1	0	0	0	0	0	0	0	0	
0.811	0.259259	-1.35769	0.0967742	3.85715	0.933181	0.373272	1	0	0	0	0	0	0	0	0	
0.812	0.259259	-1.35769	0.0967742	3.85715	0.933181	0.373272	1	0	0	0	0	0	0	0	0	
0.813	0.259259	-1.35769	0.0967742	3.85715	0.933181	0.373272	1	0	0	0	0	0	0	0	0	
0.814	0.259259	-1.35769	0.0967742	3.85715	0.933181	0.373272	1	0	0	0	0	0	0	0	0	
0.815	0.259259	-1.35769	0.0967742	3.85715	0.933181	0.373272	1	0	0	0	0	0	0	0	0	
0.816	0.259259	-1.35769	0.0967742	3.85715	0.933181	0.373272	1	0	0	0	0	0	0	0	0	
0.817	0.259259	-1.35769	0.0967742	3.85715	0.933181	0.373272	1	0	0	0	0	0	0	0	0	
0.818	0.259259	-1.35769	0.0967742	3.85715	0.933181	0.373272	1	0	0	0	0	0	0	0	0	
0.819	0.259259	-1.35769	0.0967742	3.85715	0.933181	0.373272	1	0	0	0	0	0	0	0	0	
0.82	0.259259	-1.35769	0.0967742	3.85715	0.933181	0.373272	1	0	0	0	0	0	0	0	0	
0.821	0.259259	-1.35769	0.0967742	3.85715	0.933181	0.373272	1	0	0	0	0	0	0	0	0	
0.822	0.259259	-1.35769	0.0967742	3.85715	0.933181	0.373272	1	0	0	0	0	0	0	0	0	
0.823	0.259259	-1.35769	0.0967742	3.85715	0.933181	0.373272	1	0	0	0	0	0	0	0	0	
0.824	0.259259	-1.35769	0.0967742	3.85715	0.933181	0.373272	1	0	0	0	0	0	0	0	0	
0.825	0.259259	-1.35769	0.0967742	3.85715	0.933181	0.373272	1	0	0	0	0	0	0	0	0	
0.826	0.259259	-1.35769	0.0967742	3.85715	0.933181	0.373272	1	0	0	0	0	0	0	0	0	
0.827	0.259259	-1.35769	0.0967742	3.85715	0.933181	0.373272	1	0	0	0	0	0	0	0	0	
0.828	0.259259	-1.35769	0.0967742	3.85715	0.933181	0.373272	1	0	0	0	0	0	0	0	0	
0.829	0.259259	-1.35769	0.0967742	3.85715	0.933181	0.373272	1	0	0	0	0	0	0	0	0	
0.83	0.259259	-1.35769	0.0967742	3.85715	0.933181	0.373272	1	0	0	0	0	0	0	0	0	
0.831	0.259259	-1.35769	0.0967742	3.85715	0.933181	0.373272	1	0	0	0	0	0	0	0	0	
0.832	0.259259	-1.35769	0.0967742	3.85715	0.933181	0.373272	1	0	0	0	0	0	0	0	0	
0.833	0.259259	-1.35769	0.0967742	3.85715	0.933181	0.373272	1	0	0	0	0	0	0	0	0	
0.834	0.259259	-1.35769	0.0967742	3.85715	0.933181	0.373272	1	0	0	0	0	0	0	0	0	
0.835	0.259259	-1.35769	0.0967742	3.85715	0.933181	0.373272	1	0	0	0	0	0	0	0	0	
0.836	0.259259	-1.35769	0.0967742	3.85715	0.933181	0.373272	1	0	0	0	0	0	0	0	0	
0.837	0.259259	-1.35769	0.0967742	3.85715	0.933181	0.373272	1	0	0	0	0	0	0	0	0	
0.838	0.259259	-1.35769	0.0967742	3.85715	0.933181	0.373272	1	0	0	0	0	0	0	0	0	
0.839	0.259259	-1.35769	0.0967742	3.85715	0.933181	0.373272	1	0	0	0	0	0	0	0	0	
0.84	0.259259	-1.35769	0.0967742	3.85715	0.933181	0.373272	1	0	0	0	0	0	0	0	0	
0.841	0.259259	-1.35769	0.0967742	3.85715	0.933181	0.373272	1	0	0	0	0	0	0	0	0	
0.842	0.259259	-1.35769	0.0967742	3.85715	0.933181	0.373272	1	0	0	0	0	0	0	0	0	
0.843	0.259259	-1.35769	0.0967742	3.85715	0.933181	0.373272	1	0	0	0	0	0	0	0	0	
0.844	0.259259	-1.35769	0.0967742	3.85715	0.933181	0.373272	1	0	0	0	0	0	0	0	0	
0.845	0.259259	-1.35769	0.0967742	3.85715	0.933181	0.373272	1	0	0	0	0	0	0	0	0	
0.846	0.259259	-1.35769	0.0967742	3.85715	0.933181	0.373272	1	0	0	0	0	0	0	0	0	
0.847	0.259259	-1.35769	0.0967742	3.85715	0.933181	0.373272	1	0	0	0	0	0	0	0	0	
0.848	0.259259	-1.35769	0.0967742	3.85715	0.933181	0.373272	1	0	0	0	0	0	0	0	0	
0.849	0.259259	-1.35769	0.0967742	3.85715	0.933181	0.373272	1	0	0	0	0	0	0	0	0	
0.85	0.259259	-1.35769	0.0967742	3.85715	0.933181	0.373272	1	0	0	0	0	0	0	0	0	
0.851	0.259259	-1.35769	0.0967742	3.85715	0.933181	0.373272	1	0	0	0	0	0	0	0	0	
0.852	0.259259	-1.35769	0.0967742	3.85715	0.933181	0.373272	1	0	0	0	0	0	0	0	0	
0.853	0.259259	-1.35769	0.0967742	3.85715	0.933181	0.373272	1	0	0	0	0	0	0	0	0	
0.854	0.259259	-1.35769	0.0967742	3.85715	0.933181	0.373272	1	0	0	0	0	0	0	0	0	
0.855	0.259259	-1.35769	0.0967742	3.85715	0.933181	0.373272	1	0	0	0	0	0	0	0	0	
0.856	0.259259	-1.35769	0.0967742	3.85715	0.933181	0.373272	1	0	0	0	0	0	0	0	0	
0.857	0.259259	-1.35769	0.0967742	3.85715	0.933181	0.373272	1	0	0	0	0	0	0	0	0	
0.858	0.259259	-1.35769	0.0967742	3.85715	0.933181	0.373272	1	0	0	0	0	0	0	0	0	
0.859	0.259259	-1.35769	0.0967742	3.85715	0.933181	0.373272	1	0	0	0	0	0	0	0	0	
0.86	0.259259	-1.35769	0.0967742	3.85715	0.933181	0.373272	1	0	0	0	0	0	0	0	0	
0.861	0.259259	-1.35769	0.0967742	3.85715	0.933181	0.373272	1	0	0	0	0	0	0	0	0	
0.862	0.259259	-1.35769	0.0967742	3.85715	0.933181	0.373272	1	0	0	0	0	0	0	0	0	
0.863	0.259259	-1.35769	0.0967742	3.85715	0.933181	0.373272	1	0	0	0	0	0	0	0	0	
0.864	0.259259	-1.35769	0.0967742	3.85715	0.933181	0.373272	1	0	0	0	0	0	0	0	0	
0.865	0.259259	-1.35769	0.0967742	3.85715	0.933181	0.373272	1	0	0	0	0	0	0	0	0	
0.866	0.259259	-1.35769	0.0967742	3.85715	0.933181	0.373272	1	0	0	0	0	0	0	0	0	
0.867	0.259259	-1.35769	0.0967742	3.85715	0.933181	0.373272	1	0	0	0	0	0	0	0	0	
0.868	0.259259	-1.35769	0.0967742	3.85715	0.933181	0.373272	1	0	0	0	0	0	0	0	0	
0.869	0.259259	-1.35769	0.0967742	3.85715	0.933181	0.373272	1	0	0	0	0	0	0	0	0	
0.87	0.259259	-1.35769	0.0967742	3.85715	0.933181	0.373272	1	0	0	0	0	0	0	0	0	
0.871	0.259259	-1.35769	0.0967742	3.85715	0.933181	0.373272	1	0	0	0	0	0	0	0	0	
0.872	0.259259	-1.35769	0.0967742	3.85715	0.933181	0.373272	1	0	0	0	0	0	0	0	0	
0.873	0.259259	-1.35769	0.0967742	3.85715	0.933181	0.373272	1	0	0	0	0	0	0	0	0	
0.874	0.259259	-1.35769	0.0967742	3.85715	0.933181	0.373272	1	0	0	0	0	0	0	0	0	
0.875	0.259259	-1.35769	0.0967742	3.85715	0.933181	0.373272	1	0	0	0	0	0	0	0	0	
0.876	0.259259	-1.35769	0.0967742	3.85715	0.933181	0.373272	1	0	0	0	0	0	0	0	0	
0.877	0.259259	-1.35769	0.0967742	3.85715	0.933181	0.373272	1	0	0	0	0	0	0	0	0	
0.878	0.259259	-1.35769	0.0967742	3.85715	0.933181	0.373272	1	0	0	0	0	0	0	0	0	
0.879	0.259259	-1.35769	0.0967742	3.85715	0.933181	0.373272	1	0	0	0	0	0	0	0	0	
0.88	0.259259	-1.35769	0.0967742	3.85715	0.933181	0.373272	1	0	0	0	0	0	0	0	0	
0.881	0.259259	-1.35769	0.0967742	3.85715	0.933181	0.373272	1	0	0	0	0	0	0	0	0	
0.882	0.259259	-1.35769	0.0967742	3.85715	0.933181	0.373272	1	0	0	0	0	0	0	0	0	
0.883	0.259259	-1.35769	0.0967742	3.85715	0.933181	0.373272	1	0	0	0	0	0	0	0	0	
0.884	0.259259	-1.35769	0.0967742	3.85715	0.933181	0.373272	1	0	0	0	0	0	0	0	0	
0.885	0.259259	-1.35769	0.0967742	3.85715	0.933181	0.373272	1	0	0	0	0	0	0	0	0	
0.886	0.259259	-1.35769	0.0967742	3.85715	0.933181	0.373272	1	0	0	0	0	0	0	0	0	
0.887	0.259259	-1.35769	0.0967742	3.85715	0.933181	0.373272	1	0	0	0	0	0	0	0	0	
0.888	0.259259	-1.35769	0.0967742	3.85715	0.933181	0.373272	1	0	0	0	0	0	0	0	0	
0.889	0.259259	-1.35769	0.0967742	3.85715	0.933181	0.373272	1	0	0	0	0	0	0	0	0	
0.89	0.259259	-1.35769	0.0967742	3.85715	0.933181	0.373272	1	0	0	0	0	0	0	0	0	
0.891	0.259259	-1.35769	0.0967742	3.85715	0.933181	0.373272	1	0	0	0	0	0	0	0	0	
0.892	0.259259	-1.35769	0.0967742	3.85715	0.933181	0.373272	1	0	0	0	0	0	0	0	0	
0.893	0.259259	-1.35769	0.0967742	3.85715	0.933181	0.373272	1	0	0	0	0	0	0	0	0	
0.894	0.259259	-1.35769	0.0967742	3.85715	0.933181	0.373272	1	0	0	0	0	0	0	0	0	
0.895	0.259259	-1.35769	0.0967742	3.85715	0.933181	0.373272	1	0	0	0	0	0	0	0	0	
0.896	0.259259	-1.35769	0.0967742	3.85715	0.933181	0.373272	1	0	0	0	0	0	0	0	0	
0.897	0.259259	-1.35769	0.0967742	3.85715	0.933181	0.373272	1	0	0	0	0	0	0	0	0	
0.898	0.259259	-1.35769	0.0967742	3.85715	0.933181	0.373272	1	0	0	0	0	0	0	0	0	
0.899	0.259259	-1.35769	0.0967742	3.85715	0.933181	0.373272	1	0	0	0	0	0	0	0	0	
0.9	0.259259	-1.35769	0.0967742	3.85715	0.933181	0.373272	1	0	0	0	0	0	0	0	0	
0.901	0.259259	-1.35769	0.0967742	3.85715	0.933181	0.373272	1	0	0	0	0	0	0	0	0	
0.902	0.259259	-1.35769	0.0967742	3.85715	0.933181	0.373272	1	0	0	0	0	0	0	0	0	
0.903	0.259259	-1.35769	0.0967742	3.85715	0.933181	0.373272	1	0	0	0	0	0	0	0	0	
0.904	0.259259	-1.35769	0.0967742	3.85715	0.933181	0.373272	1	0	0	0	0	0	0	0	0	
0.905	0.259259	-1.35769	0.0967742	3.85715	0.933181	0.373272	1	0	0	0	0	0	0	0	0	
0.906	0.259259	-1.35769	0.0967742	3.85715	0.933181	0.373272	1	0	0	0	0	0	0	0	0	
0.907	0.259259	-1.35769	0.0967742	3.85715	0.933181	0.373272	1	0	0	0	0	0	0	0	0	
0.908	0.259259	-1.35769	0.0967742	3.85715	0.933181	0.373272	1	0	0	0	0	0	0	0	0	
0.909	0.259259	-1.35769	0.0967742	3.85715	0.933181	0.373272	1	0	0	0	0	0	0	0	0	
0.91	0.259259	-1.35769	0.0967742	3.85715	0.933181	0.373272	1	0	0	0	0	0	0	0	0	
0.911	0.259259	-1.35769	0.0967742	3.85715	0.933181	0.373272	1	0	0	0	0	0	0	0	0	
0.912	0.259259	-1.35769	0.0967742	3.85715	0.933181	0.373272	1	0	0	0	0	0	0	0	0	
0.913	0.259259	-1.35769	0.0967742	3.85715	0.933181	0.373272	1	0	0	0	0	0	0	0	0	
0.914	0.259259	-1.35769	0.0967742	3.85715	0.933181	0.373272	1	0	0	0	0	0	0	0	0	
0.915	0.259259	-1.35769	0.0967742	3.85715	0.933181	0.373272	1	0	0	0	0	0	0	0	0	
0.916	0.259259	-1.35769	0.0967742	3.85715	0.933181	0.373272	1	0	0	0	0	0	0	0	0	
0.917	0.259259	-1.35769	0.0967742	3.85715	0.933181	0.373272	1	0	0	0	0	0	0	0	0	
0.918	0.259259	-1.35769	0.0967742	3.85715	0.933181	0.373272	1	0	0	0	0	0	0	0	0	
0.919	0.259259	-1.35769	0.0967742	3.85715	0.933181	0.373272	1	0	0	0	0	0	0	0	0	
0.92	0.259259	-1.35769	0.0967742	3.85715	0.933181	0.373272	1	0	0	0	0	0	0	0	0	
0.921	0.259259	-1.35769	0.0967742	3.85715	0.933181	0.373272	1	0	0	0	0	0	0	0	0	
0.922	0.259259	-1.35769	0.0967742	3.85715	0.933181	0.373272	1	0	0	0	0	0	0	0	0	
0.923	0.259259	-1.35769	0.0967742	3.85715	0.933181	0.373272	1	0	0	0	0	0	0	0	0	
0.924	0.259259	-1.35769	0.0967742	3.85715	0.933181	0.373272	1	0	0	0	0	0	0	0	0	
0.925	0.259259	-1.35769	0.0967742	3.85715	0.933181	0.373272	1	0	0	0	0	0	0	0	0	
0.926	0.259259	-1.35769	0.0967742	3.85715	0.933181	0.373272	1	0	0	0	0	0	0	0	0	
0.927	0.259259	-1.35769	0.0967742	3.85715	0.933181	0.373272	1	0	0	0	0	0	0	0	0	
0.928	0.259259	-1.35769	0.0967742	3.85715	0.933181	0.373272	1	0	0	0	0	0	0	0	0	
0.929	0.259259	-1.35769	0.0967742	3.85715	0.933181	0.373272	1	0	0	0	0	0	0	0	0	
0.93	0.259259	-1.35769	0.0967742	3.85715	0.933181	0.373272	1	0	0	0	0	0	0	0	0	
0.931	0.259259	-1.35769	0.0967742	3.85715	0.933181	0.373272	1	0	0	0	0	0	0	0	0	
0.932	0.259259	-1.35769	0.0967742	3.85715	0.933181	0.373272	1	0	0	0	0	0	0	0	0	
0.933	0.259259	-1.35769	0.0967742	3.85715	0.933181	0.373272	1	0	0	0	0	0	0	0	0	
0.934	0.259259	-1.35769	0.0967742	3.85715	0.933181	0.373272	1	0	0	0	0	0	0	0	0	
0.935	0.259259	-1.35769	0.0967742	3.85715	0.933181	0.373272	1	0	0	0	0	0	0	0	0	
0.936	0.259259	-1.35769	0.0967742	3.85715	0.933181	0.373272	1	0	0	0	0	0	0	0	0	
0.937	0.259259	-1.35769	0.0967742	3.85715	0.933181	0.373272	1	0	0	0	0	0	0	0	0	
0.938	0.259259	-1.35769	0.0967742	3.85715	0.933181	0.373272	1	0	0	0	0	0	0	0	0	
0.939	0.259259	-1.35769	0.0967742	3.85715	0.933181	0.373272	1	0	0	0	0	0	0	0	0	
0.94	0.259259	-1.35769	0.0967742	3.85715	0.933181	0.373272	1	0	0	0	0	0	0	0	0	
0.941	0.259259	-1.35769	0.0967742	3.85715	0.933181	0.373272	1	0	0	0	0	0	0	0	0	
0.942	0.259259	-1.35769	0.0967742	3.85715	0.933181	0.373272	1	0	0	0	0	0	0	0	0	
0.943	0.259259	-1.35769	0.0967742	3.85715	0.933181	0.373272	1	0	0	0	0	0	0	0	0	
0.944	0.259259	-1.35769	0.0967742	3.85715	0.933181	0.373272	1	0	0	0	0	0	0	0	0	
0.945	0.259259	-1.35769	0.0967742	3.85715	0.933181	0.373272	1	0	0	0	0	0	0	0	0	
0.946	0.259259	-1.35769	0.0967742	3.85715	0.933181	0.373272	1	0	0	0	0	0	0	0	0	
0.947	0.259259	-1.35769	0.0967742	3.85715	0.933181	0.373272	1	0	0	0	0	0	0	0	0	
0.948	0.259259	-1.35769	0.0967742	3.85715	0.933181	0.373272	1	0	0	0	0	0	0	0	0	
0.949	0.259259	-1.35769	0.0967742	3.85715	0.933181	0.373272	1	0	0	0	0	0	0	0	0	
0.95	0.259259	-1.35769	0.0967742	3.85715	0.933181	0.373272	1	0	0	0	0	0	0	0	0	
0.951	0.259259	-1.35769	0.0967742	3.85715	0.933181	0.373272	1	0	0	0	0	0	0	0	0	
0.952	0.259259	-1.35769	0.0967742	3.85715	0.933181	0.373272	1	0	0	0	0	0	0	0	0	
0.953	0.259259	-1.35769	0.0967742	3.85715	0.933181	0.373272	1	0	0	0	0	0	0	0	0	
0.954	0.259259	-1.35769	0.0967742	3.85715	0.933181	0.373272	1	0	0	0	0	0	0	0	0	
0.955	0.259259	-1.35769	0.0967742	3.85715	0.933181	0.373272	1	0	0	0	0	0	0	0	0	
0.956	0.259259	-1.35769	0.0967742	3.85715	0.933181	0.373272	1	0	0	0	0	0	0	0	0	
0.957	0.259259	-1.35769	0.0967742	3.85715	0.933181	0.373272	1	0	0	0	0	0	0	0	0	
0.958	0.259259	-1.35769	0.0967742	3.85715	0.933181	0.373272	1	0	0	0	0	0	0	0	0	
0.959	0.259259	-1.35769	0.0967742	3.85715	0.933181	0.373272	1	0	0	0	0	0	0	0	0	
0.96	0.259259	-1.35769	0.0967742	3.85715	0.933181	0.373272	1	0	0	0	0	0	0	0	0	
0.961	0.259259	-1.35769	0.0967742	3.85715	0.933181	0.373272	1	0	0	0	0	0	0	0	0	
0.962	0.259259	-1.35769	0.0967742	3.85715	0.933181	0.373272	1	0	0	0	0	0	0	0	0	
0.963	0.259259	-1.35769	0.0967742	3.85715	0.933181	0.373272	1	0	0	0	0	0	0	0	0	
0.964	0.259259	-1.35769	0.0967742	3.85715	0.933181	0.373272	1	0	0	0	0	0	0	0	0	
0.965	0.259259	-1.35769	0.0967742	3.85715	0.933181	0.373272	1	0	0	0	0	0	0	0	0	
0.966	0.259259	-1.35769	0.0967742	3.85715	0.933181	0.373272	1	0	0	0	0	0	0	0	0	
0.967	0.259259	-1.35769	0.0967742	3.85715	0.933181	0.373272	1	0	0	0	0	0	0	0	0	
0.968	0.259259	-1.35769	0.0967742	3.85715	0.933181	0.373272	1	0	0	0	0	0	0	0	0	
0.969	0.259259	-1.35769	0.0967742	3.85715	0.933181	0.373272	1	0	0	0	0	0	0	0	0	
0.97	0.259259	-1.35769	0.0967742	3.85715	0.933181	0.373272	1	0	0	0	0	0	0	0	0	
0.971	0.259259	-1.35769	0.0967742	3.85715	0.933181	0.373272	1	0	0	0	0	0	0	0	0	
0.972	0.259259	-1.35769	0.0967742	3.85715	0.933181	0.373272	1	0	0	0	0	0	0	0	0	
0.973	0.259259	-1.35769	0.0967742	3.85715	0.933181	0.373272	1	0	0	0	0	0	0	0	0	
0.974	0.259259	-1.35769	0.0967742	3.85715	0.933181	0.373272	1	0	0	0	0	0	0	0	0	
0.975	0.259259	-1.35769	0.0967742	3.85715	0.933181	0.373272	1	0	0	0	0	0	0	0	0	
0.976	0.259259	-1.35769	0.0967742	3.85715	0.933181	0.373272	1	0	0	0	0	0	0	0	0	
0.977	0.259259	-1.35769	0.0967742	3.85715	0.933181	0.373272	1	0	0	0	0	0	0	0	0	
0.978	0.259259	-1.35769	0.0967742	3.85715	0.933181	0.373272	1	0	0	0	0	0	0	0	0	
0.979	0.259259	-1.35769	0.0967742	3.85715	0.933181	0.373272	1	0	0	0	0	0	0	0	0	
0.98	0.259259	-1.35769	0.0967742	3.85715	0.933181	0.373272	1	0	0	0	0	0	0	0	0	
0.981	0.259259	-1.35769	0.0967742	3.85715	0.933181	0.373272	1	0	0	0	0	0	0	0	0	
0.982	0.259259	-1.35769	0.0967742	3.85715	0.933181	0.373272	1	0	0	0	0	0	0	0	0	
0.983	0.259259	-1.35769	0.0967742	3.85715	0.933181	0.373272	1	0	0	0	0	0	0	0	0	
0.984	0.259259	-1.35769	0.0967742	3.85715	0.933181	0.373272	1	0	0	0	0	0	0	0	0	
0.985	0.259259	-1.35769	0.0967742	3.85715	0.933181	0.373272	1	0	0	0	0	0	0	0	0	
0.986	0.259259	-1.35769	0.0967742	3.85715	0.933181	0.373272	1	0	0	0	0	0	0	0	0	
0.987	0.259259	-1.35769	0.0967742	3.85715	0.933181	0.373272	1	0	0	0	0	0	0	0	0	
0.988	0.259259	-1.35769	0.0967742	3.85715	0.933181	0.373272	1	0	0	0	0	0	0	0	0	
0.989	0.259259	-1.35769	0.0967742	3.85715	0.933181	0.373272	1	0	0	0	0	0	0	0	0	
0.99	0.259259	-1.35769	0.0967742	3.85715	0.933181	0.373272	1	0	0	0	0	0	0	0	0	
0.991	0.259259	-1.35769	0.0967742	3.85715	0.933181	0.373272	1	0	0	0	0	0	0	0	0	
0.992	0.259259	-1.35769	0.0967742	3.85715	0.933181	0.373272	1	0	0	0	0	0	0	0	0	
0.993	0.259259	-1.35769	0.0967742	3.85715	0.933181	0.373272	1	0	0	0	0	0	0	0	0	
0.994	0.259259	-1.35769	0.0967742	3.85715	0.933181	0.373272	1	0	0	0	0	0	0	0	0	
0.995	0.259259	-1.35769	0.0967742	3.85715	0.933181	0.373272	1	0	0	0	0	0	0	0	0	
0.996	0.259259	-1.35769	0.0967742	3.85715	0.933181	0.373272	1	0	0	0	0	0	0	0	0	
0.997	0.259259	-1.35769	0.0967742	3.85715	0.933181	0.373272	1	0	0	0	0	0	0	0	0	
0.998	0.259259	-1.35769	0.0967742	3.85715	0.933181	0.373272	1	0	0	0	0	0	0	0	0	
0.999	0.259259	-1.35769	0.0967742	3.85715	0.933181	0.373272	1	0	0	0	0	0	0	0	0	
1	0.259259	-1.35769	0.0967742	3.85715	0.933181	0.373272	1	0	0	0	0	0	0	0	0	
