|||||||||||||||||||||||||||||||||***SIMULATION: detonation***||||||||||||||||||||||||||||||||||
Sanpshot time = 1.31. Timestep = 3150. Run time = 5 seconds
No. of cells = 1000
#Position	 Density	 Velocity	 Pressure	 Specific_Volume I_Energy	 Temperature	 Species
-0.001	0.767818	0.000402941	1.99237	1.30239	6.48712	0	9.36566e-08	0	0	0	0	0	0	0	0	
0	0.76784	0.000134497	1.99237	1.30235	6.48694	0	9.64411e-08	0	0	0	0	0	0	0	0	
0.001	0.76784	-0.000134497	1.99237	1.30235	6.48694	2.59477	9.64411e-08	0	0	0	0	0	0	0	0	
0.002	0.767818	-0.000402941	1.99237	1.30239	6.48712	2.59485	9.36566e-08	0	0	0	0	0	0	0	0	
0.003	0.766698	-0.000669716	1.99237	1.30429	6.49659	2.59864	9.89271e-08	0	0	0	0	0	0	0	0	
0.004	0.767272	-0.000933791	1.99237	1.30332	6.49172	2.59669	9.78415e-08	0	0	0	0	0	0	0	0	
0.005	0.76481	-0.00119441	1.99236	1.30751	6.51261	2.60504	9.60189e-08	0	0	0	0	0	0	0	0	
0.006	0.763539	-0.00145077	1.99236	1.30969	6.52343	2.60937	8.92745e-08	0	0	0	0	0	0	0	0	
0.007	0.764137	-0.00170217	1.99235	1.30867	6.51831	2.60732	9.26223e-08	0	0	0	0	0	0	0	0	
0.008	0.765644	-0.00194809	1.99234	1.30609	6.50545	2.60218	9.24693e-08	0	0	0	0	0	0	0	0	
0.009	0.767498	-0.00218812	1.99233	1.30293	6.48971	2.59588	9.17061e-08	0	0	0	0	0	0	0	0	
0.01	0.769379	-0.00242197	1.99233	1.29975	6.47381	2.58952	9.18376e-08	0	0	0	0	0	0	0	0	
0.011	0.77107	-0.00264951	1.99231	1.2969	6.45958	2.58383	9.58934e-08	0	0	0	0	0	0	0	0	
0.012	0.772504	-0.00287073	1.9923	1.29449	6.44755	2.57902	9.40899e-08	0	0	0	0	0	0	0	0	
0.013	0.773634	-0.00308575	1.99229	1.2926	6.43809	2.57524	9.39486e-08	0	0	0	0	0	0	0	0	
0.014	0.774439	-0.00329479	1.99228	1.29126	6.43135	2.57254	9.42031e-08	0	0	0	0	0	0	0	0	
0.015	0.774976	-0.00349822	1.99226	1.29036	6.42685	2.57074	9.63003e-08	0	0	0	0	0	0	0	0	
0.016	0.775316	-0.00369644	1.99224	1.2898	6.42398	2.56959	9.54649e-08	0	0	0	0	0	0	0	0	
0.017	0.7755	-0.00388997	1.99222	1.28949	6.42238	2.56895	9.50556e-08	0	0	0	0	0	0	0	0	
0.018	0.775567	-0.00407937	1.9922	1.28938	6.42176	2.56871	9.4952e-08	0	0	0	0	0	0	0	0	
0.019	0.775562	-0.00426522	1.99218	1.28939	6.42173	2.56869	9.31474e-08	0	0	0	0	0	0	0	0	
0.02	0.775533	-0.00444814	1.99215	1.28944	6.42189	2.56875	9.12967e-08	0	0	0	0	0	0	0	0	
0.021	0.775517	-0.00462876	1.99213	1.28946	6.42193	2.56877	9.05026e-08	0	0	0	0	0	0	0	0	
0.022	0.775536	-0.00480769	1.9921	1.28943	6.42167	2.56867	9.11164e-08	0	0	0	0	0	0	0	0	
0.023	0.775602	-0.00498554	1.99206	1.28932	6.42102	2.56841	9.27231e-08	0	0	0	0	0	0	0	0	
0.024	0.77572	-0.00516288	1.99203	1.28912	6.41992	2.56797	9.42129e-08	0	0	0	0	0	0	0	0	
0.025	0.775889	-0.00534026	1.99199	1.28884	6.4184	2.56736	9.44592e-08	0	0	0	0	0	0	0	0	
0.026	0.7761	-0.00551819	1.99195	1.28849	6.41652	2.56661	9.36604e-08	0	0	0	0	0	0	0	0	
0.027	0.776343	-0.00569712	1.9919	1.28809	6.41437	2.56575	9.33211e-08	0	0	0	0	0	0	0	0	
0.028	0.776606	-0.00587746	1.99185	1.28765	6.41205	2.56482	9.36138e-08	0	0	0	0	0	0	0	0	
0.029	0.776876	-0.0060596	1.99181	1.28721	6.40966	2.56386	9.29436e-08	0	0	0	0	0	0	0	0	
0.03	0.777145	-0.00624383	1.99176	1.28676	6.40728	2.56291	9.18074e-08	0	0	0	0	0	0	0	0	
0.031	0.777408	-0.00643044	1.9917	1.28633	6.40495	2.56198	9.17122e-08	0	0	0	0	0	0	0	0	
0.032	0.777667	-0.00661961	1.99165	1.2859	6.40264	2.56106	9.22268e-08	0	0	0	0	0	0	0	0	
0.033	0.77793	-0.00681153	1.9916	1.28546	6.40031	2.56012	9.22301e-08	0	0	0	0	0	0	0	0	
0.034	0.778205	-0.00700628	1.99154	1.28501	6.39787	2.55915	9.11066e-08	0	0	0	0	0	0	0	0	
0.035	0.778502	-0.00720394	1.99148	1.28452	6.39524	2.5581	8.96923e-08	0	0	0	0	0	0	0	0	
0.036	0.778829	-0.0074045	1.99143	1.28398	6.39237	2.55695	8.90879e-08	0	0	0	0	0	0	0	0	
0.037	0.779189	-0.00760793	1.99137	1.28339	6.38924	2.5557	8.93435e-08	0	0	0	0	0	0	0	0	
0.038	0.779582	-0.00781414	1.99131	1.28274	6.38584	2.55434	9.02711e-08	0	0	0	0	0	0	0	0	
0.039	0.780007	-0.008023	1.99126	1.28204	6.38218	2.55287	9.15301e-08	0	0	0	0	0	0	0	0	
0.04	0.780461	-0.00823435	1.9912	1.28129	6.37828	2.55131	9.27013e-08	0	0	0	0	0	0	0	0	
0.041	0.780944	-0.00844799	1.99114	1.2805	6.37416	2.54966	9.34447e-08	0	0	0	0	0	0	0	0	
0.042	0.781452	-0.00866368	1.99109	1.27967	6.36983	2.54793	9.37051e-08	0	0	0	0	0	0	0	0	
0.043	0.781983	-0.00888117	1.99103	1.2788	6.36533	2.54613	9.37487e-08	0	0	0	0	0	0	0	0	
0.044	0.782532	-0.00910019	1.99098	1.2779	6.36069	2.54427	9.38551e-08	0	0	0	0	0	0	0	0	
0.045	0.783089	-0.00932045	1.99092	1.27699	6.35597	2.54239	9.39868e-08	0	0	0	0	0	0	0	0	
0.046	0.783646	-0.00954166	1.99086	1.27609	6.35127	2.54051	9.40271e-08	0	0	0	0	0	0	0	0	
0.047	0.784192	-0.00976353	1.9908	1.2752	6.34666	2.53867	9.42557e-08	0	0	0	0	0	0	0	0	
0.048	0.784716	-0.00998576	1.99074	1.27435	6.34224	2.53689	9.50429e-08	0	0	0	0	0	0	0	0	
0.049	0.785212	-0.0102081	1.99068	1.27354	6.33803	2.53521	9.62222e-08	0	0	0	0	0	0	0	0	
0.05	0.78568	-0.0104303	1.99062	1.27278	6.33405	2.53362	9.7272e-08	0	0	0	0	0	0	0	0	
0.051	0.786125	-0.010652	1.99055	1.27206	6.33026	2.5321	9.76816e-08	0	0	0	0	0	0	0	0	
0.052	0.786558	-0.0108731	1.99048	1.27136	6.32657	2.53063	9.72462e-08	0	0	0	0	0	0	0	0	
0.053	0.78699	-0.0110934	1.99041	1.27066	6.32286	2.52914	9.61569e-08	0	0	0	0	0	0	0	0	
0.054	0.787437	-0.0113127	1.99034	1.26994	6.31905	2.52762	9.47966e-08	0	0	0	0	0	0	0	0	
0.055	0.787906	-0.0115309	1.99026	1.26919	6.31504	2.52602	9.36567e-08	0	0	0	0	0	0	0	0	
0.056	0.788403	-0.0117478	1.99018	1.26839	6.3108	2.52432	9.31019e-08	0	0	0	0	0	0	0	0	
0.057	0.788926	-0.0119634	1.9901	1.26755	6.30635	2.52254	9.30975e-08	0	0	0	0	0	0	0	0	
0.058	0.78947	-0.0121776	1.99001	1.26667	6.30173	2.52069	9.32652e-08	0	0	0	0	0	0	0	0	
0.059	0.790025	-0.0123904	1.98992	1.26578	6.29702	2.51881	9.33092e-08	0	0	0	0	0	0	0	0	
0.06	0.790582	-0.0126018	1.98983	1.26489	6.29228	2.51691	9.32778e-08	0	0	0	0	0	0	0	0	
0.061	0.791131	-0.0128118	1.98973	1.26401	6.28759	2.51504	9.33553e-08	0	0	0	0	0	0	0	0	
0.062	0.791668	-0.0130206	1.98962	1.26316	6.283	2.5132	9.36369e-08	0	0	0	0	0	0	0	0	
0.063	0.79219	-0.0132281	1.98951	1.26232	6.27852	2.51141	9.4153e-08	0	0	0	0	0	0	0	0	
0.064	0.792697	-0.0134345	1.9894	1.26152	6.27414	2.50966	9.48323e-08	0	0	0	0	0	0	0	0	
0.065	0.793193	-0.01364	1.98928	1.26073	6.26985	2.50794	9.5442e-08	0	0	0	0	0	0	0	0	
0.066	0.793682	-0.0138447	1.98916	1.25995	6.2656	2.50624	9.57368e-08	0	0	0	0	0	0	0	0	
0.067	0.794172	-0.014049	1.98903	1.25917	6.26134	2.50454	9.56336e-08	0	0	0	0	0	0	0	0	
0.068	0.794668	-0.0142529	1.9889	1.25839	6.25702	2.50281	9.51786e-08	0	0	0	0	0	0	0	0	
0.069	0.795176	-0.0144568	1.98877	1.25758	6.2526	2.50104	9.45271e-08	0	0	0	0	0	0	0	0	
0.07	0.795697	-0.0146611	1.98863	1.25676	6.24807	2.49923	9.39636e-08	0	0	0	0	0	0	0	0	
0.071	0.796233	-0.014866	1.98849	1.25591	6.24342	2.49737	9.37675e-08	0	0	0	0	0	0	0	0	
0.072	0.796782	-0.0150718	1.98834	1.25505	6.23867	2.49547	9.39836e-08	0	0	0	0	0	0	0	0	
0.073	0.797341	-0.015279	1.9882	1.25417	6.23383	2.49353	9.4349e-08	0	0	0	0	0	0	0	0	
0.074	0.797905	-0.015488	1.98805	1.25328	6.22895	2.49158	9.45235e-08	0	0	0	0	0	0	0	0	
0.075	0.798472	-0.015699	1.9879	1.25239	6.22406	2.48962	9.44118e-08	0	0	0	0	0	0	0	0	
0.076	0.799038	-0.0159125	1.98774	1.25151	6.21918	2.48767	9.42286e-08	0	0	0	0	0	0	0	0	
0.077	0.7996	-0.0161288	1.98759	1.25062	6.21433	2.48573	9.42584e-08	0	0	0	0	0	0	0	0	
0.078	0.80016	-0.0163482	1.98744	1.24975	6.2095	2.4838	9.45917e-08	0	0	0	0	0	0	0	0	
0.079	0.800721	-0.0165709	1.98729	1.24887	6.20469	2.48187	9.5066e-08	0	0	0	0	0	0	0	0	
0.08	0.801286	-0.0167972	1.98714	1.24799	6.19984	2.47994	9.5418e-08	0	0	0	0	0	0	0	0	
0.081	0.801862	-0.0170273	1.98699	1.2471	6.19492	2.47797	9.54869e-08	0	0	0	0	0	0	0	0	
0.082	0.802456	-0.0172612	1.98684	1.24617	6.18987	2.47595	9.52851e-08	0	0	0	0	0	0	0	0	
0.083	0.803073	-0.0174989	1.98669	1.24522	6.18466	2.47386	9.4945e-08	0	0	0	0	0	0	0	0	
0.084	0.803717	-0.0177405	1.98655	1.24422	6.17924	2.4717	9.46381e-08	0	0	0	0	0	0	0	0	
0.085	0.804389	-0.0179858	1.9864	1.24318	6.17363	2.46945	9.44884e-08	0	0	0	0	0	0	0	0	
0.086	0.805086	-0.0182346	1.98626	1.2421	6.16784	2.46714	9.45131e-08	0	0	0	0	0	0	0	0	
0.087	0.805803	-0.0184866	1.98612	1.241	6.16191	2.46476	9.46572e-08	0	0	0	0	0	0	0	0	
0.088	0.806533	-0.0187415	1.98598	1.23988	6.1559	2.46236	9.48784e-08	0	0	0	0	0	0	0	0	
0.089	0.807265	-0.0189989	1.98583	1.23875	6.14988	2.45995	9.51695e-08	0	0	0	0	0	0	0	0	
0.09	0.807994	-0.0192584	1.98569	1.23763	6.1439	2.45756	9.55038e-08	0	0	0	0	0	0	0	0	
0.091	0.808711	-0.0195196	1.98555	1.23654	6.13802	2.45521	9.58025e-08	0	0	0	0	0	0	0	0	
0.092	0.809411	-0.0197819	1.98541	1.23547	6.13227	2.45291	9.5968e-08	0	0	0	0	0	0	0	0	
0.093	0.810091	-0.0200448	1.98527	1.23443	6.12668	2.45067	9.59328e-08	0	0	0	0	0	0	0	0	
0.094	0.810745	-0.0203079	1.98512	1.23343	6.12129	2.44852	9.56853e-08	0	0	0	0	0	0	0	0	
0.095	0.811371	-0.0205706	1.98498	1.23248	6.11612	2.44645	9.52814e-08	0	0	0	0	0	0	0	0	
0.096	0.811963	-0.0208326	1.98482	1.23158	6.11119	2.44448	9.48378e-08	0	0	0	0	0	0	0	0	
0.097	0.81252	-0.0210932	1.98467	1.23074	6.10653	2.44261	9.4511e-08	0	0	0	0	0	0	0	0	
0.098	0.813039	-0.0213523	1.98451	1.22995	6.10215	2.44086	9.44413e-08	0	0	0	0	0	0	0	0	
0.099	0.813517	-0.0216093	1.98435	1.22923	6.09806	2.43922	9.46526e-08	0	0	0	0	0	0	0	0	
0.1	0.813954	-0.021864	1.98418	1.22857	6.09427	2.43771	9.49937e-08	0	0	0	0	0	0	0	0	
0.101	0.814349	-0.0221162	1.98401	1.22797	6.09078	2.43631	9.52271e-08	0	0	0	0	0	0	0	0	
0.102	0.814704	-0.0223657	1.98383	1.22744	6.08759	2.43503	9.52092e-08	0	0	0	0	0	0	0	0	
0.103	0.81502	-0.0226122	1.98365	1.22696	6.08467	2.43387	9.49685e-08	0	0	0	0	0	0	0	0	
0.104	0.815297	-0.0228558	1.98346	1.22655	6.08202	2.43281	9.46198e-08	0	0	0	0	0	0	0	0	
0.105	0.815538	-0.0230963	1.98327	1.22618	6.07963	2.43185	9.42553e-08	0	0	0	0	0	0	0	0	
0.106	0.815745	-0.0233339	1.98306	1.22587	6.07746	2.43099	9.39285e-08	0	0	0	0	0	0	0	0	
0.107	0.815922	-0.0235687	1.98286	1.22561	6.07551	2.4302	9.36893e-08	0	0	0	0	0	0	0	0	
0.108	0.816072	-0.0238007	1.98264	1.22538	6.07374	2.4295	9.35884e-08	0	0	0	0	0	0	0	0	
0.109	0.816197	-0.0240302	1.98242	1.22519	6.07214	2.42886	9.36557e-08	0	0	0	0	0	0	0	0	
0.11	0.816302	-0.0242575	1.9822	1.22504	6.07067	2.42827	9.39012e-08	0	0	0	0	0	0	0	0	
0.111	0.816389	-0.024483	1.98197	1.22491	6.06931	2.42772	9.43234e-08	0	0	0	0	0	0	0	0	
0.112	0.816462	-0.024707	1.98173	1.2248	6.06804	2.42722	9.48855e-08	0	0	0	0	0	0	0	0	
0.113	0.816523	-0.02493	1.98149	1.22471	6.06684	2.42674	9.54907e-08	0	0	0	0	0	0	0	0	
0.114	0.816575	-0.0251526	1.98124	1.22463	6.0657	2.42628	9.6005e-08	0	0	0	0	0	0	0	0	
0.115	0.816619	-0.0253753	1.98099	1.22456	6.0646	2.42584	9.63168e-08	0	0	0	0	0	0	0	0	
0.116	0.816657	-0.0255988	1.98073	1.2245	6.06354	2.42542	9.63811e-08	0	0	0	0	0	0	0	0	
0.117	0.81669	-0.0258238	1.98048	1.22446	6.06251	2.425	9.62136e-08	0	0	0	0	0	0	0	0	
0.118	0.816717	-0.0260509	1.98022	1.22441	6.06151	2.4246	9.58523e-08	0	0	0	0	0	0	0	0	
0.119	0.816739	-0.0262808	1.97995	1.22438	6.06055	2.42422	9.53401e-08	0	0	0	0	0	0	0	0	
0.12	0.816754	-0.0265143	1.97969	1.22436	6.05963	2.42385	9.47468e-08	0	0	0	0	0	0	0	0	
0.121	0.816761	-0.0267521	1.97943	1.22435	6.05879	2.42351	9.4193e-08	0	0	0	0	0	0	0	0	
0.122	0.816756	-0.0269947	1.97917	1.22436	6.05802	2.42321	9.38226e-08	0	0	0	0	0	0	0	0	
0.123	0.816738	-0.0272427	1.97891	1.22438	6.05737	2.42295	9.37305e-08	0	0	0	0	0	0	0	0	
0.124	0.816705	-0.0274966	1.97866	1.22443	6.05683	2.42273	9.38972e-08	0	0	0	0	0	0	0	0	
0.125	0.816655	-0.0277568	1.97841	1.22451	6.05643	2.42257	9.41885e-08	0	0	0	0	0	0	0	0	
0.126	0.816588	-0.0280235	1.97816	1.22461	6.05617	2.42247	9.44276e-08	0	0	0	0	0	0	0	0	
0.127	0.816502	-0.028297	1.97791	1.22474	6.05606	2.42242	9.44959e-08	0	0	0	0	0	0	0	0	
0.128	0.816398	-0.0285771	1.97767	1.22489	6.05609	2.42244	9.4389e-08	0	0	0	0	0	0	0	0	
0.129	0.816277	-0.0288638	1.97744	1.22507	6.05627	2.42251	9.4199e-08	0	0	0	0	0	0	0	0	
0.13	0.81614	-0.0291568	1.9772	1.22528	6.05657	2.42263	9.4044e-08	0	0	0	0	0	0	0	0	
0.131	0.815989	-0.0294558	1.97697	1.22551	6.05699	2.4228	9.39943e-08	0	0	0	0	0	0	0	0	
0.132	0.815824	-0.0297601	1.97675	1.22576	6.05752	2.42301	9.40392e-08	0	0	0	0	0	0	0	0	
0.133	0.815647	-0.0300692	1.97652	1.22602	6.05814	2.42325	9.41079e-08	0	0	0	0	0	0	0	0	
0.134	0.815461	-0.0303825	1.97629	1.2263	6.05883	2.42353	9.41201e-08	0	0	0	0	0	0	0	0	
0.135	0.815266	-0.0306991	1.97607	1.22659	6.05958	2.42383	9.4035e-08	0	0	0	0	0	0	0	0	
0.136	0.815064	-0.0310183	1.97584	1.2269	6.06038	2.42415	9.38674e-08	0	0	0	0	0	0	0	0	
0.137	0.814857	-0.0313393	1.97561	1.22721	6.06122	2.42449	9.3664e-08	0	0	0	0	0	0	0	0	
0.138	0.814644	-0.0316614	1.97538	1.22753	6.06208	2.42483	9.34625e-08	0	0	0	0	0	0	0	0	
0.139	0.814428	-0.0319837	1.97514	1.22785	6.06295	2.42518	9.32665e-08	0	0	0	0	0	0	0	0	
0.14	0.81421	-0.0323058	1.97489	1.22818	6.06382	2.42553	9.30514e-08	0	0	0	0	0	0	0	0	
0.141	0.813991	-0.0326269	1.97464	1.22851	6.06468	2.42587	9.27901e-08	0	0	0	0	0	0	0	0	
0.142	0.813774	-0.0329467	1.97438	1.22884	6.0655	2.4262	9.24786e-08	0	0	0	0	0	0	0	0	
0.143	0.81356	-0.0332646	1.97411	1.22917	6.06626	2.4265	9.21462e-08	0	0	0	0	0	0	0	0	
0.144	0.813352	-0.0335805	1.97383	1.22948	6.06695	2.42678	9.1845e-08	0	0	0	0	0	0	0	0	
0.145	0.813152	-0.0338942	1.97354	1.22978	6.06756	2.42702	9.16243e-08	0	0	0	0	0	0	0	0	
0.146	0.812961	-0.0342056	1.97324	1.23007	6.06806	2.42722	9.1506e-08	0	0	0	0	0	0	0	0	
0.147	0.812779	-0.0345149	1.97293	1.23035	6.06846	2.42738	9.14777e-08	0	0	0	0	0	0	0	0	
0.148	0.812606	-0.0348221	1.9726	1.23061	6.06876	2.4275	9.15055e-08	0	0	0	0	0	0	0	0	
0.149	0.812439	-0.0351277	1.97227	1.23086	6.06898	2.42759	9.15564e-08	0	0	0	0	0	0	0	0	
0.15	0.812275	-0.0354318	1.97192	1.23111	6.06914	2.42766	9.16133e-08	0	0	0	0	0	0	0	0	
0.151	0.812112	-0.0357349	1.97157	1.23136	6.06926	2.4277	9.16757e-08	0	0	0	0	0	0	0	0	
0.152	0.811945	-0.0360376	1.9712	1.23161	6.06937	2.42775	9.17483e-08	0	0	0	0	0	0	0	0	
0.153	0.811772	-0.0363404	1.97082	1.23187	6.0695	2.4278	9.18277e-08	0	0	0	0	0	0	0	0	
0.154	0.811589	-0.0366438	1.97043	1.23215	6.06966	2.42786	9.18994e-08	0	0	0	0	0	0	0	0	
0.155	0.811396	-0.0369485	1.97003	1.23244	6.06986	2.42795	9.19434e-08	0	0	0	0	0	0	0	0	
0.156	0.811192	-0.0372552	1.96961	1.23275	6.07012	2.42805	9.19428e-08	0	0	0	0	0	0	0	0	
0.157	0.810976	-0.0375646	1.96919	1.23308	6.07044	2.42818	9.18894e-08	0	0	0	0	0	0	0	0	
0.158	0.810749	-0.0378775	1.96876	1.23343	6.07081	2.42832	9.17883e-08	0	0	0	0	0	0	0	0	
0.159	0.810512	-0.0381945	1.96832	1.23379	6.07122	2.42849	9.166e-08	0	0	0	0	0	0	0	0	
0.16	0.810267	-0.0385165	1.96787	1.23416	6.07167	2.42867	9.15347e-08	0	0	0	0	0	0	0	0	
0.161	0.810016	-0.0388443	1.96741	1.23454	6.07214	2.42886	9.14354e-08	0	0	0	0	0	0	0	0	
0.162	0.809761	-0.0391786	1.96695	1.23493	6.07263	2.42905	9.13637e-08	0	0	0	0	0	0	0	0	
0.163	0.809502	-0.0395202	1.96648	1.23533	6.07313	2.42925	9.13015e-08	0	0	0	0	0	0	0	0	
0.164	0.809243	-0.0398699	1.96601	1.23572	6.07361	2.42944	9.12344e-08	0	0	0	0	0	0	0	0	
0.165	0.808984	-0.0402284	1.96553	1.23612	6.07409	2.42963	9.11797e-08	0	0	0	0	0	0	0	0	
0.166	0.808726	-0.0405963	1.96506	1.23651	6.07454	2.42982	9.11971e-08	0	0	0	0	0	0	0	0	
0.167	0.808471	-0.0409743	1.96457	1.2369	6.07497	2.42999	9.13716e-08	0	0	0	0	0	0	0	0	
0.168	0.808219	-0.0413627	1.96409	1.23729	6.07537	2.43015	9.17749e-08	0	0	0	0	0	0	0	0	
0.169	0.807971	-0.041762	1.96361	1.23767	6.07575	2.4303	9.24285e-08	0	0	0	0	0	0	0	0	
0.17	0.807728	-0.0421725	1.96313	1.23804	6.07608	2.43043	9.32866e-08	0	0	0	0	0	0	0	0	
0.171	0.80749	-0.0425942	1.96265	1.23841	6.07638	2.43055	9.42482e-08	0	0	0	0	0	0	0	0	
0.172	0.807258	-0.0430271	1.96217	1.23876	6.07664	2.43065	9.51889e-08	0	0	0	0	0	0	0	0	
0.173	0.807033	-0.0434711	1.96169	1.23911	6.07684	2.43074	9.5996e-08	0	0	0	0	0	0	0	0	
0.174	0.806815	-0.0439257	1.9612	1.23944	6.077	2.4308	9.65899e-08	0	0	0	0	0	0	0	0	
0.175	0.806605	-0.0443905	1.96072	1.23976	6.07709	2.43084	9.69267e-08	0	0	0	0	0	0	0	0	
0.176	0.806402	-0.0448648	1.96024	1.24008	6.07712	2.43085	9.69883e-08	0	0	0	0	0	0	0	0	
0.177	0.806206	-0.045348	1.95976	1.24038	6.0771	2.43084	9.67697e-08	0	0	0	0	0	0	0	0	
0.178	0.806016	-0.0458392	1.95927	1.24067	6.07701	2.4308	9.62719e-08	0	0	0	0	0	0	0	0	
0.179	0.805831	-0.0463373	1.95877	1.24096	6.07687	2.43075	9.55048e-08	0	0	0	0	0	0	0	0	
0.18	0.805649	-0.0468416	1.95827	1.24124	6.07668	2.43067	9.44947e-08	0	0	0	0	0	0	0	0	
0.181	0.805469	-0.0473509	1.95776	1.24151	6.07645	2.43058	9.32915e-08	0	0	0	0	0	0	0	0	
0.182	0.805288	-0.0478644	1.95723	1.24179	6.07619	2.43048	9.19704e-08	0	0	0	0	0	0	0	0	
0.183	0.805106	-0.048381	1.9567	1.24207	6.07591	2.43036	9.06269e-08	0	0	0	0	0	0	0	0	
0.184	0.804919	-0.0489	1.95615	1.24236	6.07561	2.43024	8.93647e-08	0	0	0	0	0	0	0	0	
0.185	0.804728	-0.0494204	1.95559	1.24266	6.0753	2.43012	8.82794e-08	0	0	0	0	0	0	0	0	
0.186	0.80453	-0.0499418	1.955	1.24296	6.07499	2.43	8.74436e-08	0	0	0	0	0	0	0	0	
0.187	0.804325	-0.0504634	1.9544	1.24328	6.07467	2.42987	8.68943e-08	0	0	0	0	0	0	0	0	
0.188	0.804112	-0.0509849	1.95378	1.24361	6.07435	2.42974	8.66283e-08	0	0	0	0	0	0	0	0	
0.189	0.803892	-0.0515058	1.95314	1.24395	6.07403	2.42961	8.66045e-08	0	0	0	0	0	0	0	0	
0.19	0.803663	-0.0520261	1.95248	1.2443	6.0737	2.42948	8.67552e-08	0	0	0	0	0	0	0	0	
0.191	0.803427	-0.0525455	1.9518	1.24467	6.07336	2.42935	8.7002e-08	0	0	0	0	0	0	0	0	
0.192	0.803184	-0.053064	1.9511	1.24504	6.07302	2.42921	8.72727e-08	0	0	0	0	0	0	0	0	
0.193	0.802934	-0.0535817	1.95038	1.24543	6.07266	2.42906	8.75164e-08	0	0	0	0	0	0	0	0	
0.194	0.802677	-0.0540987	1.94963	1.24583	6.07228	2.42891	8.77103e-08	0	0	0	0	0	0	0	0	
0.195	0.802415	-0.0546151	1.94887	1.24624	6.07188	2.42875	8.7858e-08	0	0	0	0	0	0	0	0	
0.196	0.802147	-0.0551311	1.94808	1.24665	6.07147	2.42859	8.79791e-08	0	0	0	0	0	0	0	0	
0.197	0.801874	-0.0556468	1.94728	1.24708	6.07104	2.42841	8.80949e-08	0	0	0	0	0	0	0	0	
0.198	0.801596	-0.0561623	1.94646	1.24751	6.07058	2.42823	8.82148e-08	0	0	0	0	0	0	0	0	
0.199	0.801315	-0.0566779	1.94563	1.24795	6.07011	2.42804	8.83298e-08	0	0	0	0	0	0	0	0	
0.2	0.80103	-0.0571935	1.94478	1.24839	6.06962	2.42785	8.84156e-08	0	0	0	0	0	0	0	0	
0.201	0.800743	-0.0577093	1.94392	1.24884	6.06911	2.42764	8.84429e-08	0	0	0	0	0	0	0	0	
0.202	0.800454	-0.0582252	1.94305	1.24929	6.06858	2.42743	8.83905e-08	0	0	0	0	0	0	0	0	
0.203	0.800163	-0.0587413	1.94217	1.24974	6.06803	2.42721	8.82561e-08	0	0	0	0	0	0	0	0	
0.204	0.799872	-0.0592575	1.94128	1.2502	6.06746	2.42699	8.80577e-08	0	0	0	0	0	0	0	0	
0.205	0.799582	-0.0597737	1.94039	1.25065	6.06688	2.42675	8.78279e-08	0	0	0	0	0	0	0	0	
0.206	0.799294	-0.0602898	1.9395	1.2511	6.06629	2.42651	8.76017e-08	0	0	0	0	0	0	0	0	
0.207	0.799007	-0.0608055	1.93861	1.25155	6.06568	2.42627	8.74051e-08	0	0	0	0	0	0	0	0	
0.208	0.798724	-0.0613209	1.93772	1.252	6.06506	2.42602	8.72487e-08	0	0	0	0	0	0	0	0	
0.209	0.798446	-0.0618355	1.93685	1.25243	6.06442	2.42577	8.71283e-08	0	0	0	0	0	0	0	0	
0.21	0.798172	-0.0623492	1.93598	1.25286	6.06379	2.42551	8.70312e-08	0	0	0	0	0	0	0	0	
0.211	0.797905	-0.0628617	1.93513	1.25328	6.06315	2.42526	8.69434e-08	0	0	0	0	0	0	0	0	
0.212	0.797644	-0.0633726	1.93429	1.25369	6.0625	2.425	8.68562e-08	0	0	0	0	0	0	0	0	
0.213	0.79739	-0.0638816	1.93347	1.25409	6.06187	2.42475	8.67671e-08	0	0	0	0	0	0	0	0	
0.214	0.797144	-0.0643883	1.93267	1.25448	6.06124	2.4245	8.66785e-08	0	0	0	0	0	0	0	0	
0.215	0.796905	-0.0648922	1.9319	1.25485	6.06063	2.42425	8.65952e-08	0	0	0	0	0	0	0	0	
0.216	0.796675	-0.0653926	1.93115	1.25522	6.06004	2.42402	8.65226e-08	0	0	0	0	0	0	0	0	
0.217	0.796454	-0.0658891	1.93044	1.25557	6.05947	2.42379	8.64663e-08	0	0	0	0	0	0	0	0	
0.218	0.796242	-0.0663807	1.92975	1.2559	6.05892	2.42357	8.64321e-08	0	0	0	0	0	0	0	0	
0.219	0.796038	-0.0668669	1.92909	1.25622	6.0584	2.42336	8.64262e-08	0	0	0	0	0	0	0	0	
0.22	0.795843	-0.0673466	1.92846	1.25653	6.05791	2.42317	8.64531e-08	0	0	0	0	0	0	0	0	
0.221	0.795657	-0.0678191	1.92786	1.25682	6.05746	2.42298	8.65139e-08	0	0	0	0	0	0	0	0	
0.222	0.795479	-0.0682833	1.9273	1.2571	6.05704	2.42282	8.66045e-08	0	0	0	0	0	0	0	0	
0.223	0.795309	-0.0687383	1.92676	1.25737	6.05666	2.42266	8.67144e-08	0	0	0	0	0	0	0	0	
0.224	0.795146	-0.0691831	1.92626	1.25763	6.05631	2.42253	8.68281e-08	0	0	0	0	0	0	0	0	
0.225	0.794989	-0.0696167	1.92579	1.25788	6.05601	2.42241	8.69273e-08	0	0	0	0	0	0	0	0	
0.226	0.794838	-0.0700382	1.92534	1.25812	6.05576	2.4223	8.6993e-08	0	0	0	0	0	0	0	0	
0.227	0.794691	-0.0704467	1.92492	1.25835	6.05556	2.42222	8.70091e-08	0	0	0	0	0	0	0	0	
0.228	0.794548	-0.0708415	1.92452	1.25858	6.0554	2.42216	8.69647e-08	0	0	0	0	0	0	0	0	
0.229	0.794407	-0.0712218	1.92415	1.2588	6.0553	2.42212	8.68558e-08	0	0	0	0	0	0	0	0	
0.23	0.794268	-0.0715871	1.9238	1.25902	6.05525	2.4221	8.6687e-08	0	0	0	0	0	0	0	0	
0.231	0.794131	-0.071937	1.92347	1.25924	6.05525	2.4221	8.64707e-08	0	0	0	0	0	0	0	0	
0.232	0.793996	-0.0722712	1.92315	1.25945	6.05529	2.42212	8.6226e-08	0	0	0	0	0	0	0	0	
0.233	0.793864	-0.0725896	1.92285	1.25966	6.05536	2.42214	8.59761e-08	0	0	0	0	0	0	0	0	
0.234	0.793737	-0.0728921	1.92257	1.25986	6.05543	2.42217	8.57448e-08	0	0	0	0	0	0	0	0	
0.235	0.793615	-0.0731789	1.9223	1.26006	6.0555	2.4222	8.55535e-08	0	0	0	0	0	0	0	0	
0.236	0.793503	-0.0734504	1.92203	1.26023	6.05554	2.42221	8.54182e-08	0	0	0	0	0	0	0	0	
0.237	0.793402	-0.073707	1.92178	1.2604	6.05552	2.42221	8.53479e-08	0	0	0	0	0	0	0	0	
0.238	0.793314	-0.0739492	1.92154	1.26053	6.05542	2.42217	8.53442e-08	0	0	0	0	0	0	0	0	
0.239	0.793242	-0.0741777	1.92131	1.26065	6.05524	2.42209	8.54017e-08	0	0	0	0	0	0	0	0	
0.24	0.793187	-0.0743933	1.92108	1.26074	6.05494	2.42198	8.55092e-08	0	0	0	0	0	0	0	0	
0.241	0.793148	-0.0745968	1.92086	1.2608	6.05454	2.42182	8.56521e-08	0	0	0	0	0	0	0	0	
0.242	0.793127	-0.074789	1.92064	1.26083	6.05402	2.42161	8.58143e-08	0	0	0	0	0	0	0	0	
0.243	0.793121	-0.0749708	1.92043	1.26084	6.05341	2.42136	8.59808e-08	0	0	0	0	0	0	0	0	
0.244	0.793128	-0.0751431	1.92023	1.26083	6.05271	2.42108	8.61391e-08	0	0	0	0	0	0	0	0	
0.245	0.793145	-0.0753068	1.92003	1.2608	6.05194	2.42078	8.62803e-08	0	0	0	0	0	0	0	0	
0.246	0.793169	-0.0754629	1.91983	1.26077	6.05114	2.42046	8.63993e-08	0	0	0	0	0	0	0	0	
0.247	0.793196	-0.0756121	1.91964	1.26072	6.05033	2.42013	8.64945e-08	0	0	0	0	0	0	0	0	
0.248	0.793222	-0.0757554	1.91945	1.26068	6.04953	2.41981	8.65667e-08	0	0	0	0	0	0	0	0	
0.249	0.793244	-0.0758937	1.91926	1.26065	6.04877	2.41951	8.66186e-08	0	0	0	0	0	0	0	0	
0.25	0.79326	-0.0760277	1.91908	1.26062	6.04807	2.41923	8.66536e-08	0	0	0	0	0	0	0	0	
0.251	0.793268	-0.0761582	1.9189	1.26061	6.04746	2.41898	8.66755e-08	0	0	0	0	0	0	0	0	
0.252	0.793265	-0.0762861	1.91873	1.26061	6.04693	2.41877	8.66878e-08	0	0	0	0	0	0	0	0	
0.253	0.793251	-0.0764121	1.91856	1.26064	6.0465	2.4186	8.66932e-08	0	0	0	0	0	0	0	0	
0.254	0.793226	-0.0765368	1.91839	1.26068	6.04617	2.41847	8.6694e-08	0	0	0	0	0	0	0	0	
0.255	0.79319	-0.076661	1.91823	1.26073	6.04593	2.41837	8.66908e-08	0	0	0	0	0	0	0	0	
0.256	0.793145	-0.0767852	1.91807	1.2608	6.04579	2.41832	8.66833e-08	0	0	0	0	0	0	0	0	
0.257	0.79309	-0.0769101	1.91793	1.26089	6.04574	2.41829	8.66703e-08	0	0	0	0	0	0	0	0	
0.258	0.793029	-0.0770362	1.91778	1.26099	6.04576	2.4183	8.66499e-08	0	0	0	0	0	0	0	0	
0.259	0.792962	-0.077164	1.91765	1.26109	6.04585	2.41834	8.66204e-08	0	0	0	0	0	0	0	0	
0.26	0.792892	-0.0772937	1.91753	1.26121	6.04599	2.4184	8.65808e-08	0	0	0	0	0	0	0	0	
0.261	0.792818	-0.0774258	1.91741	1.26132	6.04618	2.41847	8.65316e-08	0	0	0	0	0	0	0	0	
0.262	0.792744	-0.0775603	1.9173	1.26144	6.04641	2.41856	8.64749e-08	0	0	0	0	0	0	0	0	
0.263	0.792671	-0.0776974	1.91721	1.26156	6.04667	2.41867	8.64138e-08	0	0	0	0	0	0	0	0	
0.264	0.7926	-0.0778368	1.91712	1.26167	6.04694	2.41878	8.63519e-08	0	0	0	0	0	0	0	0	
0.265	0.792532	-0.0779785	1.91705	1.26178	6.04723	2.41889	8.62918e-08	0	0	0	0	0	0	0	0	
0.266	0.792469	-0.078122	1.91699	1.26188	6.04751	2.41901	8.62342e-08	0	0	0	0	0	0	0	0	
0.267	0.792411	-0.0782667	1.91694	1.26197	6.04779	2.41912	8.61768e-08	0	0	0	0	0	0	0	0	
0.268	0.792361	-0.0784121	1.9169	1.26205	6.04805	2.41922	8.6115e-08	0	0	0	0	0	0	0	0	
0.269	0.792319	-0.0785572	1.91687	1.26212	6.04829	2.41932	8.60425e-08	0	0	0	0	0	0	0	0	
0.27	0.792286	-0.0787011	1.91686	1.26217	6.0485	2.4194	8.59529e-08	0	0	0	0	0	0	0	0	
0.271	0.792263	-0.0788427	1.91685	1.26221	6.04866	2.41947	8.58419e-08	0	0	0	0	0	0	0	0	
0.272	0.79225	-0.0789808	1.91686	1.26223	6.04879	2.41952	8.57084e-08	0	0	0	0	0	0	0	0	
0.273	0.792247	-0.0791142	1.91688	1.26223	6.04888	2.41955	8.55562e-08	0	0	0	0	0	0	0	0	
0.274	0.792255	-0.0792414	1.91691	1.26222	6.04892	2.41957	8.53939e-08	0	0	0	0	0	0	0	0	
0.275	0.792273	-0.0793611	1.91696	1.26219	6.04892	2.41957	8.52347e-08	0	0	0	0	0	0	0	0	
0.276	0.7923	-0.079472	1.91701	1.26215	6.04888	2.41955	8.50944e-08	0	0	0	0	0	0	0	0	
0.277	0.792336	-0.0795727	1.91708	1.26209	6.04881	2.41952	8.49899e-08	0	0	0	0	0	0	0	0	
0.278	0.792381	-0.0796619	1.91716	1.26202	6.04872	2.41949	8.49366e-08	0	0	0	0	0	0	0	0	
0.279	0.792432	-0.0797384	1.91725	1.26194	6.04862	2.41945	8.49464e-08	0	0	0	0	0	0	0	0	
0.28	0.792489	-0.0798009	1.91735	1.26185	6.04851	2.4194	8.5026e-08	0	0	0	0	0	0	0	0	
0.281	0.792551	-0.0798485	1.91747	1.26175	6.04841	2.41936	8.51763e-08	0	0	0	0	0	0	0	0	
0.282	0.792618	-0.0798802	1.9176	1.26164	6.04833	2.41933	8.53918e-08	0	0	0	0	0	0	0	0	
0.283	0.792688	-0.0798952	1.91775	1.26153	6.04827	2.41931	8.56618e-08	0	0	0	0	0	0	0	0	
0.284	0.792761	-0.0798927	1.91792	1.26141	6.04824	2.4193	8.59715e-08	0	0	0	0	0	0	0	0	
0.285	0.792837	-0.0798721	1.91811	1.26129	6.04825	2.4193	8.63037e-08	0	0	0	0	0	0	0	0	
0.286	0.792916	-0.0798329	1.91832	1.26117	6.04831	2.41932	8.66402e-08	0	0	0	0	0	0	0	0	
0.287	0.792998	-0.0797745	1.91855	1.26104	6.04841	2.41936	8.69635e-08	0	0	0	0	0	0	0	0	
0.288	0.793083	-0.0796967	1.91881	1.2609	6.04857	2.41943	8.72581e-08	0	0	0	0	0	0	0	0	
0.289	0.793171	-0.0795991	1.91909	1.26076	6.04877	2.41951	8.75108e-08	0	0	0	0	0	0	0	0	
0.29	0.793263	-0.0794815	1.91939	1.26062	6.04903	2.41961	8.77116e-08	0	0	0	0	0	0	0	0	
0.291	0.79336	-0.0793438	1.91972	1.26046	6.04935	2.41974	8.78534e-08	0	0	0	0	0	0	0	0	
0.292	0.79346	-0.0791857	1.92008	1.2603	6.04972	2.41989	8.79323e-08	0	0	0	0	0	0	0	0	
0.293	0.793566	-0.0790075	1.92047	1.26013	6.05014	2.42005	8.7947e-08	0	0	0	0	0	0	0	0	
0.294	0.793678	-0.0788093	1.92089	1.25996	6.05061	2.42024	8.78987e-08	0	0	0	0	0	0	0	0	
0.295	0.793795	-0.0785911	1.92134	1.25977	6.05113	2.42045	8.77912e-08	0	0	0	0	0	0	0	0	
0.296	0.793919	-0.0783535	1.92182	1.25957	6.05169	2.42068	8.76298e-08	0	0	0	0	0	0	0	0	
0.297	0.794049	-0.0780969	1.92233	1.25937	6.0523	2.42092	8.74216e-08	0	0	0	0	0	0	0	0	
0.298	0.794187	-0.0778219	1.92287	1.25915	6.05294	2.42118	8.71748e-08	0	0	0	0	0	0	0	0	
0.299	0.794333	-0.0775293	1.92344	1.25892	6.05362	2.42145	8.6898e-08	0	0	0	0	0	0	0	0	
0.3	0.794488	-0.07722	1.92403	1.25867	6.05432	2.42173	8.66001e-08	0	0	0	0	0	0	0	0	
0.301	0.794653	-0.076895	1.92466	1.25841	6.05504	2.42201	8.62895e-08	0	0	0	0	0	0	0	0	
0.302	0.794828	-0.0765555	1.92532	1.25813	6.05577	2.42231	8.5974e-08	0	0	0	0	0	0	0	0	
0.303	0.795014	-0.0762026	1.926	1.25784	6.0565	2.4226	8.56608e-08	0	0	0	0	0	0	0	0	
0.304	0.795212	-0.0758377	1.92671	1.25753	6.05722	2.42289	8.53562e-08	0	0	0	0	0	0	0	0	
0.305	0.795423	-0.0754621	1.92745	1.25719	6.05793	2.42317	8.50662e-08	0	0	0	0	0	0	0	0	
0.306	0.795646	-0.0750772	1.92821	1.25684	6.05862	2.42345	8.47961e-08	0	0	0	0	0	0	0	0	
0.307	0.795881	-0.0746844	1.92899	1.25647	6.05929	2.42372	8.45508e-08	0	0	0	0	0	0	0	0	
0.308	0.796129	-0.0742851	1.92979	1.25608	6.05993	2.42397	8.43348e-08	0	0	0	0	0	0	0	0	
0.309	0.796389	-0.0738806	1.93062	1.25567	6.06054	2.42422	8.41523e-08	0	0	0	0	0	0	0	0	
0.31	0.796659	-0.0734722	1.93146	1.25524	6.06112	2.42445	8.40067e-08	0	0	0	0	0	0	0	0	
0.311	0.796939	-0.0730612	1.93232	1.2548	6.06169	2.42467	8.39004e-08	0	0	0	0	0	0	0	0	
0.312	0.797226	-0.0726484	1.93319	1.25435	6.06223	2.42489	8.38351e-08	0	0	0	0	0	0	0	0	
0.313	0.797521	-0.0722347	1.93407	1.25389	6.06276	2.4251	8.38113e-08	0	0	0	0	0	0	0	0	
0.314	0.797819	-0.0718207	1.93496	1.25342	6.06328	2.42531	8.38281e-08	0	0	0	0	0	0	0	0	
0.315	0.79812	-0.071407	1.93586	1.25294	6.0638	2.42552	8.38838e-08	0	0	0	0	0	0	0	0	
0.316	0.798423	-0.0709938	1.93676	1.25247	6.06434	2.42573	8.39755e-08	0	0	0	0	0	0	0	0	
0.317	0.798724	-0.0705813	1.93767	1.252	6.06488	2.42595	8.40998e-08	0	0	0	0	0	0	0	0	
0.318	0.799023	-0.0701696	1.93857	1.25153	6.06545	2.42618	8.42523e-08	0	0	0	0	0	0	0	0	
0.319	0.799318	-0.0697584	1.93948	1.25107	6.06604	2.42641	8.44287e-08	0	0	0	0	0	0	0	0	
0.32	0.79961	-0.0693474	1.94038	1.25061	6.06666	2.42666	8.46244e-08	0	0	0	0	0	0	0	0	
0.321	0.799895	-0.068936	1.94129	1.25016	6.06732	2.42693	8.4835e-08	0	0	0	0	0	0	0	0	
0.322	0.800176	-0.0685235	1.94219	1.24973	6.06801	2.42721	8.50562e-08	0	0	0	0	0	0	0	0	
0.323	0.80045	-0.0681091	1.94309	1.2493	6.06875	2.4275	8.5284e-08	0	0	0	0	0	0	0	0	
0.324	0.80072	-0.0676918	1.944	1.24888	6.06953	2.42781	8.55146e-08	0	0	0	0	0	0	0	0	
0.325	0.800984	-0.0672703	1.9449	1.24846	6.07036	2.42814	8.57438e-08	0	0	0	0	0	0	0	0	
0.326	0.801244	-0.0668433	1.94582	1.24806	6.07123	2.42849	8.59673e-08	0	0	0	0	0	0	0	0	
0.327	0.801501	-0.0664089	1.94673	1.24766	6.07215	2.42886	8.61801e-08	0	0	0	0	0	0	0	0	
0.328	0.801756	-0.0659652	1.94767	1.24726	6.07313	2.42925	8.63767e-08	0	0	0	0	0	0	0	0	
0.329	0.80201	-0.0655097	1.94861	1.24687	6.07414	2.42966	8.65509e-08	0	0	0	0	0	0	0	0	
0.33	0.802266	-0.06504	1.94957	1.24647	6.07521	2.43008	8.66962e-08	0	0	0	0	0	0	0	0	
0.331	0.802525	-0.0645535	1.95056	1.24607	6.07632	2.43053	8.68065e-08	0	0	0	0	0	0	0	0	
0.332	0.80279	-0.0640476	1.95157	1.24566	6.07746	2.43098	8.68763e-08	0	0	0	0	0	0	0	0	
0.333	0.803064	-0.0635197	1.95261	1.24523	6.07864	2.43145	8.6902e-08	0	0	0	0	0	0	0	0	
0.334	0.803349	-0.062967	1.95369	1.24479	6.07984	2.43194	8.6882e-08	0	0	0	0	0	0	0	0	
0.335	0.80365	-0.0623868	1.95482	1.24432	6.08106	2.43242	8.68174e-08	0	0	0	0	0	0	0	0	
0.336	0.803969	-0.0617763	1.95599	1.24383	6.0823	2.43292	8.67125e-08	0	0	0	0	0	0	0	0	
0.337	0.804309	-0.0611329	1.95722	1.2433	6.08354	2.43342	8.65743e-08	0	0	0	0	0	0	0	0	
0.338	0.804673	-0.0604541	1.95851	1.24274	6.08479	2.43391	8.64121e-08	0	0	0	0	0	0	0	0	
0.339	0.805064	-0.0597373	1.95986	1.24214	6.08603	2.43441	8.6237e-08	0	0	0	0	0	0	0	0	
0.34	0.805485	-0.05898	1.96128	1.24149	6.08727	2.43491	8.60607e-08	0	0	0	0	0	0	0	0	
0.341	0.805936	-0.0581797	1.96278	1.24079	6.0885	2.4354	8.58941e-08	0	0	0	0	0	0	0	0	
0.342	0.80642	-0.0573339	1.96436	1.24005	6.08974	2.4359	8.57468e-08	0	0	0	0	0	0	0	0	
0.343	0.806936	-0.0564405	1.96601	1.23926	6.09099	2.43639	8.56255e-08	0	0	0	0	0	0	0	0	
0.344	0.807486	-0.0554978	1.96776	1.23841	6.09225	2.4369	8.55339e-08	0	0	0	0	0	0	0	0	
0.345	0.808069	-0.0545048	1.9696	1.23752	6.09354	2.43741	8.54718e-08	0	0	0	0	0	0	0	0	
0.346	0.808684	-0.0534605	1.97153	1.23658	6.09487	2.43795	8.54359e-08	0	0	0	0	0	0	0	0	
0.347	0.809332	-0.0523641	1.97356	1.23559	6.09626	2.4385	8.54196e-08	0	0	0	0	0	0	0	0	
0.348	0.81001	-0.0512148	1.97568	1.23455	6.09772	2.43909	8.54145e-08	0	0	0	0	0	0	0	0	
0.349	0.810716	-0.0500113	1.97791	1.23348	6.09926	2.4397	8.5411e-08	0	0	0	0	0	0	0	0	
0.35	0.81145	-0.048753	1.98023	1.23236	6.1009	2.44036	8.53998e-08	0	0	0	0	0	0	0	0	
0.351	0.812209	-0.0474399	1.98265	1.23121	6.10265	2.44106	8.53729e-08	0	0	0	0	0	0	0	0	
0.352	0.812993	-0.0460734	1.98518	1.23002	6.10453	2.44181	8.53243e-08	0	0	0	0	0	0	0	0	
0.353	0.813801	-0.0446548	1.9878	1.2288	6.10654	2.44261	8.5251e-08	0	0	0	0	0	0	0	0	
0.354	0.81463	-0.0431852	1.99053	1.22755	6.10868	2.44347	8.51532e-08	0	0	0	0	0	0	0	0	
0.355	0.815481	-0.0416645	1.99335	1.22627	6.11097	2.44439	8.50344e-08	0	0	0	0	0	0	0	0	
0.356	0.81635	-0.0400924	1.99627	1.22496	6.1134	2.44536	8.49007e-08	0	0	0	0	0	0	0	0	
0.357	0.817237	-0.0384698	1.99928	1.22364	6.11596	2.44639	8.47606e-08	0	0	0	0	0	0	0	0	
0.358	0.818142	-0.0367993	2.00238	1.22228	6.11867	2.44747	8.4624e-08	0	0	0	0	0	0	0	0	
0.359	0.819067	-0.0350849	2.00557	1.2209	6.12152	2.44861	8.45013e-08	0	0	0	0	0	0	0	0	
0.36	0.82001	-0.0333293	2.00886	1.2195	6.12451	2.4498	8.44026e-08	0	0	0	0	0	0	0	0	
0.361	0.82097	-0.0315326	2.01223	1.21807	6.12761	2.45104	8.43366e-08	0	0	0	0	0	0	0	0	
0.362	0.821946	-0.0296928	2.01568	1.21663	6.13082	2.45233	8.43102e-08	0	0	0	0	0	0	0	0	
0.363	0.822937	-0.0278097	2.0192	1.21516	6.13412	2.45365	8.43278e-08	0	0	0	0	0	0	0	0	
0.364	0.823945	-0.0258876	2.02279	1.21367	6.13751	2.455	8.43911e-08	0	0	0	0	0	0	0	0	
0.365	0.824975	-0.0239345	2.02646	1.21216	6.14097	2.45639	8.44986e-08	0	0	0	0	0	0	0	0	
0.366	0.826028	-0.0219568	2.03021	1.21061	6.1445	2.4578	8.46466e-08	0	0	0	0	0	0	0	0	
0.367	0.827102	-0.0199533	2.03403	1.20904	6.14807	2.45923	8.48289e-08	0	0	0	0	0	0	0	0	
0.368	0.828193	-0.0179162	2.0379	1.20745	6.15165	2.46066	8.50372e-08	0	0	0	0	0	0	0	0	
0.369	0.8293	-0.0158419	2.04181	1.20584	6.15521	2.46208	8.52625e-08	0	0	0	0	0	0	0	0	
0.37	0.830426	-0.0137375	2.04576	1.2042	6.15876	2.4635	8.54949e-08	0	0	0	0	0	0	0	0	
0.371	0.831575	-0.0116134	2.04976	1.20254	6.16228	2.46491	8.57245e-08	0	0	0	0	0	0	0	0	
0.372	0.832759	-0.00948608	2.05385	1.20083	6.16579	2.46632	8.59423e-08	0	0	0	0	0	0	0	0	
0.373	0.83398	-0.007377	2.05803	1.19907	6.16931	2.46772	8.614e-08	0	0	0	0	0	0	0	0	
0.374	0.83519	-0.00522657	2.06214	1.19733	6.17268	2.46907	8.63106e-08	0	0	0	0	0	0	0	0	
0.375	0.836425	-0.00302839	2.06631	1.19556	6.17601	2.4704	8.64484e-08	0	0	0	0	0	0	0	0	
0.376	0.837635	-0.000918337	2.07035	1.19384	6.17915	2.47166	8.65492e-08	0	0	0	0	0	0	0	0	
0.377	0.839149	0.00206659	2.07542	1.19168	6.1831	2.47324	8.661e-08	0	0	0	0	0	0	0	0	
0.378	0.841112	0.00593303	2.08202	1.1889	6.18828	2.47531	8.66289e-08	0	0	0	0	0	0	0	0	
0.379	0.843132	0.0094819	2.0888	1.18605	6.19356	2.47743	8.66055e-08	0	0	0	0	0	0	0	0	
0.38	0.845124	0.0129597	2.09547	1.18326	6.19872	2.47949	8.654e-08	0	0	0	0	0	0	0	0	
0.381	0.847085	0.0163706	2.10204	1.18052	6.20375	2.4815	8.64334e-08	0	0	0	0	0	0	0	0	
0.382	0.849016	0.0197261	2.10851	1.17783	6.20869	2.48348	8.62879e-08	0	0	0	0	0	0	0	0	
0.383	0.85092	0.0230353	2.1149	1.1752	6.21357	2.48543	8.61065e-08	0	0	0	0	0	0	0	0	
0.384	0.8528	0.0263059	2.12123	1.17261	6.21843	2.48737	8.58927e-08	0	0	0	0	0	0	0	0	
0.385	0.854656	0.0295446	2.1275	1.17006	6.22327	2.48931	8.56509e-08	0	0	0	0	0	0	0	0	
0.386	0.85649	0.0327573	2.13373	1.16756	6.22813	2.49125	8.53857e-08	0	0	0	0	0	0	0	0	
0.387	0.858303	0.0359492	2.13992	1.16509	6.23301	2.4932	8.51019e-08	0	0	0	0	0	0	0	0	
0.388	0.860096	0.0391248	2.14609	1.16266	6.23794	2.49517	8.48043e-08	0	0	0	0	0	0	0	0	
0.389	0.861871	0.0422879	2.15223	1.16027	6.24291	2.49717	8.44975e-08	0	0	0	0	0	0	0	0	
0.39	0.863628	0.0454417	2.15836	1.15791	6.24795	2.49918	8.41858e-08	0	0	0	0	0	0	0	0	
0.391	0.86537	0.0485889	2.16448	1.15557	6.25306	2.50122	8.3873e-08	0	0	0	0	0	0	0	0	
0.392	0.867098	0.0517315	2.1706	1.15327	6.25823	2.50329	8.35628e-08	0	0	0	0	0	0	0	0	
0.393	0.868815	0.0548713	2.17671	1.15099	6.26346	2.50538	8.32585e-08	0	0	0	0	0	0	0	0	
0.394	0.870522	0.0580096	2.18283	1.14874	6.26875	2.5075	8.29635e-08	0	0	0	0	0	0	0	0	
0.395	0.872222	0.0611473	2.18896	1.1465	6.2741	2.50964	8.26815e-08	0	0	0	0	0	0	0	0	
0.396	0.873918	0.0642851	2.1951	1.14427	6.27949	2.51179	8.24162e-08	0	0	0	0	0	0	0	0	
0.397	0.875613	0.0674233	2.20126	1.14206	6.28491	2.51396	8.21721e-08	0	0	0	0	0	0	0	0	
0.398	0.87731	0.0705621	2.20744	1.13985	6.29035	2.51614	8.19536e-08	0	0	0	0	0	0	0	0	
0.399	0.879012	0.0737016	2.21363	1.13764	6.29581	2.51832	8.17657e-08	0	0	0	0	0	0	0	0	
0.4	0.880722	0.0768418	2.21986	1.13543	6.30125	2.5205	8.16131e-08	0	0	0	0	0	0	0	0	
0.401	0.882443	0.0799824	2.22612	1.13322	6.30668	2.52267	8.14999e-08	0	0	0	0	0	0	0	0	
0.402	0.884178	0.0831235	2.2324	1.13099	6.31209	2.52483	8.14297e-08	0	0	0	0	0	0	0	0	
0.403	0.885929	0.0862652	2.23872	1.12876	6.31745	2.52698	8.14046e-08	0	0	0	0	0	0	0	0	
0.404	0.887697	0.0894074	2.24508	1.12651	6.32276	2.5291	8.14253e-08	0	0	0	0	0	0	0	0	
0.405	0.889485	0.0925506	2.25147	1.12425	6.32802	2.53121	8.14908e-08	0	0	0	0	0	0	0	0	
0.406	0.891293	0.095695	2.2579	1.12197	6.33322	2.53329	8.15985e-08	0	0	0	0	0	0	0	0	
0.407	0.89312	0.0988413	2.26437	1.11967	6.33837	2.53535	8.17444e-08	0	0	0	0	0	0	0	0	
0.408	0.894967	0.10199	2.27088	1.11736	6.34346	2.53739	8.19232e-08	0	0	0	0	0	0	0	0	
0.409	0.896832	0.105142	2.27742	1.11504	6.34851	2.5394	8.21288e-08	0	0	0	0	0	0	0	0	
0.41	0.898713	0.108299	2.284	1.1127	6.35352	2.54141	8.23549e-08	0	0	0	0	0	0	0	0	
0.411	0.900609	0.111461	2.29061	1.11036	6.3585	2.5434	8.2595e-08	0	0	0	0	0	0	0	0	
0.412	0.902517	0.11463	2.29726	1.10801	6.36347	2.54539	8.2843e-08	0	0	0	0	0	0	0	0	
0.413	0.904434	0.117806	2.30393	1.10566	6.36844	2.54737	8.30932e-08	0	0	0	0	0	0	0	0	
0.414	0.906359	0.12099	2.31064	1.10332	6.37342	2.54937	8.33405e-08	0	0	0	0	0	0	0	0	
0.415	0.908289	0.124183	2.31738	1.10097	6.37842	2.55137	8.35805e-08	0	0	0	0	0	0	0	0	
0.416	0.910221	0.127387	2.32415	1.09863	6.38347	2.55339	8.38092e-08	0	0	0	0	0	0	0	0	
0.417	0.912154	0.130601	2.33094	1.09631	6.38856	2.55542	8.40235e-08	0	0	0	0	0	0	0	0	
0.418	0.914085	0.133826	2.33776	1.09399	6.39371	2.55748	8.42209e-08	0	0	0	0	0	0	0	0	
0.419	0.916015	0.137063	2.34461	1.09169	6.39893	2.55957	8.43997e-08	0	0	0	0	0	0	0	0	
0.42	0.917941	0.140311	2.35148	1.08939	6.40422	2.56169	8.45588e-08	0	0	0	0	0	0	0	0	
0.421	0.919864	0.143571	2.35837	1.08712	6.40957	2.56383	8.46981e-08	0	0	0	0	0	0	0	0	
0.422	0.921784	0.146843	2.3653	1.08485	6.415	2.566	8.48183e-08	0	0	0	0	0	0	0	0	
0.423	0.923701	0.150127	2.37225	1.0826	6.4205	2.5682	8.49207e-08	0	0	0	0	0	0	0	0	
0.424	0.925616	0.153422	2.37922	1.08036	6.42606	2.57042	8.50073e-08	0	0	0	0	0	0	0	0	
0.425	0.92753	0.156729	2.38623	1.07813	6.43167	2.57267	8.50805e-08	0	0	0	0	0	0	0	0	
0.426	0.929444	0.160047	2.39326	1.07591	6.43733	2.57493	8.51428e-08	0	0	0	0	0	0	0	0	
0.427	0.931361	0.163376	2.40031	1.0737	6.44303	2.57721	8.51965e-08	0	0	0	0	0	0	0	0	
0.428	0.933282	0.166717	2.4074	1.07149	6.44875	2.5795	8.52438e-08	0	0	0	0	0	0	0	0	
0.429	0.935209	0.170069	2.41451	1.06928	6.45448	2.58179	8.52861e-08	0	0	0	0	0	0	0	0	
0.43	0.937144	0.173432	2.42166	1.06707	6.4602	2.58408	8.53247e-08	0	0	0	0	0	0	0	0	
0.431	0.939089	0.176807	2.42883	1.06486	6.46591	2.58637	8.53602e-08	0	0	0	0	0	0	0	0	
0.432	0.941045	0.180193	2.43603	1.06265	6.4716	2.58864	8.53929e-08	0	0	0	0	0	0	0	0	
0.433	0.943015	0.18359	2.44325	1.06043	6.47724	2.5909	8.54229e-08	0	0	0	0	0	0	0	0	
0.434	0.944998	0.186998	2.45051	1.0582	6.48285	2.59314	8.54504e-08	0	0	0	0	0	0	0	0	
0.435	0.946998	0.190416	2.4578	1.05597	6.4884	2.59536	8.54751e-08	0	0	0	0	0	0	0	0	
0.436	0.949013	0.193846	2.46512	1.05373	6.4939	2.59756	8.54973e-08	0	0	0	0	0	0	0	0	
0.437	0.951044	0.197285	2.47247	1.05148	6.49936	2.59974	8.55168e-08	0	0	0	0	0	0	0	0	
0.438	0.953092	0.200734	2.47986	1.04922	6.50477	2.60191	8.55337e-08	0	0	0	0	0	0	0	0	
0.439	0.955155	0.20419	2.48728	1.04695	6.51014	2.60406	8.55479e-08	0	0	0	0	0	0	0	0	
0.44	0.957234	0.207654	2.49474	1.04468	6.51549	2.60619	8.55588e-08	0	0	0	0	0	0	0	0	
0.441	0.959328	0.211124	2.50224	1.0424	6.52082	2.60833	8.5566e-08	0	0	0	0	0	0	0	0	
0.442	0.961435	0.214598	2.50979	1.04011	6.52616	2.61046	8.55685e-08	0	0	0	0	0	0	0	0	
0.443	0.963555	0.218076	2.51739	1.03782	6.53151	2.6126	8.5565e-08	0	0	0	0	0	0	0	0	
0.444	0.965687	0.221555	2.52504	1.03553	6.5369	2.61476	8.55543e-08	0	0	0	0	0	0	0	0	
0.445	0.967829	0.225035	2.53274	1.03324	6.54233	2.61693	8.5535e-08	0	0	0	0	0	0	0	0	
0.446	0.969982	0.228514	2.5405	1.03095	6.54781	2.61913	8.55057e-08	0	0	0	0	0	0	0	0	
0.447	0.972142	0.231993	2.54832	1.02866	6.55337	2.62135	8.54651e-08	0	0	0	0	0	0	0	0	
0.448	0.974311	0.23547	2.5562	1.02637	6.559	2.6236	8.54123e-08	0	0	0	0	0	0	0	0	
0.449	0.976487	0.238946	2.56414	1.02408	6.56471	2.62588	8.53467e-08	0	0	0	0	0	0	0	0	
0.45	0.978669	0.242421	2.57214	1.0218	6.5705	2.6282	8.52678e-08	0	0	0	0	0	0	0	0	
0.451	0.980856	0.245898	2.58019	1.01952	6.57638	2.63055	8.51758e-08	0	0	0	0	0	0	0	0	
0.452	0.983049	0.249376	2.5883	1.01724	6.58232	2.63293	8.50711e-08	0	0	0	0	0	0	0	0	
0.453	0.985245	0.252858	2.59645	1.01498	6.58834	2.63534	8.49548e-08	0	0	0	0	0	0	0	0	
0.454	0.987447	0.256345	2.60466	1.01271	6.59442	2.63777	8.48283e-08	0	0	0	0	0	0	0	0	
0.455	0.989653	0.25984	2.6129	1.01046	6.60055	2.64022	8.46937e-08	0	0	0	0	0	0	0	0	
0.456	0.991863	0.263344	2.62118	1.0082	6.60671	2.64269	8.45536e-08	0	0	0	0	0	0	0	0	
0.457	0.994078	0.266858	2.6295	1.00596	6.6129	2.64516	8.4411e-08	0	0	0	0	0	0	0	0	
0.458	0.9963	0.270385	2.63784	1.00371	6.6191	2.64764	8.42695e-08	0	0	0	0	0	0	0	0	
0.459	0.998528	0.273924	2.64622	1.00147	6.6253	2.65012	8.41323e-08	0	0	0	0	0	0	0	0	
0.46	1.00076	0.277477	2.65463	0.999236	6.6315	2.6526	8.40027e-08	0	0	0	0	0	0	0	0	
0.461	1.00301	0.281043	2.66306	0.997	6.63767	2.65507	8.3883e-08	0	0	0	0	0	0	0	0	
0.462	1.00526	0.284624	2.67151	0.994763	6.64381	2.65752	8.37746e-08	0	0	0	0	0	0	0	0	
0.463	1.00753	0.288218	2.68	0.992526	6.64993	2.65997	8.36776e-08	0	0	0	0	0	0	0	0	
0.464	1.00981	0.291825	2.68851	0.990287	6.656	2.6624	8.35908e-08	0	0	0	0	0	0	0	0	
0.465	1.0121	0.295445	2.69706	0.988047	6.66205	2.66482	8.35119e-08	0	0	0	0	0	0	0	0	
0.466	1.0144	0.299076	2.70563	0.985804	6.66807	2.66723	8.34375e-08	0	0	0	0	0	0	0	0	
0.467	1.01671	0.302719	2.71424	0.98356	6.67405	2.66962	8.33641e-08	0	0	0	0	0	0	0	0	
0.468	1.01904	0.306373	2.72288	0.981315	6.68002	2.67201	8.32881e-08	0	0	0	0	0	0	0	0	
0.469	1.02138	0.310037	2.73156	0.97907	6.68597	2.67439	8.32067e-08	0	0	0	0	0	0	0	0	
0.47	1.02372	0.313712	2.74027	0.976826	6.69192	2.67677	8.31181e-08	0	0	0	0	0	0	0	0	
0.471	1.02608	0.317398	2.74902	0.974584	6.69787	2.67915	8.30219e-08	0	0	0	0	0	0	0	0	
0.472	1.02844	0.321094	2.75779	0.972347	6.70383	2.68153	8.29192e-08	0	0	0	0	0	0	0	0	
0.473	1.03081	0.324802	2.76661	0.970114	6.70981	2.68392	8.28123e-08	0	0	0	0	0	0	0	0	
0.474	1.03318	0.328522	2.77545	0.967888	6.71581	2.68632	8.27044e-08	0	0	0	0	0	0	0	0	
0.475	1.03555	0.332254	2.78432	0.965671	6.72184	2.68874	8.25991e-08	0	0	0	0	0	0	0	0	
0.476	1.03792	0.335999	2.79322	0.963462	6.7279	2.69116	8.25005e-08	0	0	0	0	0	0	0	0	
0.477	1.0403	0.339758	2.80215	0.961263	6.734	2.6936	8.24117e-08	0	0	0	0	0	0	0	0	
0.478	1.04267	0.343531	2.8111	0.959074	6.74012	2.69605	8.23356e-08	0	0	0	0	0	0	0	0	
0.479	1.04505	0.347318	2.82007	0.956896	6.74629	2.69851	8.22738e-08	0	0	0	0	0	0	0	0	
0.48	1.04742	0.35112	2.82907	0.954727	6.75248	2.70099	8.22272e-08	0	0	0	0	0	0	0	0	
0.481	1.04979	0.354934	2.8381	0.952568	6.7587	2.70348	8.21955e-08	0	0	0	0	0	0	0	0	
0.482	1.05217	0.358761	2.84716	0.950416	6.76496	2.70598	8.21781e-08	0	0	0	0	0	0	0	0	
0.483	1.05455	0.362597	2.85625	0.94827	6.77124	2.7085	8.21738e-08	0	0	0	0	0	0	0	0	
0.484	1.05694	0.366439	2.86538	0.946128	6.77755	2.71102	8.21817e-08	0	0	0	0	0	0	0	0	
0.485	1.05934	0.370286	2.87457	0.943987	6.78389	2.71356	8.22009e-08	0	0	0	0	0	0	0	0	
0.486	1.06175	0.374132	2.88381	0.941844	6.79026	2.7161	8.2231e-08	0	0	0	0	0	0	0	0	
0.487	1.06417	0.377974	2.89313	0.939697	6.79666	2.71866	8.22723e-08	0	0	0	0	0	0	0	0	
0.488	1.06662	0.381809	2.90252	0.937544	6.80309	2.72123	8.2325e-08	0	0	0	0	0	0	0	0	
0.489	1.06908	0.385632	2.91199	0.93538	6.80955	2.72382	8.23894e-08	0	0	0	0	0	0	0	0	
0.49	1.07157	0.389442	2.92156	0.933206	6.81605	2.72642	8.24658e-08	0	0	0	0	0	0	0	0	
0.491	1.07409	0.393238	2.93123	0.93102	6.82259	2.72904	8.25535e-08	0	0	0	0	0	0	0	0	
0.492	1.07663	0.397019	2.941	0.928822	6.82916	2.73166	8.26512e-08	0	0	0	0	0	0	0	0	
0.493	1.0792	0.400786	2.95086	0.926613	6.83576	2.7343	8.27569e-08	0	0	0	0	0	0	0	0	
0.494	1.08179	0.404543	2.96081	0.924394	6.84238	2.73695	8.28677e-08	0	0	0	0	0	0	0	0	
0.495	1.0844	0.408292	2.97084	0.922168	6.84903	2.73961	8.29811e-08	0	0	0	0	0	0	0	0	
0.496	1.08703	0.412038	2.98094	0.919936	6.85569	2.74228	8.30943e-08	0	0	0	0	0	0	0	0	
0.497	1.08968	0.415785	2.9911	0.917703	6.86236	2.74494	8.32057e-08	0	0	0	0	0	0	0	0	
0.498	1.09233	0.41954	3.00131	0.915472	6.86903	2.74761	8.33144e-08	0	0	0	0	0	0	0	0	
0.499	1.095	0.423306	3.01155	0.913244	6.8757	2.75028	8.34209e-08	0	0	0	0	0	0	0	0	
0.5	1.09767	0.427086	3.02182	0.911023	6.88236	2.75294	8.35265e-08	0	0	0	0	0	0	0	0	
0.501	1.10034	0.430885	3.0321	0.90881	6.88902	2.75561	8.36333e-08	0	0	0	0	0	0	0	0	
0.502	1.10301	0.434703	3.0424	0.906608	6.89566	2.75826	8.37432e-08	0	0	0	0	0	0	0	0	
0.503	1.10569	0.438542	3.05271	0.904416	6.9023	2.76092	8.38581e-08	0	0	0	0	0	0	0	0	
0.504	1.10836	0.442402	3.06303	0.902236	6.90893	2.76357	8.39784e-08	0	0	0	0	0	0	0	0	
0.505	1.11103	0.446282	3.07336	0.900068	6.91557	2.76623	8.41038e-08	0	0	0	0	0	0	0	0	
0.506	1.1137	0.450181	3.0837	0.89791	6.92221	2.76888	8.42325e-08	0	0	0	0	0	0	0	0	
0.507	1.11637	0.454097	3.09406	0.895763	6.92886	2.77155	8.43618e-08	0	0	0	0	0	0	0	0	
0.508	1.11904	0.458028	3.10445	0.893626	6.93553	2.77421	8.44887e-08	0	0	0	0	0	0	0	0	
0.509	1.12171	0.461972	3.11486	0.891496	6.94221	2.77689	8.461e-08	0	0	0	0	0	0	0	0	
0.51	1.12439	0.465927	3.12531	0.889374	6.94891	2.77957	8.47231e-08	0	0	0	0	0	0	0	0	
0.511	1.12707	0.469892	3.13579	0.887257	6.95563	2.78225	8.48258e-08	0	0	0	0	0	0	0	0	
0.512	1.12976	0.473866	3.14631	0.885145	6.96236	2.78494	8.49171e-08	0	0	0	0	0	0	0	0	
0.513	1.13246	0.477848	3.15688	0.883035	6.96909	2.78764	8.49963e-08	0	0	0	0	0	0	0	0	
0.514	1.13517	0.481837	3.16749	0.880927	6.97582	2.79033	8.50632e-08	0	0	0	0	0	0	0	0	
0.515	1.13789	0.485833	3.17815	0.87882	6.98254	2.79302	8.51179e-08	0	0	0	0	0	0	0	0	
0.516	1.14062	0.489837	3.18884	0.876713	6.98925	2.7957	8.516e-08	0	0	0	0	0	0	0	0	
0.517	1.14337	0.49385	3.19958	0.874606	6.99593	2.79837	8.51892e-08	0	0	0	0	0	0	0	0	
0.518	1.14613	0.497873	3.21035	0.872501	7.00259	2.80103	8.52051e-08	0	0	0	0	0	0	0	0	
0.519	1.1489	0.50191	3.22115	0.870398	7.00921	2.80369	8.5207e-08	0	0	0	0	0	0	0	0	
0.52	1.15168	0.505962	3.23198	0.868299	7.01581	2.80632	8.51937e-08	0	0	0	0	0	0	0	0	
0.521	1.15446	0.510033	3.24282	0.866207	7.02238	2.80895	8.5164e-08	0	0	0	0	0	0	0	0	
0.522	1.15724	0.514123	3.25367	0.864123	7.02893	2.81157	8.51157e-08	0	0	0	0	0	0	0	0	
0.523	1.16003	0.518234	3.26453	0.86205	7.03547	2.81419	8.50464e-08	0	0	0	0	0	0	0	0	
0.524	1.16281	0.522365	3.2754	0.859988	7.04201	2.8168	8.4953e-08	0	0	0	0	0	0	0	0	
0.525	1.16559	0.526515	3.28628	0.857938	7.04857	2.81943	8.48328e-08	0	0	0	0	0	0	0	0	
0.526	1.16836	0.530678	3.29719	0.855899	7.05516	2.82206	8.4684e-08	0	0	0	0	0	0	0	0	
0.527	1.17114	0.534848	3.30815	0.853868	7.06181	2.82472	8.45069e-08	0	0	0	0	0	0	0	0	
0.528	1.17393	0.539015	3.31918	0.851843	7.06854	2.82742	8.43045e-08	0	0	0	0	0	0	0	0	
0.529	1.17672	0.54317	3.3303	0.849817	7.07537	2.83015	8.40828e-08	0	0	0	0	0	0	0	0	
0.53	1.17954	0.547304	3.34156	0.847788	7.08233	2.83293	8.38501e-08	0	0	0	0	0	0	0	0	
0.531	1.18238	0.551407	3.35296	0.845751	7.08943	2.83577	8.36162e-08	0	0	0	0	0	0	0	0	
0.532	1.18525	0.555475	3.36454	0.843702	7.09666	2.83866	8.33909e-08	0	0	0	0	0	0	0	0	
0.533	1.18816	0.559505	3.37628	0.841639	7.10403	2.84161	8.31816e-08	0	0	0	0	0	0	0	0	
0.534	1.1911	0.5635	3.3882	0.839563	7.11151	2.84461	8.29931e-08	0	0	0	0	0	0	0	0	
0.535	1.19407	0.567467	3.40027	0.837475	7.11909	2.84764	8.28262e-08	0	0	0	0	0	0	0	0	
0.536	1.19706	0.571416	3.41246	0.835377	7.12672	2.85069	8.26787e-08	0	0	0	0	0	0	0	0	
0.537	1.20009	0.575359	3.42474	0.833273	7.13436	2.85374	8.25467e-08	0	0	0	0	0	0	0	0	
0.538	1.20313	0.579308	3.43708	0.831167	7.14197	2.85679	8.24259e-08	0	0	0	0	0	0	0	0	
0.539	1.20618	0.583276	3.44945	0.829062	7.14952	2.85981	8.23131e-08	0	0	0	0	0	0	0	0	
0.54	1.20925	0.58727	3.46181	0.826961	7.15696	2.86278	8.2207e-08	0	0	0	0	0	0	0	0	
0.541	1.21232	0.591297	3.47416	0.824866	7.16429	2.86572	8.2108e-08	0	0	0	0	0	0	0	0	
0.542	1.21539	0.59536	3.48648	0.822778	7.17149	2.8686	8.20173e-08	0	0	0	0	0	0	0	0	
0.543	1.21848	0.599459	3.49877	0.820697	7.17857	2.87143	8.1935e-08	0	0	0	0	0	0	0	0	
0.544	1.22156	0.603591	3.51104	0.818624	7.18555	2.87422	8.18603e-08	0	0	0	0	0	0	0	0	
0.545	1.22465	0.607753	3.5233	0.816558	7.19245	2.87698	8.17903e-08	0	0	0	0	0	0	0	0	
0.546	1.22775	0.61194	3.53557	0.814501	7.1993	2.87972	8.1722e-08	0	0	0	0	0	0	0	0	
0.547	1.23084	0.616147	3.54785	0.812452	7.20615	2.88246	8.16532e-08	0	0	0	0	0	0	0	0	
0.548	1.23394	0.620372	3.56016	0.810413	7.21301	2.8852	8.15854e-08	0	0	0	0	0	0	0	0	
0.549	1.23703	0.62461	3.57251	0.808386	7.21992	2.88797	8.15243e-08	0	0	0	0	0	0	0	0	
0.55	1.24012	0.62886	3.5849	0.806372	7.22691	2.89076	8.14795e-08	0	0	0	0	0	0	0	0	
0.551	1.24321	0.63312	3.59734	0.804371	7.234	2.8936	8.1463e-08	0	0	0	0	0	0	0	0	
0.552	1.24628	0.637391	3.60984	0.802385	7.2412	2.89648	8.14855e-08	0	0	0	0	0	0	0	0	
0.553	1.24935	0.641669	3.62238	0.800415	7.24853	2.89941	8.15531e-08	0	0	0	0	0	0	0	0	
0.554	1.25241	0.645956	3.63498	0.798461	7.25598	2.90239	8.16648e-08	0	0	0	0	0	0	0	0	
0.555	1.25546	0.650251	3.64765	0.796521	7.26357	2.90543	8.18116e-08	0	0	0	0	0	0	0	0	
0.556	1.2585	0.654554	3.66037	0.794595	7.27127	2.90851	8.19783e-08	0	0	0	0	0	0	0	0	
0.557	1.26154	0.658863	3.67315	0.792679	7.27907	2.91163	8.21466e-08	0	0	0	0	0	0	0	0	
0.558	1.26459	0.663179	3.686	0.790771	7.28695	2.91478	8.22989e-08	0	0	0	0	0	0	0	0	
0.559	1.26764	0.667504	3.6989	0.788867	7.29486	2.91794	8.24222e-08	0	0	0	0	0	0	0	0	
0.56	1.27071	0.67184	3.71186	0.786964	7.30276	2.9211	8.25098e-08	0	0	0	0	0	0	0	0	
0.561	1.27379	0.676191	3.72487	0.785058	7.31059	2.92424	8.25616e-08	0	0	0	0	0	0	0	0	
0.562	1.2769	0.680561	3.7379	0.783147	7.31831	2.92732	8.2583e-08	0	0	0	0	0	0	0	0	
0.563	1.28003	0.684957	3.75094	0.781229	7.32586	2.93035	8.25836e-08	0	0	0	0	0	0	0	0	
0.564	1.28319	0.689385	3.76398	0.779305	7.33322	2.93329	8.25752e-08	0	0	0	0	0	0	0	0	
0.565	1.28638	0.693845	3.77701	0.777374	7.34037	2.93615	8.25699e-08	0	0	0	0	0	0	0	0	
0.566	1.2896	0.698338	3.79004	0.775436	7.34733	2.93893	8.25776e-08	0	0	0	0	0	0	0	0	
0.567	1.29284	0.702853	3.80309	0.773491	7.35413	2.94165	8.26033e-08	0	0	0	0	0	0	0	0	
0.568	1.29612	0.707376	3.81621	0.771535	7.36084	2.94434	8.26447e-08	0	0	0	0	0	0	0	0	
0.569	1.29944	0.711884	3.82948	0.769564	7.36756	2.94703	8.26904e-08	0	0	0	0	0	0	0	0	
0.57	1.30281	0.716354	3.84297	0.767573	7.37439	2.94976	8.27219e-08	0	0	0	0	0	0	0	0	
0.571	1.30624	0.720764	3.85675	0.765557	7.38141	2.95256	8.27178e-08	0	0	0	0	0	0	0	0	
0.572	1.30973	0.7251	3.87088	0.763517	7.3887	2.95548	8.26615e-08	0	0	0	0	0	0	0	0	
0.573	1.31328	0.729358	3.88536	0.761453	7.3963	2.95852	8.25489e-08	0	0	0	0	0	0	0	0	
0.574	1.31688	0.73355	3.90017	0.759373	7.40422	2.96169	8.23942e-08	0	0	0	0	0	0	0	0	
0.575	1.3205	0.737698	3.91524	0.75729	7.41244	2.96498	8.22306e-08	0	0	0	0	0	0	0	0	
0.576	1.32412	0.741834	3.93048	0.755217	7.42092	2.96837	8.2105e-08	0	0	0	0	0	0	0	0	
0.577	1.32773	0.745989	3.94578	0.753168	7.42959	2.97184	8.20682e-08	0	0	0	0	0	0	0	0	
0.578	1.33129	0.75019	3.96107	0.751151	7.4384	2.97536	8.21614e-08	0	0	0	0	0	0	0	0	
0.579	1.3348	0.754455	3.97628	0.749173	7.4473	2.97892	8.24044e-08	0	0	0	0	0	0	0	0	
0.58	1.33827	0.758792	3.99139	0.747232	7.45623	2.98249	8.27877e-08	0	0	0	0	0	0	0	0	
0.581	1.34171	0.763197	4.00641	0.74532	7.46514	2.98605	8.32721e-08	0	0	0	0	0	0	0	0	
0.582	1.34512	0.767664	4.02137	0.743427	7.47398	2.98959	8.37947e-08	0	0	0	0	0	0	0	0	
0.583	1.34855	0.77218	4.03631	0.741539	7.48269	2.99308	8.42813e-08	0	0	0	0	0	0	0	0	
0.584	1.352	0.776734	4.05126	0.739643	7.49122	2.99649	8.46616e-08	0	0	0	0	0	0	0	0	
0.585	1.35551	0.781316	4.06627	0.73773	7.49953	2.99981	8.48851e-08	0	0	0	0	0	0	0	0	
0.586	1.35908	0.78592	4.08136	0.735791	7.50757	3.00303	8.49338e-08	0	0	0	0	0	0	0	0	
0.587	1.36272	0.790544	4.09654	0.733825	7.51536	3.00614	8.48263e-08	0	0	0	0	0	0	0	0	
0.588	1.36643	0.795184	4.11183	0.731833	7.52294	3.00917	8.46113e-08	0	0	0	0	0	0	0	0	
0.589	1.3702	0.79984	4.12723	0.729823	7.53037	3.01215	8.43492e-08	0	0	0	0	0	0	0	0	
0.59	1.374	0.804514	4.14275	0.727801	7.53775	3.0151	8.40917e-08	0	0	0	0	0	0	0	0	
0.591	1.37783	0.809204	4.15839	0.72578	7.5452	3.01808	8.38697e-08	0	0	0	0	0	0	0	0	
0.592	1.38166	0.813911	4.17417	0.723767	7.55281	3.02112	8.36943e-08	0	0	0	0	0	0	0	0	
0.593	1.38548	0.818635	4.19007	0.721771	7.56068	3.02427	8.35665e-08	0	0	0	0	0	0	0	0	
0.594	1.38929	0.823376	4.20613	0.719795	7.56887	3.02755	8.34811e-08	0	0	0	0	0	0	0	0	
0.595	1.39307	0.828134	4.22233	0.717842	7.5774	3.03096	8.34201e-08	0	0	0	0	0	0	0	0	
0.596	1.39682	0.832909	4.23868	0.715911	7.5863	3.03452	8.33434e-08	0	0	0	0	0	0	0	0	
0.597	1.40056	0.837703	4.2552	0.714	7.59554	3.03822	8.31991e-08	0	0	0	0	0	0	0	0	
0.598	1.40428	0.842517	4.27189	0.712108	7.60511	3.04204	8.29555e-08	0	0	0	0	0	0	0	0	
0.599	1.408	0.847353	4.28874	0.71023	7.61497	3.04599	8.26405e-08	0	0	0	0	0	0	0	0	
0.6	1.4117	0.852217	4.30575	0.708364	7.6251	3.05004	8.23553e-08	0	0	0	0	0	0	0	0	
0.601	1.41541	0.857118	4.3229	0.70651	7.63543	3.05417	8.2236e-08	0	0	0	0	0	0	0	0	
0.602	1.41911	0.862077	4.34013	0.704665	7.64585	3.05834	8.23725e-08	0	0	0	0	0	0	0	0	
0.603	1.42282	0.867128	4.35734	0.702831	7.65618	3.06247	8.2733e-08	0	0	0	0	0	0	0	0	
0.604	1.42651	0.872316	4.37438	0.701009	7.66619	3.06648	8.31527e-08	0	0	0	0	0	0	0	0	
0.605	1.4302	0.877686	4.3911	0.699201	7.67565	3.07026	8.34084e-08	0	0	0	0	0	0	0	0	
0.606	1.4339	0.883257	4.40745	0.697397	7.68437	3.07375	8.33237e-08	0	0	0	0	0	0	0	0	
0.607	1.43766	0.88899	4.42359	0.695573	7.69233	3.07693	8.28317e-08	0	0	0	0	0	0	0	0	
0.608	1.44159	0.894771	4.43995	0.693679	7.69975	3.0799	8.20199e-08	0	0	0	0	0	0	0	0	
0.609	1.44581	0.900423	4.45717	0.691656	7.70707	3.08283	8.11708e-08	0	0	0	0	0	0	0	0	
0.61	1.45043	0.905775	4.4759	0.68945	7.71478	3.08591	8.06615e-08	0	0	0	0	0	0	0	0	
0.611	1.45549	0.910747	4.49649	0.687052	7.7233	3.08932	8.07321e-08	0	0	0	0	0	0	0	0	
0.612	1.4609	0.915414	4.51872	0.684508	7.73274	3.0931	8.129e-08	0	0	0	0	0	0	0	0	
0.613	1.46646	0.919981	4.5419	0.681913	7.74294	3.09718	8.18665e-08	0	0	0	0	0	0	0	0	
0.614	1.47196	0.924695	4.56519	0.679367	7.75359	3.10144	8.20022e-08	0	0	0	0	0	0	0	0	
0.615	1.47725	0.929731	4.588	0.676934	7.76443	3.10577	8.20937e-08	0	0	0	0	0	0	0	0	
0.616	1.48231	0.935144	4.61017	0.674625	7.77534	3.11014	8.28842e-08	0	0	0	0	0	0	0	0	
0.617	1.48719	0.940889	4.63192	0.672407	7.78634	3.11454	8.41245e-08	0	0	0	0	0	0	0	0	
0.618	1.49202	0.946879	4.65362	0.670233	7.79753	3.11901	8.55013e-08	0	0	0	0	0	0	0	0	
0.619	1.49687	0.953039	4.67565	0.668061	7.80904	3.12361	8.57154e-08	0	0	0	0	0	0	0	0	
0.62	1.5018	0.959327	4.69823	0.665866	7.82099	3.1284	8.36096e-08	0	0	0	0	0	0	0	0	
0.621	1.50683	0.965745	4.7215	0.663646	7.83352	3.13341	8.19611e-08	0	0	0	0	0	0	0	0	
0.622	1.51193	0.972318	4.74549	0.661406	7.84674	3.1387	8.59744e-08	0	0	0	0	0	0	0	0	
0.623	1.51714	0.979063	4.77031	0.659134	7.86067	3.14427	8.54568e-08	0	0	0	0	0	0	0	0	
0.624	1.52255	0.985986	4.79611	0.656793	7.87513	3.15005	8.46782e-08	0	0	0	0	0	0	0	0	
0.625	1.52829	0.993123	4.82303	0.654327	7.8896	3.15584	9.63276e-08	0	0	0	0	0	0	0	0	
0.626	1.53449	1.00055	4.85106	0.651684	7.9034	3.16136	9.59494e-08	0	0	0	0	0	0	0	0	
0.627	1.54128	1.00831	4.88038	0.648813	7.91614	3.16646	1.93227e-07	0	0	0	0	0	0	0	0	
0.628	1.54876	1.01642	4.91144	0.645678	7.92803	3.17121	4.09912e-07	0	0	0	0	0	0	0	0	
0.629	1.55692	1.02491	4.94465	0.642293	7.93979	3.17592	8.67068e-07	0	0	0	0	0	0	0	0	
0.63	1.56559	1.03397	4.98005	0.638735	7.95233	3.18093	1.82819e-06	0	0	0	0	0	0	0	0	
0.631	1.57464	1.04382	5.01782	0.635065	7.9666	3.18664	3.85153e-06	0	0	0	0	0	0	0	0	
0.632	1.58421	1.05449	5.05912	0.631229	7.98365	3.19346	8.13576e-06	0	0	0	0	0	0	0	0	
0.633	1.59464	1.06603	5.10561	0.627099	8.00431	3.20172	1.73134e-05	0	0	0	0	0	0	0	0	
0.634	1.60614	1.07894	5.15799	0.622611	8.02855	3.21142	3.72718e-05	0	0	0	0	0	0	0	0	
0.635	1.6189	1.09404	5.21682	0.617704	8.05613	3.22245	8.13622e-05	0	0	0	0	0	0	0	0	
0.636	1.63386	1.11182	5.28597	0.612046	8.08814	3.23526	0.000180808	0	0	0	0	0	0	0	0	
0.637	1.6528	1.13267	5.37308	0.605035	8.12726	3.2509	0.000410467	0	0	0	0	0	0	0	0	
0.638	1.67721	1.15865	5.48474	0.596227	8.17536	3.27015	0.000952324	0	0	0	0	0	0	0	0	
0.639	1.70888	1.19412	5.62785	0.585177	8.23322	3.29329	0.00227553	0	0	0	0	0	0	0	0	
0.64	1.75397	1.24363	5.82767	0.570134	8.30638	3.32255	0.00566079	0	0	0	0	0	0	0	0	
0.641	1.82703	1.31337	6.1424	0.547336	8.4049	3.36196	0.0146898	0	0	0	0	0	0	0	0	
0.642	1.95336	1.42173	6.65521	0.511938	8.51763	3.40705	0.0404052	0	0	0	0	0	0	0	0	
0.643	2.18546	1.60107	7.476	0.45757	8.55198	3.42079	0.118863	0	0	0	0	0	0	0	0	
0.644	2.51212	1.75954	7.99604	0.398071	7.95748	3.18299	0.356673	0	0	0	0	0	0	0	0	
0.645	2.14682	1.37424	5.05038	0.465805	5.88123	2.35249	0.770128	0	0	0	0	0	0	0	0	
0.646	1.24378	0.332856	1.58082	0.804003	3.17747	1.27099	0.982861	0	0	0	0	0	0	0	0	
0.647	1.03492	0.0802289	1.10768	0.966258	2.67576	1.0703	0.991042	0	0	0	0	0	0	0	0	
0.648	1.03125	0.0776744	1.10194	0.969693	2.67135	1.06854	0.991301	0	0	0	0	0	0	0	0	
0.649	1.03123	0.077558	1.10159	0.96972	2.67058	1.06823	0.991564	0	0	0	0	0	0	0	0	
0.65	1.03128	0.0774492	1.10129	0.969669	2.66972	1.06789	0.991831	0	0	0	0	0	0	0	0	
0.651	1.0313	0.0773332	1.101	0.969647	2.66896	1.06759	0.992095	0	0	0	0	0	0	0	0	
0.652	1.03129	0.0772113	1.10073	0.969663	2.66834	1.06734	0.992355	0	0	0	0	0	0	0	0	
0.653	1.03132	0.0770856	1.10046	0.969626	2.6676	1.06704	0.992617	0	0	0	0	0	0	0	0	
0.654	1.03141	0.0769593	1.1002	0.969542	2.66673	1.06669	0.992885	0	0	0	0	0	0	0	0	
0.655	1.03143	0.0768367	1.09994	0.969529	2.66605	1.06642	0.993146	0	0	0	0	0	0	0	0	
0.656	1.03138	0.076723	1.09966	0.969573	2.6655	1.0662	0.993402	0	0	0	0	0	0	0	0	
0.657	1.03138	0.0766231	1.09937	0.969573	2.66479	1.06592	0.993662	0	0	0	0	0	0	0	0	
0.658	1.03136	0.0765401	1.09905	0.969592	2.66408	1.06563	0.993923	0	0	0	0	0	0	0	0	
0.659	1.03121	0.0764738	1.09871	0.969737	2.66365	1.06546	0.994175	0	0	0	0	0	0	0	0	
0.66	1.03104	0.0764193	1.09836	0.969893	2.66323	1.06529	0.994427	0	0	0	0	0	0	0	0	
0.661	1.03102	0.076368	1.098	0.969912	2.66242	1.06497	0.994688	0	0	0	0	0	0	0	0	
0.662	1.03101	0.0763103	1.09766	0.96992	2.6616	1.06464	0.99495	0	0	0	0	0	0	0	0	
0.663	1.03103	0.0762415	1.09733	0.969906	2.66078	1.06431	0.995213	0	0	0	0	0	0	0	0	
0.664	1.03118	0.0761642	1.09702	0.969761	2.65963	1.06385	0.995483	0	0	0	0	0	0	0	0	
0.665	1.03133	0.0760881	1.09671	0.969625	2.6585	1.0634	0.995752	0	0	0	0	0	0	0	0	
0.666	1.0311	0.0760233	1.09639	0.969842	2.65831	1.06333	0.996002	0	0	0	0	0	0	0	0	
0.667	1.03094	0.0759711	1.09605	0.969989	2.65789	1.06316	0.996255	0	0	0	0	0	0	0	0	
0.668	1.03096	0.0759217	1.09571	0.969968	2.657	1.0628	0.996518	0	0	0	0	0	0	0	0	
0.669	1.03065	0.0758601	1.09539	0.970264	2.65704	1.06281	0.996767	0	0	0	0	0	0	0	0	
0.67	1.03034	0.0757704	1.09511	0.970552	2.65716	1.06286	0.997014	0	0	0	0	0	0	0	0	
0.671	1.0307	0.0756365	1.0949	0.970211	2.65572	1.06229	0.997283	0	0	0	0	0	0	0	0	
0.672	1.03089	0.0754656	1.09475	0.970031	2.65486	1.06194	0.997547	0	0	0	0	0	0	0	0	
0.673	1.03113	0.075316	1.09457	0.969807	2.6538	1.06152	0.997811	0	0	0	0	0	0	0	0	
0.674	1.03154	0.075223	1.09431	0.969428	2.65213	1.06085	0.998081	0	0	0	0	0	0	0	0	
0.675	1.03131	0.0750336	1.09419	0.96964	2.65242	1.06097	0.998332	0	0	0	0	0	0	0	0	
0.676	1.03069	0.0746149	1.0944	0.970228	2.65455	1.06182	0.998574	0	0	0	0	0	0	0	0	
0.677	1.0321	0.0745304	1.09407	0.968899	2.6501	1.06004	0.998853	0	0	0	0	0	0	0	0	
0.678	1.02946	0.0754043	1.09192	0.971381	2.65167	1.06067	0.999096	0	0	0	0	0	0	0	0	
0.679	1.02852	0.0743832	1.08968	0.972276	2.64867	1.05947	0.999359	0	0	0	0	0	0	0	0	
0.68	1.02661	0.060196	1.08548	0.97408	2.64337	1.05735	0.999619	0	0	0	0	0	0	0	0	
0.681	0.976557	-0.0120029	1.00976	1.02401	2.58499	1.034	0.999849	0	0	0	0	0	0	0	0	
0.682	0.834294	-0.147769	0.802839	1.19862	2.40574	0.962297	0.999973	0	0	0	0	0	0	0	0	
0.683	0.448933	-0.720558	0.349385	2.22751	1.94564	0.778256	1	0	0	0	0	0	0	0	0	
0.684	0.259259	-1.35769	0.0967742	3.85715	0.933181	0.373272	1	0	0	0	0	0	0	0	0	
0.685	0.259259	-1.35769	0.0967742	3.85715	0.933181	0.373272	1	0	0	0	0	0	0	0	0	
0.686	0.259259	-1.35769	0.0967742	3.85715	0.933181	0.373272	1	0	0	0	0	0	0	0	0	
0.687	0.259259	-1.35769	0.0967742	3.85715	0.933181	0.373272	1	0	0	0	0	0	0	0	0	
0.688	0.259259	-1.35769	0.0967742	3.85715	0.933181	0.373272	1	0	0	0	0	0	0	0	0	
0.689	0.259259	-1.35769	0.0967742	3.85715	0.933181	0.373272	1	0	0	0	0	0	0	0	0	
0.69	0.259259	-1.35769	0.0967742	3.85715	0.933181	0.373272	1	0	0	0	0	0	0	0	0	
0.691	0.259259	-1.35769	0.0967742	3.85715	0.933181	0.373272	1	0	0	0	0	0	0	0	0	
0.692	0.259259	-1.35769	0.0967742	3.85715	0.933181	0.373272	1	0	0	0	0	0	0	0	0	
0.693	0.259259	-1.35769	0.0967742	3.85715	0.933181	0.373272	1	0	0	0	0	0	0	0	0	
0.694	0.259259	-1.35769	0.0967742	3.85715	0.933181	0.373272	1	0	0	0	0	0	0	0	0	
0.695	0.259259	-1.35769	0.0967742	3.85715	0.933181	0.373272	1	0	0	0	0	0	0	0	0	
0.696	0.259259	-1.35769	0.0967742	3.85715	0.933181	0.373272	1	0	0	0	0	0	0	0	0	
0.697	0.259259	-1.35769	0.0967742	3.85715	0.933181	0.373272	1	0	0	0	0	0	0	0	0	
0.698	0.259259	-1.35769	0.0967742	3.85715	0.933181	0.373272	1	0	0	0	0	0	0	0	0	
0.699	0.259259	-1.35769	0.0967742	3.85715	0.933181	0.373272	1	0	0	0	0	0	0	0	0	
0.7	0.259259	-1.35769	0.0967742	3.85715	0.933181	0.373272	1	0	0	0	0	0	0	0	0	
0.701	0.259259	-1.35769	0.0967742	3.85715	0.933181	0.373272	1	0	0	0	0	0	0	0	0	
0.702	0.259259	-1.35769	0.0967742	3.85715	0.933181	0.373272	1	0	0	0	0	0	0	0	0	
0.703	0.259259	-1.35769	0.0967742	3.85715	0.933181	0.373272	1	0	0	0	0	0	0	0	0	
0.704	0.259259	-1.35769	0.0967742	3.85715	0.933181	0.373272	1	0	0	0	0	0	0	0	0	
0.705	0.259259	-1.35769	0.0967742	3.85715	0.933181	0.373272	1	0	0	0	0	0	0	0	0	
0.706	0.259259	-1.35769	0.0967742	3.85715	0.933181	0.373272	1	0	0	0	0	0	0	0	0	
0.707	0.259259	-1.35769	0.0967742	3.85715	0.933181	0.373272	1	0	0	0	0	0	0	0	0	
0.708	0.259259	-1.35769	0.0967742	3.85715	0.933181	0.373272	1	0	0	0	0	0	0	0	0	
0.709	0.259259	-1.35769	0.0967742	3.85715	0.933181	0.373272	1	0	0	0	0	0	0	0	0	
0.71	0.259259	-1.35769	0.0967742	3.85715	0.933181	0.373272	1	0	0	0	0	0	0	0	0	
0.711	0.259259	-1.35769	0.0967742	3.85715	0.933181	0.373272	1	0	0	0	0	0	0	0	0	
0.712	0.259259	-1.35769	0.0967742	3.85715	0.933181	0.373272	1	0	0	0	0	0	0	0	0	
0.713	0.259259	-1.35769	0.0967742	3.85715	0.933181	0.373272	1	0	0	0	0	0	0	0	0	
0.714	0.259259	-1.35769	0.0967742	3.85715	0.933181	0.373272	1	0	0	0	0	0	0	0	0	
0.715	0.259259	-1.35769	0.0967742	3.85715	0.933181	0.373272	1	0	0	0	0	0	0	0	0	
0.716	0.259259	-1.35769	0.0967742	3.85715	0.933181	0.373272	1	0	0	0	0	0	0	0	0	
0.717	0.259259	-1.35769	0.0967742	3.85715	0.933181	0.373272	1	0	0	0	0	0	0	0	0	
0.718	0.259259	-1.35769	0.0967742	3.85715	0.933181	0.373272	1	0	0	0	0	0	0	0	0	
0.719	0.259259	-1.35769	0.0967742	3.85715	0.933181	0.373272	1	0	0	0	0	0	0	0	0	
0.72	0.259259	-1.35769	0.0967742	3.85715	0.933181	0.373272	1	0	0	0	0	0	0	0	0	
0.721	0.259259	-1.35769	0.0967742	3.85715	0.933181	0.373272	1	0	0	0	0	0	0	0	0	
0.722	0.259259	-1.35769	0.0967742	3.85715	0.933181	0.373272	1	0	0	0	0	0	0	0	0	
0.723	0.259259	-1.35769	0.0967742	3.85715	0.933181	0.373272	1	0	0	0	0	0	0	0	0	
0.724	0.259259	-1.35769	0.0967742	3.85715	0.933181	0.373272	1	0	0	0	0	0	0	0	0	
0.725	0.259259	-1.35769	0.0967742	3.85715	0.933181	0.373272	1	0	0	0	0	0	0	0	0	
0.726	0.259259	-1.35769	0.0967742	3.85715	0.933181	0.373272	1	0	0	0	0	0	0	0	0	
0.727	0.259259	-1.35769	0.0967742	3.85715	0.933181	0.373272	1	0	0	0	0	0	0	0	0	
0.728	0.259259	-1.35769	0.0967742	3.85715	0.933181	0.373272	1	0	0	0	0	0	0	0	0	
0.729	0.259259	-1.35769	0.0967742	3.85715	0.933181	0.373272	1	0	0	0	0	0	0	0	0	
0.73	0.259259	-1.35769	0.0967742	3.85715	0.933181	0.373272	1	0	0	0	0	0	0	0	0	
0.731	0.259259	-1.35769	0.0967742	3.85715	0.933181	0.373272	1	0	0	0	0	0	0	0	0	
0.732	0.259259	-1.35769	0.0967742	3.85715	0.933181	0.373272	1	0	0	0	0	0	0	0	0	
0.733	0.259259	-1.35769	0.0967742	3.85715	0.933181	0.373272	1	0	0	0	0	0	0	0	0	
0.734	0.259259	-1.35769	0.0967742	3.85715	0.933181	0.373272	1	0	0	0	0	0	0	0	0	
0.735	0.259259	-1.35769	0.0967742	3.85715	0.933181	0.373272	1	0	0	0	0	0	0	0	0	
0.736	0.259259	-1.35769	0.0967742	3.85715	0.933181	0.373272	1	0	0	0	0	0	0	0	0	
0.737	0.259259	-1.35769	0.0967742	3.85715	0.933181	0.373272	1	0	0	0	0	0	0	0	0	
0.738	0.259259	-1.35769	0.0967742	3.85715	0.933181	0.373272	1	0	0	0	0	0	0	0	0	
0.739	0.259259	-1.35769	0.0967742	3.85715	0.933181	0.373272	1	0	0	0	0	0	0	0	0	
0.74	0.259259	-1.35769	0.0967742	3.85715	0.933181	0.373272	1	0	0	0	0	0	0	0	0	
0.741	0.259259	-1.35769	0.0967742	3.85715	0.933181	0.373272	1	0	0	0	0	0	0	0	0	
0.742	0.259259	-1.35769	0.0967742	3.85715	0.933181	0.373272	1	0	0	0	0	0	0	0	0	
0.743	0.259259	-1.35769	0.0967742	3.85715	0.933181	0.373272	1	0	0	0	0	0	0	0	0	
0.744	0.259259	-1.35769	0.0967742	3.85715	0.933181	0.373272	1	0	0	0	0	0	0	0	0	
0.745	0.259259	-1.35769	0.0967742	3.85715	0.933181	0.373272	1	0	0	0	0	0	0	0	0	
0.746	0.259259	-1.35769	0.0967742	3.85715	0.933181	0.373272	1	0	0	0	0	0	0	0	0	
0.747	0.259259	-1.35769	0.0967742	3.85715	0.933181	0.373272	1	0	0	0	0	0	0	0	0	
0.748	0.259259	-1.35769	0.0967742	3.85715	0.933181	0.373272	1	0	0	0	0	0	0	0	0	
0.749	0.259259	-1.35769	0.0967742	3.85715	0.933181	0.373272	1	0	0	0	0	0	0	0	0	
0.75	0.259259	-1.35769	0.0967742	3.85715	0.933181	0.373272	1	0	0	0	0	0	0	0	0	
0.751	0.259259	-1.35769	0.0967742	3.85715	0.933181	0.373272	1	0	0	0	0	0	0	0	0	
0.752	0.259259	-1.35769	0.0967742	3.85715	0.933181	0.373272	1	0	0	0	0	0	0	0	0	
0.753	0.259259	-1.35769	0.0967742	3.85715	0.933181	0.373272	1	0	0	0	0	0	0	0	0	
0.754	0.259259	-1.35769	0.0967742	3.85715	0.933181	0.373272	1	0	0	0	0	0	0	0	0	
0.755	0.259259	-1.35769	0.0967742	3.85715	0.933181	0.373272	1	0	0	0	0	0	0	0	0	
0.756	0.259259	-1.35769	0.0967742	3.85715	0.933181	0.373272	1	0	0	0	0	0	0	0	0	
0.757	0.259259	-1.35769	0.0967742	3.85715	0.933181	0.373272	1	0	0	0	0	0	0	0	0	
0.758	0.259259	-1.35769	0.0967742	3.85715	0.933181	0.373272	1	0	0	0	0	0	0	0	0	
0.759	0.259259	-1.35769	0.0967742	3.85715	0.933181	0.373272	1	0	0	0	0	0	0	0	0	
0.76	0.259259	-1.35769	0.0967742	3.85715	0.933181	0.373272	1	0	0	0	0	0	0	0	0	
0.761	0.259259	-1.35769	0.0967742	3.85715	0.933181	0.373272	1	0	0	0	0	0	0	0	0	
0.762	0.259259	-1.35769	0.0967742	3.85715	0.933181	0.373272	1	0	0	0	0	0	0	0	0	
0.763	0.259259	-1.35769	0.0967742	3.85715	0.933181	0.373272	1	0	0	0	0	0	0	0	0	
0.764	0.259259	-1.35769	0.0967742	3.85715	0.933181	0.373272	1	0	0	0	0	0	0	0	0	
0.765	0.259259	-1.35769	0.0967742	3.85715	0.933181	0.373272	1	0	0	0	0	0	0	0	0	
0.766	0.259259	-1.35769	0.0967742	3.85715	0.933181	0.373272	1	0	0	0	0	0	0	0	0	
0.767	0.259259	-1.35769	0.0967742	3.85715	0.933181	0.373272	1	0	0	0	0	0	0	0	0	
0.768	0.259259	-1.35769	0.0967742	3.85715	0.933181	0.373272	1	0	0	0	0	0	0	0	0	
0.769	0.259259	-1.35769	0.0967742	3.85715	0.933181	0.373272	1	0	0	0	0	0	0	0	0	
0.77	0.259259	-1.35769	0.0967742	3.85715	0.933181	0.373272	1	0	0	0	0	0	0	0	0	
0.771	0.259259	-1.35769	0.0967742	3.85715	0.933181	0.373272	1	0	0	0	0	0	0	0	0	
0.772	0.259259	-1.35769	0.0967742	3.85715	0.933181	0.373272	1	0	0	0	0	0	0	0	0	
0.773	0.259259	-1.35769	0.0967742	3.85715	0.933181	0.373272	1	0	0	0	0	0	0	0	0	
0.774	0.259259	-1.35769	0.0967742	3.85715	0.933181	0.373272	1	0	0	0	0	0	0	0	0	
0.775	0.259259	-1.35769	0.0967742	3.85715	0.933181	0.373272	1	0	0	0	0	0	0	0	0	
0.776	0.259259	-1.35769	0.0967742	3.85715	0.933181	0.373272	1	0	0	0	0	0	0	0	0	
0.777	0.259259	-1.35769	0.0967742	3.85715	0.933181	0.373272	1	0	0	0	0	0	0	0	0	
0.778	0.259259	-1.35769	0.0967742	3.85715	0.933181	0.373272	1	0	0	0	0	0	0	0	0	
0.779	0.259259	-1.35769	0.0967742	3.85715	0.933181	0.373272	1	0	0	0	0	0	0	0	0	
0.78	0.259259	-1.35769	0.0967742	3.85715	0.933181	0.373272	1	0	0	0	0	0	0	0	0	
0.781	0.259259	-1.35769	0.0967742	3.85715	0.933181	0.373272	1	0	0	0	0	0	0	0	0	
0.782	0.259259	-1.35769	0.0967742	3.85715	0.933181	0.373272	1	0	0	0	0	0	0	0	0	
0.783	0.259259	-1.35769	0.0967742	3.85715	0.933181	0.373272	1	0	0	0	0	0	0	0	0	
0.784	0.259259	-1.35769	0.0967742	3.85715	0.933181	0.373272	1	0	0	0	0	0	0	0	0	
0.785	0.259259	-1.35769	0.0967742	3.85715	0.933181	0.373272	1	0	0	0	0	0	0	0	0	
0.786	0.259259	-1.35769	0.0967742	3.85715	0.933181	0.373272	1	0	0	0	0	0	0	0	0	
0.787	0.259259	-1.35769	0.0967742	3.85715	0.933181	0.373272	1	0	0	0	0	0	0	0	0	
0.788	0.259259	-1.35769	0.0967742	3.85715	0.933181	0.373272	1	0	0	0	0	0	0	0	0	
0.789	0.259259	-1.35769	0.0967742	3.85715	0.933181	0.373272	1	0	0	0	0	0	0	0	0	
0.79	0.259259	-1.35769	0.0967742	3.85715	0.933181	0.373272	1	0	0	0	0	0	0	0	0	
0.791	0.259259	-1.35769	0.0967742	3.85715	0.933181	0.373272	1	0	0	0	0	0	0	0	0	
0.792	0.259259	-1.35769	0.0967742	3.85715	0.933181	0.373272	1	0	0	0	0	0	0	0	0	
0.793	0.259259	-1.35769	0.0967742	3.85715	0.933181	0.373272	1	0	0	0	0	0	0	0	0	
0.794	0.259259	-1.35769	0.0967742	3.85715	0.933181	0.373272	1	0	0	0	0	0	0	0	0	
0.795	0.259259	-1.35769	0.0967742	3.85715	0.933181	0.373272	1	0	0	0	0	0	0	0	0	
0.796	0.259259	-1.35769	0.0967742	3.85715	0.933181	0.373272	1	0	0	0	0	0	0	0	0	
0.797	0.259259	-1.35769	0.0967742	3.85715	0.933181	0.373272	1	0	0	0	0	0	0	0	0	
0.798	0.259259	-1.35769	0.0967742	3.85715	0.933181	0.373272	1	0	0	0	0	0	0	0	0	
0.799	0.259259	-1.35769	0.0967742	3.85715	0.933181	0.373272	1	0	0	0	0	0	0	0	0	
0.8	0.259259	-1.35769	0.0967742	3.85715	0.933181	0.373272	1	0	0	0	0	0	0	0	0	
0.801	0.259259	-1.35769	0.0967742	3.85715	0.933181	0.373272	1	0	0	0	0	0	0	0	0	
0.802	0.259259	-1.35769	0.0967742	3.85715	0.933181	0.373272	1	0	0	0	0	0	0	0	0	
0.803	0.259259	-1.35769	0.0967742	3.85715	0.933181	0.373272	1	0	0	0	0	0	0	0	0	
0.804	0.259259	-1.35769	0.0967742	3.85715	0.933181	0.373272	1	0	0	0	0	0	0	0	0	
0.805	0.259259	-1.35769	0.0967742	3.85715	0.933181	0.373272	1	0	0	0	0	0	0	0	0	
0.806	0.259259	-1.35769	0.0967742	3.85715	0.933181	0.373272	1	0	0	0	0	0	0	0	0	
0.807	0.259259	-1.35769	0.0967742	3.85715	0.933181	0.373272	1	0	0	0	0	0	0	0	0	
0.808	0.259259	-1.35769	0.0967742	3.85715	0.933181	0.373272	1	0	0	0	0	0	0	0	0	
0.809	0.259259	-1.35769	0.0967742	3.85715	0.933181	0.373272	1	0	0	0	0	0	0	0	0	
0.81	0.259259	-1.35769	0.0967742	3.85715	0.933181	0.373272	1	0	0	0	0	0	0	0	0	
0.811	0.259259	-1.35769	0.0967742	3.85715	0.933181	0.373272	1	0	0	0	0	0	0	0	0	
0.812	0.259259	-1.35769	0.0967742	3.85715	0.933181	0.373272	1	0	0	0	0	0	0	0	0	
0.813	0.259259	-1.35769	0.0967742	3.85715	0.933181	0.373272	1	0	0	0	0	0	0	0	0	
0.814	0.259259	-1.35769	0.0967742	3.85715	0.933181	0.373272	1	0	0	0	0	0	0	0	0	
0.815	0.259259	-1.35769	0.0967742	3.85715	0.933181	0.373272	1	0	0	0	0	0	0	0	0	
0.816	0.259259	-1.35769	0.0967742	3.85715	0.933181	0.373272	1	0	0	0	0	0	0	0	0	
0.817	0.259259	-1.35769	0.0967742	3.85715	0.933181	0.373272	1	0	0	0	0	0	0	0	0	
0.818	0.259259	-1.35769	0.0967742	3.85715	0.933181	0.373272	1	0	0	0	0	0	0	0	0	
0.819	0.259259	-1.35769	0.0967742	3.85715	0.933181	0.373272	1	0	0	0	0	0	0	0	0	
0.82	0.259259	-1.35769	0.0967742	3.85715	0.933181	0.373272	1	0	0	0	0	0	0	0	0	
0.821	0.259259	-1.35769	0.0967742	3.85715	0.933181	0.373272	1	0	0	0	0	0	0	0	0	
0.822	0.259259	-1.35769	0.0967742	3.85715	0.933181	0.373272	1	0	0	0	0	0	0	0	0	
0.823	0.259259	-1.35769	0.0967742	3.85715	0.933181	0.373272	1	0	0	0	0	0	0	0	0	
0.824	0.259259	-1.35769	0.0967742	3.85715	0.933181	0.373272	1	0	0	0	0	0	0	0	0	
0.825	0.259259	-1.35769	0.0967742	3.85715	0.933181	0.373272	1	0	0	0	0	0	0	0	0	
0.826	0.259259	-1.35769	0.0967742	3.85715	0.933181	0.373272	1	0	0	0	0	0	0	0	0	
0.827	0.259259	-1.35769	0.0967742	3.85715	0.933181	0.373272	1	0	0	0	0	0	0	0	0	
0.828	0.259259	-1.35769	0.0967742	3.85715	0.933181	0.373272	1	0	0	0	0	0	0	0	0	
0.829	0.259259	-1.35769	0.0967742	3.85715	0.933181	0.373272	1	0	0	0	0	0	0	0	0	
0.83	0.259259	-1.35769	0.0967742	3.85715	0.933181	0.373272	1	0	0	0	0	0	0	0	0	
0.831	0.259259	-1.35769	0.0967742	3.85715	0.933181	0.373272	1	0	0	0	0	0	0	0	0	
0.832	0.259259	-1.35769	0.0967742	3.85715	0.933181	0.373272	1	0	0	0	0	0	0	0	0	
0.833	0.259259	-1.35769	0.0967742	3.85715	0.933181	0.373272	1	0	0	0	0	0	0	0	0	
0.834	0.259259	-1.35769	0.0967742	3.85715	0.933181	0.373272	1	0	0	0	0	0	0	0	0	
0.835	0.259259	-1.35769	0.0967742	3.85715	0.933181	0.373272	1	0	0	0	0	0	0	0	0	
0.836	0.259259	-1.35769	0.0967742	3.85715	0.933181	0.373272	1	0	0	0	0	0	0	0	0	
0.837	0.259259	-1.35769	0.0967742	3.85715	0.933181	0.373272	1	0	0	0	0	0	0	0	0	
0.838	0.259259	-1.35769	0.0967742	3.85715	0.933181	0.373272	1	0	0	0	0	0	0	0	0	
0.839	0.259259	-1.35769	0.0967742	3.85715	0.933181	0.373272	1	0	0	0	0	0	0	0	0	
0.84	0.259259	-1.35769	0.0967742	3.85715	0.933181	0.373272	1	0	0	0	0	0	0	0	0	
0.841	0.259259	-1.35769	0.0967742	3.85715	0.933181	0.373272	1	0	0	0	0	0	0	0	0	
0.842	0.259259	-1.35769	0.0967742	3.85715	0.933181	0.373272	1	0	0	0	0	0	0	0	0	
0.843	0.259259	-1.35769	0.0967742	3.85715	0.933181	0.373272	1	0	0	0	0	0	0	0	0	
0.844	0.259259	-1.35769	0.0967742	3.85715	0.933181	0.373272	1	0	0	0	0	0	0	0	0	
0.845	0.259259	-1.35769	0.0967742	3.85715	0.933181	0.373272	1	0	0	0	0	0	0	0	0	
0.846	0.259259	-1.35769	0.0967742	3.85715	0.933181	0.373272	1	0	0	0	0	0	0	0	0	
0.847	0.259259	-1.35769	0.0967742	3.85715	0.933181	0.373272	1	0	0	0	0	0	0	0	0	
0.848	0.259259	-1.35769	0.0967742	3.85715	0.933181	0.373272	1	0	0	0	0	0	0	0	0	
0.849	0.259259	-1.35769	0.0967742	3.85715	0.933181	0.373272	1	0	0	0	0	0	0	0	0	
0.85	0.259259	-1.35769	0.0967742	3.85715	0.933181	0.373272	1	0	0	0	0	0	0	0	0	
0.851	0.259259	-1.35769	0.0967742	3.85715	0.933181	0.373272	1	0	0	0	0	0	0	0	0	
0.852	0.259259	-1.35769	0.0967742	3.85715	0.933181	0.373272	1	0	0	0	0	0	0	0	0	
0.853	0.259259	-1.35769	0.0967742	3.85715	0.933181	0.373272	1	0	0	0	0	0	0	0	0	
0.854	0.259259	-1.35769	0.0967742	3.85715	0.933181	0.373272	1	0	0	0	0	0	0	0	0	
0.855	0.259259	-1.35769	0.0967742	3.85715	0.933181	0.373272	1	0	0	0	0	0	0	0	0	
0.856	0.259259	-1.35769	0.0967742	3.85715	0.933181	0.373272	1	0	0	0	0	0	0	0	0	
0.857	0.259259	-1.35769	0.0967742	3.85715	0.933181	0.373272	1	0	0	0	0	0	0	0	0	
0.858	0.259259	-1.35769	0.0967742	3.85715	0.933181	0.373272	1	0	0	0	0	0	0	0	0	
0.859	0.259259	-1.35769	0.0967742	3.85715	0.933181	0.373272	1	0	0	0	0	0	0	0	0	
0.86	0.259259	-1.35769	0.0967742	3.85715	0.933181	0.373272	1	0	0	0	0	0	0	0	0	
0.861	0.259259	-1.35769	0.0967742	3.85715	0.933181	0.373272	1	0	0	0	0	0	0	0	0	
0.862	0.259259	-1.35769	0.0967742	3.85715	0.933181	0.373272	1	0	0	0	0	0	0	0	0	
0.863	0.259259	-1.35769	0.0967742	3.85715	0.933181	0.373272	1	0	0	0	0	0	0	0	0	
0.864	0.259259	-1.35769	0.0967742	3.85715	0.933181	0.373272	1	0	0	0	0	0	0	0	0	
0.865	0.259259	-1.35769	0.0967742	3.85715	0.933181	0.373272	1	0	0	0	0	0	0	0	0	
0.866	0.259259	-1.35769	0.0967742	3.85715	0.933181	0.373272	1	0	0	0	0	0	0	0	0	
0.867	0.259259	-1.35769	0.0967742	3.85715	0.933181	0.373272	1	0	0	0	0	0	0	0	0	
0.868	0.259259	-1.35769	0.0967742	3.85715	0.933181	0.373272	1	0	0	0	0	0	0	0	0	
0.869	0.259259	-1.35769	0.0967742	3.85715	0.933181	0.373272	1	0	0	0	0	0	0	0	0	
0.87	0.259259	-1.35769	0.0967742	3.85715	0.933181	0.373272	1	0	0	0	0	0	0	0	0	
0.871	0.259259	-1.35769	0.0967742	3.85715	0.933181	0.373272	1	0	0	0	0	0	0	0	0	
0.872	0.259259	-1.35769	0.0967742	3.85715	0.933181	0.373272	1	0	0	0	0	0	0	0	0	
0.873	0.259259	-1.35769	0.0967742	3.85715	0.933181	0.373272	1	0	0	0	0	0	0	0	0	
0.874	0.259259	-1.35769	0.0967742	3.85715	0.933181	0.373272	1	0	0	0	0	0	0	0	0	
0.875	0.259259	-1.35769	0.0967742	3.85715	0.933181	0.373272	1	0	0	0	0	0	0	0	0	
0.876	0.259259	-1.35769	0.0967742	3.85715	0.933181	0.373272	1	0	0	0	0	0	0	0	0	
0.877	0.259259	-1.35769	0.0967742	3.85715	0.933181	0.373272	1	0	0	0	0	0	0	0	0	
0.878	0.259259	-1.35769	0.0967742	3.85715	0.933181	0.373272	1	0	0	0	0	0	0	0	0	
0.879	0.259259	-1.35769	0.0967742	3.85715	0.933181	0.373272	1	0	0	0	0	0	0	0	0	
0.88	0.259259	-1.35769	0.0967742	3.85715	0.933181	0.373272	1	0	0	0	0	0	0	0	0	
0.881	0.259259	-1.35769	0.0967742	3.85715	0.933181	0.373272	1	0	0	0	0	0	0	0	0	
0.882	0.259259	-1.35769	0.0967742	3.85715	0.933181	0.373272	1	0	0	0	0	0	0	0	0	
0.883	0.259259	-1.35769	0.0967742	3.85715	0.933181	0.373272	1	0	0	0	0	0	0	0	0	
0.884	0.259259	-1.35769	0.0967742	3.85715	0.933181	0.373272	1	0	0	0	0	0	0	0	0	
0.885	0.259259	-1.35769	0.0967742	3.85715	0.933181	0.373272	1	0	0	0	0	0	0	0	0	
0.886	0.259259	-1.35769	0.0967742	3.85715	0.933181	0.373272	1	0	0	0	0	0	0	0	0	
0.887	0.259259	-1.35769	0.0967742	3.85715	0.933181	0.373272	1	0	0	0	0	0	0	0	0	
0.888	0.259259	-1.35769	0.0967742	3.85715	0.933181	0.373272	1	0	0	0	0	0	0	0	0	
0.889	0.259259	-1.35769	0.0967742	3.85715	0.933181	0.373272	1	0	0	0	0	0	0	0	0	
0.89	0.259259	-1.35769	0.0967742	3.85715	0.933181	0.373272	1	0	0	0	0	0	0	0	0	
0.891	0.259259	-1.35769	0.0967742	3.85715	0.933181	0.373272	1	0	0	0	0	0	0	0	0	
0.892	0.259259	-1.35769	0.0967742	3.85715	0.933181	0.373272	1	0	0	0	0	0	0	0	0	
0.893	0.259259	-1.35769	0.0967742	3.85715	0.933181	0.373272	1	0	0	0	0	0	0	0	0	
0.894	0.259259	-1.35769	0.0967742	3.85715	0.933181	0.373272	1	0	0	0	0	0	0	0	0	
0.895	0.259259	-1.35769	0.0967742	3.85715	0.933181	0.373272	1	0	0	0	0	0	0	0	0	
0.896	0.259259	-1.35769	0.0967742	3.85715	0.933181	0.373272	1	0	0	0	0	0	0	0	0	
0.897	0.259259	-1.35769	0.0967742	3.85715	0.933181	0.373272	1	0	0	0	0	0	0	0	0	
0.898	0.259259	-1.35769	0.0967742	3.85715	0.933181	0.373272	1	0	0	0	0	0	0	0	0	
0.899	0.259259	-1.35769	0.0967742	3.85715	0.933181	0.373272	1	0	0	0	0	0	0	0	0	
0.9	0.259259	-1.35769	0.0967742	3.85715	0.933181	0.373272	1	0	0	0	0	0	0	0	0	
0.901	0.259259	-1.35769	0.0967742	3.85715	0.933181	0.373272	1	0	0	0	0	0	0	0	0	
0.902	0.259259	-1.35769	0.0967742	3.85715	0.933181	0.373272	1	0	0	0	0	0	0	0	0	
0.903	0.259259	-1.35769	0.0967742	3.85715	0.933181	0.373272	1	0	0	0	0	0	0	0	0	
0.904	0.259259	-1.35769	0.0967742	3.85715	0.933181	0.373272	1	0	0	0	0	0	0	0	0	
0.905	0.259259	-1.35769	0.0967742	3.85715	0.933181	0.373272	1	0	0	0	0	0	0	0	0	
0.906	0.259259	-1.35769	0.0967742	3.85715	0.933181	0.373272	1	0	0	0	0	0	0	0	0	
0.907	0.259259	-1.35769	0.0967742	3.85715	0.933181	0.373272	1	0	0	0	0	0	0	0	0	
0.908	0.259259	-1.35769	0.0967742	3.85715	0.933181	0.373272	1	0	0	0	0	0	0	0	0	
0.909	0.259259	-1.35769	0.0967742	3.85715	0.933181	0.373272	1	0	0	0	0	0	0	0	0	
0.91	0.259259	-1.35769	0.0967742	3.85715	0.933181	0.373272	1	0	0	0	0	0	0	0	0	
0.911	0.259259	-1.35769	0.0967742	3.85715	0.933181	0.373272	1	0	0	0	0	0	0	0	0	
0.912	0.259259	-1.35769	0.0967742	3.85715	0.933181	0.373272	1	0	0	0	0	0	0	0	0	
0.913	0.259259	-1.35769	0.0967742	3.85715	0.933181	0.373272	1	0	0	0	0	0	0	0	0	
0.914	0.259259	-1.35769	0.0967742	3.85715	0.933181	0.373272	1	0	0	0	0	0	0	0	0	
0.915	0.259259	-1.35769	0.0967742	3.85715	0.933181	0.373272	1	0	0	0	0	0	0	0	0	
0.916	0.259259	-1.35769	0.0967742	3.85715	0.933181	0.373272	1	0	0	0	0	0	0	0	0	
0.917	0.259259	-1.35769	0.0967742	3.85715	0.933181	0.373272	1	0	0	0	0	0	0	0	0	
0.918	0.259259	-1.35769	0.0967742	3.85715	0.933181	0.373272	1	0	0	0	0	0	0	0	0	
0.919	0.259259	-1.35769	0.0967742	3.85715	0.933181	0.373272	1	0	0	0	0	0	0	0	0	
0.92	0.259259	-1.35769	0.0967742	3.85715	0.933181	0.373272	1	0	0	0	0	0	0	0	0	
0.921	0.259259	-1.35769	0.0967742	3.85715	0.933181	0.373272	1	0	0	0	0	0	0	0	0	
0.922	0.259259	-1.35769	0.0967742	3.85715	0.933181	0.373272	1	0	0	0	0	0	0	0	0	
0.923	0.259259	-1.35769	0.0967742	3.85715	0.933181	0.373272	1	0	0	0	0	0	0	0	0	
0.924	0.259259	-1.35769	0.0967742	3.85715	0.933181	0.373272	1	0	0	0	0	0	0	0	0	
0.925	0.259259	-1.35769	0.0967742	3.85715	0.933181	0.373272	1	0	0	0	0	0	0	0	0	
0.926	0.259259	-1.35769	0.0967742	3.85715	0.933181	0.373272	1	0	0	0	0	0	0	0	0	
0.927	0.259259	-1.35769	0.0967742	3.85715	0.933181	0.373272	1	0	0	0	0	0	0	0	0	
0.928	0.259259	-1.35769	0.0967742	3.85715	0.933181	0.373272	1	0	0	0	0	0	0	0	0	
0.929	0.259259	-1.35769	0.0967742	3.85715	0.933181	0.373272	1	0	0	0	0	0	0	0	0	
0.93	0.259259	-1.35769	0.0967742	3.85715	0.933181	0.373272	1	0	0	0	0	0	0	0	0	
0.931	0.259259	-1.35769	0.0967742	3.85715	0.933181	0.373272	1	0	0	0	0	0	0	0	0	
0.932	0.259259	-1.35769	0.0967742	3.85715	0.933181	0.373272	1	0	0	0	0	0	0	0	0	
0.933	0.259259	-1.35769	0.0967742	3.85715	0.933181	0.373272	1	0	0	0	0	0	0	0	0	
0.934	0.259259	-1.35769	0.0967742	3.85715	0.933181	0.373272	1	0	0	0	0	0	0	0	0	
0.935	0.259259	-1.35769	0.0967742	3.85715	0.933181	0.373272	1	0	0	0	0	0	0	0	0	
0.936	0.259259	-1.35769	0.0967742	3.85715	0.933181	0.373272	1	0	0	0	0	0	0	0	0	
0.937	0.259259	-1.35769	0.0967742	3.85715	0.933181	0.373272	1	0	0	0	0	0	0	0	0	
0.938	0.259259	-1.35769	0.0967742	3.85715	0.933181	0.373272	1	0	0	0	0	0	0	0	0	
0.939	0.259259	-1.35769	0.0967742	3.85715	0.933181	0.373272	1	0	0	0	0	0	0	0	0	
0.94	0.259259	-1.35769	0.0967742	3.85715	0.933181	0.373272	1	0	0	0	0	0	0	0	0	
0.941	0.259259	-1.35769	0.0967742	3.85715	0.933181	0.373272	1	0	0	0	0	0	0	0	0	
0.942	0.259259	-1.35769	0.0967742	3.85715	0.933181	0.373272	1	0	0	0	0	0	0	0	0	
0.943	0.259259	-1.35769	0.0967742	3.85715	0.933181	0.373272	1	0	0	0	0	0	0	0	0	
0.944	0.259259	-1.35769	0.0967742	3.85715	0.933181	0.373272	1	0	0	0	0	0	0	0	0	
0.945	0.259259	-1.35769	0.0967742	3.85715	0.933181	0.373272	1	0	0	0	0	0	0	0	0	
0.946	0.259259	-1.35769	0.0967742	3.85715	0.933181	0.373272	1	0	0	0	0	0	0	0	0	
0.947	0.259259	-1.35769	0.0967742	3.85715	0.933181	0.373272	1	0	0	0	0	0	0	0	0	
0.948	0.259259	-1.35769	0.0967742	3.85715	0.933181	0.373272	1	0	0	0	0	0	0	0	0	
0.949	0.259259	-1.35769	0.0967742	3.85715	0.933181	0.373272	1	0	0	0	0	0	0	0	0	
0.95	0.259259	-1.35769	0.0967742	3.85715	0.933181	0.373272	1	0	0	0	0	0	0	0	0	
0.951	0.259259	-1.35769	0.0967742	3.85715	0.933181	0.373272	1	0	0	0	0	0	0	0	0	
0.952	0.259259	-1.35769	0.0967742	3.85715	0.933181	0.373272	1	0	0	0	0	0	0	0	0	
0.953	0.259259	-1.35769	0.0967742	3.85715	0.933181	0.373272	1	0	0	0	0	0	0	0	0	
0.954	0.259259	-1.35769	0.0967742	3.85715	0.933181	0.373272	1	0	0	0	0	0	0	0	0	
0.955	0.259259	-1.35769	0.0967742	3.85715	0.933181	0.373272	1	0	0	0	0	0	0	0	0	
0.956	0.259259	-1.35769	0.0967742	3.85715	0.933181	0.373272	1	0	0	0	0	0	0	0	0	
0.957	0.259259	-1.35769	0.0967742	3.85715	0.933181	0.373272	1	0	0	0	0	0	0	0	0	
0.958	0.259259	-1.35769	0.0967742	3.85715	0.933181	0.373272	1	0	0	0	0	0	0	0	0	
0.959	0.259259	-1.35769	0.0967742	3.85715	0.933181	0.373272	1	0	0	0	0	0	0	0	0	
0.96	0.259259	-1.35769	0.0967742	3.85715	0.933181	0.373272	1	0	0	0	0	0	0	0	0	
0.961	0.259259	-1.35769	0.0967742	3.85715	0.933181	0.373272	1	0	0	0	0	0	0	0	0	
0.962	0.259259	-1.35769	0.0967742	3.85715	0.933181	0.373272	1	0	0	0	0	0	0	0	0	
0.963	0.259259	-1.35769	0.0967742	3.85715	0.933181	0.373272	1	0	0	0	0	0	0	0	0	
0.964	0.259259	-1.35769	0.0967742	3.85715	0.933181	0.373272	1	0	0	0	0	0	0	0	0	
0.965	0.259259	-1.35769	0.0967742	3.85715	0.933181	0.373272	1	0	0	0	0	0	0	0	0	
0.966	0.259259	-1.35769	0.0967742	3.85715	0.933181	0.373272	1	0	0	0	0	0	0	0	0	
0.967	0.259259	-1.35769	0.0967742	3.85715	0.933181	0.373272	1	0	0	0	0	0	0	0	0	
0.968	0.259259	-1.35769	0.0967742	3.85715	0.933181	0.373272	1	0	0	0	0	0	0	0	0	
0.969	0.259259	-1.35769	0.0967742	3.85715	0.933181	0.373272	1	0	0	0	0	0	0	0	0	
0.97	0.259259	-1.35769	0.0967742	3.85715	0.933181	0.373272	1	0	0	0	0	0	0	0	0	
0.971	0.259259	-1.35769	0.0967742	3.85715	0.933181	0.373272	1	0	0	0	0	0	0	0	0	
0.972	0.259259	-1.35769	0.0967742	3.85715	0.933181	0.373272	1	0	0	0	0	0	0	0	0	
0.973	0.259259	-1.35769	0.0967742	3.85715	0.933181	0.373272	1	0	0	0	0	0	0	0	0	
0.974	0.259259	-1.35769	0.0967742	3.85715	0.933181	0.373272	1	0	0	0	0	0	0	0	0	
0.975	0.259259	-1.35769	0.0967742	3.85715	0.933181	0.373272	1	0	0	0	0	0	0	0	0	
0.976	0.259259	-1.35769	0.0967742	3.85715	0.933181	0.373272	1	0	0	0	0	0	0	0	0	
0.977	0.259259	-1.35769	0.0967742	3.85715	0.933181	0.373272	1	0	0	0	0	0	0	0	0	
0.978	0.259259	-1.35769	0.0967742	3.85715	0.933181	0.373272	1	0	0	0	0	0	0	0	0	
0.979	0.259259	-1.35769	0.0967742	3.85715	0.933181	0.373272	1	0	0	0	0	0	0	0	0	
0.98	0.259259	-1.35769	0.0967742	3.85715	0.933181	0.373272	1	0	0	0	0	0	0	0	0	
0.981	0.259259	-1.35769	0.0967742	3.85715	0.933181	0.373272	1	0	0	0	0	0	0	0	0	
0.982	0.259259	-1.35769	0.0967742	3.85715	0.933181	0.373272	1	0	0	0	0	0	0	0	0	
0.983	0.259259	-1.35769	0.0967742	3.85715	0.933181	0.373272	1	0	0	0	0	0	0	0	0	
0.984	0.259259	-1.35769	0.0967742	3.85715	0.933181	0.373272	1	0	0	0	0	0	0	0	0	
0.985	0.259259	-1.35769	0.0967742	3.85715	0.933181	0.373272	1	0	0	0	0	0	0	0	0	
0.986	0.259259	-1.35769	0.0967742	3.85715	0.933181	0.373272	1	0	0	0	0	0	0	0	0	
0.987	0.259259	-1.35769	0.0967742	3.85715	0.933181	0.373272	1	0	0	0	0	0	0	0	0	
0.988	0.259259	-1.35769	0.0967742	3.85715	0.933181	0.373272	1	0	0	0	0	0	0	0	0	
0.989	0.259259	-1.35769	0.0967742	3.85715	0.933181	0.373272	1	0	0	0	0	0	0	0	0	
0.99	0.259259	-1.35769	0.0967742	3.85715	0.933181	0.373272	1	0	0	0	0	0	0	0	0	
0.991	0.259259	-1.35769	0.0967742	3.85715	0.933181	0.373272	1	0	0	0	0	0	0	0	0	
0.992	0.259259	-1.35769	0.0967742	3.85715	0.933181	0.373272	1	0	0	0	0	0	0	0	0	
0.993	0.259259	-1.35769	0.0967742	3.85715	0.933181	0.373272	1	0	0	0	0	0	0	0	0	
0.994	0.259259	-1.35769	0.0967742	3.85715	0.933181	0.373272	1	0	0	0	0	0	0	0	0	
0.995	0.259259	-1.35769	0.0967742	3.85715	0.933181	0.373272	1	0	0	0	0	0	0	0	0	
0.996	0.259259	-1.35769	0.0967742	3.85715	0.933181	0.373272	1	0	0	0	0	0	0	0	0	
0.997	0.259259	-1.35769	0.0967742	3.85715	0.933181	0.373272	1	0	0	0	0	0	0	0	0	
0.998	0.259259	-1.35769	0.0967742	3.85715	0.933181	0.373272	1	0	0	0	0	0	0	0	0	
0.999	0.259259	-1.35769	0.0967742	3.85715	0.933181	0.373272	1	0	0	0	0	0	0	0	0	
1	0.259259	-1.35769	0.0967742	3.85715	0.933181	0.373272	1	0	0	0	0	0	0	0	0	
