|||||||||||||||||||||||||||||||||***SIMULATION: detonation***||||||||||||||||||||||||||||||||||
Sanpshot time = 1.04. Timestep = 2265. Run time = 3 seconds
No. of cells = 1000
#Position	 Density	 Velocity	 Pressure	 Specific_Volume I_Energy	 Temperature	 Species
-0.001	0.851391	-0.00177315	1.22611	1.17455	3.60031	0	0.703553	0	0	0	0	0	0	0	0	
0	0.849062	-0.00060545	1.22618	1.17777	3.61039	0	0.70047	0	0	0	0	0	0	0	0	
0.001	0.849062	0.00060545	1.22618	1.17777	3.61039	1.44416	0.70047	0	0	0	0	0	0	0	0	
0.002	0.851391	0.00177315	1.22611	1.17455	3.60031	1.44012	0.703553	0	0	0	0	0	0	0	0	
0.003	0.835834	0.00319282	1.22631	1.19641	3.66794	1.46717	0.682762	0	0	0	0	0	0	0	0	
0.004	0.866052	0.0042693	1.22574	1.15467	3.53829	1.41531	0.722435	0	0	0	0	0	0	0	0	
0.005	0.816892	0.0059565	1.22641	1.22415	3.75327	1.50131	0.656238	0	0	0	0	0	0	0	0	
0.006	0.822097	0.00802423	1.22621	1.2164	3.72891	1.49156	0.663832	0	0	0	0	0	0	0	0	
0.007	0.838412	0.00978341	1.22559	1.19273	3.65449	1.4618	0.686718	0	0	0	0	0	0	0	0	
0.008	0.841897	0.0112902	1.2251	1.18779	3.63791	1.45517	0.691734	0	0	0	0	0	0	0	0	
0.009	0.853915	0.0125298	1.22444	1.17108	3.5848	1.43392	0.707906	0	0	0	0	0	0	0	0	
0.01	0.862848	0.0135011	1.2238	1.15895	3.54582	1.41833	0.719708	0	0	0	0	0	0	0	0	
0.011	0.864447	0.0143496	1.22326	1.15681	3.53769	1.41508	0.722079	0	0	0	0	0	0	0	0	
0.012	0.871258	0.0150762	1.22264	1.14777	3.50827	1.40331	0.73091	0	0	0	0	0	0	0	0	
0.013	0.873612	0.0157126	1.22207	1.14467	3.49719	1.39887	0.734158	0	0	0	0	0	0	0	0	
0.014	0.870679	0.0163659	1.22158	1.14853	3.50756	1.40302	0.730887	0	0	0	0	0	0	0	0	
0.015	0.87216	0.017024	1.22104	1.14658	3.50004	1.40001	0.733056	0	0	0	0	0	0	0	0	
0.016	0.872991	0.0176667	1.22049	1.14549	3.49513	1.39805	0.734427	0	0	0	0	0	0	0	0	
0.017	0.870752	0.0183366	1.21997	1.14843	3.50263	1.40105	0.732023	0	0	0	0	0	0	0	0	
0.018	0.869806	0.0190415	1.21944	1.14968	3.50491	1.40196	0.731211	0	0	0	0	0	0	0	0	
0.019	0.869607	0.0197641	1.21888	1.14995	3.50411	1.40164	0.731331	0	0	0	0	0	0	0	0	
0.02	0.869418	0.020497	1.21831	1.15019	3.50323	1.40129	0.731473	0	0	0	0	0	0	0	0	
0.021	0.869713	0.0212322	1.21772	1.1498	3.50034	1.40014	0.732225	0	0	0	0	0	0	0	0	
0.022	0.869813	0.0219681	1.21712	1.14967	3.49821	1.39929	0.732747	0	0	0	0	0	0	0	0	
0.023	0.870454	0.0226983	1.21649	1.14883	3.49385	1.39754	0.733954	0	0	0	0	0	0	0	0	
0.024	0.871741	0.0234102	1.21585	1.14713	3.48684	1.39474	0.735973	0	0	0	0	0	0	0	0	
0.025	0.872521	0.0241047	1.2152	1.1461	3.48186	1.39274	0.73739	0	0	0	0	0	0	0	0	
0.026	0.873326	0.0247851	1.21453	1.14505	3.47675	1.3907	0.738859	0	0	0	0	0	0	0	0	
0.027	0.874657	0.0254452	1.21385	1.14331	3.46951	1.3878	0.740979	0	0	0	0	0	0	0	0	
0.028	0.875715	0.0260848	1.21316	1.14192	3.46335	1.38534	0.74278	0	0	0	0	0	0	0	0	
0.029	0.87631	0.0267115	1.21247	1.14115	3.45903	1.38361	0.744028	0	0	0	0	0	0	0	0	
0.03	0.876877	0.0273297	1.21177	1.14041	3.45479	1.38192	0.745248	0	0	0	0	0	0	0	0	
0.031	0.877571	0.0279387	1.21106	1.13951	3.45004	1.38001	0.746627	0	0	0	0	0	0	0	0	
0.032	0.878458	0.0285354	1.21034	1.13836	3.4445	1.3778	0.74824	0	0	0	0	0	0	0	0	
0.033	0.879542	0.0291161	1.20961	1.13695	3.43817	1.37527	0.75009	0	0	0	0	0	0	0	0	
0.034	0.880733	0.0296781	1.20887	1.13542	3.43142	1.37257	0.752067	0	0	0	0	0	0	0	0	
0.035	0.881999	0.03022	1.20812	1.13379	3.42437	1.36975	0.75413	0	0	0	0	0	0	0	0	
0.036	0.883273	0.0307412	1.20736	1.13215	3.41729	1.36692	0.756199	0	0	0	0	0	0	0	0	
0.037	0.884501	0.0312427	1.2066	1.13058	3.4104	1.36416	0.758211	0	0	0	0	0	0	0	0	
0.038	0.885745	0.0317249	1.20583	1.12899	3.40345	1.36138	0.760236	0	0	0	0	0	0	0	0	
0.039	0.88702	0.0321878	1.20506	1.12737	3.39638	1.35855	0.762294	0	0	0	0	0	0	0	0	
0.04	0.888337	0.0326311	1.20429	1.1257	3.38917	1.35567	0.764394	0	0	0	0	0	0	0	0	
0.041	0.889783	0.0330535	1.20351	1.12387	3.38148	1.35259	0.766635	0	0	0	0	0	0	0	0	
0.042	0.89132	0.0334538	1.20273	1.12193	3.37346	1.34938	0.768974	0	0	0	0	0	0	0	0	
0.043	0.892755	0.0338326	1.20195	1.12013	3.36585	1.34634	0.771187	0	0	0	0	0	0	0	0	
0.044	0.893956	0.0341934	1.20117	1.11862	3.35915	1.34366	0.773126	0	0	0	0	0	0	0	0	
0.045	0.894897	0.0345406	1.2004	1.11745	3.35346	1.34138	0.774764	0	0	0	0	0	0	0	0	
0.046	0.895535	0.0348792	1.19963	1.11665	3.34892	1.33957	0.776056	0	0	0	0	0	0	0	0	
0.047	0.895845	0.0352147	1.19886	1.11626	3.34562	1.33825	0.776977	0	0	0	0	0	0	0	0	
0.048	0.895998	0.0355507	1.1981	1.11607	3.34292	1.33717	0.777719	0	0	0	0	0	0	0	0	
0.049	0.89635	0.0358867	1.19734	1.11564	3.33948	1.33579	0.778683	0	0	0	0	0	0	0	0	
0.05	0.897178	0.0362169	1.19657	1.11461	3.33426	1.3337	0.780177	0	0	0	0	0	0	0	0	
0.051	0.898473	0.0365343	1.1958	1.113	3.3273	1.33092	0.782187	0	0	0	0	0	0	0	0	
0.052	0.899988	0.0368338	1.19502	1.11113	3.31955	1.32782	0.784433	0	0	0	0	0	0	0	0	
0.053	0.901428	0.037115	1.19425	1.10935	3.31211	1.32484	0.786587	0	0	0	0	0	0	0	0	
0.054	0.902605	0.0373808	1.19348	1.1079	3.30566	1.32226	0.788444	0	0	0	0	0	0	0	0	
0.055	0.903488	0.0376354	1.19272	1.10682	3.30032	1.32013	0.789971	0	0	0	0	0	0	0	0	
0.056	0.904145	0.0378829	1.19196	1.10602	3.29582	1.31833	0.791246	0	0	0	0	0	0	0	0	
0.057	0.904679	0.0381258	1.19121	1.10536	3.2918	1.31672	0.792383	0	0	0	0	0	0	0	0	
0.058	0.905179	0.0383654	1.19046	1.10475	3.28791	1.31516	0.793479	0	0	0	0	0	0	0	0	
0.059	0.905705	0.0386018	1.18971	1.10411	3.28394	1.31358	0.7946	0	0	0	0	0	0	0	0	
0.06	0.906285	0.0388344	1.18897	1.10341	3.27979	1.31191	0.795775	0	0	0	0	0	0	0	0	
0.061	0.906925	0.0390624	1.18823	1.10263	3.27542	1.31017	0.797011	0	0	0	0	0	0	0	0	
0.062	0.907625	0.0392853	1.18749	1.10178	3.27086	1.30834	0.798307	0	0	0	0	0	0	0	0	
0.063	0.908371	0.0395021	1.18675	1.10087	3.26614	1.30646	0.799648	0	0	0	0	0	0	0	0	
0.064	0.909146	0.0397127	1.18601	1.09993	3.26134	1.30454	0.801014	0	0	0	0	0	0	0	0	
0.065	0.909931	0.0399167	1.18528	1.09898	3.25652	1.30261	0.802387	0	0	0	0	0	0	0	0	
0.066	0.910708	0.0401144	1.18455	1.09805	3.25174	1.30069	0.803745	0	0	0	0	0	0	0	0	
0.067	0.911465	0.040306	1.18383	1.09714	3.24705	1.29882	0.805078	0	0	0	0	0	0	0	0	
0.068	0.912199	0.0404919	1.18311	1.09625	3.24245	1.29698	0.806382	0	0	0	0	0	0	0	0	
0.069	0.912914	0.0406724	1.18239	1.09539	3.23795	1.29518	0.80766	0	0	0	0	0	0	0	0	
0.07	0.913601	0.040848	1.18167	1.09457	3.23356	1.29342	0.808905	0	0	0	0	0	0	0	0	
0.071	0.914223	0.0410194	1.18096	1.09383	3.22941	1.29176	0.810076	0	0	0	0	0	0	0	0	
0.072	0.914709	0.0411879	1.18025	1.09324	3.22576	1.29031	0.811104	0	0	0	0	0	0	0	0	
0.073	0.915017	0.0413555	1.17955	1.09288	3.22276	1.2891	0.811943	0	0	0	0	0	0	0	0	
0.074	0.915209	0.0415239	1.17886	1.09265	3.22018	1.28807	0.812659	0	0	0	0	0	0	0	0	
0.075	0.915471	0.0416933	1.17816	1.09233	3.21736	1.28695	0.813443	0	0	0	0	0	0	0	0	
0.076	0.916025	0.0418614	1.17747	1.09167	3.21352	1.28541	0.814525	0	0	0	0	0	0	0	0	
0.077	0.916992	0.0420239	1.17677	1.09052	3.20825	1.2833	0.816026	0	0	0	0	0	0	0	0	
0.078	0.918312	0.0421767	1.17608	1.08895	3.20175	1.2807	0.817881	0	0	0	0	0	0	0	0	
0.079	0.91979	0.0423171	1.17539	1.08721	3.19472	1.27789	0.819889	0	0	0	0	0	0	0	0	
0.08	0.921203	0.042445	1.1747	1.08554	3.18795	1.27518	0.821821	0	0	0	0	0	0	0	0	
0.081	0.922401	0.0425622	1.17401	1.08413	3.18195	1.27278	0.823528	0	0	0	0	0	0	0	0	
0.082	0.923346	0.0426714	1.17333	1.08302	3.17686	1.27074	0.824973	0	0	0	0	0	0	0	0	
0.083	0.924082	0.0427753	1.17266	1.08216	3.1725	1.269	0.826202	0	0	0	0	0	0	0	0	
0.084	0.924685	0.0428756	1.17199	1.08145	3.16863	1.26745	0.827294	0	0	0	0	0	0	0	0	
0.085	0.925223	0.0429735	1.17133	1.08082	3.16499	1.266	0.828317	0	0	0	0	0	0	0	0	
0.086	0.925738	0.0430694	1.17067	1.08022	3.16145	1.26458	0.829311	0	0	0	0	0	0	0	0	
0.087	0.926247	0.0431635	1.17002	1.07963	3.15795	1.26318	0.830296	0	0	0	0	0	0	0	0	
0.088	0.926756	0.0432558	1.16936	1.07903	3.15445	1.26178	0.831277	0	0	0	0	0	0	0	0	
0.089	0.927268	0.0433464	1.16872	1.07844	3.15097	1.26039	0.832257	0	0	0	0	0	0	0	0	
0.09	0.927787	0.043435	1.16807	1.07783	3.14747	1.25899	0.833238	0	0	0	0	0	0	0	0	
0.091	0.928317	0.0435216	1.16743	1.07722	3.14395	1.25758	0.834228	0	0	0	0	0	0	0	0	
0.092	0.928864	0.043606	1.1668	1.07658	3.14039	1.25616	0.835228	0	0	0	0	0	0	0	0	
0.093	0.929428	0.043688	1.16617	1.07593	3.13679	1.25471	0.836242	0	0	0	0	0	0	0	0	
0.094	0.930008	0.0437675	1.16554	1.07526	3.13315	1.25326	0.837266	0	0	0	0	0	0	0	0	
0.095	0.930587	0.0438444	1.16492	1.07459	3.12952	1.25181	0.838285	0	0	0	0	0	0	0	0	
0.096	0.931133	0.0439189	1.1643	1.07396	3.12602	1.25041	0.839268	0	0	0	0	0	0	0	0	
0.097	0.931591	0.0439914	1.16368	1.07343	3.12284	1.24913	0.840163	0	0	0	0	0	0	0	0	
0.098	0.931916	0.0440632	1.16307	1.07306	3.12011	1.24804	0.840927	0	0	0	0	0	0	0	0	
0.099	0.932118	0.0441351	1.16247	1.07283	3.11781	1.24712	0.841571	0	0	0	0	0	0	0	0	
0.1	0.932288	0.044208	1.16187	1.07263	3.11563	1.24625	0.842181	0	0	0	0	0	0	0	0	
0.101	0.932571	0.0442811	1.16127	1.0723	3.11308	1.24523	0.842895	0	0	0	0	0	0	0	0	
0.102	0.93309	0.0443531	1.16067	1.07171	3.10976	1.2439	0.843829	0	0	0	0	0	0	0	0	
0.103	0.933876	0.0444215	1.16008	1.07081	3.10555	1.24222	0.84501	0	0	0	0	0	0	0	0	
0.104	0.934852	0.0444845	1.15949	1.06969	3.10073	1.24029	0.846366	0	0	0	0	0	0	0	0	
0.105	0.935877	0.0445411	1.1589	1.06852	3.09577	1.23831	0.847761	0	0	0	0	0	0	0	0	
0.106	0.936813	0.0445918	1.15832	1.06745	3.09112	1.23645	0.849068	0	0	0	0	0	0	0	0	
0.107	0.937577	0.0446375	1.15774	1.06658	3.08705	1.23482	0.85021	0	0	0	0	0	0	0	0	
0.108	0.93816	0.04468	1.15717	1.06592	3.08361	1.23344	0.851179	0	0	0	0	0	0	0	0	
0.109	0.938606	0.0447206	1.1566	1.06541	3.08063	1.23225	0.852016	0	0	0	0	0	0	0	0	
0.11	0.938982	0.04476	1.15603	1.06498	3.07789	1.23116	0.852785	0	0	0	0	0	0	0	0	
0.111	0.93935	0.0447987	1.15547	1.06457	3.07519	1.23008	0.853544	0	0	0	0	0	0	0	0	
0.112	0.939754	0.0448365	1.15492	1.06411	3.07239	1.22896	0.854331	0	0	0	0	0	0	0	0	
0.113	0.940207	0.0448731	1.15436	1.0636	3.06944	1.22777	0.85516	0	0	0	0	0	0	0	0	
0.114	0.940703	0.0449082	1.15381	1.06303	3.06636	1.22654	0.856024	0	0	0	0	0	0	0	0	
0.115	0.941219	0.0449416	1.15327	1.06245	3.06322	1.22529	0.856902	0	0	0	0	0	0	0	0	
0.116	0.941725	0.0449733	1.15272	1.06188	3.06013	1.22405	0.857769	0	0	0	0	0	0	0	0	
0.117	0.942197	0.0450036	1.15218	1.06135	3.05717	1.22287	0.858601	0	0	0	0	0	0	0	0	
0.118	0.94262	0.0450326	1.15165	1.06087	3.05438	1.22175	0.859385	0	0	0	0	0	0	0	0	
0.119	0.942991	0.045061	1.15111	1.06046	3.05176	1.2207	0.860121	0	0	0	0	0	0	0	0	
0.12	0.943321	0.045089	1.15059	1.06008	3.04929	1.21972	0.860816	0	0	0	0	0	0	0	0	
0.121	0.943624	0.0451169	1.15006	1.05974	3.04692	1.21877	0.861484	0	0	0	0	0	0	0	0	
0.122	0.943909	0.0451449	1.14954	1.05942	3.04462	1.21785	0.862135	0	0	0	0	0	0	0	0	
0.123	0.944191	0.045173	1.14902	1.05911	3.04234	1.21693	0.862779	0	0	0	0	0	0	0	0	
0.124	0.944488	0.0452013	1.1485	1.05878	3.04001	1.216	0.863434	0	0	0	0	0	0	0	0	
0.125	0.944831	0.0452294	1.14799	1.05839	3.03755	1.21502	0.864128	0	0	0	0	0	0	0	0	
0.126	0.945257	0.0452568	1.14748	1.05791	3.03483	1.21393	0.864891	0	0	0	0	0	0	0	0	
0.127	0.945787	0.045283	1.14697	1.05732	3.03178	1.21271	0.865743	0	0	0	0	0	0	0	0	
0.128	0.946417	0.0453071	1.14646	1.05662	3.02843	1.21137	0.866678	0	0	0	0	0	0	0	0	
0.129	0.947103	0.0453288	1.14596	1.05585	3.02491	1.20996	0.867659	0	0	0	0	0	0	0	0	
0.13	0.947784	0.0453477	1.14546	1.05509	3.02141	1.20856	0.868632	0	0	0	0	0	0	0	0	
0.131	0.948403	0.0453643	1.14496	1.0544	3.01813	1.20725	0.869548	0	0	0	0	0	0	0	0	
0.132	0.948926	0.045379	1.14447	1.05382	3.01516	1.20607	0.870376	0	0	0	0	0	0	0	0	
0.133	0.94935	0.0453925	1.14398	1.05335	3.01253	1.20501	0.871117	0	0	0	0	0	0	0	0	
0.134	0.9497	0.0454053	1.14349	1.05296	3.01013	1.20405	0.87179	0	0	0	0	0	0	0	0	
0.135	0.950011	0.045418	1.14301	1.05262	3.00787	1.20315	0.872428	0	0	0	0	0	0	0	0	
0.136	0.950319	0.0454304	1.14253	1.05228	3.00564	1.20225	0.873059	0	0	0	0	0	0	0	0	
0.137	0.950643	0.0454426	1.14205	1.05192	3.00336	1.20134	0.873703	0	0	0	0	0	0	0	0	
0.138	0.95099	0.0454545	1.14157	1.05154	3.00101	1.20041	0.874362	0	0	0	0	0	0	0	0	
0.139	0.951353	0.045466	1.1411	1.05113	2.99863	1.19945	0.875032	0	0	0	0	0	0	0	0	
0.14	0.951717	0.0454769	1.14063	1.05073	2.99626	1.1985	0.875701	0	0	0	0	0	0	0	0	
0.141	0.952072	0.0454873	1.14017	1.05034	2.99392	1.19757	0.876359	0	0	0	0	0	0	0	0	
0.142	0.952416	0.0454974	1.13971	1.04996	2.99162	1.19665	0.877005	0	0	0	0	0	0	0	0	
0.143	0.952754	0.045507	1.13925	1.04959	2.98936	1.19574	0.877644	0	0	0	0	0	0	0	0	
0.144	0.953097	0.0455163	1.13879	1.04921	2.98709	1.19484	0.878284	0	0	0	0	0	0	0	0	
0.145	0.953447	0.0455252	1.13834	1.04883	2.9848	1.19392	0.878928	0	0	0	0	0	0	0	0	
0.146	0.953802	0.0455338	1.13789	1.04844	2.98251	1.19301	0.879572	0	0	0	0	0	0	0	0	
0.147	0.954148	0.045542	1.13744	1.04806	2.98026	1.19211	0.880208	0	0	0	0	0	0	0	0	
0.148	0.954474	0.04555	1.137	1.0477	2.97808	1.19123	0.880824	0	0	0	0	0	0	0	0	
0.149	0.954781	0.0455578	1.13656	1.04736	2.97597	1.19039	0.881421	0	0	0	0	0	0	0	0	
0.15	0.955084	0.0455657	1.13612	1.04703	2.97388	1.18955	0.882014	0	0	0	0	0	0	0	0	
0.151	0.955408	0.0455735	1.13569	1.04667	2.97173	1.18869	0.882621	0	0	0	0	0	0	0	0	
0.152	0.955776	0.045581	1.13525	1.04627	2.96946	1.18778	0.883261	0	0	0	0	0	0	0	0	
0.153	0.956193	0.0455881	1.13482	1.04581	2.96703	1.18681	0.88394	0	0	0	0	0	0	0	0	
0.154	0.956649	0.0455944	1.13439	1.04532	2.9645	1.1858	0.884647	0	0	0	0	0	0	0	0	
0.155	0.957119	0.0455999	1.13397	1.0448	2.96193	1.18477	0.885363	0	0	0	0	0	0	0	0	
0.156	0.957572	0.0456046	1.13354	1.04431	2.95942	1.18377	0.886063	0	0	0	0	0	0	0	0	
0.157	0.957987	0.0456086	1.13312	1.04386	2.95704	1.18282	0.886729	0	0	0	0	0	0	0	0	
0.158	0.958354	0.0456122	1.13271	1.04346	2.95482	1.18193	0.887354	0	0	0	0	0	0	0	0	
0.159	0.958681	0.0456157	1.13229	1.0431	2.95273	1.18109	0.887945	0	0	0	0	0	0	0	0	
0.16	0.958984	0.0456191	1.13188	1.04277	2.95072	1.18029	0.888514	0	0	0	0	0	0	0	0	
0.161	0.959282	0.0456227	1.13147	1.04245	2.94873	1.17949	0.889078	0	0	0	0	0	0	0	0	
0.162	0.959587	0.0456263	1.13106	1.04211	2.94673	1.17869	0.889645	0	0	0	0	0	0	0	0	
0.163	0.959902	0.0456299	1.13065	1.04177	2.9447	1.17788	0.890217	0	0	0	0	0	0	0	0	
0.164	0.960219	0.0456335	1.13025	1.04143	2.94268	1.17707	0.890789	0	0	0	0	0	0	0	0	
0.165	0.960533	0.045637	1.12984	1.04109	2.94067	1.17627	0.891357	0	0	0	0	0	0	0	0	
0.166	0.96084	0.0456405	1.12945	1.04076	2.93869	1.17548	0.891917	0	0	0	0	0	0	0	0	
0.167	0.961141	0.0456439	1.12905	1.04043	2.93674	1.1747	0.89247	0	0	0	0	0	0	0	0	
0.168	0.961443	0.0456473	1.12865	1.0401	2.93479	1.17391	0.893023	0	0	0	0	0	0	0	0	
0.169	0.961752	0.0456507	1.12826	1.03977	2.93282	1.17313	0.893579	0	0	0	0	0	0	0	0	
0.17	0.96207	0.0456539	1.12787	1.03942	2.93084	1.17234	0.894139	0	0	0	0	0	0	0	0	
0.171	0.962397	0.045657	1.12748	1.03907	2.92883	1.17153	0.894705	0	0	0	0	0	0	0	0	
0.172	0.962729	0.0456598	1.12709	1.03871	2.92682	1.17073	0.895272	0	0	0	0	0	0	0	0	
0.173	0.963065	0.0456623	1.12671	1.03835	2.9248	1.16992	0.895841	0	0	0	0	0	0	0	0	
0.174	0.963403	0.0456646	1.12633	1.03799	2.92278	1.16911	0.89641	0	0	0	0	0	0	0	0	
0.175	0.963738	0.0456665	1.12595	1.03763	2.92078	1.16831	0.896973	0	0	0	0	0	0	0	0	
0.176	0.964062	0.0456682	1.12557	1.03728	2.91881	1.16753	0.897527	0	0	0	0	0	0	0	0	
0.177	0.964366	0.0456696	1.12519	1.03695	2.91692	1.16677	0.898064	0	0	0	0	0	0	0	0	
0.178	0.964647	0.0456708	1.12482	1.03665	2.9151	1.16604	0.89858	0	0	0	0	0	0	0	0	
0.179	0.964903	0.045672	1.12444	1.03637	2.91336	1.16534	0.899077	0	0	0	0	0	0	0	0	
0.18	0.965143	0.0456732	1.12407	1.03612	2.91167	1.16467	0.89956	0	0	0	0	0	0	0	0	
0.181	0.965377	0.0456744	1.12371	1.03586	2.91002	1.16401	0.900036	0	0	0	0	0	0	0	0	
0.182	0.965617	0.0456757	1.12334	1.03561	2.90835	1.16334	0.900515	0	0	0	0	0	0	0	0	
0.183	0.965871	0.0456768	1.12298	1.03533	2.90664	1.16266	0.901003	0	0	0	0	0	0	0	0	
0.184	0.966145	0.0456777	1.12261	1.03504	2.90488	1.16195	0.901504	0	0	0	0	0	0	0	0	
0.185	0.966439	0.0456782	1.12225	1.03473	2.90306	1.16123	0.902018	0	0	0	0	0	0	0	0	
0.186	0.966749	0.0456783	1.1219	1.03439	2.90121	1.16048	0.902543	0	0	0	0	0	0	0	0	
0.187	0.96707	0.0456778	1.12154	1.03405	2.89932	1.15973	0.903073	0	0	0	0	0	0	0	0	
0.188	0.967394	0.0456766	1.12119	1.0337	2.89744	1.15898	0.903604	0	0	0	0	0	0	0	0	
0.189	0.967715	0.0456749	1.12083	1.03336	2.89557	1.15823	0.904131	0	0	0	0	0	0	0	0	
0.19	0.968028	0.0456724	1.12049	1.03303	2.89373	1.15749	0.90465	0	0	0	0	0	0	0	0	
0.191	0.96833	0.0456693	1.12014	1.03271	2.89193	1.15677	0.905158	0	0	0	0	0	0	0	0	
0.192	0.968619	0.0456656	1.11979	1.0324	2.89018	1.15607	0.905656	0	0	0	0	0	0	0	0	
0.193	0.968895	0.0456614	1.11945	1.0321	2.88848	1.15539	0.906142	0	0	0	0	0	0	0	0	
0.194	0.969158	0.0456566	1.11911	1.03182	2.88681	1.15473	0.906617	0	0	0	0	0	0	0	0	
0.195	0.969409	0.0456514	1.11877	1.03156	2.8852	1.15408	0.907081	0	0	0	0	0	0	0	0	
0.196	0.969649	0.0456459	1.11844	1.0313	2.88362	1.15345	0.907536	0	0	0	0	0	0	0	0	
0.197	0.969882	0.04564	1.1181	1.03105	2.88206	1.15283	0.907983	0	0	0	0	0	0	0	0	
0.198	0.970114	0.0456339	1.11777	1.03081	2.88052	1.15221	0.90843	0	0	0	0	0	0	0	0	
0.199	0.970356	0.0456276	1.11744	1.03055	2.87895	1.15158	0.908881	0	0	0	0	0	0	0	0	
0.2	0.970616	0.0456209	1.11712	1.03027	2.87734	1.15094	0.909343	0	0	0	0	0	0	0	0	
0.201	0.970897	0.045614	1.11679	1.02998	2.87567	1.15027	0.909819	0	0	0	0	0	0	0	0	
0.202	0.971196	0.0456068	1.11647	1.02966	2.87394	1.14958	0.910306	0	0	0	0	0	0	0	0	
0.203	0.971504	0.0455992	1.11614	1.02933	2.8722	1.14888	0.910798	0	0	0	0	0	0	0	0	
0.204	0.97181	0.0455914	1.11582	1.02901	2.87047	1.14819	0.911287	0	0	0	0	0	0	0	0	
0.205	0.972103	0.0455835	1.1155	1.0287	2.86878	1.14751	0.911765	0	0	0	0	0	0	0	0	
0.206	0.972377	0.0455755	1.11518	1.02841	2.86715	1.14686	0.91223	0	0	0	0	0	0	0	0	
0.207	0.972634	0.0455676	1.11486	1.02814	2.86558	1.14623	0.91268	0	0	0	0	0	0	0	0	
0.208	0.972876	0.0455599	1.11455	1.02788	2.86405	1.14562	0.913119	0	0	0	0	0	0	0	0	
0.209	0.973109	0.0455526	1.11423	1.02763	2.86256	1.14502	0.91355	0	0	0	0	0	0	0	0	
0.21	0.973338	0.0455456	1.11392	1.02739	2.86108	1.14443	0.913978	0	0	0	0	0	0	0	0	
0.211	0.973567	0.0455391	1.1136	1.02715	2.8596	1.14384	0.914404	0	0	0	0	0	0	0	0	
0.212	0.973797	0.045533	1.11329	1.02691	2.85812	1.14325	0.914831	0	0	0	0	0	0	0	0	
0.213	0.97403	0.0455274	1.11298	1.02666	2.85663	1.14265	0.915258	0	0	0	0	0	0	0	0	
0.214	0.974265	0.0455222	1.11267	1.02641	2.85514	1.14206	0.915686	0	0	0	0	0	0	0	0	
0.215	0.974502	0.0455175	1.11236	1.02617	2.85365	1.14146	0.916113	0	0	0	0	0	0	0	0	
0.216	0.974738	0.0455131	1.11205	1.02592	2.85217	1.14087	0.91654	0	0	0	0	0	0	0	0	
0.217	0.974974	0.0455091	1.11174	1.02567	2.85069	1.14027	0.916965	0	0	0	0	0	0	0	0	
0.218	0.975205	0.0455054	1.11143	1.02543	2.84922	1.13969	0.917386	0	0	0	0	0	0	0	0	
0.219	0.975426	0.045502	1.11112	1.02519	2.84778	1.13911	0.917799	0	0	0	0	0	0	0	0	
0.22	0.975631	0.0454989	1.11081	1.02498	2.8464	1.13856	0.918201	0	0	0	0	0	0	0	0	
0.221	0.975811	0.0454961	1.11051	1.02479	2.84509	1.13804	0.918585	0	0	0	0	0	0	0	0	
0.222	0.975967	0.0454936	1.11021	1.02462	2.84386	1.13754	0.918951	0	0	0	0	0	0	0	0	
0.223	0.976108	0.0454914	1.1099	1.02448	2.84268	1.13707	0.919306	0	0	0	0	0	0	0	0	
0.224	0.976255	0.0454895	1.1096	1.02432	2.84147	1.13659	0.919665	0	0	0	0	0	0	0	0	
0.225	0.976438	0.0454877	1.1093	1.02413	2.84017	1.13607	0.920045	0	0	0	0	0	0	0	0	
0.226	0.976679	0.0454857	1.109	1.02388	2.83871	1.13548	0.920463	0	0	0	0	0	0	0	0	
0.227	0.976986	0.0454832	1.10871	1.02356	2.83706	1.13482	0.920922	0	0	0	0	0	0	0	0	
0.228	0.977344	0.0454801	1.10841	1.02318	2.83526	1.13411	0.921415	0	0	0	0	0	0	0	0	
0.229	0.977726	0.045476	1.10812	1.02278	2.83341	1.13336	0.921921	0	0	0	0	0	0	0	0	
0.23	0.978097	0.0454711	1.10783	1.02239	2.83159	1.13263	0.922419	0	0	0	0	0	0	0	0	
0.231	0.978431	0.0454652	1.10754	1.02204	2.82988	1.13195	0.92289	0	0	0	0	0	0	0	0	
0.232	0.978712	0.0454587	1.10725	1.02175	2.82833	1.13133	0.923326	0	0	0	0	0	0	0	0	
0.233	0.978942	0.0454516	1.10696	1.02151	2.82694	1.13077	0.923727	0	0	0	0	0	0	0	0	
0.234	0.979132	0.0454441	1.10668	1.02131	2.82566	1.13027	0.924101	0	0	0	0	0	0	0	0	
0.235	0.979298	0.0454365	1.1064	1.02114	2.82447	1.12979	0.924458	0	0	0	0	0	0	0	0	
0.236	0.979456	0.0454287	1.10612	1.02098	2.8233	1.12932	0.924808	0	0	0	0	0	0	0	0	
0.237	0.979617	0.0454208	1.10584	1.02081	2.82212	1.12885	0.925159	0	0	0	0	0	0	0	0	
0.238	0.979789	0.0454128	1.10556	1.02063	2.82092	1.12837	0.925515	0	0	0	0	0	0	0	0	
0.239	0.979974	0.0454047	1.10529	1.02044	2.81969	1.12788	0.925879	0	0	0	0	0	0	0	0	
0.24	0.980171	0.0453965	1.10501	1.02023	2.81842	1.12737	0.926249	0	0	0	0	0	0	0	0	
0.241	0.980377	0.0453883	1.10474	1.02002	2.81714	1.12686	0.926624	0	0	0	0	0	0	0	0	
0.242	0.980589	0.04538	1.10447	1.0198	2.81584	1.12634	0.927001	0	0	0	0	0	0	0	0	
0.243	0.980803	0.0453717	1.1042	1.01957	2.81454	1.12582	0.927379	0	0	0	0	0	0	0	0	
0.244	0.981013	0.0453635	1.10394	1.01935	2.81325	1.1253	0.927753	0	0	0	0	0	0	0	0	
0.245	0.981216	0.0453553	1.10367	1.01914	2.81199	1.1248	0.928122	0	0	0	0	0	0	0	0	
0.246	0.981405	0.0453473	1.1034	1.01895	2.81077	1.12431	0.928481	0	0	0	0	0	0	0	0	
0.247	0.98158	0.0453395	1.10314	1.01877	2.8096	1.12384	0.92883	0	0	0	0	0	0	0	0	
0.248	0.981746	0.045332	1.10287	1.01859	2.80845	1.12338	0.929174	0	0	0	0	0	0	0	0	
0.249	0.981916	0.0453248	1.10261	1.01842	2.8073	1.12292	0.929518	0	0	0	0	0	0	0	0	
0.25	0.982102	0.0453179	1.10235	1.01822	2.8061	1.12244	0.929872	0	0	0	0	0	0	0	0	
0.251	0.982316	0.0453111	1.10209	1.018	2.80482	1.12193	0.930241	0	0	0	0	0	0	0	0	
0.252	0.982558	0.0453044	1.10183	1.01775	2.80347	1.12139	0.930627	0	0	0	0	0	0	0	0	
0.253	0.98282	0.0452977	1.10157	1.01748	2.80207	1.12083	0.931024	0	0	0	0	0	0	0	0	
0.254	0.983088	0.0452908	1.10131	1.0172	2.80065	1.12026	0.931423	0	0	0	0	0	0	0	0	
0.255	0.983348	0.0452838	1.10106	1.01693	2.79925	1.1197	0.931816	0	0	0	0	0	0	0	0	
0.256	0.98359	0.0452766	1.1008	1.01668	2.79792	1.11917	0.932198	0	0	0	0	0	0	0	0	
0.257	0.983811	0.0452694	1.10055	1.01646	2.79664	1.11866	0.932566	0	0	0	0	0	0	0	0	
0.258	0.984014	0.045262	1.10029	1.01625	2.79542	1.11817	0.932922	0	0	0	0	0	0	0	0	
0.259	0.984206	0.0452545	1.10004	1.01605	2.79423	1.11769	0.93327	0	0	0	0	0	0	0	0	
0.26	0.984392	0.0452469	1.09979	1.01586	2.79307	1.11723	0.933614	0	0	0	0	0	0	0	0	
0.261	0.984576	0.0452392	1.09954	1.01567	2.79191	1.11677	0.933955	0	0	0	0	0	0	0	0	
0.262	0.984761	0.0452313	1.09929	1.01547	2.79076	1.1163	0.934296	0	0	0	0	0	0	0	0	
0.263	0.984947	0.0452231	1.09905	1.01528	2.78961	1.11584	0.934636	0	0	0	0	0	0	0	0	
0.264	0.985133	0.0452148	1.0988	1.01509	2.78846	1.11538	0.934976	0	0	0	0	0	0	0	0	
0.265	0.98532	0.0452061	1.09856	1.0149	2.78731	1.11492	0.935315	0	0	0	0	0	0	0	0	
0.266	0.985507	0.0451972	1.09832	1.01471	2.78617	1.11447	0.935652	0	0	0	0	0	0	0	0	
0.267	0.985691	0.045188	1.09807	1.01452	2.78504	1.11401	0.935988	0	0	0	0	0	0	0	0	
0.268	0.985869	0.0451786	1.09784	1.01433	2.78393	1.11357	0.936318	0	0	0	0	0	0	0	0	
0.269	0.986032	0.045169	1.0976	1.01417	2.78286	1.11315	0.93664	0	0	0	0	0	0	0	0	
0.27	0.986174	0.0451592	1.09736	1.01402	2.78186	1.11275	0.936948	0	0	0	0	0	0	0	0	
0.271	0.986294	0.0451494	1.09713	1.0139	2.78093	1.11237	0.937243	0	0	0	0	0	0	0	0	
0.272	0.9864	0.0451397	1.09689	1.01379	2.78004	1.11202	0.937529	0	0	0	0	0	0	0	0	
0.273	0.986513	0.04513	1.09666	1.01367	2.77913	1.11165	0.937817	0	0	0	0	0	0	0	0	
0.274	0.986658	0.0451205	1.09643	1.01352	2.77814	1.11125	0.938123	0	0	0	0	0	0	0	0	
0.275	0.986856	0.045111	1.0962	1.01332	2.77699	1.1108	0.938459	0	0	0	0	0	0	0	0	
0.276	0.987114	0.0451015	1.09597	1.01305	2.77568	1.11027	0.938827	0	0	0	0	0	0	0	0	
0.277	0.987418	0.0450918	1.09574	1.01274	2.77425	1.1097	0.93922	0	0	0	0	0	0	0	0	
0.278	0.987742	0.0450819	1.09551	1.01241	2.77276	1.1091	0.939624	0	0	0	0	0	0	0	0	
0.279	0.988055	0.0450719	1.09528	1.01209	2.7713	1.10852	0.940021	0	0	0	0	0	0	0	0	
0.28	0.988332	0.045062	1.09505	1.01181	2.76995	1.10798	0.940397	0	0	0	0	0	0	0	0	
0.281	0.988563	0.0450523	1.09482	1.01157	2.76872	1.10749	0.940747	0	0	0	0	0	0	0	0	
0.282	0.98875	0.045043	1.0946	1.01138	2.76762	1.10705	0.941072	0	0	0	0	0	0	0	0	
0.283	0.988904	0.0450343	1.09437	1.01122	2.76662	1.10665	0.941377	0	0	0	0	0	0	0	0	
0.284	0.989038	0.0450264	1.09414	1.01108	2.76567	1.10627	0.941672	0	0	0	0	0	0	0	0	
0.285	0.989164	0.0450193	1.09391	1.01095	2.76474	1.1059	0.941962	0	0	0	0	0	0	0	0	
0.286	0.989293	0.045013	1.09368	1.01082	2.7638	1.10552	0.942253	0	0	0	0	0	0	0	0	
0.287	0.98943	0.0450075	1.09346	1.01068	2.76284	1.10514	0.942547	0	0	0	0	0	0	0	0	
0.288	0.989575	0.0450029	1.09323	1.01054	2.76186	1.10474	0.942846	0	0	0	0	0	0	0	0	
0.289	0.989726	0.0449991	1.093	1.01038	2.76086	1.10434	0.943148	0	0	0	0	0	0	0	0	
0.29	0.989883	0.0449961	1.09277	1.01022	2.75984	1.10394	0.943453	0	0	0	0	0	0	0	0	
0.291	0.990044	0.0449938	1.09254	1.01006	2.75882	1.10353	0.94376	0	0	0	0	0	0	0	0	
0.292	0.990204	0.0449921	1.09231	1.00989	2.75779	1.10312	0.944065	0	0	0	0	0	0	0	0	
0.293	0.990358	0.0449911	1.09208	1.00974	2.75678	1.10271	0.944368	0	0	0	0	0	0	0	0	
0.294	0.990502	0.0449906	1.09185	1.00959	2.7558	1.10232	0.944664	0	0	0	0	0	0	0	0	
0.295	0.990636	0.0449905	1.09162	1.00945	2.75485	1.10194	0.944955	0	0	0	0	0	0	0	0	
0.296	0.990766	0.0449909	1.09139	1.00932	2.75391	1.10156	0.945243	0	0	0	0	0	0	0	0	
0.297	0.990905	0.0449915	1.09116	1.00918	2.75295	1.10118	0.945536	0	0	0	0	0	0	0	0	
0.298	0.991067	0.0449923	1.09094	1.00901	2.75193	1.10077	0.945839	0	0	0	0	0	0	0	0	
0.299	0.991257	0.044993	1.09071	1.00882	2.75083	1.10033	0.946156	0	0	0	0	0	0	0	0	
0.3	0.991471	0.0449935	1.09048	1.0086	2.74966	1.09986	0.946485	0	0	0	0	0	0	0	0	
0.301	0.991695	0.0449936	1.09026	1.00837	2.74847	1.09939	0.946818	0	0	0	0	0	0	0	0	
0.302	0.991916	0.0449932	1.09004	1.00815	2.7473	1.09892	0.947149	0	0	0	0	0	0	0	0	
0.303	0.992119	0.0449922	1.08981	1.00794	2.74617	1.09847	0.947469	0	0	0	0	0	0	0	0	
0.304	0.992302	0.0449907	1.08959	1.00776	2.74511	1.09805	0.947778	0	0	0	0	0	0	0	0	
0.305	0.992463	0.0449885	1.08937	1.00759	2.74412	1.09765	0.948075	0	0	0	0	0	0	0	0	
0.306	0.992606	0.0449858	1.08916	1.00745	2.74318	1.09727	0.948362	0	0	0	0	0	0	0	0	
0.307	0.992737	0.0449823	1.08894	1.00732	2.74227	1.09691	0.948641	0	0	0	0	0	0	0	0	
0.308	0.992862	0.0449783	1.08873	1.00719	2.74139	1.09656	0.948917	0	0	0	0	0	0	0	0	
0.309	0.99299	0.0449735	1.08852	1.00706	2.74051	1.0962	0.949193	0	0	0	0	0	0	0	0	
0.31	0.993125	0.044968	1.08831	1.00692	2.73961	1.09584	0.949472	0	0	0	0	0	0	0	0	
0.311	0.993271	0.0449618	1.0881	1.00677	2.73868	1.09547	0.949755	0	0	0	0	0	0	0	0	
0.312	0.993427	0.0449548	1.0879	1.00662	2.73774	1.09509	0.950041	0	0	0	0	0	0	0	0	
0.313	0.993592	0.0449471	1.08769	1.00645	2.73677	1.09471	0.950331	0	0	0	0	0	0	0	0	
0.314	0.993765	0.0449387	1.08749	1.00627	2.73579	1.09432	0.950624	0	0	0	0	0	0	0	0	
0.315	0.993946	0.0449297	1.08729	1.00609	2.73479	1.09392	0.95092	0	0	0	0	0	0	0	0	
0.316	0.994132	0.04492	1.0871	1.0059	2.73378	1.09351	0.951218	0	0	0	0	0	0	0	0	
0.317	0.994324	0.0449098	1.0869	1.00571	2.73276	1.0931	0.951516	0	0	0	0	0	0	0	0	
0.318	0.994517	0.0448991	1.08671	1.00551	2.73174	1.0927	0.951815	0	0	0	0	0	0	0	0	
0.319	0.994714	0.0448881	1.08651	1.00531	2.73071	1.09229	0.952114	0	0	0	0	0	0	0	0	
0.32	0.994914	0.0448769	1.08632	1.00511	2.72968	1.09187	0.952414	0	0	0	0	0	0	0	0	
0.321	0.995123	0.0448656	1.08613	1.0049	2.72863	1.09145	0.952718	0	0	0	0	0	0	0	0	
0.322	0.995346	0.0448544	1.08594	1.00468	2.72754	1.09101	0.953026	0	0	0	0	0	0	0	0	
0.323	0.995587	0.0448432	1.08575	1.00443	2.72639	1.09056	0.953343	0	0	0	0	0	0	0	0	
0.324	0.995851	0.0448323	1.08555	1.00417	2.72519	1.09008	0.95367	0	0	0	0	0	0	0	0	
0.325	0.996134	0.0448216	1.08536	1.00388	2.72394	1.08958	0.954004	0	0	0	0	0	0	0	0	
0.326	0.996428	0.0448113	1.08517	1.00358	2.72266	1.08906	0.954342	0	0	0	0	0	0	0	0	
0.327	0.996717	0.0448014	1.08498	1.00329	2.72139	1.08856	0.954678	0	0	0	0	0	0	0	0	
0.328	0.996981	0.0447922	1.08479	1.00303	2.72018	1.08807	0.955002	0	0	0	0	0	0	0	0	
0.329	0.997203	0.0447836	1.0846	1.0028	2.7191	1.08764	0.955306	0	0	0	0	0	0	0	0	
0.33	0.99737	0.0447759	1.0844	1.00264	2.71816	1.08726	0.955584	0	0	0	0	0	0	0	0	
0.331	0.997479	0.0447692	1.08421	1.00253	2.71738	1.08695	0.955837	0	0	0	0	0	0	0	0	
0.332	0.997543	0.0447636	1.08402	1.00246	2.71672	1.08669	0.956068	0	0	0	0	0	0	0	0	
0.333	0.99758	0.044759	1.08382	1.00243	2.71613	1.08645	0.956288	0	0	0	0	0	0	0	0	
0.334	0.997611	0.0447555	1.08363	1.0024	2.71556	1.08622	0.956504	0	0	0	0	0	0	0	0	
0.335	0.997644	0.0447528	1.08343	1.00236	2.71498	1.08599	0.956722	0	0	0	0	0	0	0	0	
0.336	0.997682	0.0447509	1.08324	1.00232	2.71439	1.08575	0.956942	0	0	0	0	0	0	0	0	
0.337	0.997727	0.0447496	1.08304	1.00228	2.71378	1.08551	0.957165	0	0	0	0	0	0	0	0	
0.338	0.997781	0.0447486	1.08285	1.00222	2.71314	1.08526	0.957391	0	0	0	0	0	0	0	0	
0.339	0.997852	0.0447478	1.08266	1.00215	2.71247	1.08499	0.957625	0	0	0	0	0	0	0	0	
0.34	0.997943	0.0447469	1.08246	1.00206	2.71174	1.08469	0.957867	0	0	0	0	0	0	0	0	
0.341	0.998048	0.0447457	1.08227	1.00196	2.71097	1.08439	0.958115	0	0	0	0	0	0	0	0	
0.342	0.998151	0.0447442	1.08208	1.00185	2.71022	1.08409	0.958362	0	0	0	0	0	0	0	0	
0.343	0.998238	0.0447421	1.08189	1.00177	2.70951	1.0838	0.958601	0	0	0	0	0	0	0	0	
0.344	0.998305	0.0447394	1.08171	1.0017	2.70886	1.08354	0.958831	0	0	0	0	0	0	0	0	
0.345	0.998365	0.0447362	1.08152	1.00164	2.70823	1.08329	0.959057	0	0	0	0	0	0	0	0	
0.346	0.998443	0.0447322	1.08134	1.00156	2.70756	1.08303	0.95929	0	0	0	0	0	0	0	0	
0.347	0.998565	0.0447275	1.08116	1.00144	2.70678	1.08271	0.959541	0	0	0	0	0	0	0	0	
0.348	0.998753	0.0447219	1.08098	1.00125	2.70582	1.08233	0.959818	0	0	0	0	0	0	0	0	
0.349	0.999007	0.0447154	1.0808	1.00099	2.70469	1.08187	0.960122	0	0	0	0	0	0	0	0	
0.35	0.999302	0.0447079	1.08062	1.0007	2.70345	1.08138	0.960442	0	0	0	0	0	0	0	0	
0.351	0.999597	0.0446994	1.08045	1.0004	2.70221	1.08088	0.960761	0	0	0	0	0	0	0	0	
0.352	0.999851	0.0446902	1.08027	1.00015	2.70109	1.08044	0.961062	0	0	0	0	0	0	0	0	
0.353	1.00004	0.0446805	1.0801	0.999962	2.70015	1.08006	0.961336	0	0	0	0	0	0	0	0	
0.354	1.00016	0.0446706	1.07993	0.999836	2.69938	1.07975	0.961583	0	0	0	0	0	0	0	0	
0.355	1.00026	0.0446607	1.07976	0.999743	2.6987	1.07948	0.961817	0	0	0	0	0	0	0	0	
0.356	1.00035	0.0446511	1.07959	0.999651	2.69803	1.07921	0.962049	0	0	0	0	0	0	0	0	
0.357	1.00045	0.0446419	1.07942	0.999547	2.69732	1.07893	0.962285	0	0	0	0	0	0	0	0	
0.358	1.00056	0.0446332	1.07925	0.999438	2.6966	1.07864	0.962524	0	0	0	0	0	0	0	0	
0.359	1.00066	0.0446252	1.07908	0.999341	2.69591	1.07837	0.962758	0	0	0	0	0	0	0	0	
0.36	1.00074	0.0446181	1.07891	0.999263	2.69528	1.07811	0.962984	0	0	0	0	0	0	0	0	
0.361	1.00081	0.044612	1.07873	0.999193	2.69466	1.07786	0.963208	0	0	0	0	0	0	0	0	
0.362	1.00089	0.044607	1.07856	0.999108	2.694	1.0776	0.963436	0	0	0	0	0	0	0	0	
0.363	1.00101	0.0446031	1.07839	0.998995	2.69326	1.0773	0.963676	0	0	0	0	0	0	0	0	
0.364	1.00114	0.0446003	1.07821	0.99886	2.69245	1.07698	0.963925	0	0	0	0	0	0	0	0	
0.365	1.00127	0.0445986	1.07804	0.998729	2.69166	1.07666	0.964172	0	0	0	0	0	0	0	0	
0.366	1.00137	0.0445981	1.07786	0.998628	2.69095	1.07638	0.964408	0	0	0	0	0	0	0	0	
0.367	1.00143	0.0445987	1.07768	0.998567	2.69034	1.07614	0.964629	0	0	0	0	0	0	0	0	
0.368	1.00147	0.0446005	1.0775	0.998533	2.6898	1.07592	0.96484	0	0	0	0	0	0	0	0	
0.369	1.00151	0.0446034	1.07732	0.998495	2.68925	1.0757	0.965052	0	0	0	0	0	0	0	0	
0.37	1.00158	0.0446071	1.07714	0.998423	2.68861	1.07544	0.965276	0	0	0	0	0	0	0	0	
0.371	1.00171	0.0446115	1.07696	0.998297	2.68782	1.07513	0.96552	0	0	0	0	0	0	0	0	
0.372	1.0019	0.0446161	1.07678	0.998105	2.68685	1.07474	0.965789	0	0	0	0	0	0	0	0	
0.373	1.00215	0.0446206	1.0766	0.997855	2.68572	1.07429	0.966079	0	0	0	0	0	0	0	0	
0.374	1.00244	0.0446248	1.07642	0.997568	2.68451	1.0738	0.966381	0	0	0	0	0	0	0	0	
0.375	1.00272	0.0446283	1.07624	0.99729	2.68331	1.07332	0.96668	0	0	0	0	0	0	0	0	
0.376	1.00294	0.0446311	1.07606	0.99707	2.68228	1.07291	0.966957	0	0	0	0	0	0	0	0	
0.377	1.00306	0.044633	1.07589	0.996945	2.6815	1.0726	0.967199	0	0	0	0	0	0	0	0	
0.378	1.0031	0.0446342	1.07571	0.996914	2.68099	1.07239	0.967406	0	0	0	0	0	0	0	0	
0.379	1.00308	0.0446346	1.07554	0.99693	2.6806	1.07224	0.967595	0	0	0	0	0	0	0	0	
0.38	1.00308	0.0446341	1.07537	0.996925	2.68017	1.07207	0.96779	0	0	0	0	0	0	0	0	
0.381	1.00317	0.0446326	1.07521	0.996841	2.67953	1.07181	0.968011	0	0	0	0	0	0	0	0	
0.382	1.00334	0.0446299	1.07504	0.996668	2.67865	1.07146	0.968264	0	0	0	0	0	0	0	0	
0.383	1.00357	0.0446258	1.07488	0.996445	2.67764	1.07106	0.968534	0	0	0	0	0	0	0	0	
0.384	1.00378	0.0446205	1.07472	0.996236	2.67668	1.07067	0.968799	0	0	0	0	0	0	0	0	
0.385	1.00392	0.0446141	1.07456	0.996092	2.6759	1.07036	0.969041	0	0	0	0	0	0	0	0	
0.386	1.004	0.0446069	1.0744	0.996018	2.67531	1.07013	0.969257	0	0	0	0	0	0	0	0	
0.387	1.00404	0.0445991	1.07425	0.995975	2.67481	1.06992	0.969462	0	0	0	0	0	0	0	0	
0.388	1.00411	0.0445907	1.0741	0.995903	2.67424	1.0697	0.969676	0	0	0	0	0	0	0	0	
0.389	1.00425	0.0445819	1.07394	0.995766	2.67349	1.0694	0.969911	0	0	0	0	0	0	0	0	
0.39	1.00445	0.0445727	1.07379	0.995573	2.6726	1.06904	0.970164	0	0	0	0	0	0	0	0	
0.391	1.00465	0.044563	1.07364	0.995375	2.67169	1.06868	0.97042	0	0	0	0	0	0	0	0	
0.392	1.00479	0.0445531	1.07349	0.99523	2.67093	1.06837	0.970657	0	0	0	0	0	0	0	0	
0.393	1.00486	0.044543	1.07335	0.995165	2.67039	1.06816	0.970868	0	0	0	0	0	0	0	0	
0.394	1.00486	0.044533	1.0732	0.995159	2.67001	1.068	0.971059	0	0	0	0	0	0	0	0	
0.395	1.00486	0.0445231	1.07305	0.99516	2.66965	1.06786	0.971247	0	0	0	0	0	0	0	0	
0.396	1.0049	0.0445133	1.07291	0.995126	2.66919	1.06768	0.971446	0	0	0	0	0	0	0	0	
0.397	1.00498	0.0445036	1.07276	0.995042	2.66861	1.06744	0.971661	0	0	0	0	0	0	0	0	
0.398	1.0051	0.044494	1.07262	0.994923	2.66793	1.06717	0.971886	0	0	0	0	0	0	0	0	
0.399	1.00524	0.0444845	1.07247	0.994789	2.66721	1.06689	0.972117	0	0	0	0	0	0	0	0	
0.4	1.00539	0.0444753	1.07233	0.994642	2.66646	1.06658	0.972352	0	0	0	0	0	0	0	0	
0.401	1.00557	0.0444665	1.07219	0.994463	2.66562	1.06625	0.972595	0	0	0	0	0	0	0	0	
0.402	1.0058	0.0444582	1.07204	0.99423	2.66464	1.06585	0.972855	0	0	0	0	0	0	0	0	
0.403	1.00609	0.0444506	1.07189	0.993944	2.66351	1.0654	0.973131	0	0	0	0	0	0	0	0	
0.404	1.00639	0.0444438	1.07175	0.993646	2.66235	1.06494	0.973411	0	0	0	0	0	0	0	0	
0.405	1.00664	0.0444381	1.0716	0.993404	2.66133	1.06453	0.973674	0	0	0	0	0	0	0	0	
0.406	1.00677	0.0444339	1.07145	0.993278	2.66062	1.06425	0.973902	0	0	0	0	0	0	0	0	
0.407	1.00676	0.0444316	1.0713	0.993288	2.66027	1.06411	0.974088	0	0	0	0	0	0	0	0	
0.408	1.00665	0.0444315	1.07114	0.993395	2.66017	1.06407	0.974246	0	0	0	0	0	0	0	0	
0.409	1.00652	0.0444337	1.07099	0.993517	2.66011	1.06404	0.974398	0	0	0	0	0	0	0	0	
0.41	1.00647	0.0444381	1.07083	0.993567	2.65985	1.06394	0.974572	0	0	0	0	0	0	0	0	
0.411	1.00656	0.0444443	1.07067	0.993481	2.65922	1.06369	0.974787	0	0	0	0	0	0	0	0	
0.412	1.0068	0.0444519	1.0705	0.993249	2.6582	1.06328	0.975044	0	0	0	0	0	0	0	0	
0.413	1.00713	0.0444603	1.07034	0.992923	2.65692	1.06277	0.975329	0	0	0	0	0	0	0	0	
0.414	1.00746	0.044469	1.07018	0.992599	2.65564	1.06226	0.975614	0	0	0	0	0	0	0	0	
0.415	1.00768	0.044478	1.07001	0.992374	2.65463	1.06185	0.975871	0	0	0	0	0	0	0	0	
0.416	1.00776	0.044487	1.06985	0.992301	2.65403	1.06161	0.976084	0	0	0	0	0	0	0	0	
0.417	1.00771	0.0444959	1.06968	0.992354	2.65376	1.0615	0.97626	0	0	0	0	0	0	0	0	
0.418	1.00762	0.0445047	1.06952	0.992438	2.65358	1.06143	0.976427	0	0	0	0	0	0	0	0	
0.419	1.00761	0.0445129	1.06936	0.992452	2.65322	1.06129	0.976612	0	0	0	0	0	0	0	0	
0.42	1.00771	0.0445202	1.0692	0.992352	2.65256	1.06102	0.976828	0	0	0	0	0	0	0	0	
0.421	1.00789	0.0445262	1.06904	0.992176	2.6517	1.06068	0.977065	0	0	0	0	0	0	0	0	
0.422	1.00805	0.0445309	1.06889	0.992013	2.65088	1.06035	0.977298	0	0	0	0	0	0	0	0	
0.423	1.00813	0.0445342	1.06874	0.991937	2.6503	1.06012	0.977509	0	0	0	0	0	0	0	0	
0.424	1.00811	0.0445362	1.06859	0.991957	2.64998	1.05999	0.977692	0	0	0	0	0	0	0	0	
0.425	1.00804	0.0445372	1.06844	0.992021	2.64979	1.05991	0.977863	0	0	0	0	0	0	0	0	
0.426	1.00801	0.0445371	1.06829	0.99205	2.6495	1.0598	0.978043	0	0	0	0	0	0	0	0	
0.427	1.00809	0.0445359	1.06815	0.991978	2.64896	1.05958	0.978248	0	0	0	0	0	0	0	0	
0.428	1.00829	0.0445335	1.06801	0.991774	2.64806	1.05922	0.978486	0	0	0	0	0	0	0	0	
0.429	1.00862	0.0445296	1.06787	0.99145	2.64685	1.05874	0.978755	0	0	0	0	0	0	0	0	
0.43	1.00903	0.0445244	1.06773	0.991054	2.64545	1.05818	0.979041	0	0	0	0	0	0	0	0	
0.431	1.00942	0.0445179	1.0676	0.990663	2.64407	1.05763	0.979325	0	0	0	0	0	0	0	0	
0.432	1.00972	0.0445102	1.06746	0.990373	2.64296	1.05718	0.979584	0	0	0	0	0	0	0	0	
0.433	1.00984	0.044502	1.06733	0.990258	2.64232	1.05693	0.979799	0	0	0	0	0	0	0	0	
0.434	1.00976	0.0444936	1.06719	0.990333	2.64219	1.05688	0.979966	0	0	0	0	0	0	0	0	
0.435	1.00955	0.0444856	1.06706	0.990543	2.64242	1.05697	0.9801	0	0	0	0	0	0	0	0	
0.436	1.0093	0.0444781	1.06693	0.990783	2.64274	1.0571	0.980227	0	0	0	0	0	0	0	0	
0.437	1.00913	0.0444714	1.0668	0.990949	2.64285	1.05714	0.980371	0	0	0	0	0	0	0	0	
0.438	1.00911	0.0444652	1.06666	0.990974	2.64259	1.05704	0.980549	0	0	0	0	0	0	0	0	
0.439	1.00923	0.0444595	1.06653	0.99085	2.64193	1.05677	0.980762	0	0	0	0	0	0	0	0	
0.44	1.00946	0.044454	1.0664	0.990626	2.64101	1.0564	0.981	0	0	0	0	0	0	0	0	
0.441	1.00972	0.0444486	1.06627	0.990375	2.64001	1.056	0.981244	0	0	0	0	0	0	0	0	
0.442	1.00994	0.0444433	1.06613	0.990155	2.63909	1.05564	0.98148	0	0	0	0	0	0	0	0	
0.443	1.01012	0.0444379	1.066	0.989983	2.63831	1.05532	0.981706	0	0	0	0	0	0	0	0	
0.444	1.01026	0.0444325	1.06587	0.989842	2.6376	1.05504	0.981923	0	0	0	0	0	0	0	0	
0.445	1.0104	0.0444269	1.06574	0.98971	2.63692	1.05477	0.982138	0	0	0	0	0	0	0	0	
0.446	1.01054	0.0444211	1.0656	0.989573	2.63623	1.05449	0.982353	0	0	0	0	0	0	0	0	
0.447	1.01069	0.0444147	1.06547	0.989425	2.63552	1.05421	0.98257	0	0	0	0	0	0	0	0	
0.448	1.01085	0.0444079	1.06534	0.989262	2.63476	1.0539	0.98279	0	0	0	0	0	0	0	0	
0.449	1.01104	0.0444005	1.06522	0.989076	2.63395	1.05358	0.983013	0	0	0	0	0	0	0	0	
0.45	1.01126	0.0443925	1.06509	0.988861	2.63306	1.05322	0.983242	0	0	0	0	0	0	0	0	
0.451	1.01152	0.0443842	1.06496	0.988611	2.63208	1.05283	0.983477	0	0	0	0	0	0	0	0	
0.452	1.01181	0.0443757	1.06483	0.988329	2.63102	1.05241	0.983718	0	0	0	0	0	0	0	0	
0.453	1.0121	0.0443674	1.06471	0.98804	2.62993	1.05197	0.983959	0	0	0	0	0	0	0	0	
0.454	1.01235	0.0443598	1.06458	0.987797	2.62897	1.05159	0.984191	0	0	0	0	0	0	0	0	
0.455	1.01248	0.0443534	1.06445	0.98767	2.62831	1.05132	0.9844	0	0	0	0	0	0	0	0	
0.456	1.01244	0.0443491	1.06432	0.98771	2.62809	1.05124	0.984577	0	0	0	0	0	0	0	0	
0.457	1.01223	0.0443475	1.06418	0.987921	2.62832	1.05133	0.984721	0	0	0	0	0	0	0	0	
0.458	1.0119	0.0443492	1.06405	0.988244	2.62884	1.05154	0.984844	0	0	0	0	0	0	0	0	
0.459	1.01156	0.0443544	1.0639	0.988571	2.62936	1.05175	0.984967	0	0	0	0	0	0	0	0	
0.46	1.01133	0.0443631	1.06376	0.988797	2.62961	1.05184	0.98511	0	0	0	0	0	0	0	0	
0.461	1.01126	0.0443749	1.06361	0.988862	2.62941	1.05177	0.985285	0	0	0	0	0	0	0	0	
0.462	1.01136	0.0443894	1.06346	0.988768	2.62879	1.05151	0.98549	0	0	0	0	0	0	0	0	
0.463	1.01157	0.0444061	1.0633	0.988562	2.62786	1.05114	0.985716	0	0	0	0	0	0	0	0	
0.464	1.01184	0.0444243	1.06315	0.988301	2.62677	1.05071	0.985953	0	0	0	0	0	0	0	0	
0.465	1.01213	0.0444436	1.06299	0.988013	2.62561	1.05025	0.986193	0	0	0	0	0	0	0	0	
0.466	1.01248	0.0444634	1.06283	0.987679	2.62433	1.04973	0.98644	0	0	0	0	0	0	0	0	
0.467	1.01288	0.044483	1.06267	0.987286	2.62289	1.04916	0.986695	0	0	0	0	0	0	0	0	
0.468	1.01328	0.0445019	1.06251	0.98689	2.62145	1.04858	0.986949	0	0	0	0	0	0	0	0	
0.469	1.01357	0.0445193	1.06235	0.986612	2.62032	1.04813	0.987184	0	0	0	0	0	0	0	0	
0.47	1.01361	0.044535	1.0622	0.986577	2.61985	1.04794	0.987377	0	0	0	0	0	0	0	0	
0.471	1.01335	0.0445485	1.06205	0.986824	2.62014	1.04805	0.987525	0	0	0	0	0	0	0	0	
0.472	1.01294	0.0445595	1.0619	0.987229	2.62086	1.04834	0.987646	0	0	0	0	0	0	0	0	
0.473	1.01259	0.0445675	1.06177	0.987571	2.62142	1.04857	0.987776	0	0	0	0	0	0	0	0	
0.474	1.01248	0.044572	1.06163	0.987676	2.62137	1.04855	0.987944	0	0	0	0	0	0	0	0	
0.475	1.01266	0.0445723	1.06151	0.987496	2.62059	1.04823	0.988155	0	0	0	0	0	0	0	0	
0.476	1.0131	0.0445684	1.06139	0.987067	2.61915	1.04766	0.988403	0	0	0	0	0	0	0	0	
0.477	1.0137	0.0445606	1.06127	0.986485	2.61732	1.04693	0.988673	0	0	0	0	0	0	0	0	
0.478	1.01429	0.0445499	1.06116	0.985909	2.61552	1.04621	0.98894	0	0	0	0	0	0	0	0	
0.479	1.01469	0.0445375	1.06105	0.985519	2.61421	1.04568	0.989179	0	0	0	0	0	0	0	0	
0.48	1.01478	0.0445252	1.06094	0.985438	2.61373	1.04549	0.989374	0	0	0	0	0	0	0	0	
0.481	1.01452	0.0445146	1.06083	0.985686	2.61411	1.04565	0.989523	0	0	0	0	0	0	0	0	
0.482	1.01405	0.0445072	1.06072	0.986148	2.61506	1.04602	0.989643	0	0	0	0	0	0	0	0	
0.483	1.01357	0.0445037	1.0606	0.986608	2.61599	1.0464	0.989764	0	0	0	0	0	0	0	0	
0.484	1.01331	0.0445039	1.06048	0.98687	2.61638	1.04655	0.989913	0	0	0	0	0	0	0	0	
0.485	1.01323	0.0445071	1.06035	0.986939	2.61625	1.0465	0.990089	0	0	0	0	0	0	0	0	
0.486	1.01332	0.0445121	1.06022	0.986857	2.61572	1.04629	0.990285	0	0	0	0	0	0	0	0	
0.487	1.01364	0.0445174	1.0601	0.986541	2.61457	1.04583	0.99051	0	0	0	0	0	0	0	0	
0.488	1.01423	0.0445215	1.05997	0.985971	2.61274	1.0451	0.990765	0	0	0	0	0	0	0	0	
0.489	1.01489	0.044523	1.05984	0.985325	2.61072	1.04429	0.991028	0	0	0	0	0	0	0	0	
0.49	1.01538	0.0445214	1.05972	0.984849	2.60916	1.04367	0.99127	0	0	0	0	0	0	0	0	
0.491	1.01562	0.0445168	1.05961	0.984621	2.60827	1.04331	0.99148	0	0	0	0	0	0	0	0	
0.492	1.0157	0.0445095	1.05949	0.984547	2.6078	1.04312	0.991671	0	0	0	0	0	0	0	0	
0.493	1.0157	0.0445005	1.05938	0.984545	2.60753	1.04301	0.991853	0	0	0	0	0	0	0	0	
0.494	1.01565	0.0444907	1.05928	0.984593	2.60739	1.04296	0.992031	0	0	0	0	0	0	0	0	
0.495	1.01547	0.0444813	1.05917	0.984768	2.60759	1.04304	0.992196	0	0	0	0	0	0	0	0	
0.496	1.01509	0.0444736	1.05906	0.985137	2.6083	1.04332	0.992342	0	0	0	0	0	0	0	0	
0.497	1.01468	0.0444687	1.05895	0.985534	2.60908	1.04363	0.992487	0	0	0	0	0	0	0	0	
0.498	1.01452	0.0444674	1.05884	0.985688	2.6092	1.04368	0.992656	0	0	0	0	0	0	0	0	
0.499	1.01469	0.0444698	1.05872	0.985525	2.60848	1.04339	0.992857	0	0	0	0	0	0	0	0	
0.5	1.01504	0.044476	1.05859	0.985187	2.60727	1.04291	0.993075	0	0	0	0	0	0	0	0	
0.501	1.01538	0.0444857	1.05846	0.984848	2.60605	1.04242	0.993293	0	0	0	0	0	0	0	0	
0.502	1.01574	0.0444982	1.05832	0.984508	2.60482	1.04193	0.99351	0	0	0	0	0	0	0	0	
0.503	1.0161	0.0445119	1.05818	0.984151	2.60353	1.04141	0.993727	0	0	0	0	0	0	0	0	
0.504	1.01639	0.0445246	1.05805	0.98387	2.60245	1.04098	0.993936	0	0	0	0	0	0	0	0	
0.505	1.01655	0.0445343	1.05791	0.983724	2.60174	1.0407	0.994132	0	0	0	0	0	0	0	0	
0.506	1.01675	0.044539	1.05779	0.983529	2.60091	1.04037	0.994331	0	0	0	0	0	0	0	0	
0.507	1.01703	0.0445375	1.05767	0.983253	2.5999	1.03996	0.994535	0	0	0	0	0	0	0	0	
0.508	1.01721	0.04453	1.05757	0.983085	2.59919	1.03968	0.99473	0	0	0	0	0	0	0	0	
0.509	1.01718	0.0445183	1.05746	0.983111	2.59901	1.0396	0.99491	0	0	0	0	0	0	0	0	
0.51	1.01702	0.044505	1.05737	0.983269	2.59919	1.03968	0.995083	0	0	0	0	0	0	0	0	
0.511	1.01649	0.044493	1.05727	0.983782	2.6003	1.04012	0.995234	0	0	0	0	0	0	0	0	
0.512	1.0158	0.0444843	1.05717	0.984447	2.60181	1.04072	0.995378	0	0	0	0	0	0	0	0	
0.513	1.01551	0.0444803	1.05706	0.98473	2.6023	1.04092	0.995547	0	0	0	0	0	0	0	0	
0.514	1.01574	0.0444809	1.05695	0.984508	2.60143	1.04057	0.995747	0	0	0	0	0	0	0	0	
0.515	1.01621	0.0444835	1.05683	0.984047	2.59993	1.03997	0.995961	0	0	0	0	0	0	0	0	
0.516	1.01614	0.0444868	1.05671	0.98412	2.59983	1.03993	0.996146	0	0	0	0	0	0	0	0	
0.517	1.01636	0.0444958	1.05659	0.983903	2.59895	1.03958	0.996344	0	0	0	0	0	0	0	0	
0.518	1.01695	0.044516	1.05645	0.983334	2.5971	1.03884	0.996558	0	0	0	0	0	0	0	0	
0.519	1.01737	0.0445369	1.0563	0.982928	2.59567	1.03827	0.996764	0	0	0	0	0	0	0	0	
0.52	1.01753	0.0445393	1.05618	0.982774	2.59498	1.03799	0.996957	0	0	0	0	0	0	0	0	
0.521	1.01747	0.044537	1.05607	0.982835	2.59487	1.03795	0.997139	0	0	0	0	0	0	0	0	
0.522	1.0175	0.0445584	1.05593	0.982799	2.59442	1.03777	0.997326	0	0	0	0	0	0	0	0	
0.523	1.01775	0.0445557	1.05582	0.982558	2.59352	1.03741	0.997519	0	0	0	0	0	0	0	0	
0.524	1.01794	0.0444623	1.05584	0.982372	2.59308	1.03723	0.997708	0	0	0	0	0	0	0	0	
0.525	1.01792	0.044405	1.05582	0.982391	2.59306	1.03722	0.997891	0	0	0	0	0	0	0	0	
0.526	1.01772	0.0445884	1.05544	0.982589	2.59266	1.03706	0.998076	0	0	0	0	0	0	0	0	
0.527	1.01785	0.0446856	1.05519	0.98246	2.59169	1.03668	0.998267	0	0	0	0	0	0	0	0	
0.528	1.01883	0.0442496	1.05571	0.981519	2.59049	1.0362	0.998463	0	0	0	0	0	0	0	0	
0.529	1.0189	0.0440724	1.05585	0.981451	2.59067	1.03627	0.998646	0	0	0	0	0	0	0	0	
0.53	1.01751	0.0451456	1.05419	0.982787	2.5901	1.03604	0.998827	0	0	0	0	0	0	0	0	
0.531	1.0168	0.0458533	1.05305	0.98348	2.58914	1.03565	0.999013	0	0	0	0	0	0	0	0	
0.532	1.0211	0.0428074	1.05736	0.979341	2.58878	1.03551	0.999212	0	0	0	0	0	0	0	0	
0.533	1.02189	0.0418572	1.05847	0.97858	2.58948	1.03579	0.999394	0	0	0	0	0	0	0	0	
0.534	1.01353	0.0478331	1.04746	0.986647	2.58368	1.03347	0.999574	0	0	0	0	0	0	0	0	
0.535	1.0026	0.0380059	1.03199	0.997409	2.57329	1.02932	0.999759	0	0	0	0	0	0	0	0	
0.536	0.946521	-0.0714165	0.949503	1.0565	2.50788	1.00315	0.999915	0	0	0	0	0	0	0	0	
0.537	0.801148	-0.236682	0.747821	1.24821	2.33359	0.933436	0.999986	0	0	0	0	0	0	0	0	
0.538	0.280816	-1.25058	0.12744	3.56105	1.13455	0.45382	1	0	0	0	0	0	0	0	0	
0.539	0.259259	-1.35769	0.0967742	3.85715	0.933181	0.373272	1	0	0	0	0	0	0	0	0	
0.54	0.259259	-1.35769	0.0967742	3.85715	0.933181	0.373272	1	0	0	0	0	0	0	0	0	
0.541	0.259259	-1.35769	0.0967742	3.85715	0.933181	0.373272	1	0	0	0	0	0	0	0	0	
0.542	0.259259	-1.35769	0.0967742	3.85715	0.933181	0.373272	1	0	0	0	0	0	0	0	0	
0.543	0.259259	-1.35769	0.0967742	3.85715	0.933181	0.373272	1	0	0	0	0	0	0	0	0	
0.544	0.259259	-1.35769	0.0967742	3.85715	0.933181	0.373272	1	0	0	0	0	0	0	0	0	
0.545	0.259259	-1.35769	0.0967742	3.85715	0.933181	0.373272	1	0	0	0	0	0	0	0	0	
0.546	0.259259	-1.35769	0.0967742	3.85715	0.933181	0.373272	1	0	0	0	0	0	0	0	0	
0.547	0.259259	-1.35769	0.0967742	3.85715	0.933181	0.373272	1	0	0	0	0	0	0	0	0	
0.548	0.259259	-1.35769	0.0967742	3.85715	0.933181	0.373272	1	0	0	0	0	0	0	0	0	
0.549	0.259259	-1.35769	0.0967742	3.85715	0.933181	0.373272	1	0	0	0	0	0	0	0	0	
0.55	0.259259	-1.35769	0.0967742	3.85715	0.933181	0.373272	1	0	0	0	0	0	0	0	0	
0.551	0.259259	-1.35769	0.0967742	3.85715	0.933181	0.373272	1	0	0	0	0	0	0	0	0	
0.552	0.259259	-1.35769	0.0967742	3.85715	0.933181	0.373272	1	0	0	0	0	0	0	0	0	
0.553	0.259259	-1.35769	0.0967742	3.85715	0.933181	0.373272	1	0	0	0	0	0	0	0	0	
0.554	0.259259	-1.35769	0.0967742	3.85715	0.933181	0.373272	1	0	0	0	0	0	0	0	0	
0.555	0.259259	-1.35769	0.0967742	3.85715	0.933181	0.373272	1	0	0	0	0	0	0	0	0	
0.556	0.259259	-1.35769	0.0967742	3.85715	0.933181	0.373272	1	0	0	0	0	0	0	0	0	
0.557	0.259259	-1.35769	0.0967742	3.85715	0.933181	0.373272	1	0	0	0	0	0	0	0	0	
0.558	0.259259	-1.35769	0.0967742	3.85715	0.933181	0.373272	1	0	0	0	0	0	0	0	0	
0.559	0.259259	-1.35769	0.0967742	3.85715	0.933181	0.373272	1	0	0	0	0	0	0	0	0	
0.56	0.259259	-1.35769	0.0967742	3.85715	0.933181	0.373272	1	0	0	0	0	0	0	0	0	
0.561	0.259259	-1.35769	0.0967742	3.85715	0.933181	0.373272	1	0	0	0	0	0	0	0	0	
0.562	0.259259	-1.35769	0.0967742	3.85715	0.933181	0.373272	1	0	0	0	0	0	0	0	0	
0.563	0.259259	-1.35769	0.0967742	3.85715	0.933181	0.373272	1	0	0	0	0	0	0	0	0	
0.564	0.259259	-1.35769	0.0967742	3.85715	0.933181	0.373272	1	0	0	0	0	0	0	0	0	
0.565	0.259259	-1.35769	0.0967742	3.85715	0.933181	0.373272	1	0	0	0	0	0	0	0	0	
0.566	0.259259	-1.35769	0.0967742	3.85715	0.933181	0.373272	1	0	0	0	0	0	0	0	0	
0.567	0.259259	-1.35769	0.0967742	3.85715	0.933181	0.373272	1	0	0	0	0	0	0	0	0	
0.568	0.259259	-1.35769	0.0967742	3.85715	0.933181	0.373272	1	0	0	0	0	0	0	0	0	
0.569	0.259259	-1.35769	0.0967742	3.85715	0.933181	0.373272	1	0	0	0	0	0	0	0	0	
0.57	0.259259	-1.35769	0.0967742	3.85715	0.933181	0.373272	1	0	0	0	0	0	0	0	0	
0.571	0.259259	-1.35769	0.0967742	3.85715	0.933181	0.373272	1	0	0	0	0	0	0	0	0	
0.572	0.259259	-1.35769	0.0967742	3.85715	0.933181	0.373272	1	0	0	0	0	0	0	0	0	
0.573	0.259259	-1.35769	0.0967742	3.85715	0.933181	0.373272	1	0	0	0	0	0	0	0	0	
0.574	0.259259	-1.35769	0.0967742	3.85715	0.933181	0.373272	1	0	0	0	0	0	0	0	0	
0.575	0.259259	-1.35769	0.0967742	3.85715	0.933181	0.373272	1	0	0	0	0	0	0	0	0	
0.576	0.259259	-1.35769	0.0967742	3.85715	0.933181	0.373272	1	0	0	0	0	0	0	0	0	
0.577	0.259259	-1.35769	0.0967742	3.85715	0.933181	0.373272	1	0	0	0	0	0	0	0	0	
0.578	0.259259	-1.35769	0.0967742	3.85715	0.933181	0.373272	1	0	0	0	0	0	0	0	0	
0.579	0.259259	-1.35769	0.0967742	3.85715	0.933181	0.373272	1	0	0	0	0	0	0	0	0	
0.58	0.259259	-1.35769	0.0967742	3.85715	0.933181	0.373272	1	0	0	0	0	0	0	0	0	
0.581	0.259259	-1.35769	0.0967742	3.85715	0.933181	0.373272	1	0	0	0	0	0	0	0	0	
0.582	0.259259	-1.35769	0.0967742	3.85715	0.933181	0.373272	1	0	0	0	0	0	0	0	0	
0.583	0.259259	-1.35769	0.0967742	3.85715	0.933181	0.373272	1	0	0	0	0	0	0	0	0	
0.584	0.259259	-1.35769	0.0967742	3.85715	0.933181	0.373272	1	0	0	0	0	0	0	0	0	
0.585	0.259259	-1.35769	0.0967742	3.85715	0.933181	0.373272	1	0	0	0	0	0	0	0	0	
0.586	0.259259	-1.35769	0.0967742	3.85715	0.933181	0.373272	1	0	0	0	0	0	0	0	0	
0.587	0.259259	-1.35769	0.0967742	3.85715	0.933181	0.373272	1	0	0	0	0	0	0	0	0	
0.588	0.259259	-1.35769	0.0967742	3.85715	0.933181	0.373272	1	0	0	0	0	0	0	0	0	
0.589	0.259259	-1.35769	0.0967742	3.85715	0.933181	0.373272	1	0	0	0	0	0	0	0	0	
0.59	0.259259	-1.35769	0.0967742	3.85715	0.933181	0.373272	1	0	0	0	0	0	0	0	0	
0.591	0.259259	-1.35769	0.0967742	3.85715	0.933181	0.373272	1	0	0	0	0	0	0	0	0	
0.592	0.259259	-1.35769	0.0967742	3.85715	0.933181	0.373272	1	0	0	0	0	0	0	0	0	
0.593	0.259259	-1.35769	0.0967742	3.85715	0.933181	0.373272	1	0	0	0	0	0	0	0	0	
0.594	0.259259	-1.35769	0.0967742	3.85715	0.933181	0.373272	1	0	0	0	0	0	0	0	0	
0.595	0.259259	-1.35769	0.0967742	3.85715	0.933181	0.373272	1	0	0	0	0	0	0	0	0	
0.596	0.259259	-1.35769	0.0967742	3.85715	0.933181	0.373272	1	0	0	0	0	0	0	0	0	
0.597	0.259259	-1.35769	0.0967742	3.85715	0.933181	0.373272	1	0	0	0	0	0	0	0	0	
0.598	0.259259	-1.35769	0.0967742	3.85715	0.933181	0.373272	1	0	0	0	0	0	0	0	0	
0.599	0.259259	-1.35769	0.0967742	3.85715	0.933181	0.373272	1	0	0	0	0	0	0	0	0	
0.6	0.259259	-1.35769	0.0967742	3.85715	0.933181	0.373272	1	0	0	0	0	0	0	0	0	
0.601	0.259259	-1.35769	0.0967742	3.85715	0.933181	0.373272	1	0	0	0	0	0	0	0	0	
0.602	0.259259	-1.35769	0.0967742	3.85715	0.933181	0.373272	1	0	0	0	0	0	0	0	0	
0.603	0.259259	-1.35769	0.0967742	3.85715	0.933181	0.373272	1	0	0	0	0	0	0	0	0	
0.604	0.259259	-1.35769	0.0967742	3.85715	0.933181	0.373272	1	0	0	0	0	0	0	0	0	
0.605	0.259259	-1.35769	0.0967742	3.85715	0.933181	0.373272	1	0	0	0	0	0	0	0	0	
0.606	0.259259	-1.35769	0.0967742	3.85715	0.933181	0.373272	1	0	0	0	0	0	0	0	0	
0.607	0.259259	-1.35769	0.0967742	3.85715	0.933181	0.373272	1	0	0	0	0	0	0	0	0	
0.608	0.259259	-1.35769	0.0967742	3.85715	0.933181	0.373272	1	0	0	0	0	0	0	0	0	
0.609	0.259259	-1.35769	0.0967742	3.85715	0.933181	0.373272	1	0	0	0	0	0	0	0	0	
0.61	0.259259	-1.35769	0.0967742	3.85715	0.933181	0.373272	1	0	0	0	0	0	0	0	0	
0.611	0.259259	-1.35769	0.0967742	3.85715	0.933181	0.373272	1	0	0	0	0	0	0	0	0	
0.612	0.259259	-1.35769	0.0967742	3.85715	0.933181	0.373272	1	0	0	0	0	0	0	0	0	
0.613	0.259259	-1.35769	0.0967742	3.85715	0.933181	0.373272	1	0	0	0	0	0	0	0	0	
0.614	0.259259	-1.35769	0.0967742	3.85715	0.933181	0.373272	1	0	0	0	0	0	0	0	0	
0.615	0.259259	-1.35769	0.0967742	3.85715	0.933181	0.373272	1	0	0	0	0	0	0	0	0	
0.616	0.259259	-1.35769	0.0967742	3.85715	0.933181	0.373272	1	0	0	0	0	0	0	0	0	
0.617	0.259259	-1.35769	0.0967742	3.85715	0.933181	0.373272	1	0	0	0	0	0	0	0	0	
0.618	0.259259	-1.35769	0.0967742	3.85715	0.933181	0.373272	1	0	0	0	0	0	0	0	0	
0.619	0.259259	-1.35769	0.0967742	3.85715	0.933181	0.373272	1	0	0	0	0	0	0	0	0	
0.62	0.259259	-1.35769	0.0967742	3.85715	0.933181	0.373272	1	0	0	0	0	0	0	0	0	
0.621	0.259259	-1.35769	0.0967742	3.85715	0.933181	0.373272	1	0	0	0	0	0	0	0	0	
0.622	0.259259	-1.35769	0.0967742	3.85715	0.933181	0.373272	1	0	0	0	0	0	0	0	0	
0.623	0.259259	-1.35769	0.0967742	3.85715	0.933181	0.373272	1	0	0	0	0	0	0	0	0	
0.624	0.259259	-1.35769	0.0967742	3.85715	0.933181	0.373272	1	0	0	0	0	0	0	0	0	
0.625	0.259259	-1.35769	0.0967742	3.85715	0.933181	0.373272	1	0	0	0	0	0	0	0	0	
0.626	0.259259	-1.35769	0.0967742	3.85715	0.933181	0.373272	1	0	0	0	0	0	0	0	0	
0.627	0.259259	-1.35769	0.0967742	3.85715	0.933181	0.373272	1	0	0	0	0	0	0	0	0	
0.628	0.259259	-1.35769	0.0967742	3.85715	0.933181	0.373272	1	0	0	0	0	0	0	0	0	
0.629	0.259259	-1.35769	0.0967742	3.85715	0.933181	0.373272	1	0	0	0	0	0	0	0	0	
0.63	0.259259	-1.35769	0.0967742	3.85715	0.933181	0.373272	1	0	0	0	0	0	0	0	0	
0.631	0.259259	-1.35769	0.0967742	3.85715	0.933181	0.373272	1	0	0	0	0	0	0	0	0	
0.632	0.259259	-1.35769	0.0967742	3.85715	0.933181	0.373272	1	0	0	0	0	0	0	0	0	
0.633	0.259259	-1.35769	0.0967742	3.85715	0.933181	0.373272	1	0	0	0	0	0	0	0	0	
0.634	0.259259	-1.35769	0.0967742	3.85715	0.933181	0.373272	1	0	0	0	0	0	0	0	0	
0.635	0.259259	-1.35769	0.0967742	3.85715	0.933181	0.373272	1	0	0	0	0	0	0	0	0	
0.636	0.259259	-1.35769	0.0967742	3.85715	0.933181	0.373272	1	0	0	0	0	0	0	0	0	
0.637	0.259259	-1.35769	0.0967742	3.85715	0.933181	0.373272	1	0	0	0	0	0	0	0	0	
0.638	0.259259	-1.35769	0.0967742	3.85715	0.933181	0.373272	1	0	0	0	0	0	0	0	0	
0.639	0.259259	-1.35769	0.0967742	3.85715	0.933181	0.373272	1	0	0	0	0	0	0	0	0	
0.64	0.259259	-1.35769	0.0967742	3.85715	0.933181	0.373272	1	0	0	0	0	0	0	0	0	
0.641	0.259259	-1.35769	0.0967742	3.85715	0.933181	0.373272	1	0	0	0	0	0	0	0	0	
0.642	0.259259	-1.35769	0.0967742	3.85715	0.933181	0.373272	1	0	0	0	0	0	0	0	0	
0.643	0.259259	-1.35769	0.0967742	3.85715	0.933181	0.373272	1	0	0	0	0	0	0	0	0	
0.644	0.259259	-1.35769	0.0967742	3.85715	0.933181	0.373272	1	0	0	0	0	0	0	0	0	
0.645	0.259259	-1.35769	0.0967742	3.85715	0.933181	0.373272	1	0	0	0	0	0	0	0	0	
0.646	0.259259	-1.35769	0.0967742	3.85715	0.933181	0.373272	1	0	0	0	0	0	0	0	0	
0.647	0.259259	-1.35769	0.0967742	3.85715	0.933181	0.373272	1	0	0	0	0	0	0	0	0	
0.648	0.259259	-1.35769	0.0967742	3.85715	0.933181	0.373272	1	0	0	0	0	0	0	0	0	
0.649	0.259259	-1.35769	0.0967742	3.85715	0.933181	0.373272	1	0	0	0	0	0	0	0	0	
0.65	0.259259	-1.35769	0.0967742	3.85715	0.933181	0.373272	1	0	0	0	0	0	0	0	0	
0.651	0.259259	-1.35769	0.0967742	3.85715	0.933181	0.373272	1	0	0	0	0	0	0	0	0	
0.652	0.259259	-1.35769	0.0967742	3.85715	0.933181	0.373272	1	0	0	0	0	0	0	0	0	
0.653	0.259259	-1.35769	0.0967742	3.85715	0.933181	0.373272	1	0	0	0	0	0	0	0	0	
0.654	0.259259	-1.35769	0.0967742	3.85715	0.933181	0.373272	1	0	0	0	0	0	0	0	0	
0.655	0.259259	-1.35769	0.0967742	3.85715	0.933181	0.373272	1	0	0	0	0	0	0	0	0	
0.656	0.259259	-1.35769	0.0967742	3.85715	0.933181	0.373272	1	0	0	0	0	0	0	0	0	
0.657	0.259259	-1.35769	0.0967742	3.85715	0.933181	0.373272	1	0	0	0	0	0	0	0	0	
0.658	0.259259	-1.35769	0.0967742	3.85715	0.933181	0.373272	1	0	0	0	0	0	0	0	0	
0.659	0.259259	-1.35769	0.0967742	3.85715	0.933181	0.373272	1	0	0	0	0	0	0	0	0	
0.66	0.259259	-1.35769	0.0967742	3.85715	0.933181	0.373272	1	0	0	0	0	0	0	0	0	
0.661	0.259259	-1.35769	0.0967742	3.85715	0.933181	0.373272	1	0	0	0	0	0	0	0	0	
0.662	0.259259	-1.35769	0.0967742	3.85715	0.933181	0.373272	1	0	0	0	0	0	0	0	0	
0.663	0.259259	-1.35769	0.0967742	3.85715	0.933181	0.373272	1	0	0	0	0	0	0	0	0	
0.664	0.259259	-1.35769	0.0967742	3.85715	0.933181	0.373272	1	0	0	0	0	0	0	0	0	
0.665	0.259259	-1.35769	0.0967742	3.85715	0.933181	0.373272	1	0	0	0	0	0	0	0	0	
0.666	0.259259	-1.35769	0.0967742	3.85715	0.933181	0.373272	1	0	0	0	0	0	0	0	0	
0.667	0.259259	-1.35769	0.0967742	3.85715	0.933181	0.373272	1	0	0	0	0	0	0	0	0	
0.668	0.259259	-1.35769	0.0967742	3.85715	0.933181	0.373272	1	0	0	0	0	0	0	0	0	
0.669	0.259259	-1.35769	0.0967742	3.85715	0.933181	0.373272	1	0	0	0	0	0	0	0	0	
0.67	0.259259	-1.35769	0.0967742	3.85715	0.933181	0.373272	1	0	0	0	0	0	0	0	0	
0.671	0.259259	-1.35769	0.0967742	3.85715	0.933181	0.373272	1	0	0	0	0	0	0	0	0	
0.672	0.259259	-1.35769	0.0967742	3.85715	0.933181	0.373272	1	0	0	0	0	0	0	0	0	
0.673	0.259259	-1.35769	0.0967742	3.85715	0.933181	0.373272	1	0	0	0	0	0	0	0	0	
0.674	0.259259	-1.35769	0.0967742	3.85715	0.933181	0.373272	1	0	0	0	0	0	0	0	0	
0.675	0.259259	-1.35769	0.0967742	3.85715	0.933181	0.373272	1	0	0	0	0	0	0	0	0	
0.676	0.259259	-1.35769	0.0967742	3.85715	0.933181	0.373272	1	0	0	0	0	0	0	0	0	
0.677	0.259259	-1.35769	0.0967742	3.85715	0.933181	0.373272	1	0	0	0	0	0	0	0	0	
0.678	0.259259	-1.35769	0.0967742	3.85715	0.933181	0.373272	1	0	0	0	0	0	0	0	0	
0.679	0.259259	-1.35769	0.0967742	3.85715	0.933181	0.373272	1	0	0	0	0	0	0	0	0	
0.68	0.259259	-1.35769	0.0967742	3.85715	0.933181	0.373272	1	0	0	0	0	0	0	0	0	
0.681	0.259259	-1.35769	0.0967742	3.85715	0.933181	0.373272	1	0	0	0	0	0	0	0	0	
0.682	0.259259	-1.35769	0.0967742	3.85715	0.933181	0.373272	1	0	0	0	0	0	0	0	0	
0.683	0.259259	-1.35769	0.0967742	3.85715	0.933181	0.373272	1	0	0	0	0	0	0	0	0	
0.684	0.259259	-1.35769	0.0967742	3.85715	0.933181	0.373272	1	0	0	0	0	0	0	0	0	
0.685	0.259259	-1.35769	0.0967742	3.85715	0.933181	0.373272	1	0	0	0	0	0	0	0	0	
0.686	0.259259	-1.35769	0.0967742	3.85715	0.933181	0.373272	1	0	0	0	0	0	0	0	0	
0.687	0.259259	-1.35769	0.0967742	3.85715	0.933181	0.373272	1	0	0	0	0	0	0	0	0	
0.688	0.259259	-1.35769	0.0967742	3.85715	0.933181	0.373272	1	0	0	0	0	0	0	0	0	
0.689	0.259259	-1.35769	0.0967742	3.85715	0.933181	0.373272	1	0	0	0	0	0	0	0	0	
0.69	0.259259	-1.35769	0.0967742	3.85715	0.933181	0.373272	1	0	0	0	0	0	0	0	0	
0.691	0.259259	-1.35769	0.0967742	3.85715	0.933181	0.373272	1	0	0	0	0	0	0	0	0	
0.692	0.259259	-1.35769	0.0967742	3.85715	0.933181	0.373272	1	0	0	0	0	0	0	0	0	
0.693	0.259259	-1.35769	0.0967742	3.85715	0.933181	0.373272	1	0	0	0	0	0	0	0	0	
0.694	0.259259	-1.35769	0.0967742	3.85715	0.933181	0.373272	1	0	0	0	0	0	0	0	0	
0.695	0.259259	-1.35769	0.0967742	3.85715	0.933181	0.373272	1	0	0	0	0	0	0	0	0	
0.696	0.259259	-1.35769	0.0967742	3.85715	0.933181	0.373272	1	0	0	0	0	0	0	0	0	
0.697	0.259259	-1.35769	0.0967742	3.85715	0.933181	0.373272	1	0	0	0	0	0	0	0	0	
0.698	0.259259	-1.35769	0.0967742	3.85715	0.933181	0.373272	1	0	0	0	0	0	0	0	0	
0.699	0.259259	-1.35769	0.0967742	3.85715	0.933181	0.373272	1	0	0	0	0	0	0	0	0	
0.7	0.259259	-1.35769	0.0967742	3.85715	0.933181	0.373272	1	0	0	0	0	0	0	0	0	
0.701	0.259259	-1.35769	0.0967742	3.85715	0.933181	0.373272	1	0	0	0	0	0	0	0	0	
0.702	0.259259	-1.35769	0.0967742	3.85715	0.933181	0.373272	1	0	0	0	0	0	0	0	0	
0.703	0.259259	-1.35769	0.0967742	3.85715	0.933181	0.373272	1	0	0	0	0	0	0	0	0	
0.704	0.259259	-1.35769	0.0967742	3.85715	0.933181	0.373272	1	0	0	0	0	0	0	0	0	
0.705	0.259259	-1.35769	0.0967742	3.85715	0.933181	0.373272	1	0	0	0	0	0	0	0	0	
0.706	0.259259	-1.35769	0.0967742	3.85715	0.933181	0.373272	1	0	0	0	0	0	0	0	0	
0.707	0.259259	-1.35769	0.0967742	3.85715	0.933181	0.373272	1	0	0	0	0	0	0	0	0	
0.708	0.259259	-1.35769	0.0967742	3.85715	0.933181	0.373272	1	0	0	0	0	0	0	0	0	
0.709	0.259259	-1.35769	0.0967742	3.85715	0.933181	0.373272	1	0	0	0	0	0	0	0	0	
0.71	0.259259	-1.35769	0.0967742	3.85715	0.933181	0.373272	1	0	0	0	0	0	0	0	0	
0.711	0.259259	-1.35769	0.0967742	3.85715	0.933181	0.373272	1	0	0	0	0	0	0	0	0	
0.712	0.259259	-1.35769	0.0967742	3.85715	0.933181	0.373272	1	0	0	0	0	0	0	0	0	
0.713	0.259259	-1.35769	0.0967742	3.85715	0.933181	0.373272	1	0	0	0	0	0	0	0	0	
0.714	0.259259	-1.35769	0.0967742	3.85715	0.933181	0.373272	1	0	0	0	0	0	0	0	0	
0.715	0.259259	-1.35769	0.0967742	3.85715	0.933181	0.373272	1	0	0	0	0	0	0	0	0	
0.716	0.259259	-1.35769	0.0967742	3.85715	0.933181	0.373272	1	0	0	0	0	0	0	0	0	
0.717	0.259259	-1.35769	0.0967742	3.85715	0.933181	0.373272	1	0	0	0	0	0	0	0	0	
0.718	0.259259	-1.35769	0.0967742	3.85715	0.933181	0.373272	1	0	0	0	0	0	0	0	0	
0.719	0.259259	-1.35769	0.0967742	3.85715	0.933181	0.373272	1	0	0	0	0	0	0	0	0	
0.72	0.259259	-1.35769	0.0967742	3.85715	0.933181	0.373272	1	0	0	0	0	0	0	0	0	
0.721	0.259259	-1.35769	0.0967742	3.85715	0.933181	0.373272	1	0	0	0	0	0	0	0	0	
0.722	0.259259	-1.35769	0.0967742	3.85715	0.933181	0.373272	1	0	0	0	0	0	0	0	0	
0.723	0.259259	-1.35769	0.0967742	3.85715	0.933181	0.373272	1	0	0	0	0	0	0	0	0	
0.724	0.259259	-1.35769	0.0967742	3.85715	0.933181	0.373272	1	0	0	0	0	0	0	0	0	
0.725	0.259259	-1.35769	0.0967742	3.85715	0.933181	0.373272	1	0	0	0	0	0	0	0	0	
0.726	0.259259	-1.35769	0.0967742	3.85715	0.933181	0.373272	1	0	0	0	0	0	0	0	0	
0.727	0.259259	-1.35769	0.0967742	3.85715	0.933181	0.373272	1	0	0	0	0	0	0	0	0	
0.728	0.259259	-1.35769	0.0967742	3.85715	0.933181	0.373272	1	0	0	0	0	0	0	0	0	
0.729	0.259259	-1.35769	0.0967742	3.85715	0.933181	0.373272	1	0	0	0	0	0	0	0	0	
0.73	0.259259	-1.35769	0.0967742	3.85715	0.933181	0.373272	1	0	0	0	0	0	0	0	0	
0.731	0.259259	-1.35769	0.0967742	3.85715	0.933181	0.373272	1	0	0	0	0	0	0	0	0	
0.732	0.259259	-1.35769	0.0967742	3.85715	0.933181	0.373272	1	0	0	0	0	0	0	0	0	
0.733	0.259259	-1.35769	0.0967742	3.85715	0.933181	0.373272	1	0	0	0	0	0	0	0	0	
0.734	0.259259	-1.35769	0.0967742	3.85715	0.933181	0.373272	1	0	0	0	0	0	0	0	0	
0.735	0.259259	-1.35769	0.0967742	3.85715	0.933181	0.373272	1	0	0	0	0	0	0	0	0	
0.736	0.259259	-1.35769	0.0967742	3.85715	0.933181	0.373272	1	0	0	0	0	0	0	0	0	
0.737	0.259259	-1.35769	0.0967742	3.85715	0.933181	0.373272	1	0	0	0	0	0	0	0	0	
0.738	0.259259	-1.35769	0.0967742	3.85715	0.933181	0.373272	1	0	0	0	0	0	0	0	0	
0.739	0.259259	-1.35769	0.0967742	3.85715	0.933181	0.373272	1	0	0	0	0	0	0	0	0	
0.74	0.259259	-1.35769	0.0967742	3.85715	0.933181	0.373272	1	0	0	0	0	0	0	0	0	
0.741	0.259259	-1.35769	0.0967742	3.85715	0.933181	0.373272	1	0	0	0	0	0	0	0	0	
0.742	0.259259	-1.35769	0.0967742	3.85715	0.933181	0.373272	1	0	0	0	0	0	0	0	0	
0.743	0.259259	-1.35769	0.0967742	3.85715	0.933181	0.373272	1	0	0	0	0	0	0	0	0	
0.744	0.259259	-1.35769	0.0967742	3.85715	0.933181	0.373272	1	0	0	0	0	0	0	0	0	
0.745	0.259259	-1.35769	0.0967742	3.85715	0.933181	0.373272	1	0	0	0	0	0	0	0	0	
0.746	0.259259	-1.35769	0.0967742	3.85715	0.933181	0.373272	1	0	0	0	0	0	0	0	0	
0.747	0.259259	-1.35769	0.0967742	3.85715	0.933181	0.373272	1	0	0	0	0	0	0	0	0	
0.748	0.259259	-1.35769	0.0967742	3.85715	0.933181	0.373272	1	0	0	0	0	0	0	0	0	
0.749	0.259259	-1.35769	0.0967742	3.85715	0.933181	0.373272	1	0	0	0	0	0	0	0	0	
0.75	0.259259	-1.35769	0.0967742	3.85715	0.933181	0.373272	1	0	0	0	0	0	0	0	0	
0.751	0.259259	-1.35769	0.0967742	3.85715	0.933181	0.373272	1	0	0	0	0	0	0	0	0	
0.752	0.259259	-1.35769	0.0967742	3.85715	0.933181	0.373272	1	0	0	0	0	0	0	0	0	
0.753	0.259259	-1.35769	0.0967742	3.85715	0.933181	0.373272	1	0	0	0	0	0	0	0	0	
0.754	0.259259	-1.35769	0.0967742	3.85715	0.933181	0.373272	1	0	0	0	0	0	0	0	0	
0.755	0.259259	-1.35769	0.0967742	3.85715	0.933181	0.373272	1	0	0	0	0	0	0	0	0	
0.756	0.259259	-1.35769	0.0967742	3.85715	0.933181	0.373272	1	0	0	0	0	0	0	0	0	
0.757	0.259259	-1.35769	0.0967742	3.85715	0.933181	0.373272	1	0	0	0	0	0	0	0	0	
0.758	0.259259	-1.35769	0.0967742	3.85715	0.933181	0.373272	1	0	0	0	0	0	0	0	0	
0.759	0.259259	-1.35769	0.0967742	3.85715	0.933181	0.373272	1	0	0	0	0	0	0	0	0	
0.76	0.259259	-1.35769	0.0967742	3.85715	0.933181	0.373272	1	0	0	0	0	0	0	0	0	
0.761	0.259259	-1.35769	0.0967742	3.85715	0.933181	0.373272	1	0	0	0	0	0	0	0	0	
0.762	0.259259	-1.35769	0.0967742	3.85715	0.933181	0.373272	1	0	0	0	0	0	0	0	0	
0.763	0.259259	-1.35769	0.0967742	3.85715	0.933181	0.373272	1	0	0	0	0	0	0	0	0	
0.764	0.259259	-1.35769	0.0967742	3.85715	0.933181	0.373272	1	0	0	0	0	0	0	0	0	
0.765	0.259259	-1.35769	0.0967742	3.85715	0.933181	0.373272	1	0	0	0	0	0	0	0	0	
0.766	0.259259	-1.35769	0.0967742	3.85715	0.933181	0.373272	1	0	0	0	0	0	0	0	0	
0.767	0.259259	-1.35769	0.0967742	3.85715	0.933181	0.373272	1	0	0	0	0	0	0	0	0	
0.768	0.259259	-1.35769	0.0967742	3.85715	0.933181	0.373272	1	0	0	0	0	0	0	0	0	
0.769	0.259259	-1.35769	0.0967742	3.85715	0.933181	0.373272	1	0	0	0	0	0	0	0	0	
0.77	0.259259	-1.35769	0.0967742	3.85715	0.933181	0.373272	1	0	0	0	0	0	0	0	0	
0.771	0.259259	-1.35769	0.0967742	3.85715	0.933181	0.373272	1	0	0	0	0	0	0	0	0	
0.772	0.259259	-1.35769	0.0967742	3.85715	0.933181	0.373272	1	0	0	0	0	0	0	0	0	
0.773	0.259259	-1.35769	0.0967742	3.85715	0.933181	0.373272	1	0	0	0	0	0	0	0	0	
0.774	0.259259	-1.35769	0.0967742	3.85715	0.933181	0.373272	1	0	0	0	0	0	0	0	0	
0.775	0.259259	-1.35769	0.0967742	3.85715	0.933181	0.373272	1	0	0	0	0	0	0	0	0	
0.776	0.259259	-1.35769	0.0967742	3.85715	0.933181	0.373272	1	0	0	0	0	0	0	0	0	
0.777	0.259259	-1.35769	0.0967742	3.85715	0.933181	0.373272	1	0	0	0	0	0	0	0	0	
0.778	0.259259	-1.35769	0.0967742	3.85715	0.933181	0.373272	1	0	0	0	0	0	0	0	0	
0.779	0.259259	-1.35769	0.0967742	3.85715	0.933181	0.373272	1	0	0	0	0	0	0	0	0	
0.78	0.259259	-1.35769	0.0967742	3.85715	0.933181	0.373272	1	0	0	0	0	0	0	0	0	
0.781	0.259259	-1.35769	0.0967742	3.85715	0.933181	0.373272	1	0	0	0	0	0	0	0	0	
0.782	0.259259	-1.35769	0.0967742	3.85715	0.933181	0.373272	1	0	0	0	0	0	0	0	0	
0.783	0.259259	-1.35769	0.0967742	3.85715	0.933181	0.373272	1	0	0	0	0	0	0	0	0	
0.784	0.259259	-1.35769	0.0967742	3.85715	0.933181	0.373272	1	0	0	0	0	0	0	0	0	
0.785	0.259259	-1.35769	0.0967742	3.85715	0.933181	0.373272	1	0	0	0	0	0	0	0	0	
0.786	0.259259	-1.35769	0.0967742	3.85715	0.933181	0.373272	1	0	0	0	0	0	0	0	0	
0.787	0.259259	-1.35769	0.0967742	3.85715	0.933181	0.373272	1	0	0	0	0	0	0	0	0	
0.788	0.259259	-1.35769	0.0967742	3.85715	0.933181	0.373272	1	0	0	0	0	0	0	0	0	
0.789	0.259259	-1.35769	0.0967742	3.85715	0.933181	0.373272	1	0	0	0	0	0	0	0	0	
0.79	0.259259	-1.35769	0.0967742	3.85715	0.933181	0.373272	1	0	0	0	0	0	0	0	0	
0.791	0.259259	-1.35769	0.0967742	3.85715	0.933181	0.373272	1	0	0	0	0	0	0	0	0	
0.792	0.259259	-1.35769	0.0967742	3.85715	0.933181	0.373272	1	0	0	0	0	0	0	0	0	
0.793	0.259259	-1.35769	0.0967742	3.85715	0.933181	0.373272	1	0	0	0	0	0	0	0	0	
0.794	0.259259	-1.35769	0.0967742	3.85715	0.933181	0.373272	1	0	0	0	0	0	0	0	0	
0.795	0.259259	-1.35769	0.0967742	3.85715	0.933181	0.373272	1	0	0	0	0	0	0	0	0	
0.796	0.259259	-1.35769	0.0967742	3.85715	0.933181	0.373272	1	0	0	0	0	0	0	0	0	
0.797	0.259259	-1.35769	0.0967742	3.85715	0.933181	0.373272	1	0	0	0	0	0	0	0	0	
0.798	0.259259	-1.35769	0.0967742	3.85715	0.933181	0.373272	1	0	0	0	0	0	0	0	0	
0.799	0.259259	-1.35769	0.0967742	3.85715	0.933181	0.373272	1	0	0	0	0	0	0	0	0	
0.8	0.259259	-1.35769	0.0967742	3.85715	0.933181	0.373272	1	0	0	0	0	0	0	0	0	
0.801	0.259259	-1.35769	0.0967742	3.85715	0.933181	0.373272	1	0	0	0	0	0	0	0	0	
0.802	0.259259	-1.35769	0.0967742	3.85715	0.933181	0.373272	1	0	0	0	0	0	0	0	0	
0.803	0.259259	-1.35769	0.0967742	3.85715	0.933181	0.373272	1	0	0	0	0	0	0	0	0	
0.804	0.259259	-1.35769	0.0967742	3.85715	0.933181	0.373272	1	0	0	0	0	0	0	0	0	
0.805	0.259259	-1.35769	0.0967742	3.85715	0.933181	0.373272	1	0	0	0	0	0	0	0	0	
0.806	0.259259	-1.35769	0.0967742	3.85715	0.933181	0.373272	1	0	0	0	0	0	0	0	0	
0.807	0.259259	-1.35769	0.0967742	3.85715	0.933181	0.373272	1	0	0	0	0	0	0	0	0	
0.808	0.259259	-1.35769	0.0967742	3.85715	0.933181	0.373272	1	0	0	0	0	0	0	0	0	
0.809	0.259259	-1.35769	0.0967742	3.85715	0.933181	0.373272	1	0	0	0	0	0	0	0	0	
0.81	0.259259	-1.35769	0.0967742	3.85715	0.933181	0.373272	1	0	0	0	0	0	0	0	0	
0.811	0.259259	-1.35769	0.0967742	3.85715	0.933181	0.373272	1	0	0	0	0	0	0	0	0	
0.812	0.259259	-1.35769	0.0967742	3.85715	0.933181	0.373272	1	0	0	0	0	0	0	0	0	
0.813	0.259259	-1.35769	0.0967742	3.85715	0.933181	0.373272	1	0	0	0	0	0	0	0	0	
0.814	0.259259	-1.35769	0.0967742	3.85715	0.933181	0.373272	1	0	0	0	0	0	0	0	0	
0.815	0.259259	-1.35769	0.0967742	3.85715	0.933181	0.373272	1	0	0	0	0	0	0	0	0	
0.816	0.259259	-1.35769	0.0967742	3.85715	0.933181	0.373272	1	0	0	0	0	0	0	0	0	
0.817	0.259259	-1.35769	0.0967742	3.85715	0.933181	0.373272	1	0	0	0	0	0	0	0	0	
0.818	0.259259	-1.35769	0.0967742	3.85715	0.933181	0.373272	1	0	0	0	0	0	0	0	0	
0.819	0.259259	-1.35769	0.0967742	3.85715	0.933181	0.373272	1	0	0	0	0	0	0	0	0	
0.82	0.259259	-1.35769	0.0967742	3.85715	0.933181	0.373272	1	0	0	0	0	0	0	0	0	
0.821	0.259259	-1.35769	0.0967742	3.85715	0.933181	0.373272	1	0	0	0	0	0	0	0	0	
0.822	0.259259	-1.35769	0.0967742	3.85715	0.933181	0.373272	1	0	0	0	0	0	0	0	0	
0.823	0.259259	-1.35769	0.0967742	3.85715	0.933181	0.373272	1	0	0	0	0	0	0	0	0	
0.824	0.259259	-1.35769	0.0967742	3.85715	0.933181	0.373272	1	0	0	0	0	0	0	0	0	
0.825	0.259259	-1.35769	0.0967742	3.85715	0.933181	0.373272	1	0	0	0	0	0	0	0	0	
0.826	0.259259	-1.35769	0.0967742	3.85715	0.933181	0.373272	1	0	0	0	0	0	0	0	0	
0.827	0.259259	-1.35769	0.0967742	3.85715	0.933181	0.373272	1	0	0	0	0	0	0	0	0	
0.828	0.259259	-1.35769	0.0967742	3.85715	0.933181	0.373272	1	0	0	0	0	0	0	0	0	
0.829	0.259259	-1.35769	0.0967742	3.85715	0.933181	0.373272	1	0	0	0	0	0	0	0	0	
0.83	0.259259	-1.35769	0.0967742	3.85715	0.933181	0.373272	1	0	0	0	0	0	0	0	0	
0.831	0.259259	-1.35769	0.0967742	3.85715	0.933181	0.373272	1	0	0	0	0	0	0	0	0	
0.832	0.259259	-1.35769	0.0967742	3.85715	0.933181	0.373272	1	0	0	0	0	0	0	0	0	
0.833	0.259259	-1.35769	0.0967742	3.85715	0.933181	0.373272	1	0	0	0	0	0	0	0	0	
0.834	0.259259	-1.35769	0.0967742	3.85715	0.933181	0.373272	1	0	0	0	0	0	0	0	0	
0.835	0.259259	-1.35769	0.0967742	3.85715	0.933181	0.373272	1	0	0	0	0	0	0	0	0	
0.836	0.259259	-1.35769	0.0967742	3.85715	0.933181	0.373272	1	0	0	0	0	0	0	0	0	
0.837	0.259259	-1.35769	0.0967742	3.85715	0.933181	0.373272	1	0	0	0	0	0	0	0	0	
0.838	0.259259	-1.35769	0.0967742	3.85715	0.933181	0.373272	1	0	0	0	0	0	0	0	0	
0.839	0.259259	-1.35769	0.0967742	3.85715	0.933181	0.373272	1	0	0	0	0	0	0	0	0	
0.84	0.259259	-1.35769	0.0967742	3.85715	0.933181	0.373272	1	0	0	0	0	0	0	0	0	
0.841	0.259259	-1.35769	0.0967742	3.85715	0.933181	0.373272	1	0	0	0	0	0	0	0	0	
0.842	0.259259	-1.35769	0.0967742	3.85715	0.933181	0.373272	1	0	0	0	0	0	0	0	0	
0.843	0.259259	-1.35769	0.0967742	3.85715	0.933181	0.373272	1	0	0	0	0	0	0	0	0	
0.844	0.259259	-1.35769	0.0967742	3.85715	0.933181	0.373272	1	0	0	0	0	0	0	0	0	
0.845	0.259259	-1.35769	0.0967742	3.85715	0.933181	0.373272	1	0	0	0	0	0	0	0	0	
0.846	0.259259	-1.35769	0.0967742	3.85715	0.933181	0.373272	1	0	0	0	0	0	0	0	0	
0.847	0.259259	-1.35769	0.0967742	3.85715	0.933181	0.373272	1	0	0	0	0	0	0	0	0	
0.848	0.259259	-1.35769	0.0967742	3.85715	0.933181	0.373272	1	0	0	0	0	0	0	0	0	
0.849	0.259259	-1.35769	0.0967742	3.85715	0.933181	0.373272	1	0	0	0	0	0	0	0	0	
0.85	0.259259	-1.35769	0.0967742	3.85715	0.933181	0.373272	1	0	0	0	0	0	0	0	0	
0.851	0.259259	-1.35769	0.0967742	3.85715	0.933181	0.373272	1	0	0	0	0	0	0	0	0	
0.852	0.259259	-1.35769	0.0967742	3.85715	0.933181	0.373272	1	0	0	0	0	0	0	0	0	
0.853	0.259259	-1.35769	0.0967742	3.85715	0.933181	0.373272	1	0	0	0	0	0	0	0	0	
0.854	0.259259	-1.35769	0.0967742	3.85715	0.933181	0.373272	1	0	0	0	0	0	0	0	0	
0.855	0.259259	-1.35769	0.0967742	3.85715	0.933181	0.373272	1	0	0	0	0	0	0	0	0	
0.856	0.259259	-1.35769	0.0967742	3.85715	0.933181	0.373272	1	0	0	0	0	0	0	0	0	
0.857	0.259259	-1.35769	0.0967742	3.85715	0.933181	0.373272	1	0	0	0	0	0	0	0	0	
0.858	0.259259	-1.35769	0.0967742	3.85715	0.933181	0.373272	1	0	0	0	0	0	0	0	0	
0.859	0.259259	-1.35769	0.0967742	3.85715	0.933181	0.373272	1	0	0	0	0	0	0	0	0	
0.86	0.259259	-1.35769	0.0967742	3.85715	0.933181	0.373272	1	0	0	0	0	0	0	0	0	
0.861	0.259259	-1.35769	0.0967742	3.85715	0.933181	0.373272	1	0	0	0	0	0	0	0	0	
0.862	0.259259	-1.35769	0.0967742	3.85715	0.933181	0.373272	1	0	0	0	0	0	0	0	0	
0.863	0.259259	-1.35769	0.0967742	3.85715	0.933181	0.373272	1	0	0	0	0	0	0	0	0	
0.864	0.259259	-1.35769	0.0967742	3.85715	0.933181	0.373272	1	0	0	0	0	0	0	0	0	
0.865	0.259259	-1.35769	0.0967742	3.85715	0.933181	0.373272	1	0	0	0	0	0	0	0	0	
0.866	0.259259	-1.35769	0.0967742	3.85715	0.933181	0.373272	1	0	0	0	0	0	0	0	0	
0.867	0.259259	-1.35769	0.0967742	3.85715	0.933181	0.373272	1	0	0	0	0	0	0	0	0	
0.868	0.259259	-1.35769	0.0967742	3.85715	0.933181	0.373272	1	0	0	0	0	0	0	0	0	
0.869	0.259259	-1.35769	0.0967742	3.85715	0.933181	0.373272	1	0	0	0	0	0	0	0	0	
0.87	0.259259	-1.35769	0.0967742	3.85715	0.933181	0.373272	1	0	0	0	0	0	0	0	0	
0.871	0.259259	-1.35769	0.0967742	3.85715	0.933181	0.373272	1	0	0	0	0	0	0	0	0	
0.872	0.259259	-1.35769	0.0967742	3.85715	0.933181	0.373272	1	0	0	0	0	0	0	0	0	
0.873	0.259259	-1.35769	0.0967742	3.85715	0.933181	0.373272	1	0	0	0	0	0	0	0	0	
0.874	0.259259	-1.35769	0.0967742	3.85715	0.933181	0.373272	1	0	0	0	0	0	0	0	0	
0.875	0.259259	-1.35769	0.0967742	3.85715	0.933181	0.373272	1	0	0	0	0	0	0	0	0	
0.876	0.259259	-1.35769	0.0967742	3.85715	0.933181	0.373272	1	0	0	0	0	0	0	0	0	
0.877	0.259259	-1.35769	0.0967742	3.85715	0.933181	0.373272	1	0	0	0	0	0	0	0	0	
0.878	0.259259	-1.35769	0.0967742	3.85715	0.933181	0.373272	1	0	0	0	0	0	0	0	0	
0.879	0.259259	-1.35769	0.0967742	3.85715	0.933181	0.373272	1	0	0	0	0	0	0	0	0	
0.88	0.259259	-1.35769	0.0967742	3.85715	0.933181	0.373272	1	0	0	0	0	0	0	0	0	
0.881	0.259259	-1.35769	0.0967742	3.85715	0.933181	0.373272	1	0	0	0	0	0	0	0	0	
0.882	0.259259	-1.35769	0.0967742	3.85715	0.933181	0.373272	1	0	0	0	0	0	0	0	0	
0.883	0.259259	-1.35769	0.0967742	3.85715	0.933181	0.373272	1	0	0	0	0	0	0	0	0	
0.884	0.259259	-1.35769	0.0967742	3.85715	0.933181	0.373272	1	0	0	0	0	0	0	0	0	
0.885	0.259259	-1.35769	0.0967742	3.85715	0.933181	0.373272	1	0	0	0	0	0	0	0	0	
0.886	0.259259	-1.35769	0.0967742	3.85715	0.933181	0.373272	1	0	0	0	0	0	0	0	0	
0.887	0.259259	-1.35769	0.0967742	3.85715	0.933181	0.373272	1	0	0	0	0	0	0	0	0	
0.888	0.259259	-1.35769	0.0967742	3.85715	0.933181	0.373272	1	0	0	0	0	0	0	0	0	
0.889	0.259259	-1.35769	0.0967742	3.85715	0.933181	0.373272	1	0	0	0	0	0	0	0	0	
0.89	0.259259	-1.35769	0.0967742	3.85715	0.933181	0.373272	1	0	0	0	0	0	0	0	0	
0.891	0.259259	-1.35769	0.0967742	3.85715	0.933181	0.373272	1	0	0	0	0	0	0	0	0	
0.892	0.259259	-1.35769	0.0967742	3.85715	0.933181	0.373272	1	0	0	0	0	0	0	0	0	
0.893	0.259259	-1.35769	0.0967742	3.85715	0.933181	0.373272	1	0	0	0	0	0	0	0	0	
0.894	0.259259	-1.35769	0.0967742	3.85715	0.933181	0.373272	1	0	0	0	0	0	0	0	0	
0.895	0.259259	-1.35769	0.0967742	3.85715	0.933181	0.373272	1	0	0	0	0	0	0	0	0	
0.896	0.259259	-1.35769	0.0967742	3.85715	0.933181	0.373272	1	0	0	0	0	0	0	0	0	
0.897	0.259259	-1.35769	0.0967742	3.85715	0.933181	0.373272	1	0	0	0	0	0	0	0	0	
0.898	0.259259	-1.35769	0.0967742	3.85715	0.933181	0.373272	1	0	0	0	0	0	0	0	0	
0.899	0.259259	-1.35769	0.0967742	3.85715	0.933181	0.373272	1	0	0	0	0	0	0	0	0	
0.9	0.259259	-1.35769	0.0967742	3.85715	0.933181	0.373272	1	0	0	0	0	0	0	0	0	
0.901	0.259259	-1.35769	0.0967742	3.85715	0.933181	0.373272	1	0	0	0	0	0	0	0	0	
0.902	0.259259	-1.35769	0.0967742	3.85715	0.933181	0.373272	1	0	0	0	0	0	0	0	0	
0.903	0.259259	-1.35769	0.0967742	3.85715	0.933181	0.373272	1	0	0	0	0	0	0	0	0	
0.904	0.259259	-1.35769	0.0967742	3.85715	0.933181	0.373272	1	0	0	0	0	0	0	0	0	
0.905	0.259259	-1.35769	0.0967742	3.85715	0.933181	0.373272	1	0	0	0	0	0	0	0	0	
0.906	0.259259	-1.35769	0.0967742	3.85715	0.933181	0.373272	1	0	0	0	0	0	0	0	0	
0.907	0.259259	-1.35769	0.0967742	3.85715	0.933181	0.373272	1	0	0	0	0	0	0	0	0	
0.908	0.259259	-1.35769	0.0967742	3.85715	0.933181	0.373272	1	0	0	0	0	0	0	0	0	
0.909	0.259259	-1.35769	0.0967742	3.85715	0.933181	0.373272	1	0	0	0	0	0	0	0	0	
0.91	0.259259	-1.35769	0.0967742	3.85715	0.933181	0.373272	1	0	0	0	0	0	0	0	0	
0.911	0.259259	-1.35769	0.0967742	3.85715	0.933181	0.373272	1	0	0	0	0	0	0	0	0	
0.912	0.259259	-1.35769	0.0967742	3.85715	0.933181	0.373272	1	0	0	0	0	0	0	0	0	
0.913	0.259259	-1.35769	0.0967742	3.85715	0.933181	0.373272	1	0	0	0	0	0	0	0	0	
0.914	0.259259	-1.35769	0.0967742	3.85715	0.933181	0.373272	1	0	0	0	0	0	0	0	0	
0.915	0.259259	-1.35769	0.0967742	3.85715	0.933181	0.373272	1	0	0	0	0	0	0	0	0	
0.916	0.259259	-1.35769	0.0967742	3.85715	0.933181	0.373272	1	0	0	0	0	0	0	0	0	
0.917	0.259259	-1.35769	0.0967742	3.85715	0.933181	0.373272	1	0	0	0	0	0	0	0	0	
0.918	0.259259	-1.35769	0.0967742	3.85715	0.933181	0.373272	1	0	0	0	0	0	0	0	0	
0.919	0.259259	-1.35769	0.0967742	3.85715	0.933181	0.373272	1	0	0	0	0	0	0	0	0	
0.92	0.259259	-1.35769	0.0967742	3.85715	0.933181	0.373272	1	0	0	0	0	0	0	0	0	
0.921	0.259259	-1.35769	0.0967742	3.85715	0.933181	0.373272	1	0	0	0	0	0	0	0	0	
0.922	0.259259	-1.35769	0.0967742	3.85715	0.933181	0.373272	1	0	0	0	0	0	0	0	0	
0.923	0.259259	-1.35769	0.0967742	3.85715	0.933181	0.373272	1	0	0	0	0	0	0	0	0	
0.924	0.259259	-1.35769	0.0967742	3.85715	0.933181	0.373272	1	0	0	0	0	0	0	0	0	
0.925	0.259259	-1.35769	0.0967742	3.85715	0.933181	0.373272	1	0	0	0	0	0	0	0	0	
0.926	0.259259	-1.35769	0.0967742	3.85715	0.933181	0.373272	1	0	0	0	0	0	0	0	0	
0.927	0.259259	-1.35769	0.0967742	3.85715	0.933181	0.373272	1	0	0	0	0	0	0	0	0	
0.928	0.259259	-1.35769	0.0967742	3.85715	0.933181	0.373272	1	0	0	0	0	0	0	0	0	
0.929	0.259259	-1.35769	0.0967742	3.85715	0.933181	0.373272	1	0	0	0	0	0	0	0	0	
0.93	0.259259	-1.35769	0.0967742	3.85715	0.933181	0.373272	1	0	0	0	0	0	0	0	0	
0.931	0.259259	-1.35769	0.0967742	3.85715	0.933181	0.373272	1	0	0	0	0	0	0	0	0	
0.932	0.259259	-1.35769	0.0967742	3.85715	0.933181	0.373272	1	0	0	0	0	0	0	0	0	
0.933	0.259259	-1.35769	0.0967742	3.85715	0.933181	0.373272	1	0	0	0	0	0	0	0	0	
0.934	0.259259	-1.35769	0.0967742	3.85715	0.933181	0.373272	1	0	0	0	0	0	0	0	0	
0.935	0.259259	-1.35769	0.0967742	3.85715	0.933181	0.373272	1	0	0	0	0	0	0	0	0	
0.936	0.259259	-1.35769	0.0967742	3.85715	0.933181	0.373272	1	0	0	0	0	0	0	0	0	
0.937	0.259259	-1.35769	0.0967742	3.85715	0.933181	0.373272	1	0	0	0	0	0	0	0	0	
0.938	0.259259	-1.35769	0.0967742	3.85715	0.933181	0.373272	1	0	0	0	0	0	0	0	0	
0.939	0.259259	-1.35769	0.0967742	3.85715	0.933181	0.373272	1	0	0	0	0	0	0	0	0	
0.94	0.259259	-1.35769	0.0967742	3.85715	0.933181	0.373272	1	0	0	0	0	0	0	0	0	
0.941	0.259259	-1.35769	0.0967742	3.85715	0.933181	0.373272	1	0	0	0	0	0	0	0	0	
0.942	0.259259	-1.35769	0.0967742	3.85715	0.933181	0.373272	1	0	0	0	0	0	0	0	0	
0.943	0.259259	-1.35769	0.0967742	3.85715	0.933181	0.373272	1	0	0	0	0	0	0	0	0	
0.944	0.259259	-1.35769	0.0967742	3.85715	0.933181	0.373272	1	0	0	0	0	0	0	0	0	
0.945	0.259259	-1.35769	0.0967742	3.85715	0.933181	0.373272	1	0	0	0	0	0	0	0	0	
0.946	0.259259	-1.35769	0.0967742	3.85715	0.933181	0.373272	1	0	0	0	0	0	0	0	0	
0.947	0.259259	-1.35769	0.0967742	3.85715	0.933181	0.373272	1	0	0	0	0	0	0	0	0	
0.948	0.259259	-1.35769	0.0967742	3.85715	0.933181	0.373272	1	0	0	0	0	0	0	0	0	
0.949	0.259259	-1.35769	0.0967742	3.85715	0.933181	0.373272	1	0	0	0	0	0	0	0	0	
0.95	0.259259	-1.35769	0.0967742	3.85715	0.933181	0.373272	1	0	0	0	0	0	0	0	0	
0.951	0.259259	-1.35769	0.0967742	3.85715	0.933181	0.373272	1	0	0	0	0	0	0	0	0	
0.952	0.259259	-1.35769	0.0967742	3.85715	0.933181	0.373272	1	0	0	0	0	0	0	0	0	
0.953	0.259259	-1.35769	0.0967742	3.85715	0.933181	0.373272	1	0	0	0	0	0	0	0	0	
0.954	0.259259	-1.35769	0.0967742	3.85715	0.933181	0.373272	1	0	0	0	0	0	0	0	0	
0.955	0.259259	-1.35769	0.0967742	3.85715	0.933181	0.373272	1	0	0	0	0	0	0	0	0	
0.956	0.259259	-1.35769	0.0967742	3.85715	0.933181	0.373272	1	0	0	0	0	0	0	0	0	
0.957	0.259259	-1.35769	0.0967742	3.85715	0.933181	0.373272	1	0	0	0	0	0	0	0	0	
0.958	0.259259	-1.35769	0.0967742	3.85715	0.933181	0.373272	1	0	0	0	0	0	0	0	0	
0.959	0.259259	-1.35769	0.0967742	3.85715	0.933181	0.373272	1	0	0	0	0	0	0	0	0	
0.96	0.259259	-1.35769	0.0967742	3.85715	0.933181	0.373272	1	0	0	0	0	0	0	0	0	
0.961	0.259259	-1.35769	0.0967742	3.85715	0.933181	0.373272	1	0	0	0	0	0	0	0	0	
0.962	0.259259	-1.35769	0.0967742	3.85715	0.933181	0.373272	1	0	0	0	0	0	0	0	0	
0.963	0.259259	-1.35769	0.0967742	3.85715	0.933181	0.373272	1	0	0	0	0	0	0	0	0	
0.964	0.259259	-1.35769	0.0967742	3.85715	0.933181	0.373272	1	0	0	0	0	0	0	0	0	
0.965	0.259259	-1.35769	0.0967742	3.85715	0.933181	0.373272	1	0	0	0	0	0	0	0	0	
0.966	0.259259	-1.35769	0.0967742	3.85715	0.933181	0.373272	1	0	0	0	0	0	0	0	0	
0.967	0.259259	-1.35769	0.0967742	3.85715	0.933181	0.373272	1	0	0	0	0	0	0	0	0	
0.968	0.259259	-1.35769	0.0967742	3.85715	0.933181	0.373272	1	0	0	0	0	0	0	0	0	
0.969	0.259259	-1.35769	0.0967742	3.85715	0.933181	0.373272	1	0	0	0	0	0	0	0	0	
0.97	0.259259	-1.35769	0.0967742	3.85715	0.933181	0.373272	1	0	0	0	0	0	0	0	0	
0.971	0.259259	-1.35769	0.0967742	3.85715	0.933181	0.373272	1	0	0	0	0	0	0	0	0	
0.972	0.259259	-1.35769	0.0967742	3.85715	0.933181	0.373272	1	0	0	0	0	0	0	0	0	
0.973	0.259259	-1.35769	0.0967742	3.85715	0.933181	0.373272	1	0	0	0	0	0	0	0	0	
0.974	0.259259	-1.35769	0.0967742	3.85715	0.933181	0.373272	1	0	0	0	0	0	0	0	0	
0.975	0.259259	-1.35769	0.0967742	3.85715	0.933181	0.373272	1	0	0	0	0	0	0	0	0	
0.976	0.259259	-1.35769	0.0967742	3.85715	0.933181	0.373272	1	0	0	0	0	0	0	0	0	
0.977	0.259259	-1.35769	0.0967742	3.85715	0.933181	0.373272	1	0	0	0	0	0	0	0	0	
0.978	0.259259	-1.35769	0.0967742	3.85715	0.933181	0.373272	1	0	0	0	0	0	0	0	0	
0.979	0.259259	-1.35769	0.0967742	3.85715	0.933181	0.373272	1	0	0	0	0	0	0	0	0	
0.98	0.259259	-1.35769	0.0967742	3.85715	0.933181	0.373272	1	0	0	0	0	0	0	0	0	
0.981	0.259259	-1.35769	0.0967742	3.85715	0.933181	0.373272	1	0	0	0	0	0	0	0	0	
0.982	0.259259	-1.35769	0.0967742	3.85715	0.933181	0.373272	1	0	0	0	0	0	0	0	0	
0.983	0.259259	-1.35769	0.0967742	3.85715	0.933181	0.373272	1	0	0	0	0	0	0	0	0	
0.984	0.259259	-1.35769	0.0967742	3.85715	0.933181	0.373272	1	0	0	0	0	0	0	0	0	
0.985	0.259259	-1.35769	0.0967742	3.85715	0.933181	0.373272	1	0	0	0	0	0	0	0	0	
0.986	0.259259	-1.35769	0.0967742	3.85715	0.933181	0.373272	1	0	0	0	0	0	0	0	0	
0.987	0.259259	-1.35769	0.0967742	3.85715	0.933181	0.373272	1	0	0	0	0	0	0	0	0	
0.988	0.259259	-1.35769	0.0967742	3.85715	0.933181	0.373272	1	0	0	0	0	0	0	0	0	
0.989	0.259259	-1.35769	0.0967742	3.85715	0.933181	0.373272	1	0	0	0	0	0	0	0	0	
0.99	0.259259	-1.35769	0.0967742	3.85715	0.933181	0.373272	1	0	0	0	0	0	0	0	0	
0.991	0.259259	-1.35769	0.0967742	3.85715	0.933181	0.373272	1	0	0	0	0	0	0	0	0	
0.992	0.259259	-1.35769	0.0967742	3.85715	0.933181	0.373272	1	0	0	0	0	0	0	0	0	
0.993	0.259259	-1.35769	0.0967742	3.85715	0.933181	0.373272	1	0	0	0	0	0	0	0	0	
0.994	0.259259	-1.35769	0.0967742	3.85715	0.933181	0.373272	1	0	0	0	0	0	0	0	0	
0.995	0.259259	-1.35769	0.0967742	3.85715	0.933181	0.373272	1	0	0	0	0	0	0	0	0	
0.996	0.259259	-1.35769	0.0967742	3.85715	0.933181	0.373272	1	0	0	0	0	0	0	0	0	
0.997	0.259259	-1.35769	0.0967742	3.85715	0.933181	0.373272	1	0	0	0	0	0	0	0	0	
0.998	0.259259	-1.35769	0.0967742	3.85715	0.933181	0.373272	1	0	0	0	0	0	0	0	0	
0.999	0.259259	-1.35769	0.0967742	3.85715	0.933181	0.373272	1	0	0	0	0	0	0	0	0	
1	0.259259	-1.35769	0.0967742	3.85715	0.933181	0.373272	1	0	0	0	0	0	0	0	0	
