|||||||||||||||||||||||||||||||||***SIMULATION: detonation***||||||||||||||||||||||||||||||||||
Sanpshot time = 1.27. Timestep = 2998. Run time = 5 seconds
No. of cells = 1000
#Position	 Density	 Velocity	 Pressure	 Specific_Volume I_Energy	 Temperature	 Species
-0.001	0.760617	0.000394025	1.96618	1.31472	6.46246	0	9.35559e-08	0	0	0	0	0	0	0	0	
0	0.760618	0.000131449	1.96619	1.31472	6.46246	0	9.6468e-08	0	0	0	0	0	0	0	0	
0.001	0.760618	-0.000131449	1.96619	1.31472	6.46246	2.58498	9.6468e-08	0	0	0	0	0	0	0	0	
0.002	0.760617	-0.000394025	1.96618	1.31472	6.46246	2.58498	9.35559e-08	0	0	0	0	0	0	0	0	
0.003	0.759468	-0.000656993	1.96618	1.31671	6.47222	2.58889	9.89575e-08	0	0	0	0	0	0	0	0	
0.004	0.760145	-0.000920465	1.96617	1.31554	6.46643	2.58657	9.79052e-08	0	0	0	0	0	0	0	0	
0.005	0.757674	-0.00118476	1.96616	1.31983	6.48749	2.595	9.63494e-08	0	0	0	0	0	0	0	0	
0.006	0.756319	-0.00145002	1.96615	1.32219	6.49906	2.59963	8.90787e-08	0	0	0	0	0	0	0	0	
0.007	0.756843	-0.0017164	1.96613	1.32128	6.49452	2.59781	9.26308e-08	0	0	0	0	0	0	0	0	
0.008	0.758292	-0.00198406	1.96611	1.31875	6.48205	2.59282	9.25294e-08	0	0	0	0	0	0	0	0	
0.009	0.760105	-0.00225316	1.96609	1.31561	6.46652	2.58661	9.17122e-08	0	0	0	0	0	0	0	0	
0.01	0.761965	-0.00252383	1.96607	1.3124	6.45066	2.58026	9.14246e-08	0	0	0	0	0	0	0	0	
0.011	0.763645	-0.00279617	1.96604	1.30951	6.43638	2.57455	9.60907e-08	0	0	0	0	0	0	0	0	
0.012	0.76508	-0.00307027	1.96602	1.30705	6.42421	2.56969	9.41081e-08	0	0	0	0	0	0	0	0	
0.013	0.766223	-0.00334619	1.96598	1.3051	6.41453	2.56581	9.39344e-08	0	0	0	0	0	0	0	0	
0.014	0.767043	-0.00362397	1.96595	1.30371	6.40756	2.56302	9.3897e-08	0	0	0	0	0	0	0	0	
0.015	0.767591	-0.00390361	1.96591	1.30278	6.40286	2.56114	9.64231e-08	0	0	0	0	0	0	0	0	
0.016	0.767941	-0.00418511	1.96587	1.30218	6.39981	2.55992	9.55319e-08	0	0	0	0	0	0	0	0	
0.017	0.768134	-0.00446841	1.96582	1.30186	6.39805	2.55922	9.50475e-08	0	0	0	0	0	0	0	0	
0.018	0.768204	-0.00475344	1.96578	1.30174	6.39731	2.55893	9.52567e-08	0	0	0	0	0	0	0	0	
0.019	0.768196	-0.00504009	1.96572	1.30175	6.39721	2.55889	9.34969e-08	0	0	0	0	0	0	0	0	
0.02	0.768157	-0.00532826	1.96567	1.30182	6.39736	2.55894	9.14737e-08	0	0	0	0	0	0	0	0	
0.021	0.768125	-0.00561778	1.96561	1.30187	6.39743	2.55897	9.04031e-08	0	0	0	0	0	0	0	0	
0.022	0.768124	-0.00590848	1.96555	1.30187	6.39722	2.55889	9.07817e-08	0	0	0	0	0	0	0	0	
0.023	0.768168	-0.00620016	1.96548	1.3018	6.39664	2.55865	9.2368e-08	0	0	0	0	0	0	0	0	
0.024	0.768263	-0.0064926	1.96541	1.30164	6.39562	2.55825	9.41251e-08	0	0	0	0	0	0	0	0	
0.025	0.768407	-0.00678555	1.96533	1.30139	6.39417	2.55767	9.4661e-08	0	0	0	0	0	0	0	0	
0.026	0.768595	-0.00707874	1.96525	1.30107	6.39235	2.55694	9.3769e-08	0	0	0	0	0	0	0	0	
0.027	0.768817	-0.00737191	1.96517	1.3007	6.39023	2.55609	9.3212e-08	0	0	0	0	0	0	0	0	
0.028	0.769061	-0.00766473	1.96508	1.30029	6.38793	2.55517	9.37688e-08	0	0	0	0	0	0	0	0	
0.029	0.769314	-0.0079569	1.96499	1.29986	6.38553	2.55421	9.32988e-08	0	0	0	0	0	0	0	0	
0.03	0.769567	-0.0082481	1.9649	1.29943	6.38312	2.55325	9.18653e-08	0	0	0	0	0	0	0	0	
0.031	0.769813	-0.00853799	1.9648	1.29902	6.38076	2.55231	9.15411e-08	0	0	0	0	0	0	0	0	
0.032	0.770053	-0.00882624	1.9647	1.29861	6.37845	2.55138	9.21675e-08	0	0	0	0	0	0	0	0	
0.033	0.770292	-0.00911254	1.96459	1.29821	6.37613	2.55045	9.2561e-08	0	0	0	0	0	0	0	0	
0.034	0.770539	-0.00939658	1.96448	1.29779	6.37372	2.54949	9.1608e-08	0	0	0	0	0	0	0	0	
0.035	0.770805	-0.0096781	1.96437	1.29734	6.37116	2.54846	8.99444e-08	0	0	0	0	0	0	0	0	
0.036	0.771098	-0.00995685	1.96425	1.29685	6.36836	2.54735	8.90436e-08	0	0	0	0	0	0	0	0	
0.037	0.771421	-0.0102327	1.96413	1.29631	6.36531	2.54612	8.90409e-08	0	0	0	0	0	0	0	0	
0.038	0.771775	-0.0105054	1.96401	1.29571	6.36198	2.54479	8.98115e-08	0	0	0	0	0	0	0	0	
0.039	0.77216	-0.0107751	1.96388	1.29507	6.3584	2.54336	9.10637e-08	0	0	0	0	0	0	0	0	
0.04	0.772574	-0.0110417	1.96375	1.29438	6.35457	2.54183	9.23777e-08	0	0	0	0	0	0	0	0	
0.041	0.773014	-0.0113055	1.96361	1.29364	6.35051	2.5402	9.33218e-08	0	0	0	0	0	0	0	0	
0.042	0.77348	-0.0115666	1.96348	1.29286	6.34624	2.5385	9.3693e-08	0	0	0	0	0	0	0	0	
0.043	0.77397	-0.0118255	1.96334	1.29204	6.34178	2.53671	9.37092e-08	0	0	0	0	0	0	0	0	
0.044	0.774478	-0.0120827	1.9632	1.29119	6.33716	2.53487	9.37874e-08	0	0	0	0	0	0	0	0	
0.045	0.775	-0.0123387	1.96306	1.29032	6.33244	2.53298	9.39811e-08	0	0	0	0	0	0	0	0	
0.046	0.775526	-0.0125943	1.96291	1.28945	6.32769	2.53108	9.39841e-08	0	0	0	0	0	0	0	0	
0.047	0.776045	-0.0128503	1.96277	1.28858	6.323	2.5292	9.39494e-08	0	0	0	0	0	0	0	0	
0.048	0.776548	-0.0131076	1.96263	1.28775	6.31846	2.52738	9.44926e-08	0	0	0	0	0	0	0	0	
0.049	0.777026	-0.013367	1.9625	1.28696	6.31413	2.52565	9.56572e-08	0	0	0	0	0	0	0	0	
0.05	0.777476	-0.0136295	1.96236	1.28621	6.31005	2.52402	9.69695e-08	0	0	0	0	0	0	0	0	
0.051	0.777901	-0.013896	1.96223	1.28551	6.30618	2.52247	9.78068e-08	0	0	0	0	0	0	0	0	
0.052	0.778309	-0.0141673	1.96211	1.28484	6.30248	2.52099	9.77478e-08	0	0	0	0	0	0	0	0	
0.053	0.778713	-0.0144442	1.96199	1.28417	6.29883	2.51953	9.68753e-08	0	0	0	0	0	0	0	0	
0.054	0.779127	-0.0147275	1.96188	1.28349	6.29512	2.51805	9.54756e-08	0	0	0	0	0	0	0	0	
0.055	0.779562	-0.0150175	1.96177	1.28277	6.29125	2.5165	9.40442e-08	0	0	0	0	0	0	0	0	
0.056	0.780027	-0.0153147	1.96167	1.28201	6.28718	2.51487	9.31406e-08	0	0	0	0	0	0	0	0	
0.057	0.780522	-0.0156192	1.96157	1.28119	6.28288	2.51315	9.29842e-08	0	0	0	0	0	0	0	0	
0.058	0.781044	-0.0159311	1.96148	1.28034	6.27838	2.51135	9.32217e-08	0	0	0	0	0	0	0	0	
0.059	0.781584	-0.0162501	1.96139	1.27945	6.27376	2.5095	9.33421e-08	0	0	0	0	0	0	0	0	
0.06	0.782133	-0.0165758	1.9613	1.27855	6.26907	2.50763	9.32666e-08	0	0	0	0	0	0	0	0	
0.061	0.782681	-0.0169078	1.96121	1.27766	6.26441	2.50576	9.32318e-08	0	0	0	0	0	0	0	0	
0.062	0.783219	-0.0172453	1.96113	1.27678	6.25982	2.50393	9.33637e-08	0	0	0	0	0	0	0	0	
0.063	0.783744	-0.0175875	1.96104	1.27593	6.25535	2.50214	9.37322e-08	0	0	0	0	0	0	0	0	
0.064	0.784252	-0.0179335	1.96094	1.2751	6.25099	2.5004	9.43915e-08	0	0	0	0	0	0	0	0	
0.065	0.784747	-0.0182824	1.96084	1.2743	6.24674	2.4987	9.51702e-08	0	0	0	0	0	0	0	0	
0.066	0.78523	-0.0186331	1.96074	1.27351	6.24255	2.49702	9.5722e-08	0	0	0	0	0	0	0	0	
0.067	0.785709	-0.0189847	1.96062	1.27274	6.23839	2.49535	9.58751e-08	0	0	0	0	0	0	0	0	
0.068	0.786189	-0.0193364	1.9605	1.27196	6.23418	2.49367	9.56169e-08	0	0	0	0	0	0	0	0	
0.069	0.786675	-0.0196871	1.96036	1.27117	6.2299	2.49196	9.49897e-08	0	0	0	0	0	0	0	0	
0.07	0.787172	-0.0200362	1.96022	1.27037	6.22551	2.4902	9.42121e-08	0	0	0	0	0	0	0	0	
0.071	0.787681	-0.0203831	1.96006	1.26955	6.22098	2.48839	9.3677e-08	0	0	0	0	0	0	0	0	
0.072	0.788203	-0.0207271	1.95989	1.26871	6.21633	2.48653	9.36857e-08	0	0	0	0	0	0	0	0	
0.073	0.788734	-0.021068	1.95971	1.26785	6.21158	2.48463	9.41351e-08	0	0	0	0	0	0	0	0	
0.074	0.789271	-0.0214053	1.95952	1.26699	6.20675	2.4827	9.45635e-08	0	0	0	0	0	0	0	0	
0.075	0.789811	-0.021739	1.95932	1.26613	6.20187	2.48075	9.45965e-08	0	0	0	0	0	0	0	0	
0.076	0.790348	-0.022069	1.95911	1.26527	6.19698	2.47879	9.43036e-08	0	0	0	0	0	0	0	0	
0.077	0.790881	-0.0223953	1.95889	1.26441	6.19211	2.47684	9.40684e-08	0	0	0	0	0	0	0	0	
0.078	0.791407	-0.022718	1.95866	1.26357	6.18727	2.47491	9.42049e-08	0	0	0	0	0	0	0	0	
0.079	0.791928	-0.0230375	1.95842	1.26274	6.18245	2.47298	9.47041e-08	0	0	0	0	0	0	0	0	
0.08	0.792448	-0.0233538	1.95818	1.26191	6.17763	2.47105	9.52662e-08	0	0	0	0	0	0	0	0	
0.081	0.79297	-0.0236674	1.95793	1.26108	6.17277	2.46911	9.5587e-08	0	0	0	0	0	0	0	0	
0.082	0.793502	-0.0239786	1.95767	1.26024	6.16782	2.46713	9.55589e-08	0	0	0	0	0	0	0	0	
0.083	0.794051	-0.0242879	1.95741	1.25937	6.16273	2.46509	9.52486e-08	0	0	0	0	0	0	0	0	
0.084	0.794622	-0.0245956	1.95714	1.25846	6.15746	2.46298	9.48305e-08	0	0	0	0	0	0	0	0	
0.085	0.795219	-0.0249022	1.95687	1.25751	6.15198	2.46079	9.45166e-08	0	0	0	0	0	0	0	0	
0.086	0.795843	-0.0252082	1.95659	1.25653	6.14629	2.45851	9.44191e-08	0	0	0	0	0	0	0	0	
0.087	0.79649	-0.0255142	1.95631	1.25551	6.14041	2.45616	9.44938e-08	0	0	0	0	0	0	0	0	
0.088	0.797154	-0.0258207	1.95602	1.25446	6.1344	2.45376	9.46486e-08	0	0	0	0	0	0	0	0	
0.089	0.797827	-0.0261283	1.95573	1.2534	6.12831	2.45132	9.48707e-08	0	0	0	0	0	0	0	0	
0.09	0.798501	-0.0264377	1.95544	1.25235	6.12221	2.44889	9.51908e-08	0	0	0	0	0	0	0	0	
0.091	0.799167	-0.0267495	1.95514	1.2513	6.11617	2.44647	9.55706e-08	0	0	0	0	0	0	0	0	
0.092	0.79982	-0.0270644	1.95483	1.25028	6.11022	2.44409	9.59031e-08	0	0	0	0	0	0	0	0	
0.093	0.800455	-0.0273832	1.95452	1.24929	6.1044	2.44176	9.60794e-08	0	0	0	0	0	0	0	0	
0.094	0.801068	-0.0277065	1.9542	1.24833	6.09874	2.4395	9.60257e-08	0	0	0	0	0	0	0	0	
0.095	0.801655	-0.0280351	1.95388	1.24742	6.09327	2.43731	9.57339e-08	0	0	0	0	0	0	0	0	
0.096	0.802213	-0.0283696	1.95355	1.24655	6.08801	2.4352	9.52642e-08	0	0	0	0	0	0	0	0	
0.097	0.802738	-0.0287107	1.95322	1.24574	6.08299	2.43319	9.47355e-08	0	0	0	0	0	0	0	0	
0.098	0.803227	-0.0290589	1.95288	1.24498	6.07822	2.43129	9.43406e-08	0	0	0	0	0	0	0	0	
0.099	0.803678	-0.0294147	1.95253	1.24428	6.07374	2.4295	9.42903e-08	0	0	0	0	0	0	0	0	
0.1	0.804089	-0.0297785	1.95218	1.24364	6.06954	2.42782	9.46269e-08	0	0	0	0	0	0	0	0	
0.101	0.804459	-0.0301506	1.95182	1.24307	6.06564	2.42626	9.5104e-08	0	0	0	0	0	0	0	0	
0.102	0.804788	-0.0305312	1.95146	1.24256	6.06202	2.42481	9.5379e-08	0	0	0	0	0	0	0	0	
0.103	0.805076	-0.0309204	1.95108	1.24212	6.05869	2.42348	9.53138e-08	0	0	0	0	0	0	0	0	
0.104	0.805326	-0.031318	1.9507	1.24173	6.05563	2.42225	9.5017e-08	0	0	0	0	0	0	0	0	
0.105	0.805537	-0.031724	1.95031	1.24141	6.05284	2.42114	9.46445e-08	0	0	0	0	0	0	0	0	
0.106	0.805713	-0.0321379	1.94992	1.24114	6.05029	2.42012	9.4262e-08	0	0	0	0	0	0	0	0	
0.107	0.805855	-0.0325595	1.94951	1.24092	6.04797	2.41919	9.38995e-08	0	0	0	0	0	0	0	0	
0.108	0.805965	-0.0329883	1.9491	1.24075	6.04585	2.41834	9.36236e-08	0	0	0	0	0	0	0	0	
0.109	0.806048	-0.0334238	1.94868	1.24062	6.04392	2.41757	9.34978e-08	0	0	0	0	0	0	0	0	
0.11	0.806106	-0.0338653	1.94824	1.24053	6.04214	2.41685	9.35353e-08	0	0	0	0	0	0	0	0	
0.111	0.806143	-0.0343124	1.9478	1.24047	6.04049	2.4162	9.37449e-08	0	0	0	0	0	0	0	0	
0.112	0.806161	-0.0347644	1.94735	1.24045	6.03895	2.41558	9.4159e-08	0	0	0	0	0	0	0	0	
0.113	0.806164	-0.0352207	1.94688	1.24044	6.03749	2.415	9.47674e-08	0	0	0	0	0	0	0	0	
0.114	0.806153	-0.0356809	1.94641	1.24046	6.0361	2.41444	9.54588e-08	0	0	0	0	0	0	0	0	
0.115	0.806132	-0.0361444	1.94592	1.24049	6.03476	2.4139	9.606e-08	0	0	0	0	0	0	0	0	
0.116	0.806101	-0.0366108	1.94543	1.24054	6.03345	2.41338	9.64285e-08	0	0	0	0	0	0	0	0	
0.117	0.806062	-0.0370797	1.94492	1.2406	6.03218	2.41287	9.65234e-08	0	0	0	0	0	0	0	0	
0.118	0.806017	-0.0375509	1.94441	1.24067	6.03092	2.41237	9.63865e-08	0	0	0	0	0	0	0	0	
0.119	0.805964	-0.0380241	1.94388	1.24075	6.02968	2.41187	9.60588e-08	0	0	0	0	0	0	0	0	
0.12	0.805905	-0.0384992	1.94335	1.24084	6.02847	2.41139	9.55471e-08	0	0	0	0	0	0	0	0	
0.121	0.805836	-0.0389761	1.9428	1.24095	6.02729	2.41092	9.48849e-08	0	0	0	0	0	0	0	0	
0.122	0.805757	-0.0394548	1.94225	1.24107	6.02616	2.41046	9.42004e-08	0	0	0	0	0	0	0	0	
0.123	0.805665	-0.0399352	1.94168	1.24121	6.02509	2.41004	9.36933e-08	0	0	0	0	0	0	0	0	
0.124	0.805556	-0.0404175	1.94111	1.24138	6.02412	2.40965	9.35319e-08	0	0	0	0	0	0	0	0	
0.125	0.80543	-0.0409019	1.94052	1.24157	6.02324	2.4093	9.3736e-08	0	0	0	0	0	0	0	0	
0.126	0.805282	-0.0413884	1.93992	1.2418	6.02248	2.40899	9.41439e-08	0	0	0	0	0	0	0	0	
0.127	0.805113	-0.0418774	1.93931	1.24206	6.02184	2.40874	9.45066e-08	0	0	0	0	0	0	0	0	
0.128	0.804922	-0.0423691	1.93868	1.24236	6.02134	2.40854	9.46375e-08	0	0	0	0	0	0	0	0	
0.129	0.804708	-0.0428638	1.93805	1.24269	6.02096	2.40839	9.45081e-08	0	0	0	0	0	0	0	0	
0.13	0.804471	-0.0433618	1.93739	1.24305	6.02071	2.40828	9.42374e-08	0	0	0	0	0	0	0	0	
0.131	0.804213	-0.0438637	1.93673	1.24345	6.02057	2.40823	9.40001e-08	0	0	0	0	0	0	0	0	
0.132	0.803935	-0.0443697	1.93605	1.24388	6.02054	2.40822	9.39151e-08	0	0	0	0	0	0	0	0	
0.133	0.803639	-0.0448804	1.93536	1.24434	6.0206	2.40824	9.39884e-08	0	0	0	0	0	0	0	0	
0.134	0.803327	-0.0453964	1.93465	1.24482	6.02074	2.4083	9.41297e-08	0	0	0	0	0	0	0	0	
0.135	0.802999	-0.045918	1.93393	1.24533	6.02095	2.40838	9.42142e-08	0	0	0	0	0	0	0	0	
0.136	0.80266	-0.0464458	1.93319	1.24586	6.02121	2.40848	9.41623e-08	0	0	0	0	0	0	0	0	
0.137	0.80231	-0.0469803	1.93245	1.2464	6.02151	2.4086	9.39854e-08	0	0	0	0	0	0	0	0	
0.138	0.801951	-0.047522	1.93169	1.24696	6.02184	2.40874	9.37592e-08	0	0	0	0	0	0	0	0	
0.139	0.801585	-0.0480713	1.93092	1.24753	6.02219	2.40888	9.35534e-08	0	0	0	0	0	0	0	0	
0.14	0.801213	-0.0486284	1.93014	1.24811	6.02255	2.40902	9.33848e-08	0	0	0	0	0	0	0	0	
0.141	0.800838	-0.0491935	1.92936	1.24869	6.02292	2.40917	9.32196e-08	0	0	0	0	0	0	0	0	
0.142	0.800462	-0.0497667	1.92857	1.24928	6.02329	2.40932	9.30051e-08	0	0	0	0	0	0	0	0	
0.143	0.800086	-0.0503478	1.92777	1.24986	6.02364	2.40946	9.27073e-08	0	0	0	0	0	0	0	0	
0.144	0.799715	-0.0509366	1.92698	1.25045	6.02395	2.40958	9.23397e-08	0	0	0	0	0	0	0	0	
0.145	0.799351	-0.0515325	1.92619	1.25102	6.02422	2.40969	9.19648e-08	0	0	0	0	0	0	0	0	
0.146	0.798997	-0.0521348	1.9254	1.25157	6.02441	2.40976	9.16625e-08	0	0	0	0	0	0	0	0	
0.147	0.798657	-0.0527425	1.92461	1.2521	6.02452	2.40981	9.14853e-08	0	0	0	0	0	0	0	0	
0.148	0.798331	-0.0533545	1.92383	1.25261	6.02454	2.40982	9.14326e-08	0	0	0	0	0	0	0	0	
0.149	0.798021	-0.0539693	1.92306	1.2531	6.02447	2.40979	9.14614e-08	0	0	0	0	0	0	0	0	
0.15	0.797725	-0.0545856	1.9223	1.25356	6.02432	2.40973	9.15182e-08	0	0	0	0	0	0	0	0	
0.151	0.797442	-0.0552015	1.92155	1.25401	6.02412	2.40965	9.15696e-08	0	0	0	0	0	0	0	0	
0.152	0.797169	-0.0558151	1.92082	1.25444	6.02388	2.40955	9.16153e-08	0	0	0	0	0	0	0	0	
0.153	0.796902	-0.0564247	1.9201	1.25486	6.02363	2.40945	9.16751e-08	0	0	0	0	0	0	0	0	
0.154	0.79664	-0.0570282	1.91939	1.25527	6.02341	2.40936	9.17603e-08	0	0	0	0	0	0	0	0	
0.155	0.796378	-0.0576237	1.91871	1.25569	6.02323	2.40929	9.18583e-08	0	0	0	0	0	0	0	0	
0.156	0.796115	-0.0582092	1.91804	1.2561	6.02312	2.40925	9.19443e-08	0	0	0	0	0	0	0	0	
0.157	0.795849	-0.058783	1.91739	1.25652	6.02309	2.40923	9.19965e-08	0	0	0	0	0	0	0	0	
0.158	0.795581	-0.0593434	1.91676	1.25694	6.02314	2.40925	9.19964e-08	0	0	0	0	0	0	0	0	
0.159	0.795309	-0.0598888	1.91614	1.25737	6.02327	2.40931	9.19279e-08	0	0	0	0	0	0	0	0	
0.16	0.795037	-0.060418	1.91555	1.2578	6.02348	2.40939	9.17926e-08	0	0	0	0	0	0	0	0	
0.161	0.794763	-0.0609299	1.91499	1.25824	6.02376	2.4095	9.16257e-08	0	0	0	0	0	0	0	0	
0.162	0.794491	-0.0614234	1.91444	1.25867	6.0241	2.40964	9.14842e-08	0	0	0	0	0	0	0	0	
0.163	0.794222	-0.0618978	1.91391	1.25909	6.0245	2.4098	9.14058e-08	0	0	0	0	0	0	0	0	
0.164	0.793957	-0.0623528	1.91341	1.25951	6.02493	2.40997	9.13757e-08	0	0	0	0	0	0	0	0	
0.165	0.793698	-0.0627879	1.91293	1.25993	6.02539	2.41016	9.13364e-08	0	0	0	0	0	0	0	0	
0.166	0.793446	-0.063203	1.91248	1.26033	6.02587	2.41035	9.12385e-08	0	0	0	0	0	0	0	0	
0.167	0.793202	-0.0635981	1.91205	1.26071	6.02635	2.41054	9.10935e-08	0	0	0	0	0	0	0	0	
0.168	0.792967	-0.0639734	1.91163	1.26109	6.02684	2.41074	9.099e-08	0	0	0	0	0	0	0	0	
0.169	0.792741	-0.064329	1.91124	1.26145	6.02733	2.41093	9.10611e-08	0	0	0	0	0	0	0	0	
0.17	0.792525	-0.0646655	1.91088	1.26179	6.02781	2.41112	9.14208e-08	0	0	0	0	0	0	0	0	
0.171	0.792318	-0.0649832	1.91053	1.26212	6.02828	2.41131	9.2107e-08	0	0	0	0	0	0	0	0	
0.172	0.792121	-0.0652826	1.9102	1.26243	6.02873	2.41149	9.30591e-08	0	0	0	0	0	0	0	0	
0.173	0.791935	-0.0655645	1.90988	1.26273	6.02917	2.41167	9.41422e-08	0	0	0	0	0	0	0	0	
0.174	0.791758	-0.0658295	1.90959	1.26301	6.02958	2.41183	9.51987e-08	0	0	0	0	0	0	0	0	
0.175	0.791592	-0.0660785	1.90931	1.26328	6.02995	2.41198	9.6099e-08	0	0	0	0	0	0	0	0	
0.176	0.791437	-0.0663123	1.90904	1.26352	6.03029	2.41212	9.67661e-08	0	0	0	0	0	0	0	0	
0.177	0.791293	-0.066532	1.90878	1.26375	6.03059	2.41223	9.71703e-08	0	0	0	0	0	0	0	0	
0.178	0.791161	-0.0667386	1.90854	1.26397	6.03083	2.41233	9.73069e-08	0	0	0	0	0	0	0	0	
0.179	0.79104	-0.0669335	1.90831	1.26416	6.03103	2.41241	9.71743e-08	0	0	0	0	0	0	0	0	
0.18	0.790929	-0.067118	1.90809	1.26434	6.03118	2.41247	9.67651e-08	0	0	0	0	0	0	0	0	
0.181	0.790829	-0.0672935	1.90789	1.2645	6.03129	2.41251	9.60726e-08	0	0	0	0	0	0	0	0	
0.182	0.790738	-0.0674616	1.90769	1.26464	6.03136	2.41254	9.51042e-08	0	0	0	0	0	0	0	0	
0.183	0.790655	-0.067624	1.90751	1.26477	6.03141	2.41256	9.38956e-08	0	0	0	0	0	0	0	0	
0.184	0.790578	-0.0677822	1.90733	1.2649	6.03145	2.41258	9.25156e-08	0	0	0	0	0	0	0	0	
0.185	0.790507	-0.0679381	1.90717	1.26501	6.03149	2.41259	9.10632e-08	0	0	0	0	0	0	0	0	
0.186	0.790441	-0.0680932	1.90703	1.26512	6.03153	2.41261	8.96548e-08	0	0	0	0	0	0	0	0	
0.187	0.790378	-0.0682491	1.90689	1.26522	6.03159	2.41264	8.8407e-08	0	0	0	0	0	0	0	0	
0.188	0.790319	-0.0684075	1.90678	1.26531	6.03167	2.41267	8.74164e-08	0	0	0	0	0	0	0	0	
0.189	0.790262	-0.0685694	1.90667	1.2654	6.03178	2.41271	8.67431e-08	0	0	0	0	0	0	0	0	
0.19	0.790208	-0.0687361	1.90659	1.26549	6.03192	2.41277	8.64007e-08	0	0	0	0	0	0	0	0	
0.191	0.790156	-0.0689084	1.90652	1.26557	6.03209	2.41284	8.63547e-08	0	0	0	0	0	0	0	0	
0.192	0.790107	-0.0690868	1.90646	1.26565	6.03229	2.41292	8.65318e-08	0	0	0	0	0	0	0	0	
0.193	0.79006	-0.0692716	1.90642	1.26573	6.03251	2.41301	8.68365e-08	0	0	0	0	0	0	0	0	
0.194	0.790017	-0.0694628	1.90639	1.2658	6.03276	2.4131	8.71729e-08	0	0	0	0	0	0	0	0	
0.195	0.789976	-0.06966	1.90638	1.26586	6.03302	2.41321	8.74666e-08	0	0	0	0	0	0	0	0	
0.196	0.789937	-0.0698625	1.90637	1.26592	6.0333	2.41332	8.76798e-08	0	0	0	0	0	0	0	0	
0.197	0.789901	-0.0700697	1.90637	1.26598	6.03358	2.41343	8.78152e-08	0	0	0	0	0	0	0	0	
0.198	0.789867	-0.0702805	1.90638	1.26604	6.03387	2.41355	8.79062e-08	0	0	0	0	0	0	0	0	
0.199	0.789835	-0.0704937	1.9064	1.26609	6.03416	2.41367	8.79967e-08	0	0	0	0	0	0	0	0	
0.2	0.789803	-0.0707082	1.90641	1.26614	6.03445	2.41378	8.81184e-08	0	0	0	0	0	0	0	0	
0.201	0.789772	-0.0709227	1.90643	1.26619	6.03474	2.41389	8.8274e-08	0	0	0	0	0	0	0	0	
0.202	0.789742	-0.0711359	1.90644	1.26624	6.03501	2.414	8.84338e-08	0	0	0	0	0	0	0	0	
0.203	0.789711	-0.0713465	1.90645	1.26629	6.03528	2.41411	8.85484e-08	0	0	0	0	0	0	0	0	
0.204	0.789679	-0.0715535	1.90645	1.26634	6.03553	2.41421	8.85698e-08	0	0	0	0	0	0	0	0	
0.205	0.789646	-0.0717558	1.90645	1.26639	6.03577	2.41431	8.8474e-08	0	0	0	0	0	0	0	0	
0.206	0.789613	-0.0719524	1.90644	1.26644	6.036	2.4144	8.82715e-08	0	0	0	0	0	0	0	0	
0.207	0.789579	-0.0721425	1.90642	1.2665	6.03621	2.41448	8.80037e-08	0	0	0	0	0	0	0	0	
0.208	0.789544	-0.0723255	1.9064	1.26655	6.03639	2.41456	8.77257e-08	0	0	0	0	0	0	0	0	
0.209	0.789509	-0.0725007	1.90637	1.26661	6.03656	2.41462	8.74845e-08	0	0	0	0	0	0	0	0	
0.21	0.789475	-0.0726678	1.90633	1.26667	6.0367	2.41468	8.73037e-08	0	0	0	0	0	0	0	0	
0.211	0.78944	-0.0728264	1.90629	1.26672	6.03683	2.41473	8.71802e-08	0	0	0	0	0	0	0	0	
0.212	0.789407	-0.0729763	1.90624	1.26677	6.03693	2.41477	8.70929e-08	0	0	0	0	0	0	0	0	
0.213	0.789375	-0.0731172	1.90619	1.26682	6.03702	2.41481	8.70171e-08	0	0	0	0	0	0	0	0	
0.214	0.789345	-0.0732488	1.90614	1.26687	6.03709	2.41484	8.6936e-08	0	0	0	0	0	0	0	0	
0.215	0.789317	-0.0733709	1.90609	1.26692	6.03715	2.41486	8.68453e-08	0	0	0	0	0	0	0	0	
0.216	0.789292	-0.0734831	1.90604	1.26696	6.0372	2.41488	8.67493e-08	0	0	0	0	0	0	0	0	
0.217	0.789269	-0.0735851	1.90601	1.26699	6.03725	2.4149	8.66549e-08	0	0	0	0	0	0	0	0	
0.218	0.78925	-0.0736762	1.90597	1.26703	6.03729	2.41492	8.65672e-08	0	0	0	0	0	0	0	0	
0.219	0.789234	-0.0737559	1.90595	1.26705	6.03734	2.41494	8.64895e-08	0	0	0	0	0	0	0	0	
0.22	0.789221	-0.0738235	1.90594	1.26707	6.0374	2.41496	8.64259e-08	0	0	0	0	0	0	0	0	
0.221	0.789213	-0.0738782	1.90594	1.26708	6.03747	2.41499	8.63839e-08	0	0	0	0	0	0	0	0	
0.222	0.78921	-0.0739194	1.90596	1.26709	6.03756	2.41502	8.63733e-08	0	0	0	0	0	0	0	0	
0.223	0.789211	-0.0739464	1.906	1.26709	6.03767	2.41507	8.64031e-08	0	0	0	0	0	0	0	0	
0.224	0.789219	-0.0739584	1.90606	1.26708	6.0378	2.41512	8.64764e-08	0	0	0	0	0	0	0	0	
0.225	0.789232	-0.0739549	1.90614	1.26705	6.03796	2.41518	8.65883e-08	0	0	0	0	0	0	0	0	
0.226	0.789252	-0.0739355	1.90625	1.26702	6.03815	2.41526	8.67253e-08	0	0	0	0	0	0	0	0	
0.227	0.78928	-0.0738997	1.90639	1.26698	6.03838	2.41535	8.6868e-08	0	0	0	0	0	0	0	0	
0.228	0.789315	-0.0738475	1.90656	1.26692	6.03865	2.41546	8.6994e-08	0	0	0	0	0	0	0	0	
0.229	0.789358	-0.0737789	1.90677	1.26685	6.03898	2.41559	8.70808e-08	0	0	0	0	0	0	0	0	
0.23	0.78941	-0.0736941	1.90702	1.26677	6.03937	2.41575	8.71088e-08	0	0	0	0	0	0	0	0	
0.231	0.78947	-0.0735934	1.90731	1.26667	6.03983	2.41593	8.70644e-08	0	0	0	0	0	0	0	0	
0.232	0.78954	-0.0734775	1.90764	1.26656	6.04037	2.41615	8.69428e-08	0	0	0	0	0	0	0	0	
0.233	0.789619	-0.0733467	1.90803	1.26643	6.04099	2.4164	8.67492e-08	0	0	0	0	0	0	0	0	
0.234	0.789709	-0.0732016	1.90847	1.26629	6.0417	2.41668	8.64994e-08	0	0	0	0	0	0	0	0	
0.235	0.789811	-0.0730427	1.90897	1.26613	6.04248	2.41699	8.62172e-08	0	0	0	0	0	0	0	0	
0.236	0.789927	-0.0728701	1.90952	1.26594	6.04333	2.41733	8.5931e-08	0	0	0	0	0	0	0	0	
0.237	0.790058	-0.072684	1.91012	1.26573	6.04424	2.4177	8.56694e-08	0	0	0	0	0	0	0	0	
0.238	0.790209	-0.0724842	1.91078	1.26549	6.04519	2.41807	8.54573e-08	0	0	0	0	0	0	0	0	
0.239	0.79038	-0.0722706	1.9115	1.26521	6.04614	2.41845	8.53125e-08	0	0	0	0	0	0	0	0	
0.24	0.790576	-0.0720429	1.91227	1.2649	6.04707	2.41883	8.52442e-08	0	0	0	0	0	0	0	0	
0.241	0.790798	-0.0718008	1.91308	1.26455	6.04796	2.41918	8.52528e-08	0	0	0	0	0	0	0	0	
0.242	0.791048	-0.071544	1.91395	1.26415	6.04878	2.41951	8.53303e-08	0	0	0	0	0	0	0	0	
0.243	0.791326	-0.0712721	1.91486	1.2637	6.04952	2.41981	8.54622e-08	0	0	0	0	0	0	0	0	
0.244	0.791633	-0.0709848	1.9158	1.26321	6.05016	2.42006	8.56302e-08	0	0	0	0	0	0	0	0	
0.245	0.791966	-0.0706819	1.91678	1.26268	6.0507	2.42028	8.58148e-08	0	0	0	0	0	0	0	0	
0.246	0.792322	-0.070363	1.91779	1.26211	6.05116	2.42046	8.59986e-08	0	0	0	0	0	0	0	0	
0.247	0.792698	-0.0700278	1.91882	1.26152	6.05153	2.42061	8.61681e-08	0	0	0	0	0	0	0	0	
0.248	0.793088	-0.0696763	1.91986	1.26089	6.05185	2.42074	8.63146e-08	0	0	0	0	0	0	0	0	
0.249	0.793486	-0.0693085	1.92091	1.26026	6.05214	2.42085	8.64342e-08	0	0	0	0	0	0	0	0	
0.25	0.793888	-0.0689251	1.92197	1.25962	6.05241	2.42096	8.65268e-08	0	0	0	0	0	0	0	0	
0.251	0.794287	-0.0685269	1.92303	1.25899	6.05269	2.42108	8.65945e-08	0	0	0	0	0	0	0	0	
0.252	0.794679	-0.0681154	1.92408	1.25837	6.05301	2.42121	8.6641e-08	0	0	0	0	0	0	0	0	
0.253	0.79506	-0.0676922	1.92512	1.25777	6.05339	2.42136	8.66703e-08	0	0	0	0	0	0	0	0	
0.254	0.795426	-0.0672595	1.92615	1.25719	6.05384	2.42154	8.66871e-08	0	0	0	0	0	0	0	0	
0.255	0.795774	-0.0668192	1.92717	1.25664	6.05437	2.42175	8.66952e-08	0	0	0	0	0	0	0	0	
0.256	0.796104	-0.0663736	1.92816	1.25612	6.05498	2.42199	8.66981e-08	0	0	0	0	0	0	0	0	
0.257	0.796414	-0.0659247	1.92913	1.25563	6.05568	2.42227	8.66982e-08	0	0	0	0	0	0	0	0	
0.258	0.796704	-0.0654742	1.93008	1.25517	6.05644	2.42258	8.66964e-08	0	0	0	0	0	0	0	0	
0.259	0.796974	-0.0650239	1.931	1.25475	6.05728	2.42291	8.66919e-08	0	0	0	0	0	0	0	0	
0.26	0.797225	-0.0645752	1.93189	1.25435	6.05818	2.42327	8.66826e-08	0	0	0	0	0	0	0	0	
0.261	0.797458	-0.0641293	1.93276	1.25398	6.05912	2.42365	8.66652e-08	0	0	0	0	0	0	0	0	
0.262	0.797676	-0.0636872	1.9336	1.25364	6.0601	2.42404	8.66366e-08	0	0	0	0	0	0	0	0	
0.263	0.79788	-0.0632492	1.93441	1.25332	6.06111	2.42444	8.65948e-08	0	0	0	0	0	0	0	0	
0.264	0.798071	-0.0628155	1.9352	1.25302	6.06213	2.42485	8.65402e-08	0	0	0	0	0	0	0	0	
0.265	0.798252	-0.0623857	1.93597	1.25274	6.06316	2.42526	8.64761e-08	0	0	0	0	0	0	0	0	
0.266	0.798425	-0.0619589	1.93672	1.25247	6.06419	2.42568	8.64079e-08	0	0	0	0	0	0	0	0	
0.267	0.798592	-0.0615339	1.93745	1.2522	6.06522	2.42609	8.63416e-08	0	0	0	0	0	0	0	0	
0.268	0.798757	-0.0611089	1.93818	1.25194	6.06623	2.42649	8.62816e-08	0	0	0	0	0	0	0	0	
0.269	0.798923	-0.0606814	1.9389	1.25169	6.06724	2.42689	8.62292e-08	0	0	0	0	0	0	0	0	
0.27	0.799091	-0.0602485	1.93963	1.25142	6.06822	2.42729	8.6181e-08	0	0	0	0	0	0	0	0	
0.271	0.799267	-0.0598069	1.94036	1.25115	6.06918	2.42767	8.61297e-08	0	0	0	0	0	0	0	0	
0.272	0.799452	-0.0593527	1.94111	1.25086	6.07013	2.42805	8.60657e-08	0	0	0	0	0	0	0	0	
0.273	0.799651	-0.0588821	1.94189	1.25055	6.07105	2.42842	8.59794e-08	0	0	0	0	0	0	0	0	
0.274	0.799868	-0.0583913	1.9427	1.25021	6.07195	2.42878	8.58637e-08	0	0	0	0	0	0	0	0	
0.275	0.800106	-0.0578768	1.94356	1.24983	6.07283	2.42913	8.57172e-08	0	0	0	0	0	0	0	0	
0.276	0.80037	-0.0573352	1.94449	1.24942	6.07371	2.42948	8.55443e-08	0	0	0	0	0	0	0	0	
0.277	0.800662	-0.0567631	1.94548	1.24897	6.0746	2.42984	8.53567e-08	0	0	0	0	0	0	0	0	
0.278	0.800985	-0.0561568	1.94655	1.24846	6.0755	2.4302	8.51714e-08	0	0	0	0	0	0	0	0	
0.279	0.801343	-0.055512	1.94772	1.2479	6.07644	2.43057	8.50087e-08	0	0	0	0	0	0	0	0	
0.28	0.801737	-0.0548242	1.949	1.24729	6.07742	2.43097	8.48898e-08	0	0	0	0	0	0	0	0	
0.281	0.802167	-0.0540891	1.95038	1.24662	6.07847	2.43139	8.48331e-08	0	0	0	0	0	0	0	0	
0.282	0.802636	-0.0533027	1.95188	1.2459	6.0796	2.43184	8.48521e-08	0	0	0	0	0	0	0	0	
0.283	0.803144	-0.0524623	1.95351	1.24511	6.08083	2.43233	8.49532e-08	0	0	0	0	0	0	0	0	
0.284	0.803693	-0.051566	1.95528	1.24426	6.08218	2.43287	8.5135e-08	0	0	0	0	0	0	0	0	
0.285	0.804284	-0.0506118	1.95719	1.24334	6.08366	2.43346	8.53889e-08	0	0	0	0	0	0	0	0	
0.286	0.804916	-0.0495972	1.95926	1.24237	6.08528	2.43411	8.56999e-08	0	0	0	0	0	0	0	0	
0.287	0.805589	-0.0485183	1.96147	1.24133	6.08706	2.43482	8.60491e-08	0	0	0	0	0	0	0	0	
0.288	0.806302	-0.0473703	1.96383	1.24023	6.08899	2.4356	8.64157e-08	0	0	0	0	0	0	0	0	
0.289	0.807052	-0.0461489	1.96633	1.23908	6.09107	2.43643	8.67788e-08	0	0	0	0	0	0	0	0	
0.29	0.807839	-0.0448513	1.96896	1.23787	6.09331	2.43732	8.71192e-08	0	0	0	0	0	0	0	0	
0.291	0.808662	-0.0434767	1.97174	1.23661	6.0957	2.43828	8.74207e-08	0	0	0	0	0	0	0	0	
0.292	0.809521	-0.0420258	1.97466	1.2353	6.09824	2.4393	8.76702e-08	0	0	0	0	0	0	0	0	
0.293	0.810416	-0.0405001	1.97772	1.23393	6.10093	2.44037	8.78584e-08	0	0	0	0	0	0	0	0	
0.294	0.811346	-0.0389012	1.98091	1.23252	6.10377	2.44151	8.79791e-08	0	0	0	0	0	0	0	0	
0.295	0.812312	-0.037231	1.98424	1.23105	6.10675	2.4427	8.80296e-08	0	0	0	0	0	0	0	0	
0.296	0.813312	-0.0354902	1.98769	1.22954	6.10987	2.44395	8.80098e-08	0	0	0	0	0	0	0	0	
0.297	0.814341	-0.0336775	1.99127	1.22799	6.11312	2.44525	8.79227e-08	0	0	0	0	0	0	0	0	
0.298	0.815398	-0.0317897	1.99494	1.22639	6.11647	2.44659	8.77735e-08	0	0	0	0	0	0	0	0	
0.299	0.816479	-0.0298246	1.99872	1.22477	6.11992	2.44797	8.75696e-08	0	0	0	0	0	0	0	0	
0.3	0.817583	-0.0277854	2.00258	1.22312	6.12346	2.44939	8.732e-08	0	0	0	0	0	0	0	0	
0.301	0.818714	-0.0256818	2.00654	1.22143	6.1271	2.45084	8.70345e-08	0	0	0	0	0	0	0	0	
0.302	0.819876	-0.0235262	2.0106	1.2197	6.13082	2.45233	8.67234e-08	0	0	0	0	0	0	0	0	
0.303	0.821068	-0.0213244	2.01478	1.21793	6.13462	2.45385	8.63963e-08	0	0	0	0	0	0	0	0	
0.304	0.822284	-0.0190698	2.01903	1.21613	6.13847	2.45539	8.60622e-08	0	0	0	0	0	0	0	0	
0.305	0.823517	-0.0167517	2.02333	1.2143	6.14234	2.45694	8.57291e-08	0	0	0	0	0	0	0	0	
0.306	0.824769	-0.0143733	2.02768	1.21246	6.14621	2.45849	8.54042e-08	0	0	0	0	0	0	0	0	
0.307	0.826048	-0.0119527	2.03211	1.21058	6.15011	2.46004	8.50939e-08	0	0	0	0	0	0	0	0	
0.308	0.827352	-0.00949458	2.03661	1.20868	6.15401	2.4616	8.48043e-08	0	0	0	0	0	0	0	0	
0.309	0.828708	-0.00702437	2.04127	1.2067	6.15799	2.46319	8.45411e-08	0	0	0	0	0	0	0	0	
0.31	0.830109	-0.00460635	2.04606	1.20466	6.16202	2.46481	8.43098e-08	0	0	0	0	0	0	0	0	
0.311	0.831409	-0.00199882	2.05048	1.20278	6.16567	2.46627	8.41155e-08	0	0	0	0	0	0	0	0	
0.312	0.832876	0.000608302	2.05546	1.20066	6.16975	2.4679	8.39622e-08	0	0	0	0	0	0	0	0	
0.313	0.834874	0.00512375	2.06225	1.19779	6.17533	2.47013	8.38533e-08	0	0	0	0	0	0	0	0	
0.314	0.837131	0.00930187	2.06993	1.19456	6.18162	2.47265	8.37904e-08	0	0	0	0	0	0	0	0	
0.315	0.839368	0.0133823	2.07754	1.19137	6.1878	2.47512	8.37741e-08	0	0	0	0	0	0	0	0	
0.316	0.841557	0.0173666	2.08498	1.18827	6.19381	2.47752	8.38033e-08	0	0	0	0	0	0	0	0	
0.317	0.843708	0.0212759	2.09229	1.18524	6.19969	2.47987	8.38759e-08	0	0	0	0	0	0	0	0	
0.318	0.845827	0.025126	2.0995	1.18227	6.20548	2.48219	8.39883e-08	0	0	0	0	0	0	0	0	
0.319	0.847922	0.0289294	2.10665	1.17935	6.21121	2.48448	8.4136e-08	0	0	0	0	0	0	0	0	
0.32	0.849996	0.0326955	2.11374	1.17648	6.21691	2.48676	8.43137e-08	0	0	0	0	0	0	0	0	
0.321	0.852054	0.0364314	2.12079	1.17363	6.2226	2.48904	8.45161e-08	0	0	0	0	0	0	0	0	
0.322	0.854098	0.0401427	2.12783	1.17083	6.22829	2.49132	8.47379e-08	0	0	0	0	0	0	0	0	
0.323	0.856131	0.0438339	2.13485	1.16804	6.23401	2.49361	8.49738e-08	0	0	0	0	0	0	0	0	
0.324	0.858157	0.0475088	2.14188	1.16529	6.23977	2.49591	8.52191e-08	0	0	0	0	0	0	0	0	
0.325	0.860177	0.0511702	2.14892	1.16255	6.24558	2.49823	8.54693e-08	0	0	0	0	0	0	0	0	
0.326	0.862194	0.0548207	2.15598	1.15983	6.25144	2.50058	8.57197e-08	0	0	0	0	0	0	0	0	
0.327	0.86421	0.058462	2.16307	1.15713	6.25737	2.50295	8.59652e-08	0	0	0	0	0	0	0	0	
0.328	0.866227	0.0620959	2.1702	1.15443	6.26336	2.50534	8.61996e-08	0	0	0	0	0	0	0	0	
0.329	0.868247	0.065724	2.17736	1.15175	6.26942	2.50777	8.6416e-08	0	0	0	0	0	0	0	0	
0.33	0.870272	0.0693475	2.18457	1.14907	6.27554	2.51022	8.66059e-08	0	0	0	0	0	0	0	0	
0.331	0.872302	0.0729683	2.19183	1.14639	6.28173	2.51269	8.67606e-08	0	0	0	0	0	0	0	0	
0.332	0.874341	0.0765878	2.19913	1.14372	6.28797	2.51519	8.68714e-08	0	0	0	0	0	0	0	0	
0.333	0.87639	0.080208	2.20649	1.14104	6.29425	2.5177	8.6931e-08	0	0	0	0	0	0	0	0	
0.334	0.87845	0.0838308	2.21389	1.13837	6.30056	2.52022	8.69346e-08	0	0	0	0	0	0	0	0	
0.335	0.880524	0.0874584	2.22134	1.13569	6.30688	2.52275	8.68814e-08	0	0	0	0	0	0	0	0	
0.336	0.882614	0.0910929	2.22884	1.133	6.31319	2.52528	8.67746e-08	0	0	0	0	0	0	0	0	
0.337	0.884721	0.0947366	2.23639	1.1303	6.31948	2.52779	8.66222e-08	0	0	0	0	0	0	0	0	
0.338	0.886846	0.0983914	2.24398	1.12759	6.32573	2.53029	8.64366e-08	0	0	0	0	0	0	0	0	
0.339	0.888992	0.102059	2.25161	1.12487	6.33192	2.53277	8.62328e-08	0	0	0	0	0	0	0	0	
0.34	0.891159	0.105743	2.25928	1.12213	6.33804	2.53522	8.60276e-08	0	0	0	0	0	0	0	0	
0.341	0.893347	0.109442	2.26699	1.11939	6.34408	2.53763	8.5837e-08	0	0	0	0	0	0	0	0	
0.342	0.895557	0.113159	2.27473	1.11662	6.35005	2.54002	8.56747e-08	0	0	0	0	0	0	0	0	
0.343	0.897786	0.116895	2.28251	1.11385	6.35595	2.54238	8.55496e-08	0	0	0	0	0	0	0	0	
0.344	0.900034	0.120649	2.29033	1.11107	6.36178	2.54471	8.54656e-08	0	0	0	0	0	0	0	0	
0.345	0.902299	0.124423	2.29818	1.10828	6.36756	2.54703	8.54202e-08	0	0	0	0	0	0	0	0	
0.346	0.904579	0.128217	2.30607	1.10549	6.37332	2.54933	8.54056e-08	0	0	0	0	0	0	0	0	
0.347	0.90687	0.13203	2.31399	1.10269	6.37906	2.55162	8.54097e-08	0	0	0	0	0	0	0	0	
0.348	0.909171	0.135862	2.32196	1.0999	6.38481	2.55393	8.54179e-08	0	0	0	0	0	0	0	0	
0.349	0.911479	0.139712	2.32996	1.09712	6.3906	2.55624	8.54153e-08	0	0	0	0	0	0	0	0	
0.35	0.913792	0.14358	2.33801	1.09434	6.39644	2.55857	8.53891e-08	0	0	0	0	0	0	0	0	
0.351	0.916108	0.147466	2.3461	1.09157	6.40234	2.56094	8.53302e-08	0	0	0	0	0	0	0	0	
0.352	0.918425	0.151369	2.35423	1.08882	6.40834	2.56333	8.52349e-08	0	0	0	0	0	0	0	0	
0.353	0.920741	0.155288	2.36241	1.08608	6.41443	2.56577	8.51048e-08	0	0	0	0	0	0	0	0	
0.354	0.923057	0.159223	2.37064	1.08336	6.42062	2.56825	8.49476e-08	0	0	0	0	0	0	0	0	
0.355	0.925372	0.163174	2.37892	1.08065	6.42692	2.57077	8.47754e-08	0	0	0	0	0	0	0	0	
0.356	0.927686	0.16714	2.38724	1.07795	6.43333	2.57333	8.46034e-08	0	0	0	0	0	0	0	0	
0.357	0.929999	0.171121	2.39562	1.07527	6.43985	2.57594	8.44485e-08	0	0	0	0	0	0	0	0	
0.358	0.932312	0.175117	2.40405	1.0726	6.44648	2.57859	8.43272e-08	0	0	0	0	0	0	0	0	
0.359	0.934627	0.179128	2.41253	1.06995	6.4532	2.58128	8.42536e-08	0	0	0	0	0	0	0	0	
0.36	0.936946	0.183154	2.42107	1.0673	6.46	2.584	8.42384e-08	0	0	0	0	0	0	0	0	
0.361	0.93927	0.187195	2.42965	1.06466	6.46687	2.58675	8.42874e-08	0	0	0	0	0	0	0	0	
0.362	0.941602	0.19125	2.4383	1.06202	6.47379	2.58952	8.44012e-08	0	0	0	0	0	0	0	0	
0.363	0.943946	0.19532	2.44699	1.05938	6.48075	2.5923	8.4575e-08	0	0	0	0	0	0	0	0	
0.364	0.946305	0.199404	2.45574	1.05674	6.48771	2.59508	8.47996e-08	0	0	0	0	0	0	0	0	
0.365	0.948683	0.203502	2.46455	1.05409	6.49466	2.59786	8.50618e-08	0	0	0	0	0	0	0	0	
0.366	0.951083	0.207614	2.47342	1.05143	6.50158	2.60063	8.5346e-08	0	0	0	0	0	0	0	0	
0.367	0.95351	0.211737	2.48234	1.04876	6.50844	2.60338	8.56358e-08	0	0	0	0	0	0	0	0	
0.368	0.955966	0.215873	2.49134	1.04606	6.51523	2.60609	8.5915e-08	0	0	0	0	0	0	0	0	
0.369	0.958455	0.220018	2.5004	1.04335	6.52194	2.60878	8.61692e-08	0	0	0	0	0	0	0	0	
0.37	0.960978	0.224174	2.50952	1.04061	6.52856	2.61143	8.63863e-08	0	0	0	0	0	0	0	0	
0.371	0.963536	0.228337	2.51872	1.03784	6.5351	2.61404	8.6557e-08	0	0	0	0	0	0	0	0	
0.372	0.96613	0.232509	2.528	1.03506	6.54156	2.61662	8.66747e-08	0	0	0	0	0	0	0	0	
0.373	0.968757	0.236687	2.53735	1.03225	6.54796	2.61918	8.67351e-08	0	0	0	0	0	0	0	0	
0.374	0.971415	0.240873	2.54678	1.02943	6.55431	2.62172	8.67362e-08	0	0	0	0	0	0	0	0	
0.375	0.9741	0.245066	2.55629	1.02659	6.56064	2.62426	8.66776e-08	0	0	0	0	0	0	0	0	
0.376	0.976809	0.249266	2.56587	1.02374	6.56698	2.62679	8.65605e-08	0	0	0	0	0	0	0	0	
0.377	0.979536	0.253474	2.57554	1.02089	6.57336	2.62934	8.63877e-08	0	0	0	0	0	0	0	0	
0.378	0.982277	0.257692	2.58527	1.01804	6.57979	2.63192	8.61634e-08	0	0	0	0	0	0	0	0	
0.379	0.985026	0.261922	2.59508	1.0152	6.58632	2.63453	8.58937e-08	0	0	0	0	0	0	0	0	
0.38	0.987779	0.266164	2.60495	1.01237	6.59295	2.63718	8.5586e-08	0	0	0	0	0	0	0	0	
0.381	0.990532	0.27042	2.61489	1.00956	6.59971	2.63989	8.52486e-08	0	0	0	0	0	0	0	0	
0.382	0.993282	0.274692	2.62489	1.00676	6.60661	2.64265	8.48901e-08	0	0	0	0	0	0	0	0	
0.383	0.996025	0.278982	2.63495	1.00399	6.61366	2.64546	8.4519e-08	0	0	0	0	0	0	0	0	
0.384	0.998761	0.283289	2.64506	1.00124	6.62085	2.64834	8.41427e-08	0	0	0	0	0	0	0	0	
0.385	1.00149	0.287616	2.65523	0.998513	6.6282	2.65128	8.37672e-08	0	0	0	0	0	0	0	0	
0.386	1.00421	0.291962	2.66545	0.995809	6.63568	2.65427	8.33976e-08	0	0	0	0	0	0	0	0	
0.387	1.00692	0.296328	2.67572	0.993125	6.6433	2.65732	8.30377e-08	0	0	0	0	0	0	0	0	
0.388	1.00963	0.300713	2.68604	0.99046	6.65103	2.66041	8.26913e-08	0	0	0	0	0	0	0	0	
0.389	1.01234	0.305116	2.69641	0.98781	6.65886	2.66354	8.23628e-08	0	0	0	0	0	0	0	0	
0.39	1.01505	0.309539	2.70685	0.985171	6.66677	2.66671	8.20579e-08	0	0	0	0	0	0	0	0	
0.391	1.01777	0.313978	2.71733	0.98254	6.67472	2.66989	8.1784e-08	0	0	0	0	0	0	0	0	
0.392	1.0205	0.318435	2.72788	0.979911	6.68269	2.67308	8.155e-08	0	0	0	0	0	0	0	0	
0.393	1.02325	0.322908	2.73848	0.977281	6.69066	2.67626	8.13662e-08	0	0	0	0	0	0	0	0	
0.394	1.02602	0.327396	2.74915	0.974643	6.69859	2.67943	8.12423e-08	0	0	0	0	0	0	0	0	
0.395	1.02881	0.331899	2.75987	0.971994	6.70645	2.68258	8.11864e-08	0	0	0	0	0	0	0	0	
0.396	1.03164	0.336417	2.77067	0.969331	6.71423	2.68569	8.12035e-08	0	0	0	0	0	0	0	0	
0.397	1.0345	0.340948	2.78152	0.966651	6.7219	2.68876	8.1294e-08	0	0	0	0	0	0	0	0	
0.398	1.0374	0.345493	2.79245	0.963953	6.72947	2.69179	8.14535e-08	0	0	0	0	0	0	0	0	
0.399	1.04033	0.350052	2.80344	0.961237	6.73693	2.69477	8.1673e-08	0	0	0	0	0	0	0	0	
0.4	1.04329	0.354623	2.8145	0.958505	6.74428	2.69771	8.19399e-08	0	0	0	0	0	0	0	0	
0.401	1.04629	0.359207	2.82563	0.955758	6.75156	2.70062	8.224e-08	0	0	0	0	0	0	0	0	
0.402	1.04932	0.363804	2.83684	0.953002	6.75877	2.70351	8.25593e-08	0	0	0	0	0	0	0	0	
0.403	1.05237	0.368413	2.84811	0.950239	6.76596	2.70638	8.28853e-08	0	0	0	0	0	0	0	0	
0.404	1.05544	0.373035	2.85945	0.947475	6.77315	2.70926	8.32079e-08	0	0	0	0	0	0	0	0	
0.405	1.05852	0.377668	2.87087	0.944714	6.78037	2.71215	8.35196e-08	0	0	0	0	0	0	0	0	
0.406	1.06162	0.382315	2.88236	0.94196	6.78766	2.71506	8.38148e-08	0	0	0	0	0	0	0	0	
0.407	1.06472	0.386973	2.89392	0.939217	6.79504	2.71802	8.40886e-08	0	0	0	0	0	0	0	0	
0.408	1.06782	0.391644	2.90555	0.936489	6.80253	2.72101	8.43369e-08	0	0	0	0	0	0	0	0	
0.409	1.07092	0.396327	2.91725	0.933777	6.81015	2.72406	8.45554e-08	0	0	0	0	0	0	0	0	
0.41	1.07402	0.401022	2.92903	0.931082	6.81791	2.72716	8.47408e-08	0	0	0	0	0	0	0	0	
0.411	1.07712	0.405729	2.94088	0.928404	6.8258	2.73032	8.48913e-08	0	0	0	0	0	0	0	0	
0.412	1.08021	0.410447	2.9528	0.925744	6.83384	2.73354	8.50078e-08	0	0	0	0	0	0	0	0	
0.413	1.08331	0.415176	2.9648	0.923099	6.842	2.7368	8.50941e-08	0	0	0	0	0	0	0	0	
0.414	1.0864	0.419916	2.97687	0.920468	6.85029	2.74011	8.51566e-08	0	0	0	0	0	0	0	0	
0.415	1.08951	0.424665	2.98902	0.917847	6.85867	2.74347	8.52037e-08	0	0	0	0	0	0	0	0	
0.416	1.09262	0.429424	3.00126	0.915234	6.86713	2.74685	8.52433e-08	0	0	0	0	0	0	0	0	
0.417	1.09574	0.434192	3.01357	0.912625	6.87564	2.75026	8.52819e-08	0	0	0	0	0	0	0	0	
0.418	1.09888	0.43897	3.02596	0.910017	6.88418	2.75367	8.53227e-08	0	0	0	0	0	0	0	0	
0.419	1.10204	0.443758	3.03843	0.907405	6.89271	2.75708	8.5366e-08	0	0	0	0	0	0	0	0	
0.42	1.10523	0.448555	3.05098	0.904787	6.90121	2.76048	8.54096e-08	0	0	0	0	0	0	0	0	
0.421	1.10845	0.453364	3.0636	0.902159	6.90964	2.76386	8.545e-08	0	0	0	0	0	0	0	0	
0.422	1.11171	0.458184	3.07631	0.899519	6.91799	2.7672	8.54844e-08	0	0	0	0	0	0	0	0	
0.423	1.11499	0.463015	3.08909	0.896866	6.92624	2.7705	8.55116e-08	0	0	0	0	0	0	0	0	
0.424	1.11832	0.467859	3.10194	0.894199	6.93438	2.77375	8.55322e-08	0	0	0	0	0	0	0	0	
0.425	1.12168	0.472714	3.11488	0.891519	6.94243	2.77697	8.55483e-08	0	0	0	0	0	0	0	0	
0.426	1.12508	0.477581	3.12789	0.888828	6.95038	2.78015	8.55626e-08	0	0	0	0	0	0	0	0	
0.427	1.1285	0.48246	3.14098	0.886129	6.95827	2.78331	8.55769e-08	0	0	0	0	0	0	0	0	
0.428	1.13196	0.487349	3.15415	0.883424	6.96613	2.78645	8.55913e-08	0	0	0	0	0	0	0	0	
0.429	1.13544	0.492248	3.16741	0.880718	6.97398	2.78959	8.56041e-08	0	0	0	0	0	0	0	0	
0.43	1.13893	0.497156	3.18075	0.878014	6.98186	2.79274	8.56118e-08	0	0	0	0	0	0	0	0	
0.431	1.14244	0.502074	3.19418	0.875317	6.9898	2.79592	8.56095e-08	0	0	0	0	0	0	0	0	
0.432	1.14596	0.507	3.2077	0.872629	6.99783	2.79913	8.55918e-08	0	0	0	0	0	0	0	0	
0.433	1.14949	0.511935	3.22131	0.869954	7.00598	2.80239	8.55542e-08	0	0	0	0	0	0	0	0	
0.434	1.15301	0.516879	3.23501	0.867294	7.01426	2.8057	8.54932e-08	0	0	0	0	0	0	0	0	
0.435	1.15654	0.521833	3.2488	0.864649	7.02267	2.80907	8.54077e-08	0	0	0	0	0	0	0	0	
0.436	1.16006	0.526797	3.26267	0.862021	7.03123	2.81249	8.52986e-08	0	0	0	0	0	0	0	0	
0.437	1.16359	0.531772	3.27663	0.85941	7.03991	2.81596	8.5168e-08	0	0	0	0	0	0	0	0	
0.438	1.16712	0.53676	3.29067	0.856813	7.04872	2.81949	8.50185e-08	0	0	0	0	0	0	0	0	
0.439	1.17064	0.541762	3.30479	0.854231	7.05763	2.82305	8.48514e-08	0	0	0	0	0	0	0	0	
0.44	1.17418	0.546777	3.31898	0.851661	7.06662	2.82665	8.46673e-08	0	0	0	0	0	0	0	0	
0.441	1.17772	0.551808	3.33325	0.849101	7.07568	2.83027	8.44671e-08	0	0	0	0	0	0	0	0	
0.442	1.18127	0.556856	3.3476	0.846548	7.08476	2.83391	8.42542e-08	0	0	0	0	0	0	0	0	
0.443	1.18483	0.561921	3.36202	0.844	7.09386	2.83754	8.40367e-08	0	0	0	0	0	0	0	0	
0.444	1.18842	0.567004	3.3765	0.841454	7.10293	2.84117	8.38286e-08	0	0	0	0	0	0	0	0	
0.445	1.19203	0.572108	3.39105	0.838907	7.11194	2.84478	8.36473e-08	0	0	0	0	0	0	0	0	
0.446	1.19566	0.577234	3.40566	0.836359	7.12089	2.84836	8.35092e-08	0	0	0	0	0	0	0	0	
0.447	1.19932	0.582384	3.42033	0.833808	7.12974	2.8519	8.34236e-08	0	0	0	0	0	0	0	0	
0.448	1.203	0.587561	3.43504	0.831255	7.13849	2.8554	8.33875e-08	0	0	0	0	0	0	0	0	
0.449	1.20671	0.592768	3.4498	0.828702	7.14714	2.85885	8.33848e-08	0	0	0	0	0	0	0	0	
0.45	1.21043	0.598004	3.46459	0.826151	7.15569	2.86228	8.33892e-08	0	0	0	0	0	0	0	0	
0.451	1.21418	0.603271	3.47943	0.823602	7.16417	2.86567	8.33717e-08	0	0	0	0	0	0	0	0	
0.452	1.21794	0.608562	3.49433	0.821057	7.17261	2.86905	8.33094e-08	0	0	0	0	0	0	0	0	
0.453	1.22172	0.61387	3.50931	0.818516	7.18106	2.87242	8.31916e-08	0	0	0	0	0	0	0	0	
0.454	1.22553	0.619185	3.5244	0.815975	7.18955	2.87582	8.30219e-08	0	0	0	0	0	0	0	0	
0.455	1.22936	0.624494	3.53964	0.813431	7.19814	2.87926	8.2816e-08	0	0	0	0	0	0	0	0	
0.456	1.23323	0.629783	3.55508	0.810881	7.20687	2.88275	8.25963e-08	0	0	0	0	0	0	0	0	
0.457	1.23713	0.635045	3.57074	0.808322	7.21577	2.88631	8.23868e-08	0	0	0	0	0	0	0	0	
0.458	1.24108	0.640274	3.58664	0.805752	7.22485	2.88994	8.22092e-08	0	0	0	0	0	0	0	0	
0.459	1.24506	0.645473	3.60277	0.803173	7.23411	2.89365	8.20796e-08	0	0	0	0	0	0	0	0	
0.46	1.24908	0.650652	3.61911	0.800589	7.24354	2.89742	8.20061e-08	0	0	0	0	0	0	0	0	
0.461	1.25312	0.655826	3.63561	0.798005	7.2531	2.90124	8.19871e-08	0	0	0	0	0	0	0	0	
0.462	1.25718	0.661011	3.65224	0.795429	7.26275	2.9051	8.20116e-08	0	0	0	0	0	0	0	0	
0.463	1.26125	0.666223	3.66895	0.792864	7.27246	2.90898	8.20623e-08	0	0	0	0	0	0	0	0	
0.464	1.26532	0.671473	3.68571	0.790316	7.28218	2.91287	8.2121e-08	0	0	0	0	0	0	0	0	
0.465	1.26938	0.676767	3.70249	0.787785	7.29191	2.91676	8.21733e-08	0	0	0	0	0	0	0	0	
0.466	1.27345	0.682107	3.7193	0.785268	7.30161	2.92064	8.22118e-08	0	0	0	0	0	0	0	0	
0.467	1.27752	0.687489	3.73614	0.782764	7.31129	2.92452	8.22366e-08	0	0	0	0	0	0	0	0	
0.468	1.28161	0.692907	3.75304	0.780268	7.32095	2.92838	8.22558e-08	0	0	0	0	0	0	0	0	
0.469	1.28572	0.698357	3.77002	0.777776	7.33058	2.93223	8.2286e-08	0	0	0	0	0	0	0	0	
0.47	1.28985	0.703833	3.7871	0.775284	7.3402	2.93608	8.23514e-08	0	0	0	0	0	0	0	0	
0.471	1.29401	0.70933	3.80429	0.77279	7.3498	2.93992	8.24783e-08	0	0	0	0	0	0	0	0	
0.472	1.29821	0.714848	3.8216	0.770293	7.35939	2.94376	8.2682e-08	0	0	0	0	0	0	0	0	
0.473	1.30243	0.720385	3.83905	0.767793	7.36899	2.9476	8.29529e-08	0	0	0	0	0	0	0	0	
0.474	1.30669	0.725941	3.85663	0.765291	7.3786	2.95144	8.32491e-08	0	0	0	0	0	0	0	0	
0.475	1.31098	0.731518	3.87434	0.762785	7.38822	2.95529	8.35057e-08	0	0	0	0	0	0	0	0	
0.476	1.31531	0.737117	3.89219	0.760279	7.39788	2.95915	8.36615e-08	0	0	0	0	0	0	0	0	
0.477	1.31966	0.742738	3.91018	0.757771	7.40756	2.96302	8.36936e-08	0	0	0	0	0	0	0	0	
0.478	1.32404	0.748384	3.92832	0.755262	7.41727	2.96691	8.36376e-08	0	0	0	0	0	0	0	0	
0.479	1.32846	0.754056	3.94659	0.752753	7.42703	2.97081	8.35761e-08	0	0	0	0	0	0	0	0	
0.48	1.3329	0.759755	3.96502	0.750243	7.43682	2.97473	8.35946e-08	0	0	0	0	0	0	0	0	
0.481	1.33738	0.765481	3.98359	0.747733	7.44666	2.97866	8.37341e-08	0	0	0	0	0	0	0	0	
0.482	1.34188	0.771236	4.00233	0.745222	7.45656	2.98262	8.39765e-08	0	0	0	0	0	0	0	0	
0.483	1.34642	0.777019	4.02123	0.742711	7.46654	2.98661	8.42743e-08	0	0	0	0	0	0	0	0	
0.484	1.35098	0.782831	4.04031	0.740202	7.47662	2.99065	8.45929e-08	0	0	0	0	0	0	0	0	
0.485	1.35557	0.788671	4.05958	0.737695	7.48683	2.99473	8.49185e-08	0	0	0	0	0	0	0	0	
0.486	1.36019	0.794542	4.07904	0.735192	7.49719	2.99888	8.52176e-08	0	0	0	0	0	0	0	0	
0.487	1.36483	0.80045	4.09868	0.732695	7.5077	3.00308	8.54036e-08	0	0	0	0	0	0	0	0	
0.488	1.36948	0.806409	4.11848	0.730206	7.51834	3.00733	8.53845e-08	0	0	0	0	0	0	0	0	
0.489	1.37414	0.812438	4.13837	0.727729	7.52902	3.01161	8.51707e-08	0	0	0	0	0	0	0	0	
0.49	1.3788	0.818563	4.15829	0.725266	7.53967	3.01587	8.49243e-08	0	0	0	0	0	0	0	0	
0.491	1.38347	0.824805	4.17818	0.722819	7.55016	3.02006	8.48722e-08	0	0	0	0	0	0	0	0	
0.492	1.38816	0.831167	4.19805	0.720378	7.56045	3.02418	8.51254e-08	0	0	0	0	0	0	0	0	
0.493	1.39291	0.837616	4.21803	0.717924	7.57056	3.02822	8.55743e-08	0	0	0	0	0	0	0	0	
0.494	1.39777	0.844078	4.23839	0.715425	7.58062	3.03225	8.59526e-08	0	0	0	0	0	0	0	0	
0.495	1.40283	0.85046	4.25948	0.712844	7.59086	3.03635	8.59607e-08	0	0	0	0	0	0	0	0	
0.496	1.40815	0.856685	4.28161	0.710154	7.6015	3.0406	8.54216e-08	0	0	0	0	0	0	0	0	
0.497	1.41372	0.862741	4.30485	0.707356	7.61266	3.04506	8.46081e-08	0	0	0	0	0	0	0	0	
0.498	1.41948	0.8687	4.32902	0.704485	7.62432	3.04973	8.41787e-08	0	0	0	0	0	0	0	0	
0.499	1.42532	0.874695	4.35369	0.701597	7.63634	3.05454	8.44457e-08	0	0	0	0	0	0	0	0	
0.5	1.43114	0.880859	4.37845	0.698744	7.64854	3.05941	8.52653e-08	0	0	0	0	0	0	0	0	
0.501	1.43687	0.887274	4.40304	0.695955	7.6608	3.06432	8.59827e-08	0	0	0	0	0	0	0	0	
0.502	1.44253	0.893953	4.42749	0.693225	7.67312	3.06925	8.56586e-08	0	0	0	0	0	0	0	0	
0.503	1.44816	0.900859	4.45197	0.69053	7.68555	3.07422	8.47869e-08	0	0	0	0	0	0	0	0	
0.504	1.45383	0.90794	4.47674	0.687839	7.69819	3.07928	8.30231e-08	0	0	0	0	0	0	0	0	
0.505	1.45959	0.915155	4.50204	0.685125	7.71114	3.08446	7.99303e-08	0	0	0	0	0	0	0	0	
0.506	1.46547	0.92249	4.52801	0.682374	7.72449	3.0898	7.85398e-08	0	0	0	0	0	0	0	0	
0.507	1.47149	0.929957	4.55474	0.679585	7.73833	3.09533	8.30453e-08	0	0	0	0	0	0	0	0	
0.508	1.47763	0.937582	4.58227	0.676759	7.75273	3.10109	8.14281e-08	0	0	0	0	0	0	0	0	
0.509	1.48393	0.945383	4.6107	0.673886	7.76772	3.10709	7.94441e-08	0	0	0	0	0	0	0	0	
0.51	1.49046	0.953376	4.6402	0.670935	7.78318	3.11327	8.86088e-08	0	0	0	0	0	0	0	0	
0.511	1.4973	0.961601	4.67085	0.667871	7.79881	3.11952	9.69197e-08	0	0	0	0	0	0	0	0	
0.512	1.50454	0.970123	4.70273	0.664656	7.81424	3.1257	1.89198e-07	0	0	0	0	0	0	0	0	
0.513	1.51228	0.978987	4.73605	0.661254	7.82932	3.13173	3.81356e-07	0	0	0	0	0	0	0	0	
0.514	1.5206	0.988219	4.77119	0.657636	7.84427	3.13771	7.71862e-07	0	0	0	0	0	0	0	0	
0.515	1.52948	0.99791	4.80843	0.653817	7.85958	3.14383	1.56516e-06	0	0	0	0	0	0	0	0	
0.516	1.53883	1.00825	4.84784	0.649843	7.87583	3.15033	3.18138e-06	0	0	0	0	0	0	0	0	
0.517	1.54867	1.01939	4.88992	0.645715	7.89373	3.15749	6.49659e-06	0	0	0	0	0	0	0	0	
0.518	1.55925	1.03134	4.93605	0.641334	7.91415	3.16566	1.33658e-05	0	0	0	0	0	0	0	0	
0.519	1.57088	1.04428	4.98761	0.636587	7.93762	3.17505	2.78107e-05	0	0	0	0	0	0	0	0	
0.52	1.5837	1.05881	5.04508	0.631432	7.96406	3.18562	5.86855e-05	0	0	0	0	0	0	0	0	
0.521	1.59805	1.0757	5.10965	0.625763	7.99357	3.19743	0.000125811	0	0	0	0	0	0	0	0	
0.522	1.61503	1.09542	5.18599	0.619184	8.02771	3.21108	0.000274998	0	0	0	0	0	0	0	0	
0.523	1.63635	1.11864	5.28156	0.611116	8.06911	3.22765	0.000613957	0	0	0	0	0	0	0	0	
0.524	1.66361	1.14781	5.4032	0.601101	8.11968	3.24787	0.00140086	0	0	0	0	0	0	0	0	
0.525	1.69934	1.18737	5.5609	0.588463	8.18096	3.27238	0.00329348	0	0	0	0	0	0	0	0	
0.526	1.7508	1.24242	5.78364	0.571166	8.25855	3.30342	0.00805225	0	0	0	0	0	0	0	0	
0.527	1.83407	1.32103	6.13217	0.545236	8.3587	3.34348	0.0205644	0	0	0	0	0	0	0	0	
0.528	1.97947	1.44316	6.69772	0.505186	8.45898	3.38359	0.05574	0	0	0	0	0	0	0	0	
0.529	2.25081	1.6376	7.58877	0.444285	8.42895	3.37158	0.159787	0	0	0	0	0	0	0	0	
0.53	2.536	1.74107	7.65445	0.394321	7.54578	3.01831	0.447998	0	0	0	0	0	0	0	0	
0.531	1.84959	1.07724	3.75958	0.540659	5.08163	2.03265	0.843957	0	0	0	0	0	0	0	0	
0.532	1.13558	0.214012	1.36494	0.88061	3.00494	1.20198	0.963028	0	0	0	0	0	0	0	0	
0.533	1.02953	0.0819066	1.12802	0.971315	2.73915	1.09566	0.966933	0	0	0	0	0	0	0	0	
0.534	1.02788	0.0805257	1.12484	0.972875	2.73583	1.09433	0.967277	0	0	0	0	0	0	0	0	
0.535	1.02797	0.080366	1.12438	0.972794	2.73447	1.09379	0.967613	0	0	0	0	0	0	0	0	
0.536	1.02805	0.0802158	1.12393	0.972719	2.73318	1.09327	0.967941	0	0	0	0	0	0	0	0	
0.537	1.02811	0.0800668	1.12349	0.972658	2.73194	1.09277	0.968262	0	0	0	0	0	0	0	0	
0.538	1.02816	0.079919	1.12305	0.972608	2.73073	1.09229	0.968577	0	0	0	0	0	0	0	0	
0.539	1.02821	0.0797723	1.12262	0.972564	2.72955	1.09182	0.968889	0	0	0	0	0	0	0	0	
0.54	1.02825	0.0796268	1.12219	0.972526	2.72839	1.09136	0.969197	0	0	0	0	0	0	0	0	
0.541	1.02828	0.0794825	1.12176	0.972498	2.72727	1.09091	0.969501	0	0	0	0	0	0	0	0	
0.542	1.02829	0.0793394	1.12133	0.972486	2.7262	1.09048	0.969798	0	0	0	0	0	0	0	0	
0.543	1.02828	0.0791975	1.12091	0.972494	2.72519	1.09008	0.970087	0	0	0	0	0	0	0	0	
0.544	1.02825	0.0790568	1.12049	0.972522	2.72424	1.0897	0.970368	0	0	0	0	0	0	0	0	
0.545	1.02821	0.0789174	1.12007	0.972561	2.72334	1.08933	0.970644	0	0	0	0	0	0	0	0	
0.546	1.02817	0.0787792	1.11965	0.9726	2.72244	1.08897	0.970918	0	0	0	0	0	0	0	0	
0.547	1.02814	0.0786422	1.11924	0.972628	2.72151	1.0886	0.971196	0	0	0	0	0	0	0	0	
0.548	1.02813	0.0785063	1.11883	0.972638	2.72054	1.08822	0.971479	0	0	0	0	0	0	0	0	
0.549	1.02814	0.0783714	1.11842	0.972633	2.71954	1.08782	0.971765	0	0	0	0	0	0	0	0	
0.55	1.02815	0.0782375	1.11802	0.972622	2.71852	1.08741	0.972054	0	0	0	0	0	0	0	0	
0.551	1.02816	0.0781045	1.11762	0.972612	2.71752	1.08701	0.97234	0	0	0	0	0	0	0	0	
0.552	1.02816	0.0779723	1.11722	0.972612	2.71655	1.08662	0.972623	0	0	0	0	0	0	0	0	
0.553	1.02814	0.077841	1.11682	0.972627	2.71563	1.08625	0.9729	0	0	0	0	0	0	0	0	
0.554	1.02811	0.0777106	1.11643	0.972657	2.71476	1.0859	0.973171	0	0	0	0	0	0	0	0	
0.555	1.02807	0.0775811	1.11604	0.972698	2.71393	1.08557	0.973439	0	0	0	0	0	0	0	0	
0.556	1.02802	0.0774524	1.11565	0.972745	2.71311	1.08525	0.973703	0	0	0	0	0	0	0	0	
0.557	1.02797	0.0773248	1.11527	0.972791	2.71231	1.08492	0.973967	0	0	0	0	0	0	0	0	
0.558	1.02793	0.0771981	1.11489	0.972833	2.7115	1.0846	0.974231	0	0	0	0	0	0	0	0	
0.559	1.02789	0.0770725	1.11451	0.97287	2.71068	1.08427	0.974497	0	0	0	0	0	0	0	0	
0.56	1.02785	0.0769481	1.11413	0.972906	2.70986	1.08395	0.974762	0	0	0	0	0	0	0	0	
0.561	1.02781	0.076825	1.11376	0.972947	2.70907	1.08363	0.975025	0	0	0	0	0	0	0	0	
0.562	1.02774	0.0767035	1.11338	0.973005	2.70832	1.08333	0.975283	0	0	0	0	0	0	0	0	
0.563	1.02766	0.0765837	1.11301	0.973083	2.70763	1.08305	0.975534	0	0	0	0	0	0	0	0	
0.564	1.02756	0.0764658	1.11264	0.973176	2.70699	1.0828	0.975782	0	0	0	0	0	0	0	0	
0.565	1.02747	0.0763498	1.11227	0.973264	2.70634	1.08254	0.976029	0	0	0	0	0	0	0	0	
0.566	1.0274	0.0762359	1.1119	0.973328	2.70562	1.08225	0.976284	0	0	0	0	0	0	0	0	
0.567	1.02738	0.0761239	1.11154	0.973353	2.70479	1.08192	0.976549	0	0	0	0	0	0	0	0	
0.568	1.02739	0.0760136	1.11117	0.97334	2.70387	1.08155	0.976824	0	0	0	0	0	0	0	0	
0.569	1.02743	0.0759049	1.11081	0.973301	2.70287	1.08115	0.977106	0	0	0	0	0	0	0	0	
0.57	1.02748	0.0757975	1.11044	0.973253	2.70185	1.08074	0.977391	0	0	0	0	0	0	0	0	
0.571	1.02753	0.0756911	1.11008	0.973208	2.70085	1.08034	0.977674	0	0	0	0	0	0	0	0	
0.572	1.02756	0.0755854	1.10972	0.973179	2.69989	1.07996	0.977952	0	0	0	0	0	0	0	0	
0.573	1.02757	0.0754803	1.10936	0.973174	2.69901	1.0796	0.978223	0	0	0	0	0	0	0	0	
0.574	1.02753	0.0753754	1.10901	0.973205	2.69823	1.07929	0.978484	0	0	0	0	0	0	0	0	
0.575	1.02745	0.0752707	1.10866	0.973284	2.6976	1.07904	0.978732	0	0	0	0	0	0	0	0	
0.576	1.02731	0.0751661	1.10831	0.973417	2.69712	1.07885	0.978966	0	0	0	0	0	0	0	0	
0.577	1.02712	0.0750617	1.10797	0.973597	2.69678	1.07871	0.979188	0	0	0	0	0	0	0	0	
0.578	1.02691	0.0749575	1.10763	0.973799	2.69651	1.07861	0.979403	0	0	0	0	0	0	0	0	
0.579	1.02671	0.0748539	1.10729	0.973984	2.6962	1.07848	0.979623	0	0	0	0	0	0	0	0	
0.58	1.02658	0.0747509	1.10696	0.974111	2.69574	1.0783	0.979856	0	0	0	0	0	0	0	0	
0.581	1.02653	0.0746487	1.10662	0.974157	2.69506	1.07802	0.980109	0	0	0	0	0	0	0	0	
0.582	1.02657	0.0745475	1.10629	0.974118	2.69415	1.07766	0.980382	0	0	0	0	0	0	0	0	
0.583	1.02668	0.0744475	1.10596	0.97401	2.69305	1.07722	0.980672	0	0	0	0	0	0	0	0	
0.584	1.02684	0.0743488	1.10563	0.973859	2.69183	1.07673	0.980972	0	0	0	0	0	0	0	0	
0.585	1.02702	0.0742515	1.10531	0.973689	2.69056	1.07622	0.981275	0	0	0	0	0	0	0	0	
0.586	1.0272	0.0741558	1.10498	0.973525	2.6893	1.07572	0.981576	0	0	0	0	0	0	0	0	
0.587	1.02734	0.0740615	1.10465	0.973391	2.68814	1.07525	0.981869	0	0	0	0	0	0	0	0	
0.588	1.02743	0.0739685	1.10432	0.973305	2.6871	1.07484	0.982151	0	0	0	0	0	0	0	0	
0.589	1.02746	0.0738767	1.10399	0.973271	2.68621	1.07448	0.98242	0	0	0	0	0	0	0	0	
0.59	1.02746	0.0737857	1.10367	0.973273	2.68543	1.07417	0.982681	0	0	0	0	0	0	0	0	
0.591	1.02744	0.0736952	1.10334	0.973289	2.68468	1.07387	0.982937	0	0	0	0	0	0	0	0	
0.592	1.02744	0.073605	1.10302	0.973297	2.68393	1.07357	0.983194	0	0	0	0	0	0	0	0	
0.593	1.02744	0.0735149	1.10271	0.97329	2.68313	1.07325	0.983454	0	0	0	0	0	0	0	0	
0.594	1.02747	0.0734247	1.10239	0.973267	2.6823	1.07292	0.983717	0	0	0	0	0	0	0	0	
0.595	1.02751	0.0733347	1.10208	0.973226	2.68143	1.07257	0.983982	0	0	0	0	0	0	0	0	
0.596	1.02757	0.0732452	1.10177	0.973168	2.68051	1.0722	0.98425	0	0	0	0	0	0	0	0	
0.597	1.02765	0.0731565	1.10145	0.973093	2.67954	1.07182	0.984521	0	0	0	0	0	0	0	0	
0.598	1.02774	0.0730691	1.10114	0.973008	2.67856	1.07142	0.984793	0	0	0	0	0	0	0	0	
0.599	1.02783	0.0729833	1.10083	0.972927	2.67758	1.07103	0.985063	0	0	0	0	0	0	0	0	
0.6	1.0279	0.0728993	1.10052	0.97286	2.67664	1.07066	0.985331	0	0	0	0	0	0	0	0	
0.601	1.02794	0.0728172	1.10021	0.97282	2.67577	1.07031	0.985593	0	0	0	0	0	0	0	0	
0.602	1.02795	0.0727365	1.0999	0.972812	2.675	1.07	0.985849	0	0	0	0	0	0	0	0	
0.603	1.02793	0.0726569	1.09959	0.972831	2.67429	1.06972	0.9861	0	0	0	0	0	0	0	0	
0.604	1.0279	0.0725776	1.09929	0.972856	2.67362	1.06945	0.986349	0	0	0	0	0	0	0	0	
0.605	1.02789	0.0724977	1.09898	0.972866	2.6729	1.06916	0.986599	0	0	0	0	0	0	0	0	
0.606	1.02791	0.0724165	1.09868	0.972848	2.67213	1.06885	0.986854	0	0	0	0	0	0	0	0	
0.607	1.02796	0.0723335	1.09839	0.972805	2.67129	1.06852	0.987112	0	0	0	0	0	0	0	0	
0.608	1.02802	0.0722484	1.0981	0.972748	2.67043	1.06817	0.987371	0	0	0	0	0	0	0	0	
0.609	1.02807	0.0721617	1.09781	0.972696	2.66959	1.06784	0.987629	0	0	0	0	0	0	0	0	
0.61	1.02811	0.0720741	1.09753	0.972661	2.66881	1.06752	0.987884	0	0	0	0	0	0	0	0	
0.611	1.02813	0.0719869	1.09725	0.972635	2.66806	1.06722	0.988137	0	0	0	0	0	0	0	0	
0.612	1.02816	0.0719015	1.09697	0.972614	2.66732	1.06693	0.988388	0	0	0	0	0	0	0	0	
0.613	1.02818	0.071819	1.09669	0.972593	2.66658	1.06663	0.98864	0	0	0	0	0	0	0	0	
0.614	1.0282	0.0717405	1.0964	0.97257	2.66582	1.06633	0.988892	0	0	0	0	0	0	0	0	
0.615	1.02822	0.0716663	1.09611	0.972556	2.66507	1.06603	0.989142	0	0	0	0	0	0	0	0	
0.616	1.0282	0.0715963	1.09582	0.972577	2.66442	1.06577	0.989389	0	0	0	0	0	0	0	0	
0.617	1.02812	0.0715294	1.09552	0.972647	2.66389	1.06555	0.989629	0	0	0	0	0	0	0	0	
0.618	1.02802	0.0714643	1.09522	0.972744	2.66343	1.06537	0.989865	0	0	0	0	0	0	0	0	
0.619	1.02793	0.071399	1.09493	0.972824	2.66293	1.06517	0.990103	0	0	0	0	0	0	0	0	
0.62	1.02792	0.0713315	1.09464	0.972834	2.66226	1.0649	0.99035	0	0	0	0	0	0	0	0	
0.621	1.028	0.0712604	1.09436	0.972761	2.66137	1.06455	0.990606	0	0	0	0	0	0	0	0	
0.622	1.02809	0.0711851	1.09409	0.972676	2.66048	1.06419	0.990864	0	0	0	0	0	0	0	0	
0.623	1.02811	0.0711065	1.09382	0.97266	2.65979	1.06391	0.991112	0	0	0	0	0	0	0	0	
0.624	1.02806	0.0710264	1.09356	0.972709	2.65928	1.06371	0.991353	0	0	0	0	0	0	0	0	
0.625	1.02801	0.0709475	1.0933	0.972755	2.65877	1.06351	0.991594	0	0	0	0	0	0	0	0	
0.626	1.02805	0.0708725	1.09303	0.972715	2.65802	1.06321	0.991843	0	0	0	0	0	0	0	0	
0.627	1.0282	0.0708036	1.09276	0.972571	2.65697	1.06279	0.992103	0	0	0	0	0	0	0	0	
0.628	1.02839	0.0707413	1.09248	0.972396	2.6558	1.06232	0.992368	0	0	0	0	0	0	0	0	
0.629	1.02848	0.0706849	1.09219	0.972313	2.65488	1.06195	0.992623	0	0	0	0	0	0	0	0	
0.63	1.02837	0.0706315	1.0919	0.972408	2.65443	1.06177	0.992861	0	0	0	0	0	0	0	0	
0.631	1.02815	0.0705772	1.09161	0.972623	2.65432	1.06173	0.993088	0	0	0	0	0	0	0	0	
0.632	1.02801	0.0705172	1.09134	0.972749	2.654	1.0616	0.993321	0	0	0	0	0	0	0	0	
0.633	1.02806	0.0704478	1.09108	0.972705	2.65324	1.0613	0.993568	0	0	0	0	0	0	0	0	
0.634	1.02824	0.0703672	1.09084	0.972538	2.6522	1.06088	0.993825	0	0	0	0	0	0	0	0	
0.635	1.02834	0.0702775	1.09061	0.972442	2.65139	1.06056	0.994077	0	0	0	0	0	0	0	0	
0.636	1.02823	0.0701839	1.09039	0.972541	2.65113	1.06045	0.994313	0	0	0	0	0	0	0	0	
0.637	1.02807	0.0700939	1.09017	0.972692	2.651	1.0604	0.994544	0	0	0	0	0	0	0	0	
0.638	1.02816	0.0700154	1.08994	0.972615	2.65022	1.06009	0.994792	0	0	0	0	0	0	0	0	
0.639	1.02849	0.0699546	1.08967	0.972301	2.64873	1.05949	0.995056	0	0	0	0	0	0	0	0	
0.64	1.02856	0.0699142	1.08938	0.97223	2.64783	1.05913	0.995307	0	0	0	0	0	0	0	0	
0.641	1.02822	0.0698913	1.08907	0.972555	2.64795	1.05918	0.995535	0	0	0	0	0	0	0	0	
0.642	1.02789	0.0698759	1.08875	0.972868	2.64802	1.05921	0.995763	0	0	0	0	0	0	0	0	
0.643	1.02802	0.069853	1.08844	0.97274	2.64692	1.05877	0.996014	0	0	0	0	0	0	0	0	
0.644	1.02842	0.0698075	1.08816	0.972365	2.64523	1.05809	0.996277	0	0	0	0	0	0	0	0	
0.645	1.02831	0.0697301	1.08794	0.972472	2.64497	1.05799	0.996517	0	0	0	0	0	0	0	0	
0.646	1.02793	0.0696222	1.08776	0.972832	2.64552	1.05821	0.996743	0	0	0	0	0	0	0	0	
0.647	1.02794	0.0694981	1.08761	0.972815	2.64511	1.05804	0.996984	0	0	0	0	0	0	0	0	
0.648	1.02859	0.0693786	1.08745	0.972207	2.64307	1.05723	0.997247	0	0	0	0	0	0	0	0	
0.649	1.02888	0.069272	1.08727	0.971934	2.6419	1.05676	0.9975	0	0	0	0	0	0	0	0	
0.65	1.02825	0.0691758	1.08709	0.972529	2.64306	1.05722	0.997724	0	0	0	0	0	0	0	0	
0.651	1.02801	0.0691288	1.08683	0.972753	2.64304	1.05721	0.99796	0	0	0	0	0	0	0	0	
0.652	1.02872	0.069207	1.08638	0.972084	2.64014	1.05606	0.998222	0	0	0	0	0	0	0	0	
0.653	1.02884	0.0693321	1.08587	0.971967	2.63857	1.05543	0.998472	0	0	0	0	0	0	0	0	
0.654	1.02784	0.0692675	1.08563	0.972912	2.64055	1.05622	0.998698	0	0	0	0	0	0	0	0	
0.655	1.02741	0.0692789	1.08521	0.973325	2.64066	1.05626	0.998936	0	0	0	0	0	0	0	0	
0.656	1.02763	0.070024	1.08321	0.973115	2.63521	1.05409	0.999196	0	0	0	0	0	0	0	0	
0.657	1.02526	0.0690468	1.08	0.975359	2.63348	1.05339	0.999436	0	0	0	0	0	0	0	0	
0.658	1.01925	0.0532691	1.07318	0.981117	2.6323	1.05292	0.999664	0	0	0	0	0	0	0	0	
0.659	0.966635	-0.0358249	0.993474	1.03452	2.56941	1.02777	0.999875	0	0	0	0	0	0	0	0	
0.66	0.82269	-0.177702	0.777887	1.21552	2.36385	0.945541	0.999982	0	0	0	0	0	0	0	0	
0.661	0.381849	-0.883073	0.265395	2.61884	1.73757	0.695027	1	0	0	0	0	0	0	0	0	
0.662	0.259259	-1.35769	0.0967742	3.85715	0.933181	0.373272	1	0	0	0	0	0	0	0	0	
0.663	0.259259	-1.35769	0.0967742	3.85715	0.933181	0.373272	1	0	0	0	0	0	0	0	0	
0.664	0.259259	-1.35769	0.0967742	3.85715	0.933181	0.373272	1	0	0	0	0	0	0	0	0	
0.665	0.259259	-1.35769	0.0967742	3.85715	0.933181	0.373272	1	0	0	0	0	0	0	0	0	
0.666	0.259259	-1.35769	0.0967742	3.85715	0.933181	0.373272	1	0	0	0	0	0	0	0	0	
0.667	0.259259	-1.35769	0.0967742	3.85715	0.933181	0.373272	1	0	0	0	0	0	0	0	0	
0.668	0.259259	-1.35769	0.0967742	3.85715	0.933181	0.373272	1	0	0	0	0	0	0	0	0	
0.669	0.259259	-1.35769	0.0967742	3.85715	0.933181	0.373272	1	0	0	0	0	0	0	0	0	
0.67	0.259259	-1.35769	0.0967742	3.85715	0.933181	0.373272	1	0	0	0	0	0	0	0	0	
0.671	0.259259	-1.35769	0.0967742	3.85715	0.933181	0.373272	1	0	0	0	0	0	0	0	0	
0.672	0.259259	-1.35769	0.0967742	3.85715	0.933181	0.373272	1	0	0	0	0	0	0	0	0	
0.673	0.259259	-1.35769	0.0967742	3.85715	0.933181	0.373272	1	0	0	0	0	0	0	0	0	
0.674	0.259259	-1.35769	0.0967742	3.85715	0.933181	0.373272	1	0	0	0	0	0	0	0	0	
0.675	0.259259	-1.35769	0.0967742	3.85715	0.933181	0.373272	1	0	0	0	0	0	0	0	0	
0.676	0.259259	-1.35769	0.0967742	3.85715	0.933181	0.373272	1	0	0	0	0	0	0	0	0	
0.677	0.259259	-1.35769	0.0967742	3.85715	0.933181	0.373272	1	0	0	0	0	0	0	0	0	
0.678	0.259259	-1.35769	0.0967742	3.85715	0.933181	0.373272	1	0	0	0	0	0	0	0	0	
0.679	0.259259	-1.35769	0.0967742	3.85715	0.933181	0.373272	1	0	0	0	0	0	0	0	0	
0.68	0.259259	-1.35769	0.0967742	3.85715	0.933181	0.373272	1	0	0	0	0	0	0	0	0	
0.681	0.259259	-1.35769	0.0967742	3.85715	0.933181	0.373272	1	0	0	0	0	0	0	0	0	
0.682	0.259259	-1.35769	0.0967742	3.85715	0.933181	0.373272	1	0	0	0	0	0	0	0	0	
0.683	0.259259	-1.35769	0.0967742	3.85715	0.933181	0.373272	1	0	0	0	0	0	0	0	0	
0.684	0.259259	-1.35769	0.0967742	3.85715	0.933181	0.373272	1	0	0	0	0	0	0	0	0	
0.685	0.259259	-1.35769	0.0967742	3.85715	0.933181	0.373272	1	0	0	0	0	0	0	0	0	
0.686	0.259259	-1.35769	0.0967742	3.85715	0.933181	0.373272	1	0	0	0	0	0	0	0	0	
0.687	0.259259	-1.35769	0.0967742	3.85715	0.933181	0.373272	1	0	0	0	0	0	0	0	0	
0.688	0.259259	-1.35769	0.0967742	3.85715	0.933181	0.373272	1	0	0	0	0	0	0	0	0	
0.689	0.259259	-1.35769	0.0967742	3.85715	0.933181	0.373272	1	0	0	0	0	0	0	0	0	
0.69	0.259259	-1.35769	0.0967742	3.85715	0.933181	0.373272	1	0	0	0	0	0	0	0	0	
0.691	0.259259	-1.35769	0.0967742	3.85715	0.933181	0.373272	1	0	0	0	0	0	0	0	0	
0.692	0.259259	-1.35769	0.0967742	3.85715	0.933181	0.373272	1	0	0	0	0	0	0	0	0	
0.693	0.259259	-1.35769	0.0967742	3.85715	0.933181	0.373272	1	0	0	0	0	0	0	0	0	
0.694	0.259259	-1.35769	0.0967742	3.85715	0.933181	0.373272	1	0	0	0	0	0	0	0	0	
0.695	0.259259	-1.35769	0.0967742	3.85715	0.933181	0.373272	1	0	0	0	0	0	0	0	0	
0.696	0.259259	-1.35769	0.0967742	3.85715	0.933181	0.373272	1	0	0	0	0	0	0	0	0	
0.697	0.259259	-1.35769	0.0967742	3.85715	0.933181	0.373272	1	0	0	0	0	0	0	0	0	
0.698	0.259259	-1.35769	0.0967742	3.85715	0.933181	0.373272	1	0	0	0	0	0	0	0	0	
0.699	0.259259	-1.35769	0.0967742	3.85715	0.933181	0.373272	1	0	0	0	0	0	0	0	0	
0.7	0.259259	-1.35769	0.0967742	3.85715	0.933181	0.373272	1	0	0	0	0	0	0	0	0	
0.701	0.259259	-1.35769	0.0967742	3.85715	0.933181	0.373272	1	0	0	0	0	0	0	0	0	
0.702	0.259259	-1.35769	0.0967742	3.85715	0.933181	0.373272	1	0	0	0	0	0	0	0	0	
0.703	0.259259	-1.35769	0.0967742	3.85715	0.933181	0.373272	1	0	0	0	0	0	0	0	0	
0.704	0.259259	-1.35769	0.0967742	3.85715	0.933181	0.373272	1	0	0	0	0	0	0	0	0	
0.705	0.259259	-1.35769	0.0967742	3.85715	0.933181	0.373272	1	0	0	0	0	0	0	0	0	
0.706	0.259259	-1.35769	0.0967742	3.85715	0.933181	0.373272	1	0	0	0	0	0	0	0	0	
0.707	0.259259	-1.35769	0.0967742	3.85715	0.933181	0.373272	1	0	0	0	0	0	0	0	0	
0.708	0.259259	-1.35769	0.0967742	3.85715	0.933181	0.373272	1	0	0	0	0	0	0	0	0	
0.709	0.259259	-1.35769	0.0967742	3.85715	0.933181	0.373272	1	0	0	0	0	0	0	0	0	
0.71	0.259259	-1.35769	0.0967742	3.85715	0.933181	0.373272	1	0	0	0	0	0	0	0	0	
0.711	0.259259	-1.35769	0.0967742	3.85715	0.933181	0.373272	1	0	0	0	0	0	0	0	0	
0.712	0.259259	-1.35769	0.0967742	3.85715	0.933181	0.373272	1	0	0	0	0	0	0	0	0	
0.713	0.259259	-1.35769	0.0967742	3.85715	0.933181	0.373272	1	0	0	0	0	0	0	0	0	
0.714	0.259259	-1.35769	0.0967742	3.85715	0.933181	0.373272	1	0	0	0	0	0	0	0	0	
0.715	0.259259	-1.35769	0.0967742	3.85715	0.933181	0.373272	1	0	0	0	0	0	0	0	0	
0.716	0.259259	-1.35769	0.0967742	3.85715	0.933181	0.373272	1	0	0	0	0	0	0	0	0	
0.717	0.259259	-1.35769	0.0967742	3.85715	0.933181	0.373272	1	0	0	0	0	0	0	0	0	
0.718	0.259259	-1.35769	0.0967742	3.85715	0.933181	0.373272	1	0	0	0	0	0	0	0	0	
0.719	0.259259	-1.35769	0.0967742	3.85715	0.933181	0.373272	1	0	0	0	0	0	0	0	0	
0.72	0.259259	-1.35769	0.0967742	3.85715	0.933181	0.373272	1	0	0	0	0	0	0	0	0	
0.721	0.259259	-1.35769	0.0967742	3.85715	0.933181	0.373272	1	0	0	0	0	0	0	0	0	
0.722	0.259259	-1.35769	0.0967742	3.85715	0.933181	0.373272	1	0	0	0	0	0	0	0	0	
0.723	0.259259	-1.35769	0.0967742	3.85715	0.933181	0.373272	1	0	0	0	0	0	0	0	0	
0.724	0.259259	-1.35769	0.0967742	3.85715	0.933181	0.373272	1	0	0	0	0	0	0	0	0	
0.725	0.259259	-1.35769	0.0967742	3.85715	0.933181	0.373272	1	0	0	0	0	0	0	0	0	
0.726	0.259259	-1.35769	0.0967742	3.85715	0.933181	0.373272	1	0	0	0	0	0	0	0	0	
0.727	0.259259	-1.35769	0.0967742	3.85715	0.933181	0.373272	1	0	0	0	0	0	0	0	0	
0.728	0.259259	-1.35769	0.0967742	3.85715	0.933181	0.373272	1	0	0	0	0	0	0	0	0	
0.729	0.259259	-1.35769	0.0967742	3.85715	0.933181	0.373272	1	0	0	0	0	0	0	0	0	
0.73	0.259259	-1.35769	0.0967742	3.85715	0.933181	0.373272	1	0	0	0	0	0	0	0	0	
0.731	0.259259	-1.35769	0.0967742	3.85715	0.933181	0.373272	1	0	0	0	0	0	0	0	0	
0.732	0.259259	-1.35769	0.0967742	3.85715	0.933181	0.373272	1	0	0	0	0	0	0	0	0	
0.733	0.259259	-1.35769	0.0967742	3.85715	0.933181	0.373272	1	0	0	0	0	0	0	0	0	
0.734	0.259259	-1.35769	0.0967742	3.85715	0.933181	0.373272	1	0	0	0	0	0	0	0	0	
0.735	0.259259	-1.35769	0.0967742	3.85715	0.933181	0.373272	1	0	0	0	0	0	0	0	0	
0.736	0.259259	-1.35769	0.0967742	3.85715	0.933181	0.373272	1	0	0	0	0	0	0	0	0	
0.737	0.259259	-1.35769	0.0967742	3.85715	0.933181	0.373272	1	0	0	0	0	0	0	0	0	
0.738	0.259259	-1.35769	0.0967742	3.85715	0.933181	0.373272	1	0	0	0	0	0	0	0	0	
0.739	0.259259	-1.35769	0.0967742	3.85715	0.933181	0.373272	1	0	0	0	0	0	0	0	0	
0.74	0.259259	-1.35769	0.0967742	3.85715	0.933181	0.373272	1	0	0	0	0	0	0	0	0	
0.741	0.259259	-1.35769	0.0967742	3.85715	0.933181	0.373272	1	0	0	0	0	0	0	0	0	
0.742	0.259259	-1.35769	0.0967742	3.85715	0.933181	0.373272	1	0	0	0	0	0	0	0	0	
0.743	0.259259	-1.35769	0.0967742	3.85715	0.933181	0.373272	1	0	0	0	0	0	0	0	0	
0.744	0.259259	-1.35769	0.0967742	3.85715	0.933181	0.373272	1	0	0	0	0	0	0	0	0	
0.745	0.259259	-1.35769	0.0967742	3.85715	0.933181	0.373272	1	0	0	0	0	0	0	0	0	
0.746	0.259259	-1.35769	0.0967742	3.85715	0.933181	0.373272	1	0	0	0	0	0	0	0	0	
0.747	0.259259	-1.35769	0.0967742	3.85715	0.933181	0.373272	1	0	0	0	0	0	0	0	0	
0.748	0.259259	-1.35769	0.0967742	3.85715	0.933181	0.373272	1	0	0	0	0	0	0	0	0	
0.749	0.259259	-1.35769	0.0967742	3.85715	0.933181	0.373272	1	0	0	0	0	0	0	0	0	
0.75	0.259259	-1.35769	0.0967742	3.85715	0.933181	0.373272	1	0	0	0	0	0	0	0	0	
0.751	0.259259	-1.35769	0.0967742	3.85715	0.933181	0.373272	1	0	0	0	0	0	0	0	0	
0.752	0.259259	-1.35769	0.0967742	3.85715	0.933181	0.373272	1	0	0	0	0	0	0	0	0	
0.753	0.259259	-1.35769	0.0967742	3.85715	0.933181	0.373272	1	0	0	0	0	0	0	0	0	
0.754	0.259259	-1.35769	0.0967742	3.85715	0.933181	0.373272	1	0	0	0	0	0	0	0	0	
0.755	0.259259	-1.35769	0.0967742	3.85715	0.933181	0.373272	1	0	0	0	0	0	0	0	0	
0.756	0.259259	-1.35769	0.0967742	3.85715	0.933181	0.373272	1	0	0	0	0	0	0	0	0	
0.757	0.259259	-1.35769	0.0967742	3.85715	0.933181	0.373272	1	0	0	0	0	0	0	0	0	
0.758	0.259259	-1.35769	0.0967742	3.85715	0.933181	0.373272	1	0	0	0	0	0	0	0	0	
0.759	0.259259	-1.35769	0.0967742	3.85715	0.933181	0.373272	1	0	0	0	0	0	0	0	0	
0.76	0.259259	-1.35769	0.0967742	3.85715	0.933181	0.373272	1	0	0	0	0	0	0	0	0	
0.761	0.259259	-1.35769	0.0967742	3.85715	0.933181	0.373272	1	0	0	0	0	0	0	0	0	
0.762	0.259259	-1.35769	0.0967742	3.85715	0.933181	0.373272	1	0	0	0	0	0	0	0	0	
0.763	0.259259	-1.35769	0.0967742	3.85715	0.933181	0.373272	1	0	0	0	0	0	0	0	0	
0.764	0.259259	-1.35769	0.0967742	3.85715	0.933181	0.373272	1	0	0	0	0	0	0	0	0	
0.765	0.259259	-1.35769	0.0967742	3.85715	0.933181	0.373272	1	0	0	0	0	0	0	0	0	
0.766	0.259259	-1.35769	0.0967742	3.85715	0.933181	0.373272	1	0	0	0	0	0	0	0	0	
0.767	0.259259	-1.35769	0.0967742	3.85715	0.933181	0.373272	1	0	0	0	0	0	0	0	0	
0.768	0.259259	-1.35769	0.0967742	3.85715	0.933181	0.373272	1	0	0	0	0	0	0	0	0	
0.769	0.259259	-1.35769	0.0967742	3.85715	0.933181	0.373272	1	0	0	0	0	0	0	0	0	
0.77	0.259259	-1.35769	0.0967742	3.85715	0.933181	0.373272	1	0	0	0	0	0	0	0	0	
0.771	0.259259	-1.35769	0.0967742	3.85715	0.933181	0.373272	1	0	0	0	0	0	0	0	0	
0.772	0.259259	-1.35769	0.0967742	3.85715	0.933181	0.373272	1	0	0	0	0	0	0	0	0	
0.773	0.259259	-1.35769	0.0967742	3.85715	0.933181	0.373272	1	0	0	0	0	0	0	0	0	
0.774	0.259259	-1.35769	0.0967742	3.85715	0.933181	0.373272	1	0	0	0	0	0	0	0	0	
0.775	0.259259	-1.35769	0.0967742	3.85715	0.933181	0.373272	1	0	0	0	0	0	0	0	0	
0.776	0.259259	-1.35769	0.0967742	3.85715	0.933181	0.373272	1	0	0	0	0	0	0	0	0	
0.777	0.259259	-1.35769	0.0967742	3.85715	0.933181	0.373272	1	0	0	0	0	0	0	0	0	
0.778	0.259259	-1.35769	0.0967742	3.85715	0.933181	0.373272	1	0	0	0	0	0	0	0	0	
0.779	0.259259	-1.35769	0.0967742	3.85715	0.933181	0.373272	1	0	0	0	0	0	0	0	0	
0.78	0.259259	-1.35769	0.0967742	3.85715	0.933181	0.373272	1	0	0	0	0	0	0	0	0	
0.781	0.259259	-1.35769	0.0967742	3.85715	0.933181	0.373272	1	0	0	0	0	0	0	0	0	
0.782	0.259259	-1.35769	0.0967742	3.85715	0.933181	0.373272	1	0	0	0	0	0	0	0	0	
0.783	0.259259	-1.35769	0.0967742	3.85715	0.933181	0.373272	1	0	0	0	0	0	0	0	0	
0.784	0.259259	-1.35769	0.0967742	3.85715	0.933181	0.373272	1	0	0	0	0	0	0	0	0	
0.785	0.259259	-1.35769	0.0967742	3.85715	0.933181	0.373272	1	0	0	0	0	0	0	0	0	
0.786	0.259259	-1.35769	0.0967742	3.85715	0.933181	0.373272	1	0	0	0	0	0	0	0	0	
0.787	0.259259	-1.35769	0.0967742	3.85715	0.933181	0.373272	1	0	0	0	0	0	0	0	0	
0.788	0.259259	-1.35769	0.0967742	3.85715	0.933181	0.373272	1	0	0	0	0	0	0	0	0	
0.789	0.259259	-1.35769	0.0967742	3.85715	0.933181	0.373272	1	0	0	0	0	0	0	0	0	
0.79	0.259259	-1.35769	0.0967742	3.85715	0.933181	0.373272	1	0	0	0	0	0	0	0	0	
0.791	0.259259	-1.35769	0.0967742	3.85715	0.933181	0.373272	1	0	0	0	0	0	0	0	0	
0.792	0.259259	-1.35769	0.0967742	3.85715	0.933181	0.373272	1	0	0	0	0	0	0	0	0	
0.793	0.259259	-1.35769	0.0967742	3.85715	0.933181	0.373272	1	0	0	0	0	0	0	0	0	
0.794	0.259259	-1.35769	0.0967742	3.85715	0.933181	0.373272	1	0	0	0	0	0	0	0	0	
0.795	0.259259	-1.35769	0.0967742	3.85715	0.933181	0.373272	1	0	0	0	0	0	0	0	0	
0.796	0.259259	-1.35769	0.0967742	3.85715	0.933181	0.373272	1	0	0	0	0	0	0	0	0	
0.797	0.259259	-1.35769	0.0967742	3.85715	0.933181	0.373272	1	0	0	0	0	0	0	0	0	
0.798	0.259259	-1.35769	0.0967742	3.85715	0.933181	0.373272	1	0	0	0	0	0	0	0	0	
0.799	0.259259	-1.35769	0.0967742	3.85715	0.933181	0.373272	1	0	0	0	0	0	0	0	0	
0.8	0.259259	-1.35769	0.0967742	3.85715	0.933181	0.373272	1	0	0	0	0	0	0	0	0	
0.801	0.259259	-1.35769	0.0967742	3.85715	0.933181	0.373272	1	0	0	0	0	0	0	0	0	
0.802	0.259259	-1.35769	0.0967742	3.85715	0.933181	0.373272	1	0	0	0	0	0	0	0	0	
0.803	0.259259	-1.35769	0.0967742	3.85715	0.933181	0.373272	1	0	0	0	0	0	0	0	0	
0.804	0.259259	-1.35769	0.0967742	3.85715	0.933181	0.373272	1	0	0	0	0	0	0	0	0	
0.805	0.259259	-1.35769	0.0967742	3.85715	0.933181	0.373272	1	0	0	0	0	0	0	0	0	
0.806	0.259259	-1.35769	0.0967742	3.85715	0.933181	0.373272	1	0	0	0	0	0	0	0	0	
0.807	0.259259	-1.35769	0.0967742	3.85715	0.933181	0.373272	1	0	0	0	0	0	0	0	0	
0.808	0.259259	-1.35769	0.0967742	3.85715	0.933181	0.373272	1	0	0	0	0	0	0	0	0	
0.809	0.259259	-1.35769	0.0967742	3.85715	0.933181	0.373272	1	0	0	0	0	0	0	0	0	
0.81	0.259259	-1.35769	0.0967742	3.85715	0.933181	0.373272	1	0	0	0	0	0	0	0	0	
0.811	0.259259	-1.35769	0.0967742	3.85715	0.933181	0.373272	1	0	0	0	0	0	0	0	0	
0.812	0.259259	-1.35769	0.0967742	3.85715	0.933181	0.373272	1	0	0	0	0	0	0	0	0	
0.813	0.259259	-1.35769	0.0967742	3.85715	0.933181	0.373272	1	0	0	0	0	0	0	0	0	
0.814	0.259259	-1.35769	0.0967742	3.85715	0.933181	0.373272	1	0	0	0	0	0	0	0	0	
0.815	0.259259	-1.35769	0.0967742	3.85715	0.933181	0.373272	1	0	0	0	0	0	0	0	0	
0.816	0.259259	-1.35769	0.0967742	3.85715	0.933181	0.373272	1	0	0	0	0	0	0	0	0	
0.817	0.259259	-1.35769	0.0967742	3.85715	0.933181	0.373272	1	0	0	0	0	0	0	0	0	
0.818	0.259259	-1.35769	0.0967742	3.85715	0.933181	0.373272	1	0	0	0	0	0	0	0	0	
0.819	0.259259	-1.35769	0.0967742	3.85715	0.933181	0.373272	1	0	0	0	0	0	0	0	0	
0.82	0.259259	-1.35769	0.0967742	3.85715	0.933181	0.373272	1	0	0	0	0	0	0	0	0	
0.821	0.259259	-1.35769	0.0967742	3.85715	0.933181	0.373272	1	0	0	0	0	0	0	0	0	
0.822	0.259259	-1.35769	0.0967742	3.85715	0.933181	0.373272	1	0	0	0	0	0	0	0	0	
0.823	0.259259	-1.35769	0.0967742	3.85715	0.933181	0.373272	1	0	0	0	0	0	0	0	0	
0.824	0.259259	-1.35769	0.0967742	3.85715	0.933181	0.373272	1	0	0	0	0	0	0	0	0	
0.825	0.259259	-1.35769	0.0967742	3.85715	0.933181	0.373272	1	0	0	0	0	0	0	0	0	
0.826	0.259259	-1.35769	0.0967742	3.85715	0.933181	0.373272	1	0	0	0	0	0	0	0	0	
0.827	0.259259	-1.35769	0.0967742	3.85715	0.933181	0.373272	1	0	0	0	0	0	0	0	0	
0.828	0.259259	-1.35769	0.0967742	3.85715	0.933181	0.373272	1	0	0	0	0	0	0	0	0	
0.829	0.259259	-1.35769	0.0967742	3.85715	0.933181	0.373272	1	0	0	0	0	0	0	0	0	
0.83	0.259259	-1.35769	0.0967742	3.85715	0.933181	0.373272	1	0	0	0	0	0	0	0	0	
0.831	0.259259	-1.35769	0.0967742	3.85715	0.933181	0.373272	1	0	0	0	0	0	0	0	0	
0.832	0.259259	-1.35769	0.0967742	3.85715	0.933181	0.373272	1	0	0	0	0	0	0	0	0	
0.833	0.259259	-1.35769	0.0967742	3.85715	0.933181	0.373272	1	0	0	0	0	0	0	0	0	
0.834	0.259259	-1.35769	0.0967742	3.85715	0.933181	0.373272	1	0	0	0	0	0	0	0	0	
0.835	0.259259	-1.35769	0.0967742	3.85715	0.933181	0.373272	1	0	0	0	0	0	0	0	0	
0.836	0.259259	-1.35769	0.0967742	3.85715	0.933181	0.373272	1	0	0	0	0	0	0	0	0	
0.837	0.259259	-1.35769	0.0967742	3.85715	0.933181	0.373272	1	0	0	0	0	0	0	0	0	
0.838	0.259259	-1.35769	0.0967742	3.85715	0.933181	0.373272	1	0	0	0	0	0	0	0	0	
0.839	0.259259	-1.35769	0.0967742	3.85715	0.933181	0.373272	1	0	0	0	0	0	0	0	0	
0.84	0.259259	-1.35769	0.0967742	3.85715	0.933181	0.373272	1	0	0	0	0	0	0	0	0	
0.841	0.259259	-1.35769	0.0967742	3.85715	0.933181	0.373272	1	0	0	0	0	0	0	0	0	
0.842	0.259259	-1.35769	0.0967742	3.85715	0.933181	0.373272	1	0	0	0	0	0	0	0	0	
0.843	0.259259	-1.35769	0.0967742	3.85715	0.933181	0.373272	1	0	0	0	0	0	0	0	0	
0.844	0.259259	-1.35769	0.0967742	3.85715	0.933181	0.373272	1	0	0	0	0	0	0	0	0	
0.845	0.259259	-1.35769	0.0967742	3.85715	0.933181	0.373272	1	0	0	0	0	0	0	0	0	
0.846	0.259259	-1.35769	0.0967742	3.85715	0.933181	0.373272	1	0	0	0	0	0	0	0	0	
0.847	0.259259	-1.35769	0.0967742	3.85715	0.933181	0.373272	1	0	0	0	0	0	0	0	0	
0.848	0.259259	-1.35769	0.0967742	3.85715	0.933181	0.373272	1	0	0	0	0	0	0	0	0	
0.849	0.259259	-1.35769	0.0967742	3.85715	0.933181	0.373272	1	0	0	0	0	0	0	0	0	
0.85	0.259259	-1.35769	0.0967742	3.85715	0.933181	0.373272	1	0	0	0	0	0	0	0	0	
0.851	0.259259	-1.35769	0.0967742	3.85715	0.933181	0.373272	1	0	0	0	0	0	0	0	0	
0.852	0.259259	-1.35769	0.0967742	3.85715	0.933181	0.373272	1	0	0	0	0	0	0	0	0	
0.853	0.259259	-1.35769	0.0967742	3.85715	0.933181	0.373272	1	0	0	0	0	0	0	0	0	
0.854	0.259259	-1.35769	0.0967742	3.85715	0.933181	0.373272	1	0	0	0	0	0	0	0	0	
0.855	0.259259	-1.35769	0.0967742	3.85715	0.933181	0.373272	1	0	0	0	0	0	0	0	0	
0.856	0.259259	-1.35769	0.0967742	3.85715	0.933181	0.373272	1	0	0	0	0	0	0	0	0	
0.857	0.259259	-1.35769	0.0967742	3.85715	0.933181	0.373272	1	0	0	0	0	0	0	0	0	
0.858	0.259259	-1.35769	0.0967742	3.85715	0.933181	0.373272	1	0	0	0	0	0	0	0	0	
0.859	0.259259	-1.35769	0.0967742	3.85715	0.933181	0.373272	1	0	0	0	0	0	0	0	0	
0.86	0.259259	-1.35769	0.0967742	3.85715	0.933181	0.373272	1	0	0	0	0	0	0	0	0	
0.861	0.259259	-1.35769	0.0967742	3.85715	0.933181	0.373272	1	0	0	0	0	0	0	0	0	
0.862	0.259259	-1.35769	0.0967742	3.85715	0.933181	0.373272	1	0	0	0	0	0	0	0	0	
0.863	0.259259	-1.35769	0.0967742	3.85715	0.933181	0.373272	1	0	0	0	0	0	0	0	0	
0.864	0.259259	-1.35769	0.0967742	3.85715	0.933181	0.373272	1	0	0	0	0	0	0	0	0	
0.865	0.259259	-1.35769	0.0967742	3.85715	0.933181	0.373272	1	0	0	0	0	0	0	0	0	
0.866	0.259259	-1.35769	0.0967742	3.85715	0.933181	0.373272	1	0	0	0	0	0	0	0	0	
0.867	0.259259	-1.35769	0.0967742	3.85715	0.933181	0.373272	1	0	0	0	0	0	0	0	0	
0.868	0.259259	-1.35769	0.0967742	3.85715	0.933181	0.373272	1	0	0	0	0	0	0	0	0	
0.869	0.259259	-1.35769	0.0967742	3.85715	0.933181	0.373272	1	0	0	0	0	0	0	0	0	
0.87	0.259259	-1.35769	0.0967742	3.85715	0.933181	0.373272	1	0	0	0	0	0	0	0	0	
0.871	0.259259	-1.35769	0.0967742	3.85715	0.933181	0.373272	1	0	0	0	0	0	0	0	0	
0.872	0.259259	-1.35769	0.0967742	3.85715	0.933181	0.373272	1	0	0	0	0	0	0	0	0	
0.873	0.259259	-1.35769	0.0967742	3.85715	0.933181	0.373272	1	0	0	0	0	0	0	0	0	
0.874	0.259259	-1.35769	0.0967742	3.85715	0.933181	0.373272	1	0	0	0	0	0	0	0	0	
0.875	0.259259	-1.35769	0.0967742	3.85715	0.933181	0.373272	1	0	0	0	0	0	0	0	0	
0.876	0.259259	-1.35769	0.0967742	3.85715	0.933181	0.373272	1	0	0	0	0	0	0	0	0	
0.877	0.259259	-1.35769	0.0967742	3.85715	0.933181	0.373272	1	0	0	0	0	0	0	0	0	
0.878	0.259259	-1.35769	0.0967742	3.85715	0.933181	0.373272	1	0	0	0	0	0	0	0	0	
0.879	0.259259	-1.35769	0.0967742	3.85715	0.933181	0.373272	1	0	0	0	0	0	0	0	0	
0.88	0.259259	-1.35769	0.0967742	3.85715	0.933181	0.373272	1	0	0	0	0	0	0	0	0	
0.881	0.259259	-1.35769	0.0967742	3.85715	0.933181	0.373272	1	0	0	0	0	0	0	0	0	
0.882	0.259259	-1.35769	0.0967742	3.85715	0.933181	0.373272	1	0	0	0	0	0	0	0	0	
0.883	0.259259	-1.35769	0.0967742	3.85715	0.933181	0.373272	1	0	0	0	0	0	0	0	0	
0.884	0.259259	-1.35769	0.0967742	3.85715	0.933181	0.373272	1	0	0	0	0	0	0	0	0	
0.885	0.259259	-1.35769	0.0967742	3.85715	0.933181	0.373272	1	0	0	0	0	0	0	0	0	
0.886	0.259259	-1.35769	0.0967742	3.85715	0.933181	0.373272	1	0	0	0	0	0	0	0	0	
0.887	0.259259	-1.35769	0.0967742	3.85715	0.933181	0.373272	1	0	0	0	0	0	0	0	0	
0.888	0.259259	-1.35769	0.0967742	3.85715	0.933181	0.373272	1	0	0	0	0	0	0	0	0	
0.889	0.259259	-1.35769	0.0967742	3.85715	0.933181	0.373272	1	0	0	0	0	0	0	0	0	
0.89	0.259259	-1.35769	0.0967742	3.85715	0.933181	0.373272	1	0	0	0	0	0	0	0	0	
0.891	0.259259	-1.35769	0.0967742	3.85715	0.933181	0.373272	1	0	0	0	0	0	0	0	0	
0.892	0.259259	-1.35769	0.0967742	3.85715	0.933181	0.373272	1	0	0	0	0	0	0	0	0	
0.893	0.259259	-1.35769	0.0967742	3.85715	0.933181	0.373272	1	0	0	0	0	0	0	0	0	
0.894	0.259259	-1.35769	0.0967742	3.85715	0.933181	0.373272	1	0	0	0	0	0	0	0	0	
0.895	0.259259	-1.35769	0.0967742	3.85715	0.933181	0.373272	1	0	0	0	0	0	0	0	0	
0.896	0.259259	-1.35769	0.0967742	3.85715	0.933181	0.373272	1	0	0	0	0	0	0	0	0	
0.897	0.259259	-1.35769	0.0967742	3.85715	0.933181	0.373272	1	0	0	0	0	0	0	0	0	
0.898	0.259259	-1.35769	0.0967742	3.85715	0.933181	0.373272	1	0	0	0	0	0	0	0	0	
0.899	0.259259	-1.35769	0.0967742	3.85715	0.933181	0.373272	1	0	0	0	0	0	0	0	0	
0.9	0.259259	-1.35769	0.0967742	3.85715	0.933181	0.373272	1	0	0	0	0	0	0	0	0	
0.901	0.259259	-1.35769	0.0967742	3.85715	0.933181	0.373272	1	0	0	0	0	0	0	0	0	
0.902	0.259259	-1.35769	0.0967742	3.85715	0.933181	0.373272	1	0	0	0	0	0	0	0	0	
0.903	0.259259	-1.35769	0.0967742	3.85715	0.933181	0.373272	1	0	0	0	0	0	0	0	0	
0.904	0.259259	-1.35769	0.0967742	3.85715	0.933181	0.373272	1	0	0	0	0	0	0	0	0	
0.905	0.259259	-1.35769	0.0967742	3.85715	0.933181	0.373272	1	0	0	0	0	0	0	0	0	
0.906	0.259259	-1.35769	0.0967742	3.85715	0.933181	0.373272	1	0	0	0	0	0	0	0	0	
0.907	0.259259	-1.35769	0.0967742	3.85715	0.933181	0.373272	1	0	0	0	0	0	0	0	0	
0.908	0.259259	-1.35769	0.0967742	3.85715	0.933181	0.373272	1	0	0	0	0	0	0	0	0	
0.909	0.259259	-1.35769	0.0967742	3.85715	0.933181	0.373272	1	0	0	0	0	0	0	0	0	
0.91	0.259259	-1.35769	0.0967742	3.85715	0.933181	0.373272	1	0	0	0	0	0	0	0	0	
0.911	0.259259	-1.35769	0.0967742	3.85715	0.933181	0.373272	1	0	0	0	0	0	0	0	0	
0.912	0.259259	-1.35769	0.0967742	3.85715	0.933181	0.373272	1	0	0	0	0	0	0	0	0	
0.913	0.259259	-1.35769	0.0967742	3.85715	0.933181	0.373272	1	0	0	0	0	0	0	0	0	
0.914	0.259259	-1.35769	0.0967742	3.85715	0.933181	0.373272	1	0	0	0	0	0	0	0	0	
0.915	0.259259	-1.35769	0.0967742	3.85715	0.933181	0.373272	1	0	0	0	0	0	0	0	0	
0.916	0.259259	-1.35769	0.0967742	3.85715	0.933181	0.373272	1	0	0	0	0	0	0	0	0	
0.917	0.259259	-1.35769	0.0967742	3.85715	0.933181	0.373272	1	0	0	0	0	0	0	0	0	
0.918	0.259259	-1.35769	0.0967742	3.85715	0.933181	0.373272	1	0	0	0	0	0	0	0	0	
0.919	0.259259	-1.35769	0.0967742	3.85715	0.933181	0.373272	1	0	0	0	0	0	0	0	0	
0.92	0.259259	-1.35769	0.0967742	3.85715	0.933181	0.373272	1	0	0	0	0	0	0	0	0	
0.921	0.259259	-1.35769	0.0967742	3.85715	0.933181	0.373272	1	0	0	0	0	0	0	0	0	
0.922	0.259259	-1.35769	0.0967742	3.85715	0.933181	0.373272	1	0	0	0	0	0	0	0	0	
0.923	0.259259	-1.35769	0.0967742	3.85715	0.933181	0.373272	1	0	0	0	0	0	0	0	0	
0.924	0.259259	-1.35769	0.0967742	3.85715	0.933181	0.373272	1	0	0	0	0	0	0	0	0	
0.925	0.259259	-1.35769	0.0967742	3.85715	0.933181	0.373272	1	0	0	0	0	0	0	0	0	
0.926	0.259259	-1.35769	0.0967742	3.85715	0.933181	0.373272	1	0	0	0	0	0	0	0	0	
0.927	0.259259	-1.35769	0.0967742	3.85715	0.933181	0.373272	1	0	0	0	0	0	0	0	0	
0.928	0.259259	-1.35769	0.0967742	3.85715	0.933181	0.373272	1	0	0	0	0	0	0	0	0	
0.929	0.259259	-1.35769	0.0967742	3.85715	0.933181	0.373272	1	0	0	0	0	0	0	0	0	
0.93	0.259259	-1.35769	0.0967742	3.85715	0.933181	0.373272	1	0	0	0	0	0	0	0	0	
0.931	0.259259	-1.35769	0.0967742	3.85715	0.933181	0.373272	1	0	0	0	0	0	0	0	0	
0.932	0.259259	-1.35769	0.0967742	3.85715	0.933181	0.373272	1	0	0	0	0	0	0	0	0	
0.933	0.259259	-1.35769	0.0967742	3.85715	0.933181	0.373272	1	0	0	0	0	0	0	0	0	
0.934	0.259259	-1.35769	0.0967742	3.85715	0.933181	0.373272	1	0	0	0	0	0	0	0	0	
0.935	0.259259	-1.35769	0.0967742	3.85715	0.933181	0.373272	1	0	0	0	0	0	0	0	0	
0.936	0.259259	-1.35769	0.0967742	3.85715	0.933181	0.373272	1	0	0	0	0	0	0	0	0	
0.937	0.259259	-1.35769	0.0967742	3.85715	0.933181	0.373272	1	0	0	0	0	0	0	0	0	
0.938	0.259259	-1.35769	0.0967742	3.85715	0.933181	0.373272	1	0	0	0	0	0	0	0	0	
0.939	0.259259	-1.35769	0.0967742	3.85715	0.933181	0.373272	1	0	0	0	0	0	0	0	0	
0.94	0.259259	-1.35769	0.0967742	3.85715	0.933181	0.373272	1	0	0	0	0	0	0	0	0	
0.941	0.259259	-1.35769	0.0967742	3.85715	0.933181	0.373272	1	0	0	0	0	0	0	0	0	
0.942	0.259259	-1.35769	0.0967742	3.85715	0.933181	0.373272	1	0	0	0	0	0	0	0	0	
0.943	0.259259	-1.35769	0.0967742	3.85715	0.933181	0.373272	1	0	0	0	0	0	0	0	0	
0.944	0.259259	-1.35769	0.0967742	3.85715	0.933181	0.373272	1	0	0	0	0	0	0	0	0	
0.945	0.259259	-1.35769	0.0967742	3.85715	0.933181	0.373272	1	0	0	0	0	0	0	0	0	
0.946	0.259259	-1.35769	0.0967742	3.85715	0.933181	0.373272	1	0	0	0	0	0	0	0	0	
0.947	0.259259	-1.35769	0.0967742	3.85715	0.933181	0.373272	1	0	0	0	0	0	0	0	0	
0.948	0.259259	-1.35769	0.0967742	3.85715	0.933181	0.373272	1	0	0	0	0	0	0	0	0	
0.949	0.259259	-1.35769	0.0967742	3.85715	0.933181	0.373272	1	0	0	0	0	0	0	0	0	
0.95	0.259259	-1.35769	0.0967742	3.85715	0.933181	0.373272	1	0	0	0	0	0	0	0	0	
0.951	0.259259	-1.35769	0.0967742	3.85715	0.933181	0.373272	1	0	0	0	0	0	0	0	0	
0.952	0.259259	-1.35769	0.0967742	3.85715	0.933181	0.373272	1	0	0	0	0	0	0	0	0	
0.953	0.259259	-1.35769	0.0967742	3.85715	0.933181	0.373272	1	0	0	0	0	0	0	0	0	
0.954	0.259259	-1.35769	0.0967742	3.85715	0.933181	0.373272	1	0	0	0	0	0	0	0	0	
0.955	0.259259	-1.35769	0.0967742	3.85715	0.933181	0.373272	1	0	0	0	0	0	0	0	0	
0.956	0.259259	-1.35769	0.0967742	3.85715	0.933181	0.373272	1	0	0	0	0	0	0	0	0	
0.957	0.259259	-1.35769	0.0967742	3.85715	0.933181	0.373272	1	0	0	0	0	0	0	0	0	
0.958	0.259259	-1.35769	0.0967742	3.85715	0.933181	0.373272	1	0	0	0	0	0	0	0	0	
0.959	0.259259	-1.35769	0.0967742	3.85715	0.933181	0.373272	1	0	0	0	0	0	0	0	0	
0.96	0.259259	-1.35769	0.0967742	3.85715	0.933181	0.373272	1	0	0	0	0	0	0	0	0	
0.961	0.259259	-1.35769	0.0967742	3.85715	0.933181	0.373272	1	0	0	0	0	0	0	0	0	
0.962	0.259259	-1.35769	0.0967742	3.85715	0.933181	0.373272	1	0	0	0	0	0	0	0	0	
0.963	0.259259	-1.35769	0.0967742	3.85715	0.933181	0.373272	1	0	0	0	0	0	0	0	0	
0.964	0.259259	-1.35769	0.0967742	3.85715	0.933181	0.373272	1	0	0	0	0	0	0	0	0	
0.965	0.259259	-1.35769	0.0967742	3.85715	0.933181	0.373272	1	0	0	0	0	0	0	0	0	
0.966	0.259259	-1.35769	0.0967742	3.85715	0.933181	0.373272	1	0	0	0	0	0	0	0	0	
0.967	0.259259	-1.35769	0.0967742	3.85715	0.933181	0.373272	1	0	0	0	0	0	0	0	0	
0.968	0.259259	-1.35769	0.0967742	3.85715	0.933181	0.373272	1	0	0	0	0	0	0	0	0	
0.969	0.259259	-1.35769	0.0967742	3.85715	0.933181	0.373272	1	0	0	0	0	0	0	0	0	
0.97	0.259259	-1.35769	0.0967742	3.85715	0.933181	0.373272	1	0	0	0	0	0	0	0	0	
0.971	0.259259	-1.35769	0.0967742	3.85715	0.933181	0.373272	1	0	0	0	0	0	0	0	0	
0.972	0.259259	-1.35769	0.0967742	3.85715	0.933181	0.373272	1	0	0	0	0	0	0	0	0	
0.973	0.259259	-1.35769	0.0967742	3.85715	0.933181	0.373272	1	0	0	0	0	0	0	0	0	
0.974	0.259259	-1.35769	0.0967742	3.85715	0.933181	0.373272	1	0	0	0	0	0	0	0	0	
0.975	0.259259	-1.35769	0.0967742	3.85715	0.933181	0.373272	1	0	0	0	0	0	0	0	0	
0.976	0.259259	-1.35769	0.0967742	3.85715	0.933181	0.373272	1	0	0	0	0	0	0	0	0	
0.977	0.259259	-1.35769	0.0967742	3.85715	0.933181	0.373272	1	0	0	0	0	0	0	0	0	
0.978	0.259259	-1.35769	0.0967742	3.85715	0.933181	0.373272	1	0	0	0	0	0	0	0	0	
0.979	0.259259	-1.35769	0.0967742	3.85715	0.933181	0.373272	1	0	0	0	0	0	0	0	0	
0.98	0.259259	-1.35769	0.0967742	3.85715	0.933181	0.373272	1	0	0	0	0	0	0	0	0	
0.981	0.259259	-1.35769	0.0967742	3.85715	0.933181	0.373272	1	0	0	0	0	0	0	0	0	
0.982	0.259259	-1.35769	0.0967742	3.85715	0.933181	0.373272	1	0	0	0	0	0	0	0	0	
0.983	0.259259	-1.35769	0.0967742	3.85715	0.933181	0.373272	1	0	0	0	0	0	0	0	0	
0.984	0.259259	-1.35769	0.0967742	3.85715	0.933181	0.373272	1	0	0	0	0	0	0	0	0	
0.985	0.259259	-1.35769	0.0967742	3.85715	0.933181	0.373272	1	0	0	0	0	0	0	0	0	
0.986	0.259259	-1.35769	0.0967742	3.85715	0.933181	0.373272	1	0	0	0	0	0	0	0	0	
0.987	0.259259	-1.35769	0.0967742	3.85715	0.933181	0.373272	1	0	0	0	0	0	0	0	0	
0.988	0.259259	-1.35769	0.0967742	3.85715	0.933181	0.373272	1	0	0	0	0	0	0	0	0	
0.989	0.259259	-1.35769	0.0967742	3.85715	0.933181	0.373272	1	0	0	0	0	0	0	0	0	
0.99	0.259259	-1.35769	0.0967742	3.85715	0.933181	0.373272	1	0	0	0	0	0	0	0	0	
0.991	0.259259	-1.35769	0.0967742	3.85715	0.933181	0.373272	1	0	0	0	0	0	0	0	0	
0.992	0.259259	-1.35769	0.0967742	3.85715	0.933181	0.373272	1	0	0	0	0	0	0	0	0	
0.993	0.259259	-1.35769	0.0967742	3.85715	0.933181	0.373272	1	0	0	0	0	0	0	0	0	
0.994	0.259259	-1.35769	0.0967742	3.85715	0.933181	0.373272	1	0	0	0	0	0	0	0	0	
0.995	0.259259	-1.35769	0.0967742	3.85715	0.933181	0.373272	1	0	0	0	0	0	0	0	0	
0.996	0.259259	-1.35769	0.0967742	3.85715	0.933181	0.373272	1	0	0	0	0	0	0	0	0	
0.997	0.259259	-1.35769	0.0967742	3.85715	0.933181	0.373272	1	0	0	0	0	0	0	0	0	
0.998	0.259259	-1.35769	0.0967742	3.85715	0.933181	0.373272	1	0	0	0	0	0	0	0	0	
0.999	0.259259	-1.35769	0.0967742	3.85715	0.933181	0.373272	1	0	0	0	0	0	0	0	0	
1	0.259259	-1.35769	0.0967742	3.85715	0.933181	0.373272	1	0	0	0	0	0	0	0	0	
