|||||||||||||||||||||||||||||||||***SIMULATION: detonation***||||||||||||||||||||||||||||||||||
Sanpshot time = 1.25. Timestep = 2922. Run time = 5 seconds
No. of cells = 1000
#Position	 Density	 Velocity	 Pressure	 Specific_Volume I_Energy	 Temperature	 Species
-0.001	0.755977	0.000524694	1.94936	1.32279	6.44649	0	9.34891e-08	0	0	0	0	0	0	0	0	
0	0.755963	0.000174917	1.94936	1.32282	6.44661	0	9.64861e-08	0	0	0	0	0	0	0	0	
0.001	0.755963	-0.000174917	1.94936	1.32282	6.44661	2.57864	9.64861e-08	0	0	0	0	0	0	0	0	
0.002	0.755977	-0.000524694	1.94936	1.32279	6.44649	2.5786	9.34891e-08	0	0	0	0	0	0	0	0	
0.003	0.754809	-0.00087384	1.94936	1.32484	6.45647	2.58259	9.89767e-08	0	0	0	0	0	0	0	0	
0.004	0.755559	-0.00122183	1.94936	1.32352	6.45007	2.58003	9.79409e-08	0	0	0	0	0	0	0	0	
0.005	0.753087	-0.00156849	1.94936	1.32787	6.47124	2.5885	9.65776e-08	0	0	0	0	0	0	0	0	
0.006	0.751685	-0.0019134	1.94937	1.33035	6.48333	2.59333	8.89454e-08	0	0	0	0	0	0	0	0	
0.007	0.752166	-0.00225625	1.94937	1.32949	6.47918	2.59167	9.26343e-08	0	0	0	0	0	0	0	0	
0.008	0.753585	-0.00259682	1.94937	1.32699	6.46698	2.58679	9.25701e-08	0	0	0	0	0	0	0	0	
0.009	0.755379	-0.0029349	1.94937	1.32384	6.45163	2.58065	9.1737e-08	0	0	0	0	0	0	0	0	
0.01	0.757232	-0.00327038	1.94937	1.3206	6.43583	2.57433	9.11249e-08	0	0	0	0	0	0	0	0	
0.011	0.758914	-0.00360316	1.94936	1.31767	6.42155	2.56862	9.62286e-08	0	0	0	0	0	0	0	0	
0.012	0.76036	-0.00393323	1.94936	1.31517	6.40933	2.56373	9.4121e-08	0	0	0	0	0	0	0	0	
0.013	0.761521	-0.0042606	1.94935	1.31316	6.39953	2.55981	9.39468e-08	0	0	0	0	0	0	0	0	
0.014	0.762361	-0.00458538	1.94934	1.31172	6.39245	2.55698	9.36675e-08	0	0	0	0	0	0	0	0	
0.015	0.762927	-0.0049077	1.94933	1.31074	6.38766	2.55506	9.65063e-08	0	0	0	0	0	0	0	0	
0.016	0.763294	-0.00522774	1.94931	1.31011	6.38453	2.55381	9.55831e-08	0	0	0	0	0	0	0	0	
0.017	0.763504	-0.00554575	1.94929	1.30975	6.38271	2.55308	9.50143e-08	0	0	0	0	0	0	0	0	
0.018	0.763589	-0.00586199	1.94927	1.30961	6.38192	2.55277	9.54471e-08	0	0	0	0	0	0	0	0	
0.019	0.763591	-0.00617677	1.94924	1.3096	6.38181	2.55272	9.37368e-08	0	0	0	0	0	0	0	0	
0.02	0.763558	-0.00649043	1.9492	1.30966	6.38198	2.55279	9.1615e-08	0	0	0	0	0	0	0	0	
0.021	0.763528	-0.0068033	1.94917	1.30971	6.3821	2.55284	9.03657e-08	0	0	0	0	0	0	0	0	
0.022	0.763527	-0.00711578	1.94912	1.30971	6.38197	2.55279	9.05726e-08	0	0	0	0	0	0	0	0	
0.023	0.763567	-0.00742822	1.94907	1.30964	6.38146	2.55259	9.21109e-08	0	0	0	0	0	0	0	0	
0.024	0.763657	-0.00774101	1.94901	1.30949	6.38053	2.55221	9.40303e-08	0	0	0	0	0	0	0	0	
0.025	0.763796	-0.00805452	1.94895	1.30925	6.37916	2.55166	9.47993e-08	0	0	0	0	0	0	0	0	
0.026	0.763979	-0.00836911	1.94888	1.30894	6.37741	2.55096	9.38727e-08	0	0	0	0	0	0	0	0	
0.027	0.764196	-0.00868513	1.9488	1.30857	6.37535	2.55014	9.31068e-08	0	0	0	0	0	0	0	0	
0.028	0.764435	-0.00900288	1.94872	1.30816	6.37308	2.54923	9.38318e-08	0	0	0	0	0	0	0	0	
0.029	0.764684	-0.00932266	1.94863	1.30773	6.37069	2.54828	9.35677e-08	0	0	0	0	0	0	0	0	
0.03	0.764933	-0.00964472	1.94853	1.3073	6.3683	2.54732	9.19417e-08	0	0	0	0	0	0	0	0	
0.031	0.765174	-0.00996925	1.94842	1.30689	6.36594	2.54637	9.14212e-08	0	0	0	0	0	0	0	0	
0.032	0.765407	-0.0102964	1.94831	1.30649	6.36363	2.54545	9.20645e-08	0	0	0	0	0	0	0	0	
0.033	0.765636	-0.0106264	1.94818	1.3061	6.36132	2.54453	9.27336e-08	0	0	0	0	0	0	0	0	
0.034	0.765871	-0.0109591	1.94805	1.3057	6.35895	2.54358	9.19654e-08	0	0	0	0	0	0	0	0	
0.035	0.766122	-0.0112947	1.94792	1.30528	6.35642	2.54257	9.01555e-08	0	0	0	0	0	0	0	0	
0.036	0.766396	-0.0116331	1.94778	1.30481	6.35368	2.54147	8.90637e-08	0	0	0	0	0	0	0	0	
0.037	0.7667	-0.0119741	1.94763	1.30429	6.35069	2.54027	8.88824e-08	0	0	0	0	0	0	0	0	
0.038	0.767034	-0.0123177	1.94748	1.30372	6.34742	2.53897	8.95273e-08	0	0	0	0	0	0	0	0	
0.039	0.767399	-0.0126636	1.94732	1.3031	6.34389	2.53756	9.07447e-08	0	0	0	0	0	0	0	0	
0.04	0.767792	-0.0130116	1.94716	1.30244	6.34012	2.53605	9.21322e-08	0	0	0	0	0	0	0	0	
0.041	0.768212	-0.0133615	1.947	1.30172	6.33612	2.53445	9.32175e-08	0	0	0	0	0	0	0	0	
0.042	0.768658	-0.013713	1.94683	1.30097	6.33191	2.53276	9.36907e-08	0	0	0	0	0	0	0	0	
0.043	0.769128	-0.0140657	1.94666	1.30017	6.3275	2.531	9.3694e-08	0	0	0	0	0	0	0	0	
0.044	0.769618	-0.0144195	1.94649	1.29935	6.32293	2.52917	9.37286e-08	0	0	0	0	0	0	0	0	
0.045	0.770123	-0.0147739	1.94633	1.29849	6.31823	2.52729	9.39764e-08	0	0	0	0	0	0	0	0	
0.046	0.770636	-0.0151286	1.94616	1.29763	6.31348	2.52539	9.40164e-08	0	0	0	0	0	0	0	0	
0.047	0.771145	-0.0154836	1.94599	1.29677	6.30876	2.5235	9.3823e-08	0	0	0	0	0	0	0	0	
0.048	0.77164	-0.0158384	1.94582	1.29594	6.30417	2.52167	9.41641e-08	0	0	0	0	0	0	0	0	
0.049	0.772112	-0.0161929	1.94565	1.29515	6.29978	2.51991	9.52492e-08	0	0	0	0	0	0	0	0	
0.05	0.772554	-0.016547	1.94549	1.29441	6.29563	2.51825	9.66737e-08	0	0	0	0	0	0	0	0	
0.051	0.772969	-0.0169006	1.94532	1.29371	6.29171	2.51668	9.77836e-08	0	0	0	0	0	0	0	0	
0.052	0.773361	-0.0172537	1.94515	1.29306	6.28797	2.51519	9.79926e-08	0	0	0	0	0	0	0	0	
0.053	0.773744	-0.0176062	1.94498	1.29242	6.28432	2.51373	9.73193e-08	0	0	0	0	0	0	0	0	
0.054	0.774131	-0.0179583	1.94481	1.29177	6.28064	2.51226	9.59714e-08	0	0	0	0	0	0	0	0	
0.055	0.774533	-0.0183102	1.94464	1.2911	6.27682	2.51073	9.43907e-08	0	0	0	0	0	0	0	0	
0.056	0.774961	-0.018662	1.94447	1.29039	6.2728	2.50912	9.32211e-08	0	0	0	0	0	0	0	0	
0.057	0.775418	-0.019014	1.94429	1.28963	6.26853	2.50741	9.28956e-08	0	0	0	0	0	0	0	0	
0.058	0.775901	-0.0193665	1.94411	1.28882	6.26405	2.50562	9.31647e-08	0	0	0	0	0	0	0	0	
0.059	0.776404	-0.0197198	1.94393	1.28799	6.2594	2.50376	9.33708e-08	0	0	0	0	0	0	0	0	
0.06	0.776916	-0.0200742	1.94374	1.28714	6.25466	2.50186	9.32901e-08	0	0	0	0	0	0	0	0	
0.061	0.777427	-0.0204301	1.94354	1.28629	6.2499	2.49996	9.31989e-08	0	0	0	0	0	0	0	0	
0.062	0.777929	-0.0207879	1.94333	1.28547	6.24521	2.49808	9.32473e-08	0	0	0	0	0	0	0	0	
0.063	0.778415	-0.0211477	1.94311	1.28466	6.24061	2.49624	9.34914e-08	0	0	0	0	0	0	0	0	
0.064	0.778884	-0.0215101	1.94289	1.28389	6.23612	2.49445	9.40709e-08	0	0	0	0	0	0	0	0	
0.065	0.779335	-0.0218751	1.94265	1.28314	6.23175	2.4927	9.49183e-08	0	0	0	0	0	0	0	0	
0.066	0.779772	-0.0222431	1.9424	1.28243	6.22745	2.49098	9.5625e-08	0	0	0	0	0	0	0	0	
0.067	0.780199	-0.0226143	1.94213	1.28172	6.22319	2.48928	9.59467e-08	0	0	0	0	0	0	0	0	
0.068	0.780624	-0.0229886	1.94185	1.28103	6.21891	2.48756	9.58604e-08	0	0	0	0	0	0	0	0	
0.069	0.781051	-0.0233664	1.94156	1.28033	6.21456	2.48582	9.5338e-08	0	0	0	0	0	0	0	0	
0.07	0.781485	-0.0237476	1.94124	1.27961	6.2101	2.48404	9.44965e-08	0	0	0	0	0	0	0	0	
0.071	0.78193	-0.0241323	1.94091	1.27889	6.20552	2.48221	9.37242e-08	0	0	0	0	0	0	0	0	
0.072	0.782386	-0.0245206	1.94056	1.27814	6.20079	2.48032	9.34899e-08	0	0	0	0	0	0	0	0	
0.073	0.78285	-0.0249126	1.9402	1.27738	6.19594	2.47838	9.38986e-08	0	0	0	0	0	0	0	0	
0.074	0.783321	-0.0253085	1.93981	1.27662	6.191	2.4764	9.45058e-08	0	0	0	0	0	0	0	0	
0.075	0.783793	-0.0257085	1.93941	1.27585	6.18599	2.4744	9.47335e-08	0	0	0	0	0	0	0	0	
0.076	0.784263	-0.0261128	1.939	1.27508	6.18096	2.47238	9.4458e-08	0	0	0	0	0	0	0	0	
0.077	0.784728	-0.0265219	1.93857	1.27433	6.17592	2.47037	9.4052e-08	0	0	0	0	0	0	0	0	
0.078	0.785185	-0.0269362	1.93812	1.27359	6.17092	2.46837	9.39749e-08	0	0	0	0	0	0	0	0	
0.079	0.785635	-0.0273562	1.93767	1.27286	6.16594	2.46637	9.43963e-08	0	0	0	0	0	0	0	0	
0.08	0.786079	-0.0277827	1.93721	1.27214	6.16097	2.46439	9.5057e-08	0	0	0	0	0	0	0	0	
0.081	0.786524	-0.0282162	1.93674	1.27142	6.156	2.4624	9.55591e-08	0	0	0	0	0	0	0	0	
0.082	0.786975	-0.0286574	1.93626	1.27069	6.15097	2.46039	9.56998e-08	0	0	0	0	0	0	0	0	
0.083	0.78744	-0.029107	1.93579	1.26994	6.14583	2.45833	9.54813e-08	0	0	0	0	0	0	0	0	
0.084	0.787926	-0.0295655	1.93531	1.26915	6.14053	2.45621	9.50323e-08	0	0	0	0	0	0	0	0	
0.085	0.788439	-0.0300336	1.93484	1.26833	6.13504	2.45402	9.45992e-08	0	0	0	0	0	0	0	0	
0.086	0.788981	-0.0305116	1.93437	1.26746	6.12934	2.45174	9.4391e-08	0	0	0	0	0	0	0	0	
0.087	0.789552	-0.0309996	1.93391	1.26654	6.12345	2.44938	9.44164e-08	0	0	0	0	0	0	0	0	
0.088	0.790148	-0.0314978	1.93346	1.26559	6.1174	2.44696	9.45391e-08	0	0	0	0	0	0	0	0	
0.089	0.79076	-0.0320059	1.93301	1.26461	6.11125	2.4445	9.46995e-08	0	0	0	0	0	0	0	0	
0.09	0.79138	-0.0325237	1.93257	1.26361	6.10507	2.44203	9.49635e-08	0	0	0	0	0	0	0	0	
0.091	0.792001	-0.0330506	1.93214	1.26262	6.09892	2.43957	9.53474e-08	0	0	0	0	0	0	0	0	
0.092	0.792614	-0.0335858	1.93171	1.26165	6.09285	2.43714	9.57543e-08	0	0	0	0	0	0	0	0	
0.093	0.793214	-0.0341285	1.93128	1.26069	6.08689	2.43476	9.60643e-08	0	0	0	0	0	0	0	0	
0.094	0.793796	-0.0346778	1.93085	1.25977	6.08108	2.43243	9.61671e-08	0	0	0	0	0	0	0	0	
0.095	0.794356	-0.0352327	1.93042	1.25888	6.07544	2.43018	9.60094e-08	0	0	0	0	0	0	0	0	
0.096	0.794889	-0.0357922	1.92999	1.25804	6.07	2.428	9.56188e-08	0	0	0	0	0	0	0	0	
0.097	0.795392	-0.0363553	1.92955	1.25724	6.06476	2.42591	9.50605e-08	0	0	0	0	0	0	0	0	
0.098	0.795859	-0.0369213	1.92909	1.2565	6.05977	2.42391	9.44702e-08	0	0	0	0	0	0	0	0	
0.099	0.796288	-0.0374895	1.92862	1.25583	6.05503	2.42201	9.41184e-08	0	0	0	0	0	0	0	0	
0.1	0.796675	-0.0380592	1.92813	1.25522	6.05056	2.42022	9.42688e-08	0	0	0	0	0	0	0	0	
0.101	0.797019	-0.0386303	1.92763	1.25468	6.04636	2.41855	9.48293e-08	0	0	0	0	0	0	0	0	
0.102	0.797318	-0.0392024	1.9271	1.2542	6.04244	2.41698	9.53568e-08	0	0	0	0	0	0	0	0	
0.103	0.797572	-0.0397758	1.92655	1.2538	6.03879	2.41552	9.54981e-08	0	0	0	0	0	0	0	0	
0.104	0.797783	-0.0403506	1.92597	1.25347	6.0354	2.41416	9.52775e-08	0	0	0	0	0	0	0	0	
0.105	0.79795	-0.040927	1.92538	1.25321	6.03226	2.4129	9.49205e-08	0	0	0	0	0	0	0	0	
0.106	0.798075	-0.0415057	1.92475	1.25301	6.02936	2.41174	9.45444e-08	0	0	0	0	0	0	0	0	
0.107	0.798162	-0.0420869	1.9241	1.25288	6.02668	2.41067	9.41438e-08	0	0	0	0	0	0	0	0	
0.108	0.798211	-0.0426713	1.92343	1.2528	6.0242	2.40968	9.37643e-08	0	0	0	0	0	0	0	0	
0.109	0.798226	-0.0432592	1.92274	1.25278	6.02191	2.40876	9.35171e-08	0	0	0	0	0	0	0	0	
0.11	0.798211	-0.043851	1.92202	1.2528	6.01978	2.40791	9.34354e-08	0	0	0	0	0	0	0	0	
0.111	0.798169	-0.0444468	1.92129	1.25287	6.01779	2.40712	9.34914e-08	0	0	0	0	0	0	0	0	
0.112	0.798105	-0.0450466	1.92053	1.25297	6.01591	2.40636	9.37224e-08	0	0	0	0	0	0	0	0	
0.113	0.798022	-0.0456503	1.91976	1.2531	6.01412	2.40565	9.42023e-08	0	0	0	0	0	0	0	0	
0.114	0.797922	-0.0462574	1.91897	1.25325	6.01241	2.40496	9.49019e-08	0	0	0	0	0	0	0	0	
0.115	0.79781	-0.0468674	1.91818	1.25343	6.01076	2.4043	9.56611e-08	0	0	0	0	0	0	0	0	
0.116	0.797687	-0.0474794	1.91737	1.25362	6.00915	2.40366	9.62634e-08	0	0	0	0	0	0	0	0	
0.117	0.797557	-0.0480926	1.91655	1.25383	6.00758	2.40303	9.65688e-08	0	0	0	0	0	0	0	0	
0.118	0.797421	-0.0487057	1.91573	1.25404	6.00603	2.40241	9.65954e-08	0	0	0	0	0	0	0	0	
0.119	0.797281	-0.0493176	1.91491	1.25426	6.00451	2.4018	9.64295e-08	0	0	0	0	0	0	0	0	
0.12	0.797137	-0.0499268	1.91409	1.25449	6.00301	2.40121	9.6091e-08	0	0	0	0	0	0	0	0	
0.121	0.796991	-0.0505322	1.91327	1.25472	6.00155	2.40062	9.55343e-08	0	0	0	0	0	0	0	0	
0.122	0.796841	-0.0511323	1.91246	1.25495	6.00014	2.40006	9.47858e-08	0	0	0	0	0	0	0	0	
0.123	0.796687	-0.0517257	1.91166	1.2552	5.99879	2.39952	9.40102e-08	0	0	0	0	0	0	0	0	
0.124	0.796527	-0.0523113	1.91088	1.25545	5.99753	2.39901	9.34683e-08	0	0	0	0	0	0	0	0	
0.125	0.79636	-0.0528879	1.91011	1.25571	5.99638	2.39855	9.33705e-08	0	0	0	0	0	0	0	0	
0.126	0.796183	-0.0534544	1.90936	1.25599	5.99537	2.39815	9.37095e-08	0	0	0	0	0	0	0	0	
0.127	0.795997	-0.0540099	1.90864	1.25629	5.99449	2.3978	9.42466e-08	0	0	0	0	0	0	0	0	
0.128	0.795801	-0.0545534	1.90794	1.2566	5.99378	2.39751	9.46653e-08	0	0	0	0	0	0	0	0	
0.129	0.795595	-0.0550843	1.90727	1.25692	5.99323	2.39729	9.47632e-08	0	0	0	0	0	0	0	0	
0.13	0.79538	-0.055602	1.90664	1.25726	5.99285	2.39714	9.45406e-08	0	0	0	0	0	0	0	0	
0.131	0.795157	-0.0561058	1.90603	1.25761	5.99264	2.39705	9.41787e-08	0	0	0	0	0	0	0	0	
0.132	0.794928	-0.0565954	1.90547	1.25798	5.99258	2.39703	9.39011e-08	0	0	0	0	0	0	0	0	
0.133	0.794694	-0.0570703	1.90493	1.25835	5.99267	2.39707	9.38343e-08	0	0	0	0	0	0	0	0	
0.134	0.794457	-0.0575303	1.90444	1.25872	5.99289	2.39716	9.39706e-08	0	0	0	0	0	0	0	0	
0.135	0.794219	-0.0579751	1.90398	1.2591	5.99324	2.3973	9.4184e-08	0	0	0	0	0	0	0	0	
0.136	0.793982	-0.0584045	1.90356	1.25947	5.9937	2.39748	9.43028e-08	0	0	0	0	0	0	0	0	
0.137	0.793748	-0.0588183	1.90317	1.25985	5.99425	2.3977	9.42309e-08	0	0	0	0	0	0	0	0	
0.138	0.793517	-0.0592166	1.90282	1.26021	5.99488	2.39795	9.40081e-08	0	0	0	0	0	0	0	0	
0.139	0.79329	-0.0595992	1.9025	1.26057	5.99559	2.39824	9.37515e-08	0	0	0	0	0	0	0	0	
0.14	0.793068	-0.0599663	1.90221	1.26093	5.99635	2.39854	9.35467e-08	0	0	0	0	0	0	0	0	
0.141	0.792853	-0.0603179	1.90195	1.26127	5.99716	2.39886	9.34055e-08	0	0	0	0	0	0	0	0	
0.142	0.792643	-0.0606543	1.90171	1.2616	5.99801	2.3992	9.32799e-08	0	0	0	0	0	0	0	0	
0.143	0.79244	-0.0609758	1.9015	1.26193	5.99889	2.39955	9.3095e-08	0	0	0	0	0	0	0	0	
0.144	0.792245	-0.0612828	1.90132	1.26224	5.99977	2.39991	9.27962e-08	0	0	0	0	0	0	0	0	
0.145	0.792059	-0.0615759	1.90115	1.26253	6.00065	2.40026	9.23916e-08	0	0	0	0	0	0	0	0	
0.146	0.791886	-0.0618555	1.901	1.26281	6.0015	2.4006	9.19629e-08	0	0	0	0	0	0	0	0	
0.147	0.791726	-0.0621224	1.90087	1.26306	6.00229	2.40091	9.16197e-08	0	0	0	0	0	0	0	0	
0.148	0.791582	-0.0623774	1.90075	1.26329	6.003	2.4012	9.14313e-08	0	0	0	0	0	0	0	0	
0.149	0.791454	-0.0626212	1.90064	1.2635	6.00363	2.40145	9.13929e-08	0	0	0	0	0	0	0	0	
0.15	0.791343	-0.0628547	1.90054	1.26367	6.00417	2.40167	9.14465e-08	0	0	0	0	0	0	0	0	
0.151	0.791247	-0.0630789	1.90046	1.26383	6.00462	2.40185	9.15193e-08	0	0	0	0	0	0	0	0	
0.152	0.791163	-0.0632945	1.90038	1.26396	6.005	2.402	9.1564e-08	0	0	0	0	0	0	0	0	
0.153	0.791088	-0.0635025	1.9003	1.26408	6.00534	2.40214	9.15894e-08	0	0	0	0	0	0	0	0	
0.154	0.791018	-0.0637036	1.90023	1.26419	6.00566	2.40227	9.16389e-08	0	0	0	0	0	0	0	0	
0.155	0.790948	-0.0638986	1.90017	1.26431	6.00599	2.4024	9.17324e-08	0	0	0	0	0	0	0	0	
0.156	0.790875	-0.064088	1.90011	1.26442	6.00635	2.40254	9.18455e-08	0	0	0	0	0	0	0	0	
0.157	0.790796	-0.0642725	1.90005	1.26455	6.00676	2.4027	9.19461e-08	0	0	0	0	0	0	0	0	
0.158	0.790709	-0.0644524	1.89999	1.26469	6.00723	2.40289	9.20203e-08	0	0	0	0	0	0	0	0	
0.159	0.790613	-0.0646282	1.89993	1.26484	6.00777	2.40311	9.20517e-08	0	0	0	0	0	0	0	0	
0.16	0.790508	-0.0648	1.89987	1.26501	6.00838	2.40335	9.20044e-08	0	0	0	0	0	0	0	0	
0.161	0.790393	-0.0649682	1.8998	1.26519	6.00905	2.40362	9.18556e-08	0	0	0	0	0	0	0	0	
0.162	0.790271	-0.065133	1.89974	1.26539	6.00977	2.40391	9.16441e-08	0	0	0	0	0	0	0	0	
0.163	0.790141	-0.0652945	1.89967	1.2656	6.01053	2.40421	9.14617e-08	0	0	0	0	0	0	0	0	
0.164	0.790006	-0.0654531	1.89959	1.26581	6.01132	2.40453	9.13831e-08	0	0	0	0	0	0	0	0	
0.165	0.789867	-0.065609	1.89951	1.26604	6.01213	2.40485	9.13971e-08	0	0	0	0	0	0	0	0	
0.166	0.789725	-0.0657627	1.89943	1.26626	6.01294	2.40518	9.14111e-08	0	0	0	0	0	0	0	0	
0.167	0.789583	-0.0659145	1.89934	1.26649	6.01375	2.4055	9.13254e-08	0	0	0	0	0	0	0	0	
0.168	0.78944	-0.0660651	1.89925	1.26672	6.01455	2.40582	9.11193e-08	0	0	0	0	0	0	0	0	
0.169	0.789299	-0.0662149	1.89916	1.26695	6.01532	2.40613	9.08866e-08	0	0	0	0	0	0	0	0	
0.17	0.78916	-0.0663647	1.89906	1.26717	6.01608	2.40643	9.0801e-08	0	0	0	0	0	0	0	0	
0.171	0.789025	-0.0665153	1.89897	1.26739	6.01681	2.40673	9.10324e-08	0	0	0	0	0	0	0	0	
0.172	0.788893	-0.0666672	1.89887	1.2676	6.01752	2.40701	9.16615e-08	0	0	0	0	0	0	0	0	
0.173	0.788766	-0.0668214	1.89878	1.2678	6.0182	2.40728	9.26379e-08	0	0	0	0	0	0	0	0	
0.174	0.788645	-0.0669784	1.89869	1.268	6.01885	2.40754	9.38052e-08	0	0	0	0	0	0	0	0	
0.175	0.78853	-0.0671388	1.89861	1.26818	6.01946	2.40779	9.49714e-08	0	0	0	0	0	0	0	0	
0.176	0.788424	-0.0673032	1.89854	1.26835	6.02004	2.40802	9.59792e-08	0	0	0	0	0	0	0	0	
0.177	0.788326	-0.067472	1.89847	1.26851	6.02058	2.40823	9.67417e-08	0	0	0	0	0	0	0	0	
0.178	0.788239	-0.0676453	1.89842	1.26865	6.02107	2.40843	9.72347e-08	0	0	0	0	0	0	0	0	
0.179	0.788163	-0.0678231	1.89837	1.26877	6.02152	2.40861	9.74647e-08	0	0	0	0	0	0	0	0	
0.18	0.788098	-0.0680051	1.89834	1.26888	6.02191	2.40876	9.74366e-08	0	0	0	0	0	0	0	0	
0.181	0.788044	-0.0681909	1.89832	1.26896	6.02225	2.4089	9.71387e-08	0	0	0	0	0	0	0	0	
0.182	0.788001	-0.0683796	1.89831	1.26903	6.02255	2.40902	9.65505e-08	0	0	0	0	0	0	0	0	
0.183	0.787968	-0.0685702	1.89831	1.26909	6.02281	2.40912	9.56625e-08	0	0	0	0	0	0	0	0	
0.184	0.787944	-0.0687614	1.89833	1.26913	6.02305	2.40922	9.4494e-08	0	0	0	0	0	0	0	0	
0.185	0.787926	-0.0689516	1.89836	1.26915	6.02326	2.40931	9.31033e-08	0	0	0	0	0	0	0	0	
0.186	0.787914	-0.0691393	1.89839	1.26917	6.02347	2.40939	9.15867e-08	0	0	0	0	0	0	0	0	
0.187	0.787907	-0.0693226	1.89844	1.26919	6.02369	2.40948	9.00676e-08	0	0	0	0	0	0	0	0	
0.188	0.787902	-0.0694997	1.8985	1.26919	6.02391	2.40957	8.86783e-08	0	0	0	0	0	0	0	0	
0.189	0.787899	-0.0696687	1.89857	1.2692	6.02416	2.40966	8.7537e-08	0	0	0	0	0	0	0	0	
0.19	0.787897	-0.0698278	1.89865	1.2692	6.02443	2.40977	8.6727e-08	0	0	0	0	0	0	0	0	
0.191	0.787897	-0.0699752	1.89875	1.2692	6.02472	2.40989	8.62816e-08	0	0	0	0	0	0	0	0	
0.192	0.787899	-0.0701093	1.89885	1.2692	6.02505	2.41002	8.61793e-08	0	0	0	0	0	0	0	0	
0.193	0.787903	-0.0702285	1.89897	1.26919	6.0254	2.41016	8.6349e-08	0	0	0	0	0	0	0	0	
0.194	0.787909	-0.0703312	1.89911	1.26918	6.02578	2.41031	8.66862e-08	0	0	0	0	0	0	0	0	
0.195	0.78792	-0.070416	1.89926	1.26916	6.02619	2.41048	8.70764e-08	0	0	0	0	0	0	0	0	
0.196	0.787935	-0.0704818	1.89944	1.26914	6.02662	2.41065	8.74221e-08	0	0	0	0	0	0	0	0	
0.197	0.787957	-0.0705272	1.89963	1.2691	6.02708	2.41083	8.76662e-08	0	0	0	0	0	0	0	0	
0.198	0.787986	-0.0705511	1.89985	1.26906	6.02756	2.41103	8.78023e-08	0	0	0	0	0	0	0	0	
0.199	0.788022	-0.0705524	1.9001	1.269	6.02807	2.41123	8.78687e-08	0	0	0	0	0	0	0	0	
0.2	0.788068	-0.0705301	1.90038	1.26893	6.0286	2.41144	8.79262e-08	0	0	0	0	0	0	0	0	
0.201	0.788123	-0.070483	1.90069	1.26884	6.02916	2.41166	8.80283e-08	0	0	0	0	0	0	0	0	
0.202	0.788188	-0.0704101	1.90103	1.26873	6.02974	2.4119	8.81943e-08	0	0	0	0	0	0	0	0	
0.203	0.788265	-0.0703104	1.9014	1.26861	6.03035	2.41214	8.83985e-08	0	0	0	0	0	0	0	0	
0.204	0.788352	-0.0701829	1.90181	1.26847	6.03098	2.41239	8.85795e-08	0	0	0	0	0	0	0	0	
0.205	0.788452	-0.0700267	1.90226	1.26831	6.03164	2.41266	8.86672e-08	0	0	0	0	0	0	0	0	
0.206	0.788563	-0.069841	1.90275	1.26813	6.03233	2.41293	8.86151e-08	0	0	0	0	0	0	0	0	
0.207	0.788686	-0.0696253	1.90327	1.26793	6.03304	2.41321	8.84215e-08	0	0	0	0	0	0	0	0	
0.208	0.788822	-0.0693792	1.90383	1.26771	6.03377	2.41351	8.81304e-08	0	0	0	0	0	0	0	0	
0.209	0.788971	-0.0691026	1.90443	1.26747	6.03453	2.41381	8.78118e-08	0	0	0	0	0	0	0	0	
0.21	0.789132	-0.0687959	1.90506	1.26722	6.0353	2.41412	8.75318e-08	0	0	0	0	0	0	0	0	
0.211	0.789306	-0.0684595	1.90573	1.26694	6.0361	2.41444	8.73279e-08	0	0	0	0	0	0	0	0	
0.212	0.789493	-0.0680947	1.90644	1.26664	6.03691	2.41476	8.72003e-08	0	0	0	0	0	0	0	0	
0.213	0.789693	-0.0677027	1.90718	1.26631	6.03774	2.41509	8.71215e-08	0	0	0	0	0	0	0	0	
0.214	0.789906	-0.0672857	1.90796	1.26597	6.03858	2.41543	8.70565e-08	0	0	0	0	0	0	0	0	
0.215	0.790131	-0.0668459	1.90878	1.26561	6.03944	2.41577	8.69811e-08	0	0	0	0	0	0	0	0	
0.216	0.790368	-0.0663861	1.90963	1.26523	6.04031	2.41612	8.68894e-08	0	0	0	0	0	0	0	0	
0.217	0.790617	-0.0659096	1.91051	1.26484	6.04121	2.41648	8.67887e-08	0	0	0	0	0	0	0	0	
0.218	0.790876	-0.0654198	1.91143	1.26442	6.04212	2.41685	8.66893e-08	0	0	0	0	0	0	0	0	
0.219	0.791147	-0.0649205	1.91238	1.26399	6.04305	2.41722	8.6597e-08	0	0	0	0	0	0	0	0	
0.22	0.791427	-0.0644155	1.91336	1.26354	6.04401	2.4176	8.65125e-08	0	0	0	0	0	0	0	0	
0.221	0.791716	-0.063909	1.91436	1.26308	6.04499	2.41799	8.64366e-08	0	0	0	0	0	0	0	0	
0.222	0.792012	-0.0634048	1.9154	1.26261	6.04599	2.41839	8.63761e-08	0	0	0	0	0	0	0	0	
0.223	0.792316	-0.0629069	1.91646	1.26212	6.04701	2.4188	8.63437e-08	0	0	0	0	0	0	0	0	
0.224	0.792625	-0.0624188	1.91754	1.26163	6.04805	2.41922	8.63531e-08	0	0	0	0	0	0	0	0	
0.225	0.792939	-0.0619437	1.91863	1.26113	6.04911	2.41964	8.64127e-08	0	0	0	0	0	0	0	0	
0.226	0.793255	-0.0614841	1.91974	1.26063	6.05019	2.42007	8.65206e-08	0	0	0	0	0	0	0	0	
0.227	0.793571	-0.0610417	1.92085	1.26013	6.05127	2.42051	8.66647e-08	0	0	0	0	0	0	0	0	
0.228	0.793885	-0.0606177	1.92195	1.25963	6.05236	2.42095	8.68248e-08	0	0	0	0	0	0	0	0	
0.229	0.794195	-0.0602125	1.92305	1.25914	6.05346	2.42139	8.69768e-08	0	0	0	0	0	0	0	0	
0.23	0.794497	-0.0598261	1.92413	1.25866	6.05457	2.42183	8.70956e-08	0	0	0	0	0	0	0	0	
0.231	0.794789	-0.0594586	1.92519	1.25819	6.05567	2.42227	8.71574e-08	0	0	0	0	0	0	0	0	
0.232	0.79507	-0.0591094	1.92623	1.25775	6.05679	2.42271	8.71438e-08	0	0	0	0	0	0	0	0	
0.233	0.795338	-0.0587779	1.92723	1.25733	6.05791	2.42316	8.70447e-08	0	0	0	0	0	0	0	0	
0.234	0.79559	-0.058463	1.92821	1.25693	6.05904	2.42362	8.6862e-08	0	0	0	0	0	0	0	0	
0.235	0.795827	-0.0581629	1.92914	1.25655	6.06019	2.42408	8.66099e-08	0	0	0	0	0	0	0	0	
0.236	0.796049	-0.057875	1.93005	1.2562	6.06134	2.42454	8.63132e-08	0	0	0	0	0	0	0	0	
0.237	0.796257	-0.0575961	1.93092	1.25588	6.06248	2.42499	8.60029e-08	0	0	0	0	0	0	0	0	
0.238	0.796454	-0.0573224	1.93176	1.25557	6.06362	2.42545	8.57118e-08	0	0	0	0	0	0	0	0	
0.239	0.796643	-0.0570497	1.93256	1.25527	6.06471	2.42589	8.54689e-08	0	0	0	0	0	0	0	0	
0.24	0.79683	-0.0567737	1.93335	1.25497	6.06576	2.4263	8.52958e-08	0	0	0	0	0	0	0	0	
0.241	0.797021	-0.0564902	1.93412	1.25467	6.06673	2.42669	8.52049e-08	0	0	0	0	0	0	0	0	
0.242	0.797222	-0.0561944	1.93489	1.25436	6.06761	2.42704	8.51985e-08	0	0	0	0	0	0	0	0	
0.243	0.797439	-0.0558812	1.93567	1.25401	6.06838	2.42735	8.52692e-08	0	0	0	0	0	0	0	0	
0.244	0.797678	-0.0555448	1.93646	1.25364	6.06905	2.42762	8.5402e-08	0	0	0	0	0	0	0	0	
0.245	0.797944	-0.0551788	1.93728	1.25322	6.0696	2.42784	8.55768e-08	0	0	0	0	0	0	0	0	
0.246	0.79824	-0.054777	1.93814	1.25276	6.07006	2.42802	8.57717e-08	0	0	0	0	0	0	0	0	
0.247	0.798569	-0.0543336	1.93906	1.25224	6.07043	2.42817	8.59667e-08	0	0	0	0	0	0	0	0	
0.248	0.798933	-0.053843	1.94006	1.25167	6.07077	2.42831	8.61466e-08	0	0	0	0	0	0	0	0	
0.249	0.799334	-0.0532998	1.94113	1.25104	6.0711	2.42844	8.63016e-08	0	0	0	0	0	0	0	0	
0.25	0.799771	-0.0526979	1.94231	1.25036	6.07146	2.42859	8.64278e-08	0	0	0	0	0	0	0	0	
0.251	0.800243	-0.0520307	1.9436	1.24962	6.07191	2.42876	8.65249e-08	0	0	0	0	0	0	0	0	
0.252	0.800747	-0.0512911	1.945	1.24883	6.07246	2.42899	8.65955e-08	0	0	0	0	0	0	0	0	
0.253	0.801284	-0.0504722	1.94653	1.248	6.07317	2.42927	8.66434e-08	0	0	0	0	0	0	0	0	
0.254	0.801851	-0.049569	1.9482	1.24712	6.07407	2.42963	8.66731e-08	0	0	0	0	0	0	0	0	
0.255	0.802448	-0.0485783	1.95001	1.24619	6.07517	2.43007	8.66894e-08	0	0	0	0	0	0	0	0	
0.256	0.803078	-0.0474983	1.95197	1.24521	6.07651	2.43061	8.66968e-08	0	0	0	0	0	0	0	0	
0.257	0.80374	-0.0463275	1.95408	1.24418	6.0781	2.43124	8.66991e-08	0	0	0	0	0	0	0	0	
0.258	0.804436	-0.0450637	1.95637	1.24311	6.07993	2.43197	8.66991e-08	0	0	0	0	0	0	0	0	
0.259	0.805166	-0.0437055	1.95881	1.24198	6.08201	2.4328	8.66981e-08	0	0	0	0	0	0	0	0	
0.26	0.805932	-0.0422527	1.96142	1.2408	6.08433	2.43373	8.66956e-08	0	0	0	0	0	0	0	0	
0.261	0.806736	-0.0407067	1.9642	1.23956	6.08689	2.43476	8.66889e-08	0	0	0	0	0	0	0	0	
0.262	0.807579	-0.0390693	1.96715	1.23827	6.08966	2.43587	8.66741e-08	0	0	0	0	0	0	0	0	
0.263	0.808461	-0.037342	1.97027	1.23692	6.09265	2.43706	8.66471e-08	0	0	0	0	0	0	0	0	
0.264	0.809385	-0.0355274	1.97355	1.23551	6.09583	2.43833	8.66049e-08	0	0	0	0	0	0	0	0	
0.265	0.810352	-0.0336306	1.977	1.23403	6.09919	2.43968	8.65478e-08	0	0	0	0	0	0	0	0	
0.266	0.811364	-0.0316592	1.98061	1.23249	6.10273	2.44109	8.64795e-08	0	0	0	0	0	0	0	0	
0.267	0.812425	-0.029622	1.98441	1.23088	6.10644	2.44257	8.64068e-08	0	0	0	0	0	0	0	0	
0.268	0.813536	-0.0275279	1.98838	1.2292	6.11031	2.44412	8.63372e-08	0	0	0	0	0	0	0	0	
0.269	0.8147	-0.0253841	1.99254	1.22745	6.11433	2.44573	8.62764e-08	0	0	0	0	0	0	0	0	
0.27	0.815911	-0.02319	1.99685	1.22562	6.11848	2.44739	8.62257e-08	0	0	0	0	0	0	0	0	
0.271	0.817162	-0.0209365	2.0013	1.22375	6.12271	2.44909	8.61809e-08	0	0	0	0	0	0	0	0	
0.272	0.818448	-0.0186179	2.00586	1.22182	6.12701	2.4508	8.61327e-08	0	0	0	0	0	0	0	0	
0.273	0.819773	-0.0162447	2.01053	1.21985	6.13136	2.45254	8.60692e-08	0	0	0	0	0	0	0	0	
0.274	0.821139	-0.0138313	2.01532	1.21782	6.13575	2.4543	8.59789e-08	0	0	0	0	0	0	0	0	
0.275	0.822549	-0.0113874	2.02024	1.21573	6.14019	2.45608	8.5854e-08	0	0	0	0	0	0	0	0	
0.276	0.823994	-0.00891732	2.02526	1.2136	6.14465	2.45786	8.56935e-08	0	0	0	0	0	0	0	0	
0.277	0.825462	-0.00637767	2.03033	1.21144	6.14908	2.45963	8.55043e-08	0	0	0	0	0	0	0	0	
0.278	0.827026	-0.00384987	2.03571	1.20915	6.1537	2.46148	8.53016e-08	0	0	0	0	0	0	0	0	
0.279	0.82853	-0.00109785	2.04085	1.20696	6.15806	2.46322	8.51066e-08	0	0	0	0	0	0	0	0	
0.28	0.830352	0.00190267	2.04708	1.20431	6.16328	2.46531	8.49438e-08	0	0	0	0	0	0	0	0	
0.281	0.832762	0.00699863	2.05531	1.20082	6.17017	2.46807	8.48372e-08	0	0	0	0	0	0	0	0	
0.282	0.835249	0.0113402	2.06381	1.19725	6.17722	2.47089	8.48062e-08	0	0	0	0	0	0	0	0	
0.283	0.837654	0.0155437	2.07202	1.19381	6.184	2.4736	8.48634e-08	0	0	0	0	0	0	0	0	
0.284	0.840015	0.0196784	2.08008	1.19046	6.19061	2.47624	8.50123e-08	0	0	0	0	0	0	0	0	
0.285	0.84234	0.0237627	2.08803	1.18717	6.19711	2.47885	8.52472e-08	0	0	0	0	0	0	0	0	
0.286	0.844634	0.0278078	2.09588	1.18395	6.20353	2.48141	8.55541e-08	0	0	0	0	0	0	0	0	
0.287	0.846901	0.0318236	2.10366	1.18078	6.20988	2.48395	8.59128e-08	0	0	0	0	0	0	0	0	
0.288	0.849146	0.0358188	2.11138	1.17765	6.2162	2.48648	8.62994e-08	0	0	0	0	0	0	0	0	
0.289	0.851373	0.0398007	2.11906	1.17457	6.22249	2.489	8.66893e-08	0	0	0	0	0	0	0	0	
0.29	0.853585	0.0437754	2.12672	1.17153	6.22878	2.49151	8.70593e-08	0	0	0	0	0	0	0	0	
0.291	0.855786	0.0477477	2.13436	1.16852	6.23508	2.49403	8.73893e-08	0	0	0	0	0	0	0	0	
0.292	0.85798	0.0517215	2.142	1.16553	6.2414	2.49656	8.76629e-08	0	0	0	0	0	0	0	0	
0.293	0.860168	0.0556997	2.14965	1.16256	6.24775	2.4991	8.78685e-08	0	0	0	0	0	0	0	0	
0.294	0.862353	0.0596849	2.15731	1.15962	6.25413	2.50165	8.79982e-08	0	0	0	0	0	0	0	0	
0.295	0.864538	0.0636791	2.16499	1.15669	6.26054	2.50422	8.80484e-08	0	0	0	0	0	0	0	0	
0.296	0.866723	0.0676842	2.1727	1.15377	6.26699	2.5068	8.8019e-08	0	0	0	0	0	0	0	0	
0.297	0.868911	0.0717016	2.18044	1.15087	6.27348	2.50939	8.79133e-08	0	0	0	0	0	0	0	0	
0.298	0.871104	0.0757328	2.18822	1.14797	6.28001	2.512	8.77381e-08	0	0	0	0	0	0	0	0	
0.299	0.873301	0.079779	2.19603	1.14508	6.28657	2.51463	8.75024e-08	0	0	0	0	0	0	0	0	
0.3	0.875506	0.0838414	2.20388	1.1422	6.29317	2.51727	8.72177e-08	0	0	0	0	0	0	0	0	
0.301	0.877719	0.0879208	2.21178	1.13932	6.2998	2.51992	8.68962e-08	0	0	0	0	0	0	0	0	
0.302	0.879941	0.0920181	2.21972	1.13644	6.30644	2.52258	8.65501e-08	0	0	0	0	0	0	0	0	
0.303	0.882176	0.0961336	2.22771	1.13356	6.3131	2.52524	8.6191e-08	0	0	0	0	0	0	0	0	
0.304	0.884426	0.100267	2.23574	1.13068	6.31975	2.5279	8.58295e-08	0	0	0	0	0	0	0	0	
0.305	0.886691	0.104419	2.24382	1.12779	6.3264	2.53056	8.54745e-08	0	0	0	0	0	0	0	0	
0.306	0.888976	0.108588	2.25196	1.12489	6.33302	2.53321	8.51342e-08	0	0	0	0	0	0	0	0	
0.307	0.891283	0.112773	2.26016	1.12198	6.33962	2.53585	8.48161e-08	0	0	0	0	0	0	0	0	
0.308	0.893614	0.116973	2.26842	1.11905	6.34619	2.53848	8.45275e-08	0	0	0	0	0	0	0	0	
0.309	0.895971	0.121185	2.27675	1.11611	6.35274	2.54109	8.42753e-08	0	0	0	0	0	0	0	0	
0.31	0.898356	0.125406	2.28515	1.11314	6.35926	2.5437	8.40658e-08	0	0	0	0	0	0	0	0	
0.311	0.900769	0.129635	2.29363	1.11016	6.36577	2.54631	8.39049e-08	0	0	0	0	0	0	0	0	
0.312	0.903213	0.133868	2.30221	1.10716	6.37227	2.54891	8.37966e-08	0	0	0	0	0	0	0	0	
0.313	0.905686	0.138104	2.31087	1.10414	6.37879	2.55152	8.37434e-08	0	0	0	0	0	0	0	0	
0.314	0.908188	0.142341	2.31964	1.10109	6.38534	2.55414	8.37457e-08	0	0	0	0	0	0	0	0	
0.315	0.910718	0.146578	2.3285	1.09803	6.39194	2.55678	8.38017e-08	0	0	0	0	0	0	0	0	
0.316	0.913275	0.150815	2.33747	1.09496	6.39861	2.55944	8.39076e-08	0	0	0	0	0	0	0	0	
0.317	0.915855	0.155052	2.34655	1.09188	6.40535	2.56214	8.40582e-08	0	0	0	0	0	0	0	0	
0.318	0.918457	0.159292	2.35572	1.08878	6.41217	2.56487	8.42468e-08	0	0	0	0	0	0	0	0	
0.319	0.921077	0.163537	2.36499	1.08569	6.4191	2.56764	8.44663e-08	0	0	0	0	0	0	0	0	
0.32	0.923713	0.16779	2.37436	1.08259	6.42612	2.57045	8.47095e-08	0	0	0	0	0	0	0	0	
0.321	0.926361	0.172055	2.3838	1.07949	6.43324	2.5733	8.49695e-08	0	0	0	0	0	0	0	0	
0.322	0.929019	0.176337	2.39333	1.0764	6.44046	2.57618	8.52405e-08	0	0	0	0	0	0	0	0	
0.323	0.931685	0.180638	2.40292	1.07332	6.44778	2.57911	8.55168e-08	0	0	0	0	0	0	0	0	
0.324	0.934356	0.184964	2.41258	1.07026	6.45519	2.58208	8.57932e-08	0	0	0	0	0	0	0	0	
0.325	0.937029	0.189316	2.42229	1.0672	6.46268	2.58507	8.60639e-08	0	0	0	0	0	0	0	0	
0.326	0.939705	0.193697	2.43206	1.06416	6.47026	2.58811	8.63213e-08	0	0	0	0	0	0	0	0	
0.327	0.942383	0.19811	2.44187	1.06114	6.47792	2.59117	8.65561e-08	0	0	0	0	0	0	0	0	
0.328	0.945063	0.202554	2.45173	1.05813	6.48564	2.59426	8.67567e-08	0	0	0	0	0	0	0	0	
0.329	0.947746	0.207031	2.46164	1.05514	6.49342	2.59737	8.69101e-08	0	0	0	0	0	0	0	0	
0.33	0.950434	0.211541	2.4716	1.05215	6.50124	2.6005	8.70039e-08	0	0	0	0	0	0	0	0	
0.331	0.953132	0.216081	2.48161	1.04917	6.50909	2.60364	8.70281e-08	0	0	0	0	0	0	0	0	
0.332	0.955842	0.220652	2.49167	1.0462	6.51695	2.60678	8.69776e-08	0	0	0	0	0	0	0	0	
0.333	0.958569	0.225252	2.50179	1.04322	6.52479	2.60992	8.6854e-08	0	0	0	0	0	0	0	0	
0.334	0.961318	0.229879	2.51196	1.04024	6.53261	2.61304	8.6667e-08	0	0	0	0	0	0	0	0	
0.335	0.964093	0.234532	2.52221	1.03724	6.54036	2.61614	8.64337e-08	0	0	0	0	0	0	0	0	
0.336	0.966898	0.239209	2.53252	1.03424	6.54804	2.61922	8.6177e-08	0	0	0	0	0	0	0	0	
0.337	0.969737	0.243908	2.5429	1.03121	6.55564	2.62226	8.59228e-08	0	0	0	0	0	0	0	0	
0.338	0.972611	0.24863	2.55336	1.02816	6.56315	2.62526	8.56965e-08	0	0	0	0	0	0	0	0	
0.339	0.975522	0.253372	2.5639	1.02509	6.57058	2.62823	8.55183e-08	0	0	0	0	0	0	0	0	
0.34	0.978467	0.258133	2.57451	1.02201	6.57792	2.63117	8.54009e-08	0	0	0	0	0	0	0	0	
0.341	0.981447	0.262914	2.58521	1.0189	6.58521	2.63409	8.53464e-08	0	0	0	0	0	0	0	0	
0.342	0.984456	0.267715	2.596	1.01579	6.59247	2.63699	8.53461e-08	0	0	0	0	0	0	0	0	
0.343	0.987491	0.272535	2.60687	1.01267	6.59973	2.63989	8.53821e-08	0	0	0	0	0	0	0	0	
0.344	0.990547	0.277374	2.61782	1.00954	6.60701	2.6428	8.54304e-08	0	0	0	0	0	0	0	0	
0.345	0.993618	0.282235	2.62885	1.00642	6.61434	2.64574	8.54646e-08	0	0	0	0	0	0	0	0	
0.346	0.996701	0.287118	2.63996	1.00331	6.62176	2.6487	8.54616e-08	0	0	0	0	0	0	0	0	
0.347	0.99979	0.292024	2.65115	1.00021	6.62928	2.65171	8.54046e-08	0	0	0	0	0	0	0	0	
0.348	1.00288	0.296954	2.66242	0.997127	6.63692	2.65477	8.5287e-08	0	0	0	0	0	0	0	0	
0.349	1.00597	0.301908	2.67376	0.994061	6.64469	2.65788	8.51126e-08	0	0	0	0	0	0	0	0	
0.35	1.00907	0.306886	2.68517	0.991016	6.65261	2.66105	8.48959e-08	0	0	0	0	0	0	0	0	
0.351	1.01216	0.311888	2.69666	0.98799	6.66068	2.66427	8.46594e-08	0	0	0	0	0	0	0	0	
0.352	1.01525	0.316911	2.70823	0.984982	6.66889	2.66756	8.44305e-08	0	0	0	0	0	0	0	0	
0.353	1.01834	0.321952	2.71989	0.98199	6.67725	2.6709	8.42378e-08	0	0	0	0	0	0	0	0	
0.354	1.02144	0.327008	2.73164	0.979009	6.68576	2.6743	8.41072e-08	0	0	0	0	0	0	0	0	
0.355	1.02455	0.332074	2.74351	0.976035	6.6944	2.67776	8.40588e-08	0	0	0	0	0	0	0	0	
0.356	1.02768	0.337144	2.75549	0.973062	6.70317	2.68127	8.41046e-08	0	0	0	0	0	0	0	0	
0.357	1.03084	0.342216	2.76761	0.970085	6.71204	2.68482	8.42465e-08	0	0	0	0	0	0	0	0	
0.358	1.03402	0.347287	2.77986	0.967098	6.721	2.6884	8.44772e-08	0	0	0	0	0	0	0	0	
0.359	1.03724	0.352353	2.79226	0.964095	6.73001	2.692	8.47803e-08	0	0	0	0	0	0	0	0	
0.36	1.0405	0.357416	2.8048	0.961072	6.73904	2.69562	8.51326e-08	0	0	0	0	0	0	0	0	
0.361	1.04381	0.362477	2.81748	0.958024	6.74804	2.69922	8.5507e-08	0	0	0	0	0	0	0	0	
0.362	1.04718	0.36754	2.8303	0.95495	6.75698	2.70279	8.58755e-08	0	0	0	0	0	0	0	0	
0.363	1.05059	0.37261	2.84324	0.951848	6.76582	2.70633	8.62128e-08	0	0	0	0	0	0	0	0	
0.364	1.05405	0.377692	2.85628	0.94872	6.77453	2.70981	8.64982e-08	0	0	0	0	0	0	0	0	
0.365	1.05756	0.382793	2.86943	0.945569	6.7831	2.71324	8.67176e-08	0	0	0	0	0	0	0	0	
0.366	1.06112	0.387917	2.88265	0.942398	6.79152	2.71661	8.6863e-08	0	0	0	0	0	0	0	0	
0.367	1.06472	0.39307	2.89595	0.939213	6.7998	2.71992	8.69315e-08	0	0	0	0	0	0	0	0	
0.368	1.06835	0.398254	2.90932	0.936021	6.80796	2.72319	8.69228e-08	0	0	0	0	0	0	0	0	
0.369	1.07201	0.403471	2.92275	0.932829	6.81606	2.72642	8.6838e-08	0	0	0	0	0	0	0	0	
0.37	1.07568	0.408722	2.93624	0.929643	6.82413	2.72965	8.66788e-08	0	0	0	0	0	0	0	0	
0.371	1.07937	0.414005	2.94979	0.92647	6.83223	2.73289	8.64477e-08	0	0	0	0	0	0	0	0	
0.372	1.08305	0.419319	2.96341	0.923316	6.8404	2.73616	8.61497e-08	0	0	0	0	0	0	0	0	
0.373	1.08674	0.424663	2.97709	0.920185	6.84869	2.73947	8.57936e-08	0	0	0	0	0	0	0	0	
0.374	1.09042	0.430033	2.99085	0.91708	6.85714	2.74285	8.5392e-08	0	0	0	0	0	0	0	0	
0.375	1.09409	0.435428	3.0047	0.914005	6.86577	2.74631	8.49608e-08	0	0	0	0	0	0	0	0	
0.376	1.09774	0.440846	3.01863	0.910959	6.87462	2.74985	8.45166e-08	0	0	0	0	0	0	0	0	
0.377	1.10139	0.446286	3.03265	0.907943	6.88367	2.75347	8.40737e-08	0	0	0	0	0	0	0	0	
0.378	1.10503	0.451745	3.04676	0.904955	6.89295	2.75718	8.36422e-08	0	0	0	0	0	0	0	0	
0.379	1.10865	0.457224	3.06096	0.901994	6.90243	2.76097	8.32267e-08	0	0	0	0	0	0	0	0	
0.38	1.11228	0.462722	3.07527	0.899057	6.9121	2.76484	8.28278e-08	0	0	0	0	0	0	0	0	
0.381	1.1159	0.468237	3.08967	0.896142	6.92195	2.76878	8.24444e-08	0	0	0	0	0	0	0	0	
0.382	1.11952	0.47377	3.10417	0.893242	6.93194	2.77277	8.20768e-08	0	0	0	0	0	0	0	0	
0.383	1.12315	0.47932	3.11877	0.890355	6.94203	2.77681	8.17296e-08	0	0	0	0	0	0	0	0	
0.384	1.1268	0.484887	3.13348	0.887472	6.95218	2.78087	8.14136e-08	0	0	0	0	0	0	0	0	
0.385	1.13047	0.49047	3.14829	0.884589	6.96235	2.78494	8.11466e-08	0	0	0	0	0	0	0	0	
0.386	1.13418	0.496069	3.1632	0.881698	6.97247	2.78899	8.09514e-08	0	0	0	0	0	0	0	0	
0.387	1.13792	0.501685	3.17822	0.878793	6.9825	2.793	8.08519e-08	0	0	0	0	0	0	0	0	
0.388	1.14172	0.507318	3.19335	0.875869	6.99239	2.79696	8.08681e-08	0	0	0	0	0	0	0	0	
0.389	1.14558	0.512969	3.20858	0.872921	7.00211	2.80084	8.1009e-08	0	0	0	0	0	0	0	0	
0.39	1.14949	0.518641	3.22392	0.869951	7.01162	2.80465	8.12686e-08	0	0	0	0	0	0	0	0	
0.391	1.15346	0.524335	3.23934	0.866958	7.02094	2.80837	8.16243e-08	0	0	0	0	0	0	0	0	
0.392	1.15748	0.530052	3.25487	0.863946	7.03007	2.81203	8.20411e-08	0	0	0	0	0	0	0	0	
0.393	1.16155	0.535793	3.27048	0.860921	7.03907	2.81563	8.24796e-08	0	0	0	0	0	0	0	0	
0.394	1.16565	0.541557	3.2862	0.857889	7.04799	2.8192	8.29058e-08	0	0	0	0	0	0	0	0	
0.395	1.16979	0.547339	3.30203	0.854857	7.0569	2.82276	8.32988e-08	0	0	0	0	0	0	0	0	
0.396	1.17395	0.553135	3.31798	0.851828	7.06587	2.82635	8.36539e-08	0	0	0	0	0	0	0	0	
0.397	1.17812	0.558939	3.33408	0.848807	7.07497	2.82999	8.39784e-08	0	0	0	0	0	0	0	0	
0.398	1.18232	0.564743	3.35034	0.845796	7.08426	2.83371	8.42826e-08	0	0	0	0	0	0	0	0	
0.399	1.18653	0.570542	3.36679	0.842797	7.09379	2.83752	8.45705e-08	0	0	0	0	0	0	0	0	
0.4	1.19075	0.576333	3.38343	0.83981	7.10359	2.84143	8.4833e-08	0	0	0	0	0	0	0	0	
0.401	1.19498	0.582117	3.40026	0.836836	7.11365	2.84546	8.50502e-08	0	0	0	0	0	0	0	0	
0.402	1.19922	0.587897	3.41728	0.833875	7.12396	2.84959	8.52004e-08	0	0	0	0	0	0	0	0	
0.403	1.20347	0.59368	3.43447	0.83093	7.13451	2.85381	8.52729e-08	0	0	0	0	0	0	0	0	
0.404	1.20773	0.599475	3.45181	0.828002	7.14526	2.8581	8.52767e-08	0	0	0	0	0	0	0	0	
0.405	1.21199	0.605292	3.46927	0.825092	7.15616	2.86246	8.52409e-08	0	0	0	0	0	0	0	0	
0.406	1.21625	0.611138	3.48683	0.8222	7.16717	2.86687	8.52053e-08	0	0	0	0	0	0	0	0	
0.407	1.22052	0.61702	3.50447	0.819324	7.17825	2.8713	8.52058e-08	0	0	0	0	0	0	0	0	
0.408	1.2248	0.62294	3.5222	0.81646	7.18933	2.87573	8.52602e-08	0	0	0	0	0	0	0	0	
0.409	1.2291	0.628899	3.54	0.813601	7.20037	2.88015	8.53613e-08	0	0	0	0	0	0	0	0	
0.41	1.23344	0.634894	3.55789	0.81074	7.21131	2.88452	8.54794e-08	0	0	0	0	0	0	0	0	
0.411	1.23782	0.640924	3.57588	0.807869	7.2221	2.88884	8.55753e-08	0	0	0	0	0	0	0	0	
0.412	1.24227	0.646985	3.59398	0.80498	7.2327	2.89308	8.56185e-08	0	0	0	0	0	0	0	0	
0.413	1.24678	0.653074	3.6122	0.802069	7.24309	2.89723	8.56036e-08	0	0	0	0	0	0	0	0	
0.414	1.25135	0.659189	3.63056	0.799134	7.25326	2.9013	8.55551e-08	0	0	0	0	0	0	0	0	
0.415	1.256	0.665328	3.64906	0.796177	7.26325	2.9053	8.55146e-08	0	0	0	0	0	0	0	0	
0.416	1.26071	0.671491	3.66771	0.793203	7.27311	2.90924	8.55153e-08	0	0	0	0	0	0	0	0	
0.417	1.26547	0.677677	3.68652	0.79022	7.2829	2.91316	8.55619e-08	0	0	0	0	0	0	0	0	
0.418	1.27027	0.683887	3.70549	0.787235	7.29272	2.91709	8.56295e-08	0	0	0	0	0	0	0	0	
0.419	1.27509	0.690122	3.72462	0.784257	7.30265	2.92106	8.56846e-08	0	0	0	0	0	0	0	0	
0.42	1.27993	0.696381	3.74392	0.781293	7.31274	2.9251	8.57087e-08	0	0	0	0	0	0	0	0	
0.421	1.28477	0.702666	3.76338	0.778348	7.32306	2.92922	8.57034e-08	0	0	0	0	0	0	0	0	
0.422	1.28962	0.708979	3.78302	0.775425	7.33363	2.93345	8.56713e-08	0	0	0	0	0	0	0	0	
0.423	1.29446	0.71532	3.80284	0.772524	7.34446	2.93778	8.55955e-08	0	0	0	0	0	0	0	0	
0.424	1.2993	0.721691	3.82283	0.769645	7.35555	2.94222	8.54468e-08	0	0	0	0	0	0	0	0	
0.425	1.30415	0.728094	3.843	0.766783	7.36687	2.94675	8.52176e-08	0	0	0	0	0	0	0	0	
0.426	1.30901	0.734528	3.86335	0.763937	7.3784	2.95136	8.49475e-08	0	0	0	0	0	0	0	0	
0.427	1.31389	0.740994	3.88391	0.7611	7.39011	2.95605	8.47068e-08	0	0	0	0	0	0	0	0	
0.428	1.31879	0.74749	3.90468	0.75827	7.40199	2.9608	8.45421e-08	0	0	0	0	0	0	0	0	
0.429	1.32373	0.754017	3.92566	0.75544	7.414	2.9656	8.44303e-08	0	0	0	0	0	0	0	0	
0.43	1.32872	0.760576	3.94688	0.752605	7.42611	2.97044	8.42785e-08	0	0	0	0	0	0	0	0	
0.431	1.33376	0.767169	3.96834	0.749761	7.43826	2.9753	8.39695e-08	0	0	0	0	0	0	0	0	
0.432	1.33886	0.773802	3.99002	0.746902	7.45039	2.98016	8.34535e-08	0	0	0	0	0	0	0	0	
0.433	1.34404	0.780482	4.01193	0.744024	7.46243	2.98497	8.2851e-08	0	0	0	0	0	0	0	0	
0.434	1.34931	0.78722	4.03406	0.741122	7.47432	2.98973	8.24418e-08	0	0	0	0	0	0	0	0	
0.435	1.35466	0.794019	4.05639	0.738195	7.48602	2.99441	8.24955e-08	0	0	0	0	0	0	0	0	
0.436	1.3601	0.800882	4.07896	0.735241	7.49755	2.99902	8.30642e-08	0	0	0	0	0	0	0	0	
0.437	1.36564	0.807802	4.10181	0.73226	7.50897	3.00359	8.38746e-08	0	0	0	0	0	0	0	0	
0.438	1.37127	0.814767	4.12499	0.729252	7.5204	3.00816	8.44908e-08	0	0	0	0	0	0	0	0	
0.439	1.377	0.821765	4.14859	0.726218	7.53195	3.01278	8.45665e-08	0	0	0	0	0	0	0	0	
0.44	1.38281	0.828794	4.17264	0.723164	7.54375	3.0175	8.38895e-08	0	0	0	0	0	0	0	0	
0.441	1.3887	0.835863	4.19714	0.720096	7.55586	3.02234	8.25528e-08	0	0	0	0	0	0	0	0	
0.442	1.39465	0.842998	4.22206	0.717025	7.56831	3.02732	8.14286e-08	0	0	0	0	0	0	0	0	
0.443	1.40064	0.850228	4.24734	0.713961	7.58108	3.03243	8.12958e-08	0	0	0	0	0	0	0	0	
0.444	1.40666	0.857576	4.27294	0.710905	7.59414	3.03766	8.17367e-08	0	0	0	0	0	0	0	0	
0.445	1.41273	0.86505	4.29891	0.707852	7.60747	3.04299	8.24283e-08	0	0	0	0	0	0	0	0	
0.446	1.41886	0.872647	4.3253	0.704789	7.62107	3.04843	8.22661e-08	0	0	0	0	0	0	0	0	
0.447	1.4251	0.880362	4.35222	0.701705	7.63494	3.05398	8.04803e-08	0	0	0	0	0	0	0	0	
0.448	1.43146	0.888199	4.37974	0.698589	7.6491	3.05964	7.96517e-08	0	0	0	0	0	0	0	0	
0.449	1.43796	0.896163	4.40794	0.695432	7.66355	3.06542	8.37641e-08	0	0	0	0	0	0	0	0	
0.45	1.44462	0.904266	4.4369	0.692224	7.67832	3.07133	8.39975e-08	0	0	0	0	0	0	0	0	
0.451	1.45146	0.91253	4.46668	0.688962	7.69343	3.07737	8.24355e-08	0	0	0	0	0	0	0	0	
0.452	1.4585	0.920987	4.49735	0.685638	7.70888	3.08355	8.84208e-08	0	0	0	0	0	0	0	0	
0.453	1.46575	0.929663	4.52899	0.682243	7.72468	3.08987	7.27406e-08	0	0	0	0	0	0	0	0	
0.454	1.47328	0.938579	4.56178	0.678758	7.74087	3.09635	1.1978e-07	0	0	0	0	0	0	0	0	
0.455	1.48112	0.947772	4.59589	0.675165	7.75745	3.10298	2.28874e-07	0	0	0	0	0	0	0	0	
0.456	1.4893	0.957313	4.63141	0.671456	7.77447	3.10979	4.41687e-07	0	0	0	0	0	0	0	0	
0.457	1.49786	0.967274	4.66854	0.667619	7.79203	3.11681	8.59548e-07	0	0	0	0	0	0	0	0	
0.458	1.50688	0.977688	4.70775	0.663621	7.81041	3.12416	1.68737e-06	0	0	0	0	0	0	0	0	
0.459	1.51648	0.988609	4.74959	0.659421	7.82995	3.13198	3.34342e-06	0	0	0	0	0	0	0	0	
0.46	1.5267	1.00024	4.79433	0.655007	7.8508	3.14032	6.69568e-06	0	0	0	0	0	0	0	0	
0.461	1.53759	1.01286	4.84218	0.65037	7.87302	3.14921	1.35719e-05	0	0	0	0	0	0	0	0	
0.462	1.54941	1.02667	4.89432	0.645406	7.89707	3.15883	2.78702e-05	0	0	0	0	0	0	0	0	
0.463	1.56271	1.04176	4.95305	0.639916	7.92384	3.16954	5.80884e-05	0	0	0	0	0	0	0	0	
0.464	1.57793	1.05861	5.02038	0.633741	7.95404	3.18162	0.000123073	0	0	0	0	0	0	0	0	
0.465	1.59542	1.07837	5.09773	0.626793	7.98806	3.19522	0.000265134	0	0	0	0	0	0	0	0	
0.466	1.61616	1.10223	5.1894	0.61875	8.02735	3.21094	0.000582646	0	0	0	0	0	0	0	0	
0.467	1.64256	1.13132	5.30584	0.608804	8.07554	3.23022	0.00131205	0	0	0	0	0	0	0	0	
0.468	1.67806	1.16833	5.46143	0.595928	8.13655	3.25462	0.00303292	0	0	0	0	0	0	0	0	
0.469	1.72742	1.21968	5.67399	0.578899	8.21167	3.28467	0.00726489	0	0	0	0	0	0	0	0	
0.47	1.80189	1.29516	5.98299	0.554973	8.30099	3.3204	0.0182617	0	0	0	0	0	0	0	0	
0.471	1.9297	1.40865	6.48034	0.518215	8.39553	3.35821	0.048315	0	0	0	0	0	0	0	0	
0.472	2.17384	1.58277	7.31038	0.460016	8.40723	3.36289	0.134759	0	0	0	0	0	0	0	0	
0.473	2.53686	1.76978	7.96179	0.394189	7.84613	3.13845	0.373814	0	0	0	0	0	0	0	0	
0.474	2.03593	1.23164	4.43575	0.491177	5.44684	2.17873	0.795695	0	0	0	0	0	0	0	0	
0.475	1.15898	0.252918	1.46058	0.862829	3.15059	1.26023	0.945337	0	0	0	0	0	0	0	0	
0.476	1.02794	0.0860475	1.1451	0.972818	2.78494	1.11398	0.953367	0	0	0	0	0	0	0	0	
0.477	1.02471	0.0833057	1.13918	0.975882	2.77927	1.11171	0.953776	0	0	0	0	0	0	0	0	
0.478	1.02484	0.0830913	1.1386	0.975757	2.77748	1.11099	0.954192	0	0	0	0	0	0	0	0	
0.479	1.02499	0.0828963	1.13805	0.975619	2.77577	1.11031	0.954601	0	0	0	0	0	0	0	0	
0.48	1.02509	0.0827031	1.13752	0.97552	2.77418	1.10967	0.95499	0	0	0	0	0	0	0	0	
0.481	1.02514	0.0825117	1.13698	0.975479	2.77276	1.1091	0.95535	0	0	0	0	0	0	0	0	
0.482	1.02512	0.0823221	1.13646	0.975497	2.77153	1.10861	0.955681	0	0	0	0	0	0	0	0	
0.483	1.02506	0.0821345	1.13593	0.975557	2.77042	1.10817	0.95599	0	0	0	0	0	0	0	0	
0.484	1.02498	0.0819489	1.13541	0.975629	2.76936	1.10774	0.956291	0	0	0	0	0	0	0	0	
0.485	1.02492	0.0817653	1.1349	0.975682	2.76825	1.1073	0.956599	0	0	0	0	0	0	0	0	
0.486	1.02491	0.0815834	1.13439	0.975692	2.76703	1.10681	0.956924	0	0	0	0	0	0	0	0	
0.487	1.02496	0.0814033	1.13388	0.975652	2.76568	1.10627	0.95727	0	0	0	0	0	0	0	0	
0.488	1.02504	0.0812246	1.13338	0.975575	2.76423	1.10569	0.957631	0	0	0	0	0	0	0	0	
0.489	1.02513	0.0810474	1.13288	0.97549	2.76278	1.10511	0.957994	0	0	0	0	0	0	0	0	
0.49	1.02519	0.0808716	1.13238	0.975432	2.7614	1.10456	0.958344	0	0	0	0	0	0	0	0	
0.491	1.02519	0.0806974	1.13189	0.975431	2.7602	1.10408	0.958667	0	0	0	0	0	0	0	0	
0.492	1.02511	0.080525	1.1314	0.975501	2.75921	1.10368	0.958959	0	0	0	0	0	0	0	0	
0.493	1.02497	0.0803545	1.13092	0.975635	2.75841	1.10336	0.959222	0	0	0	0	0	0	0	0	
0.494	1.02479	0.0801862	1.13044	0.975806	2.75772	1.10309	0.959466	0	0	0	0	0	0	0	0	
0.495	1.02461	0.0800201	1.12996	0.975977	2.75704	1.10282	0.95971	0	0	0	0	0	0	0	0	
0.496	1.02448	0.0798561	1.12949	0.976105	2.75625	1.1025	0.959969	0	0	0	0	0	0	0	0	
0.497	1.02442	0.0796941	1.12902	0.976161	2.75526	1.1021	0.960259	0	0	0	0	0	0	0	0	
0.498	1.02445	0.0795338	1.12855	0.976131	2.75403	1.10161	0.960583	0	0	0	0	0	0	0	0	
0.499	1.02457	0.0793752	1.12808	0.97602	2.75258	1.10103	0.960939	0	0	0	0	0	0	0	0	
0.5	1.02474	0.0792179	1.12762	0.975854	2.75099	1.10039	0.961318	0	0	0	0	0	0	0	0	
0.501	1.02494	0.0790618	1.12716	0.97567	2.74935	1.09974	0.961703	0	0	0	0	0	0	0	0	
0.502	1.02511	0.0789071	1.12671	0.975506	2.74777	1.09911	0.962079	0	0	0	0	0	0	0	0	
0.503	1.02522	0.0787538	1.12625	0.975397	2.74636	1.09854	0.962431	0	0	0	0	0	0	0	0	
0.504	1.02526	0.0786021	1.1258	0.975364	2.74516	1.09806	0.962751	0	0	0	0	0	0	0	0	
0.505	1.02521	0.078452	1.12535	0.975412	2.7442	1.09768	0.963037	0	0	0	0	0	0	0	0	
0.506	1.02509	0.0783039	1.12491	0.975527	2.74344	1.09738	0.963295	0	0	0	0	0	0	0	0	
0.507	1.02492	0.0781577	1.12446	0.975683	2.7428	1.09712	0.963535	0	0	0	0	0	0	0	0	
0.508	1.02475	0.0780135	1.12402	0.975845	2.74218	1.09687	0.963772	0	0	0	0	0	0	0	0	
0.509	1.02461	0.077871	1.12358	0.975977	2.74148	1.09659	0.964019	0	0	0	0	0	0	0	0	
0.51	1.02454	0.0777302	1.12315	0.976051	2.74063	1.09625	0.964287	0	0	0	0	0	0	0	0	
0.511	1.02453	0.0775908	1.12272	0.976054	2.73958	1.09583	0.964582	0	0	0	0	0	0	0	0	
0.512	1.02461	0.0774524	1.12229	0.975984	2.73834	1.09534	0.964905	0	0	0	0	0	0	0	0	
0.513	1.02475	0.0773148	1.12186	0.975851	2.73693	1.09477	0.96525	0	0	0	0	0	0	0	0	
0.514	1.02493	0.0771778	1.12144	0.975676	2.7354	1.09416	0.96561	0	0	0	0	0	0	0	0	
0.515	1.02513	0.0770413	1.12102	0.975483	2.73384	1.09354	0.965976	0	0	0	0	0	0	0	0	
0.516	1.02532	0.0769052	1.1206	0.975301	2.73231	1.09292	0.966336	0	0	0	0	0	0	0	0	
0.517	1.02547	0.0767696	1.12019	0.975159	2.7309	1.09236	0.966679	0	0	0	0	0	0	0	0	
0.518	1.02556	0.0766346	1.11978	0.975081	2.72968	1.09187	0.966997	0	0	0	0	0	0	0	0	
0.519	1.02555	0.0765003	1.11937	0.975086	2.7287	1.09148	0.967284	0	0	0	0	0	0	0	0	
0.52	1.02546	0.0763671	1.11897	0.975176	2.72797	1.09119	0.967539	0	0	0	0	0	0	0	0	
0.521	1.02528	0.0762351	1.11856	0.975341	2.72745	1.09098	0.967765	0	0	0	0	0	0	0	0	
0.522	1.02506	0.0761045	1.11817	0.975555	2.72708	1.09083	0.967973	0	0	0	0	0	0	0	0	
0.523	1.02482	0.0759755	1.11777	0.975781	2.72675	1.0907	0.968175	0	0	0	0	0	0	0	0	
0.524	1.02461	0.0758481	1.11738	0.975984	2.72635	1.09054	0.968385	0	0	0	0	0	0	0	0	
0.525	1.02445	0.0757222	1.11699	0.976131	2.72581	1.09032	0.968614	0	0	0	0	0	0	0	0	
0.526	1.02438	0.0755977	1.1166	0.976204	2.72507	1.09003	0.968869	0	0	0	0	0	0	0	0	
0.527	1.02438	0.0754745	1.11621	0.976198	2.72411	1.08964	0.969151	0	0	0	0	0	0	0	0	
0.528	1.02446	0.0753523	1.11583	0.976124	2.72297	1.08919	0.969456	0	0	0	0	0	0	0	0	
0.529	1.02459	0.0752311	1.11545	0.976001	2.72169	1.08868	0.969778	0	0	0	0	0	0	0	0	
0.53	1.02474	0.0751108	1.11507	0.975853	2.72035	1.08814	0.970107	0	0	0	0	0	0	0	0	
0.531	1.02491	0.0749913	1.11469	0.975699	2.719	1.0876	0.970436	0	0	0	0	0	0	0	0	
0.532	1.02506	0.0748726	1.11431	0.975557	2.71769	1.08707	0.970761	0	0	0	0	0	0	0	0	
0.533	1.02518	0.0747548	1.11394	0.975434	2.71643	1.08657	0.971078	0	0	0	0	0	0	0	0	
0.534	1.02529	0.0746379	1.11357	0.975332	2.71524	1.0861	0.971386	0	0	0	0	0	0	0	0	
0.535	1.02538	0.0745219	1.11319	0.975248	2.7141	1.08564	0.971688	0	0	0	0	0	0	0	0	
0.536	1.02546	0.0744067	1.11283	0.975176	2.71301	1.0852	0.971983	0	0	0	0	0	0	0	0	
0.537	1.02552	0.0742924	1.11246	0.975111	2.71193	1.08477	0.972276	0	0	0	0	0	0	0	0	
0.538	1.02559	0.0741791	1.1121	0.975049	2.71087	1.08435	0.972566	0	0	0	0	0	0	0	0	
0.539	1.02565	0.0740666	1.11174	0.974992	2.70983	1.08393	0.972854	0	0	0	0	0	0	0	0	
0.54	1.0257	0.0739549	1.11138	0.974944	2.70882	1.08353	0.973138	0	0	0	0	0	0	0	0	
0.541	1.02573	0.0738443	1.11102	0.974915	2.70787	1.08315	0.973415	0	0	0	0	0	0	0	0	
0.542	1.02573	0.0737346	1.11066	0.974912	2.70699	1.0828	0.973683	0	0	0	0	0	0	0	0	
0.543	1.02571	0.0736261	1.11031	0.974931	2.70619	1.08247	0.973944	0	0	0	0	0	0	0	0	
0.544	1.02568	0.0735187	1.10996	0.97496	2.70541	1.08216	0.974201	0	0	0	0	0	0	0	0	
0.545	1.02566	0.0734125	1.10961	0.974981	2.70461	1.08184	0.974459	0	0	0	0	0	0	0	0	
0.546	1.02566	0.0733075	1.10926	0.974981	2.70376	1.0815	0.974723	0	0	0	0	0	0	0	0	
0.547	1.02568	0.0732035	1.10891	0.974959	2.70286	1.08114	0.974993	0	0	0	0	0	0	0	0	
0.548	1.02572	0.0731006	1.10857	0.974923	2.70192	1.08077	0.975266	0	0	0	0	0	0	0	0	
0.549	1.02576	0.0729988	1.10822	0.974886	2.70097	1.08039	0.97554	0	0	0	0	0	0	0	0	
0.55	1.02579	0.0728979	1.10788	0.974856	2.70006	1.08002	0.975811	0	0	0	0	0	0	0	0	
0.551	1.02581	0.0727981	1.10754	0.974843	2.69919	1.07968	0.976077	0	0	0	0	0	0	0	0	
0.552	1.0258	0.0726992	1.1072	0.974848	2.69838	1.07935	0.976337	0	0	0	0	0	0	0	0	
0.553	1.02578	0.0726013	1.10686	0.974869	2.69762	1.07905	0.976592	0	0	0	0	0	0	0	0	
0.554	1.02575	0.0725043	1.10653	0.9749	2.69689	1.07875	0.976843	0	0	0	0	0	0	0	0	
0.555	1.02571	0.0724083	1.1062	0.974933	2.69617	1.07847	0.977093	0	0	0	0	0	0	0	0	
0.556	1.02568	0.0723132	1.10586	0.974963	2.69544	1.07818	0.977344	0	0	0	0	0	0	0	0	
0.557	1.02566	0.0722189	1.10553	0.974986	2.6947	1.07788	0.977596	0	0	0	0	0	0	0	0	
0.558	1.02564	0.0721254	1.10521	0.975003	2.69395	1.07758	0.977849	0	0	0	0	0	0	0	0	
0.559	1.02562	0.0720327	1.10488	0.975017	2.69319	1.07728	0.978103	0	0	0	0	0	0	0	0	
0.56	1.0256	0.0719408	1.10456	0.975039	2.69247	1.07699	0.978354	0	0	0	0	0	0	0	0	
0.561	1.02555	0.0718497	1.10424	0.975083	2.6918	1.07672	0.978599	0	0	0	0	0	0	0	0	
0.562	1.02548	0.0717595	1.10392	0.975156	2.69122	1.07649	0.978837	0	0	0	0	0	0	0	0	
0.563	1.02538	0.0716703	1.1036	0.975245	2.69069	1.07628	0.97907	0	0	0	0	0	0	0	0	
0.564	1.0253	0.071582	1.10328	0.975322	2.69013	1.07605	0.979305	0	0	0	0	0	0	0	0	
0.565	1.02526	0.0714946	1.10296	0.975359	2.68946	1.07579	0.97955	0	0	0	0	0	0	0	0	
0.566	1.02528	0.071408	1.10265	0.975344	2.68866	1.07546	0.979808	0	0	0	0	0	0	0	0	
0.567	1.02534	0.071322	1.10234	0.975287	2.68774	1.0751	0.980075	0	0	0	0	0	0	0	0	
0.568	1.02542	0.0712366	1.10203	0.975212	2.68678	1.07471	0.980348	0	0	0	0	0	0	0	0	
0.569	1.0255	0.0711517	1.10172	0.975137	2.68582	1.07433	0.980619	0	0	0	0	0	0	0	0	
0.57	1.02556	0.0710673	1.10141	0.975075	2.6849	1.07396	0.980887	0	0	0	0	0	0	0	0	
0.571	1.02561	0.0709832	1.10111	0.975032	2.68403	1.07361	0.98115	0	0	0	0	0	0	0	0	
0.572	1.02563	0.0708995	1.1008	0.975015	2.68325	1.0733	0.981406	0	0	0	0	0	0	0	0	
0.573	1.0256	0.0708161	1.1005	0.975037	2.68257	1.07303	0.981653	0	0	0	0	0	0	0	0	
0.574	1.02552	0.070733	1.1002	0.975114	2.68206	1.07282	0.981887	0	0	0	0	0	0	0	0	
0.575	1.02538	0.0706502	1.09991	0.975252	2.68171	1.07268	0.982108	0	0	0	0	0	0	0	0	
0.576	1.02518	0.0705676	1.09961	0.97544	2.68151	1.07261	0.982318	0	0	0	0	0	0	0	0	
0.577	1.02496	0.0704855	1.09932	0.975646	2.68137	1.07255	0.982523	0	0	0	0	0	0	0	0	
0.578	1.02478	0.0704037	1.09903	0.975818	2.68114	1.07246	0.982736	0	0	0	0	0	0	0	0	
0.579	1.02468	0.0703223	1.09875	0.97591	2.68069	1.07228	0.982966	0	0	0	0	0	0	0	0	
0.58	1.0247	0.0702412	1.09846	0.975899	2.67997	1.07199	0.983217	0	0	0	0	0	0	0	0	
0.581	1.0248	0.0701606	1.09818	0.975797	2.679	1.0716	0.983488	0	0	0	0	0	0	0	0	
0.582	1.02497	0.0700807	1.09789	0.975637	2.67786	1.07115	0.98377	0	0	0	0	0	0	0	0	
0.583	1.02517	0.0700018	1.09761	0.975448	2.67666	1.07066	0.984057	0	0	0	0	0	0	0	0	
0.584	1.02537	0.0699244	1.09733	0.975253	2.67543	1.07017	0.984345	0	0	0	0	0	0	0	0	
0.585	1.02556	0.0698489	1.09704	0.975074	2.67425	1.0697	0.984629	0	0	0	0	0	0	0	0	
0.586	1.02571	0.0697756	1.09676	0.974936	2.67317	1.06927	0.984904	0	0	0	0	0	0	0	0	
0.587	1.02579	0.0697049	1.09647	0.974861	2.67227	1.06891	0.985167	0	0	0	0	0	0	0	0	
0.588	1.0258	0.0696369	1.09618	0.974849	2.67153	1.06861	0.985418	0	0	0	0	0	0	0	0	
0.589	1.02578	0.0695713	1.09589	0.974872	2.67088	1.06835	0.985661	0	0	0	0	0	0	0	0	
0.59	1.02575	0.0695078	1.0956	0.974895	2.67023	1.06809	0.985904	0	0	0	0	0	0	0	0	
0.591	1.02575	0.0694457	1.09531	0.974896	2.66952	1.06781	0.986151	0	0	0	0	0	0	0	0	
0.592	1.02577	0.069384	1.09501	0.974876	2.66876	1.0675	0.986401	0	0	0	0	0	0	0	0	
0.593	1.02581	0.0693217	1.09473	0.97484	2.66796	1.06718	0.986653	0	0	0	0	0	0	0	0	
0.594	1.02586	0.0692579	1.09444	0.97479	2.66713	1.06685	0.986907	0	0	0	0	0	0	0	0	
0.595	1.02594	0.0691918	1.09417	0.974719	2.66626	1.0665	0.987163	0	0	0	0	0	0	0	0	
0.596	1.02604	0.0691227	1.09389	0.974624	2.66534	1.06614	0.987422	0	0	0	0	0	0	0	0	
0.597	1.02615	0.0690503	1.09363	0.974517	2.6644	1.06576	0.987682	0	0	0	0	0	0	0	0	
0.598	1.02626	0.068975	1.09337	0.974414	2.66348	1.06539	0.98794	0	0	0	0	0	0	0	0	
0.599	1.02635	0.0688972	1.09311	0.974329	2.66263	1.06505	0.988194	0	0	0	0	0	0	0	0	
0.6	1.02641	0.068818	1.09286	0.97427	2.66186	1.06474	0.988443	0	0	0	0	0	0	0	0	
0.601	1.02643	0.0687387	1.09262	0.974248	2.6612	1.06448	0.988686	0	0	0	0	0	0	0	0	
0.602	1.02642	0.0686609	1.09237	0.97426	2.66063	1.06425	0.988925	0	0	0	0	0	0	0	0	
0.603	1.0264	0.068586	1.09212	0.974277	2.66006	1.06403	0.989162	0	0	0	0	0	0	0	0	
0.604	1.02642	0.0685153	1.09186	0.974265	2.65941	1.06376	0.989403	0	0	0	0	0	0	0	0	
0.605	1.02646	0.0684496	1.0916	0.97422	2.65865	1.06346	0.989649	0	0	0	0	0	0	0	0	
0.606	1.02653	0.0683894	1.09134	0.974155	2.65783	1.06313	0.989898	0	0	0	0	0	0	0	0	
0.607	1.0266	0.0683342	1.09106	0.974087	2.65698	1.06279	0.990148	0	0	0	0	0	0	0	0	
0.608	1.02665	0.068283	1.09079	0.974038	2.65617	1.06247	0.990395	0	0	0	0	0	0	0	0	
0.609	1.02667	0.068234	1.09051	0.974025	2.65546	1.06218	0.990638	0	0	0	0	0	0	0	0	
0.61	1.02667	0.0681852	1.09023	0.974025	2.65479	1.06191	0.990878	0	0	0	0	0	0	0	0	
0.611	1.02669	0.0681339	1.08996	0.974007	2.65408	1.06163	0.99112	0	0	0	0	0	0	0	0	
0.612	1.02671	0.0680781	1.0897	0.973985	2.65338	1.06135	0.991362	0	0	0	0	0	0	0	0	
0.613	1.02674	0.0680162	1.08945	0.973952	2.65268	1.06107	0.991604	0	0	0	0	0	0	0	0	
0.614	1.0268	0.0679481	1.08921	0.973901	2.65195	1.06078	0.991846	0	0	0	0	0	0	0	0	
0.615	1.02681	0.0678746	1.08898	0.973888	2.65135	1.06054	0.992085	0	0	0	0	0	0	0	0	
0.616	1.02675	0.067798	1.08875	0.973951	2.65098	1.06039	0.992315	0	0	0	0	0	0	0	0	
0.617	1.02665	0.0677217	1.08853	0.974045	2.65069	1.06028	0.992542	0	0	0	0	0	0	0	0	
0.618	1.02658	0.0676492	1.0883	0.974105	2.65031	1.06012	0.992773	0	0	0	0	0	0	0	0	
0.619	1.0266	0.067584	1.08807	0.974086	2.64968	1.05987	0.993011	0	0	0	0	0	0	0	0	
0.62	1.02676	0.0675288	1.08782	0.973942	2.64868	1.05947	0.993262	0	0	0	0	0	0	0	0	
0.621	1.02693	0.0674848	1.08756	0.97378	2.6476	1.05904	0.993515	0	0	0	0	0	0	0	0	
0.622	1.02689	0.0674522	1.08728	0.973817	2.64702	1.05881	0.993752	0	0	0	0	0	0	0	0	
0.623	1.02671	0.0674284	1.08699	0.973982	2.64676	1.05871	0.993979	0	0	0	0	0	0	0	0	
0.624	1.0266	0.0674086	1.08669	0.974093	2.64635	1.05854	0.99421	0	0	0	0	0	0	0	0	
0.625	1.02662	0.0673854	1.08641	0.974074	2.6456	1.05824	0.99445	0	0	0	0	0	0	0	0	
0.626	1.02685	0.0673511	1.08614	0.97385	2.64433	1.05773	0.994704	0	0	0	0	0	0	0	0	
0.627	1.02713	0.0672989	1.08589	0.973588	2.64303	1.05721	0.994959	0	0	0	0	0	0	0	0	
0.628	1.02729	0.0672257	1.08568	0.973437	2.64211	1.05684	0.995205	0	0	0	0	0	0	0	0	
0.629	1.02717	0.0671336	1.0855	0.973545	2.64196	1.05678	0.995433	0	0	0	0	0	0	0	0	
0.63	1.02685	0.0670293	1.08534	0.973851	2.6424	1.05696	0.995648	0	0	0	0	0	0	0	0	
0.631	1.02668	0.0669229	1.08519	0.974013	2.64247	1.05699	0.995872	0	0	0	0	0	0	0	0	
0.632	1.02699	0.0668251	1.08502	0.973715	2.64125	1.0565	0.99612	0	0	0	0	0	0	0	0	
0.633	1.02725	0.0667442	1.08483	0.97347	2.64013	1.05605	0.996368	0	0	0	0	0	0	0	0	
0.634	1.02751	0.0666834	1.08461	0.973229	2.63894	1.05558	0.996615	0	0	0	0	0	0	0	0	
0.635	1.0272	0.0666415	1.08437	0.973516	2.63913	1.05565	0.996841	0	0	0	0	0	0	0	0	
0.636	1.02675	0.0666185	1.0841	0.973944	2.63963	1.05585	0.997061	0	0	0	0	0	0	0	0	
0.637	1.02676	0.0666173	1.0838	0.973939	2.63888	1.05555	0.997298	0	0	0	0	0	0	0	0	
0.638	1.0274	0.0666362	1.08347	0.973331	2.63643	1.05457	0.997556	0	0	0	0	0	0	0	0	
0.639	1.02781	0.0666751	1.08311	0.972946	2.63451	1.05381	0.997808	0	0	0	0	0	0	0	0	
0.64	1.02676	0.0667594	1.08268	0.973935	2.63616	1.05446	0.998022	0	0	0	0	0	0	0	0	
0.641	1.02597	0.066876	1.08222	0.974686	2.63705	1.05482	0.998242	0	0	0	0	0	0	0	0	
0.642	1.02638	0.066796	1.08204	0.974296	2.63556	1.05422	0.998486	0	0	0	0	0	0	0	0	
0.643	1.02791	0.0662699	1.08251	0.972844	2.63278	1.05311	0.99874	0	0	0	0	0	0	0	0	
0.644	1.02835	0.0658816	1.08271	0.972428	2.63215	1.05286	0.998979	0	0	0	0	0	0	0	0	
0.645	1.02545	0.0666598	1.08073	0.975181	2.63477	1.05391	0.999198	0	0	0	0	0	0	0	0	
0.646	1.02348	0.0661079	1.07736	0.977056	2.63159	1.05264	0.999434	0	0	0	0	0	0	0	0	
0.647	1.02059	0.0509175	1.07132	0.979829	2.62427	1.04971	0.999672	0	0	0	0	0	0	0	0	
0.648	0.970364	-0.0371225	0.994422	1.03054	2.56198	1.02479	0.999877	0	0	0	0	0	0	0	0	
0.649	0.82607	-0.165529	0.783132	1.21055	2.37005	0.948022	0.99998	0	0	0	0	0	0	0	0	
0.65	0.396889	-0.842302	0.285057	2.5196	1.79557	0.718228	1	0	0	0	0	0	0	0	0	
0.651	0.259259	-1.35769	0.0967742	3.85715	0.933181	0.373272	1	0	0	0	0	0	0	0	0	
0.652	0.259259	-1.35769	0.0967742	3.85715	0.933181	0.373272	1	0	0	0	0	0	0	0	0	
0.653	0.259259	-1.35769	0.0967742	3.85715	0.933181	0.373272	1	0	0	0	0	0	0	0	0	
0.654	0.259259	-1.35769	0.0967742	3.85715	0.933181	0.373272	1	0	0	0	0	0	0	0	0	
0.655	0.259259	-1.35769	0.0967742	3.85715	0.933181	0.373272	1	0	0	0	0	0	0	0	0	
0.656	0.259259	-1.35769	0.0967742	3.85715	0.933181	0.373272	1	0	0	0	0	0	0	0	0	
0.657	0.259259	-1.35769	0.0967742	3.85715	0.933181	0.373272	1	0	0	0	0	0	0	0	0	
0.658	0.259259	-1.35769	0.0967742	3.85715	0.933181	0.373272	1	0	0	0	0	0	0	0	0	
0.659	0.259259	-1.35769	0.0967742	3.85715	0.933181	0.373272	1	0	0	0	0	0	0	0	0	
0.66	0.259259	-1.35769	0.0967742	3.85715	0.933181	0.373272	1	0	0	0	0	0	0	0	0	
0.661	0.259259	-1.35769	0.0967742	3.85715	0.933181	0.373272	1	0	0	0	0	0	0	0	0	
0.662	0.259259	-1.35769	0.0967742	3.85715	0.933181	0.373272	1	0	0	0	0	0	0	0	0	
0.663	0.259259	-1.35769	0.0967742	3.85715	0.933181	0.373272	1	0	0	0	0	0	0	0	0	
0.664	0.259259	-1.35769	0.0967742	3.85715	0.933181	0.373272	1	0	0	0	0	0	0	0	0	
0.665	0.259259	-1.35769	0.0967742	3.85715	0.933181	0.373272	1	0	0	0	0	0	0	0	0	
0.666	0.259259	-1.35769	0.0967742	3.85715	0.933181	0.373272	1	0	0	0	0	0	0	0	0	
0.667	0.259259	-1.35769	0.0967742	3.85715	0.933181	0.373272	1	0	0	0	0	0	0	0	0	
0.668	0.259259	-1.35769	0.0967742	3.85715	0.933181	0.373272	1	0	0	0	0	0	0	0	0	
0.669	0.259259	-1.35769	0.0967742	3.85715	0.933181	0.373272	1	0	0	0	0	0	0	0	0	
0.67	0.259259	-1.35769	0.0967742	3.85715	0.933181	0.373272	1	0	0	0	0	0	0	0	0	
0.671	0.259259	-1.35769	0.0967742	3.85715	0.933181	0.373272	1	0	0	0	0	0	0	0	0	
0.672	0.259259	-1.35769	0.0967742	3.85715	0.933181	0.373272	1	0	0	0	0	0	0	0	0	
0.673	0.259259	-1.35769	0.0967742	3.85715	0.933181	0.373272	1	0	0	0	0	0	0	0	0	
0.674	0.259259	-1.35769	0.0967742	3.85715	0.933181	0.373272	1	0	0	0	0	0	0	0	0	
0.675	0.259259	-1.35769	0.0967742	3.85715	0.933181	0.373272	1	0	0	0	0	0	0	0	0	
0.676	0.259259	-1.35769	0.0967742	3.85715	0.933181	0.373272	1	0	0	0	0	0	0	0	0	
0.677	0.259259	-1.35769	0.0967742	3.85715	0.933181	0.373272	1	0	0	0	0	0	0	0	0	
0.678	0.259259	-1.35769	0.0967742	3.85715	0.933181	0.373272	1	0	0	0	0	0	0	0	0	
0.679	0.259259	-1.35769	0.0967742	3.85715	0.933181	0.373272	1	0	0	0	0	0	0	0	0	
0.68	0.259259	-1.35769	0.0967742	3.85715	0.933181	0.373272	1	0	0	0	0	0	0	0	0	
0.681	0.259259	-1.35769	0.0967742	3.85715	0.933181	0.373272	1	0	0	0	0	0	0	0	0	
0.682	0.259259	-1.35769	0.0967742	3.85715	0.933181	0.373272	1	0	0	0	0	0	0	0	0	
0.683	0.259259	-1.35769	0.0967742	3.85715	0.933181	0.373272	1	0	0	0	0	0	0	0	0	
0.684	0.259259	-1.35769	0.0967742	3.85715	0.933181	0.373272	1	0	0	0	0	0	0	0	0	
0.685	0.259259	-1.35769	0.0967742	3.85715	0.933181	0.373272	1	0	0	0	0	0	0	0	0	
0.686	0.259259	-1.35769	0.0967742	3.85715	0.933181	0.373272	1	0	0	0	0	0	0	0	0	
0.687	0.259259	-1.35769	0.0967742	3.85715	0.933181	0.373272	1	0	0	0	0	0	0	0	0	
0.688	0.259259	-1.35769	0.0967742	3.85715	0.933181	0.373272	1	0	0	0	0	0	0	0	0	
0.689	0.259259	-1.35769	0.0967742	3.85715	0.933181	0.373272	1	0	0	0	0	0	0	0	0	
0.69	0.259259	-1.35769	0.0967742	3.85715	0.933181	0.373272	1	0	0	0	0	0	0	0	0	
0.691	0.259259	-1.35769	0.0967742	3.85715	0.933181	0.373272	1	0	0	0	0	0	0	0	0	
0.692	0.259259	-1.35769	0.0967742	3.85715	0.933181	0.373272	1	0	0	0	0	0	0	0	0	
0.693	0.259259	-1.35769	0.0967742	3.85715	0.933181	0.373272	1	0	0	0	0	0	0	0	0	
0.694	0.259259	-1.35769	0.0967742	3.85715	0.933181	0.373272	1	0	0	0	0	0	0	0	0	
0.695	0.259259	-1.35769	0.0967742	3.85715	0.933181	0.373272	1	0	0	0	0	0	0	0	0	
0.696	0.259259	-1.35769	0.0967742	3.85715	0.933181	0.373272	1	0	0	0	0	0	0	0	0	
0.697	0.259259	-1.35769	0.0967742	3.85715	0.933181	0.373272	1	0	0	0	0	0	0	0	0	
0.698	0.259259	-1.35769	0.0967742	3.85715	0.933181	0.373272	1	0	0	0	0	0	0	0	0	
0.699	0.259259	-1.35769	0.0967742	3.85715	0.933181	0.373272	1	0	0	0	0	0	0	0	0	
0.7	0.259259	-1.35769	0.0967742	3.85715	0.933181	0.373272	1	0	0	0	0	0	0	0	0	
0.701	0.259259	-1.35769	0.0967742	3.85715	0.933181	0.373272	1	0	0	0	0	0	0	0	0	
0.702	0.259259	-1.35769	0.0967742	3.85715	0.933181	0.373272	1	0	0	0	0	0	0	0	0	
0.703	0.259259	-1.35769	0.0967742	3.85715	0.933181	0.373272	1	0	0	0	0	0	0	0	0	
0.704	0.259259	-1.35769	0.0967742	3.85715	0.933181	0.373272	1	0	0	0	0	0	0	0	0	
0.705	0.259259	-1.35769	0.0967742	3.85715	0.933181	0.373272	1	0	0	0	0	0	0	0	0	
0.706	0.259259	-1.35769	0.0967742	3.85715	0.933181	0.373272	1	0	0	0	0	0	0	0	0	
0.707	0.259259	-1.35769	0.0967742	3.85715	0.933181	0.373272	1	0	0	0	0	0	0	0	0	
0.708	0.259259	-1.35769	0.0967742	3.85715	0.933181	0.373272	1	0	0	0	0	0	0	0	0	
0.709	0.259259	-1.35769	0.0967742	3.85715	0.933181	0.373272	1	0	0	0	0	0	0	0	0	
0.71	0.259259	-1.35769	0.0967742	3.85715	0.933181	0.373272	1	0	0	0	0	0	0	0	0	
0.711	0.259259	-1.35769	0.0967742	3.85715	0.933181	0.373272	1	0	0	0	0	0	0	0	0	
0.712	0.259259	-1.35769	0.0967742	3.85715	0.933181	0.373272	1	0	0	0	0	0	0	0	0	
0.713	0.259259	-1.35769	0.0967742	3.85715	0.933181	0.373272	1	0	0	0	0	0	0	0	0	
0.714	0.259259	-1.35769	0.0967742	3.85715	0.933181	0.373272	1	0	0	0	0	0	0	0	0	
0.715	0.259259	-1.35769	0.0967742	3.85715	0.933181	0.373272	1	0	0	0	0	0	0	0	0	
0.716	0.259259	-1.35769	0.0967742	3.85715	0.933181	0.373272	1	0	0	0	0	0	0	0	0	
0.717	0.259259	-1.35769	0.0967742	3.85715	0.933181	0.373272	1	0	0	0	0	0	0	0	0	
0.718	0.259259	-1.35769	0.0967742	3.85715	0.933181	0.373272	1	0	0	0	0	0	0	0	0	
0.719	0.259259	-1.35769	0.0967742	3.85715	0.933181	0.373272	1	0	0	0	0	0	0	0	0	
0.72	0.259259	-1.35769	0.0967742	3.85715	0.933181	0.373272	1	0	0	0	0	0	0	0	0	
0.721	0.259259	-1.35769	0.0967742	3.85715	0.933181	0.373272	1	0	0	0	0	0	0	0	0	
0.722	0.259259	-1.35769	0.0967742	3.85715	0.933181	0.373272	1	0	0	0	0	0	0	0	0	
0.723	0.259259	-1.35769	0.0967742	3.85715	0.933181	0.373272	1	0	0	0	0	0	0	0	0	
0.724	0.259259	-1.35769	0.0967742	3.85715	0.933181	0.373272	1	0	0	0	0	0	0	0	0	
0.725	0.259259	-1.35769	0.0967742	3.85715	0.933181	0.373272	1	0	0	0	0	0	0	0	0	
0.726	0.259259	-1.35769	0.0967742	3.85715	0.933181	0.373272	1	0	0	0	0	0	0	0	0	
0.727	0.259259	-1.35769	0.0967742	3.85715	0.933181	0.373272	1	0	0	0	0	0	0	0	0	
0.728	0.259259	-1.35769	0.0967742	3.85715	0.933181	0.373272	1	0	0	0	0	0	0	0	0	
0.729	0.259259	-1.35769	0.0967742	3.85715	0.933181	0.373272	1	0	0	0	0	0	0	0	0	
0.73	0.259259	-1.35769	0.0967742	3.85715	0.933181	0.373272	1	0	0	0	0	0	0	0	0	
0.731	0.259259	-1.35769	0.0967742	3.85715	0.933181	0.373272	1	0	0	0	0	0	0	0	0	
0.732	0.259259	-1.35769	0.0967742	3.85715	0.933181	0.373272	1	0	0	0	0	0	0	0	0	
0.733	0.259259	-1.35769	0.0967742	3.85715	0.933181	0.373272	1	0	0	0	0	0	0	0	0	
0.734	0.259259	-1.35769	0.0967742	3.85715	0.933181	0.373272	1	0	0	0	0	0	0	0	0	
0.735	0.259259	-1.35769	0.0967742	3.85715	0.933181	0.373272	1	0	0	0	0	0	0	0	0	
0.736	0.259259	-1.35769	0.0967742	3.85715	0.933181	0.373272	1	0	0	0	0	0	0	0	0	
0.737	0.259259	-1.35769	0.0967742	3.85715	0.933181	0.373272	1	0	0	0	0	0	0	0	0	
0.738	0.259259	-1.35769	0.0967742	3.85715	0.933181	0.373272	1	0	0	0	0	0	0	0	0	
0.739	0.259259	-1.35769	0.0967742	3.85715	0.933181	0.373272	1	0	0	0	0	0	0	0	0	
0.74	0.259259	-1.35769	0.0967742	3.85715	0.933181	0.373272	1	0	0	0	0	0	0	0	0	
0.741	0.259259	-1.35769	0.0967742	3.85715	0.933181	0.373272	1	0	0	0	0	0	0	0	0	
0.742	0.259259	-1.35769	0.0967742	3.85715	0.933181	0.373272	1	0	0	0	0	0	0	0	0	
0.743	0.259259	-1.35769	0.0967742	3.85715	0.933181	0.373272	1	0	0	0	0	0	0	0	0	
0.744	0.259259	-1.35769	0.0967742	3.85715	0.933181	0.373272	1	0	0	0	0	0	0	0	0	
0.745	0.259259	-1.35769	0.0967742	3.85715	0.933181	0.373272	1	0	0	0	0	0	0	0	0	
0.746	0.259259	-1.35769	0.0967742	3.85715	0.933181	0.373272	1	0	0	0	0	0	0	0	0	
0.747	0.259259	-1.35769	0.0967742	3.85715	0.933181	0.373272	1	0	0	0	0	0	0	0	0	
0.748	0.259259	-1.35769	0.0967742	3.85715	0.933181	0.373272	1	0	0	0	0	0	0	0	0	
0.749	0.259259	-1.35769	0.0967742	3.85715	0.933181	0.373272	1	0	0	0	0	0	0	0	0	
0.75	0.259259	-1.35769	0.0967742	3.85715	0.933181	0.373272	1	0	0	0	0	0	0	0	0	
0.751	0.259259	-1.35769	0.0967742	3.85715	0.933181	0.373272	1	0	0	0	0	0	0	0	0	
0.752	0.259259	-1.35769	0.0967742	3.85715	0.933181	0.373272	1	0	0	0	0	0	0	0	0	
0.753	0.259259	-1.35769	0.0967742	3.85715	0.933181	0.373272	1	0	0	0	0	0	0	0	0	
0.754	0.259259	-1.35769	0.0967742	3.85715	0.933181	0.373272	1	0	0	0	0	0	0	0	0	
0.755	0.259259	-1.35769	0.0967742	3.85715	0.933181	0.373272	1	0	0	0	0	0	0	0	0	
0.756	0.259259	-1.35769	0.0967742	3.85715	0.933181	0.373272	1	0	0	0	0	0	0	0	0	
0.757	0.259259	-1.35769	0.0967742	3.85715	0.933181	0.373272	1	0	0	0	0	0	0	0	0	
0.758	0.259259	-1.35769	0.0967742	3.85715	0.933181	0.373272	1	0	0	0	0	0	0	0	0	
0.759	0.259259	-1.35769	0.0967742	3.85715	0.933181	0.373272	1	0	0	0	0	0	0	0	0	
0.76	0.259259	-1.35769	0.0967742	3.85715	0.933181	0.373272	1	0	0	0	0	0	0	0	0	
0.761	0.259259	-1.35769	0.0967742	3.85715	0.933181	0.373272	1	0	0	0	0	0	0	0	0	
0.762	0.259259	-1.35769	0.0967742	3.85715	0.933181	0.373272	1	0	0	0	0	0	0	0	0	
0.763	0.259259	-1.35769	0.0967742	3.85715	0.933181	0.373272	1	0	0	0	0	0	0	0	0	
0.764	0.259259	-1.35769	0.0967742	3.85715	0.933181	0.373272	1	0	0	0	0	0	0	0	0	
0.765	0.259259	-1.35769	0.0967742	3.85715	0.933181	0.373272	1	0	0	0	0	0	0	0	0	
0.766	0.259259	-1.35769	0.0967742	3.85715	0.933181	0.373272	1	0	0	0	0	0	0	0	0	
0.767	0.259259	-1.35769	0.0967742	3.85715	0.933181	0.373272	1	0	0	0	0	0	0	0	0	
0.768	0.259259	-1.35769	0.0967742	3.85715	0.933181	0.373272	1	0	0	0	0	0	0	0	0	
0.769	0.259259	-1.35769	0.0967742	3.85715	0.933181	0.373272	1	0	0	0	0	0	0	0	0	
0.77	0.259259	-1.35769	0.0967742	3.85715	0.933181	0.373272	1	0	0	0	0	0	0	0	0	
0.771	0.259259	-1.35769	0.0967742	3.85715	0.933181	0.373272	1	0	0	0	0	0	0	0	0	
0.772	0.259259	-1.35769	0.0967742	3.85715	0.933181	0.373272	1	0	0	0	0	0	0	0	0	
0.773	0.259259	-1.35769	0.0967742	3.85715	0.933181	0.373272	1	0	0	0	0	0	0	0	0	
0.774	0.259259	-1.35769	0.0967742	3.85715	0.933181	0.373272	1	0	0	0	0	0	0	0	0	
0.775	0.259259	-1.35769	0.0967742	3.85715	0.933181	0.373272	1	0	0	0	0	0	0	0	0	
0.776	0.259259	-1.35769	0.0967742	3.85715	0.933181	0.373272	1	0	0	0	0	0	0	0	0	
0.777	0.259259	-1.35769	0.0967742	3.85715	0.933181	0.373272	1	0	0	0	0	0	0	0	0	
0.778	0.259259	-1.35769	0.0967742	3.85715	0.933181	0.373272	1	0	0	0	0	0	0	0	0	
0.779	0.259259	-1.35769	0.0967742	3.85715	0.933181	0.373272	1	0	0	0	0	0	0	0	0	
0.78	0.259259	-1.35769	0.0967742	3.85715	0.933181	0.373272	1	0	0	0	0	0	0	0	0	
0.781	0.259259	-1.35769	0.0967742	3.85715	0.933181	0.373272	1	0	0	0	0	0	0	0	0	
0.782	0.259259	-1.35769	0.0967742	3.85715	0.933181	0.373272	1	0	0	0	0	0	0	0	0	
0.783	0.259259	-1.35769	0.0967742	3.85715	0.933181	0.373272	1	0	0	0	0	0	0	0	0	
0.784	0.259259	-1.35769	0.0967742	3.85715	0.933181	0.373272	1	0	0	0	0	0	0	0	0	
0.785	0.259259	-1.35769	0.0967742	3.85715	0.933181	0.373272	1	0	0	0	0	0	0	0	0	
0.786	0.259259	-1.35769	0.0967742	3.85715	0.933181	0.373272	1	0	0	0	0	0	0	0	0	
0.787	0.259259	-1.35769	0.0967742	3.85715	0.933181	0.373272	1	0	0	0	0	0	0	0	0	
0.788	0.259259	-1.35769	0.0967742	3.85715	0.933181	0.373272	1	0	0	0	0	0	0	0	0	
0.789	0.259259	-1.35769	0.0967742	3.85715	0.933181	0.373272	1	0	0	0	0	0	0	0	0	
0.79	0.259259	-1.35769	0.0967742	3.85715	0.933181	0.373272	1	0	0	0	0	0	0	0	0	
0.791	0.259259	-1.35769	0.0967742	3.85715	0.933181	0.373272	1	0	0	0	0	0	0	0	0	
0.792	0.259259	-1.35769	0.0967742	3.85715	0.933181	0.373272	1	0	0	0	0	0	0	0	0	
0.793	0.259259	-1.35769	0.0967742	3.85715	0.933181	0.373272	1	0	0	0	0	0	0	0	0	
0.794	0.259259	-1.35769	0.0967742	3.85715	0.933181	0.373272	1	0	0	0	0	0	0	0	0	
0.795	0.259259	-1.35769	0.0967742	3.85715	0.933181	0.373272	1	0	0	0	0	0	0	0	0	
0.796	0.259259	-1.35769	0.0967742	3.85715	0.933181	0.373272	1	0	0	0	0	0	0	0	0	
0.797	0.259259	-1.35769	0.0967742	3.85715	0.933181	0.373272	1	0	0	0	0	0	0	0	0	
0.798	0.259259	-1.35769	0.0967742	3.85715	0.933181	0.373272	1	0	0	0	0	0	0	0	0	
0.799	0.259259	-1.35769	0.0967742	3.85715	0.933181	0.373272	1	0	0	0	0	0	0	0	0	
0.8	0.259259	-1.35769	0.0967742	3.85715	0.933181	0.373272	1	0	0	0	0	0	0	0	0	
0.801	0.259259	-1.35769	0.0967742	3.85715	0.933181	0.373272	1	0	0	0	0	0	0	0	0	
0.802	0.259259	-1.35769	0.0967742	3.85715	0.933181	0.373272	1	0	0	0	0	0	0	0	0	
0.803	0.259259	-1.35769	0.0967742	3.85715	0.933181	0.373272	1	0	0	0	0	0	0	0	0	
0.804	0.259259	-1.35769	0.0967742	3.85715	0.933181	0.373272	1	0	0	0	0	0	0	0	0	
0.805	0.259259	-1.35769	0.0967742	3.85715	0.933181	0.373272	1	0	0	0	0	0	0	0	0	
0.806	0.259259	-1.35769	0.0967742	3.85715	0.933181	0.373272	1	0	0	0	0	0	0	0	0	
0.807	0.259259	-1.35769	0.0967742	3.85715	0.933181	0.373272	1	0	0	0	0	0	0	0	0	
0.808	0.259259	-1.35769	0.0967742	3.85715	0.933181	0.373272	1	0	0	0	0	0	0	0	0	
0.809	0.259259	-1.35769	0.0967742	3.85715	0.933181	0.373272	1	0	0	0	0	0	0	0	0	
0.81	0.259259	-1.35769	0.0967742	3.85715	0.933181	0.373272	1	0	0	0	0	0	0	0	0	
0.811	0.259259	-1.35769	0.0967742	3.85715	0.933181	0.373272	1	0	0	0	0	0	0	0	0	
0.812	0.259259	-1.35769	0.0967742	3.85715	0.933181	0.373272	1	0	0	0	0	0	0	0	0	
0.813	0.259259	-1.35769	0.0967742	3.85715	0.933181	0.373272	1	0	0	0	0	0	0	0	0	
0.814	0.259259	-1.35769	0.0967742	3.85715	0.933181	0.373272	1	0	0	0	0	0	0	0	0	
0.815	0.259259	-1.35769	0.0967742	3.85715	0.933181	0.373272	1	0	0	0	0	0	0	0	0	
0.816	0.259259	-1.35769	0.0967742	3.85715	0.933181	0.373272	1	0	0	0	0	0	0	0	0	
0.817	0.259259	-1.35769	0.0967742	3.85715	0.933181	0.373272	1	0	0	0	0	0	0	0	0	
0.818	0.259259	-1.35769	0.0967742	3.85715	0.933181	0.373272	1	0	0	0	0	0	0	0	0	
0.819	0.259259	-1.35769	0.0967742	3.85715	0.933181	0.373272	1	0	0	0	0	0	0	0	0	
0.82	0.259259	-1.35769	0.0967742	3.85715	0.933181	0.373272	1	0	0	0	0	0	0	0	0	
0.821	0.259259	-1.35769	0.0967742	3.85715	0.933181	0.373272	1	0	0	0	0	0	0	0	0	
0.822	0.259259	-1.35769	0.0967742	3.85715	0.933181	0.373272	1	0	0	0	0	0	0	0	0	
0.823	0.259259	-1.35769	0.0967742	3.85715	0.933181	0.373272	1	0	0	0	0	0	0	0	0	
0.824	0.259259	-1.35769	0.0967742	3.85715	0.933181	0.373272	1	0	0	0	0	0	0	0	0	
0.825	0.259259	-1.35769	0.0967742	3.85715	0.933181	0.373272	1	0	0	0	0	0	0	0	0	
0.826	0.259259	-1.35769	0.0967742	3.85715	0.933181	0.373272	1	0	0	0	0	0	0	0	0	
0.827	0.259259	-1.35769	0.0967742	3.85715	0.933181	0.373272	1	0	0	0	0	0	0	0	0	
0.828	0.259259	-1.35769	0.0967742	3.85715	0.933181	0.373272	1	0	0	0	0	0	0	0	0	
0.829	0.259259	-1.35769	0.0967742	3.85715	0.933181	0.373272	1	0	0	0	0	0	0	0	0	
0.83	0.259259	-1.35769	0.0967742	3.85715	0.933181	0.373272	1	0	0	0	0	0	0	0	0	
0.831	0.259259	-1.35769	0.0967742	3.85715	0.933181	0.373272	1	0	0	0	0	0	0	0	0	
0.832	0.259259	-1.35769	0.0967742	3.85715	0.933181	0.373272	1	0	0	0	0	0	0	0	0	
0.833	0.259259	-1.35769	0.0967742	3.85715	0.933181	0.373272	1	0	0	0	0	0	0	0	0	
0.834	0.259259	-1.35769	0.0967742	3.85715	0.933181	0.373272	1	0	0	0	0	0	0	0	0	
0.835	0.259259	-1.35769	0.0967742	3.85715	0.933181	0.373272	1	0	0	0	0	0	0	0	0	
0.836	0.259259	-1.35769	0.0967742	3.85715	0.933181	0.373272	1	0	0	0	0	0	0	0	0	
0.837	0.259259	-1.35769	0.0967742	3.85715	0.933181	0.373272	1	0	0	0	0	0	0	0	0	
0.838	0.259259	-1.35769	0.0967742	3.85715	0.933181	0.373272	1	0	0	0	0	0	0	0	0	
0.839	0.259259	-1.35769	0.0967742	3.85715	0.933181	0.373272	1	0	0	0	0	0	0	0	0	
0.84	0.259259	-1.35769	0.0967742	3.85715	0.933181	0.373272	1	0	0	0	0	0	0	0	0	
0.841	0.259259	-1.35769	0.0967742	3.85715	0.933181	0.373272	1	0	0	0	0	0	0	0	0	
0.842	0.259259	-1.35769	0.0967742	3.85715	0.933181	0.373272	1	0	0	0	0	0	0	0	0	
0.843	0.259259	-1.35769	0.0967742	3.85715	0.933181	0.373272	1	0	0	0	0	0	0	0	0	
0.844	0.259259	-1.35769	0.0967742	3.85715	0.933181	0.373272	1	0	0	0	0	0	0	0	0	
0.845	0.259259	-1.35769	0.0967742	3.85715	0.933181	0.373272	1	0	0	0	0	0	0	0	0	
0.846	0.259259	-1.35769	0.0967742	3.85715	0.933181	0.373272	1	0	0	0	0	0	0	0	0	
0.847	0.259259	-1.35769	0.0967742	3.85715	0.933181	0.373272	1	0	0	0	0	0	0	0	0	
0.848	0.259259	-1.35769	0.0967742	3.85715	0.933181	0.373272	1	0	0	0	0	0	0	0	0	
0.849	0.259259	-1.35769	0.0967742	3.85715	0.933181	0.373272	1	0	0	0	0	0	0	0	0	
0.85	0.259259	-1.35769	0.0967742	3.85715	0.933181	0.373272	1	0	0	0	0	0	0	0	0	
0.851	0.259259	-1.35769	0.0967742	3.85715	0.933181	0.373272	1	0	0	0	0	0	0	0	0	
0.852	0.259259	-1.35769	0.0967742	3.85715	0.933181	0.373272	1	0	0	0	0	0	0	0	0	
0.853	0.259259	-1.35769	0.0967742	3.85715	0.933181	0.373272	1	0	0	0	0	0	0	0	0	
0.854	0.259259	-1.35769	0.0967742	3.85715	0.933181	0.373272	1	0	0	0	0	0	0	0	0	
0.855	0.259259	-1.35769	0.0967742	3.85715	0.933181	0.373272	1	0	0	0	0	0	0	0	0	
0.856	0.259259	-1.35769	0.0967742	3.85715	0.933181	0.373272	1	0	0	0	0	0	0	0	0	
0.857	0.259259	-1.35769	0.0967742	3.85715	0.933181	0.373272	1	0	0	0	0	0	0	0	0	
0.858	0.259259	-1.35769	0.0967742	3.85715	0.933181	0.373272	1	0	0	0	0	0	0	0	0	
0.859	0.259259	-1.35769	0.0967742	3.85715	0.933181	0.373272	1	0	0	0	0	0	0	0	0	
0.86	0.259259	-1.35769	0.0967742	3.85715	0.933181	0.373272	1	0	0	0	0	0	0	0	0	
0.861	0.259259	-1.35769	0.0967742	3.85715	0.933181	0.373272	1	0	0	0	0	0	0	0	0	
0.862	0.259259	-1.35769	0.0967742	3.85715	0.933181	0.373272	1	0	0	0	0	0	0	0	0	
0.863	0.259259	-1.35769	0.0967742	3.85715	0.933181	0.373272	1	0	0	0	0	0	0	0	0	
0.864	0.259259	-1.35769	0.0967742	3.85715	0.933181	0.373272	1	0	0	0	0	0	0	0	0	
0.865	0.259259	-1.35769	0.0967742	3.85715	0.933181	0.373272	1	0	0	0	0	0	0	0	0	
0.866	0.259259	-1.35769	0.0967742	3.85715	0.933181	0.373272	1	0	0	0	0	0	0	0	0	
0.867	0.259259	-1.35769	0.0967742	3.85715	0.933181	0.373272	1	0	0	0	0	0	0	0	0	
0.868	0.259259	-1.35769	0.0967742	3.85715	0.933181	0.373272	1	0	0	0	0	0	0	0	0	
0.869	0.259259	-1.35769	0.0967742	3.85715	0.933181	0.373272	1	0	0	0	0	0	0	0	0	
0.87	0.259259	-1.35769	0.0967742	3.85715	0.933181	0.373272	1	0	0	0	0	0	0	0	0	
0.871	0.259259	-1.35769	0.0967742	3.85715	0.933181	0.373272	1	0	0	0	0	0	0	0	0	
0.872	0.259259	-1.35769	0.0967742	3.85715	0.933181	0.373272	1	0	0	0	0	0	0	0	0	
0.873	0.259259	-1.35769	0.0967742	3.85715	0.933181	0.373272	1	0	0	0	0	0	0	0	0	
0.874	0.259259	-1.35769	0.0967742	3.85715	0.933181	0.373272	1	0	0	0	0	0	0	0	0	
0.875	0.259259	-1.35769	0.0967742	3.85715	0.933181	0.373272	1	0	0	0	0	0	0	0	0	
0.876	0.259259	-1.35769	0.0967742	3.85715	0.933181	0.373272	1	0	0	0	0	0	0	0	0	
0.877	0.259259	-1.35769	0.0967742	3.85715	0.933181	0.373272	1	0	0	0	0	0	0	0	0	
0.878	0.259259	-1.35769	0.0967742	3.85715	0.933181	0.373272	1	0	0	0	0	0	0	0	0	
0.879	0.259259	-1.35769	0.0967742	3.85715	0.933181	0.373272	1	0	0	0	0	0	0	0	0	
0.88	0.259259	-1.35769	0.0967742	3.85715	0.933181	0.373272	1	0	0	0	0	0	0	0	0	
0.881	0.259259	-1.35769	0.0967742	3.85715	0.933181	0.373272	1	0	0	0	0	0	0	0	0	
0.882	0.259259	-1.35769	0.0967742	3.85715	0.933181	0.373272	1	0	0	0	0	0	0	0	0	
0.883	0.259259	-1.35769	0.0967742	3.85715	0.933181	0.373272	1	0	0	0	0	0	0	0	0	
0.884	0.259259	-1.35769	0.0967742	3.85715	0.933181	0.373272	1	0	0	0	0	0	0	0	0	
0.885	0.259259	-1.35769	0.0967742	3.85715	0.933181	0.373272	1	0	0	0	0	0	0	0	0	
0.886	0.259259	-1.35769	0.0967742	3.85715	0.933181	0.373272	1	0	0	0	0	0	0	0	0	
0.887	0.259259	-1.35769	0.0967742	3.85715	0.933181	0.373272	1	0	0	0	0	0	0	0	0	
0.888	0.259259	-1.35769	0.0967742	3.85715	0.933181	0.373272	1	0	0	0	0	0	0	0	0	
0.889	0.259259	-1.35769	0.0967742	3.85715	0.933181	0.373272	1	0	0	0	0	0	0	0	0	
0.89	0.259259	-1.35769	0.0967742	3.85715	0.933181	0.373272	1	0	0	0	0	0	0	0	0	
0.891	0.259259	-1.35769	0.0967742	3.85715	0.933181	0.373272	1	0	0	0	0	0	0	0	0	
0.892	0.259259	-1.35769	0.0967742	3.85715	0.933181	0.373272	1	0	0	0	0	0	0	0	0	
0.893	0.259259	-1.35769	0.0967742	3.85715	0.933181	0.373272	1	0	0	0	0	0	0	0	0	
0.894	0.259259	-1.35769	0.0967742	3.85715	0.933181	0.373272	1	0	0	0	0	0	0	0	0	
0.895	0.259259	-1.35769	0.0967742	3.85715	0.933181	0.373272	1	0	0	0	0	0	0	0	0	
0.896	0.259259	-1.35769	0.0967742	3.85715	0.933181	0.373272	1	0	0	0	0	0	0	0	0	
0.897	0.259259	-1.35769	0.0967742	3.85715	0.933181	0.373272	1	0	0	0	0	0	0	0	0	
0.898	0.259259	-1.35769	0.0967742	3.85715	0.933181	0.373272	1	0	0	0	0	0	0	0	0	
0.899	0.259259	-1.35769	0.0967742	3.85715	0.933181	0.373272	1	0	0	0	0	0	0	0	0	
0.9	0.259259	-1.35769	0.0967742	3.85715	0.933181	0.373272	1	0	0	0	0	0	0	0	0	
0.901	0.259259	-1.35769	0.0967742	3.85715	0.933181	0.373272	1	0	0	0	0	0	0	0	0	
0.902	0.259259	-1.35769	0.0967742	3.85715	0.933181	0.373272	1	0	0	0	0	0	0	0	0	
0.903	0.259259	-1.35769	0.0967742	3.85715	0.933181	0.373272	1	0	0	0	0	0	0	0	0	
0.904	0.259259	-1.35769	0.0967742	3.85715	0.933181	0.373272	1	0	0	0	0	0	0	0	0	
0.905	0.259259	-1.35769	0.0967742	3.85715	0.933181	0.373272	1	0	0	0	0	0	0	0	0	
0.906	0.259259	-1.35769	0.0967742	3.85715	0.933181	0.373272	1	0	0	0	0	0	0	0	0	
0.907	0.259259	-1.35769	0.0967742	3.85715	0.933181	0.373272	1	0	0	0	0	0	0	0	0	
0.908	0.259259	-1.35769	0.0967742	3.85715	0.933181	0.373272	1	0	0	0	0	0	0	0	0	
0.909	0.259259	-1.35769	0.0967742	3.85715	0.933181	0.373272	1	0	0	0	0	0	0	0	0	
0.91	0.259259	-1.35769	0.0967742	3.85715	0.933181	0.373272	1	0	0	0	0	0	0	0	0	
0.911	0.259259	-1.35769	0.0967742	3.85715	0.933181	0.373272	1	0	0	0	0	0	0	0	0	
0.912	0.259259	-1.35769	0.0967742	3.85715	0.933181	0.373272	1	0	0	0	0	0	0	0	0	
0.913	0.259259	-1.35769	0.0967742	3.85715	0.933181	0.373272	1	0	0	0	0	0	0	0	0	
0.914	0.259259	-1.35769	0.0967742	3.85715	0.933181	0.373272	1	0	0	0	0	0	0	0	0	
0.915	0.259259	-1.35769	0.0967742	3.85715	0.933181	0.373272	1	0	0	0	0	0	0	0	0	
0.916	0.259259	-1.35769	0.0967742	3.85715	0.933181	0.373272	1	0	0	0	0	0	0	0	0	
0.917	0.259259	-1.35769	0.0967742	3.85715	0.933181	0.373272	1	0	0	0	0	0	0	0	0	
0.918	0.259259	-1.35769	0.0967742	3.85715	0.933181	0.373272	1	0	0	0	0	0	0	0	0	
0.919	0.259259	-1.35769	0.0967742	3.85715	0.933181	0.373272	1	0	0	0	0	0	0	0	0	
0.92	0.259259	-1.35769	0.0967742	3.85715	0.933181	0.373272	1	0	0	0	0	0	0	0	0	
0.921	0.259259	-1.35769	0.0967742	3.85715	0.933181	0.373272	1	0	0	0	0	0	0	0	0	
0.922	0.259259	-1.35769	0.0967742	3.85715	0.933181	0.373272	1	0	0	0	0	0	0	0	0	
0.923	0.259259	-1.35769	0.0967742	3.85715	0.933181	0.373272	1	0	0	0	0	0	0	0	0	
0.924	0.259259	-1.35769	0.0967742	3.85715	0.933181	0.373272	1	0	0	0	0	0	0	0	0	
0.925	0.259259	-1.35769	0.0967742	3.85715	0.933181	0.373272	1	0	0	0	0	0	0	0	0	
0.926	0.259259	-1.35769	0.0967742	3.85715	0.933181	0.373272	1	0	0	0	0	0	0	0	0	
0.927	0.259259	-1.35769	0.0967742	3.85715	0.933181	0.373272	1	0	0	0	0	0	0	0	0	
0.928	0.259259	-1.35769	0.0967742	3.85715	0.933181	0.373272	1	0	0	0	0	0	0	0	0	
0.929	0.259259	-1.35769	0.0967742	3.85715	0.933181	0.373272	1	0	0	0	0	0	0	0	0	
0.93	0.259259	-1.35769	0.0967742	3.85715	0.933181	0.373272	1	0	0	0	0	0	0	0	0	
0.931	0.259259	-1.35769	0.0967742	3.85715	0.933181	0.373272	1	0	0	0	0	0	0	0	0	
0.932	0.259259	-1.35769	0.0967742	3.85715	0.933181	0.373272	1	0	0	0	0	0	0	0	0	
0.933	0.259259	-1.35769	0.0967742	3.85715	0.933181	0.373272	1	0	0	0	0	0	0	0	0	
0.934	0.259259	-1.35769	0.0967742	3.85715	0.933181	0.373272	1	0	0	0	0	0	0	0	0	
0.935	0.259259	-1.35769	0.0967742	3.85715	0.933181	0.373272	1	0	0	0	0	0	0	0	0	
0.936	0.259259	-1.35769	0.0967742	3.85715	0.933181	0.373272	1	0	0	0	0	0	0	0	0	
0.937	0.259259	-1.35769	0.0967742	3.85715	0.933181	0.373272	1	0	0	0	0	0	0	0	0	
0.938	0.259259	-1.35769	0.0967742	3.85715	0.933181	0.373272	1	0	0	0	0	0	0	0	0	
0.939	0.259259	-1.35769	0.0967742	3.85715	0.933181	0.373272	1	0	0	0	0	0	0	0	0	
0.94	0.259259	-1.35769	0.0967742	3.85715	0.933181	0.373272	1	0	0	0	0	0	0	0	0	
0.941	0.259259	-1.35769	0.0967742	3.85715	0.933181	0.373272	1	0	0	0	0	0	0	0	0	
0.942	0.259259	-1.35769	0.0967742	3.85715	0.933181	0.373272	1	0	0	0	0	0	0	0	0	
0.943	0.259259	-1.35769	0.0967742	3.85715	0.933181	0.373272	1	0	0	0	0	0	0	0	0	
0.944	0.259259	-1.35769	0.0967742	3.85715	0.933181	0.373272	1	0	0	0	0	0	0	0	0	
0.945	0.259259	-1.35769	0.0967742	3.85715	0.933181	0.373272	1	0	0	0	0	0	0	0	0	
0.946	0.259259	-1.35769	0.0967742	3.85715	0.933181	0.373272	1	0	0	0	0	0	0	0	0	
0.947	0.259259	-1.35769	0.0967742	3.85715	0.933181	0.373272	1	0	0	0	0	0	0	0	0	
0.948	0.259259	-1.35769	0.0967742	3.85715	0.933181	0.373272	1	0	0	0	0	0	0	0	0	
0.949	0.259259	-1.35769	0.0967742	3.85715	0.933181	0.373272	1	0	0	0	0	0	0	0	0	
0.95	0.259259	-1.35769	0.0967742	3.85715	0.933181	0.373272	1	0	0	0	0	0	0	0	0	
0.951	0.259259	-1.35769	0.0967742	3.85715	0.933181	0.373272	1	0	0	0	0	0	0	0	0	
0.952	0.259259	-1.35769	0.0967742	3.85715	0.933181	0.373272	1	0	0	0	0	0	0	0	0	
0.953	0.259259	-1.35769	0.0967742	3.85715	0.933181	0.373272	1	0	0	0	0	0	0	0	0	
0.954	0.259259	-1.35769	0.0967742	3.85715	0.933181	0.373272	1	0	0	0	0	0	0	0	0	
0.955	0.259259	-1.35769	0.0967742	3.85715	0.933181	0.373272	1	0	0	0	0	0	0	0	0	
0.956	0.259259	-1.35769	0.0967742	3.85715	0.933181	0.373272	1	0	0	0	0	0	0	0	0	
0.957	0.259259	-1.35769	0.0967742	3.85715	0.933181	0.373272	1	0	0	0	0	0	0	0	0	
0.958	0.259259	-1.35769	0.0967742	3.85715	0.933181	0.373272	1	0	0	0	0	0	0	0	0	
0.959	0.259259	-1.35769	0.0967742	3.85715	0.933181	0.373272	1	0	0	0	0	0	0	0	0	
0.96	0.259259	-1.35769	0.0967742	3.85715	0.933181	0.373272	1	0	0	0	0	0	0	0	0	
0.961	0.259259	-1.35769	0.0967742	3.85715	0.933181	0.373272	1	0	0	0	0	0	0	0	0	
0.962	0.259259	-1.35769	0.0967742	3.85715	0.933181	0.373272	1	0	0	0	0	0	0	0	0	
0.963	0.259259	-1.35769	0.0967742	3.85715	0.933181	0.373272	1	0	0	0	0	0	0	0	0	
0.964	0.259259	-1.35769	0.0967742	3.85715	0.933181	0.373272	1	0	0	0	0	0	0	0	0	
0.965	0.259259	-1.35769	0.0967742	3.85715	0.933181	0.373272	1	0	0	0	0	0	0	0	0	
0.966	0.259259	-1.35769	0.0967742	3.85715	0.933181	0.373272	1	0	0	0	0	0	0	0	0	
0.967	0.259259	-1.35769	0.0967742	3.85715	0.933181	0.373272	1	0	0	0	0	0	0	0	0	
0.968	0.259259	-1.35769	0.0967742	3.85715	0.933181	0.373272	1	0	0	0	0	0	0	0	0	
0.969	0.259259	-1.35769	0.0967742	3.85715	0.933181	0.373272	1	0	0	0	0	0	0	0	0	
0.97	0.259259	-1.35769	0.0967742	3.85715	0.933181	0.373272	1	0	0	0	0	0	0	0	0	
0.971	0.259259	-1.35769	0.0967742	3.85715	0.933181	0.373272	1	0	0	0	0	0	0	0	0	
0.972	0.259259	-1.35769	0.0967742	3.85715	0.933181	0.373272	1	0	0	0	0	0	0	0	0	
0.973	0.259259	-1.35769	0.0967742	3.85715	0.933181	0.373272	1	0	0	0	0	0	0	0	0	
0.974	0.259259	-1.35769	0.0967742	3.85715	0.933181	0.373272	1	0	0	0	0	0	0	0	0	
0.975	0.259259	-1.35769	0.0967742	3.85715	0.933181	0.373272	1	0	0	0	0	0	0	0	0	
0.976	0.259259	-1.35769	0.0967742	3.85715	0.933181	0.373272	1	0	0	0	0	0	0	0	0	
0.977	0.259259	-1.35769	0.0967742	3.85715	0.933181	0.373272	1	0	0	0	0	0	0	0	0	
0.978	0.259259	-1.35769	0.0967742	3.85715	0.933181	0.373272	1	0	0	0	0	0	0	0	0	
0.979	0.259259	-1.35769	0.0967742	3.85715	0.933181	0.373272	1	0	0	0	0	0	0	0	0	
0.98	0.259259	-1.35769	0.0967742	3.85715	0.933181	0.373272	1	0	0	0	0	0	0	0	0	
0.981	0.259259	-1.35769	0.0967742	3.85715	0.933181	0.373272	1	0	0	0	0	0	0	0	0	
0.982	0.259259	-1.35769	0.0967742	3.85715	0.933181	0.373272	1	0	0	0	0	0	0	0	0	
0.983	0.259259	-1.35769	0.0967742	3.85715	0.933181	0.373272	1	0	0	0	0	0	0	0	0	
0.984	0.259259	-1.35769	0.0967742	3.85715	0.933181	0.373272	1	0	0	0	0	0	0	0	0	
0.985	0.259259	-1.35769	0.0967742	3.85715	0.933181	0.373272	1	0	0	0	0	0	0	0	0	
0.986	0.259259	-1.35769	0.0967742	3.85715	0.933181	0.373272	1	0	0	0	0	0	0	0	0	
0.987	0.259259	-1.35769	0.0967742	3.85715	0.933181	0.373272	1	0	0	0	0	0	0	0	0	
0.988	0.259259	-1.35769	0.0967742	3.85715	0.933181	0.373272	1	0	0	0	0	0	0	0	0	
0.989	0.259259	-1.35769	0.0967742	3.85715	0.933181	0.373272	1	0	0	0	0	0	0	0	0	
0.99	0.259259	-1.35769	0.0967742	3.85715	0.933181	0.373272	1	0	0	0	0	0	0	0	0	
0.991	0.259259	-1.35769	0.0967742	3.85715	0.933181	0.373272	1	0	0	0	0	0	0	0	0	
0.992	0.259259	-1.35769	0.0967742	3.85715	0.933181	0.373272	1	0	0	0	0	0	0	0	0	
0.993	0.259259	-1.35769	0.0967742	3.85715	0.933181	0.373272	1	0	0	0	0	0	0	0	0	
0.994	0.259259	-1.35769	0.0967742	3.85715	0.933181	0.373272	1	0	0	0	0	0	0	0	0	
0.995	0.259259	-1.35769	0.0967742	3.85715	0.933181	0.373272	1	0	0	0	0	0	0	0	0	
0.996	0.259259	-1.35769	0.0967742	3.85715	0.933181	0.373272	1	0	0	0	0	0	0	0	0	
0.997	0.259259	-1.35769	0.0967742	3.85715	0.933181	0.373272	1	0	0	0	0	0	0	0	0	
0.998	0.259259	-1.35769	0.0967742	3.85715	0.933181	0.373272	1	0	0	0	0	0	0	0	0	
0.999	0.259259	-1.35769	0.0967742	3.85715	0.933181	0.373272	1	0	0	0	0	0	0	0	0	
1	0.259259	-1.35769	0.0967742	3.85715	0.933181	0.373272	1	0	0	0	0	0	0	0	0	
