|||||||||||||||||||||||||||||||||***SIMULATION: detonation***||||||||||||||||||||||||||||||||||
Sanpshot time = 1.37. Timestep = 3380. Run time = 5 seconds
No. of cells = 1000
#Position	 Density	 Velocity	 Pressure	 Specific_Volume I_Energy	 Temperature	 Species
-0.001	0.775834	0.000243756	2.02164	1.28894	6.5144	0	9.37647e-08	0	0	0	0	0	0	0	0	
0	0.77588	8.15148e-05	2.02164	1.28886	6.51402	0	9.64128e-08	0	0	0	0	0	0	0	0	
0.001	0.77588	-8.15148e-05	2.02164	1.28886	6.51402	2.60561	9.64128e-08	0	0	0	0	0	0	0	0	
0.002	0.775834	-0.000243756	2.02164	1.28894	6.5144	2.60576	9.37647e-08	0	0	0	0	0	0	0	0	
0.003	0.77474	-0.000405341	2.02163	1.29076	6.52357	2.60943	9.88925e-08	0	0	0	0	0	0	0	0	
0.004	0.775198	-0.000565848	2.02161	1.28999	6.51967	2.60787	9.77604e-08	0	0	0	0	0	0	0	0	
0.005	0.772746	-0.00072499	2.0216	1.29409	6.54031	2.61612	9.56825e-08	0	0	0	0	0	0	0	0	
0.006	0.771562	-0.000882424	2.02158	1.29607	6.55028	2.62011	8.94771e-08	0	0	0	0	0	0	0	0	
0.007	0.772233	-0.00103786	2.02156	1.29495	6.54451	2.6178	9.26094e-08	0	0	0	0	0	0	0	0	
0.008	0.773796	-0.00119105	2.02153	1.29233	6.53121	2.61249	9.24092e-08	0	0	0	0	0	0	0	0	
0.009	0.775685	-0.00134178	2.0215	1.28918	6.51521	2.60609	9.17361e-08	0	0	0	0	0	0	0	0	
0.01	0.777579	-0.00148991	2.02147	1.28604	6.49924	2.5997	9.22292e-08	0	0	0	0	0	0	0	0	
0.011	0.779269	-0.00163533	2.02144	1.28325	6.48505	2.59402	9.56973e-08	0	0	0	0	0	0	0	0	
0.012	0.780687	-0.00177799	2.0214	1.28092	6.47315	2.58926	9.4076e-08	0	0	0	0	0	0	0	0	
0.013	0.78179	-0.00191791	2.02136	1.27912	6.4639	2.58556	9.39991e-08	0	0	0	0	0	0	0	0	
0.014	0.782566	-0.00205516	2.02133	1.27785	6.45737	2.58295	9.44784e-08	0	0	0	0	0	0	0	0	
0.015	0.783077	-0.00218987	2.02129	1.27701	6.45303	2.58121	9.61749e-08	0	0	0	0	0	0	0	0	
0.016	0.783393	-0.00232223	2.02125	1.2765	6.45031	2.58012	9.53994e-08	0	0	0	0	0	0	0	0	
0.017	0.783555	-0.0024525	2.02121	1.27623	6.44885	2.57954	9.50108e-08	0	0	0	0	0	0	0	0	
0.018	0.783606	-0.00258097	2.02117	1.27615	6.44831	2.57932	9.46138e-08	0	0	0	0	0	0	0	0	
0.019	0.783594	-0.00270796	2.02114	1.27617	6.4483	2.57932	9.28031e-08	0	0	0	0	0	0	0	0	
0.02	0.783565	-0.00283387	2.0211	1.27622	6.44842	2.57937	9.11624e-08	0	0	0	0	0	0	0	0	
0.021	0.783555	-0.00295908	2.02107	1.27623	6.44839	2.57936	9.06594e-08	0	0	0	0	0	0	0	0	
0.022	0.783586	-0.00308401	2.02104	1.27618	6.44804	2.57922	9.1479e-08	0	0	0	0	0	0	0	0	
0.023	0.783668	-0.00320911	2.02101	1.27605	6.44727	2.57891	9.30436e-08	0	0	0	0	0	0	0	0	
0.024	0.783804	-0.00333479	2.02098	1.27583	6.44606	2.57843	9.42447e-08	0	0	0	0	0	0	0	0	
0.025	0.783992	-0.00346149	2.02096	1.27552	6.44445	2.57778	9.42676e-08	0	0	0	0	0	0	0	0	
0.026	0.784221	-0.0035896	2.02094	1.27515	6.44249	2.577	9.35873e-08	0	0	0	0	0	0	0	0	
0.027	0.784482	-0.00371951	2.02092	1.27473	6.44029	2.57611	9.33664e-08	0	0	0	0	0	0	0	0	
0.028	0.784762	-0.00385155	2.0209	1.27427	6.43794	2.57518	9.34042e-08	0	0	0	0	0	0	0	0	
0.029	0.785048	-0.00398603	2.02089	1.27381	6.43556	2.57422	9.26471e-08	0	0	0	0	0	0	0	0	
0.03	0.785333	-0.00412318	2.02088	1.27335	6.4332	2.57328	9.18024e-08	0	0	0	0	0	0	0	0	
0.031	0.785613	-0.0042632	2.02087	1.27289	6.43088	2.57235	9.18479e-08	0	0	0	0	0	0	0	0	
0.032	0.785894	-0.00440622	2.02087	1.27244	6.42857	2.57143	9.21694e-08	0	0	0	0	0	0	0	0	
0.033	0.786182	-0.0045523	2.02087	1.27197	6.42621	2.57048	9.18337e-08	0	0	0	0	0	0	0	0	
0.034	0.786487	-0.00470143	2.02087	1.27148	6.42371	2.56948	9.06579e-08	0	0	0	0	0	0	0	0	
0.035	0.786819	-0.00485356	2.02087	1.27094	6.42101	2.5684	8.95286e-08	0	0	0	0	0	0	0	0	
0.036	0.787182	-0.00500856	2.02087	1.27035	6.41806	2.56722	8.9229e-08	0	0	0	0	0	0	0	0	
0.037	0.787579	-0.00516623	2.02087	1.26971	6.41483	2.56593	8.97226e-08	0	0	0	0	0	0	0	0	
0.038	0.78801	-0.00532633	2.02088	1.26902	6.41133	2.56453	9.07599e-08	0	0	0	0	0	0	0	0	
0.039	0.788473	-0.00548858	2.02088	1.26827	6.40758	2.56303	9.19705e-08	0	0	0	0	0	0	0	0	
0.04	0.788966	-0.00565263	2.02088	1.26748	6.40358	2.56143	9.29723e-08	0	0	0	0	0	0	0	0	
0.041	0.789486	-0.00581813	2.02088	1.26665	6.39936	2.55975	9.35394e-08	0	0	0	0	0	0	0	0	
0.042	0.790031	-0.00598467	2.02088	1.26577	6.39495	2.55798	9.37298e-08	0	0	0	0	0	0	0	0	
0.043	0.790596	-0.00615186	2.02088	1.26487	6.39037	2.55615	9.3798e-08	0	0	0	0	0	0	0	0	
0.044	0.791174	-0.00631928	2.02087	1.26395	6.38568	2.55427	9.39107e-08	0	0	0	0	0	0	0	0	
0.045	0.791756	-0.00648651	2.02086	1.26302	6.38095	2.55238	9.40327e-08	0	0	0	0	0	0	0	0	
0.046	0.792331	-0.00665316	2.02085	1.2621	6.37628	2.55051	9.41993e-08	0	0	0	0	0	0	0	0	
0.047	0.792888	-0.00681884	2.02083	1.26121	6.37173	2.54869	9.46812e-08	0	0	0	0	0	0	0	0	
0.048	0.793421	-0.00698319	2.02081	1.26037	6.36739	2.54695	9.56096e-08	0	0	0	0	0	0	0	0	
0.049	0.793924	-0.00714591	2.02078	1.25957	6.36326	2.54531	9.66725e-08	0	0	0	0	0	0	0	0	
0.05	0.794401	-0.0073067	2.02075	1.25881	6.35934	2.54374	9.73742e-08	0	0	0	0	0	0	0	0	
0.051	0.79486	-0.00746535	2.02071	1.25808	6.35556	2.54222	9.73635e-08	0	0	0	0	0	0	0	0	
0.052	0.795312	-0.00762165	2.02067	1.25737	6.35182	2.54073	9.66228e-08	0	0	0	0	0	0	0	0	
0.053	0.795772	-0.0077755	2.02063	1.25664	6.34801	2.5392	9.54423e-08	0	0	0	0	0	0	0	0	
0.054	0.79625	-0.00792682	2.02058	1.25589	6.34404	2.53762	9.42419e-08	0	0	0	0	0	0	0	0	
0.055	0.796753	-0.00807559	2.02052	1.25509	6.33987	2.53595	9.34167e-08	0	0	0	0	0	0	0	0	
0.056	0.797283	-0.00822187	2.02047	1.25426	6.33547	2.53419	9.31209e-08	0	0	0	0	0	0	0	0	
0.057	0.797837	-0.00836575	2.02041	1.25339	6.33089	2.53236	9.31782e-08	0	0	0	0	0	0	0	0	
0.058	0.798406	-0.0085074	2.02034	1.2525	6.32618	2.53047	9.32846e-08	0	0	0	0	0	0	0	0	
0.059	0.798981	-0.00864703	2.02028	1.25159	6.32142	2.52857	9.33145e-08	0	0	0	0	0	0	0	0	
0.06	0.799554	-0.00878493	2.02021	1.2507	6.31668	2.52667	9.3369e-08	0	0	0	0	0	0	0	0	
0.061	0.800118	-0.00892139	2.02015	1.24982	6.31202	2.52481	9.35819e-08	0	0	0	0	0	0	0	0	
0.062	0.800669	-0.0090568	2.02008	1.24896	6.30747	2.52299	9.39996e-08	0	0	0	0	0	0	0	0	
0.063	0.801207	-0.00919153	2.02001	1.24812	6.30303	2.52121	9.45791e-08	0	0	0	0	0	0	0	0	
0.064	0.801733	-0.00932604	2.01994	1.2473	6.29868	2.51947	9.51691e-08	0	0	0	0	0	0	0	0	
0.065	0.802254	-0.00946077	2.01988	1.24649	6.29439	2.51776	9.55533e-08	0	0	0	0	0	0	0	0	
0.066	0.802775	-0.00959619	2.01982	1.24568	6.29011	2.51604	9.55878e-08	0	0	0	0	0	0	0	0	
0.067	0.803302	-0.00973279	2.01976	1.24486	6.2858	2.51432	9.52772e-08	0	0	0	0	0	0	0	0	
0.068	0.80384	-0.00987104	2.0197	1.24403	6.2814	2.51256	9.47467e-08	0	0	0	0	0	0	0	0	
0.069	0.804394	-0.0100114	2.01964	1.24317	6.27691	2.51076	9.42134e-08	0	0	0	0	0	0	0	0	
0.07	0.804964	-0.0101544	2.01959	1.24229	6.27231	2.50892	9.39139e-08	0	0	0	0	0	0	0	0	
0.071	0.805549	-0.0103003	2.01954	1.24139	6.2676	2.50704	9.39522e-08	0	0	0	0	0	0	0	0	
0.072	0.806147	-0.0104496	2.0195	1.24047	6.26281	2.50513	9.42038e-08	0	0	0	0	0	0	0	0	
0.073	0.806754	-0.0106027	2.01946	1.23954	6.25798	2.50319	9.44151e-08	0	0	0	0	0	0	0	0	
0.074	0.807366	-0.0107597	2.01942	1.2386	6.25312	2.50125	9.44335e-08	0	0	0	0	0	0	0	0	
0.075	0.807979	-0.0109208	2.01939	1.23766	6.24827	2.49931	9.43379e-08	0	0	0	0	0	0	0	0	
0.076	0.808592	-0.0110863	2.01936	1.23672	6.24345	2.49738	9.43375e-08	0	0	0	0	0	0	0	0	
0.077	0.809203	-0.0112562	2.01933	1.23578	6.23865	2.49546	9.45581e-08	0	0	0	0	0	0	0	0	
0.078	0.809816	-0.0114305	2.01931	1.23485	6.23385	2.49354	9.49321e-08	0	0	0	0	0	0	0	0	
0.079	0.810433	-0.011609	2.01928	1.23391	6.22903	2.49161	9.52653e-08	0	0	0	0	0	0	0	0	
0.08	0.811061	-0.0117917	2.01926	1.23295	6.22414	2.48965	9.53915e-08	0	0	0	0	0	0	0	0	
0.081	0.811706	-0.0119782	2.01924	1.23197	6.21912	2.48765	9.52766e-08	0	0	0	0	0	0	0	0	
0.082	0.812373	-0.0121682	2.01922	1.23096	6.21395	2.48558	9.50103e-08	0	0	0	0	0	0	0	0	
0.083	0.813065	-0.0123613	2.01919	1.22991	6.20858	2.48343	9.47346e-08	0	0	0	0	0	0	0	0	
0.084	0.813784	-0.0125571	2.01917	1.22883	6.20302	2.48121	9.45681e-08	0	0	0	0	0	0	0	0	
0.085	0.814527	-0.0127551	2.01914	1.22771	6.19727	2.47891	9.45568e-08	0	0	0	0	0	0	0	0	
0.086	0.815289	-0.0129547	2.0191	1.22656	6.19137	2.47655	9.46786e-08	0	0	0	0	0	0	0	0	
0.087	0.816061	-0.0131553	2.01906	1.2254	6.18539	2.47416	9.4891e-08	0	0	0	0	0	0	0	0	
0.088	0.816837	-0.0133563	2.01902	1.22424	6.17938	2.47175	9.51633e-08	0	0	0	0	0	0	0	0	
0.089	0.817606	-0.0135571	2.01897	1.22308	6.17341	2.46936	9.54615e-08	0	0	0	0	0	0	0	0	
0.09	0.818363	-0.0137572	2.01891	1.22195	6.16751	2.46701	9.5723e-08	0	0	0	0	0	0	0	0	
0.091	0.819102	-0.0139558	2.01884	1.22085	6.16175	2.4647	9.58681e-08	0	0	0	0	0	0	0	0	
0.092	0.819817	-0.0141525	2.01877	1.21978	6.15615	2.46246	9.58378e-08	0	0	0	0	0	0	0	0	
0.093	0.820504	-0.0143467	2.01868	1.21876	6.15074	2.4603	9.56235e-08	0	0	0	0	0	0	0	0	
0.094	0.821159	-0.014538	2.01859	1.21779	6.14555	2.45822	9.52776e-08	0	0	0	0	0	0	0	0	
0.095	0.82178	-0.0147258	2.01849	1.21687	6.1406	2.45624	9.49052e-08	0	0	0	0	0	0	0	0	
0.096	0.822361	-0.0149099	2.01838	1.21601	6.13592	2.45437	9.46341e-08	0	0	0	0	0	0	0	0	
0.097	0.822902	-0.0150898	2.01826	1.21521	6.13153	2.45261	9.45627e-08	0	0	0	0	0	0	0	0	
0.098	0.823401	-0.0152655	2.01813	1.21448	6.12744	2.45097	9.46993e-08	0	0	0	0	0	0	0	0	
0.099	0.823856	-0.0154367	2.018	1.2138	6.12364	2.44946	9.49368e-08	0	0	0	0	0	0	0	0	
0.1	0.824269	-0.0156034	2.01786	1.2132	6.12015	2.44806	9.5108e-08	0	0	0	0	0	0	0	0	
0.101	0.824639	-0.0157655	2.01771	1.21265	6.11696	2.44678	9.50944e-08	0	0	0	0	0	0	0	0	
0.102	0.824969	-0.0159231	2.01756	1.21217	6.11405	2.44562	9.4891e-08	0	0	0	0	0	0	0	0	
0.103	0.82526	-0.0160765	2.0174	1.21174	6.11141	2.44456	9.45761e-08	0	0	0	0	0	0	0	0	
0.104	0.825515	-0.0162257	2.01724	1.21136	6.10903	2.44361	9.42397e-08	0	0	0	0	0	0	0	0	
0.105	0.825737	-0.0163712	2.01707	1.21104	6.10689	2.44275	9.39478e-08	0	0	0	0	0	0	0	0	
0.106	0.825928	-0.0165132	2.0169	1.21076	6.10496	2.44198	9.37504e-08	0	0	0	0	0	0	0	0	
0.107	0.826093	-0.0166522	2.01673	1.21052	6.10322	2.44129	9.36896e-08	0	0	0	0	0	0	0	0	
0.108	0.826236	-0.0167886	2.01656	1.21031	6.10165	2.44066	9.37927e-08	0	0	0	0	0	0	0	0	
0.109	0.826359	-0.016923	2.01639	1.21013	6.10022	2.44009	9.40654e-08	0	0	0	0	0	0	0	0	
0.11	0.826467	-0.017056	2.01622	1.20997	6.09891	2.43956	9.44883e-08	0	0	0	0	0	0	0	0	
0.111	0.826563	-0.017188	2.01605	1.20983	6.09769	2.43908	9.50089e-08	0	0	0	0	0	0	0	0	
0.112	0.826649	-0.0173196	2.01588	1.2097	6.09655	2.43862	9.55376e-08	0	0	0	0	0	0	0	0	
0.113	0.826728	-0.0174515	2.01572	1.20959	6.09548	2.43819	9.59665e-08	0	0	0	0	0	0	0	0	
0.114	0.826801	-0.0175842	2.01556	1.20948	6.09445	2.43778	9.62079e-08	0	0	0	0	0	0	0	0	
0.115	0.826871	-0.0177183	2.01541	1.20938	6.09347	2.43739	9.62227e-08	0	0	0	0	0	0	0	0	
0.116	0.826936	-0.0178543	2.01525	1.20928	6.09253	2.43701	9.60209e-08	0	0	0	0	0	0	0	0	
0.117	0.826998	-0.0179927	2.01511	1.20919	6.09164	2.43666	9.56439e-08	0	0	0	0	0	0	0	0	
0.118	0.827055	-0.0181338	2.01497	1.20911	6.09079	2.43632	9.51535e-08	0	0	0	0	0	0	0	0	
0.119	0.827106	-0.0182782	2.01483	1.20904	6.09001	2.43601	9.46345e-08	0	0	0	0	0	0	0	0	
0.12	0.827148	-0.0184261	2.0147	1.20897	6.08931	2.43572	9.41925e-08	0	0	0	0	0	0	0	0	
0.121	0.827179	-0.0185778	2.01458	1.20893	6.08871	2.43548	9.39261e-08	0	0	0	0	0	0	0	0	
0.122	0.827197	-0.0187333	2.01446	1.2089	6.08822	2.43529	9.38794e-08	0	0	0	0	0	0	0	0	
0.123	0.827199	-0.0188928	2.01435	1.2089	6.08786	2.43514	9.40124e-08	0	0	0	0	0	0	0	0	
0.124	0.827184	-0.0190562	2.01424	1.20892	6.08764	2.43506	9.42153e-08	0	0	0	0	0	0	0	0	
0.125	0.827151	-0.0192236	2.01413	1.20897	6.08756	2.43503	9.43658e-08	0	0	0	0	0	0	0	0	
0.126	0.827099	-0.0193946	2.01403	1.20905	6.08764	2.43506	9.43929e-08	0	0	0	0	0	0	0	0	
0.127	0.827029	-0.0195691	2.01393	1.20915	6.08786	2.43514	9.43058e-08	0	0	0	0	0	0	0	0	
0.128	0.826941	-0.0197468	2.01384	1.20928	6.08821	2.43528	9.41731e-08	0	0	0	0	0	0	0	0	
0.129	0.826837	-0.0199274	2.01374	1.20943	6.08869	2.43548	9.40709e-08	0	0	0	0	0	0	0	0	
0.13	0.826717	-0.0201104	2.01365	1.2096	6.08929	2.43571	9.40362e-08	0	0	0	0	0	0	0	0	
0.131	0.826584	-0.0202954	2.01355	1.2098	6.08998	2.43599	9.40516e-08	0	0	0	0	0	0	0	0	
0.132	0.826439	-0.0204819	2.01346	1.21001	6.09076	2.4363	9.40654e-08	0	0	0	0	0	0	0	0	
0.133	0.826284	-0.0206695	2.01336	1.21024	6.09161	2.43664	9.40277e-08	0	0	0	0	0	0	0	0	
0.134	0.826121	-0.0208577	2.01326	1.21048	6.09251	2.437	9.39182e-08	0	0	0	0	0	0	0	0	
0.135	0.82595	-0.0210461	2.01316	1.21073	6.09345	2.43738	9.37499e-08	0	0	0	0	0	0	0	0	
0.136	0.825774	-0.0212341	2.01305	1.21098	6.09442	2.43777	9.35508e-08	0	0	0	0	0	0	0	0	
0.137	0.825594	-0.0214215	2.01293	1.21125	6.09541	2.43817	9.334e-08	0	0	0	0	0	0	0	0	
0.138	0.825411	-0.0216079	2.01282	1.21152	6.09641	2.43856	9.31171e-08	0	0	0	0	0	0	0	0	
0.139	0.825227	-0.0217929	2.01269	1.21179	6.09739	2.43896	9.28696e-08	0	0	0	0	0	0	0	0	
0.14	0.825045	-0.0219762	2.01256	1.21206	6.09834	2.43934	9.25906e-08	0	0	0	0	0	0	0	0	
0.141	0.824866	-0.0221577	2.01243	1.21232	6.09925	2.4397	9.22918e-08	0	0	0	0	0	0	0	0	
0.142	0.824693	-0.0223372	2.01228	1.21257	6.1001	2.44004	9.20044e-08	0	0	0	0	0	0	0	0	
0.143	0.824529	-0.0225146	2.01214	1.21281	6.10087	2.44035	9.17664e-08	0	0	0	0	0	0	0	0	
0.144	0.824374	-0.0226899	2.01198	1.21304	6.10154	2.44062	9.16056e-08	0	0	0	0	0	0	0	0	
0.145	0.824229	-0.0228631	2.01182	1.21326	6.10212	2.44085	9.15276e-08	0	0	0	0	0	0	0	0	
0.146	0.824094	-0.0230342	2.01165	1.21345	6.10261	2.44105	9.15171e-08	0	0	0	0	0	0	0	0	
0.147	0.823967	-0.0232035	2.01148	1.21364	6.10302	2.44121	9.15492e-08	0	0	0	0	0	0	0	0	
0.148	0.823847	-0.023371	2.0113	1.21382	6.10337	2.44135	9.16021e-08	0	0	0	0	0	0	0	0	
0.149	0.823729	-0.023537	2.01111	1.21399	6.10368	2.44147	9.16643e-08	0	0	0	0	0	0	0	0	
0.15	0.823611	-0.0237018	2.01092	1.21417	6.10398	2.44159	9.17315e-08	0	0	0	0	0	0	0	0	
0.151	0.82349	-0.0238657	2.01073	1.21434	6.10429	2.44172	9.17998e-08	0	0	0	0	0	0	0	0	
0.152	0.823363	-0.0240289	2.01053	1.21453	6.10464	2.44185	9.18604e-08	0	0	0	0	0	0	0	0	
0.153	0.823229	-0.0241919	2.01033	1.21473	6.10503	2.44201	9.18995e-08	0	0	0	0	0	0	0	0	
0.154	0.823085	-0.0243549	2.01013	1.21494	6.10548	2.44219	9.19036e-08	0	0	0	0	0	0	0	0	
0.155	0.822933	-0.0245185	2.00993	1.21517	6.10598	2.44239	9.18653e-08	0	0	0	0	0	0	0	0	
0.156	0.822772	-0.0246829	2.00972	1.2154	6.10655	2.44262	9.17873e-08	0	0	0	0	0	0	0	0	
0.157	0.822604	-0.0248486	2.00951	1.21565	6.10718	2.44287	9.16824e-08	0	0	0	0	0	0	0	0	
0.158	0.822429	-0.0250159	2.00931	1.21591	6.10784	2.44314	9.15696e-08	0	0	0	0	0	0	0	0	
0.159	0.82225	-0.0251852	2.0091	1.21617	6.10854	2.44342	9.14664e-08	0	0	0	0	0	0	0	0	
0.16	0.822069	-0.0253568	2.0089	1.21644	6.10927	2.44371	9.1382e-08	0	0	0	0	0	0	0	0	
0.161	0.821886	-0.0255311	2.00869	1.21671	6.11001	2.444	9.13174e-08	0	0	0	0	0	0	0	0	
0.162	0.821703	-0.0257083	2.00849	1.21698	6.11075	2.4443	9.12754e-08	0	0	0	0	0	0	0	0	
0.163	0.821522	-0.0258887	2.00829	1.21725	6.11148	2.44459	9.12751e-08	0	0	0	0	0	0	0	0	
0.164	0.821344	-0.0260726	2.00809	1.21752	6.1122	2.44488	9.1358e-08	0	0	0	0	0	0	0	0	
0.165	0.82117	-0.02626	2.00789	1.21778	6.1129	2.44516	9.15798e-08	0	0	0	0	0	0	0	0	
0.166	0.821	-0.026451	2.0077	1.21803	6.11357	2.44543	9.19874e-08	0	0	0	0	0	0	0	0	
0.167	0.820834	-0.0266458	2.0075	1.21827	6.11422	2.44569	9.25946e-08	0	0	0	0	0	0	0	0	
0.168	0.820675	-0.0268444	2.00731	1.21851	6.11483	2.44593	9.33675e-08	0	0	0	0	0	0	0	0	
0.169	0.820521	-0.0270466	2.00713	1.21874	6.1154	2.44616	9.4229e-08	0	0	0	0	0	0	0	0	
0.17	0.820375	-0.0272524	2.00694	1.21896	6.11592	2.44637	9.5078e-08	0	0	0	0	0	0	0	0	
0.171	0.820235	-0.0274615	2.00676	1.21916	6.1164	2.44656	9.58141e-08	0	0	0	0	0	0	0	0	
0.172	0.820104	-0.0276739	2.00657	1.21936	6.11682	2.44673	9.63573e-08	0	0	0	0	0	0	0	0	
0.173	0.81998	-0.0278892	2.00639	1.21954	6.11719	2.44688	9.66553e-08	0	0	0	0	0	0	0	0	
0.174	0.819864	-0.0281072	2.00621	1.21971	6.1175	2.447	9.66815e-08	0	0	0	0	0	0	0	0	
0.175	0.819756	-0.0283274	2.00602	1.21988	6.11775	2.4471	9.6428e-08	0	0	0	0	0	0	0	0	
0.176	0.819655	-0.0285496	2.00584	1.22003	6.11794	2.44718	9.59007e-08	0	0	0	0	0	0	0	0	
0.177	0.81956	-0.0287734	2.00566	1.22017	6.11809	2.44724	9.51188e-08	0	0	0	0	0	0	0	0	
0.178	0.819469	-0.0289983	2.00547	1.2203	6.11819	2.44728	9.41185e-08	0	0	0	0	0	0	0	0	
0.179	0.819382	-0.0292241	2.00528	1.22043	6.11826	2.44731	9.29555e-08	0	0	0	0	0	0	0	0	
0.18	0.819297	-0.0294503	2.00509	1.22056	6.11831	2.44732	9.1705e-08	0	0	0	0	0	0	0	0	
0.181	0.819213	-0.0296766	2.00489	1.22068	6.11834	2.44734	9.04558e-08	0	0	0	0	0	0	0	0	
0.182	0.819127	-0.0299027	2.00469	1.22081	6.11837	2.44735	8.92992e-08	0	0	0	0	0	0	0	0	
0.183	0.81904	-0.0301282	2.00449	1.22094	6.1184	2.44736	8.83162e-08	0	0	0	0	0	0	0	0	
0.184	0.81895	-0.0303529	2.00428	1.22108	6.11843	2.44737	8.75644e-08	0	0	0	0	0	0	0	0	
0.185	0.818857	-0.0305765	2.00406	1.22121	6.11847	2.44739	8.70699e-08	0	0	0	0	0	0	0	0	
0.186	0.818761	-0.0307989	2.00384	1.22136	6.11852	2.44741	8.6824e-08	0	0	0	0	0	0	0	0	
0.187	0.818662	-0.03102	2.00362	1.22151	6.11858	2.44743	8.67881e-08	0	0	0	0	0	0	0	0	
0.188	0.818559	-0.0312395	2.00339	1.22166	6.11865	2.44746	8.69035e-08	0	0	0	0	0	0	0	0	
0.189	0.818454	-0.0314575	2.00316	1.22182	6.11872	2.44749	8.71053e-08	0	0	0	0	0	0	0	0	
0.19	0.818346	-0.031674	2.00292	1.22198	6.11879	2.44752	8.73359e-08	0	0	0	0	0	0	0	0	
0.191	0.818236	-0.031889	2.00267	1.22214	6.11887	2.44755	8.75547e-08	0	0	0	0	0	0	0	0	
0.192	0.818124	-0.0321025	2.00242	1.22231	6.11894	2.44758	8.77423e-08	0	0	0	0	0	0	0	0	
0.193	0.818011	-0.0323147	2.00217	1.22248	6.11901	2.4476	8.78973e-08	0	0	0	0	0	0	0	0	
0.194	0.817897	-0.0325257	2.00191	1.22265	6.11907	2.44763	8.80282e-08	0	0	0	0	0	0	0	0	
0.195	0.817782	-0.0327358	2.00165	1.22282	6.11913	2.44765	8.81432e-08	0	0	0	0	0	0	0	0	
0.196	0.817667	-0.0329451	2.00138	1.22299	6.11918	2.44767	8.82431e-08	0	0	0	0	0	0	0	0	
0.197	0.817552	-0.0331538	2.00111	1.22316	6.11922	2.44769	8.83181e-08	0	0	0	0	0	0	0	0	
0.198	0.817437	-0.0333623	2.00084	1.22334	6.11924	2.4477	8.83517e-08	0	0	0	0	0	0	0	0	
0.199	0.817322	-0.0335708	2.00056	1.22351	6.11926	2.4477	8.83281e-08	0	0	0	0	0	0	0	0	
0.2	0.817208	-0.0337795	2.00029	1.22368	6.11927	2.44771	8.82401e-08	0	0	0	0	0	0	0	0	
0.201	0.817095	-0.0339888	2.00001	1.22385	6.11926	2.4477	8.80933e-08	0	0	0	0	0	0	0	0	
0.202	0.816983	-0.034199	1.99972	1.22402	6.11924	2.44769	8.79059e-08	0	0	0	0	0	0	0	0	
0.203	0.816872	-0.0344105	1.99944	1.22418	6.1192	2.44768	8.77022e-08	0	0	0	0	0	0	0	0	
0.204	0.816764	-0.0346234	1.99916	1.22434	6.11915	2.44766	8.75059e-08	0	0	0	0	0	0	0	0	
0.205	0.816657	-0.0348381	1.99887	1.2245	6.11908	2.44763	8.73327e-08	0	0	0	0	0	0	0	0	
0.206	0.816552	-0.0350548	1.99859	1.22466	6.11899	2.4476	8.71882e-08	0	0	0	0	0	0	0	0	
0.207	0.816449	-0.0352739	1.9983	1.22482	6.11889	2.44756	8.70689e-08	0	0	0	0	0	0	0	0	
0.208	0.816348	-0.0354956	1.99802	1.22497	6.11877	2.44751	8.69668e-08	0	0	0	0	0	0	0	0	
0.209	0.816248	-0.03572	1.99773	1.22512	6.11864	2.44746	8.6874e-08	0	0	0	0	0	0	0	0	
0.21	0.816151	-0.0359473	1.99745	1.22526	6.1185	2.4474	8.67855e-08	0	0	0	0	0	0	0	0	
0.211	0.816054	-0.0361777	1.99716	1.22541	6.11834	2.44734	8.67007e-08	0	0	0	0	0	0	0	0	
0.212	0.815959	-0.0364113	1.99687	1.22555	6.11818	2.44727	8.66223e-08	0	0	0	0	0	0	0	0	
0.213	0.815865	-0.036648	1.99659	1.22569	6.11801	2.4472	8.65549e-08	0	0	0	0	0	0	0	0	
0.214	0.81577	-0.0368881	1.9963	1.22584	6.11784	2.44713	8.6504e-08	0	0	0	0	0	0	0	0	
0.215	0.815676	-0.0371313	1.99601	1.22598	6.11766	2.44706	8.64749e-08	0	0	0	0	0	0	0	0	
0.216	0.815581	-0.0373778	1.99572	1.22612	6.11749	2.447	8.6472e-08	0	0	0	0	0	0	0	0	
0.217	0.815486	-0.0376273	1.99543	1.22626	6.11732	2.44693	8.64977e-08	0	0	0	0	0	0	0	0	
0.218	0.815389	-0.0378798	1.99514	1.22641	6.11715	2.44686	8.65511e-08	0	0	0	0	0	0	0	0	
0.219	0.815291	-0.0381351	1.99485	1.22656	6.11699	2.44679	8.66273e-08	0	0	0	0	0	0	0	0	
0.22	0.815191	-0.038393	1.99455	1.22671	6.11683	2.44673	8.67165e-08	0	0	0	0	0	0	0	0	
0.221	0.815087	-0.0386535	1.99426	1.22686	6.1167	2.44668	8.68051e-08	0	0	0	0	0	0	0	0	
0.222	0.814981	-0.0389162	1.99396	1.22702	6.11657	2.44663	8.68775e-08	0	0	0	0	0	0	0	0	
0.223	0.81487	-0.0391811	1.99365	1.22719	6.11647	2.44659	8.69178e-08	0	0	0	0	0	0	0	0	
0.224	0.814755	-0.0394478	1.99334	1.22736	6.11639	2.44655	8.69131e-08	0	0	0	0	0	0	0	0	
0.225	0.814635	-0.0397164	1.99303	1.22754	6.11633	2.44653	8.68552e-08	0	0	0	0	0	0	0	0	
0.226	0.814509	-0.0399864	1.99271	1.22773	6.1163	2.44652	8.67426e-08	0	0	0	0	0	0	0	0	
0.227	0.814378	-0.040258	1.99239	1.22793	6.11629	2.44652	8.65807e-08	0	0	0	0	0	0	0	0	
0.228	0.814243	-0.0405308	1.99206	1.22814	6.11631	2.44652	8.6382e-08	0	0	0	0	0	0	0	0	
0.229	0.814103	-0.0408048	1.99173	1.22835	6.11633	2.44653	8.61639e-08	0	0	0	0	0	0	0	0	
0.23	0.813962	-0.04108	1.99139	1.22856	6.11635	2.44654	8.59465e-08	0	0	0	0	0	0	0	0	
0.231	0.813821	-0.0413562	1.99105	1.22877	6.11636	2.44654	8.57504e-08	0	0	0	0	0	0	0	0	
0.232	0.813682	-0.0416336	1.9907	1.22898	6.11632	2.44653	8.55931e-08	0	0	0	0	0	0	0	0	
0.233	0.813548	-0.041912	1.99034	1.22918	6.11623	2.44649	8.54874e-08	0	0	0	0	0	0	0	0	
0.234	0.813422	-0.0421916	1.98998	1.22937	6.11607	2.44643	8.54399e-08	0	0	0	0	0	0	0	0	
0.235	0.813306	-0.0424724	1.98961	1.22955	6.1158	2.44632	8.54505e-08	0	0	0	0	0	0	0	0	
0.236	0.813202	-0.0427546	1.98923	1.22971	6.11543	2.44617	8.55133e-08	0	0	0	0	0	0	0	0	
0.237	0.81311	-0.0430383	1.98885	1.22985	6.11494	2.44598	8.5618e-08	0	0	0	0	0	0	0	0	
0.238	0.813031	-0.0433236	1.98846	1.22997	6.11434	2.44574	8.57514e-08	0	0	0	0	0	0	0	0	
0.239	0.812964	-0.0436108	1.98806	1.23007	6.11362	2.44545	8.58996e-08	0	0	0	0	0	0	0	0	
0.24	0.812907	-0.0439	1.98766	1.23015	6.11281	2.44512	8.605e-08	0	0	0	0	0	0	0	0	
0.241	0.812859	-0.0441915	1.98725	1.23023	6.11191	2.44476	8.61919e-08	0	0	0	0	0	0	0	0	
0.242	0.812814	-0.0444855	1.98683	1.23029	6.11096	2.44438	8.63181e-08	0	0	0	0	0	0	0	0	
0.243	0.812771	-0.0447823	1.9864	1.23036	6.10997	2.44399	8.64245e-08	0	0	0	0	0	0	0	0	
0.244	0.812726	-0.0450822	1.98597	1.23043	6.10898	2.44359	8.65096e-08	0	0	0	0	0	0	0	0	
0.245	0.812676	-0.0453853	1.98553	1.2305	6.10801	2.4432	8.65743e-08	0	0	0	0	0	0	0	0	
0.246	0.812617	-0.045692	1.98509	1.23059	6.10708	2.44283	8.66209e-08	0	0	0	0	0	0	0	0	
0.247	0.812546	-0.0460026	1.98463	1.2307	6.10621	2.44248	8.66524e-08	0	0	0	0	0	0	0	0	
0.248	0.812463	-0.0463172	1.98417	1.23082	6.10541	2.44216	8.66718e-08	0	0	0	0	0	0	0	0	
0.249	0.812366	-0.0466361	1.9837	1.23097	6.1047	2.44188	8.6682e-08	0	0	0	0	0	0	0	0	
0.25	0.812255	-0.0469597	1.98322	1.23114	6.10407	2.44163	8.6685e-08	0	0	0	0	0	0	0	0	
0.251	0.812128	-0.047288	1.98274	1.23133	6.10352	2.44141	8.66818e-08	0	0	0	0	0	0	0	0	
0.252	0.811988	-0.0476214	1.98225	1.23155	6.10306	2.44122	8.66728e-08	0	0	0	0	0	0	0	0	
0.253	0.811834	-0.0479601	1.98174	1.23178	6.10268	2.44107	8.66575e-08	0	0	0	0	0	0	0	0	
0.254	0.811669	-0.0483041	1.98124	1.23203	6.10236	2.44094	8.66351e-08	0	0	0	0	0	0	0	0	
0.255	0.811492	-0.0486538	1.98072	1.2323	6.10209	2.44084	8.66048e-08	0	0	0	0	0	0	0	0	
0.256	0.811306	-0.0490093	1.9802	1.23258	6.10187	2.44075	8.65663e-08	0	0	0	0	0	0	0	0	
0.257	0.811113	-0.0493706	1.97966	1.23287	6.10169	2.44068	8.65199e-08	0	0	0	0	0	0	0	0	
0.258	0.810913	-0.049738	1.97912	1.23318	6.10153	2.44061	8.64671e-08	0	0	0	0	0	0	0	0	
0.259	0.810708	-0.0501116	1.97857	1.23349	6.10138	2.44055	8.64095e-08	0	0	0	0	0	0	0	0	
0.26	0.810499	-0.0504914	1.97802	1.23381	6.10123	2.44049	8.63489e-08	0	0	0	0	0	0	0	0	
0.261	0.810288	-0.0508775	1.97745	1.23413	6.10108	2.44043	8.62866e-08	0	0	0	0	0	0	0	0	
0.262	0.810076	-0.05127	1.97688	1.23445	6.10091	2.44036	8.62223e-08	0	0	0	0	0	0	0	0	
0.263	0.809864	-0.051669	1.9763	1.23477	6.10071	2.44028	8.61543e-08	0	0	0	0	0	0	0	0	
0.264	0.809654	-0.0520744	1.97571	1.2351	6.10047	2.44019	8.60795e-08	0	0	0	0	0	0	0	0	
0.265	0.809445	-0.0524863	1.97511	1.23541	6.10019	2.44008	8.59942e-08	0	0	0	0	0	0	0	0	
0.266	0.80924	-0.0529047	1.9745	1.23573	6.09986	2.43995	8.58951e-08	0	0	0	0	0	0	0	0	
0.267	0.809039	-0.0533295	1.97389	1.23603	6.09948	2.43979	8.57808e-08	0	0	0	0	0	0	0	0	
0.268	0.808842	-0.0537609	1.97326	1.23634	6.09904	2.43962	8.56526e-08	0	0	0	0	0	0	0	0	
0.269	0.808649	-0.0541986	1.97263	1.23663	6.09854	2.43941	8.55155e-08	0	0	0	0	0	0	0	0	
0.27	0.808461	-0.0546427	1.97199	1.23692	6.09797	2.43919	8.53779e-08	0	0	0	0	0	0	0	0	
0.271	0.808276	-0.0550931	1.97134	1.2372	6.09736	2.43894	8.52513e-08	0	0	0	0	0	0	0	0	
0.272	0.808095	-0.0555497	1.97068	1.23748	6.09669	2.43867	8.51488e-08	0	0	0	0	0	0	0	0	
0.273	0.807916	-0.0560124	1.97001	1.23775	6.09597	2.43839	8.50837e-08	0	0	0	0	0	0	0	0	
0.274	0.807738	-0.0564811	1.96933	1.23802	6.09521	2.43809	8.50677e-08	0	0	0	0	0	0	0	0	
0.275	0.807561	-0.0569556	1.96865	1.2383	6.09443	2.43777	8.5109e-08	0	0	0	0	0	0	0	0	
0.276	0.807382	-0.0574358	1.96795	1.23857	6.09362	2.43745	8.52116e-08	0	0	0	0	0	0	0	0	
0.277	0.807201	-0.0579215	1.96725	1.23885	6.0928	2.43712	8.53744e-08	0	0	0	0	0	0	0	0	
0.278	0.807017	-0.0584124	1.96653	1.23913	6.09197	2.43679	8.55913e-08	0	0	0	0	0	0	0	0	
0.279	0.806829	-0.0589084	1.96581	1.23942	6.09115	2.43646	8.58518e-08	0	0	0	0	0	0	0	0	
0.28	0.806636	-0.0594092	1.96507	1.23972	6.09034	2.43614	8.61424e-08	0	0	0	0	0	0	0	0	
0.281	0.806436	-0.0599146	1.96433	1.24002	6.08954	2.43581	8.64473e-08	0	0	0	0	0	0	0	0	
0.282	0.806231	-0.0604241	1.96358	1.24034	6.08875	2.4355	8.67504e-08	0	0	0	0	0	0	0	0	
0.283	0.806019	-0.0609375	1.96281	1.24067	6.08799	2.4352	8.70363e-08	0	0	0	0	0	0	0	0	
0.284	0.805801	-0.0614543	1.96204	1.241	6.08724	2.4349	8.7291e-08	0	0	0	0	0	0	0	0	
0.285	0.805576	-0.0619744	1.96126	1.24135	6.08652	2.43461	8.75031e-08	0	0	0	0	0	0	0	0	
0.286	0.805345	-0.0624971	1.96047	1.2417	6.08582	2.43433	8.76638e-08	0	0	0	0	0	0	0	0	
0.287	0.805108	-0.0630221	1.95968	1.24207	6.08514	2.43406	8.77675e-08	0	0	0	0	0	0	0	0	
0.288	0.804865	-0.063549	1.95887	1.24245	6.08449	2.43379	8.78111e-08	0	0	0	0	0	0	0	0	
0.289	0.804616	-0.0640774	1.95807	1.24283	6.08385	2.43354	8.77944e-08	0	0	0	0	0	0	0	0	
0.29	0.804363	-0.0646067	1.95725	1.24322	6.08322	2.43329	8.77196e-08	0	0	0	0	0	0	0	0	
0.291	0.804107	-0.0651364	1.95643	1.24362	6.08262	2.43305	8.75907e-08	0	0	0	0	0	0	0	0	
0.292	0.803847	-0.0656662	1.95561	1.24402	6.08202	2.43281	8.74137e-08	0	0	0	0	0	0	0	0	
0.293	0.803585	-0.0661956	1.95478	1.24442	6.08143	2.43257	8.71957e-08	0	0	0	0	0	0	0	0	
0.294	0.803322	-0.0667241	1.95395	1.24483	6.08085	2.43234	8.69445e-08	0	0	0	0	0	0	0	0	
0.295	0.80306	-0.0672512	1.95313	1.24524	6.08027	2.43211	8.66685e-08	0	0	0	0	0	0	0	0	
0.296	0.802799	-0.0677765	1.9523	1.24564	6.07968	2.43187	8.63758e-08	0	0	0	0	0	0	0	0	
0.297	0.802541	-0.0682994	1.95148	1.24604	6.07908	2.43163	8.60745e-08	0	0	0	0	0	0	0	0	
0.298	0.802287	-0.0688196	1.95067	1.24644	6.07847	2.43139	8.57722e-08	0	0	0	0	0	0	0	0	
0.299	0.802039	-0.0693366	1.94986	1.24682	6.07783	2.43113	8.54755e-08	0	0	0	0	0	0	0	0	
0.3	0.801797	-0.0698498	1.94906	1.2472	6.07717	2.43087	8.5191e-08	0	0	0	0	0	0	0	0	
0.301	0.801564	-0.0703589	1.94827	1.24756	6.07648	2.43059	8.49242e-08	0	0	0	0	0	0	0	0	
0.302	0.801339	-0.0708632	1.9475	1.24791	6.07576	2.4303	8.46804e-08	0	0	0	0	0	0	0	0	
0.303	0.801125	-0.0713624	1.94674	1.24825	6.07501	2.43001	8.44639e-08	0	0	0	0	0	0	0	0	
0.304	0.80092	-0.0718558	1.94599	1.24856	6.07424	2.42969	8.42788e-08	0	0	0	0	0	0	0	0	
0.305	0.800725	-0.072343	1.94526	1.24887	6.07344	2.42937	8.41284e-08	0	0	0	0	0	0	0	0	
0.306	0.80054	-0.0728235	1.94455	1.24916	6.07261	2.42905	8.4015e-08	0	0	0	0	0	0	0	0	
0.307	0.800364	-0.0732966	1.94385	1.24943	6.07178	2.42871	8.39403e-08	0	0	0	0	0	0	0	0	
0.308	0.800197	-0.0737619	1.94318	1.24969	6.07094	2.42838	8.39048e-08	0	0	0	0	0	0	0	0	
0.309	0.800039	-0.0742189	1.94253	1.24994	6.0701	2.42804	8.39081e-08	0	0	0	0	0	0	0	0	
0.31	0.799887	-0.0746669	1.9419	1.25018	6.06928	2.42771	8.39489e-08	0	0	0	0	0	0	0	0	
0.311	0.799742	-0.0751055	1.94128	1.2504	6.06847	2.42739	8.40249e-08	0	0	0	0	0	0	0	0	
0.312	0.799602	-0.0755341	1.9407	1.25062	6.0677	2.42708	8.4133e-08	0	0	0	0	0	0	0	0	
0.313	0.799466	-0.0759524	1.94013	1.25084	6.06696	2.42678	8.42696e-08	0	0	0	0	0	0	0	0	
0.314	0.799333	-0.0763598	1.93958	1.25104	6.06626	2.4265	8.44308e-08	0	0	0	0	0	0	0	0	
0.315	0.799204	-0.0767559	1.93906	1.25125	6.06561	2.42624	8.46123e-08	0	0	0	0	0	0	0	0	
0.316	0.799076	-0.0771405	1.93856	1.25145	6.06501	2.426	8.48099e-08	0	0	0	0	0	0	0	0	
0.317	0.798949	-0.0775131	1.93808	1.25164	6.06446	2.42578	8.50191e-08	0	0	0	0	0	0	0	0	
0.318	0.798823	-0.0778736	1.93762	1.25184	6.06397	2.42559	8.52358e-08	0	0	0	0	0	0	0	0	
0.319	0.798698	-0.0782217	1.93718	1.25204	6.06354	2.42542	8.54557e-08	0	0	0	0	0	0	0	0	
0.32	0.798572	-0.0785574	1.93675	1.25223	6.06317	2.42527	8.56745e-08	0	0	0	0	0	0	0	0	
0.321	0.798447	-0.0788804	1.93635	1.25243	6.06286	2.42514	8.58876e-08	0	0	0	0	0	0	0	0	
0.322	0.798321	-0.0791908	1.93596	1.25263	6.0626	2.42504	8.60902e-08	0	0	0	0	0	0	0	0	
0.323	0.798196	-0.0794888	1.93559	1.25283	6.06239	2.42495	8.62773e-08	0	0	0	0	0	0	0	0	
0.324	0.79807	-0.0797743	1.93523	1.25302	6.06222	2.42489	8.64435e-08	0	0	0	0	0	0	0	0	
0.325	0.797946	-0.0800476	1.93489	1.25322	6.0621	2.42484	8.65836e-08	0	0	0	0	0	0	0	0	
0.326	0.797822	-0.0803088	1.93456	1.25341	6.06201	2.4248	8.66926e-08	0	0	0	0	0	0	0	0	
0.327	0.797701	-0.0805584	1.93425	1.2536	6.06195	2.42478	8.67663e-08	0	0	0	0	0	0	0	0	
0.328	0.797582	-0.0807967	1.93394	1.25379	6.0619	2.42476	8.68019e-08	0	0	0	0	0	0	0	0	
0.329	0.797467	-0.081024	1.93365	1.25397	6.06185	2.42474	8.67981e-08	0	0	0	0	0	0	0	0	
0.33	0.797357	-0.0812408	1.93337	1.25414	6.0618	2.42472	8.67556e-08	0	0	0	0	0	0	0	0	
0.331	0.797253	-0.0814475	1.9331	1.25431	6.06174	2.42469	8.66776e-08	0	0	0	0	0	0	0	0	
0.332	0.797157	-0.0816447	1.93283	1.25446	6.06164	2.42466	8.6569e-08	0	0	0	0	0	0	0	0	
0.333	0.797068	-0.0818329	1.93258	1.2546	6.06152	2.42461	8.6437e-08	0	0	0	0	0	0	0	0	
0.334	0.796989	-0.0820127	1.93233	1.25472	6.06134	2.42454	8.62899e-08	0	0	0	0	0	0	0	0	
0.335	0.796919	-0.0821845	1.93209	1.25483	6.06112	2.42445	8.61368e-08	0	0	0	0	0	0	0	0	
0.336	0.796859	-0.0823492	1.93186	1.25493	6.06085	2.42434	8.59867e-08	0	0	0	0	0	0	0	0	
0.337	0.796809	-0.0825072	1.93163	1.25501	6.06052	2.42421	8.58473e-08	0	0	0	0	0	0	0	0	
0.338	0.796769	-0.0826591	1.93141	1.25507	6.06014	2.42406	8.57252e-08	0	0	0	0	0	0	0	0	
0.339	0.796738	-0.0828057	1.9312	1.25512	6.05971	2.42388	8.56242e-08	0	0	0	0	0	0	0	0	
0.34	0.796715	-0.0829475	1.931	1.25515	6.05924	2.4237	8.55458e-08	0	0	0	0	0	0	0	0	
0.341	0.7967	-0.0830852	1.9308	1.25518	6.05874	2.42349	8.54889e-08	0	0	0	0	0	0	0	0	
0.342	0.796691	-0.0832193	1.93061	1.25519	6.05821	2.42328	8.54499e-08	0	0	0	0	0	0	0	0	
0.343	0.796686	-0.0833504	1.93043	1.2552	6.05767	2.42307	8.54233e-08	0	0	0	0	0	0	0	0	
0.344	0.796685	-0.0834791	1.93025	1.2552	6.05714	2.42286	8.54024e-08	0	0	0	0	0	0	0	0	
0.345	0.796685	-0.0836056	1.93009	1.2552	6.05662	2.42265	8.53803e-08	0	0	0	0	0	0	0	0	
0.346	0.796687	-0.0837305	1.92993	1.2552	6.05612	2.42245	8.53504e-08	0	0	0	0	0	0	0	0	
0.347	0.796687	-0.0838541	1.92978	1.2552	6.05565	2.42226	8.53074e-08	0	0	0	0	0	0	0	0	
0.348	0.796686	-0.0839766	1.92965	1.2552	6.05523	2.42209	8.52476e-08	0	0	0	0	0	0	0	0	
0.349	0.796682	-0.0840982	1.92952	1.25521	6.05487	2.42195	8.51698e-08	0	0	0	0	0	0	0	0	
0.35	0.796675	-0.084219	1.92941	1.25522	6.05456	2.42182	8.50752e-08	0	0	0	0	0	0	0	0	
0.351	0.796664	-0.0843389	1.9293	1.25523	6.05431	2.42173	8.4967e-08	0	0	0	0	0	0	0	0	
0.352	0.796649	-0.0844579	1.92921	1.25526	6.05413	2.42165	8.48506e-08	0	0	0	0	0	0	0	0	
0.353	0.796631	-0.0845758	1.92913	1.25529	6.05402	2.42161	8.4733e-08	0	0	0	0	0	0	0	0	
0.354	0.796609	-0.0846922	1.92906	1.25532	6.05397	2.42159	8.46219e-08	0	0	0	0	0	0	0	0	
0.355	0.796583	-0.0848068	1.929	1.25536	6.05399	2.4216	8.45254e-08	0	0	0	0	0	0	0	0	
0.356	0.796555	-0.084919	1.92896	1.25541	6.05407	2.42163	8.4451e-08	0	0	0	0	0	0	0	0	
0.357	0.796525	-0.0850282	1.92893	1.25545	6.0542	2.42168	8.44053e-08	0	0	0	0	0	0	0	0	
0.358	0.796494	-0.0851339	1.92891	1.2555	6.05438	2.42175	8.43934e-08	0	0	0	0	0	0	0	0	
0.359	0.796464	-0.0852352	1.92891	1.25555	6.0546	2.42184	8.44183e-08	0	0	0	0	0	0	0	0	
0.36	0.796434	-0.0853313	1.92892	1.2556	6.05485	2.42194	8.44811e-08	0	0	0	0	0	0	0	0	
0.361	0.796408	-0.0854215	1.92894	1.25564	6.05512	2.42205	8.45806e-08	0	0	0	0	0	0	0	0	
0.362	0.796386	-0.0855048	1.92897	1.25567	6.0554	2.42216	8.47137e-08	0	0	0	0	0	0	0	0	
0.363	0.79637	-0.0855803	1.92902	1.2557	6.05568	2.42227	8.48755e-08	0	0	0	0	0	0	0	0	
0.364	0.796361	-0.0856472	1.92909	1.25571	6.05595	2.42238	8.50598e-08	0	0	0	0	0	0	0	0	
0.365	0.79636	-0.0857045	1.92916	1.25571	6.05619	2.42248	8.52591e-08	0	0	0	0	0	0	0	0	
0.366	0.79637	-0.0857513	1.92926	1.2557	6.0564	2.42256	8.54657e-08	0	0	0	0	0	0	0	0	
0.367	0.796392	-0.0857867	1.92936	1.25566	6.05657	2.42263	8.56717e-08	0	0	0	0	0	0	0	0	
0.368	0.796425	-0.0858099	1.92948	1.25561	6.0567	2.42268	8.58696e-08	0	0	0	0	0	0	0	0	
0.369	0.796471	-0.0858201	1.92962	1.25554	6.05677	2.42271	8.60522e-08	0	0	0	0	0	0	0	0	
0.37	0.796531	-0.0858167	1.92977	1.25544	6.05679	2.42272	8.62135e-08	0	0	0	0	0	0	0	0	
0.371	0.796604	-0.0857988	1.92994	1.25533	6.05676	2.4227	8.63484e-08	0	0	0	0	0	0	0	0	
0.372	0.79669	-0.0857661	1.93012	1.25519	6.05668	2.42267	8.64528e-08	0	0	0	0	0	0	0	0	
0.373	0.796789	-0.0857179	1.93032	1.25504	6.05656	2.42263	8.65237e-08	0	0	0	0	0	0	0	0	
0.374	0.796899	-0.0856539	1.93054	1.25486	6.05641	2.42256	8.6559e-08	0	0	0	0	0	0	0	0	
0.375	0.79702	-0.0855735	1.93078	1.25467	6.05623	2.42249	8.65578e-08	0	0	0	0	0	0	0	0	
0.376	0.797151	-0.0854764	1.93103	1.25447	6.05604	2.42242	8.65198e-08	0	0	0	0	0	0	0	0	
0.377	0.797289	-0.0853624	1.93131	1.25425	6.05585	2.42234	8.64458e-08	0	0	0	0	0	0	0	0	
0.378	0.797434	-0.0852312	1.9316	1.25402	6.05567	2.42227	8.6337e-08	0	0	0	0	0	0	0	0	
0.379	0.797584	-0.0850826	1.93191	1.25379	6.05551	2.42221	8.61955e-08	0	0	0	0	0	0	0	0	
0.38	0.797737	-0.0849168	1.93224	1.25355	6.0554	2.42216	8.60239e-08	0	0	0	0	0	0	0	0	
0.381	0.797892	-0.0847338	1.9326	1.2533	6.05533	2.42213	8.58253e-08	0	0	0	0	0	0	0	0	
0.382	0.798048	-0.0845338	1.93297	1.25306	6.05532	2.42213	8.56033e-08	0	0	0	0	0	0	0	0	
0.383	0.798203	-0.0843172	1.93337	1.25281	6.05537	2.42215	8.53614e-08	0	0	0	0	0	0	0	0	
0.384	0.798357	-0.0840844	1.93378	1.25257	6.0555	2.4222	8.51036e-08	0	0	0	0	0	0	0	0	
0.385	0.79851	-0.0838362	1.93422	1.25233	6.05572	2.42229	8.48336e-08	0	0	0	0	0	0	0	0	
0.386	0.798661	-0.0835731	1.93468	1.2521	6.05602	2.42241	8.45552e-08	0	0	0	0	0	0	0	0	
0.387	0.798809	-0.0832959	1.93516	1.25186	6.0564	2.42256	8.42718e-08	0	0	0	0	0	0	0	0	
0.388	0.798955	-0.0830054	1.93567	1.25163	6.05687	2.42275	8.39866e-08	0	0	0	0	0	0	0	0	
0.389	0.7991	-0.0827026	1.9362	1.25141	6.05743	2.42297	8.37028e-08	0	0	0	0	0	0	0	0	
0.39	0.799243	-0.0823882	1.93675	1.25118	6.05806	2.42323	8.34231e-08	0	0	0	0	0	0	0	0	
0.391	0.799386	-0.0820633	1.93732	1.25096	6.05878	2.42351	8.31504e-08	0	0	0	0	0	0	0	0	
0.392	0.799529	-0.0817289	1.93792	1.25074	6.05956	2.42382	8.28875e-08	0	0	0	0	0	0	0	0	
0.393	0.799673	-0.0813861	1.93854	1.25051	6.0604	2.42416	8.26372e-08	0	0	0	0	0	0	0	0	
0.394	0.79982	-0.0810358	1.93918	1.25028	6.06129	2.42452	8.24026e-08	0	0	0	0	0	0	0	0	
0.395	0.799972	-0.0806791	1.93984	1.25004	6.06223	2.42489	8.21869e-08	0	0	0	0	0	0	0	0	
0.396	0.800128	-0.0803169	1.94053	1.2498	6.06319	2.42528	8.19933e-08	0	0	0	0	0	0	0	0	
0.397	0.800291	-0.0799501	1.94124	1.24955	6.06417	2.42567	8.18253e-08	0	0	0	0	0	0	0	0	
0.398	0.800462	-0.0795795	1.94197	1.24928	6.06516	2.42607	8.16859e-08	0	0	0	0	0	0	0	0	
0.399	0.800642	-0.0792056	1.94273	1.249	6.06615	2.42646	8.1578e-08	0	0	0	0	0	0	0	0	
0.4	0.800833	-0.0788291	1.9435	1.2487	6.06713	2.42685	8.1504e-08	0	0	0	0	0	0	0	0	
0.401	0.801035	-0.0784503	1.9443	1.24839	6.06808	2.42723	8.14654e-08	0	0	0	0	0	0	0	0	
0.402	0.801248	-0.0780697	1.94511	1.24805	6.069	2.4276	8.14628e-08	0	0	0	0	0	0	0	0	
0.403	0.801474	-0.0776872	1.94594	1.2477	6.06988	2.42795	8.1496e-08	0	0	0	0	0	0	0	0	
0.404	0.801713	-0.077303	1.94679	1.24733	6.07073	2.42829	8.15637e-08	0	0	0	0	0	0	0	0	
0.405	0.801964	-0.0769168	1.94766	1.24694	6.07153	2.42861	8.16636e-08	0	0	0	0	0	0	0	0	
0.406	0.802228	-0.0765281	1.94855	1.24653	6.0723	2.42892	8.17927e-08	0	0	0	0	0	0	0	0	
0.407	0.802503	-0.0761363	1.94945	1.2461	6.07302	2.42921	8.19472e-08	0	0	0	0	0	0	0	0	
0.408	0.802788	-0.0757402	1.95036	1.24566	6.07371	2.42948	8.21229e-08	0	0	0	0	0	0	0	0	
0.409	0.803083	-0.075339	1.95129	1.2452	6.07437	2.42975	8.23155e-08	0	0	0	0	0	0	0	0	
0.41	0.803386	-0.0749312	1.95223	1.24473	6.075	2.43	8.25204e-08	0	0	0	0	0	0	0	0	
0.411	0.803695	-0.0745155	1.95318	1.24425	6.07562	2.43025	8.27333e-08	0	0	0	0	0	0	0	0	
0.412	0.80401	-0.0740906	1.95414	1.24377	6.07623	2.43049	8.29501e-08	0	0	0	0	0	0	0	0	
0.413	0.804329	-0.0736552	1.95512	1.24327	6.07685	2.43074	8.3167e-08	0	0	0	0	0	0	0	0	
0.414	0.804652	-0.073208	1.9561	1.24277	6.07749	2.43099	8.33806e-08	0	0	0	0	0	0	0	0	
0.415	0.804976	-0.0727477	1.9571	1.24227	6.07814	2.43126	8.3588e-08	0	0	0	0	0	0	0	0	
0.416	0.805303	-0.0722732	1.95812	1.24177	6.07883	2.43153	8.37866e-08	0	0	0	0	0	0	0	0	
0.417	0.80563	-0.0717831	1.95915	1.24126	6.07957	2.43183	8.39742e-08	0	0	0	0	0	0	0	0	
0.418	0.805959	-0.0712759	1.9602	1.24076	6.08035	2.43214	8.41493e-08	0	0	0	0	0	0	0	0	
0.419	0.806288	-0.0707501	1.96128	1.24025	6.08119	2.43248	8.43106e-08	0	0	0	0	0	0	0	0	
0.42	0.806618	-0.0702041	1.96237	1.23974	6.08209	2.43283	8.44573e-08	0	0	0	0	0	0	0	0	
0.421	0.806949	-0.0696362	1.96348	1.23924	6.08305	2.43322	8.45893e-08	0	0	0	0	0	0	0	0	
0.422	0.807281	-0.0690451	1.96463	1.23873	6.08408	2.43363	8.47067e-08	0	0	0	0	0	0	0	0	
0.423	0.807617	-0.0684294	1.9658	1.23821	6.08517	2.43407	8.48101e-08	0	0	0	0	0	0	0	0	
0.424	0.807957	-0.0677879	1.967	1.23769	6.08634	2.43453	8.49005e-08	0	0	0	0	0	0	0	0	
0.425	0.808302	-0.0671196	1.96824	1.23716	6.08757	2.43503	8.49792e-08	0	0	0	0	0	0	0	0	
0.426	0.808653	-0.0664231	1.96951	1.23662	6.08886	2.43554	8.50476e-08	0	0	0	0	0	0	0	0	
0.427	0.809013	-0.0656973	1.97083	1.23607	6.09022	2.43609	8.51073e-08	0	0	0	0	0	0	0	0	
0.428	0.809383	-0.0649409	1.97218	1.23551	6.09163	2.43665	8.51595e-08	0	0	0	0	0	0	0	0	
0.429	0.809765	-0.0641527	1.97359	1.23493	6.09309	2.43723	8.52058e-08	0	0	0	0	0	0	0	0	
0.43	0.810159	-0.0633319	1.97504	1.23433	6.09459	2.43784	8.52472e-08	0	0	0	0	0	0	0	0	
0.431	0.810569	-0.0624777	1.97654	1.2337	6.09614	2.43846	8.52847e-08	0	0	0	0	0	0	0	0	
0.432	0.810996	-0.0615895	1.97809	1.23305	6.09772	2.43909	8.53189e-08	0	0	0	0	0	0	0	0	
0.433	0.811441	-0.0606671	1.9797	1.23237	6.09933	2.43973	8.53504e-08	0	0	0	0	0	0	0	0	
0.434	0.811907	-0.0597099	1.98137	1.23167	6.10097	2.44039	8.53794e-08	0	0	0	0	0	0	0	0	
0.435	0.812393	-0.0587177	1.98309	1.23093	6.10263	2.44105	8.54063e-08	0	0	0	0	0	0	0	0	
0.436	0.812903	-0.0576907	1.98488	1.23016	6.10431	2.44172	8.5431e-08	0	0	0	0	0	0	0	0	
0.437	0.813436	-0.0566292	1.98674	1.22935	6.106	2.4424	8.54537e-08	0	0	0	0	0	0	0	0	
0.438	0.813993	-0.0555339	1.98866	1.22851	6.10772	2.44309	8.54744e-08	0	0	0	0	0	0	0	0	
0.439	0.814577	-0.0544058	1.99065	1.22763	6.10945	2.44378	8.54931e-08	0	0	0	0	0	0	0	0	
0.44	0.815186	-0.0532457	1.99271	1.22671	6.11121	2.44448	8.55098e-08	0	0	0	0	0	0	0	0	
0.441	0.815822	-0.0520544	1.99484	1.22576	6.11299	2.4452	8.55244e-08	0	0	0	0	0	0	0	0	
0.442	0.816483	-0.0508324	1.99705	1.22477	6.1148	2.44592	8.55367e-08	0	0	0	0	0	0	0	0	
0.443	0.817169	-0.0495798	1.99933	1.22374	6.11664	2.44666	8.55464e-08	0	0	0	0	0	0	0	0	
0.444	0.817878	-0.0482965	2.00168	1.22268	6.11852	2.44741	8.55533e-08	0	0	0	0	0	0	0	0	
0.445	0.81861	-0.0469827	2.0041	1.22158	6.12045	2.44818	8.55568e-08	0	0	0	0	0	0	0	0	
0.446	0.819364	-0.0456385	2.00659	1.22046	6.12242	2.44897	8.55563e-08	0	0	0	0	0	0	0	0	
0.447	0.820137	-0.0442649	2.00915	1.21931	6.12444	2.44978	8.55512e-08	0	0	0	0	0	0	0	0	
0.448	0.82093	-0.0428634	2.01178	1.21813	6.12653	2.45061	8.55407e-08	0	0	0	0	0	0	0	0	
0.449	0.821742	-0.0414355	2.01448	1.21693	6.12868	2.45147	8.55241e-08	0	0	0	0	0	0	0	0	
0.45	0.822572	-0.039983	2.01724	1.2157	6.13091	2.45236	8.55008e-08	0	0	0	0	0	0	0	0	
0.451	0.823419	-0.0385072	2.02008	1.21445	6.13321	2.45328	8.547e-08	0	0	0	0	0	0	0	0	
0.452	0.824282	-0.0370085	2.02298	1.21318	6.13559	2.45424	8.54311e-08	0	0	0	0	0	0	0	0	
0.453	0.825158	-0.0354865	2.02594	1.21189	6.13805	2.45522	8.53839e-08	0	0	0	0	0	0	0	0	
0.454	0.826045	-0.0339391	2.02896	1.21059	6.14059	2.45623	8.53279e-08	0	0	0	0	0	0	0	0	
0.455	0.826941	-0.032364	2.03202	1.20928	6.14319	2.45728	8.52631e-08	0	0	0	0	0	0	0	0	
0.456	0.827845	-0.0307603	2.03513	1.20796	6.14586	2.45834	8.51896e-08	0	0	0	0	0	0	0	0	
0.457	0.828756	-0.029129	2.03827	1.20663	6.14859	2.45944	8.51077e-08	0	0	0	0	0	0	0	0	
0.458	0.829674	-0.0274728	2.04146	1.20529	6.15138	2.46055	8.50179e-08	0	0	0	0	0	0	0	0	
0.459	0.830601	-0.0257943	2.04468	1.20395	6.15423	2.46169	8.49212e-08	0	0	0	0	0	0	0	0	
0.46	0.831536	-0.0240948	2.04795	1.20259	6.15714	2.46285	8.48184e-08	0	0	0	0	0	0	0	0	
0.461	0.832478	-0.0223755	2.05126	1.20123	6.16009	2.46404	8.47109e-08	0	0	0	0	0	0	0	0	
0.462	0.83343	-0.0206389	2.0546	1.19986	6.16309	2.46524	8.46001e-08	0	0	0	0	0	0	0	0	
0.463	0.83439	-0.0188871	2.05798	1.19848	6.16613	2.46645	8.44876e-08	0	0	0	0	0	0	0	0	
0.464	0.835357	-0.0171179	2.06139	1.19709	6.16918	2.46767	8.43751e-08	0	0	0	0	0	0	0	0	
0.465	0.836325	-0.0153235	2.0648	1.19571	6.17224	2.4689	8.42641e-08	0	0	0	0	0	0	0	0	
0.466	0.837293	-0.0135	2.06821	1.19432	6.17529	2.47012	8.41562e-08	0	0	0	0	0	0	0	0	
0.467	0.838265	-0.0116549	2.07163	1.19294	6.17834	2.47134	8.40525e-08	0	0	0	0	0	0	0	0	
0.468	0.839241	-0.00979667	2.07507	1.19155	6.18138	2.47255	8.3954e-08	0	0	0	0	0	0	0	0	
0.469	0.840229	-0.00793011	2.07853	1.19015	6.18442	2.47377	8.38613e-08	0	0	0	0	0	0	0	0	
0.47	0.841222	-0.00606188	2.08201	1.18875	6.18745	2.47498	8.37743e-08	0	0	0	0	0	0	0	0	
0.471	0.84221	-0.0041579	2.08546	1.18735	6.19044	2.47618	8.36927e-08	0	0	0	0	0	0	0	0	
0.472	0.843252	-0.00227822	2.08909	1.18589	6.19355	2.47742	8.36159e-08	0	0	0	0	0	0	0	0	
0.473	0.844232	-0.000699274	2.0925	1.18451	6.19644	2.47858	8.35427e-08	0	0	0	0	0	0	0	0	
0.474	0.845441	0.00239091	2.09669	1.18281	6.19998	2.47999	8.34719e-08	0	0	0	0	0	0	0	0	
0.475	0.847064	0.00554872	2.10231	1.18055	6.20469	2.48188	8.34023e-08	0	0	0	0	0	0	0	0	
0.476	0.848723	0.00863656	2.10805	1.17824	6.20948	2.48379	8.33325e-08	0	0	0	0	0	0	0	0	
0.477	0.850332	0.0116346	2.11362	1.17601	6.21409	2.48564	8.32615e-08	0	0	0	0	0	0	0	0	
0.478	0.851909	0.0145711	2.11907	1.17383	6.2186	2.48744	8.31885e-08	0	0	0	0	0	0	0	0	
0.479	0.85346	0.0174558	2.12443	1.1717	6.223	2.4892	8.31131e-08	0	0	0	0	0	0	0	0	
0.48	0.854988	0.0202963	2.12972	1.16961	6.22733	2.49093	8.30354e-08	0	0	0	0	0	0	0	0	
0.481	0.856497	0.0230991	2.13494	1.16755	6.2316	2.49264	8.29557e-08	0	0	0	0	0	0	0	0	
0.482	0.857991	0.025869	2.14011	1.16551	6.23583	2.49433	8.28748e-08	0	0	0	0	0	0	0	0	
0.483	0.859472	0.02861	2.14525	1.1635	6.24002	2.49601	8.27939e-08	0	0	0	0	0	0	0	0	
0.484	0.860943	0.0313252	2.15036	1.16152	6.24419	2.49767	8.27141e-08	0	0	0	0	0	0	0	0	
0.485	0.862405	0.0340175	2.15544	1.15955	6.24834	2.49934	8.2637e-08	0	0	0	0	0	0	0	0	
0.486	0.863859	0.0366889	2.16051	1.1576	6.25249	2.501	8.25638e-08	0	0	0	0	0	0	0	0	
0.487	0.865309	0.0393413	2.16557	1.15566	6.25664	2.50266	8.24959e-08	0	0	0	0	0	0	0	0	
0.488	0.866754	0.0419763	2.17063	1.15373	6.2608	2.50432	8.24344e-08	0	0	0	0	0	0	0	0	
0.489	0.868197	0.0445952	2.17569	1.15181	6.26496	2.50599	8.23802e-08	0	0	0	0	0	0	0	0	
0.49	0.869639	0.0471992	2.18076	1.1499	6.26915	2.50766	8.23341e-08	0	0	0	0	0	0	0	0	
0.491	0.871081	0.0497895	2.18584	1.148	6.27335	2.50934	8.22965e-08	0	0	0	0	0	0	0	0	
0.492	0.872523	0.0523672	2.19093	1.1461	6.27756	2.51102	8.22677e-08	0	0	0	0	0	0	0	0	
0.493	0.873966	0.0549333	2.19603	1.14421	6.2818	2.51272	8.22476e-08	0	0	0	0	0	0	0	0	
0.494	0.875412	0.057489	2.20115	1.14232	6.28605	2.51442	8.22364e-08	0	0	0	0	0	0	0	0	
0.495	0.876861	0.0600355	2.20629	1.14043	6.29032	2.51613	8.22339e-08	0	0	0	0	0	0	0	0	
0.496	0.878313	0.0625742	2.21145	1.13855	6.2946	2.51784	8.22399e-08	0	0	0	0	0	0	0	0	
0.497	0.879768	0.0651063	2.21663	1.13666	6.2989	2.51956	8.22542e-08	0	0	0	0	0	0	0	0	
0.498	0.881227	0.0676332	2.22183	1.13478	6.30321	2.52128	8.22767e-08	0	0	0	0	0	0	0	0	
0.499	0.882691	0.0701563	2.22704	1.1329	6.30753	2.52301	8.23073e-08	0	0	0	0	0	0	0	0	
0.5	0.884158	0.0726772	2.23227	1.13102	6.31185	2.52474	8.23456e-08	0	0	0	0	0	0	0	0	
0.501	0.885629	0.0751972	2.23752	1.12914	6.31618	2.52647	8.23915e-08	0	0	0	0	0	0	0	0	
0.502	0.887105	0.0777177	2.24278	1.12726	6.3205	2.5282	8.24446e-08	0	0	0	0	0	0	0	0	
0.503	0.888583	0.0802401	2.24805	1.12539	6.32483	2.52993	8.25045e-08	0	0	0	0	0	0	0	0	
0.504	0.890066	0.0827656	2.25334	1.12351	6.32915	2.53166	8.25705e-08	0	0	0	0	0	0	0	0	
0.505	0.891551	0.0852954	2.25864	1.12164	6.33346	2.53338	8.2642e-08	0	0	0	0	0	0	0	0	
0.506	0.89304	0.0878306	2.26395	1.11977	6.33777	2.53511	8.27182e-08	0	0	0	0	0	0	0	0	
0.507	0.894531	0.090372	2.26927	1.1179	6.34206	2.53683	8.27983e-08	0	0	0	0	0	0	0	0	
0.508	0.896025	0.0929204	2.2746	1.11604	6.34635	2.53854	8.28815e-08	0	0	0	0	0	0	0	0	
0.509	0.897521	0.0954765	2.27993	1.11418	6.35063	2.54025	8.2967e-08	0	0	0	0	0	0	0	0	
0.51	0.899019	0.0980407	2.28527	1.11232	6.3549	2.54196	8.30543e-08	0	0	0	0	0	0	0	0	
0.511	0.90052	0.100613	2.29062	1.11047	6.35916	2.54366	8.31428e-08	0	0	0	0	0	0	0	0	
0.512	0.902022	0.103195	2.29597	1.10862	6.36341	2.54536	8.32322e-08	0	0	0	0	0	0	0	0	
0.513	0.903526	0.105786	2.30134	1.10678	6.36765	2.54706	8.33223e-08	0	0	0	0	0	0	0	0	
0.514	0.905031	0.108385	2.3067	1.10493	6.37189	2.54876	8.34133e-08	0	0	0	0	0	0	0	0	
0.515	0.906539	0.110994	2.31208	1.1031	6.37612	2.55045	8.35051e-08	0	0	0	0	0	0	0	0	
0.516	0.908047	0.113612	2.31746	1.10126	6.38035	2.55214	8.35979e-08	0	0	0	0	0	0	0	0	
0.517	0.909557	0.116239	2.32286	1.09944	6.38458	2.55383	8.36918e-08	0	0	0	0	0	0	0	0	
0.518	0.911068	0.118875	2.32825	1.09761	6.38881	2.55552	8.37869e-08	0	0	0	0	0	0	0	0	
0.519	0.91258	0.121519	2.33366	1.09579	6.39304	2.55722	8.3883e-08	0	0	0	0	0	0	0	0	
0.52	0.914093	0.124173	2.33908	1.09398	6.39727	2.55891	8.398e-08	0	0	0	0	0	0	0	0	
0.521	0.915608	0.126834	2.34451	1.09217	6.40151	2.5606	8.40774e-08	0	0	0	0	0	0	0	0	
0.522	0.917123	0.129504	2.34995	1.09037	6.40576	2.5623	8.41747e-08	0	0	0	0	0	0	0	0	
0.523	0.918641	0.132181	2.3554	1.08856	6.41001	2.564	8.4271e-08	0	0	0	0	0	0	0	0	
0.524	0.92016	0.134866	2.36086	1.08677	6.41427	2.56571	8.43658e-08	0	0	0	0	0	0	0	0	
0.525	0.921682	0.137557	2.36634	1.08497	6.41854	2.56741	8.44579e-08	0	0	0	0	0	0	0	0	
0.526	0.923206	0.140254	2.37183	1.08318	6.42281	2.56913	8.45467e-08	0	0	0	0	0	0	0	0	
0.527	0.924734	0.142956	2.37734	1.08139	6.4271	2.57084	8.46312e-08	0	0	0	0	0	0	0	0	
0.528	0.926266	0.145662	2.38287	1.0796	6.43139	2.57256	8.47106e-08	0	0	0	0	0	0	0	0	
0.529	0.927804	0.148371	2.38843	1.07781	6.4357	2.57428	8.47842e-08	0	0	0	0	0	0	0	0	
0.53	0.929348	0.151082	2.394	1.07602	6.44001	2.576	8.48514e-08	0	0	0	0	0	0	0	0	
0.531	0.930899	0.153793	2.39961	1.07423	6.44433	2.57773	8.49114e-08	0	0	0	0	0	0	0	0	
0.532	0.932458	0.156504	2.40524	1.07243	6.44866	2.57946	8.4964e-08	0	0	0	0	0	0	0	0	
0.533	0.934027	0.159213	2.41091	1.07063	6.453	2.5812	8.50084e-08	0	0	0	0	0	0	0	0	
0.534	0.935605	0.161919	2.41661	1.06883	6.45734	2.58294	8.50443e-08	0	0	0	0	0	0	0	0	
0.535	0.937195	0.164622	2.42235	1.06701	6.4617	2.58468	8.50712e-08	0	0	0	0	0	0	0	0	
0.536	0.938796	0.167319	2.42813	1.06519	6.46607	2.58643	8.50886e-08	0	0	0	0	0	0	0	0	
0.537	0.940409	0.170012	2.43395	1.06337	6.47045	2.58818	8.50959e-08	0	0	0	0	0	0	0	0	
0.538	0.942033	0.1727	2.43981	1.06153	6.47485	2.58994	8.50926e-08	0	0	0	0	0	0	0	0	
0.539	0.943668	0.175383	2.44571	1.05969	6.47926	2.5917	8.5078e-08	0	0	0	0	0	0	0	0	
0.54	0.945315	0.178061	2.45165	1.05785	6.48368	2.59347	8.50515e-08	0	0	0	0	0	0	0	0	
0.541	0.946971	0.180735	2.45763	1.056	6.48813	2.59525	8.50125e-08	0	0	0	0	0	0	0	0	
0.542	0.948636	0.183406	2.46365	1.05414	6.4926	2.59704	8.49605e-08	0	0	0	0	0	0	0	0	
0.543	0.95031	0.186075	2.4697	1.05229	6.49709	2.59884	8.48952e-08	0	0	0	0	0	0	0	0	
0.544	0.951989	0.188744	2.47578	1.05043	6.5016	2.60064	8.48164e-08	0	0	0	0	0	0	0	0	
0.545	0.953674	0.191414	2.48189	1.04858	6.50614	2.60246	8.47244e-08	0	0	0	0	0	0	0	0	
0.546	0.955362	0.194088	2.48803	1.04672	6.5107	2.60428	8.46196e-08	0	0	0	0	0	0	0	0	
0.547	0.957052	0.196766	2.49419	1.04488	6.51529	2.60612	8.45031e-08	0	0	0	0	0	0	0	0	
0.548	0.958743	0.19945	2.50036	1.04303	6.51991	2.60796	8.4376e-08	0	0	0	0	0	0	0	0	
0.549	0.960433	0.202141	2.50656	1.0412	6.52455	2.60982	8.424e-08	0	0	0	0	0	0	0	0	
0.55	0.962122	0.204841	2.51276	1.03937	6.52921	2.61169	8.40969e-08	0	0	0	0	0	0	0	0	
0.551	0.96381	0.207551	2.51898	1.03755	6.5339	2.61356	8.39487e-08	0	0	0	0	0	0	0	0	
0.552	0.965495	0.210271	2.5252	1.03574	6.53861	2.61544	8.37977e-08	0	0	0	0	0	0	0	0	
0.553	0.967178	0.213003	2.53143	1.03394	6.54334	2.61734	8.3646e-08	0	0	0	0	0	0	0	0	
0.554	0.968858	0.215746	2.53767	1.03214	6.54808	2.61923	8.34953e-08	0	0	0	0	0	0	0	0	
0.555	0.970537	0.2185	2.54391	1.03036	6.55283	2.62113	8.33476e-08	0	0	0	0	0	0	0	0	
0.556	0.972215	0.221266	2.55016	1.02858	6.55759	2.62304	8.32041e-08	0	0	0	0	0	0	0	0	
0.557	0.973893	0.224044	2.55641	1.02681	6.56235	2.62494	8.30662e-08	0	0	0	0	0	0	0	0	
0.558	0.975571	0.226833	2.56267	1.02504	6.5671	2.62684	8.29344e-08	0	0	0	0	0	0	0	0	
0.559	0.97725	0.229633	2.56894	1.02328	6.57185	2.62874	8.28094e-08	0	0	0	0	0	0	0	0	
0.56	0.978933	0.232443	2.57521	1.02152	6.57658	2.63063	8.26914e-08	0	0	0	0	0	0	0	0	
0.561	0.980618	0.235265	2.58149	1.01976	6.58129	2.63251	8.25803e-08	0	0	0	0	0	0	0	0	
0.562	0.982309	0.238096	2.58778	1.01801	6.58597	2.63439	8.2476e-08	0	0	0	0	0	0	0	0	
0.563	0.984004	0.240937	2.59408	1.01626	6.59063	2.63625	8.23784e-08	0	0	0	0	0	0	0	0	
0.564	0.985704	0.243788	2.60039	1.0145	6.59526	2.63811	8.22869e-08	0	0	0	0	0	0	0	0	
0.565	0.987411	0.246648	2.60671	1.01275	6.59987	2.63995	8.22014e-08	0	0	0	0	0	0	0	0	
0.566	0.989123	0.249517	2.61304	1.011	6.60444	2.64178	8.21216e-08	0	0	0	0	0	0	0	0	
0.567	0.990841	0.252395	2.61938	1.00924	6.60899	2.6436	8.20473e-08	0	0	0	0	0	0	0	0	
0.568	0.992564	0.255281	2.62574	1.00749	6.61352	2.64541	8.19785e-08	0	0	0	0	0	0	0	0	
0.569	0.994293	0.258175	2.6321	1.00574	6.61803	2.64721	8.19156e-08	0	0	0	0	0	0	0	0	
0.57	0.996027	0.261076	2.63849	1.00399	6.62253	2.64901	8.18588e-08	0	0	0	0	0	0	0	0	
0.571	0.997765	0.263982	2.64489	1.00224	6.62703	2.65081	8.18087e-08	0	0	0	0	0	0	0	0	
0.572	0.999507	0.266894	2.65131	1.00049	6.63154	2.65262	8.17664e-08	0	0	0	0	0	0	0	0	
0.573	1.00125	0.269808	2.65776	0.998747	6.63607	2.65443	8.17325e-08	0	0	0	0	0	0	0	0	
0.574	1.003	0.272724	2.66423	0.997004	6.64062	2.65625	8.17082e-08	0	0	0	0	0	0	0	0	
0.575	1.00476	0.27564	2.67073	0.995263	6.6452	2.65808	8.16943e-08	0	0	0	0	0	0	0	0	
0.576	1.00652	0.278553	2.67727	0.993523	6.64983	2.65993	8.16916e-08	0	0	0	0	0	0	0	0	
0.577	1.00828	0.281463	2.68386	0.991784	6.65451	2.66181	8.17005e-08	0	0	0	0	0	0	0	0	
0.578	1.01005	0.284368	2.69048	0.990047	6.65925	2.6637	8.1721e-08	0	0	0	0	0	0	0	0	
0.579	1.01183	0.287265	2.69715	0.988309	6.66406	2.66562	8.17527e-08	0	0	0	0	0	0	0	0	
0.58	1.01361	0.290154	2.70388	0.986571	6.66892	2.66757	8.17947e-08	0	0	0	0	0	0	0	0	
0.581	1.0154	0.293033	2.71066	0.984832	6.67385	2.66954	8.18457e-08	0	0	0	0	0	0	0	0	
0.582	1.0172	0.295904	2.71749	0.983091	6.67885	2.67154	8.19038e-08	0	0	0	0	0	0	0	0	
0.583	1.01901	0.298765	2.72437	0.981348	6.68389	2.67356	8.19671e-08	0	0	0	0	0	0	0	0	
0.584	1.02082	0.301617	2.73131	0.979602	6.68899	2.6756	8.20334e-08	0	0	0	0	0	0	0	0	
0.585	1.02265	0.304462	2.7383	0.977852	6.69413	2.67765	8.21006e-08	0	0	0	0	0	0	0	0	
0.586	1.02449	0.307301	2.74533	0.976099	6.69929	2.67972	8.21668e-08	0	0	0	0	0	0	0	0	
0.587	1.02633	0.310136	2.75241	0.974343	6.70447	2.68179	8.22303e-08	0	0	0	0	0	0	0	0	
0.588	1.02819	0.31297	2.75952	0.972582	6.70965	2.68386	8.22896e-08	0	0	0	0	0	0	0	0	
0.589	1.03006	0.315805	2.76666	0.970819	6.71482	2.68593	8.2344e-08	0	0	0	0	0	0	0	0	
0.59	1.03194	0.318643	2.77383	0.969052	6.71997	2.68799	8.23926e-08	0	0	0	0	0	0	0	0	
0.591	1.03382	0.321487	2.78102	0.967283	6.72508	2.69003	8.24353e-08	0	0	0	0	0	0	0	0	
0.592	1.03572	0.324339	2.78822	0.965512	6.73015	2.69206	8.2472e-08	0	0	0	0	0	0	0	0	
0.593	1.03762	0.327201	2.79543	0.96374	6.73518	2.69407	8.25027e-08	0	0	0	0	0	0	0	0	
0.594	1.03954	0.330074	2.80265	0.961968	6.74015	2.69606	8.25276e-08	0	0	0	0	0	0	0	0	
0.595	1.04145	0.33296	2.80987	0.960197	6.74508	2.69803	8.25467e-08	0	0	0	0	0	0	0	0	
0.596	1.04338	0.335859	2.8171	0.958427	6.74995	2.69998	8.25602e-08	0	0	0	0	0	0	0	0	
0.597	1.0453	0.338771	2.82432	0.956661	6.75479	2.70192	8.25684e-08	0	0	0	0	0	0	0	0	
0.598	1.04723	0.341696	2.83155	0.954898	6.7596	2.70384	8.25714e-08	0	0	0	0	0	0	0	0	
0.599	1.04916	0.344633	2.83877	0.953141	6.76438	2.70575	8.257e-08	0	0	0	0	0	0	0	0	
0.6	1.05109	0.347583	2.84601	0.951389	6.76915	2.70766	8.25649e-08	0	0	0	0	0	0	0	0	
0.601	1.05302	0.350544	2.85324	0.949646	6.77392	2.70957	8.25577e-08	0	0	0	0	0	0	0	0	
0.602	1.05495	0.353516	2.86049	0.94791	6.77871	2.71149	8.25504e-08	0	0	0	0	0	0	0	0	
0.603	1.05688	0.356497	2.86774	0.946184	6.78353	2.71341	8.25453e-08	0	0	0	0	0	0	0	0	
0.604	1.0588	0.359486	2.87501	0.944467	6.78837	2.71535	8.25456e-08	0	0	0	0	0	0	0	0	
0.605	1.06071	0.362484	2.88228	0.942761	6.79326	2.71731	8.25544e-08	0	0	0	0	0	0	0	0	
0.606	1.06262	0.36549	2.88957	0.941066	6.7982	2.71928	8.2575e-08	0	0	0	0	0	0	0	0	
0.607	1.06453	0.368503	2.89688	0.939383	6.80319	2.72128	8.26103e-08	0	0	0	0	0	0	0	0	
0.608	1.06643	0.371523	2.9042	0.93771	6.80823	2.72329	8.26626e-08	0	0	0	0	0	0	0	0	
0.609	1.06832	0.374551	2.91153	0.936047	6.81332	2.72533	8.27332e-08	0	0	0	0	0	0	0	0	
0.61	1.07021	0.377586	2.91887	0.934394	6.81845	2.72738	8.28222e-08	0	0	0	0	0	0	0	0	
0.611	1.0721	0.380628	2.92623	0.932751	6.82361	2.72944	8.29286e-08	0	0	0	0	0	0	0	0	
0.612	1.07398	0.383678	2.9336	0.931114	6.8288	2.73152	8.30497e-08	0	0	0	0	0	0	0	0	
0.613	1.07587	0.386735	2.94099	0.929483	6.834	2.7336	8.31819e-08	0	0	0	0	0	0	0	0	
0.614	1.07775	0.389798	2.94839	0.927857	6.83921	2.73568	8.33203e-08	0	0	0	0	0	0	0	0	
0.615	1.07964	0.392867	2.95581	0.926232	6.84441	2.73777	8.34596e-08	0	0	0	0	0	0	0	0	
0.616	1.08154	0.395939	2.96325	0.924606	6.8496	2.73984	8.35943e-08	0	0	0	0	0	0	0	0	
0.617	1.08345	0.399014	2.97072	0.922978	6.85477	2.74191	8.37188e-08	0	0	0	0	0	0	0	0	
0.618	1.08537	0.402089	2.97822	0.921346	6.85992	2.74397	8.38285e-08	0	0	0	0	0	0	0	0	
0.619	1.0873	0.405163	2.98575	0.919706	6.86504	2.74601	8.39193e-08	0	0	0	0	0	0	0	0	
0.62	1.08925	0.408231	2.99333	0.918059	6.87013	2.74805	8.39885e-08	0	0	0	0	0	0	0	0	
0.621	1.09122	0.411294	3.00095	0.916403	6.87521	2.75008	8.40344e-08	0	0	0	0	0	0	0	0	
0.622	1.09321	0.41435	3.00863	0.914738	6.88028	2.75211	8.40567e-08	0	0	0	0	0	0	0	0	
0.623	1.09521	0.417397	3.01636	0.913065	6.88534	2.75413	8.4056e-08	0	0	0	0	0	0	0	0	
0.624	1.09723	0.420438	3.02414	0.911387	6.8904	2.75616	8.40338e-08	0	0	0	0	0	0	0	0	
0.625	1.09926	0.423475	3.03196	0.909705	6.89548	2.75819	8.39925e-08	0	0	0	0	0	0	0	0	
0.626	1.10129	0.426513	3.03982	0.908025	6.90057	2.76023	8.39348e-08	0	0	0	0	0	0	0	0	
0.627	1.10332	0.429558	3.04768	0.906353	6.90569	2.76227	8.38636e-08	0	0	0	0	0	0	0	0	
0.628	1.10535	0.432622	3.05553	0.904695	6.91081	2.76433	8.3782e-08	0	0	0	0	0	0	0	0	
0.629	1.10735	0.435717	3.06334	0.90306	6.91595	2.76638	8.36929e-08	0	0	0	0	0	0	0	0	
0.63	1.10931	0.438861	3.07105	0.90146	6.92107	2.76843	8.35994e-08	0	0	0	0	0	0	0	0	
0.631	1.11123	0.442074	3.07861	0.899905	6.92614	2.77046	8.35038e-08	0	0	0	0	0	0	0	0	
0.632	1.11308	0.445382	3.08596	0.898411	6.93115	2.77246	8.34086e-08	0	0	0	0	0	0	0	0	
0.633	1.11484	0.448813	3.09301	0.896992	6.93602	2.77441	8.33155e-08	0	0	0	0	0	0	0	0	
0.634	1.11649	0.4524	3.09969	0.895665	6.94071	2.77628	8.32261e-08	0	0	0	0	0	0	0	0	
0.635	1.11801	0.45618	3.10589	0.894449	6.94515	2.77806	8.31413e-08	0	0	0	0	0	0	0	0	
0.636	1.11937	0.460191	3.11151	0.893363	6.94926	2.7797	8.30613e-08	0	0	0	0	0	0	0	0	
0.637	1.12054	0.464475	3.11643	0.892427	6.95296	2.78118	8.29859e-08	0	0	0	0	0	0	0	0	
0.638	1.1215	0.469076	3.12053	0.891662	6.95616	2.78246	8.29144e-08	0	0	0	0	0	0	0	0	
0.639	1.12222	0.474036	3.12371	0.891089	6.95876	2.7835	8.28457e-08	0	0	0	0	0	0	0	0	
0.64	1.12268	0.479397	3.12585	0.890726	6.96069	2.78427	8.27786e-08	0	0	0	0	0	0	0	0	
0.641	1.12285	0.485198	3.12684	0.890593	6.96185	2.78474	8.2712e-08	0	0	0	0	0	0	0	0	
0.642	1.1227	0.491474	3.12658	0.890706	6.96216	2.78487	8.26452e-08	0	0	0	0	0	0	0	0	
0.643	1.12223	0.498255	3.125	0.891081	6.96157	2.78463	8.25783e-08	0	0	0	0	0	0	0	0	
0.644	1.12142	0.505566	3.12203	0.89173	6.96003	2.78401	8.2512e-08	0	0	0	0	0	0	0	0	
0.645	1.12024	0.513425	3.11763	0.892663	6.95748	2.78299	8.24483e-08	0	0	0	0	0	0	0	0	
0.646	1.11871	0.521844	3.11177	0.893887	6.95392	2.78157	8.23896e-08	0	0	0	0	0	0	0	0	
0.647	1.11681	0.530827	3.10443	0.895409	6.94934	2.77974	8.23393e-08	0	0	0	0	0	0	0	0	
0.648	1.11454	0.540373	3.09564	0.89723	6.94374	2.7775	8.23011e-08	0	0	0	0	0	0	0	0	
0.649	1.11191	0.550474	3.08541	0.89935	6.93716	2.77486	8.22788e-08	0	0	0	0	0	0	0	0	
0.65	1.10893	0.561118	3.07379	0.901767	6.92962	2.77185	8.22758e-08	0	0	0	0	0	0	0	0	
0.651	1.10561	0.572288	3.06085	0.904478	6.92117	2.76847	8.22949e-08	0	0	0	0	0	0	0	0	
0.652	1.10196	0.583961	3.04663	0.907476	6.91186	2.76474	8.2338e-08	0	0	0	0	0	0	0	0	
0.653	1.09799	0.596115	3.03123	0.910754	6.90176	2.7607	8.24058e-08	0	0	0	0	0	0	0	0	
0.654	1.09373	0.608721	3.01471	0.914304	6.89091	2.75637	8.24977e-08	0	0	0	0	0	0	0	0	
0.655	1.08919	0.621751	2.99718	0.918116	6.8794	2.75176	8.26119e-08	0	0	0	0	0	0	0	0	
0.656	1.08439	0.635174	2.97872	0.922177	6.86728	2.74691	8.27454e-08	0	0	0	0	0	0	0	0	
0.657	1.07936	0.648959	2.95943	0.926476	6.8546	2.74184	8.28939e-08	0	0	0	0	0	0	0	0	
0.658	1.07412	0.663074	2.9394	0.930999	6.84144	2.73658	8.30522e-08	0	0	0	0	0	0	0	0	
0.659	1.06868	0.677484	2.91872	0.935731	6.82785	2.73114	8.32145e-08	0	0	0	0	0	0	0	0	
0.66	1.06309	0.692156	2.8975	0.940656	6.81387	2.72555	8.33741e-08	0	0	0	0	0	0	0	0	
0.661	1.05735	0.707055	2.87582	0.945757	6.79958	2.71983	8.35242e-08	0	0	0	0	0	0	0	0	
0.662	1.05151	0.722146	2.8538	0.951015	6.78501	2.714	8.36579e-08	0	0	0	0	0	0	0	0	
0.663	1.04558	0.737389	2.83151	0.956409	6.77022	2.70809	8.37687e-08	0	0	0	0	0	0	0	0	
0.664	1.03959	0.752746	2.80908	0.961917	6.75526	2.7021	8.38508e-08	0	0	0	0	0	0	0	0	
0.665	1.03358	0.768173	2.7866	0.967513	6.74019	2.69608	8.38992e-08	0	0	0	0	0	0	0	0	
0.666	1.02757	0.783623	2.7642	0.973168	6.72507	2.69003	8.39104e-08	0	0	0	0	0	0	0	0	
0.667	1.02161	0.799045	2.74198	0.978851	6.70998	2.68399	8.3882e-08	0	0	0	0	0	0	0	0	
0.668	1.01572	0.81438	2.7201	0.984524	6.695	2.678	8.38136e-08	0	0	0	0	0	0	0	0	
0.669	1.00995	0.829562	2.69869	0.990144	6.68023	2.67209	8.37063e-08	0	0	0	0	0	0	0	0	
0.67	1.00436	0.844511	2.67793	0.995661	6.66578	2.66631	8.35629e-08	0	0	0	0	0	0	0	0	
0.671	0.998984	0.85914	2.65802	1.00102	6.6518	2.66072	8.33875e-08	0	0	0	0	0	0	0	0	
0.672	0.993896	0.873344	2.63917	1.00614	6.63845	2.65538	8.31854e-08	0	0	0	0	0	0	0	0	
0.673	0.989163	0.887001	2.62165	1.01096	6.62592	2.65037	8.29628e-08	0	0	0	0	0	0	0	0	
0.674	0.984864	0.899976	2.60574	1.01537	6.61445	2.64578	8.27263e-08	0	0	0	0	0	0	0	0	
0.675	0.981089	0.912114	2.59176	1.01928	6.60428	2.64171	8.24826e-08	0	0	0	0	0	0	0	0	
0.676	0.97793	0.923253	2.58005	1.02257	6.59569	2.63828	8.22383e-08	0	0	0	0	0	0	0	0	
0.677	0.975481	0.933228	2.57096	1.02514	6.58896	2.63558	8.19993e-08	0	0	0	0	0	0	0	0	
0.678	0.973829	0.941885	2.56481	1.02687	6.58434	2.63374	8.1771e-08	0	0	0	0	0	0	0	0	
0.679	0.973041	0.949107	2.56184	1.02771	6.58205	2.63282	8.15577e-08	0	0	0	0	0	0	0	0	
0.68	0.973152	0.95483	2.56219	1.02759	6.58219	2.63288	8.1363e-08	0	0	0	0	0	0	0	0	
0.681	0.974153	0.959069	2.56583	1.02653	6.58477	2.63391	8.11894e-08	0	0	0	0	0	0	0	0	
0.682	0.975982	0.96193	2.57255	1.02461	6.58964	2.63586	8.10385e-08	0	0	0	0	0	0	0	0	
0.683	0.978526	0.963604	2.58193	1.02195	6.59649	2.6386	8.09112e-08	0	0	0	0	0	0	0	0	
0.684	0.981632	0.96435	2.59344	1.01871	6.60492	2.64197	8.08078e-08	0	0	0	0	0	0	0	0	
0.685	0.985129	0.964458	2.60644	1.0151	6.61448	2.64579	8.0728e-08	0	0	0	0	0	0	0	0	
0.686	0.988847	0.964213	2.62032	1.01128	6.6247	2.64988	8.06713e-08	0	0	0	0	0	0	0	0	
0.687	0.992634	0.963864	2.63452	1.00742	6.63518	2.65407	8.06368e-08	0	0	0	0	0	0	0	0	
0.688	0.996371	0.96361	2.6486	1.00364	6.64561	2.65825	8.06236e-08	0	0	0	0	0	0	0	0	
0.689	0.999972	0.963588	2.66223	1.00003	6.65576	2.6623	8.06307e-08	0	0	0	0	0	0	0	0	
0.69	1.00339	0.963879	2.67523	0.996623	6.66548	2.66619	8.06571e-08	0	0	0	0	0	0	0	0	
0.691	1.0066	0.964511	2.68751	0.993443	6.67472	2.66989	8.07014e-08	0	0	0	0	0	0	0	0	
0.692	1.00962	0.965472	2.6991	0.990475	6.68349	2.6734	8.07621e-08	0	0	0	0	0	0	0	0	
0.693	1.01246	0.966717	2.7101	0.987689	6.69185	2.67674	8.08372e-08	0	0	0	0	0	0	0	0	
0.694	1.01519	0.968177	2.72066	0.98504	6.69989	2.67995	8.09241e-08	0	0	0	0	0	0	0	0	
0.695	1.01783	0.969778	2.73094	0.982478	6.70771	2.68309	8.10195e-08	0	0	0	0	0	0	0	0	
0.696	1.02045	0.971445	2.74111	0.979958	6.71543	2.68617	8.11191e-08	0	0	0	0	0	0	0	0	
0.697	1.02308	0.973118	2.75133	0.977438	6.72313	2.68925	8.12181e-08	0	0	0	0	0	0	0	0	
0.698	1.02575	0.974758	2.76167	0.974896	6.73085	2.69234	8.1311e-08	0	0	0	0	0	0	0	0	
0.699	1.02847	0.976355	2.77217	0.972322	6.7386	2.69544	8.1392e-08	0	0	0	0	0	0	0	0	
0.7	1.03122	0.977919	2.7828	0.969722	6.74635	2.69854	8.14553e-08	0	0	0	0	0	0	0	0	
0.701	1.034	0.979484	2.79348	0.967114	6.75404	2.70162	8.14957e-08	0	0	0	0	0	0	0	0	
0.702	1.03678	0.98109	2.80412	0.964522	6.7616	2.70464	8.15087e-08	0	0	0	0	0	0	0	0	
0.703	1.03953	0.982783	2.81462	0.961973	6.76896	2.70759	8.14915e-08	0	0	0	0	0	0	0	0	
0.704	1.04222	0.984597	2.82487	0.959488	6.77607	2.71043	8.1443e-08	0	0	0	0	0	0	0	0	
0.705	1.04484	0.986554	2.83483	0.95708	6.78291	2.71316	8.13639e-08	0	0	0	0	0	0	0	0	
0.706	1.04739	0.988661	2.84449	0.954754	6.78947	2.71579	8.12574e-08	0	0	0	0	0	0	0	0	
0.707	1.04986	0.990906	2.85385	0.952507	6.79579	2.71832	8.11287e-08	0	0	0	0	0	0	0	0	
0.708	1.05227	0.993265	2.86299	0.950325	6.80193	2.72077	8.09848e-08	0	0	0	0	0	0	0	0	
0.709	1.05464	0.995701	2.87199	0.94819	6.80797	2.72319	8.08344e-08	0	0	0	0	0	0	0	0	
0.71	1.05699	0.998175	2.88094	0.946081	6.814	2.7256	8.06872e-08	0	0	0	0	0	0	0	0	
0.711	1.05934	1.00065	2.88993	0.94398	6.8201	2.72804	8.05535e-08	0	0	0	0	0	0	0	0	
0.712	1.06172	1.00309	2.89905	0.941872	6.82633	2.73053	8.04433e-08	0	0	0	0	0	0	0	0	
0.713	1.06411	1.00549	2.90831	0.939751	6.83272	2.73309	8.03659e-08	0	0	0	0	0	0	0	0	
0.714	1.06653	1.00786	2.91772	0.937621	6.83929	2.73572	8.03288e-08	0	0	0	0	0	0	0	0	
0.715	1.06895	1.01021	2.9272	0.935499	6.84599	2.7384	8.03378e-08	0	0	0	0	0	0	0	0	
0.716	1.07135	1.01259	2.93667	0.933406	6.85276	2.7411	8.03959e-08	0	0	0	0	0	0	0	0	
0.717	1.07369	1.01504	2.94599	0.931369	6.85952	2.74381	8.05036e-08	0	0	0	0	0	0	0	0	
0.718	1.07595	1.01762	2.95506	0.929413	6.86618	2.74647	8.06593e-08	0	0	0	0	0	0	0	0	
0.719	1.0781	1.02036	2.96378	0.927557	6.87268	2.74907	8.08592e-08	0	0	0	0	0	0	0	0	
0.72	1.08014	1.02327	2.97209	0.925807	6.87896	2.75158	8.10987e-08	0	0	0	0	0	0	0	0	
0.721	1.08207	1.02635	2.98002	0.924157	6.88502	2.75401	8.13733e-08	0	0	0	0	0	0	0	0	
0.722	1.08391	1.02957	2.98764	0.922586	6.8909	2.75636	8.16797e-08	0	0	0	0	0	0	0	0	
0.723	1.0857	1.03287	2.9951	0.921061	6.89667	2.75867	8.20164e-08	0	0	0	0	0	0	0	0	
0.724	1.0875	1.03618	3.00258	0.919538	6.90246	2.76098	8.23845e-08	0	0	0	0	0	0	0	0	
0.725	1.08936	1.03941	3.01029	0.91797	6.9084	2.76336	8.27876e-08	0	0	0	0	0	0	0	0	
0.726	1.09133	1.04248	3.01845	0.916317	6.91465	2.76586	8.32311e-08	0	0	0	0	0	0	0	0	
0.727	1.09343	1.04533	3.02722	0.914552	6.92136	2.76855	8.37211e-08	0	0	0	0	0	0	0	0	
0.728	1.09568	1.04793	3.03665	0.912676	6.92868	2.77147	8.42629e-08	0	0	0	0	0	0	0	0	
0.729	1.09803	1.05031	3.04671	0.910719	6.93674	2.7747	8.48593e-08	0	0	0	0	0	0	0	0	
0.73	1.10042	1.05251	3.05728	0.908745	6.94571	2.77828	8.55088e-08	0	0	0	0	0	0	0	0	
0.731	1.10273	1.05462	3.06814	0.906844	6.95581	2.78233	8.62041e-08	0	0	0	0	0	0	0	0	
0.732	1.10481	1.05673	3.07908	0.90513	6.96742	2.78697	8.69311e-08	0	0	0	0	0	0	0	0	
0.733	1.10652	1.0589	3.08988	0.903735	6.98107	2.79243	8.76683e-08	0	0	0	0	0	0	0	0	
0.734	1.10766	1.06121	3.10038	0.902801	6.99756	2.79903	8.83875e-08	0	0	0	0	0	0	0	0	
0.735	1.10805	1.06368	3.11051	0.902482	7.01796	2.80718	8.90542e-08	0	0	0	0	0	0	0	0	
0.736	1.10749	1.0663	3.12027	0.902946	7.04359	2.81744	8.96295e-08	0	0	0	0	0	0	0	0	
0.737	1.10575	1.06904	3.12974	0.904367	7.07609	2.83043	9.00725e-08	0	0	0	0	0	0	0	0	
0.738	1.10261	1.07185	3.13906	0.906935	7.1173	2.84692	9.03422e-08	0	0	0	0	0	0	0	0	
0.739	1.09787	1.07464	3.14839	0.910851	7.16928	2.86771	9.04003e-08	0	0	0	0	0	0	0	0	
0.74	1.09131	1.07736	3.15788	0.916327	7.23414	2.89365	9.02135e-08	0	0	0	0	0	0	0	0	
0.741	1.08273	1.07998	3.16762	0.923592	7.31397	2.92559	8.9755e-08	0	0	0	0	0	0	0	0	
0.742	1.07195	1.08248	3.17758	0.932878	7.41073	2.96429	8.90056e-08	0	0	0	0	0	0	0	0	
0.743	1.05886	1.08493	3.18761	0.944411	7.52604	3.01042	8.79547e-08	0	0	0	0	0	0	0	0	
0.744	1.04342	1.08738	3.19753	0.958383	7.66116	3.06446	8.65995e-08	0	0	0	0	0	0	0	0	
0.745	1.02573	1.0899	3.20715	0.974919	7.81677	3.12671	8.49449e-08	0	0	0	0	0	0	0	0	
0.746	1.00599	1.09254	3.21631	0.994047	7.99291	3.19716	8.30032e-08	0	0	0	0	0	0	0	0	
0.747	0.984572	1.09531	3.22499	1.01567	8.1888	3.27552	8.07932e-08	0	0	0	0	0	0	0	0	
0.748	0.961956	1.0982	3.2332	1.03955	8.40268	3.36107	7.83412e-08	0	0	0	0	0	0	0	0	
0.749	0.938702	1.10117	3.24105	1.0653	8.63174	3.4527	7.5681e-08	0	0	0	0	0	0	0	0	
0.75	0.915414	1.10419	3.24863	1.0924	8.87201	3.54881	7.28561e-08	0	0	0	0	0	0	0	0	
0.751	0.892697	1.10722	3.25601	1.1202	9.11847	3.64739	6.99206e-08	0	0	0	0	0	0	0	0	
0.752	0.871116	1.11025	3.26326	1.14795	9.36518	3.74607	6.69405e-08	0	0	0	0	0	0	0	0	
0.753	0.851164	1.11325	3.27042	1.17486	9.60573	3.84229	6.39935e-08	0	0	0	0	0	0	0	0	
0.754	0.833239	1.11624	3.2775	1.20014	9.8336	3.93344	6.11671e-08	0	0	0	0	0	0	0	0	
0.755	0.817625	1.11921	3.2845	1.22306	10.0428	4.01713	5.8555e-08	0	0	0	0	0	0	0	0	
0.756	0.804487	1.12218	3.29145	1.24303	10.2284	4.09137	5.625e-08	0	0	0	0	0	0	0	0	
0.757	0.793874	1.12514	3.29835	1.25965	10.3869	4.15476	5.43362e-08	0	0	0	0	0	0	0	0	
0.758	0.785725	1.12809	3.30522	1.27271	10.5165	4.20658	5.28792e-08	0	0	0	0	0	0	0	0	
0.759	0.779892	1.13105	3.31206	1.28223	10.617	4.24681	5.19164e-08	0	0	0	0	0	0	0	0	
0.76	0.776157	1.13402	3.31888	1.2884	10.6901	4.27605	5.14492e-08	0	0	0	0	0	0	0	0	
0.761	0.774255	1.13699	3.32572	1.29156	10.7384	4.29538	5.14375e-08	0	0	0	0	0	0	0	0	
0.762	0.773899	1.13998	3.33256	1.29216	10.7655	4.3062	5.18012e-08	0	0	0	0	0	0	0	0	
0.763	0.774795	1.14297	3.33942	1.29066	10.7752	4.31007	5.24257e-08	0	0	0	0	0	0	0	0	
0.764	0.776661	1.14599	3.34629	1.28756	10.7714	4.30856	5.31758e-08	0	0	0	0	0	0	0	0	
0.765	0.779231	1.14905	3.35312	1.28332	10.7578	4.30311	5.39128e-08	0	0	0	0	0	0	0	0	
0.766	0.782266	1.15219	3.35984	1.27834	10.7375	4.295	5.45135e-08	0	0	0	0	0	0	0	0	
0.767	0.785555	1.15547	3.3663	1.27299	10.7131	4.28525	5.48882e-08	0	0	0	0	0	0	0	0	
0.768	0.788915	1.15897	3.37234	1.26756	10.6867	4.27466	5.4992e-08	0	0	0	0	0	0	0	0	
0.769	0.79221	1.16274	3.37784	1.26229	10.6596	4.26382	5.48293e-08	0	0	0	0	0	0	0	0	
0.77	0.795365	1.16676	3.38284	1.25728	10.633	4.25319	5.44494e-08	0	0	0	0	0	0	0	0	
0.771	0.798384	1.17089	3.38765	1.25253	10.6078	4.24314	5.3936e-08	0	0	0	0	0	0	0	0	
0.772	0.801356	1.17484	3.39296	1.24788	10.5851	4.23402	5.33913e-08	0	0	0	0	0	0	0	0	
0.773	0.804417	1.17824	3.39959	1.24314	10.5654	4.22615	5.29212e-08	0	0	0	0	0	0	0	0	
0.774	0.807684	1.18086	3.40814	1.23811	10.5491	4.21965	5.26211e-08	0	0	0	0	0	0	0	0	
0.775	0.811173	1.18268	3.41862	1.23278	10.5361	4.21442	5.25661e-08	0	0	0	0	0	0	0	0	
0.776	0.814774	1.18407	3.43024	1.22733	10.5251	4.21005	5.28042e-08	0	0	0	0	0	0	0	0	
0.777	0.818301	1.18555	3.44179	1.22204	10.515	4.20602	5.33533e-08	0	0	0	0	0	0	0	0	
0.778	0.821586	1.18756	3.4522	1.21716	10.5047	4.20187	5.41993e-08	0	0	0	0	0	0	0	0	
0.779	0.824565	1.19028	3.46105	1.21276	10.4936	4.19743	5.52954e-08	0	0	0	0	0	0	0	0	
0.78	0.827276	1.19359	3.46859	1.20879	10.482	4.19279	5.65543e-08	0	0	0	0	0	0	0	0	
0.781	0.829812	1.19725	3.47541	1.20509	10.4705	4.18819	5.78307e-08	0	0	0	0	0	0	0	0	
0.782	0.832252	1.20104	3.48202	1.20156	10.4597	4.18386	5.89003e-08	0	0	0	0	0	0	0	0	
0.783	0.834625	1.20484	3.48869	1.19814	10.4499	4.17994	5.94606e-08	0	0	0	0	0	0	0	0	
0.784	0.836921	1.20868	3.49537	1.19486	10.4412	4.17646	5.91946e-08	0	0	0	0	0	0	0	0	
0.785	0.83911	1.21261	3.50194	1.19174	10.4335	4.1734	5.79233e-08	0	0	0	0	0	0	0	0	
0.786	0.841171	1.21667	3.50832	1.18882	10.4269	4.17075	5.58209e-08	0	0	0	0	0	0	0	0	
0.787	0.843094	1.22084	3.5145	1.18611	10.4214	4.16857	5.35452e-08	0	0	0	0	0	0	0	0	
0.788	0.844885	1.2251	3.52058	1.18359	10.4174	4.16694	5.20297e-08	0	0	0	0	0	0	0	0	
0.789	0.846561	1.2294	3.52669	1.18125	10.4147	4.1659	5.1851e-08	0	0	0	0	0	0	0	0	
0.79	0.848161	1.23372	3.53284	1.17902	10.4132	4.16529	5.2651e-08	0	0	0	0	0	0	0	0	
0.791	0.849752	1.23809	3.539	1.17681	10.4119	4.16474	5.32498e-08	0	0	0	0	0	0	0	0	
0.792	0.851388	1.24259	3.54494	1.17455	10.4093	4.16372	5.2639e-08	0	0	0	0	0	0	0	0	
0.793	0.853075	1.24735	3.55035	1.17223	10.4046	4.16183	5.05618e-08	0	0	0	0	0	0	0	0	
0.794	0.854904	1.2521	3.55594	1.16972	10.3987	4.15947	4.78763e-08	0	0	0	0	0	0	0	0	
0.795	0.857231	1.25566	3.56455	1.16655	10.3955	4.15822	5.0246e-08	0	0	0	0	0	0	0	0	
0.796	0.860177	1.25727	3.57811	1.16255	10.3993	4.15973	5.79846e-08	0	0	0	0	0	0	0	0	
0.797	0.863017	1.25818	3.59356	1.15873	10.4099	4.16395	5.30397e-08	0	0	0	0	0	0	0	0	
0.798	0.865214	1.25954	3.60812	1.15578	10.4255	4.17021	4.80878e-08	0	0	0	0	0	0	0	0	
0.799	0.867058	1.2613	3.62186	1.15333	10.443	4.17718	3.25456e-08	0	0	0	0	0	0	0	0	
0.8	0.86807	1.26567	3.62932	1.15198	10.4523	4.1809	3.80949e-07	0	0	0	0	0	0	0	0	
0.801	0.870096	1.26974	3.6378	1.1493	10.4523	4.18092	6.05864e-06	0	0	0	0	0	0	0	0	
0.802	0.875211	1.26847	3.66144	1.14258	10.4587	4.18349	7.93078e-05	0	0	0	0	0	0	0	0	
0.803	0.878767	1.28195	3.6672	1.13796	10.4328	4.17312	0.00124414	0	0	0	0	0	0	0	0	
0.804	0.890046	1.33455	3.71081	1.12354	10.4231	4.16924	0.0155845	0	0	0	0	0	0	0	0	
0.805	0.940292	1.15133	3.63827	1.0635	9.67324	3.8693	0.218581	0	0	0	0	0	0	0	0	
0.806	0.47422	-0.32964	0.765281	2.10873	4.03442	1.61377	0.896128	0	0	0	0	0	0	0	0	
0.807	0.259259	-1.35769	0.0967742	3.85715	0.933181	0.373272	1	0	0	0	0	0	0	0	0	
0.808	0.259259	-1.35769	0.0967742	3.85715	0.933181	0.373272	1	0	0	0	0	0	0	0	0	
0.809	0.259259	-1.35769	0.0967742	3.85715	0.933181	0.373272	1	0	0	0	0	0	0	0	0	
0.81	0.259259	-1.35769	0.0967742	3.85715	0.933181	0.373272	1	0	0	0	0	0	0	0	0	
0.811	0.259259	-1.35769	0.0967742	3.85715	0.933181	0.373272	1	0	0	0	0	0	0	0	0	
0.812	0.259259	-1.35769	0.0967742	3.85715	0.933181	0.373272	1	0	0	0	0	0	0	0	0	
0.813	0.259259	-1.35769	0.0967742	3.85715	0.933181	0.373272	1	0	0	0	0	0	0	0	0	
0.814	0.259259	-1.35769	0.0967742	3.85715	0.933181	0.373272	1	0	0	0	0	0	0	0	0	
0.815	0.259259	-1.35769	0.0967742	3.85715	0.933181	0.373272	1	0	0	0	0	0	0	0	0	
0.816	0.259259	-1.35769	0.0967742	3.85715	0.933181	0.373272	1	0	0	0	0	0	0	0	0	
0.817	0.259259	-1.35769	0.0967742	3.85715	0.933181	0.373272	1	0	0	0	0	0	0	0	0	
0.818	0.259259	-1.35769	0.0967742	3.85715	0.933181	0.373272	1	0	0	0	0	0	0	0	0	
0.819	0.259259	-1.35769	0.0967742	3.85715	0.933181	0.373272	1	0	0	0	0	0	0	0	0	
0.82	0.259259	-1.35769	0.0967742	3.85715	0.933181	0.373272	1	0	0	0	0	0	0	0	0	
0.821	0.259259	-1.35769	0.0967742	3.85715	0.933181	0.373272	1	0	0	0	0	0	0	0	0	
0.822	0.259259	-1.35769	0.0967742	3.85715	0.933181	0.373272	1	0	0	0	0	0	0	0	0	
0.823	0.259259	-1.35769	0.0967742	3.85715	0.933181	0.373272	1	0	0	0	0	0	0	0	0	
0.824	0.259259	-1.35769	0.0967742	3.85715	0.933181	0.373272	1	0	0	0	0	0	0	0	0	
0.825	0.259259	-1.35769	0.0967742	3.85715	0.933181	0.373272	1	0	0	0	0	0	0	0	0	
0.826	0.259259	-1.35769	0.0967742	3.85715	0.933181	0.373272	1	0	0	0	0	0	0	0	0	
0.827	0.259259	-1.35769	0.0967742	3.85715	0.933181	0.373272	1	0	0	0	0	0	0	0	0	
0.828	0.259259	-1.35769	0.0967742	3.85715	0.933181	0.373272	1	0	0	0	0	0	0	0	0	
0.829	0.259259	-1.35769	0.0967742	3.85715	0.933181	0.373272	1	0	0	0	0	0	0	0	0	
0.83	0.259259	-1.35769	0.0967742	3.85715	0.933181	0.373272	1	0	0	0	0	0	0	0	0	
0.831	0.259259	-1.35769	0.0967742	3.85715	0.933181	0.373272	1	0	0	0	0	0	0	0	0	
0.832	0.259259	-1.35769	0.0967742	3.85715	0.933181	0.373272	1	0	0	0	0	0	0	0	0	
0.833	0.259259	-1.35769	0.0967742	3.85715	0.933181	0.373272	1	0	0	0	0	0	0	0	0	
0.834	0.259259	-1.35769	0.0967742	3.85715	0.933181	0.373272	1	0	0	0	0	0	0	0	0	
0.835	0.259259	-1.35769	0.0967742	3.85715	0.933181	0.373272	1	0	0	0	0	0	0	0	0	
0.836	0.259259	-1.35769	0.0967742	3.85715	0.933181	0.373272	1	0	0	0	0	0	0	0	0	
0.837	0.259259	-1.35769	0.0967742	3.85715	0.933181	0.373272	1	0	0	0	0	0	0	0	0	
0.838	0.259259	-1.35769	0.0967742	3.85715	0.933181	0.373272	1	0	0	0	0	0	0	0	0	
0.839	0.259259	-1.35769	0.0967742	3.85715	0.933181	0.373272	1	0	0	0	0	0	0	0	0	
0.84	0.259259	-1.35769	0.0967742	3.85715	0.933181	0.373272	1	0	0	0	0	0	0	0	0	
0.841	0.259259	-1.35769	0.0967742	3.85715	0.933181	0.373272	1	0	0	0	0	0	0	0	0	
0.842	0.259259	-1.35769	0.0967742	3.85715	0.933181	0.373272	1	0	0	0	0	0	0	0	0	
0.843	0.259259	-1.35769	0.0967742	3.85715	0.933181	0.373272	1	0	0	0	0	0	0	0	0	
0.844	0.259259	-1.35769	0.0967742	3.85715	0.933181	0.373272	1	0	0	0	0	0	0	0	0	
0.845	0.259259	-1.35769	0.0967742	3.85715	0.933181	0.373272	1	0	0	0	0	0	0	0	0	
0.846	0.259259	-1.35769	0.0967742	3.85715	0.933181	0.373272	1	0	0	0	0	0	0	0	0	
0.847	0.259259	-1.35769	0.0967742	3.85715	0.933181	0.373272	1	0	0	0	0	0	0	0	0	
0.848	0.259259	-1.35769	0.0967742	3.85715	0.933181	0.373272	1	0	0	0	0	0	0	0	0	
0.849	0.259259	-1.35769	0.0967742	3.85715	0.933181	0.373272	1	0	0	0	0	0	0	0	0	
0.85	0.259259	-1.35769	0.0967742	3.85715	0.933181	0.373272	1	0	0	0	0	0	0	0	0	
0.851	0.259259	-1.35769	0.0967742	3.85715	0.933181	0.373272	1	0	0	0	0	0	0	0	0	
0.852	0.259259	-1.35769	0.0967742	3.85715	0.933181	0.373272	1	0	0	0	0	0	0	0	0	
0.853	0.259259	-1.35769	0.0967742	3.85715	0.933181	0.373272	1	0	0	0	0	0	0	0	0	
0.854	0.259259	-1.35769	0.0967742	3.85715	0.933181	0.373272	1	0	0	0	0	0	0	0	0	
0.855	0.259259	-1.35769	0.0967742	3.85715	0.933181	0.373272	1	0	0	0	0	0	0	0	0	
0.856	0.259259	-1.35769	0.0967742	3.85715	0.933181	0.373272	1	0	0	0	0	0	0	0	0	
0.857	0.259259	-1.35769	0.0967742	3.85715	0.933181	0.373272	1	0	0	0	0	0	0	0	0	
0.858	0.259259	-1.35769	0.0967742	3.85715	0.933181	0.373272	1	0	0	0	0	0	0	0	0	
0.859	0.259259	-1.35769	0.0967742	3.85715	0.933181	0.373272	1	0	0	0	0	0	0	0	0	
0.86	0.259259	-1.35769	0.0967742	3.85715	0.933181	0.373272	1	0	0	0	0	0	0	0	0	
0.861	0.259259	-1.35769	0.0967742	3.85715	0.933181	0.373272	1	0	0	0	0	0	0	0	0	
0.862	0.259259	-1.35769	0.0967742	3.85715	0.933181	0.373272	1	0	0	0	0	0	0	0	0	
0.863	0.259259	-1.35769	0.0967742	3.85715	0.933181	0.373272	1	0	0	0	0	0	0	0	0	
0.864	0.259259	-1.35769	0.0967742	3.85715	0.933181	0.373272	1	0	0	0	0	0	0	0	0	
0.865	0.259259	-1.35769	0.0967742	3.85715	0.933181	0.373272	1	0	0	0	0	0	0	0	0	
0.866	0.259259	-1.35769	0.0967742	3.85715	0.933181	0.373272	1	0	0	0	0	0	0	0	0	
0.867	0.259259	-1.35769	0.0967742	3.85715	0.933181	0.373272	1	0	0	0	0	0	0	0	0	
0.868	0.259259	-1.35769	0.0967742	3.85715	0.933181	0.373272	1	0	0	0	0	0	0	0	0	
0.869	0.259259	-1.35769	0.0967742	3.85715	0.933181	0.373272	1	0	0	0	0	0	0	0	0	
0.87	0.259259	-1.35769	0.0967742	3.85715	0.933181	0.373272	1	0	0	0	0	0	0	0	0	
0.871	0.259259	-1.35769	0.0967742	3.85715	0.933181	0.373272	1	0	0	0	0	0	0	0	0	
0.872	0.259259	-1.35769	0.0967742	3.85715	0.933181	0.373272	1	0	0	0	0	0	0	0	0	
0.873	0.259259	-1.35769	0.0967742	3.85715	0.933181	0.373272	1	0	0	0	0	0	0	0	0	
0.874	0.259259	-1.35769	0.0967742	3.85715	0.933181	0.373272	1	0	0	0	0	0	0	0	0	
0.875	0.259259	-1.35769	0.0967742	3.85715	0.933181	0.373272	1	0	0	0	0	0	0	0	0	
0.876	0.259259	-1.35769	0.0967742	3.85715	0.933181	0.373272	1	0	0	0	0	0	0	0	0	
0.877	0.259259	-1.35769	0.0967742	3.85715	0.933181	0.373272	1	0	0	0	0	0	0	0	0	
0.878	0.259259	-1.35769	0.0967742	3.85715	0.933181	0.373272	1	0	0	0	0	0	0	0	0	
0.879	0.259259	-1.35769	0.0967742	3.85715	0.933181	0.373272	1	0	0	0	0	0	0	0	0	
0.88	0.259259	-1.35769	0.0967742	3.85715	0.933181	0.373272	1	0	0	0	0	0	0	0	0	
0.881	0.259259	-1.35769	0.0967742	3.85715	0.933181	0.373272	1	0	0	0	0	0	0	0	0	
0.882	0.259259	-1.35769	0.0967742	3.85715	0.933181	0.373272	1	0	0	0	0	0	0	0	0	
0.883	0.259259	-1.35769	0.0967742	3.85715	0.933181	0.373272	1	0	0	0	0	0	0	0	0	
0.884	0.259259	-1.35769	0.0967742	3.85715	0.933181	0.373272	1	0	0	0	0	0	0	0	0	
0.885	0.259259	-1.35769	0.0967742	3.85715	0.933181	0.373272	1	0	0	0	0	0	0	0	0	
0.886	0.259259	-1.35769	0.0967742	3.85715	0.933181	0.373272	1	0	0	0	0	0	0	0	0	
0.887	0.259259	-1.35769	0.0967742	3.85715	0.933181	0.373272	1	0	0	0	0	0	0	0	0	
0.888	0.259259	-1.35769	0.0967742	3.85715	0.933181	0.373272	1	0	0	0	0	0	0	0	0	
0.889	0.259259	-1.35769	0.0967742	3.85715	0.933181	0.373272	1	0	0	0	0	0	0	0	0	
0.89	0.259259	-1.35769	0.0967742	3.85715	0.933181	0.373272	1	0	0	0	0	0	0	0	0	
0.891	0.259259	-1.35769	0.0967742	3.85715	0.933181	0.373272	1	0	0	0	0	0	0	0	0	
0.892	0.259259	-1.35769	0.0967742	3.85715	0.933181	0.373272	1	0	0	0	0	0	0	0	0	
0.893	0.259259	-1.35769	0.0967742	3.85715	0.933181	0.373272	1	0	0	0	0	0	0	0	0	
0.894	0.259259	-1.35769	0.0967742	3.85715	0.933181	0.373272	1	0	0	0	0	0	0	0	0	
0.895	0.259259	-1.35769	0.0967742	3.85715	0.933181	0.373272	1	0	0	0	0	0	0	0	0	
0.896	0.259259	-1.35769	0.0967742	3.85715	0.933181	0.373272	1	0	0	0	0	0	0	0	0	
0.897	0.259259	-1.35769	0.0967742	3.85715	0.933181	0.373272	1	0	0	0	0	0	0	0	0	
0.898	0.259259	-1.35769	0.0967742	3.85715	0.933181	0.373272	1	0	0	0	0	0	0	0	0	
0.899	0.259259	-1.35769	0.0967742	3.85715	0.933181	0.373272	1	0	0	0	0	0	0	0	0	
0.9	0.259259	-1.35769	0.0967742	3.85715	0.933181	0.373272	1	0	0	0	0	0	0	0	0	
0.901	0.259259	-1.35769	0.0967742	3.85715	0.933181	0.373272	1	0	0	0	0	0	0	0	0	
0.902	0.259259	-1.35769	0.0967742	3.85715	0.933181	0.373272	1	0	0	0	0	0	0	0	0	
0.903	0.259259	-1.35769	0.0967742	3.85715	0.933181	0.373272	1	0	0	0	0	0	0	0	0	
0.904	0.259259	-1.35769	0.0967742	3.85715	0.933181	0.373272	1	0	0	0	0	0	0	0	0	
0.905	0.259259	-1.35769	0.0967742	3.85715	0.933181	0.373272	1	0	0	0	0	0	0	0	0	
0.906	0.259259	-1.35769	0.0967742	3.85715	0.933181	0.373272	1	0	0	0	0	0	0	0	0	
0.907	0.259259	-1.35769	0.0967742	3.85715	0.933181	0.373272	1	0	0	0	0	0	0	0	0	
0.908	0.259259	-1.35769	0.0967742	3.85715	0.933181	0.373272	1	0	0	0	0	0	0	0	0	
0.909	0.259259	-1.35769	0.0967742	3.85715	0.933181	0.373272	1	0	0	0	0	0	0	0	0	
0.91	0.259259	-1.35769	0.0967742	3.85715	0.933181	0.373272	1	0	0	0	0	0	0	0	0	
0.911	0.259259	-1.35769	0.0967742	3.85715	0.933181	0.373272	1	0	0	0	0	0	0	0	0	
0.912	0.259259	-1.35769	0.0967742	3.85715	0.933181	0.373272	1	0	0	0	0	0	0	0	0	
0.913	0.259259	-1.35769	0.0967742	3.85715	0.933181	0.373272	1	0	0	0	0	0	0	0	0	
0.914	0.259259	-1.35769	0.0967742	3.85715	0.933181	0.373272	1	0	0	0	0	0	0	0	0	
0.915	0.259259	-1.35769	0.0967742	3.85715	0.933181	0.373272	1	0	0	0	0	0	0	0	0	
0.916	0.259259	-1.35769	0.0967742	3.85715	0.933181	0.373272	1	0	0	0	0	0	0	0	0	
0.917	0.259259	-1.35769	0.0967742	3.85715	0.933181	0.373272	1	0	0	0	0	0	0	0	0	
0.918	0.259259	-1.35769	0.0967742	3.85715	0.933181	0.373272	1	0	0	0	0	0	0	0	0	
0.919	0.259259	-1.35769	0.0967742	3.85715	0.933181	0.373272	1	0	0	0	0	0	0	0	0	
0.92	0.259259	-1.35769	0.0967742	3.85715	0.933181	0.373272	1	0	0	0	0	0	0	0	0	
0.921	0.259259	-1.35769	0.0967742	3.85715	0.933181	0.373272	1	0	0	0	0	0	0	0	0	
0.922	0.259259	-1.35769	0.0967742	3.85715	0.933181	0.373272	1	0	0	0	0	0	0	0	0	
0.923	0.259259	-1.35769	0.0967742	3.85715	0.933181	0.373272	1	0	0	0	0	0	0	0	0	
0.924	0.259259	-1.35769	0.0967742	3.85715	0.933181	0.373272	1	0	0	0	0	0	0	0	0	
0.925	0.259259	-1.35769	0.0967742	3.85715	0.933181	0.373272	1	0	0	0	0	0	0	0	0	
0.926	0.259259	-1.35769	0.0967742	3.85715	0.933181	0.373272	1	0	0	0	0	0	0	0	0	
0.927	0.259259	-1.35769	0.0967742	3.85715	0.933181	0.373272	1	0	0	0	0	0	0	0	0	
0.928	0.259259	-1.35769	0.0967742	3.85715	0.933181	0.373272	1	0	0	0	0	0	0	0	0	
0.929	0.259259	-1.35769	0.0967742	3.85715	0.933181	0.373272	1	0	0	0	0	0	0	0	0	
0.93	0.259259	-1.35769	0.0967742	3.85715	0.933181	0.373272	1	0	0	0	0	0	0	0	0	
0.931	0.259259	-1.35769	0.0967742	3.85715	0.933181	0.373272	1	0	0	0	0	0	0	0	0	
0.932	0.259259	-1.35769	0.0967742	3.85715	0.933181	0.373272	1	0	0	0	0	0	0	0	0	
0.933	0.259259	-1.35769	0.0967742	3.85715	0.933181	0.373272	1	0	0	0	0	0	0	0	0	
0.934	0.259259	-1.35769	0.0967742	3.85715	0.933181	0.373272	1	0	0	0	0	0	0	0	0	
0.935	0.259259	-1.35769	0.0967742	3.85715	0.933181	0.373272	1	0	0	0	0	0	0	0	0	
0.936	0.259259	-1.35769	0.0967742	3.85715	0.933181	0.373272	1	0	0	0	0	0	0	0	0	
0.937	0.259259	-1.35769	0.0967742	3.85715	0.933181	0.373272	1	0	0	0	0	0	0	0	0	
0.938	0.259259	-1.35769	0.0967742	3.85715	0.933181	0.373272	1	0	0	0	0	0	0	0	0	
0.939	0.259259	-1.35769	0.0967742	3.85715	0.933181	0.373272	1	0	0	0	0	0	0	0	0	
0.94	0.259259	-1.35769	0.0967742	3.85715	0.933181	0.373272	1	0	0	0	0	0	0	0	0	
0.941	0.259259	-1.35769	0.0967742	3.85715	0.933181	0.373272	1	0	0	0	0	0	0	0	0	
0.942	0.259259	-1.35769	0.0967742	3.85715	0.933181	0.373272	1	0	0	0	0	0	0	0	0	
0.943	0.259259	-1.35769	0.0967742	3.85715	0.933181	0.373272	1	0	0	0	0	0	0	0	0	
0.944	0.259259	-1.35769	0.0967742	3.85715	0.933181	0.373272	1	0	0	0	0	0	0	0	0	
0.945	0.259259	-1.35769	0.0967742	3.85715	0.933181	0.373272	1	0	0	0	0	0	0	0	0	
0.946	0.259259	-1.35769	0.0967742	3.85715	0.933181	0.373272	1	0	0	0	0	0	0	0	0	
0.947	0.259259	-1.35769	0.0967742	3.85715	0.933181	0.373272	1	0	0	0	0	0	0	0	0	
0.948	0.259259	-1.35769	0.0967742	3.85715	0.933181	0.373272	1	0	0	0	0	0	0	0	0	
0.949	0.259259	-1.35769	0.0967742	3.85715	0.933181	0.373272	1	0	0	0	0	0	0	0	0	
0.95	0.259259	-1.35769	0.0967742	3.85715	0.933181	0.373272	1	0	0	0	0	0	0	0	0	
0.951	0.259259	-1.35769	0.0967742	3.85715	0.933181	0.373272	1	0	0	0	0	0	0	0	0	
0.952	0.259259	-1.35769	0.0967742	3.85715	0.933181	0.373272	1	0	0	0	0	0	0	0	0	
0.953	0.259259	-1.35769	0.0967742	3.85715	0.933181	0.373272	1	0	0	0	0	0	0	0	0	
0.954	0.259259	-1.35769	0.0967742	3.85715	0.933181	0.373272	1	0	0	0	0	0	0	0	0	
0.955	0.259259	-1.35769	0.0967742	3.85715	0.933181	0.373272	1	0	0	0	0	0	0	0	0	
0.956	0.259259	-1.35769	0.0967742	3.85715	0.933181	0.373272	1	0	0	0	0	0	0	0	0	
0.957	0.259259	-1.35769	0.0967742	3.85715	0.933181	0.373272	1	0	0	0	0	0	0	0	0	
0.958	0.259259	-1.35769	0.0967742	3.85715	0.933181	0.373272	1	0	0	0	0	0	0	0	0	
0.959	0.259259	-1.35769	0.0967742	3.85715	0.933181	0.373272	1	0	0	0	0	0	0	0	0	
0.96	0.259259	-1.35769	0.0967742	3.85715	0.933181	0.373272	1	0	0	0	0	0	0	0	0	
0.961	0.259259	-1.35769	0.0967742	3.85715	0.933181	0.373272	1	0	0	0	0	0	0	0	0	
0.962	0.259259	-1.35769	0.0967742	3.85715	0.933181	0.373272	1	0	0	0	0	0	0	0	0	
0.963	0.259259	-1.35769	0.0967742	3.85715	0.933181	0.373272	1	0	0	0	0	0	0	0	0	
0.964	0.259259	-1.35769	0.0967742	3.85715	0.933181	0.373272	1	0	0	0	0	0	0	0	0	
0.965	0.259259	-1.35769	0.0967742	3.85715	0.933181	0.373272	1	0	0	0	0	0	0	0	0	
0.966	0.259259	-1.35769	0.0967742	3.85715	0.933181	0.373272	1	0	0	0	0	0	0	0	0	
0.967	0.259259	-1.35769	0.0967742	3.85715	0.933181	0.373272	1	0	0	0	0	0	0	0	0	
0.968	0.259259	-1.35769	0.0967742	3.85715	0.933181	0.373272	1	0	0	0	0	0	0	0	0	
0.969	0.259259	-1.35769	0.0967742	3.85715	0.933181	0.373272	1	0	0	0	0	0	0	0	0	
0.97	0.259259	-1.35769	0.0967742	3.85715	0.933181	0.373272	1	0	0	0	0	0	0	0	0	
0.971	0.259259	-1.35769	0.0967742	3.85715	0.933181	0.373272	1	0	0	0	0	0	0	0	0	
0.972	0.259259	-1.35769	0.0967742	3.85715	0.933181	0.373272	1	0	0	0	0	0	0	0	0	
0.973	0.259259	-1.35769	0.0967742	3.85715	0.933181	0.373272	1	0	0	0	0	0	0	0	0	
0.974	0.259259	-1.35769	0.0967742	3.85715	0.933181	0.373272	1	0	0	0	0	0	0	0	0	
0.975	0.259259	-1.35769	0.0967742	3.85715	0.933181	0.373272	1	0	0	0	0	0	0	0	0	
0.976	0.259259	-1.35769	0.0967742	3.85715	0.933181	0.373272	1	0	0	0	0	0	0	0	0	
0.977	0.259259	-1.35769	0.0967742	3.85715	0.933181	0.373272	1	0	0	0	0	0	0	0	0	
0.978	0.259259	-1.35769	0.0967742	3.85715	0.933181	0.373272	1	0	0	0	0	0	0	0	0	
0.979	0.259259	-1.35769	0.0967742	3.85715	0.933181	0.373272	1	0	0	0	0	0	0	0	0	
0.98	0.259259	-1.35769	0.0967742	3.85715	0.933181	0.373272	1	0	0	0	0	0	0	0	0	
0.981	0.259259	-1.35769	0.0967742	3.85715	0.933181	0.373272	1	0	0	0	0	0	0	0	0	
0.982	0.259259	-1.35769	0.0967742	3.85715	0.933181	0.373272	1	0	0	0	0	0	0	0	0	
0.983	0.259259	-1.35769	0.0967742	3.85715	0.933181	0.373272	1	0	0	0	0	0	0	0	0	
0.984	0.259259	-1.35769	0.0967742	3.85715	0.933181	0.373272	1	0	0	0	0	0	0	0	0	
0.985	0.259259	-1.35769	0.0967742	3.85715	0.933181	0.373272	1	0	0	0	0	0	0	0	0	
0.986	0.259259	-1.35769	0.0967742	3.85715	0.933181	0.373272	1	0	0	0	0	0	0	0	0	
0.987	0.259259	-1.35769	0.0967742	3.85715	0.933181	0.373272	1	0	0	0	0	0	0	0	0	
0.988	0.259259	-1.35769	0.0967742	3.85715	0.933181	0.373272	1	0	0	0	0	0	0	0	0	
0.989	0.259259	-1.35769	0.0967742	3.85715	0.933181	0.373272	1	0	0	0	0	0	0	0	0	
0.99	0.259259	-1.35769	0.0967742	3.85715	0.933181	0.373272	1	0	0	0	0	0	0	0	0	
0.991	0.259259	-1.35769	0.0967742	3.85715	0.933181	0.373272	1	0	0	0	0	0	0	0	0	
0.992	0.259259	-1.35769	0.0967742	3.85715	0.933181	0.373272	1	0	0	0	0	0	0	0	0	
0.993	0.259259	-1.35769	0.0967742	3.85715	0.933181	0.373272	1	0	0	0	0	0	0	0	0	
0.994	0.259259	-1.35769	0.0967742	3.85715	0.933181	0.373272	1	0	0	0	0	0	0	0	0	
0.995	0.259259	-1.35769	0.0967742	3.85715	0.933181	0.373272	1	0	0	0	0	0	0	0	0	
0.996	0.259259	-1.35769	0.0967742	3.85715	0.933181	0.373272	1	0	0	0	0	0	0	0	0	
0.997	0.259259	-1.35769	0.0967742	3.85715	0.933181	0.373272	1	0	0	0	0	0	0	0	0	
0.998	0.259259	-1.35769	0.0967742	3.85715	0.933181	0.373272	1	0	0	0	0	0	0	0	0	
0.999	0.259259	-1.35769	0.0967742	3.85715	0.933181	0.373272	1	0	0	0	0	0	0	0	0	
1	0.259259	-1.35769	0.0967742	3.85715	0.933181	0.373272	1	0	0	0	0	0	0	0	0	
