|||||||||||||||||||||||||||||||||***SIMULATION: detonation***||||||||||||||||||||||||||||||||||
Sanpshot time = 1.3. Timestep = 3112. Run time = 5 seconds
No. of cells = 1000
#Position	 Density	 Velocity	 Pressure	 Specific_Volume I_Energy	 Temperature	 Species
-0.001	0.765962	0.000296704	1.98561	1.30555	6.48078	0	9.36309e-08	0	0	0	0	0	0	0	0	
0	0.765977	9.84553e-05	1.98561	1.30552	6.48063	0	9.64479e-08	0	0	0	0	0	0	0	0	
0.001	0.765977	-9.84553e-05	1.98561	1.30552	6.48063	2.59225	9.64479e-08	0	0	0	0	0	0	0	0	
0.002	0.765962	-0.000296704	1.98561	1.30555	6.48078	2.59231	9.36309e-08	0	0	0	0	0	0	0	0	
0.003	0.76484	-0.000496388	1.98563	1.30746	6.49034	2.59613	9.8935e-08	0	0	0	0	0	0	0	0	
0.004	0.765446	-0.000698199	1.98565	1.30643	6.48526	2.5941	9.78588e-08	0	0	0	0	0	0	0	0	
0.005	0.76299	-0.000902925	1.98567	1.31063	6.50622	2.60249	9.61011e-08	0	0	0	0	0	0	0	0	
0.006	0.761708	-0.00111109	1.9857	1.31284	6.51727	2.60691	8.92256e-08	0	0	0	0	0	0	0	0	
0.007	0.762299	-0.00132313	1.98574	1.31182	6.51234	2.60493	9.26248e-08	0	0	0	0	0	0	0	0	
0.008	0.763805	-0.0015394	1.98578	1.30923	6.49962	2.59985	9.24842e-08	0	0	0	0	0	0	0	0	
0.009	0.765665	-0.00176012	1.98582	1.30605	6.48398	2.59359	9.17044e-08	0	0	0	0	0	0	0	0	
0.01	0.767558	-0.00198538	1.98587	1.30283	6.46815	2.58726	9.17388e-08	0	0	0	0	0	0	0	0	
0.011	0.769264	-0.0022151	1.98592	1.29994	6.45396	2.58158	9.59413e-08	0	0	0	0	0	0	0	0	
0.012	0.770717	-0.00244911	1.98597	1.29749	6.44196	2.57678	9.40941e-08	0	0	0	0	0	0	0	0	
0.013	0.771869	-0.00268709	1.98602	1.29556	6.43251	2.573	9.39418e-08	0	0	0	0	0	0	0	0	
0.014	0.772698	-0.00292861	1.98607	1.29417	6.42577	2.57031	9.41323e-08	0	0	0	0	0	0	0	0	
0.015	0.773258	-0.00317316	1.98612	1.29323	6.42128	2.56851	9.633e-08	0	0	0	0	0	0	0	0	
0.016	0.773619	-0.00342016	1.98617	1.29263	6.41843	2.56737	9.54804e-08	0	0	0	0	0	0	0	0	
0.017	0.773826	-0.00366898	1.98621	1.29228	6.41686	2.56675	9.50583e-08	0	0	0	0	0	0	0	0	
0.018	0.773912	-0.00391898	1.98625	1.29214	6.41628	2.56651	9.50269e-08	0	0	0	0	0	0	0	0	
0.019	0.773924	-0.00416949	1.98629	1.29212	6.41629	2.56652	9.32293e-08	0	0	0	0	0	0	0	0	
0.02	0.773909	-0.00441989	1.98631	1.29214	6.4165	2.5666	9.13346e-08	0	0	0	0	0	0	0	0	
0.021	0.773905	-0.00466959	1.98634	1.29215	6.4166	2.56664	9.04745e-08	0	0	0	0	0	0	0	0	
0.022	0.773934	-0.00491805	1.98635	1.2921	6.41641	2.56656	9.10361e-08	0	0	0	0	0	0	0	0	
0.023	0.774008	-0.00516479	1.98636	1.29198	6.41581	2.56633	9.26439e-08	0	0	0	0	0	0	0	0	
0.024	0.774133	-0.00540939	1.98636	1.29177	6.41478	2.56591	9.41979e-08	0	0	0	0	0	0	0	0	
0.025	0.774306	-0.00565154	1.98635	1.29148	6.41331	2.56532	9.45047e-08	0	0	0	0	0	0	0	0	
0.026	0.774521	-0.00589097	1.98633	1.29112	6.41147	2.56459	9.36813e-08	0	0	0	0	0	0	0	0	
0.027	0.774767	-0.00612751	1.9863	1.29071	6.40935	2.56374	9.33017e-08	0	0	0	0	0	0	0	0	
0.028	0.775032	-0.00636105	1.98627	1.29027	6.40705	2.56282	9.36544e-08	0	0	0	0	0	0	0	0	
0.029	0.775303	-0.00659155	1.98623	1.28982	6.40468	2.56187	9.30187e-08	0	0	0	0	0	0	0	0	
0.03	0.775572	-0.00681904	1.98618	1.28937	6.4023	2.56092	9.18152e-08	0	0	0	0	0	0	0	0	
0.031	0.775834	-0.00704358	1.98612	1.28894	6.39997	2.55999	9.16759e-08	0	0	0	0	0	0	0	0	
0.032	0.776089	-0.00726532	1.98606	1.28851	6.39766	2.55906	9.22236e-08	0	0	0	0	0	0	0	0	
0.033	0.776346	-0.00748439	1.98599	1.28809	6.39533	2.55813	9.23102e-08	0	0	0	0	0	0	0	0	
0.034	0.776613	-0.00770102	1.98592	1.28764	6.39289	2.55716	9.12138e-08	0	0	0	0	0	0	0	0	
0.035	0.776901	-0.00791542	1.98584	1.28716	6.39027	2.55611	8.97409e-08	0	0	0	0	0	0	0	0	
0.036	0.777217	-0.00812784	1.98576	1.28664	6.38741	2.55496	8.90702e-08	0	0	0	0	0	0	0	0	
0.037	0.777565	-0.00833854	1.98568	1.28607	6.38428	2.55371	8.92703e-08	0	0	0	0	0	0	0	0	
0.038	0.777944	-0.00854782	1.98559	1.28544	6.38088	2.55235	9.01672e-08	0	0	0	0	0	0	0	0	
0.039	0.778355	-0.00875596	1.9855	1.28476	6.37723	2.55089	9.14297e-08	0	0	0	0	0	0	0	0	
0.04	0.778795	-0.00896327	1.9854	1.28404	6.37332	2.54933	9.26351e-08	0	0	0	0	0	0	0	0	
0.041	0.779262	-0.00917006	1.98531	1.28327	6.3692	2.54768	9.34207e-08	0	0	0	0	0	0	0	0	
0.042	0.779755	-0.00937665	1.98521	1.28245	6.36486	2.54594	9.37014e-08	0	0	0	0	0	0	0	0	
0.043	0.780271	-0.00958337	1.98512	1.28161	6.36034	2.54414	9.3739e-08	0	0	0	0	0	0	0	0	
0.044	0.780804	-0.00979054	1.98502	1.28073	6.35568	2.54227	9.38421e-08	0	0	0	0	0	0	0	0	
0.045	0.781348	-0.00999847	1.98492	1.27984	6.35095	2.54038	9.39837e-08	0	0	0	0	0	0	0	0	
0.046	0.781892	-0.0102075	1.98482	1.27895	6.34621	2.53848	9.40073e-08	0	0	0	0	0	0	0	0	
0.047	0.782426	-0.0104179	1.98472	1.27808	6.34157	2.53663	9.4178e-08	0	0	0	0	0	0	0	0	
0.048	0.78294	-0.0106299	1.98462	1.27724	6.33709	2.53484	9.492e-08	0	0	0	0	0	0	0	0	
0.049	0.783427	-0.0108439	1.98453	1.27644	6.33284	2.53314	9.61074e-08	0	0	0	0	0	0	0	0	
0.05	0.783886	-0.0110601	1.98443	1.2757	6.32883	2.53153	9.72225e-08	0	0	0	0	0	0	0	0	
0.051	0.784322	-0.0112786	1.98434	1.27499	6.32501	2.53	9.77254e-08	0	0	0	0	0	0	0	0	
0.052	0.784745	-0.0114996	1.98424	1.2743	6.3213	2.52852	9.73669e-08	0	0	0	0	0	0	0	0	
0.053	0.785168	-0.0117233	1.98415	1.27361	6.3176	2.52704	9.63145e-08	0	0	0	0	0	0	0	0	
0.054	0.785604	-0.0119498	1.98406	1.27291	6.3138	2.52552	9.49342e-08	0	0	0	0	0	0	0	0	
0.055	0.786063	-0.0121791	1.98397	1.27216	6.30982	2.52393	9.37271e-08	0	0	0	0	0	0	0	0	
0.056	0.786551	-0.0124111	1.98387	1.27137	6.30561	2.52224	9.31039e-08	0	0	0	0	0	0	0	0	
0.057	0.787066	-0.0126459	1.98378	1.27054	6.30119	2.52047	9.30757e-08	0	0	0	0	0	0	0	0	
0.058	0.787604	-0.0128834	1.98369	1.26967	6.29659	2.51864	9.3259e-08	0	0	0	0	0	0	0	0	
0.059	0.788155	-0.0131234	1.98359	1.26879	6.29189	2.51676	9.33141e-08	0	0	0	0	0	0	0	0	
0.06	0.78871	-0.0133658	1.9835	1.26789	6.28716	2.51486	9.32694e-08	0	0	0	0	0	0	0	0	
0.061	0.789259	-0.0136103	1.9834	1.26701	6.28248	2.51299	9.33201e-08	0	0	0	0	0	0	0	0	
0.062	0.789797	-0.0138569	1.9833	1.26615	6.27788	2.51115	9.35688e-08	0	0	0	0	0	0	0	0	
0.063	0.79032	-0.0141051	1.9832	1.26531	6.27341	2.50936	9.40591e-08	0	0	0	0	0	0	0	0	
0.064	0.790828	-0.0143549	1.98309	1.2645	6.26904	2.50762	9.47439e-08	0	0	0	0	0	0	0	0	
0.065	0.791324	-0.014606	1.98298	1.2637	6.26476	2.50591	9.53959e-08	0	0	0	0	0	0	0	0	
0.066	0.791814	-0.014858	1.98287	1.26292	6.26053	2.50421	9.57478e-08	0	0	0	0	0	0	0	0	
0.067	0.792302	-0.0151108	1.98275	1.26214	6.2563	2.50252	9.56979e-08	0	0	0	0	0	0	0	0	
0.068	0.792797	-0.015364	1.98263	1.26136	6.25201	2.5008	9.52765e-08	0	0	0	0	0	0	0	0	
0.069	0.793301	-0.0156175	1.9825	1.26055	6.24763	2.49905	9.46166e-08	0	0	0	0	0	0	0	0	
0.07	0.793819	-0.0158711	1.98237	1.25973	6.24314	2.49725	9.39989e-08	0	0	0	0	0	0	0	0	
0.071	0.794352	-0.0161244	1.98223	1.25889	6.23852	2.49541	9.3736e-08	0	0	0	0	0	0	0	0	
0.072	0.794897	-0.0163772	1.98209	1.25803	6.23379	2.49352	9.39235e-08	0	0	0	0	0	0	0	0	
0.073	0.795451	-0.0166294	1.98194	1.25715	6.22898	2.49159	9.4317e-08	0	0	0	0	0	0	0	0	
0.074	0.796011	-0.0168808	1.98179	1.25626	6.22412	2.48965	9.45404e-08	0	0	0	0	0	0	0	0	
0.075	0.796573	-0.0171311	1.98163	1.25538	6.21923	2.48769	9.44449e-08	0	0	0	0	0	0	0	0	
0.076	0.797133	-0.0173803	1.98147	1.2545	6.21435	2.48574	9.42282e-08	0	0	0	0	0	0	0	0	
0.077	0.797689	-0.0176281	1.9813	1.25362	6.20949	2.4838	9.42043e-08	0	0	0	0	0	0	0	0	
0.078	0.79824	-0.0178745	1.98112	1.25276	6.20466	2.48186	9.45086e-08	0	0	0	0	0	0	0	0	
0.079	0.79879	-0.0181193	1.98095	1.25189	6.19984	2.47994	9.50004e-08	0	0	0	0	0	0	0	0	
0.08	0.799342	-0.0183625	1.98077	1.25103	6.19499	2.478	9.54014e-08	0	0	0	0	0	0	0	0	
0.081	0.799902	-0.0186041	1.98058	1.25015	6.19008	2.47603	9.55204e-08	0	0	0	0	0	0	0	0	
0.082	0.800477	-0.0188441	1.98039	1.24926	6.18504	2.47402	9.53471e-08	0	0	0	0	0	0	0	0	
0.083	0.801073	-0.0190826	1.9802	1.24833	6.17984	2.47194	9.50039e-08	0	0	0	0	0	0	0	0	
0.084	0.801695	-0.0193196	1.98001	1.24736	6.17444	2.46978	9.4669e-08	0	0	0	0	0	0	0	0	
0.085	0.802343	-0.0195553	1.97981	1.24635	6.16883	2.46753	9.4486e-08	0	0	0	0	0	0	0	0	
0.086	0.803017	-0.01979	1.97961	1.2453	6.16304	2.46522	9.44872e-08	0	0	0	0	0	0	0	0	
0.087	0.803712	-0.0200239	1.97941	1.24423	6.15709	2.46284	9.46159e-08	0	0	0	0	0	0	0	0	
0.088	0.804419	-0.0202574	1.97921	1.24313	6.15106	2.46042	9.48225e-08	0	0	0	0	0	0	0	0	
0.089	0.805131	-0.0204908	1.97901	1.24203	6.14499	2.458	9.51028e-08	0	0	0	0	0	0	0	0	
0.09	0.80584	-0.0207245	1.97881	1.24094	6.13896	2.45559	9.54414e-08	0	0	0	0	0	0	0	0	
0.091	0.80654	-0.020959	1.97861	1.23986	6.13302	2.45321	9.57646e-08	0	0	0	0	0	0	0	0	
0.092	0.807224	-0.0211947	1.97841	1.23881	6.12721	2.45088	9.59705e-08	0	0	0	0	0	0	0	0	
0.093	0.807889	-0.0214321	1.97822	1.23779	6.12155	2.44862	9.59806e-08	0	0	0	0	0	0	0	0	
0.094	0.808532	-0.0216717	1.97802	1.23681	6.11609	2.44644	9.57691e-08	0	0	0	0	0	0	0	0	
0.095	0.809147	-0.0219138	1.97783	1.23587	6.11085	2.44434	9.53782e-08	0	0	0	0	0	0	0	0	
0.096	0.809733	-0.022159	1.97764	1.23497	6.10584	2.44234	9.49143e-08	0	0	0	0	0	0	0	0	
0.097	0.810286	-0.0224075	1.97746	1.23413	6.10111	2.44044	9.45335e-08	0	0	0	0	0	0	0	0	
0.098	0.810802	-0.0226596	1.97727	1.23335	6.09665	2.43866	9.43984e-08	0	0	0	0	0	0	0	0	
0.099	0.811281	-0.0229157	1.97709	1.23262	6.0925	2.437	9.45739e-08	0	0	0	0	0	0	0	0	
0.1	0.811721	-0.0231759	1.97691	1.23195	6.08865	2.43546	9.49343e-08	0	0	0	0	0	0	0	0	
0.101	0.812122	-0.0234402	1.97674	1.23134	6.0851	2.43404	9.52248e-08	0	0	0	0	0	0	0	0	
0.102	0.812484	-0.0237086	1.97656	1.23079	6.08185	2.43274	9.52616e-08	0	0	0	0	0	0	0	0	
0.103	0.812808	-0.0239811	1.97639	1.2303	6.07888	2.43155	9.50494e-08	0	0	0	0	0	0	0	0	
0.104	0.813096	-0.0242576	1.97621	1.22987	6.07619	2.43048	9.47069e-08	0	0	0	0	0	0	0	0	
0.105	0.813349	-0.0245377	1.97604	1.22949	6.07377	2.42951	9.43359e-08	0	0	0	0	0	0	0	0	
0.106	0.813569	-0.0248213	1.97586	1.22915	6.07158	2.42863	9.39904e-08	0	0	0	0	0	0	0	0	
0.107	0.813758	-0.0251079	1.97568	1.22887	6.06961	2.42784	9.37191e-08	0	0	0	0	0	0	0	0	
0.108	0.813921	-0.0253972	1.97549	1.22862	6.06783	2.42713	9.35774e-08	0	0	0	0	0	0	0	0	
0.109	0.814059	-0.0256889	1.9753	1.22841	6.06622	2.42649	9.36003e-08	0	0	0	0	0	0	0	0	
0.11	0.814176	-0.0259824	1.97511	1.22824	6.06475	2.4259	9.37997e-08	0	0	0	0	0	0	0	0	
0.111	0.814275	-0.0262773	1.97491	1.22809	6.0634	2.42536	9.41822e-08	0	0	0	0	0	0	0	0	
0.112	0.814359	-0.0265732	1.9747	1.22796	6.06214	2.42486	9.47272e-08	0	0	0	0	0	0	0	0	
0.113	0.814429	-0.0268697	1.97449	1.22785	6.06095	2.42438	9.53503e-08	0	0	0	0	0	0	0	0	
0.114	0.81449	-0.0271665	1.97427	1.22776	6.05983	2.42393	9.59144e-08	0	0	0	0	0	0	0	0	
0.115	0.814541	-0.027463	1.97404	1.22769	6.05874	2.4235	9.62912e-08	0	0	0	0	0	0	0	0	
0.116	0.814584	-0.0277589	1.9738	1.22762	6.05768	2.42307	9.64186e-08	0	0	0	0	0	0	0	0	
0.117	0.81462	-0.028054	1.97355	1.22757	6.05665	2.42266	9.63051e-08	0	0	0	0	0	0	0	0	
0.118	0.814649	-0.028348	1.97329	1.22752	6.05565	2.42226	9.59882e-08	0	0	0	0	0	0	0	0	
0.119	0.814671	-0.0286406	1.97303	1.22749	6.05467	2.42187	9.55041e-08	0	0	0	0	0	0	0	0	
0.12	0.814684	-0.0289315	1.97275	1.22747	6.05373	2.42149	9.49073e-08	0	0	0	0	0	0	0	0	
0.121	0.814687	-0.0292207	1.97247	1.22747	6.05284	2.42114	9.43079e-08	0	0	0	0	0	0	0	0	
0.122	0.814676	-0.029508	1.97218	1.22748	6.05203	2.42081	9.38599e-08	0	0	0	0	0	0	0	0	
0.123	0.81465	-0.0297934	1.97188	1.22752	6.0513	2.42052	9.36889e-08	0	0	0	0	0	0	0	0	
0.124	0.814606	-0.0300769	1.97157	1.22759	6.05068	2.42027	9.38119e-08	0	0	0	0	0	0	0	0	
0.125	0.814542	-0.0303585	1.97125	1.22768	6.05018	2.42007	9.41117e-08	0	0	0	0	0	0	0	0	
0.126	0.814458	-0.0306384	1.97093	1.22781	6.04981	2.41993	9.43994e-08	0	0	0	0	0	0	0	0	
0.127	0.814352	-0.0309169	1.9706	1.22797	6.04958	2.41983	9.45232e-08	0	0	0	0	0	0	0	0	
0.128	0.814225	-0.0311941	1.97026	1.22816	6.04949	2.4198	9.44468e-08	0	0	0	0	0	0	0	0	
0.129	0.814078	-0.0314707	1.96991	1.22838	6.04952	2.41981	9.42505e-08	0	0	0	0	0	0	0	0	
0.13	0.813911	-0.0317471	1.96956	1.22864	6.04969	2.41987	9.4064e-08	0	0	0	0	0	0	0	0	
0.131	0.813727	-0.0320238	1.96921	1.22891	6.04996	2.41999	9.39821e-08	0	0	0	0	0	0	0	0	
0.132	0.813527	-0.0323016	1.96885	1.22922	6.05034	2.42014	9.40154e-08	0	0	0	0	0	0	0	0	
0.133	0.813314	-0.0325813	1.96848	1.22954	6.05081	2.42032	9.40991e-08	0	0	0	0	0	0	0	0	
0.134	0.813089	-0.0328636	1.96812	1.22988	6.05136	2.42054	9.41424e-08	0	0	0	0	0	0	0	0	
0.135	0.812855	-0.0331495	1.96775	1.23023	6.05196	2.42079	9.40863e-08	0	0	0	0	0	0	0	0	
0.136	0.812614	-0.0334399	1.96738	1.2306	6.05262	2.42105	9.39328e-08	0	0	0	0	0	0	0	0	
0.137	0.812367	-0.0337358	1.96701	1.23097	6.05332	2.42133	9.37298e-08	0	0	0	0	0	0	0	0	
0.138	0.812116	-0.0340379	1.96664	1.23135	6.05405	2.42162	9.35259e-08	0	0	0	0	0	0	0	0	
0.139	0.811862	-0.0343472	1.96627	1.23174	6.0548	2.42192	9.33351e-08	0	0	0	0	0	0	0	0	
0.14	0.811608	-0.0346645	1.9659	1.23212	6.05556	2.42222	9.31356e-08	0	0	0	0	0	0	0	0	
0.141	0.811355	-0.0349904	1.96553	1.23251	6.05631	2.42252	9.28936e-08	0	0	0	0	0	0	0	0	
0.142	0.811105	-0.0353255	1.96516	1.23289	6.05705	2.42282	9.25934e-08	0	0	0	0	0	0	0	0	
0.143	0.81086	-0.0356702	1.96479	1.23326	6.05774	2.4231	9.22546e-08	0	0	0	0	0	0	0	0	
0.144	0.810623	-0.0360248	1.96442	1.23362	6.05838	2.42335	9.19282e-08	0	0	0	0	0	0	0	0	
0.145	0.810397	-0.0363894	1.96406	1.23396	6.05894	2.42358	9.16718e-08	0	0	0	0	0	0	0	0	
0.146	0.810182	-0.0367639	1.96369	1.23429	6.05941	2.42376	9.152e-08	0	0	0	0	0	0	0	0	
0.147	0.809979	-0.037148	1.96332	1.2346	6.05979	2.42391	9.14694e-08	0	0	0	0	0	0	0	0	
0.148	0.809787	-0.0375415	1.96295	1.23489	6.06007	2.42403	9.14875e-08	0	0	0	0	0	0	0	0	
0.149	0.809605	-0.0379437	1.96257	1.23517	6.06027	2.42411	9.15359e-08	0	0	0	0	0	0	0	0	
0.15	0.809429	-0.0383541	1.96219	1.23544	6.0604	2.42416	9.1591e-08	0	0	0	0	0	0	0	0	
0.151	0.809256	-0.0387719	1.96179	1.2357	6.06049	2.4242	9.16493e-08	0	0	0	0	0	0	0	0	
0.152	0.809081	-0.0391962	1.96139	1.23597	6.06056	2.42422	9.1718e-08	0	0	0	0	0	0	0	0	
0.153	0.808901	-0.0396264	1.96098	1.23624	6.06064	2.42426	9.17986e-08	0	0	0	0	0	0	0	0	
0.154	0.808713	-0.0400615	1.96056	1.23653	6.06075	2.4243	9.18792e-08	0	0	0	0	0	0	0	0	
0.155	0.808514	-0.0405007	1.96013	1.23684	6.0609	2.42436	9.19395e-08	0	0	0	0	0	0	0	0	
0.156	0.808303	-0.0409432	1.95968	1.23716	6.0611	2.42444	9.19596e-08	0	0	0	0	0	0	0	0	
0.157	0.808079	-0.0413883	1.95922	1.2375	6.06135	2.42454	9.19267e-08	0	0	0	0	0	0	0	0	
0.158	0.807842	-0.0418354	1.95874	1.23787	6.06165	2.42466	9.18392e-08	0	0	0	0	0	0	0	0	
0.159	0.807593	-0.0422839	1.95825	1.23825	6.06199	2.4248	9.17125e-08	0	0	0	0	0	0	0	0	
0.16	0.807332	-0.0427334	1.95774	1.23865	6.06237	2.42495	9.15775e-08	0	0	0	0	0	0	0	0	
0.161	0.807062	-0.0431836	1.95721	1.23906	6.06276	2.42511	9.14658e-08	0	0	0	0	0	0	0	0	
0.162	0.806784	-0.0436342	1.95667	1.23949	6.06317	2.42527	9.13888e-08	0	0	0	0	0	0	0	0	
0.163	0.8065	-0.0440852	1.95611	1.23993	6.06357	2.42543	9.13298e-08	0	0	0	0	0	0	0	0	
0.164	0.80621	-0.0445365	1.95553	1.24037	6.06397	2.42559	9.12629e-08	0	0	0	0	0	0	0	0	
0.165	0.805917	-0.0449882	1.95494	1.24082	6.06434	2.42574	9.11858e-08	0	0	0	0	0	0	0	0	
0.166	0.805621	-0.0454406	1.95433	1.24128	6.06468	2.42587	9.11437e-08	0	0	0	0	0	0	0	0	
0.167	0.805323	-0.0458938	1.95371	1.24174	6.06499	2.426	9.12219e-08	0	0	0	0	0	0	0	0	
0.168	0.805024	-0.0463482	1.95307	1.2422	6.06526	2.42611	9.15112e-08	0	0	0	0	0	0	0	0	
0.169	0.804725	-0.0468042	1.95242	1.24266	6.06549	2.4262	9.20626e-08	0	0	0	0	0	0	0	0	
0.17	0.804427	-0.0472621	1.95176	1.24312	6.06568	2.42627	9.28584e-08	0	0	0	0	0	0	0	0	
0.171	0.804129	-0.0477226	1.95108	1.24358	6.06582	2.42633	9.38129e-08	0	0	0	0	0	0	0	0	
0.172	0.803833	-0.0481862	1.95039	1.24404	6.0659	2.42636	9.48007e-08	0	0	0	0	0	0	0	0	
0.173	0.80354	-0.0486534	1.94969	1.24449	6.06593	2.42637	9.56963e-08	0	0	0	0	0	0	0	0	
0.174	0.80325	-0.0491248	1.94897	1.24494	6.06589	2.42636	9.64036e-08	0	0	0	0	0	0	0	0	
0.175	0.802965	-0.0496012	1.94825	1.24538	6.06579	2.42632	9.68661e-08	0	0	0	0	0	0	0	0	
0.176	0.802684	-0.0500832	1.94751	1.24582	6.06562	2.42625	9.70592e-08	0	0	0	0	0	0	0	0	
0.177	0.802409	-0.0505716	1.94677	1.24625	6.06539	2.42616	9.69749e-08	0	0	0	0	0	0	0	0	
0.178	0.802139	-0.051067	1.94602	1.24667	6.06509	2.42604	9.66113e-08	0	0	0	0	0	0	0	0	
0.179	0.801874	-0.0515702	1.94526	1.24708	6.06473	2.42589	9.59713e-08	0	0	0	0	0	0	0	0	
0.18	0.801614	-0.0520818	1.9445	1.24748	6.06432	2.42573	9.50699e-08	0	0	0	0	0	0	0	0	
0.181	0.801357	-0.0526025	1.94373	1.24788	6.06388	2.42555	9.39431e-08	0	0	0	0	0	0	0	0	
0.182	0.801103	-0.0531328	1.94296	1.24828	6.0634	2.42536	9.26538e-08	0	0	0	0	0	0	0	0	
0.183	0.800851	-0.0536732	1.94219	1.24867	6.06291	2.42516	9.12899e-08	0	0	0	0	0	0	0	0	
0.184	0.8006	-0.054224	1.94143	1.24906	6.06241	2.42496	8.99549e-08	0	0	0	0	0	0	0	0	
0.185	0.80035	-0.0547852	1.94066	1.24945	6.06191	2.42476	8.87532e-08	0	0	0	0	0	0	0	0	
0.186	0.800099	-0.0553568	1.9399	1.24984	6.06143	2.42457	8.77732e-08	0	0	0	0	0	0	0	0	
0.187	0.799849	-0.0559385	1.93914	1.25024	6.06096	2.42438	8.70726e-08	0	0	0	0	0	0	0	0	
0.188	0.799598	-0.0565298	1.93839	1.25063	6.0605	2.4242	8.66693e-08	0	0	0	0	0	0	0	0	
0.189	0.799347	-0.0571298	1.93764	1.25102	6.06007	2.42403	8.65396e-08	0	0	0	0	0	0	0	0	
0.19	0.799097	-0.0577376	1.9369	1.25141	6.05967	2.42387	8.66255e-08	0	0	0	0	0	0	0	0	
0.191	0.798848	-0.0583518	1.93618	1.2518	6.05928	2.42371	8.68487e-08	0	0	0	0	0	0	0	0	
0.192	0.7986	-0.058971	1.93546	1.25219	6.0589	2.42356	8.71283e-08	0	0	0	0	0	0	0	0	
0.193	0.798353	-0.0595933	1.93474	1.25258	6.05855	2.42342	8.73985e-08	0	0	0	0	0	0	0	0	
0.194	0.798109	-0.060217	1.93404	1.25296	6.0582	2.42328	8.76206e-08	0	0	0	0	0	0	0	0	
0.195	0.797868	-0.06084	1.93335	1.25334	6.05786	2.42315	8.77867e-08	0	0	0	0	0	0	0	0	
0.196	0.797629	-0.0614602	1.93267	1.25372	6.05753	2.42301	8.79126e-08	0	0	0	0	0	0	0	0	
0.197	0.797393	-0.0620753	1.93199	1.25409	6.05721	2.42288	8.80244e-08	0	0	0	0	0	0	0	0	
0.198	0.797161	-0.0626833	1.93133	1.25445	6.05689	2.42276	8.81422e-08	0	0	0	0	0	0	0	0	
0.199	0.796932	-0.0632819	1.93067	1.25481	6.05658	2.42263	8.82683e-08	0	0	0	0	0	0	0	0	
0.2	0.796706	-0.0638691	1.93002	1.25517	6.05626	2.42251	8.83843e-08	0	0	0	0	0	0	0	0	
0.201	0.796483	-0.0644431	1.92939	1.25552	6.05595	2.42238	8.84584e-08	0	0	0	0	0	0	0	0	
0.202	0.796265	-0.065002	1.92876	1.25586	6.05564	2.42226	8.84595e-08	0	0	0	0	0	0	0	0	
0.203	0.79605	-0.0655443	1.92814	1.2562	6.05533	2.42213	8.83716e-08	0	0	0	0	0	0	0	0	
0.204	0.79584	-0.0660687	1.92753	1.25653	6.05501	2.42201	8.82013e-08	0	0	0	0	0	0	0	0	
0.205	0.795635	-0.0665741	1.92693	1.25686	6.0547	2.42188	8.79765e-08	0	0	0	0	0	0	0	0	
0.206	0.795434	-0.0670595	1.92634	1.25717	6.05438	2.42175	8.77356e-08	0	0	0	0	0	0	0	0	
0.207	0.795239	-0.0675244	1.92577	1.25748	6.05406	2.42162	8.75139e-08	0	0	0	0	0	0	0	0	
0.208	0.79505	-0.0679682	1.92521	1.25778	6.05373	2.42149	8.73324e-08	0	0	0	0	0	0	0	0	
0.209	0.794866	-0.0683908	1.92466	1.25807	6.0534	2.42136	8.71943e-08	0	0	0	0	0	0	0	0	
0.21	0.794689	-0.0687921	1.92412	1.25835	6.05306	2.42123	8.7089e-08	0	0	0	0	0	0	0	0	
0.211	0.794518	-0.0691723	1.9236	1.25863	6.05273	2.42109	8.70005e-08	0	0	0	0	0	0	0	0	
0.212	0.794353	-0.0695318	1.92309	1.25889	6.05239	2.42096	8.69154e-08	0	0	0	0	0	0	0	0	
0.213	0.794195	-0.069871	1.9226	1.25914	6.05205	2.42082	8.68274e-08	0	0	0	0	0	0	0	0	
0.214	0.794042	-0.0701904	1.92213	1.25938	6.05172	2.42069	8.67368e-08	0	0	0	0	0	0	0	0	
0.215	0.793896	-0.0704909	1.92167	1.25961	6.05139	2.42056	8.66479e-08	0	0	0	0	0	0	0	0	
0.216	0.793755	-0.0707733	1.92123	1.25983	6.05107	2.42043	8.65659e-08	0	0	0	0	0	0	0	0	
0.217	0.79362	-0.0710384	1.9208	1.26005	6.05076	2.4203	8.64962e-08	0	0	0	0	0	0	0	0	
0.218	0.79349	-0.0712874	1.92039	1.26026	6.05046	2.42019	8.64441e-08	0	0	0	0	0	0	0	0	
0.219	0.793365	-0.0715213	1.92	1.26045	6.05018	2.42007	8.64161e-08	0	0	0	0	0	0	0	0	
0.22	0.793245	-0.0717413	1.91963	1.26065	6.04992	2.41997	8.64187e-08	0	0	0	0	0	0	0	0	
0.221	0.793129	-0.0719486	1.91927	1.26083	6.04967	2.41987	8.64564e-08	0	0	0	0	0	0	0	0	
0.222	0.793018	-0.0721447	1.91893	1.26101	6.04944	2.41978	8.65294e-08	0	0	0	0	0	0	0	0	
0.223	0.79291	-0.0723307	1.9186	1.26118	6.04924	2.4197	8.66316e-08	0	0	0	0	0	0	0	0	
0.224	0.792807	-0.0725083	1.9183	1.26134	6.04906	2.41963	8.67504e-08	0	0	0	0	0	0	0	0	
0.225	0.792707	-0.0726787	1.91801	1.2615	6.04891	2.41957	8.68684e-08	0	0	0	0	0	0	0	0	
0.226	0.792609	-0.0728435	1.91773	1.26166	6.0488	2.41952	8.69658e-08	0	0	0	0	0	0	0	0	
0.227	0.792514	-0.0730041	1.91748	1.26181	6.04872	2.41949	8.70237e-08	0	0	0	0	0	0	0	0	
0.228	0.792421	-0.0731619	1.91724	1.26196	6.04869	2.41948	8.70263e-08	0	0	0	0	0	0	0	0	
0.229	0.79233	-0.0733183	1.91703	1.2621	6.0487	2.41948	8.69639e-08	0	0	0	0	0	0	0	0	
0.23	0.792239	-0.0734745	1.91683	1.26225	6.04877	2.41951	8.68347e-08	0	0	0	0	0	0	0	0	
0.231	0.792149	-0.0736317	1.91665	1.26239	6.04888	2.41955	8.66458e-08	0	0	0	0	0	0	0	0	
0.232	0.792061	-0.0737908	1.91648	1.26253	6.04904	2.41962	8.64122e-08	0	0	0	0	0	0	0	0	
0.233	0.791975	-0.0739527	1.91634	1.26267	6.04924	2.4197	8.61555e-08	0	0	0	0	0	0	0	0	
0.234	0.791893	-0.074118	1.91621	1.2628	6.04947	2.41979	8.59005e-08	0	0	0	0	0	0	0	0	
0.235	0.791816	-0.0742871	1.9161	1.26292	6.0497	2.41988	8.56715e-08	0	0	0	0	0	0	0	0	
0.236	0.791748	-0.0744601	1.91601	1.26303	6.04993	2.41997	8.54893e-08	0	0	0	0	0	0	0	0	
0.237	0.791689	-0.0746372	1.91592	1.26312	6.05012	2.42005	8.53687e-08	0	0	0	0	0	0	0	0	
0.238	0.791643	-0.074818	1.91586	1.26319	6.05025	2.4201	8.53168e-08	0	0	0	0	0	0	0	0	
0.239	0.791613	-0.0750022	1.9158	1.26324	6.05031	2.42012	8.53327e-08	0	0	0	0	0	0	0	0	
0.24	0.791599	-0.0751891	1.91575	1.26327	6.05026	2.4201	8.54089e-08	0	0	0	0	0	0	0	0	
0.241	0.791602	-0.0753782	1.91571	1.26326	6.05011	2.42004	8.55325e-08	0	0	0	0	0	0	0	0	
0.242	0.791623	-0.0755686	1.91568	1.26323	6.04984	2.41994	8.56873e-08	0	0	0	0	0	0	0	0	
0.243	0.791661	-0.0757595	1.91565	1.26317	6.04946	2.41978	8.58567e-08	0	0	0	0	0	0	0	0	
0.244	0.791712	-0.0759497	1.91562	1.26308	6.04898	2.41959	8.60259e-08	0	0	0	0	0	0	0	0	
0.245	0.791775	-0.0761385	1.91559	1.26298	6.04841	2.41937	8.61829e-08	0	0	0	0	0	0	0	0	
0.246	0.791846	-0.0763248	1.91557	1.26287	6.04778	2.41911	8.63199e-08	0	0	0	0	0	0	0	0	
0.247	0.791921	-0.0765077	1.91554	1.26275	6.04712	2.41885	8.64331e-08	0	0	0	0	0	0	0	0	
0.248	0.791996	-0.0766863	1.9155	1.26263	6.04644	2.41858	8.65217e-08	0	0	0	0	0	0	0	0	
0.249	0.792068	-0.0768596	1.91547	1.26252	6.04578	2.41831	8.65876e-08	0	0	0	0	0	0	0	0	
0.25	0.792132	-0.077027	1.91543	1.26242	6.04516	2.41806	8.66337e-08	0	0	0	0	0	0	0	0	
0.251	0.792187	-0.0771878	1.91538	1.26233	6.0446	2.41784	8.66639e-08	0	0	0	0	0	0	0	0	
0.252	0.79223	-0.0773413	1.91533	1.26226	6.04411	2.41764	8.6682e-08	0	0	0	0	0	0	0	0	
0.253	0.79226	-0.0774871	1.91528	1.26221	6.04371	2.41748	8.66915e-08	0	0	0	0	0	0	0	0	
0.254	0.792276	-0.0776246	1.91522	1.26219	6.0434	2.41736	8.66952e-08	0	0	0	0	0	0	0	0	
0.255	0.79228	-0.0777535	1.91516	1.26218	6.04319	2.41728	8.6695e-08	0	0	0	0	0	0	0	0	
0.256	0.79227	-0.0778735	1.9151	1.2622	6.04307	2.41723	8.66912e-08	0	0	0	0	0	0	0	0	
0.257	0.79225	-0.0779841	1.91504	1.26223	6.04304	2.41722	8.66834e-08	0	0	0	0	0	0	0	0	
0.258	0.79222	-0.0780851	1.91498	1.26228	6.04308	2.41723	8.66697e-08	0	0	0	0	0	0	0	0	
0.259	0.792182	-0.0781761	1.91493	1.26234	6.0432	2.41728	8.6648e-08	0	0	0	0	0	0	0	0	
0.26	0.792138	-0.0782569	1.91488	1.26241	6.04338	2.41735	8.66165e-08	0	0	0	0	0	0	0	0	
0.261	0.79209	-0.0783269	1.91483	1.26248	6.04361	2.41745	8.65742e-08	0	0	0	0	0	0	0	0	
0.262	0.79204	-0.0783858	1.9148	1.26256	6.04389	2.41756	8.6522e-08	0	0	0	0	0	0	0	0	
0.263	0.79199	-0.0784333	1.91478	1.26264	6.04421	2.41768	8.64626e-08	0	0	0	0	0	0	0	0	
0.264	0.791942	-0.0784689	1.91477	1.26272	6.04455	2.41782	8.63997e-08	0	0	0	0	0	0	0	0	
0.265	0.791897	-0.0784921	1.91478	1.26279	6.04491	2.41796	8.63374e-08	0	0	0	0	0	0	0	0	
0.266	0.791859	-0.0785027	1.9148	1.26285	6.04529	2.41811	8.62783e-08	0	0	0	0	0	0	0	0	
0.267	0.791827	-0.0785001	1.91485	1.2629	6.04567	2.41827	8.62224e-08	0	0	0	0	0	0	0	0	
0.268	0.791805	-0.078484	1.91492	1.26294	6.04605	2.41842	8.6167e-08	0	0	0	0	0	0	0	0	
0.269	0.791793	-0.0784539	1.91501	1.26296	6.04642	2.41857	8.61062e-08	0	0	0	0	0	0	0	0	
0.27	0.791795	-0.0784097	1.91512	1.26295	6.04678	2.41871	8.60329e-08	0	0	0	0	0	0	0	0	
0.271	0.79181	-0.0783508	1.91527	1.26293	6.04713	2.41885	8.59403e-08	0	0	0	0	0	0	0	0	
0.272	0.791841	-0.0782773	1.91545	1.26288	6.04745	2.41898	8.5824e-08	0	0	0	0	0	0	0	0	
0.273	0.791889	-0.0781888	1.91566	1.2628	6.04774	2.4191	8.56836e-08	0	0	0	0	0	0	0	0	
0.274	0.791954	-0.0780853	1.9159	1.2627	6.04802	2.41921	8.5524e-08	0	0	0	0	0	0	0	0	
0.275	0.792036	-0.0779667	1.91618	1.26257	6.04827	2.41931	8.53553e-08	0	0	0	0	0	0	0	0	
0.276	0.792137	-0.0778331	1.9165	1.26241	6.04851	2.4194	8.51921e-08	0	0	0	0	0	0	0	0	
0.277	0.792256	-0.0776845	1.91686	1.26222	6.04873	2.41949	8.50514e-08	0	0	0	0	0	0	0	0	
0.278	0.792392	-0.077521	1.91726	1.262	6.04895	2.41958	8.4951e-08	0	0	0	0	0	0	0	0	
0.279	0.792544	-0.0773427	1.9177	1.26176	6.04918	2.41967	8.49065e-08	0	0	0	0	0	0	0	0	
0.28	0.792712	-0.0771497	1.91818	1.26149	6.04942	2.41977	8.49292e-08	0	0	0	0	0	0	0	0	
0.281	0.792894	-0.0769422	1.9187	1.2612	6.04969	2.41987	8.50251e-08	0	0	0	0	0	0	0	0	
0.282	0.793089	-0.0767204	1.91927	1.26089	6.04998	2.41999	8.51933e-08	0	0	0	0	0	0	0	0	
0.283	0.793295	-0.0764843	1.91988	1.26056	6.05032	2.42013	8.54269e-08	0	0	0	0	0	0	0	0	
0.284	0.793512	-0.0762341	1.92052	1.26022	6.05071	2.42028	8.57136e-08	0	0	0	0	0	0	0	0	
0.285	0.793737	-0.0759701	1.92121	1.25986	6.05115	2.42046	8.60371e-08	0	0	0	0	0	0	0	0	
0.286	0.79397	-0.0756922	1.92193	1.25949	6.05165	2.42066	8.63793e-08	0	0	0	0	0	0	0	0	
0.287	0.79421	-0.0754007	1.92269	1.25911	6.0522	2.42088	8.67213e-08	0	0	0	0	0	0	0	0	
0.288	0.794454	-0.0750958	1.92347	1.25873	6.05281	2.42112	8.70456e-08	0	0	0	0	0	0	0	0	
0.289	0.794703	-0.0747775	1.92429	1.25833	6.05347	2.42139	8.73369e-08	0	0	0	0	0	0	0	0	
0.29	0.794955	-0.0744461	1.92512	1.25793	6.05419	2.42167	8.75824e-08	0	0	0	0	0	0	0	0	
0.291	0.79521	-0.0741021	1.92598	1.25753	6.05495	2.42198	8.77728e-08	0	0	0	0	0	0	0	0	
0.292	0.795465	-0.0737459	1.92686	1.25713	6.05576	2.4223	8.79017e-08	0	0	0	0	0	0	0	0	
0.293	0.795721	-0.0733782	1.92775	1.25672	6.05661	2.42264	8.79657e-08	0	0	0	0	0	0	0	0	
0.294	0.795977	-0.0729995	1.92865	1.25632	6.0575	2.423	8.79643e-08	0	0	0	0	0	0	0	0	
0.295	0.796232	-0.0726106	1.92956	1.25591	6.05841	2.42336	8.78995e-08	0	0	0	0	0	0	0	0	
0.296	0.796486	-0.0722125	1.93047	1.25552	6.05935	2.42374	8.77755e-08	0	0	0	0	0	0	0	0	
0.297	0.796737	-0.0718059	1.93139	1.25512	6.06031	2.42413	8.75983e-08	0	0	0	0	0	0	0	0	
0.298	0.796986	-0.071392	1.9323	1.25473	6.06129	2.42451	8.73758e-08	0	0	0	0	0	0	0	0	
0.299	0.797233	-0.070972	1.93321	1.25434	6.06227	2.42491	8.71163e-08	0	0	0	0	0	0	0	0	
0.3	0.797477	-0.0705471	1.93412	1.25395	6.06325	2.4253	8.68289e-08	0	0	0	0	0	0	0	0	
0.301	0.797721	-0.0701184	1.93502	1.25357	6.06422	2.42569	8.65227e-08	0	0	0	0	0	0	0	0	
0.302	0.797963	-0.0696872	1.93591	1.25319	6.06517	2.42607	8.62061e-08	0	0	0	0	0	0	0	0	
0.303	0.798205	-0.0692542	1.9368	1.25281	6.0661	2.42644	8.58868e-08	0	0	0	0	0	0	0	0	
0.304	0.798449	-0.0688203	1.93768	1.25243	6.067	2.4268	8.55719e-08	0	0	0	0	0	0	0	0	
0.305	0.798694	-0.0683857	1.93854	1.25204	6.06786	2.42714	8.52675e-08	0	0	0	0	0	0	0	0	
0.306	0.798942	-0.0679506	1.9394	1.25166	6.06867	2.42747	8.49795e-08	0	0	0	0	0	0	0	0	
0.307	0.799194	-0.067515	1.94026	1.25126	6.06942	2.42777	8.47132e-08	0	0	0	0	0	0	0	0	
0.308	0.79945	-0.0670786	1.94111	1.25086	6.07013	2.42805	8.44735e-08	0	0	0	0	0	0	0	0	
0.309	0.799711	-0.0666409	1.94195	1.25045	6.07079	2.42832	8.42648e-08	0	0	0	0	0	0	0	0	
0.31	0.799978	-0.0662009	1.94279	1.25004	6.0714	2.42856	8.40913e-08	0	0	0	0	0	0	0	0	
0.311	0.80025	-0.0657575	1.94364	1.24961	6.07197	2.42879	8.39561e-08	0	0	0	0	0	0	0	0	
0.312	0.800529	-0.0653091	1.94449	1.24917	6.0725	2.429	8.38617e-08	0	0	0	0	0	0	0	0	
0.313	0.800815	-0.0648538	1.94534	1.24873	6.07302	2.42921	8.38092e-08	0	0	0	0	0	0	0	0	
0.314	0.801106	-0.0643894	1.94622	1.24827	6.07353	2.42941	8.37988e-08	0	0	0	0	0	0	0	0	
0.315	0.801405	-0.0639137	1.9471	1.24781	6.07403	2.42961	8.38294e-08	0	0	0	0	0	0	0	0	
0.316	0.80171	-0.0634244	1.94802	1.24733	6.07456	2.42983	8.38986e-08	0	0	0	0	0	0	0	0	
0.317	0.802024	-0.062919	1.94896	1.24685	6.07512	2.43005	8.40034e-08	0	0	0	0	0	0	0	0	
0.318	0.802346	-0.0623951	1.94994	1.24634	6.07573	2.43029	8.41396e-08	0	0	0	0	0	0	0	0	
0.319	0.802678	-0.06185	1.95096	1.24583	6.0764	2.43056	8.4303e-08	0	0	0	0	0	0	0	0	
0.32	0.80302	-0.0612808	1.95203	1.2453	6.07714	2.43086	8.44888e-08	0	0	0	0	0	0	0	0	
0.321	0.803375	-0.0606843	1.95315	1.24475	6.07797	2.43119	8.46925e-08	0	0	0	0	0	0	0	0	
0.322	0.803742	-0.0600572	1.95434	1.24418	6.07889	2.43155	8.49096e-08	0	0	0	0	0	0	0	0	
0.323	0.804124	-0.0593963	1.9556	1.24359	6.0799	2.43196	8.51359e-08	0	0	0	0	0	0	0	0	
0.324	0.804521	-0.0586989	1.95693	1.24297	6.08103	2.43241	8.53676e-08	0	0	0	0	0	0	0	0	
0.325	0.804937	-0.0579622	1.95834	1.24233	6.08227	2.43291	8.56007e-08	0	0	0	0	0	0	0	0	
0.326	0.805372	-0.0571841	1.95984	1.24166	6.08364	2.43346	8.5831e-08	0	0	0	0	0	0	0	0	
0.327	0.805829	-0.0563622	1.96143	1.24096	6.08513	2.43405	8.60539e-08	0	0	0	0	0	0	0	0	
0.328	0.806309	-0.0554941	1.96312	1.24022	6.08674	2.4347	8.62643e-08	0	0	0	0	0	0	0	0	
0.329	0.806812	-0.0545773	1.96491	1.23945	6.08849	2.43539	8.6456e-08	0	0	0	0	0	0	0	0	
0.33	0.807341	-0.053609	1.9668	1.23863	6.09035	2.43614	8.66225e-08	0	0	0	0	0	0	0	0	
0.331	0.807896	-0.0525865	1.96879	1.23778	6.09234	2.43693	8.6757e-08	0	0	0	0	0	0	0	0	
0.332	0.808479	-0.0515076	1.97089	1.23689	6.09443	2.43777	8.68532e-08	0	0	0	0	0	0	0	0	
0.333	0.809091	-0.050371	1.97309	1.23595	6.09663	2.43865	8.69059e-08	0	0	0	0	0	0	0	0	
0.334	0.809734	-0.0491764	1.9754	1.23497	6.09892	2.43957	8.6912e-08	0	0	0	0	0	0	0	0	
0.335	0.810411	-0.0479239	1.97782	1.23394	6.10129	2.44052	8.68709e-08	0	0	0	0	0	0	0	0	
0.336	0.811122	-0.0466135	1.98035	1.23286	6.10374	2.44149	8.67851e-08	0	0	0	0	0	0	0	0	
0.337	0.811869	-0.0452441	1.98299	1.23173	6.10624	2.4425	8.66604e-08	0	0	0	0	0	0	0	0	
0.338	0.812652	-0.0438143	1.98572	1.23054	6.10878	2.44351	8.65053e-08	0	0	0	0	0	0	0	0	
0.339	0.813471	-0.0423235	1.98856	1.2293	6.11135	2.44454	8.63306e-08	0	0	0	0	0	0	0	0	
0.34	0.814327	-0.0407726	1.9915	1.22801	6.11393	2.44557	8.61485e-08	0	0	0	0	0	0	0	0	
0.341	0.815221	-0.0391645	1.99453	1.22666	6.11653	2.44661	8.59712e-08	0	0	0	0	0	0	0	0	
0.342	0.816153	-0.0375032	1.99766	1.22526	6.11915	2.44766	8.58096e-08	0	0	0	0	0	0	0	0	
0.343	0.817124	-0.0357919	2.0009	1.2238	6.12177	2.44871	8.56726e-08	0	0	0	0	0	0	0	0	
0.344	0.818132	-0.034032	2.00423	1.2223	6.12442	2.44977	8.55655e-08	0	0	0	0	0	0	0	0	
0.345	0.819173	-0.0322221	2.00765	1.22074	6.12708	2.45083	8.54901e-08	0	0	0	0	0	0	0	0	
0.346	0.820241	-0.0303598	2.01115	1.21915	6.12976	2.4519	8.54441e-08	0	0	0	0	0	0	0	0	
0.347	0.821335	-0.028445	2.01472	1.21753	6.13246	2.45298	8.5422e-08	0	0	0	0	0	0	0	0	
0.348	0.822452	-0.0264827	2.01836	1.21588	6.13519	2.45408	8.54153e-08	0	0	0	0	0	0	0	0	
0.349	0.823594	-0.0244818	2.02208	1.21419	6.13799	2.4552	8.54142e-08	0	0	0	0	0	0	0	0	
0.35	0.824759	-0.0224501	2.0259	1.21248	6.14087	2.45635	8.54084e-08	0	0	0	0	0	0	0	0	
0.351	0.825942	-0.0203868	2.02978	1.21074	6.14383	2.45753	8.53885e-08	0	0	0	0	0	0	0	0	
0.352	0.827135	-0.0182838	2.03371	1.20899	6.14686	2.45874	8.53474e-08	0	0	0	0	0	0	0	0	
0.353	0.828332	-0.0161366	2.03768	1.20725	6.14996	2.45998	8.52808e-08	0	0	0	0	0	0	0	0	
0.354	0.829536	-0.0139533	2.0417	1.20549	6.15315	2.46126	8.51879e-08	0	0	0	0	0	0	0	0	
0.355	0.830748	-0.011745	2.04578	1.20373	6.15645	2.46258	8.50714e-08	0	0	0	0	0	0	0	0	
0.356	0.831978	-0.0095258	2.04996	1.20195	6.15989	2.46395	8.49371e-08	0	0	0	0	0	0	0	0	
0.357	0.833231	-0.0073197	2.05424	1.20015	6.16348	2.46539	8.47936e-08	0	0	0	0	0	0	0	0	
0.358	0.834453	-0.00506797	2.05845	1.19839	6.16707	2.46683	8.46514e-08	0	0	0	0	0	0	0	0	
0.359	0.83568	-0.00274794	2.06271	1.19663	6.17077	2.46831	8.45215e-08	0	0	0	0	0	0	0	0	
0.36	0.836874	-0.000569766	2.06689	1.19492	6.17444	2.46978	8.44149e-08	0	0	0	0	0	0	0	0	
0.361	0.838378	0.00269725	2.07217	1.19278	6.17911	2.47164	8.43413e-08	0	0	0	0	0	0	0	0	
0.362	0.840322	0.00668968	2.079	1.19002	6.18513	2.47405	8.43082e-08	0	0	0	0	0	0	0	0	
0.363	0.842301	0.0103913	2.08597	1.18722	6.1913	2.47652	8.43206e-08	0	0	0	0	0	0	0	0	
0.364	0.844239	0.0140101	2.09283	1.1845	6.19738	2.47895	8.43808e-08	0	0	0	0	0	0	0	0	
0.365	0.846137	0.0175522	2.09955	1.18184	6.20335	2.48134	8.44877e-08	0	0	0	0	0	0	0	0	
0.366	0.848003	0.0210321	2.10618	1.17924	6.20923	2.48369	8.46375e-08	0	0	0	0	0	0	0	0	
0.367	0.849847	0.0244615	2.11272	1.17668	6.21501	2.486	8.48237e-08	0	0	0	0	0	0	0	0	
0.368	0.851675	0.0278493	2.11921	1.17416	6.2207	2.48828	8.50377e-08	0	0	0	0	0	0	0	0	
0.369	0.853494	0.031203	2.12564	1.17165	6.2263	2.49052	8.52698e-08	0	0	0	0	0	0	0	0	
0.37	0.855309	0.0345283	2.13204	1.16917	6.2318	2.49272	8.55092e-08	0	0	0	0	0	0	0	0	
0.371	0.857124	0.0378304	2.13842	1.16669	6.23719	2.49488	8.57454e-08	0	0	0	0	0	0	0	0	
0.372	0.858944	0.0411136	2.14478	1.16422	6.24248	2.49699	8.59684e-08	0	0	0	0	0	0	0	0	
0.373	0.860771	0.0443816	2.15112	1.16175	6.24767	2.49907	8.61694e-08	0	0	0	0	0	0	0	0	
0.374	0.862607	0.0476375	2.15747	1.15928	6.25276	2.5011	8.63409e-08	0	0	0	0	0	0	0	0	
0.375	0.864454	0.0508843	2.16381	1.1568	6.25775	2.5031	8.64768e-08	0	0	0	0	0	0	0	0	
0.376	0.866312	0.0541243	2.17017	1.15432	6.26266	2.50506	8.65727e-08	0	0	0	0	0	0	0	0	
0.377	0.868181	0.0573597	2.17653	1.15183	6.2675	2.507	8.66253e-08	0	0	0	0	0	0	0	0	
0.378	0.870062	0.0605921	2.18291	1.14934	6.27228	2.50891	8.6633e-08	0	0	0	0	0	0	0	0	
0.379	0.871952	0.0638232	2.1893	1.14685	6.27702	2.51081	8.65953e-08	0	0	0	0	0	0	0	0	
0.38	0.87385	0.0670543	2.19572	1.14436	6.28174	2.51269	8.65126e-08	0	0	0	0	0	0	0	0	
0.381	0.875754	0.0702866	2.20216	1.14187	6.28646	2.51458	8.63866e-08	0	0	0	0	0	0	0	0	
0.382	0.877662	0.073521	2.20862	1.13939	6.29119	2.51648	8.62201e-08	0	0	0	0	0	0	0	0	
0.383	0.879573	0.0767584	2.21511	1.13692	6.29597	2.51839	8.60166e-08	0	0	0	0	0	0	0	0	
0.384	0.881484	0.0799995	2.22162	1.13445	6.3008	2.52032	8.57805e-08	0	0	0	0	0	0	0	0	
0.385	0.883394	0.083245	2.22817	1.132	6.30571	2.52228	8.55166e-08	0	0	0	0	0	0	0	0	
0.386	0.885301	0.0864953	2.23475	1.12956	6.31069	2.52428	8.52304e-08	0	0	0	0	0	0	0	0	
0.387	0.887205	0.0897511	2.24135	1.12714	6.31577	2.52631	8.49273e-08	0	0	0	0	0	0	0	0	
0.388	0.889104	0.0930126	2.24799	1.12473	6.32095	2.52838	8.46123e-08	0	0	0	0	0	0	0	0	
0.389	0.890998	0.0962803	2.25467	1.12234	6.32624	2.5305	8.42905e-08	0	0	0	0	0	0	0	0	
0.39	0.892887	0.0995545	2.26137	1.11996	6.33163	2.53265	8.39662e-08	0	0	0	0	0	0	0	0	
0.391	0.894771	0.102836	2.26811	1.1176	6.33713	2.53485	8.36435e-08	0	0	0	0	0	0	0	0	
0.392	0.896652	0.106124	2.27489	1.11526	6.34272	2.53709	8.33261e-08	0	0	0	0	0	0	0	0	
0.393	0.89853	0.10942	2.28169	1.11293	6.3484	2.53936	8.30176e-08	0	0	0	0	0	0	0	0	
0.394	0.900406	0.112725	2.28853	1.11061	6.35417	2.54167	8.27219e-08	0	0	0	0	0	0	0	0	
0.395	0.902283	0.116037	2.29541	1.1083	6.36	2.544	8.2443e-08	0	0	0	0	0	0	0	0	
0.396	0.904163	0.119359	2.30232	1.106	6.36588	2.54635	8.21856e-08	0	0	0	0	0	0	0	0	
0.397	0.906047	0.122691	2.30926	1.1037	6.37179	2.54872	8.19548e-08	0	0	0	0	0	0	0	0	
0.398	0.907938	0.126032	2.31623	1.1014	6.37772	2.55109	8.17559e-08	0	0	0	0	0	0	0	0	
0.399	0.909838	0.129384	2.32323	1.0991	6.38364	2.55346	8.15945e-08	0	0	0	0	0	0	0	0	
0.4	0.91175	0.132747	2.33027	1.09679	6.38955	2.55582	8.14754e-08	0	0	0	0	0	0	0	0	
0.401	0.913675	0.136122	2.33733	1.09448	6.39541	2.55817	8.14028e-08	0	0	0	0	0	0	0	0	
0.402	0.915616	0.139509	2.34443	1.09216	6.40123	2.56049	8.13791e-08	0	0	0	0	0	0	0	0	
0.403	0.917573	0.142908	2.35155	1.08983	6.40698	2.56279	8.14053e-08	0	0	0	0	0	0	0	0	
0.404	0.919549	0.146321	2.3587	1.08749	6.41266	2.56506	8.14801e-08	0	0	0	0	0	0	0	0	
0.405	0.921543	0.149747	2.36588	1.08514	6.41826	2.56731	8.16005e-08	0	0	0	0	0	0	0	0	
0.406	0.923556	0.153185	2.37309	1.08277	6.4238	2.56952	8.17616e-08	0	0	0	0	0	0	0	0	
0.407	0.925586	0.156637	2.38033	1.0804	6.42926	2.5717	8.19572e-08	0	0	0	0	0	0	0	0	
0.408	0.927634	0.160102	2.3876	1.07801	6.43466	2.57386	8.21802e-08	0	0	0	0	0	0	0	0	
0.409	0.929697	0.163579	2.39491	1.07562	6.44002	2.57601	8.24233e-08	0	0	0	0	0	0	0	0	
0.41	0.931774	0.167067	2.40224	1.07322	6.44535	2.57814	8.26792e-08	0	0	0	0	0	0	0	0	
0.411	0.933864	0.170565	2.40962	1.07082	6.45066	2.58027	8.29411e-08	0	0	0	0	0	0	0	0	
0.412	0.935965	0.174073	2.41703	1.06842	6.45598	2.58239	8.32028e-08	0	0	0	0	0	0	0	0	
0.413	0.938074	0.177588	2.42448	1.06601	6.46133	2.58453	8.3459e-08	0	0	0	0	0	0	0	0	
0.414	0.940191	0.181111	2.43198	1.06361	6.46672	2.58669	8.37049e-08	0	0	0	0	0	0	0	0	
0.415	0.942314	0.184638	2.43953	1.06122	6.47218	2.58887	8.39367e-08	0	0	0	0	0	0	0	0	
0.416	0.944443	0.18817	2.44713	1.05883	6.47771	2.59108	8.41512e-08	0	0	0	0	0	0	0	0	
0.417	0.946575	0.191706	2.45478	1.05644	6.48332	2.59333	8.43459e-08	0	0	0	0	0	0	0	0	
0.418	0.948711	0.195243	2.46249	1.05406	6.48903	2.59561	8.45193e-08	0	0	0	0	0	0	0	0	
0.419	0.950851	0.198783	2.47025	1.05169	6.49484	2.59794	8.46707e-08	0	0	0	0	0	0	0	0	
0.42	0.952994	0.202325	2.47807	1.04932	6.50075	2.6003	8.48006e-08	0	0	0	0	0	0	0	0	
0.421	0.955141	0.205869	2.48594	1.04697	6.50675	2.6027	8.49102e-08	0	0	0	0	0	0	0	0	
0.422	0.957291	0.209416	2.49388	1.04461	6.51285	2.60514	8.50019e-08	0	0	0	0	0	0	0	0	
0.423	0.959447	0.212967	2.50186	1.04227	6.51902	2.60761	8.50782e-08	0	0	0	0	0	0	0	0	
0.424	0.961607	0.216522	2.5099	1.03993	6.52527	2.61011	8.51422e-08	0	0	0	0	0	0	0	0	
0.425	0.963775	0.220084	2.51798	1.03759	6.53156	2.61263	8.51969e-08	0	0	0	0	0	0	0	0	
0.426	0.96595	0.223654	2.52611	1.03525	6.5379	2.61516	8.52447e-08	0	0	0	0	0	0	0	0	
0.427	0.968135	0.227233	2.53429	1.03291	6.54425	2.6177	8.52877e-08	0	0	0	0	0	0	0	0	
0.428	0.97033	0.230823	2.5425	1.03058	6.55061	2.62024	8.5327e-08	0	0	0	0	0	0	0	0	
0.429	0.972537	0.234425	2.55075	1.02824	6.55696	2.62278	8.53634e-08	0	0	0	0	0	0	0	0	
0.43	0.974758	0.238039	2.55904	1.0259	6.56327	2.62531	8.53971e-08	0	0	0	0	0	0	0	0	
0.431	0.976994	0.241667	2.56736	1.02355	6.56954	2.62782	8.54282e-08	0	0	0	0	0	0	0	0	
0.432	0.979246	0.245309	2.57571	1.02119	6.57576	2.6303	8.54563e-08	0	0	0	0	0	0	0	0	
0.433	0.981515	0.248965	2.5841	1.01883	6.58191	2.63277	8.54816e-08	0	0	0	0	0	0	0	0	
0.434	0.983802	0.252635	2.59252	1.01646	6.58801	2.6352	8.55041e-08	0	0	0	0	0	0	0	0	
0.435	0.986106	0.256319	2.60097	1.01409	6.59405	2.63762	8.55238e-08	0	0	0	0	0	0	0	0	
0.436	0.988427	0.260017	2.60946	1.01171	6.60003	2.64001	8.55408e-08	0	0	0	0	0	0	0	0	
0.437	0.990764	0.263729	2.61798	1.00932	6.60596	2.64238	8.55549e-08	0	0	0	0	0	0	0	0	
0.438	0.993115	0.267453	2.62654	1.00693	6.61186	2.64474	8.55659e-08	0	0	0	0	0	0	0	0	
0.439	0.99548	0.27119	2.63513	1.00454	6.61774	2.64709	8.55729e-08	0	0	0	0	0	0	0	0	
0.44	0.997855	0.274939	2.64376	1.00215	6.62361	2.64944	8.55747e-08	0	0	0	0	0	0	0	0	
0.441	1.00024	0.2787	2.65243	0.999761	6.62949	2.6518	8.55699e-08	0	0	0	0	0	0	0	0	
0.442	1.00263	0.282473	2.66114	0.997377	6.6354	2.65416	8.55568e-08	0	0	0	0	0	0	0	0	
0.443	1.00502	0.286258	2.66989	0.995	6.64135	2.65654	8.55336e-08	0	0	0	0	0	0	0	0	
0.444	1.00742	0.290054	2.67867	0.992632	6.64735	2.65894	8.54988e-08	0	0	0	0	0	0	0	0	
0.445	1.00982	0.293862	2.6875	0.990275	6.65341	2.66136	8.54509e-08	0	0	0	0	0	0	0	0	
0.446	1.01222	0.297683	2.69636	0.987929	6.65953	2.66381	8.53889e-08	0	0	0	0	0	0	0	0	
0.447	1.01462	0.301515	2.70526	0.985595	6.66573	2.66629	8.53123e-08	0	0	0	0	0	0	0	0	
0.448	1.01701	0.305361	2.7142	0.983274	6.672	2.6688	8.52209e-08	0	0	0	0	0	0	0	0	
0.449	1.0194	0.309219	2.72317	0.980965	6.67833	2.67133	8.51152e-08	0	0	0	0	0	0	0	0	
0.45	1.0218	0.313089	2.73218	0.978668	6.68474	2.6739	8.49958e-08	0	0	0	0	0	0	0	0	
0.451	1.02419	0.316972	2.74122	0.976382	6.6912	2.67648	8.48642e-08	0	0	0	0	0	0	0	0	
0.452	1.02658	0.320866	2.75031	0.974104	6.69772	2.67909	8.47224e-08	0	0	0	0	0	0	0	0	
0.453	1.02898	0.324771	2.75943	0.971834	6.70427	2.68171	8.45734e-08	0	0	0	0	0	0	0	0	
0.454	1.03139	0.328684	2.7686	0.969567	6.71086	2.68435	8.44206e-08	0	0	0	0	0	0	0	0	
0.455	1.0338	0.332604	2.77782	0.967301	6.71748	2.68699	8.42682e-08	0	0	0	0	0	0	0	0	
0.456	1.03623	0.336529	2.7871	0.965034	6.72411	2.68964	8.41204e-08	0	0	0	0	0	0	0	0	
0.457	1.03868	0.340455	2.79643	0.962761	6.73074	2.6923	8.39816e-08	0	0	0	0	0	0	0	0	
0.458	1.04115	0.344381	2.80584	0.960481	6.73738	2.69495	8.3855e-08	0	0	0	0	0	0	0	0	
0.459	1.04363	0.348304	2.81531	0.95819	6.74402	2.69761	8.37428e-08	0	0	0	0	0	0	0	0	
0.46	1.04615	0.352222	2.82487	0.955887	6.75064	2.70026	8.36452e-08	0	0	0	0	0	0	0	0	
0.461	1.04869	0.356135	2.83451	0.953571	6.75726	2.70291	8.35606e-08	0	0	0	0	0	0	0	0	
0.462	1.05126	0.360041	2.84423	0.951242	6.76387	2.70555	8.34856e-08	0	0	0	0	0	0	0	0	
0.463	1.05385	0.363941	2.85403	0.9489	6.77048	2.70819	8.34156e-08	0	0	0	0	0	0	0	0	
0.464	1.05647	0.367836	2.86391	0.946547	6.77708	2.71083	8.33454e-08	0	0	0	0	0	0	0	0	
0.465	1.05911	0.37173	2.87387	0.944187	6.78368	2.71347	8.32703e-08	0	0	0	0	0	0	0	0	
0.466	1.06177	0.375625	2.88389	0.941821	6.79028	2.71611	8.31864e-08	0	0	0	0	0	0	0	0	
0.467	1.06445	0.379523	2.89398	0.939453	6.79689	2.71876	8.30919e-08	0	0	0	0	0	0	0	0	
0.468	1.06714	0.38343	2.90411	0.937087	6.80351	2.72141	8.29866e-08	0	0	0	0	0	0	0	0	
0.469	1.06983	0.387347	2.91429	0.934726	6.81015	2.72406	8.28728e-08	0	0	0	0	0	0	0	0	
0.47	1.07253	0.391277	2.9245	0.932373	6.81682	2.72673	8.27541e-08	0	0	0	0	0	0	0	0	
0.471	1.07523	0.395223	2.93475	0.93003	6.82351	2.7294	8.26355e-08	0	0	0	0	0	0	0	0	
0.472	1.07794	0.399186	2.94502	0.927698	6.83023	2.73209	8.25224e-08	0	0	0	0	0	0	0	0	
0.473	1.08064	0.403166	2.95532	0.92538	6.83699	2.7348	8.24196e-08	0	0	0	0	0	0	0	0	
0.474	1.08334	0.407163	2.96565	0.923074	6.84378	2.73751	8.23314e-08	0	0	0	0	0	0	0	0	
0.475	1.08604	0.411177	2.976	0.92078	6.85061	2.74025	8.22603e-08	0	0	0	0	0	0	0	0	
0.476	1.08873	0.415205	2.98639	0.918498	6.85749	2.74299	8.22075e-08	0	0	0	0	0	0	0	0	
0.477	1.09143	0.419248	2.99681	0.916227	6.86439	2.74576	8.21727e-08	0	0	0	0	0	0	0	0	
0.478	1.09414	0.423303	3.00727	0.913964	6.87134	2.74853	8.21546e-08	0	0	0	0	0	0	0	0	
0.479	1.09684	0.427369	3.01777	0.911709	6.87831	2.75133	8.21512e-08	0	0	0	0	0	0	0	0	
0.48	1.09955	0.431445	3.02831	0.90946	6.88532	2.75413	8.21605e-08	0	0	0	0	0	0	0	0	
0.481	1.10227	0.435531	3.0389	0.907216	6.89234	2.75694	8.21811e-08	0	0	0	0	0	0	0	0	
0.482	1.105	0.439625	3.04954	0.904976	6.89939	2.75975	8.22123e-08	0	0	0	0	0	0	0	0	
0.483	1.10774	0.443728	3.06022	0.902739	6.90644	2.76258	8.22545e-08	0	0	0	0	0	0	0	0	
0.484	1.11049	0.44784	3.07095	0.900504	6.9135	2.7654	8.23086e-08	0	0	0	0	0	0	0	0	
0.485	1.11325	0.451961	3.08172	0.898272	6.92056	2.76823	8.2376e-08	0	0	0	0	0	0	0	0	
0.486	1.11602	0.456093	3.09254	0.896042	6.92762	2.77105	8.24577e-08	0	0	0	0	0	0	0	0	
0.487	1.1188	0.460236	3.1034	0.893815	6.93466	2.77387	8.25535e-08	0	0	0	0	0	0	0	0	
0.488	1.12159	0.464392	3.1143	0.89159	6.9417	2.77668	8.26619e-08	0	0	0	0	0	0	0	0	
0.489	1.12439	0.468562	3.12523	0.88937	6.94871	2.77948	8.27799e-08	0	0	0	0	0	0	0	0	
0.49	1.1272	0.472747	3.13619	0.887154	6.95571	2.78228	8.29036e-08	0	0	0	0	0	0	0	0	
0.491	1.13002	0.47695	3.14718	0.884944	6.96269	2.78507	8.30283e-08	0	0	0	0	0	0	0	0	
0.492	1.13284	0.48117	3.15819	0.88274	6.96964	2.78786	8.31501e-08	0	0	0	0	0	0	0	0	
0.493	1.13566	0.48541	3.16921	0.880543	6.97658	2.79063	8.32664e-08	0	0	0	0	0	0	0	0	
0.494	1.13849	0.489669	3.18026	0.878354	6.9835	2.7934	8.33767e-08	0	0	0	0	0	0	0	0	
0.495	1.14133	0.493945	3.19134	0.876172	6.9904	2.79616	8.34823e-08	0	0	0	0	0	0	0	0	
0.496	1.14417	0.498237	3.20244	0.873996	6.9973	2.79892	8.35866e-08	0	0	0	0	0	0	0	0	
0.497	1.14702	0.502539	3.21359	0.871824	7.00421	2.80168	8.36934e-08	0	0	0	0	0	0	0	0	
0.498	1.14988	0.506846	3.22479	0.869655	7.01114	2.80446	8.38067e-08	0	0	0	0	0	0	0	0	
0.499	1.15276	0.511152	3.23607	0.867484	7.0181	2.80724	8.3929e-08	0	0	0	0	0	0	0	0	
0.5	1.15566	0.515447	3.24746	0.865308	7.02512	2.81005	8.40606e-08	0	0	0	0	0	0	0	0	
0.501	1.15858	0.519724	3.25896	0.863124	7.03221	2.81289	8.42e-08	0	0	0	0	0	0	0	0	
0.502	1.16154	0.523978	3.2706	0.860929	7.03939	2.81576	8.4343e-08	0	0	0	0	0	0	0	0	
0.503	1.16452	0.528203	3.2824	0.858722	7.04666	2.81867	8.44847e-08	0	0	0	0	0	0	0	0	
0.504	1.16754	0.532398	3.29435	0.856501	7.05403	2.82161	8.46199e-08	0	0	0	0	0	0	0	0	
0.505	1.17059	0.536565	3.30646	0.854268	7.0615	2.8246	8.47441e-08	0	0	0	0	0	0	0	0	
0.506	1.17368	0.540709	3.31871	0.852024	7.06905	2.82762	8.48545e-08	0	0	0	0	0	0	0	0	
0.507	1.17679	0.544837	3.33108	0.849772	7.07665	2.83066	8.49502e-08	0	0	0	0	0	0	0	0	
0.508	1.17992	0.548958	3.34356	0.847517	7.0843	2.83372	8.50314e-08	0	0	0	0	0	0	0	0	
0.509	1.18307	0.553084	3.3561	0.845261	7.09195	2.83678	8.50993e-08	0	0	0	0	0	0	0	0	
0.51	1.18623	0.557223	3.36869	0.843009	7.09958	2.83983	8.51543e-08	0	0	0	0	0	0	0	0	
0.511	1.1894	0.561384	3.3813	0.840763	7.10717	2.84287	8.51967e-08	0	0	0	0	0	0	0	0	
0.512	1.19257	0.565572	3.39391	0.838525	7.1147	2.84588	8.52257e-08	0	0	0	0	0	0	0	0	
0.513	1.19575	0.56979	3.40652	0.836297	7.12216	2.84886	8.52404e-08	0	0	0	0	0	0	0	0	
0.514	1.19893	0.574041	3.41913	0.834079	7.12956	2.85182	8.52396e-08	0	0	0	0	0	0	0	0	
0.515	1.20211	0.578322	3.43173	0.831872	7.1369	2.85476	8.52228e-08	0	0	0	0	0	0	0	0	
0.516	1.20529	0.582632	3.44433	0.829675	7.14419	2.85768	8.5189e-08	0	0	0	0	0	0	0	0	
0.517	1.20848	0.586966	3.45695	0.827488	7.15145	2.86058	8.51365e-08	0	0	0	0	0	0	0	0	
0.518	1.21166	0.591321	3.46959	0.825311	7.15872	2.86349	8.5062e-08	0	0	0	0	0	0	0	0	
0.519	1.21485	0.595694	3.48226	0.823145	7.166	2.8664	8.49603e-08	0	0	0	0	0	0	0	0	
0.52	1.21804	0.600082	3.49497	0.820988	7.17333	2.86933	8.48257e-08	0	0	0	0	0	0	0	0	
0.521	1.22124	0.604482	3.50774	0.818843	7.18071	2.87229	8.46531e-08	0	0	0	0	0	0	0	0	
0.522	1.22443	0.608892	3.52056	0.816709	7.18817	2.87527	8.44412e-08	0	0	0	0	0	0	0	0	
0.523	1.22762	0.613311	3.53344	0.814586	7.19572	2.87829	8.41944e-08	0	0	0	0	0	0	0	0	
0.524	1.23081	0.617737	3.54639	0.812475	7.20337	2.88135	8.39233e-08	0	0	0	0	0	0	0	0	
0.525	1.234	0.622169	3.5594	0.810374	7.21111	2.88445	8.36442e-08	0	0	0	0	0	0	0	0	
0.526	1.23719	0.626608	3.57249	0.808283	7.21896	2.88758	8.33752e-08	0	0	0	0	0	0	0	0	
0.527	1.24038	0.631052	3.58565	0.806201	7.22689	2.89075	8.31329e-08	0	0	0	0	0	0	0	0	
0.528	1.24358	0.635502	3.59888	0.804127	7.23489	2.89396	8.29274e-08	0	0	0	0	0	0	0	0	
0.529	1.24679	0.63996	3.61218	0.802058	7.24295	2.89718	8.27603e-08	0	0	0	0	0	0	0	0	
0.53	1.25001	0.644428	3.62554	0.799993	7.25102	2.90041	8.26249e-08	0	0	0	0	0	0	0	0	
0.531	1.25324	0.648909	3.63896	0.79793	7.25909	2.90364	8.2509e-08	0	0	0	0	0	0	0	0	
0.532	1.25649	0.65341	3.65242	0.795867	7.2671	2.90684	8.23997e-08	0	0	0	0	0	0	0	0	
0.533	1.25975	0.657936	3.66589	0.793806	7.27502	2.91001	8.22882e-08	0	0	0	0	0	0	0	0	
0.534	1.26303	0.662496	3.67936	0.791747	7.2828	2.91312	8.21731e-08	0	0	0	0	0	0	0	0	
0.535	1.26632	0.667098	3.6928	0.789691	7.29043	2.91617	8.20602e-08	0	0	0	0	0	0	0	0	
0.536	1.26962	0.671744	3.7062	0.78764	7.29788	2.91915	8.19585e-08	0	0	0	0	0	0	0	0	
0.537	1.27292	0.676436	3.71957	0.785594	7.30518	2.92207	8.18754e-08	0	0	0	0	0	0	0	0	
0.538	1.27624	0.681164	3.73292	0.783553	7.31236	2.92494	8.18118e-08	0	0	0	0	0	0	0	0	
0.539	1.27957	0.685913	3.74632	0.781511	7.31947	2.92779	8.17599e-08	0	0	0	0	0	0	0	0	
0.54	1.28294	0.690657	3.75982	0.779462	7.3266	2.93064	8.17063e-08	0	0	0	0	0	0	0	0	
0.541	1.28635	0.69537	3.77354	0.777396	7.33383	2.93353	8.1638e-08	0	0	0	0	0	0	0	0	
0.542	1.28982	0.700022	3.78754	0.775304	7.34125	2.9365	8.15503e-08	0	0	0	0	0	0	0	0	
0.543	1.29336	0.704593	3.80192	0.773182	7.34893	2.93957	8.1452e-08	0	0	0	0	0	0	0	0	
0.544	1.29697	0.709076	3.81668	0.771027	7.3569	2.94276	8.13657e-08	0	0	0	0	0	0	0	0	
0.545	1.30065	0.713479	3.83181	0.768846	7.36519	2.94607	8.13229e-08	0	0	0	0	0	0	0	0	
0.546	1.30437	0.717825	3.84725	0.766651	7.37375	2.9495	8.13527e-08	0	0	0	0	0	0	0	0	
0.547	1.30812	0.722149	3.86289	0.764457	7.38255	2.95302	8.14706e-08	0	0	0	0	0	0	0	0	
0.548	1.31185	0.726486	3.87863	0.762282	7.39151	2.9566	8.16705e-08	0	0	0	0	0	0	0	0	
0.549	1.31555	0.73087	3.89434	0.760137	7.40059	2.96024	8.19231e-08	0	0	0	0	0	0	0	0	
0.55	1.3192	0.735323	3.90998	0.758032	7.40972	2.96389	8.21851e-08	0	0	0	0	0	0	0	0	
0.551	1.32281	0.739854	3.9255	0.755968	7.41888	2.96755	8.24121e-08	0	0	0	0	0	0	0	0	
0.552	1.32637	0.744463	3.94091	0.753937	7.428	2.9712	8.25735e-08	0	0	0	0	0	0	0	0	
0.553	1.32991	0.749138	3.95626	0.751929	7.43706	2.97483	8.26599e-08	0	0	0	0	0	0	0	0	
0.554	1.33346	0.753867	3.97157	0.749931	7.44602	2.97841	8.26815e-08	0	0	0	0	0	0	0	0	
0.555	1.33703	0.758634	3.98691	0.747928	7.4548	2.98192	8.26591e-08	0	0	0	0	0	0	0	0	
0.556	1.34065	0.763429	4.0023	0.745909	7.46339	2.98535	8.26133e-08	0	0	0	0	0	0	0	0	
0.557	1.34433	0.768246	4.01778	0.743865	7.47172	2.98869	8.25601e-08	0	0	0	0	0	0	0	0	
0.558	1.34808	0.773081	4.03336	0.741794	7.47981	2.99192	8.25136e-08	0	0	0	0	0	0	0	0	
0.559	1.35191	0.777934	4.04905	0.739695	7.48766	2.99506	8.24911e-08	0	0	0	0	0	0	0	0	
0.56	1.3558	0.782805	4.06486	0.737574	7.49533	2.99813	8.25134e-08	0	0	0	0	0	0	0	0	
0.561	1.35973	0.787695	4.08077	0.735439	7.50289	3.00116	8.2595e-08	0	0	0	0	0	0	0	0	
0.562	1.3637	0.792607	4.09679	0.733299	7.51044	3.00418	8.27279e-08	0	0	0	0	0	0	0	0	
0.563	1.36768	0.797542	4.11293	0.731164	7.51807	3.00723	8.28708e-08	0	0	0	0	0	0	0	0	
0.564	1.37166	0.802501	4.12919	0.729042	7.52587	3.01035	8.29545e-08	0	0	0	0	0	0	0	0	
0.565	1.37564	0.807484	4.14556	0.726936	7.5339	3.01356	8.29083e-08	0	0	0	0	0	0	0	0	
0.566	1.37959	0.812492	4.16207	0.724851	7.54219	3.01688	8.26956e-08	0	0	0	0	0	0	0	0	
0.567	1.38354	0.817523	4.17871	0.722785	7.55077	3.02031	8.23407e-08	0	0	0	0	0	0	0	0	
0.568	1.38747	0.822577	4.1955	0.720738	7.55964	3.02386	8.1931e-08	0	0	0	0	0	0	0	0	
0.569	1.39139	0.82765	4.21246	0.718706	7.56881	3.02752	8.15962e-08	0	0	0	0	0	0	0	0	
0.57	1.39531	0.832741	4.22961	0.716687	7.57826	3.03131	8.14714e-08	0	0	0	0	0	0	0	0	
0.571	1.39923	0.83785	4.24695	0.714678	7.588	3.0352	8.16558e-08	0	0	0	0	0	0	0	0	
0.572	1.40316	0.842981	4.26449	0.712677	7.598	3.0392	8.21764e-08	0	0	0	0	0	0	0	0	
0.573	1.4071	0.848147	4.28219	0.710684	7.6082	3.04328	8.297e-08	0	0	0	0	0	0	0	0	
0.574	1.41103	0.853371	4.29998	0.7087	7.61849	3.04739	8.38947e-08	0	0	0	0	0	0	0	0	
0.575	1.41498	0.858692	4.31775	0.706726	7.62867	3.05147	8.47712e-08	0	0	0	0	0	0	0	0	
0.576	1.41892	0.864146	4.33538	0.704762	7.63854	3.05542	8.5436e-08	0	0	0	0	0	0	0	0	
0.577	1.42288	0.869759	4.35281	0.702802	7.64791	3.05916	8.57819e-08	0	0	0	0	0	0	0	0	
0.578	1.42689	0.875515	4.37009	0.700826	7.65669	3.06268	8.57602e-08	0	0	0	0	0	0	0	0	
0.579	1.43102	0.881345	4.3875	0.698801	7.66498	3.06599	8.53556e-08	0	0	0	0	0	0	0	0	
0.58	1.43537	0.887132	4.40547	0.696685	7.67306	3.06922	8.46399e-08	0	0	0	0	0	0	0	0	
0.581	1.44001	0.892748	4.42448	0.694438	7.68132	3.07253	8.38747e-08	0	0	0	0	0	0	0	0	
0.582	1.44499	0.898111	4.44487	0.692045	7.69012	3.07605	8.34054e-08	0	0	0	0	0	0	0	0	
0.583	1.45026	0.903234	4.46664	0.689529	7.6997	3.07988	8.34099e-08	0	0	0	0	0	0	0	0	
0.584	1.45571	0.908231	4.48944	0.686951	7.71006	3.08402	8.37122e-08	0	0	0	0	0	0	0	0	
0.585	1.46117	0.913274	4.5127	0.684385	7.72105	3.08842	8.3774e-08	0	0	0	0	0	0	0	0	
0.586	1.46651	0.918524	4.53588	0.681893	7.73246	3.09299	8.32224e-08	0	0	0	0	0	0	0	0	
0.587	1.47167	0.924069	4.55872	0.679501	7.74414	3.09766	8.27821e-08	0	0	0	0	0	0	0	0	
0.588	1.47668	0.92991	4.58126	0.677196	7.75602	3.10241	8.3208e-08	0	0	0	0	0	0	0	0	
0.589	1.48161	0.935992	4.60375	0.674941	7.76815	3.10726	8.38614e-08	0	0	0	0	0	0	0	0	
0.59	1.48655	0.942258	4.62649	0.672697	7.78057	3.11223	8.44779e-08	0	0	0	0	0	0	0	0	
0.591	1.49156	0.948671	4.6497	0.670439	7.79335	3.11734	8.34275e-08	0	0	0	0	0	0	0	0	
0.592	1.49666	0.955221	4.67352	0.668155	7.80659	3.12264	7.99368e-08	0	0	0	0	0	0	0	0	
0.593	1.50186	0.961911	4.69808	0.66584	7.82042	3.12817	7.81551e-08	0	0	0	0	0	0	0	0	
0.594	1.50719	0.968761	4.72344	0.663489	7.83488	3.13395	8.35601e-08	0	0	0	0	0	0	0	0	
0.595	1.51266	0.975811	4.74966	0.661086	7.84983	3.13993	8.09655e-08	0	0	0	0	0	0	0	0	
0.596	1.5184	0.983095	4.77681	0.658589	7.86489	3.14596	8.13118e-08	0	0	0	0	0	0	0	0	
0.597	1.52456	0.990624	4.80514	0.655927	7.87955	3.15182	9.67704e-08	0	0	0	0	0	0	0	0	
0.598	1.5313	0.998436	4.83484	0.65304	7.89336	3.15734	1.59752e-07	0	0	0	0	0	0	0	0	
0.599	1.53866	1.00663	4.86595	0.649915	7.90613	3.16245	3.36416e-07	0	0	0	0	0	0	0	0	
0.6	1.54662	1.01531	4.89863	0.646571	7.91827	3.16731	7.08308e-07	0	0	0	0	0	0	0	0	
0.601	1.55518	1.02447	4.93354	0.643012	7.93081	3.17232	1.48835e-06	0	0	0	0	0	0	0	0	
0.602	1.56436	1.03414	4.97151	0.63924	7.94496	3.17798	3.12375e-06	0	0	0	0	0	0	0	0	
0.603	1.57406	1.04457	5.01274	0.635298	7.96146	3.18458	6.57092e-06	0	0	0	0	0	0	0	0	
0.604	1.58427	1.05615	5.05737	0.631206	7.98061	3.19224	1.39075e-05	0	0	0	0	0	0	0	0	
0.605	1.59538	1.06901	5.10714	0.626812	8.00303	3.20121	2.972e-05	0	0	0	0	0	0	0	0	
0.606	1.60813	1.08322	5.16512	0.621839	8.02968	3.21187	6.44041e-05	0	0	0	0	0	0	0	0	
0.607	1.62305	1.09955	5.23328	0.616122	8.06085	3.22434	0.00014183	0	0	0	0	0	0	0	0	
0.608	1.64052	1.11954	5.31301	0.609563	8.09653	3.23861	0.000317997	0	0	0	0	0	0	0	0	
0.609	1.6621	1.14458	5.41094	0.601649	8.13871	3.25548	0.000730279	0	0	0	0	0	0	0	0	
0.61	1.69128	1.17599	5.54227	0.591268	8.19241	3.27696	0.00172294	0	0	0	0	0	0	0	0	
0.611	1.73271	1.21782	5.72638	0.577132	8.26219	3.30488	0.00418615	0	0	0	0	0	0	0	0	
0.612	1.79345	1.27946	5.98904	0.557586	8.34851	3.3394	0.0106212	0	0	0	0	0	0	0	0	
0.613	1.89181	1.37491	6.39378	0.528594	8.44929	3.37972	0.0284777	0	0	0	0	0	0	0	0	
0.614	2.07779	1.52218	7.09525	0.481281	8.53702	3.41481	0.0807149	0	0	0	0	0	0	0	0	
0.615	2.41923	1.72678	8.0661	0.413355	8.33541	3.33416	0.239914	0	0	0	0	0	0	0	0	
0.616	2.405	1.59647	6.43571	0.4158	6.68992	2.67597	0.629499	0	0	0	0	0	0	0	0	
0.617	1.51461	0.715988	2.52054	0.660237	4.16039	1.66416	0.931189	0	0	0	0	0	0	0	0	
0.618	1.05558	0.0980194	1.14711	0.947347	2.71678	1.08671	0.985029	0	0	0	0	0	0	0	0	
0.619	1.03109	0.0782209	1.10763	0.969849	2.68559	1.07424	0.985326	0	0	0	0	0	0	0	0	
0.62	1.03081	0.0779965	1.107	0.970107	2.68477	1.07391	0.985579	0	0	0	0	0	0	0	0	
0.621	1.03074	0.0778955	1.10665	0.970175	2.6841	1.07364	0.985835	0	0	0	0	0	0	0	0	
0.622	1.03071	0.0777964	1.10629	0.970205	2.68333	1.07333	0.986098	0	0	0	0	0	0	0	0	
0.623	1.03071	0.077698	1.10594	0.970204	2.68248	1.07299	0.986365	0	0	0	0	0	0	0	0	
0.624	1.03071	0.0775997	1.1056	0.970201	2.68162	1.07265	0.986633	0	0	0	0	0	0	0	0	
0.625	1.03069	0.0775011	1.10525	0.970219	2.68084	1.07234	0.986897	0	0	0	0	0	0	0	0	
0.626	1.03066	0.077402	1.10491	0.970254	2.68011	1.07204	0.987157	0	0	0	0	0	0	0	0	
0.627	1.03064	0.0773022	1.10457	0.970271	2.67934	1.07174	0.987419	0	0	0	0	0	0	0	0	
0.628	1.03067	0.0772016	1.10424	0.97024	2.67845	1.07138	0.987688	0	0	0	0	0	0	0	0	
0.629	1.03076	0.0771002	1.10391	0.970161	2.67744	1.07097	0.987964	0	0	0	0	0	0	0	0	
0.63	1.03084	0.0769979	1.10359	0.970079	2.67642	1.07057	0.988239	0	0	0	0	0	0	0	0	
0.631	1.03087	0.0768947	1.10327	0.970055	2.67558	1.07023	0.988506	0	0	0	0	0	0	0	0	
0.632	1.03081	0.0767904	1.10295	0.970108	2.67496	1.06998	0.988761	0	0	0	0	0	0	0	0	
0.633	1.03072	0.0766852	1.10264	0.970197	2.67445	1.06978	0.989009	0	0	0	0	0	0	0	0	
0.634	1.03066	0.0765789	1.10234	0.970256	2.67387	1.06955	0.98926	0	0	0	0	0	0	0	0	
0.635	1.03066	0.0764717	1.10203	0.970254	2.67313	1.06925	0.98952	0	0	0	0	0	0	0	0	
0.636	1.03069	0.0763643	1.10174	0.970228	2.67234	1.06893	0.989783	0	0	0	0	0	0	0	0	
0.637	1.03067	0.076258	1.10144	0.97024	2.67165	1.06866	0.990041	0	0	0	0	0	0	0	0	
0.638	1.03062	0.0761542	1.10114	0.970291	2.67106	1.06842	0.990294	0	0	0	0	0	0	0	0	
0.639	1.0306	0.0760546	1.10084	0.97031	2.67038	1.06815	0.990551	0	0	0	0	0	0	0	0	
0.64	1.03065	0.0759599	1.10053	0.97026	2.6695	1.0678	0.990816	0	0	0	0	0	0	0	0	
0.641	1.03071	0.0758704	1.10022	0.970209	2.6686	1.06744	0.991082	0	0	0	0	0	0	0	0	
0.642	1.03066	0.0757854	1.0999	0.970248	2.66793	1.06717	0.991338	0	0	0	0	0	0	0	0	
0.643	1.03055	0.0757034	1.09958	0.970351	2.66745	1.06698	0.991587	0	0	0	0	0	0	0	0	
0.644	1.0305	0.0756223	1.09926	0.970399	2.66681	1.06672	0.991841	0	0	0	0	0	0	0	0	
0.645	1.03054	0.0755397	1.09895	0.970367	2.66596	1.06638	0.992103	0	0	0	0	0	0	0	0	
0.646	1.03054	0.0754544	1.09864	0.970361	2.6652	1.06608	0.992363	0	0	0	0	0	0	0	0	
0.647	1.03046	0.0753668	1.09834	0.970441	2.66469	1.06588	0.992614	0	0	0	0	0	0	0	0	
0.648	1.0304	0.0752792	1.09805	0.970499	2.66413	1.06565	0.992866	0	0	0	0	0	0	0	0	
0.649	1.03046	0.0751948	1.09775	0.970437	2.66323	1.06529	0.993129	0	0	0	0	0	0	0	0	
0.65	1.03053	0.0751179	1.09744	0.970372	2.66231	1.06492	0.993393	0	0	0	0	0	0	0	0	
0.651	1.03046	0.0750521	1.09711	0.970441	2.66171	1.06468	0.993646	0	0	0	0	0	0	0	0	
0.652	1.03037	0.0749984	1.09678	0.970528	2.66113	1.06445	0.993898	0	0	0	0	0	0	0	0	
0.653	1.03042	0.0749545	1.09643	0.970481	2.66015	1.06406	0.994161	0	0	0	0	0	0	0	0	
0.654	1.03046	0.0749145	1.09607	0.970441	2.65918	1.06367	0.994424	0	0	0	0	0	0	0	0	
0.655	1.03032	0.0748711	1.09572	0.970576	2.65871	1.06348	0.994674	0	0	0	0	0	0	0	0	
0.656	1.03021	0.0748177	1.09539	0.970679	2.65819	1.06328	0.994925	0	0	0	0	0	0	0	0	
0.657	1.03028	0.0747503	1.09509	0.970613	2.65726	1.06291	0.995185	0	0	0	0	0	0	0	0	
0.658	1.03023	0.0746696	1.0948	0.970658	2.6567	1.06268	0.995439	0	0	0	0	0	0	0	0	
0.659	1.03	0.0745789	1.09454	0.970874	2.65664	1.06266	0.995682	0	0	0	0	0	0	0	0	
0.66	1.02995	0.0744811	1.09428	0.970919	2.65615	1.06246	0.995934	0	0	0	0	0	0	0	0	
0.661	1.03015	0.0743769	1.09404	0.970732	2.65505	1.06202	0.996197	0	0	0	0	0	0	0	0	
0.662	1.03015	0.0742651	1.09381	0.970735	2.6545	1.0618	0.996452	0	0	0	0	0	0	0	0	
0.663	1.03026	0.0741417	1.0936	0.970625	2.65369	1.06148	0.99671	0	0	0	0	0	0	0	0	
0.664	1.03063	0.0740031	1.09341	0.970284	2.65231	1.06092	0.996977	0	0	0	0	0	0	0	0	
0.665	1.03078	0.0738578	1.09324	0.970137	2.65148	1.06059	0.997236	0	0	0	0	0	0	0	0	
0.666	1.03025	0.0737306	1.09304	0.970637	2.65237	1.06095	0.997473	0	0	0	0	0	0	0	0	
0.667	1.03044	0.0736225	1.09282	0.970461	2.65135	1.06054	0.997731	0	0	0	0	0	0	0	0	
0.668	1.03068	0.0734822	1.09264	0.970238	2.65031	1.06013	0.997991	0	0	0	0	0	0	0	0	
0.669	1.03001	0.0733379	1.09248	0.970863	2.65162	1.06065	0.99823	0	0	0	0	0	0	0	0	
0.67	1.0297	0.0734368	1.09195	0.971153	2.65114	1.06045	0.998482	0	0	0	0	0	0	0	0	
0.671	1.03022	0.0737888	1.09103	0.970666	2.64756	1.05902	0.998752	0	0	0	0	0	0	0	0	
0.672	1.02984	0.0735483	1.09082	0.971028	2.64804	1.05922	0.999002	0	0	0	0	0	0	0	0	
0.673	1.03043	0.0723775	1.09079	0.970467	2.64643	1.05857	0.999262	0	0	0	0	0	0	0	0	
0.674	1.0262	0.0701047	1.08344	0.974464	2.63943	1.05577	0.999519	0	0	0	0	0	0	0	0	
0.675	1.00126	0.0471331	1.04804	0.99874	2.61679	1.04672	0.999754	0	0	0	0	0	0	0	0	
0.676	0.908637	-0.0906601	0.910931	1.10055	2.50631	1.00253	0.999934	0	0	0	0	0	0	0	0	
0.677	0.690126	-0.357324	0.623608	1.44901	2.25904	0.903615	0.999995	0	0	0	0	0	0	0	0	
0.678	0.259259	-1.35769	0.0967742	3.85715	0.933181	0.373272	1	0	0	0	0	0	0	0	0	
0.679	0.259259	-1.35769	0.0967742	3.85715	0.933181	0.373272	1	0	0	0	0	0	0	0	0	
0.68	0.259259	-1.35769	0.0967742	3.85715	0.933181	0.373272	1	0	0	0	0	0	0	0	0	
0.681	0.259259	-1.35769	0.0967742	3.85715	0.933181	0.373272	1	0	0	0	0	0	0	0	0	
0.682	0.259259	-1.35769	0.0967742	3.85715	0.933181	0.373272	1	0	0	0	0	0	0	0	0	
0.683	0.259259	-1.35769	0.0967742	3.85715	0.933181	0.373272	1	0	0	0	0	0	0	0	0	
0.684	0.259259	-1.35769	0.0967742	3.85715	0.933181	0.373272	1	0	0	0	0	0	0	0	0	
0.685	0.259259	-1.35769	0.0967742	3.85715	0.933181	0.373272	1	0	0	0	0	0	0	0	0	
0.686	0.259259	-1.35769	0.0967742	3.85715	0.933181	0.373272	1	0	0	0	0	0	0	0	0	
0.687	0.259259	-1.35769	0.0967742	3.85715	0.933181	0.373272	1	0	0	0	0	0	0	0	0	
0.688	0.259259	-1.35769	0.0967742	3.85715	0.933181	0.373272	1	0	0	0	0	0	0	0	0	
0.689	0.259259	-1.35769	0.0967742	3.85715	0.933181	0.373272	1	0	0	0	0	0	0	0	0	
0.69	0.259259	-1.35769	0.0967742	3.85715	0.933181	0.373272	1	0	0	0	0	0	0	0	0	
0.691	0.259259	-1.35769	0.0967742	3.85715	0.933181	0.373272	1	0	0	0	0	0	0	0	0	
0.692	0.259259	-1.35769	0.0967742	3.85715	0.933181	0.373272	1	0	0	0	0	0	0	0	0	
0.693	0.259259	-1.35769	0.0967742	3.85715	0.933181	0.373272	1	0	0	0	0	0	0	0	0	
0.694	0.259259	-1.35769	0.0967742	3.85715	0.933181	0.373272	1	0	0	0	0	0	0	0	0	
0.695	0.259259	-1.35769	0.0967742	3.85715	0.933181	0.373272	1	0	0	0	0	0	0	0	0	
0.696	0.259259	-1.35769	0.0967742	3.85715	0.933181	0.373272	1	0	0	0	0	0	0	0	0	
0.697	0.259259	-1.35769	0.0967742	3.85715	0.933181	0.373272	1	0	0	0	0	0	0	0	0	
0.698	0.259259	-1.35769	0.0967742	3.85715	0.933181	0.373272	1	0	0	0	0	0	0	0	0	
0.699	0.259259	-1.35769	0.0967742	3.85715	0.933181	0.373272	1	0	0	0	0	0	0	0	0	
0.7	0.259259	-1.35769	0.0967742	3.85715	0.933181	0.373272	1	0	0	0	0	0	0	0	0	
0.701	0.259259	-1.35769	0.0967742	3.85715	0.933181	0.373272	1	0	0	0	0	0	0	0	0	
0.702	0.259259	-1.35769	0.0967742	3.85715	0.933181	0.373272	1	0	0	0	0	0	0	0	0	
0.703	0.259259	-1.35769	0.0967742	3.85715	0.933181	0.373272	1	0	0	0	0	0	0	0	0	
0.704	0.259259	-1.35769	0.0967742	3.85715	0.933181	0.373272	1	0	0	0	0	0	0	0	0	
0.705	0.259259	-1.35769	0.0967742	3.85715	0.933181	0.373272	1	0	0	0	0	0	0	0	0	
0.706	0.259259	-1.35769	0.0967742	3.85715	0.933181	0.373272	1	0	0	0	0	0	0	0	0	
0.707	0.259259	-1.35769	0.0967742	3.85715	0.933181	0.373272	1	0	0	0	0	0	0	0	0	
0.708	0.259259	-1.35769	0.0967742	3.85715	0.933181	0.373272	1	0	0	0	0	0	0	0	0	
0.709	0.259259	-1.35769	0.0967742	3.85715	0.933181	0.373272	1	0	0	0	0	0	0	0	0	
0.71	0.259259	-1.35769	0.0967742	3.85715	0.933181	0.373272	1	0	0	0	0	0	0	0	0	
0.711	0.259259	-1.35769	0.0967742	3.85715	0.933181	0.373272	1	0	0	0	0	0	0	0	0	
0.712	0.259259	-1.35769	0.0967742	3.85715	0.933181	0.373272	1	0	0	0	0	0	0	0	0	
0.713	0.259259	-1.35769	0.0967742	3.85715	0.933181	0.373272	1	0	0	0	0	0	0	0	0	
0.714	0.259259	-1.35769	0.0967742	3.85715	0.933181	0.373272	1	0	0	0	0	0	0	0	0	
0.715	0.259259	-1.35769	0.0967742	3.85715	0.933181	0.373272	1	0	0	0	0	0	0	0	0	
0.716	0.259259	-1.35769	0.0967742	3.85715	0.933181	0.373272	1	0	0	0	0	0	0	0	0	
0.717	0.259259	-1.35769	0.0967742	3.85715	0.933181	0.373272	1	0	0	0	0	0	0	0	0	
0.718	0.259259	-1.35769	0.0967742	3.85715	0.933181	0.373272	1	0	0	0	0	0	0	0	0	
0.719	0.259259	-1.35769	0.0967742	3.85715	0.933181	0.373272	1	0	0	0	0	0	0	0	0	
0.72	0.259259	-1.35769	0.0967742	3.85715	0.933181	0.373272	1	0	0	0	0	0	0	0	0	
0.721	0.259259	-1.35769	0.0967742	3.85715	0.933181	0.373272	1	0	0	0	0	0	0	0	0	
0.722	0.259259	-1.35769	0.0967742	3.85715	0.933181	0.373272	1	0	0	0	0	0	0	0	0	
0.723	0.259259	-1.35769	0.0967742	3.85715	0.933181	0.373272	1	0	0	0	0	0	0	0	0	
0.724	0.259259	-1.35769	0.0967742	3.85715	0.933181	0.373272	1	0	0	0	0	0	0	0	0	
0.725	0.259259	-1.35769	0.0967742	3.85715	0.933181	0.373272	1	0	0	0	0	0	0	0	0	
0.726	0.259259	-1.35769	0.0967742	3.85715	0.933181	0.373272	1	0	0	0	0	0	0	0	0	
0.727	0.259259	-1.35769	0.0967742	3.85715	0.933181	0.373272	1	0	0	0	0	0	0	0	0	
0.728	0.259259	-1.35769	0.0967742	3.85715	0.933181	0.373272	1	0	0	0	0	0	0	0	0	
0.729	0.259259	-1.35769	0.0967742	3.85715	0.933181	0.373272	1	0	0	0	0	0	0	0	0	
0.73	0.259259	-1.35769	0.0967742	3.85715	0.933181	0.373272	1	0	0	0	0	0	0	0	0	
0.731	0.259259	-1.35769	0.0967742	3.85715	0.933181	0.373272	1	0	0	0	0	0	0	0	0	
0.732	0.259259	-1.35769	0.0967742	3.85715	0.933181	0.373272	1	0	0	0	0	0	0	0	0	
0.733	0.259259	-1.35769	0.0967742	3.85715	0.933181	0.373272	1	0	0	0	0	0	0	0	0	
0.734	0.259259	-1.35769	0.0967742	3.85715	0.933181	0.373272	1	0	0	0	0	0	0	0	0	
0.735	0.259259	-1.35769	0.0967742	3.85715	0.933181	0.373272	1	0	0	0	0	0	0	0	0	
0.736	0.259259	-1.35769	0.0967742	3.85715	0.933181	0.373272	1	0	0	0	0	0	0	0	0	
0.737	0.259259	-1.35769	0.0967742	3.85715	0.933181	0.373272	1	0	0	0	0	0	0	0	0	
0.738	0.259259	-1.35769	0.0967742	3.85715	0.933181	0.373272	1	0	0	0	0	0	0	0	0	
0.739	0.259259	-1.35769	0.0967742	3.85715	0.933181	0.373272	1	0	0	0	0	0	0	0	0	
0.74	0.259259	-1.35769	0.0967742	3.85715	0.933181	0.373272	1	0	0	0	0	0	0	0	0	
0.741	0.259259	-1.35769	0.0967742	3.85715	0.933181	0.373272	1	0	0	0	0	0	0	0	0	
0.742	0.259259	-1.35769	0.0967742	3.85715	0.933181	0.373272	1	0	0	0	0	0	0	0	0	
0.743	0.259259	-1.35769	0.0967742	3.85715	0.933181	0.373272	1	0	0	0	0	0	0	0	0	
0.744	0.259259	-1.35769	0.0967742	3.85715	0.933181	0.373272	1	0	0	0	0	0	0	0	0	
0.745	0.259259	-1.35769	0.0967742	3.85715	0.933181	0.373272	1	0	0	0	0	0	0	0	0	
0.746	0.259259	-1.35769	0.0967742	3.85715	0.933181	0.373272	1	0	0	0	0	0	0	0	0	
0.747	0.259259	-1.35769	0.0967742	3.85715	0.933181	0.373272	1	0	0	0	0	0	0	0	0	
0.748	0.259259	-1.35769	0.0967742	3.85715	0.933181	0.373272	1	0	0	0	0	0	0	0	0	
0.749	0.259259	-1.35769	0.0967742	3.85715	0.933181	0.373272	1	0	0	0	0	0	0	0	0	
0.75	0.259259	-1.35769	0.0967742	3.85715	0.933181	0.373272	1	0	0	0	0	0	0	0	0	
0.751	0.259259	-1.35769	0.0967742	3.85715	0.933181	0.373272	1	0	0	0	0	0	0	0	0	
0.752	0.259259	-1.35769	0.0967742	3.85715	0.933181	0.373272	1	0	0	0	0	0	0	0	0	
0.753	0.259259	-1.35769	0.0967742	3.85715	0.933181	0.373272	1	0	0	0	0	0	0	0	0	
0.754	0.259259	-1.35769	0.0967742	3.85715	0.933181	0.373272	1	0	0	0	0	0	0	0	0	
0.755	0.259259	-1.35769	0.0967742	3.85715	0.933181	0.373272	1	0	0	0	0	0	0	0	0	
0.756	0.259259	-1.35769	0.0967742	3.85715	0.933181	0.373272	1	0	0	0	0	0	0	0	0	
0.757	0.259259	-1.35769	0.0967742	3.85715	0.933181	0.373272	1	0	0	0	0	0	0	0	0	
0.758	0.259259	-1.35769	0.0967742	3.85715	0.933181	0.373272	1	0	0	0	0	0	0	0	0	
0.759	0.259259	-1.35769	0.0967742	3.85715	0.933181	0.373272	1	0	0	0	0	0	0	0	0	
0.76	0.259259	-1.35769	0.0967742	3.85715	0.933181	0.373272	1	0	0	0	0	0	0	0	0	
0.761	0.259259	-1.35769	0.0967742	3.85715	0.933181	0.373272	1	0	0	0	0	0	0	0	0	
0.762	0.259259	-1.35769	0.0967742	3.85715	0.933181	0.373272	1	0	0	0	0	0	0	0	0	
0.763	0.259259	-1.35769	0.0967742	3.85715	0.933181	0.373272	1	0	0	0	0	0	0	0	0	
0.764	0.259259	-1.35769	0.0967742	3.85715	0.933181	0.373272	1	0	0	0	0	0	0	0	0	
0.765	0.259259	-1.35769	0.0967742	3.85715	0.933181	0.373272	1	0	0	0	0	0	0	0	0	
0.766	0.259259	-1.35769	0.0967742	3.85715	0.933181	0.373272	1	0	0	0	0	0	0	0	0	
0.767	0.259259	-1.35769	0.0967742	3.85715	0.933181	0.373272	1	0	0	0	0	0	0	0	0	
0.768	0.259259	-1.35769	0.0967742	3.85715	0.933181	0.373272	1	0	0	0	0	0	0	0	0	
0.769	0.259259	-1.35769	0.0967742	3.85715	0.933181	0.373272	1	0	0	0	0	0	0	0	0	
0.77	0.259259	-1.35769	0.0967742	3.85715	0.933181	0.373272	1	0	0	0	0	0	0	0	0	
0.771	0.259259	-1.35769	0.0967742	3.85715	0.933181	0.373272	1	0	0	0	0	0	0	0	0	
0.772	0.259259	-1.35769	0.0967742	3.85715	0.933181	0.373272	1	0	0	0	0	0	0	0	0	
0.773	0.259259	-1.35769	0.0967742	3.85715	0.933181	0.373272	1	0	0	0	0	0	0	0	0	
0.774	0.259259	-1.35769	0.0967742	3.85715	0.933181	0.373272	1	0	0	0	0	0	0	0	0	
0.775	0.259259	-1.35769	0.0967742	3.85715	0.933181	0.373272	1	0	0	0	0	0	0	0	0	
0.776	0.259259	-1.35769	0.0967742	3.85715	0.933181	0.373272	1	0	0	0	0	0	0	0	0	
0.777	0.259259	-1.35769	0.0967742	3.85715	0.933181	0.373272	1	0	0	0	0	0	0	0	0	
0.778	0.259259	-1.35769	0.0967742	3.85715	0.933181	0.373272	1	0	0	0	0	0	0	0	0	
0.779	0.259259	-1.35769	0.0967742	3.85715	0.933181	0.373272	1	0	0	0	0	0	0	0	0	
0.78	0.259259	-1.35769	0.0967742	3.85715	0.933181	0.373272	1	0	0	0	0	0	0	0	0	
0.781	0.259259	-1.35769	0.0967742	3.85715	0.933181	0.373272	1	0	0	0	0	0	0	0	0	
0.782	0.259259	-1.35769	0.0967742	3.85715	0.933181	0.373272	1	0	0	0	0	0	0	0	0	
0.783	0.259259	-1.35769	0.0967742	3.85715	0.933181	0.373272	1	0	0	0	0	0	0	0	0	
0.784	0.259259	-1.35769	0.0967742	3.85715	0.933181	0.373272	1	0	0	0	0	0	0	0	0	
0.785	0.259259	-1.35769	0.0967742	3.85715	0.933181	0.373272	1	0	0	0	0	0	0	0	0	
0.786	0.259259	-1.35769	0.0967742	3.85715	0.933181	0.373272	1	0	0	0	0	0	0	0	0	
0.787	0.259259	-1.35769	0.0967742	3.85715	0.933181	0.373272	1	0	0	0	0	0	0	0	0	
0.788	0.259259	-1.35769	0.0967742	3.85715	0.933181	0.373272	1	0	0	0	0	0	0	0	0	
0.789	0.259259	-1.35769	0.0967742	3.85715	0.933181	0.373272	1	0	0	0	0	0	0	0	0	
0.79	0.259259	-1.35769	0.0967742	3.85715	0.933181	0.373272	1	0	0	0	0	0	0	0	0	
0.791	0.259259	-1.35769	0.0967742	3.85715	0.933181	0.373272	1	0	0	0	0	0	0	0	0	
0.792	0.259259	-1.35769	0.0967742	3.85715	0.933181	0.373272	1	0	0	0	0	0	0	0	0	
0.793	0.259259	-1.35769	0.0967742	3.85715	0.933181	0.373272	1	0	0	0	0	0	0	0	0	
0.794	0.259259	-1.35769	0.0967742	3.85715	0.933181	0.373272	1	0	0	0	0	0	0	0	0	
0.795	0.259259	-1.35769	0.0967742	3.85715	0.933181	0.373272	1	0	0	0	0	0	0	0	0	
0.796	0.259259	-1.35769	0.0967742	3.85715	0.933181	0.373272	1	0	0	0	0	0	0	0	0	
0.797	0.259259	-1.35769	0.0967742	3.85715	0.933181	0.373272	1	0	0	0	0	0	0	0	0	
0.798	0.259259	-1.35769	0.0967742	3.85715	0.933181	0.373272	1	0	0	0	0	0	0	0	0	
0.799	0.259259	-1.35769	0.0967742	3.85715	0.933181	0.373272	1	0	0	0	0	0	0	0	0	
0.8	0.259259	-1.35769	0.0967742	3.85715	0.933181	0.373272	1	0	0	0	0	0	0	0	0	
0.801	0.259259	-1.35769	0.0967742	3.85715	0.933181	0.373272	1	0	0	0	0	0	0	0	0	
0.802	0.259259	-1.35769	0.0967742	3.85715	0.933181	0.373272	1	0	0	0	0	0	0	0	0	
0.803	0.259259	-1.35769	0.0967742	3.85715	0.933181	0.373272	1	0	0	0	0	0	0	0	0	
0.804	0.259259	-1.35769	0.0967742	3.85715	0.933181	0.373272	1	0	0	0	0	0	0	0	0	
0.805	0.259259	-1.35769	0.0967742	3.85715	0.933181	0.373272	1	0	0	0	0	0	0	0	0	
0.806	0.259259	-1.35769	0.0967742	3.85715	0.933181	0.373272	1	0	0	0	0	0	0	0	0	
0.807	0.259259	-1.35769	0.0967742	3.85715	0.933181	0.373272	1	0	0	0	0	0	0	0	0	
0.808	0.259259	-1.35769	0.0967742	3.85715	0.933181	0.373272	1	0	0	0	0	0	0	0	0	
0.809	0.259259	-1.35769	0.0967742	3.85715	0.933181	0.373272	1	0	0	0	0	0	0	0	0	
0.81	0.259259	-1.35769	0.0967742	3.85715	0.933181	0.373272	1	0	0	0	0	0	0	0	0	
0.811	0.259259	-1.35769	0.0967742	3.85715	0.933181	0.373272	1	0	0	0	0	0	0	0	0	
0.812	0.259259	-1.35769	0.0967742	3.85715	0.933181	0.373272	1	0	0	0	0	0	0	0	0	
0.813	0.259259	-1.35769	0.0967742	3.85715	0.933181	0.373272	1	0	0	0	0	0	0	0	0	
0.814	0.259259	-1.35769	0.0967742	3.85715	0.933181	0.373272	1	0	0	0	0	0	0	0	0	
0.815	0.259259	-1.35769	0.0967742	3.85715	0.933181	0.373272	1	0	0	0	0	0	0	0	0	
0.816	0.259259	-1.35769	0.0967742	3.85715	0.933181	0.373272	1	0	0	0	0	0	0	0	0	
0.817	0.259259	-1.35769	0.0967742	3.85715	0.933181	0.373272	1	0	0	0	0	0	0	0	0	
0.818	0.259259	-1.35769	0.0967742	3.85715	0.933181	0.373272	1	0	0	0	0	0	0	0	0	
0.819	0.259259	-1.35769	0.0967742	3.85715	0.933181	0.373272	1	0	0	0	0	0	0	0	0	
0.82	0.259259	-1.35769	0.0967742	3.85715	0.933181	0.373272	1	0	0	0	0	0	0	0	0	
0.821	0.259259	-1.35769	0.0967742	3.85715	0.933181	0.373272	1	0	0	0	0	0	0	0	0	
0.822	0.259259	-1.35769	0.0967742	3.85715	0.933181	0.373272	1	0	0	0	0	0	0	0	0	
0.823	0.259259	-1.35769	0.0967742	3.85715	0.933181	0.373272	1	0	0	0	0	0	0	0	0	
0.824	0.259259	-1.35769	0.0967742	3.85715	0.933181	0.373272	1	0	0	0	0	0	0	0	0	
0.825	0.259259	-1.35769	0.0967742	3.85715	0.933181	0.373272	1	0	0	0	0	0	0	0	0	
0.826	0.259259	-1.35769	0.0967742	3.85715	0.933181	0.373272	1	0	0	0	0	0	0	0	0	
0.827	0.259259	-1.35769	0.0967742	3.85715	0.933181	0.373272	1	0	0	0	0	0	0	0	0	
0.828	0.259259	-1.35769	0.0967742	3.85715	0.933181	0.373272	1	0	0	0	0	0	0	0	0	
0.829	0.259259	-1.35769	0.0967742	3.85715	0.933181	0.373272	1	0	0	0	0	0	0	0	0	
0.83	0.259259	-1.35769	0.0967742	3.85715	0.933181	0.373272	1	0	0	0	0	0	0	0	0	
0.831	0.259259	-1.35769	0.0967742	3.85715	0.933181	0.373272	1	0	0	0	0	0	0	0	0	
0.832	0.259259	-1.35769	0.0967742	3.85715	0.933181	0.373272	1	0	0	0	0	0	0	0	0	
0.833	0.259259	-1.35769	0.0967742	3.85715	0.933181	0.373272	1	0	0	0	0	0	0	0	0	
0.834	0.259259	-1.35769	0.0967742	3.85715	0.933181	0.373272	1	0	0	0	0	0	0	0	0	
0.835	0.259259	-1.35769	0.0967742	3.85715	0.933181	0.373272	1	0	0	0	0	0	0	0	0	
0.836	0.259259	-1.35769	0.0967742	3.85715	0.933181	0.373272	1	0	0	0	0	0	0	0	0	
0.837	0.259259	-1.35769	0.0967742	3.85715	0.933181	0.373272	1	0	0	0	0	0	0	0	0	
0.838	0.259259	-1.35769	0.0967742	3.85715	0.933181	0.373272	1	0	0	0	0	0	0	0	0	
0.839	0.259259	-1.35769	0.0967742	3.85715	0.933181	0.373272	1	0	0	0	0	0	0	0	0	
0.84	0.259259	-1.35769	0.0967742	3.85715	0.933181	0.373272	1	0	0	0	0	0	0	0	0	
0.841	0.259259	-1.35769	0.0967742	3.85715	0.933181	0.373272	1	0	0	0	0	0	0	0	0	
0.842	0.259259	-1.35769	0.0967742	3.85715	0.933181	0.373272	1	0	0	0	0	0	0	0	0	
0.843	0.259259	-1.35769	0.0967742	3.85715	0.933181	0.373272	1	0	0	0	0	0	0	0	0	
0.844	0.259259	-1.35769	0.0967742	3.85715	0.933181	0.373272	1	0	0	0	0	0	0	0	0	
0.845	0.259259	-1.35769	0.0967742	3.85715	0.933181	0.373272	1	0	0	0	0	0	0	0	0	
0.846	0.259259	-1.35769	0.0967742	3.85715	0.933181	0.373272	1	0	0	0	0	0	0	0	0	
0.847	0.259259	-1.35769	0.0967742	3.85715	0.933181	0.373272	1	0	0	0	0	0	0	0	0	
0.848	0.259259	-1.35769	0.0967742	3.85715	0.933181	0.373272	1	0	0	0	0	0	0	0	0	
0.849	0.259259	-1.35769	0.0967742	3.85715	0.933181	0.373272	1	0	0	0	0	0	0	0	0	
0.85	0.259259	-1.35769	0.0967742	3.85715	0.933181	0.373272	1	0	0	0	0	0	0	0	0	
0.851	0.259259	-1.35769	0.0967742	3.85715	0.933181	0.373272	1	0	0	0	0	0	0	0	0	
0.852	0.259259	-1.35769	0.0967742	3.85715	0.933181	0.373272	1	0	0	0	0	0	0	0	0	
0.853	0.259259	-1.35769	0.0967742	3.85715	0.933181	0.373272	1	0	0	0	0	0	0	0	0	
0.854	0.259259	-1.35769	0.0967742	3.85715	0.933181	0.373272	1	0	0	0	0	0	0	0	0	
0.855	0.259259	-1.35769	0.0967742	3.85715	0.933181	0.373272	1	0	0	0	0	0	0	0	0	
0.856	0.259259	-1.35769	0.0967742	3.85715	0.933181	0.373272	1	0	0	0	0	0	0	0	0	
0.857	0.259259	-1.35769	0.0967742	3.85715	0.933181	0.373272	1	0	0	0	0	0	0	0	0	
0.858	0.259259	-1.35769	0.0967742	3.85715	0.933181	0.373272	1	0	0	0	0	0	0	0	0	
0.859	0.259259	-1.35769	0.0967742	3.85715	0.933181	0.373272	1	0	0	0	0	0	0	0	0	
0.86	0.259259	-1.35769	0.0967742	3.85715	0.933181	0.373272	1	0	0	0	0	0	0	0	0	
0.861	0.259259	-1.35769	0.0967742	3.85715	0.933181	0.373272	1	0	0	0	0	0	0	0	0	
0.862	0.259259	-1.35769	0.0967742	3.85715	0.933181	0.373272	1	0	0	0	0	0	0	0	0	
0.863	0.259259	-1.35769	0.0967742	3.85715	0.933181	0.373272	1	0	0	0	0	0	0	0	0	
0.864	0.259259	-1.35769	0.0967742	3.85715	0.933181	0.373272	1	0	0	0	0	0	0	0	0	
0.865	0.259259	-1.35769	0.0967742	3.85715	0.933181	0.373272	1	0	0	0	0	0	0	0	0	
0.866	0.259259	-1.35769	0.0967742	3.85715	0.933181	0.373272	1	0	0	0	0	0	0	0	0	
0.867	0.259259	-1.35769	0.0967742	3.85715	0.933181	0.373272	1	0	0	0	0	0	0	0	0	
0.868	0.259259	-1.35769	0.0967742	3.85715	0.933181	0.373272	1	0	0	0	0	0	0	0	0	
0.869	0.259259	-1.35769	0.0967742	3.85715	0.933181	0.373272	1	0	0	0	0	0	0	0	0	
0.87	0.259259	-1.35769	0.0967742	3.85715	0.933181	0.373272	1	0	0	0	0	0	0	0	0	
0.871	0.259259	-1.35769	0.0967742	3.85715	0.933181	0.373272	1	0	0	0	0	0	0	0	0	
0.872	0.259259	-1.35769	0.0967742	3.85715	0.933181	0.373272	1	0	0	0	0	0	0	0	0	
0.873	0.259259	-1.35769	0.0967742	3.85715	0.933181	0.373272	1	0	0	0	0	0	0	0	0	
0.874	0.259259	-1.35769	0.0967742	3.85715	0.933181	0.373272	1	0	0	0	0	0	0	0	0	
0.875	0.259259	-1.35769	0.0967742	3.85715	0.933181	0.373272	1	0	0	0	0	0	0	0	0	
0.876	0.259259	-1.35769	0.0967742	3.85715	0.933181	0.373272	1	0	0	0	0	0	0	0	0	
0.877	0.259259	-1.35769	0.0967742	3.85715	0.933181	0.373272	1	0	0	0	0	0	0	0	0	
0.878	0.259259	-1.35769	0.0967742	3.85715	0.933181	0.373272	1	0	0	0	0	0	0	0	0	
0.879	0.259259	-1.35769	0.0967742	3.85715	0.933181	0.373272	1	0	0	0	0	0	0	0	0	
0.88	0.259259	-1.35769	0.0967742	3.85715	0.933181	0.373272	1	0	0	0	0	0	0	0	0	
0.881	0.259259	-1.35769	0.0967742	3.85715	0.933181	0.373272	1	0	0	0	0	0	0	0	0	
0.882	0.259259	-1.35769	0.0967742	3.85715	0.933181	0.373272	1	0	0	0	0	0	0	0	0	
0.883	0.259259	-1.35769	0.0967742	3.85715	0.933181	0.373272	1	0	0	0	0	0	0	0	0	
0.884	0.259259	-1.35769	0.0967742	3.85715	0.933181	0.373272	1	0	0	0	0	0	0	0	0	
0.885	0.259259	-1.35769	0.0967742	3.85715	0.933181	0.373272	1	0	0	0	0	0	0	0	0	
0.886	0.259259	-1.35769	0.0967742	3.85715	0.933181	0.373272	1	0	0	0	0	0	0	0	0	
0.887	0.259259	-1.35769	0.0967742	3.85715	0.933181	0.373272	1	0	0	0	0	0	0	0	0	
0.888	0.259259	-1.35769	0.0967742	3.85715	0.933181	0.373272	1	0	0	0	0	0	0	0	0	
0.889	0.259259	-1.35769	0.0967742	3.85715	0.933181	0.373272	1	0	0	0	0	0	0	0	0	
0.89	0.259259	-1.35769	0.0967742	3.85715	0.933181	0.373272	1	0	0	0	0	0	0	0	0	
0.891	0.259259	-1.35769	0.0967742	3.85715	0.933181	0.373272	1	0	0	0	0	0	0	0	0	
0.892	0.259259	-1.35769	0.0967742	3.85715	0.933181	0.373272	1	0	0	0	0	0	0	0	0	
0.893	0.259259	-1.35769	0.0967742	3.85715	0.933181	0.373272	1	0	0	0	0	0	0	0	0	
0.894	0.259259	-1.35769	0.0967742	3.85715	0.933181	0.373272	1	0	0	0	0	0	0	0	0	
0.895	0.259259	-1.35769	0.0967742	3.85715	0.933181	0.373272	1	0	0	0	0	0	0	0	0	
0.896	0.259259	-1.35769	0.0967742	3.85715	0.933181	0.373272	1	0	0	0	0	0	0	0	0	
0.897	0.259259	-1.35769	0.0967742	3.85715	0.933181	0.373272	1	0	0	0	0	0	0	0	0	
0.898	0.259259	-1.35769	0.0967742	3.85715	0.933181	0.373272	1	0	0	0	0	0	0	0	0	
0.899	0.259259	-1.35769	0.0967742	3.85715	0.933181	0.373272	1	0	0	0	0	0	0	0	0	
0.9	0.259259	-1.35769	0.0967742	3.85715	0.933181	0.373272	1	0	0	0	0	0	0	0	0	
0.901	0.259259	-1.35769	0.0967742	3.85715	0.933181	0.373272	1	0	0	0	0	0	0	0	0	
0.902	0.259259	-1.35769	0.0967742	3.85715	0.933181	0.373272	1	0	0	0	0	0	0	0	0	
0.903	0.259259	-1.35769	0.0967742	3.85715	0.933181	0.373272	1	0	0	0	0	0	0	0	0	
0.904	0.259259	-1.35769	0.0967742	3.85715	0.933181	0.373272	1	0	0	0	0	0	0	0	0	
0.905	0.259259	-1.35769	0.0967742	3.85715	0.933181	0.373272	1	0	0	0	0	0	0	0	0	
0.906	0.259259	-1.35769	0.0967742	3.85715	0.933181	0.373272	1	0	0	0	0	0	0	0	0	
0.907	0.259259	-1.35769	0.0967742	3.85715	0.933181	0.373272	1	0	0	0	0	0	0	0	0	
0.908	0.259259	-1.35769	0.0967742	3.85715	0.933181	0.373272	1	0	0	0	0	0	0	0	0	
0.909	0.259259	-1.35769	0.0967742	3.85715	0.933181	0.373272	1	0	0	0	0	0	0	0	0	
0.91	0.259259	-1.35769	0.0967742	3.85715	0.933181	0.373272	1	0	0	0	0	0	0	0	0	
0.911	0.259259	-1.35769	0.0967742	3.85715	0.933181	0.373272	1	0	0	0	0	0	0	0	0	
0.912	0.259259	-1.35769	0.0967742	3.85715	0.933181	0.373272	1	0	0	0	0	0	0	0	0	
0.913	0.259259	-1.35769	0.0967742	3.85715	0.933181	0.373272	1	0	0	0	0	0	0	0	0	
0.914	0.259259	-1.35769	0.0967742	3.85715	0.933181	0.373272	1	0	0	0	0	0	0	0	0	
0.915	0.259259	-1.35769	0.0967742	3.85715	0.933181	0.373272	1	0	0	0	0	0	0	0	0	
0.916	0.259259	-1.35769	0.0967742	3.85715	0.933181	0.373272	1	0	0	0	0	0	0	0	0	
0.917	0.259259	-1.35769	0.0967742	3.85715	0.933181	0.373272	1	0	0	0	0	0	0	0	0	
0.918	0.259259	-1.35769	0.0967742	3.85715	0.933181	0.373272	1	0	0	0	0	0	0	0	0	
0.919	0.259259	-1.35769	0.0967742	3.85715	0.933181	0.373272	1	0	0	0	0	0	0	0	0	
0.92	0.259259	-1.35769	0.0967742	3.85715	0.933181	0.373272	1	0	0	0	0	0	0	0	0	
0.921	0.259259	-1.35769	0.0967742	3.85715	0.933181	0.373272	1	0	0	0	0	0	0	0	0	
0.922	0.259259	-1.35769	0.0967742	3.85715	0.933181	0.373272	1	0	0	0	0	0	0	0	0	
0.923	0.259259	-1.35769	0.0967742	3.85715	0.933181	0.373272	1	0	0	0	0	0	0	0	0	
0.924	0.259259	-1.35769	0.0967742	3.85715	0.933181	0.373272	1	0	0	0	0	0	0	0	0	
0.925	0.259259	-1.35769	0.0967742	3.85715	0.933181	0.373272	1	0	0	0	0	0	0	0	0	
0.926	0.259259	-1.35769	0.0967742	3.85715	0.933181	0.373272	1	0	0	0	0	0	0	0	0	
0.927	0.259259	-1.35769	0.0967742	3.85715	0.933181	0.373272	1	0	0	0	0	0	0	0	0	
0.928	0.259259	-1.35769	0.0967742	3.85715	0.933181	0.373272	1	0	0	0	0	0	0	0	0	
0.929	0.259259	-1.35769	0.0967742	3.85715	0.933181	0.373272	1	0	0	0	0	0	0	0	0	
0.93	0.259259	-1.35769	0.0967742	3.85715	0.933181	0.373272	1	0	0	0	0	0	0	0	0	
0.931	0.259259	-1.35769	0.0967742	3.85715	0.933181	0.373272	1	0	0	0	0	0	0	0	0	
0.932	0.259259	-1.35769	0.0967742	3.85715	0.933181	0.373272	1	0	0	0	0	0	0	0	0	
0.933	0.259259	-1.35769	0.0967742	3.85715	0.933181	0.373272	1	0	0	0	0	0	0	0	0	
0.934	0.259259	-1.35769	0.0967742	3.85715	0.933181	0.373272	1	0	0	0	0	0	0	0	0	
0.935	0.259259	-1.35769	0.0967742	3.85715	0.933181	0.373272	1	0	0	0	0	0	0	0	0	
0.936	0.259259	-1.35769	0.0967742	3.85715	0.933181	0.373272	1	0	0	0	0	0	0	0	0	
0.937	0.259259	-1.35769	0.0967742	3.85715	0.933181	0.373272	1	0	0	0	0	0	0	0	0	
0.938	0.259259	-1.35769	0.0967742	3.85715	0.933181	0.373272	1	0	0	0	0	0	0	0	0	
0.939	0.259259	-1.35769	0.0967742	3.85715	0.933181	0.373272	1	0	0	0	0	0	0	0	0	
0.94	0.259259	-1.35769	0.0967742	3.85715	0.933181	0.373272	1	0	0	0	0	0	0	0	0	
0.941	0.259259	-1.35769	0.0967742	3.85715	0.933181	0.373272	1	0	0	0	0	0	0	0	0	
0.942	0.259259	-1.35769	0.0967742	3.85715	0.933181	0.373272	1	0	0	0	0	0	0	0	0	
0.943	0.259259	-1.35769	0.0967742	3.85715	0.933181	0.373272	1	0	0	0	0	0	0	0	0	
0.944	0.259259	-1.35769	0.0967742	3.85715	0.933181	0.373272	1	0	0	0	0	0	0	0	0	
0.945	0.259259	-1.35769	0.0967742	3.85715	0.933181	0.373272	1	0	0	0	0	0	0	0	0	
0.946	0.259259	-1.35769	0.0967742	3.85715	0.933181	0.373272	1	0	0	0	0	0	0	0	0	
0.947	0.259259	-1.35769	0.0967742	3.85715	0.933181	0.373272	1	0	0	0	0	0	0	0	0	
0.948	0.259259	-1.35769	0.0967742	3.85715	0.933181	0.373272	1	0	0	0	0	0	0	0	0	
0.949	0.259259	-1.35769	0.0967742	3.85715	0.933181	0.373272	1	0	0	0	0	0	0	0	0	
0.95	0.259259	-1.35769	0.0967742	3.85715	0.933181	0.373272	1	0	0	0	0	0	0	0	0	
0.951	0.259259	-1.35769	0.0967742	3.85715	0.933181	0.373272	1	0	0	0	0	0	0	0	0	
0.952	0.259259	-1.35769	0.0967742	3.85715	0.933181	0.373272	1	0	0	0	0	0	0	0	0	
0.953	0.259259	-1.35769	0.0967742	3.85715	0.933181	0.373272	1	0	0	0	0	0	0	0	0	
0.954	0.259259	-1.35769	0.0967742	3.85715	0.933181	0.373272	1	0	0	0	0	0	0	0	0	
0.955	0.259259	-1.35769	0.0967742	3.85715	0.933181	0.373272	1	0	0	0	0	0	0	0	0	
0.956	0.259259	-1.35769	0.0967742	3.85715	0.933181	0.373272	1	0	0	0	0	0	0	0	0	
0.957	0.259259	-1.35769	0.0967742	3.85715	0.933181	0.373272	1	0	0	0	0	0	0	0	0	
0.958	0.259259	-1.35769	0.0967742	3.85715	0.933181	0.373272	1	0	0	0	0	0	0	0	0	
0.959	0.259259	-1.35769	0.0967742	3.85715	0.933181	0.373272	1	0	0	0	0	0	0	0	0	
0.96	0.259259	-1.35769	0.0967742	3.85715	0.933181	0.373272	1	0	0	0	0	0	0	0	0	
0.961	0.259259	-1.35769	0.0967742	3.85715	0.933181	0.373272	1	0	0	0	0	0	0	0	0	
0.962	0.259259	-1.35769	0.0967742	3.85715	0.933181	0.373272	1	0	0	0	0	0	0	0	0	
0.963	0.259259	-1.35769	0.0967742	3.85715	0.933181	0.373272	1	0	0	0	0	0	0	0	0	
0.964	0.259259	-1.35769	0.0967742	3.85715	0.933181	0.373272	1	0	0	0	0	0	0	0	0	
0.965	0.259259	-1.35769	0.0967742	3.85715	0.933181	0.373272	1	0	0	0	0	0	0	0	0	
0.966	0.259259	-1.35769	0.0967742	3.85715	0.933181	0.373272	1	0	0	0	0	0	0	0	0	
0.967	0.259259	-1.35769	0.0967742	3.85715	0.933181	0.373272	1	0	0	0	0	0	0	0	0	
0.968	0.259259	-1.35769	0.0967742	3.85715	0.933181	0.373272	1	0	0	0	0	0	0	0	0	
0.969	0.259259	-1.35769	0.0967742	3.85715	0.933181	0.373272	1	0	0	0	0	0	0	0	0	
0.97	0.259259	-1.35769	0.0967742	3.85715	0.933181	0.373272	1	0	0	0	0	0	0	0	0	
0.971	0.259259	-1.35769	0.0967742	3.85715	0.933181	0.373272	1	0	0	0	0	0	0	0	0	
0.972	0.259259	-1.35769	0.0967742	3.85715	0.933181	0.373272	1	0	0	0	0	0	0	0	0	
0.973	0.259259	-1.35769	0.0967742	3.85715	0.933181	0.373272	1	0	0	0	0	0	0	0	0	
0.974	0.259259	-1.35769	0.0967742	3.85715	0.933181	0.373272	1	0	0	0	0	0	0	0	0	
0.975	0.259259	-1.35769	0.0967742	3.85715	0.933181	0.373272	1	0	0	0	0	0	0	0	0	
0.976	0.259259	-1.35769	0.0967742	3.85715	0.933181	0.373272	1	0	0	0	0	0	0	0	0	
0.977	0.259259	-1.35769	0.0967742	3.85715	0.933181	0.373272	1	0	0	0	0	0	0	0	0	
0.978	0.259259	-1.35769	0.0967742	3.85715	0.933181	0.373272	1	0	0	0	0	0	0	0	0	
0.979	0.259259	-1.35769	0.0967742	3.85715	0.933181	0.373272	1	0	0	0	0	0	0	0	0	
0.98	0.259259	-1.35769	0.0967742	3.85715	0.933181	0.373272	1	0	0	0	0	0	0	0	0	
0.981	0.259259	-1.35769	0.0967742	3.85715	0.933181	0.373272	1	0	0	0	0	0	0	0	0	
0.982	0.259259	-1.35769	0.0967742	3.85715	0.933181	0.373272	1	0	0	0	0	0	0	0	0	
0.983	0.259259	-1.35769	0.0967742	3.85715	0.933181	0.373272	1	0	0	0	0	0	0	0	0	
0.984	0.259259	-1.35769	0.0967742	3.85715	0.933181	0.373272	1	0	0	0	0	0	0	0	0	
0.985	0.259259	-1.35769	0.0967742	3.85715	0.933181	0.373272	1	0	0	0	0	0	0	0	0	
0.986	0.259259	-1.35769	0.0967742	3.85715	0.933181	0.373272	1	0	0	0	0	0	0	0	0	
0.987	0.259259	-1.35769	0.0967742	3.85715	0.933181	0.373272	1	0	0	0	0	0	0	0	0	
0.988	0.259259	-1.35769	0.0967742	3.85715	0.933181	0.373272	1	0	0	0	0	0	0	0	0	
0.989	0.259259	-1.35769	0.0967742	3.85715	0.933181	0.373272	1	0	0	0	0	0	0	0	0	
0.99	0.259259	-1.35769	0.0967742	3.85715	0.933181	0.373272	1	0	0	0	0	0	0	0	0	
0.991	0.259259	-1.35769	0.0967742	3.85715	0.933181	0.373272	1	0	0	0	0	0	0	0	0	
0.992	0.259259	-1.35769	0.0967742	3.85715	0.933181	0.373272	1	0	0	0	0	0	0	0	0	
0.993	0.259259	-1.35769	0.0967742	3.85715	0.933181	0.373272	1	0	0	0	0	0	0	0	0	
0.994	0.259259	-1.35769	0.0967742	3.85715	0.933181	0.373272	1	0	0	0	0	0	0	0	0	
0.995	0.259259	-1.35769	0.0967742	3.85715	0.933181	0.373272	1	0	0	0	0	0	0	0	0	
0.996	0.259259	-1.35769	0.0967742	3.85715	0.933181	0.373272	1	0	0	0	0	0	0	0	0	
0.997	0.259259	-1.35769	0.0967742	3.85715	0.933181	0.373272	1	0	0	0	0	0	0	0	0	
0.998	0.259259	-1.35769	0.0967742	3.85715	0.933181	0.373272	1	0	0	0	0	0	0	0	0	
0.999	0.259259	-1.35769	0.0967742	3.85715	0.933181	0.373272	1	0	0	0	0	0	0	0	0	
1	0.259259	-1.35769	0.0967742	3.85715	0.933181	0.373272	1	0	0	0	0	0	0	0	0	
