|||||||||||||||||||||||||||||||||***SIMULATION: detonation***||||||||||||||||||||||||||||||||||
Sanpshot time = 1.02. Timestep = 2223. Run time = 3 seconds
No. of cells = 1000
#Position	 Density	 Velocity	 Pressure	 Specific_Volume I_Energy	 Temperature	 Species
-0.001	0.86774	-0.00120742	1.1761	1.15242	3.38839	0	0.758491	0	0	0	0	0	0	0	0	
0	0.866121	-0.000409075	1.17613	1.15457	3.39482	0	0.756549	0	0	0	0	0	0	0	0	
0.001	0.866121	0.000409075	1.17613	1.15457	3.39482	1.35793	0.756549	0	0	0	0	0	0	0	0	
0.002	0.86774	0.00120742	1.1761	1.15242	3.38839	1.35536	0.758491	0	0	0	0	0	0	0	0	
0.003	0.856852	0.00211978	1.17619	1.16706	3.43171	1.37268	0.745335	0	0	0	0	0	0	0	0	
0.004	0.879286	0.0028614	1.17591	1.13729	3.34337	1.33735	0.772032	0	0	0	0	0	0	0	0	
0.005	0.84238	0.00389799	1.17623	1.18711	3.4908	1.39632	0.727172	0	0	0	0	0	0	0	0	
0.006	0.848884	0.00508588	1.17611	1.17802	3.4637	1.38548	0.735513	0	0	0	0	0	0	0	0	
0.007	0.86063	0.00611555	1.17584	1.16194	3.41563	1.36625	0.750139	0	0	0	0	0	0	0	0	
0.008	0.861641	0.00704528	1.17565	1.16058	3.41107	1.36443	0.751498	0	0	0	0	0	0	0	0	
0.009	0.871254	0.00784973	1.17536	1.14777	3.3726	1.34904	0.76309	0	0	0	0	0	0	0	0	
0.01	0.87707	0.0085288	1.17509	1.14016	3.34946	1.33979	0.770029	0	0	0	0	0	0	0	0	
0.011	0.877108	0.00916272	1.17487	1.14011	3.34869	1.33948	0.770219	0	0	0	0	0	0	0	0	
0.012	0.883144	0.00973254	1.17459	1.13232	3.32502	1.33001	0.777273	0	0	0	0	0	0	0	0	
0.013	0.883908	0.0102605	1.17435	1.13134	3.32146	1.32858	0.77829	0	0	0	0	0	0	0	0	
0.014	0.880866	0.0108088	1.17414	1.13525	3.33235	1.33294	0.774975	0	0	0	0	0	0	0	0	
0.015	0.883078	0.0113535	1.17389	1.1324	3.32328	1.32931	0.777645	0	0	0	0	0	0	0	0	
0.016	0.883422	0.0118864	1.17363	1.13196	3.32127	1.32851	0.778193	0	0	0	0	0	0	0	0	
0.017	0.881136	0.0124387	1.1734	1.1349	3.32923	1.33169	0.775752	0	0	0	0	0	0	0	0	
0.018	0.880927	0.0130069	1.17315	1.13517	3.3293	1.33172	0.775678	0	0	0	0	0	0	0	0	
0.019	0.880949	0.0135794	1.17288	1.13514	3.32846	1.33138	0.775876	0	0	0	0	0	0	0	0	
0.02	0.880825	0.0141548	1.17261	1.1353	3.32815	1.33126	0.775913	0	0	0	0	0	0	0	0	
0.021	0.881221	0.0147286	1.17232	1.13479	3.32583	1.33033	0.77655	0	0	0	0	0	0	0	0	
0.022	0.881245	0.0153015	1.17202	1.13476	3.32491	1.32997	0.776774	0	0	0	0	0	0	0	0	
0.023	0.881939	0.0158688	1.17172	1.13386	3.32142	1.32857	0.777777	0	0	0	0	0	0	0	0	
0.024	0.883099	0.0164228	1.17139	1.13238	3.31615	1.32646	0.779327	0	0	0	0	0	0	0	0	
0.025	0.883496	0.0169677	1.17107	1.13187	3.31374	1.3255	0.780033	0	0	0	0	0	0	0	0	
0.026	0.884187	0.0175046	1.17074	1.13098	3.31022	1.32409	0.781087	0	0	0	0	0	0	0	0	
0.027	0.885402	0.0180278	1.17039	1.12943	3.3047	1.32188	0.782745	0	0	0	0	0	0	0	0	
0.028	0.886079	0.0185395	1.17005	1.12857	3.30119	1.32048	0.783807	0	0	0	0	0	0	0	0	
0.029	0.88641	0.0190452	1.1697	1.12815	3.29897	1.31959	0.784489	0	0	0	0	0	0	0	0	
0.03	0.886908	0.0195458	1.16934	1.12751	3.29611	1.31844	0.785361	0	0	0	0	0	0	0	0	
0.031	0.887523	0.0200399	1.16897	1.12673	3.2928	1.31712	0.786369	0	0	0	0	0	0	0	0	
0.032	0.888304	0.0205253	1.1686	1.12574	3.28885	1.31554	0.787564	0	0	0	0	0	0	0	0	
0.033	0.889235	0.0209999	1.16822	1.12456	3.28434	1.31373	0.788927	0	0	0	0	0	0	0	0	
0.034	0.890208	0.0214627	1.16783	1.12333	3.27966	1.31186	0.790336	0	0	0	0	0	0	0	0	
0.035	0.891238	0.0219131	1.16744	1.12203	3.27477	1.30991	0.791807	0	0	0	0	0	0	0	0	
0.036	0.892248	0.022351	1.16704	1.12077	3.26995	1.30798	0.793254	0	0	0	0	0	0	0	0	
0.037	0.893207	0.0227772	1.16664	1.11956	3.26531	1.30612	0.794645	0	0	0	0	0	0	0	0	
0.038	0.894219	0.0231916	1.16623	1.11829	3.26047	1.30419	0.796093	0	0	0	0	0	0	0	0	
0.039	0.895258	0.0235942	1.16582	1.117	3.25554	1.30222	0.797567	0	0	0	0	0	0	0	0	
0.04	0.896338	0.0239845	1.1654	1.11565	3.25046	1.30018	0.799082	0	0	0	0	0	0	0	0	
0.041	0.897569	0.0243615	1.16498	1.11412	3.24483	1.29793	0.800758	0	0	0	0	0	0	0	0	
0.042	0.898839	0.0247244	1.16456	1.11255	3.23907	1.29563	0.802472	0	0	0	0	0	0	0	0	
0.043	0.899929	0.0250744	1.16413	1.1112	3.23396	1.29358	0.803988	0	0	0	0	0	0	0	0	
0.044	0.900795	0.0254143	1.16371	1.11013	3.22967	1.29187	0.805264	0	0	0	0	0	0	0	0	
0.045	0.90146	0.0257469	1.16328	1.10931	3.22611	1.29044	0.806324	0	0	0	0	0	0	0	0	
0.046	0.901862	0.0260751	1.16286	1.10882	3.22349	1.28939	0.807107	0	0	0	0	0	0	0	0	
0.047	0.902	0.0264024	1.16243	1.10865	3.22181	1.28873	0.80761	0	0	0	0	0	0	0	0	
0.048	0.902128	0.0267301	1.162	1.10849	3.22018	1.28807	0.808102	0	0	0	0	0	0	0	0	
0.049	0.902609	0.027056	1.16157	1.1079	3.21726	1.28691	0.808968	0	0	0	0	0	0	0	0	
0.05	0.903581	0.027375	1.16114	1.10671	3.2126	1.28504	0.810349	0	0	0	0	0	0	0	0	
0.051	0.90487	0.0276827	1.16069	1.10513	3.2068	1.28272	0.812059	0	0	0	0	0	0	0	0	
0.052	0.906181	0.0279776	1.16025	1.10353	3.20093	1.28037	0.813787	0	0	0	0	0	0	0	0	
0.053	0.907286	0.0282607	1.15981	1.10219	3.19581	1.27833	0.815296	0	0	0	0	0	0	0	0	
0.054	0.908113	0.0285352	1.15936	1.10118	3.19169	1.27667	0.816513	0	0	0	0	0	0	0	0	
0.055	0.908714	0.0288037	1.15892	1.10046	3.18836	1.27534	0.817496	0	0	0	0	0	0	0	0	
0.056	0.909187	0.0290683	1.15848	1.09988	3.18549	1.2742	0.818345	0	0	0	0	0	0	0	0	
0.057	0.909618	0.02933	1.15804	1.09936	3.18277	1.27311	0.819149	0	0	0	0	0	0	0	0	
0.058	0.910066	0.029589	1.1576	1.09882	3.17999	1.272	0.81997	0	0	0	0	0	0	0	0	
0.059	0.910561	0.0298448	1.15716	1.09822	3.17705	1.27082	0.820837	0	0	0	0	0	0	0	0	
0.06	0.911108	0.0300971	1.15672	1.09756	3.17393	1.26957	0.821757	0	0	0	0	0	0	0	0	
0.061	0.911707	0.0303452	1.15628	1.09684	3.17063	1.26825	0.822728	0	0	0	0	0	0	0	0	
0.062	0.912352	0.0305887	1.15583	1.09607	3.16718	1.26687	0.823744	0	0	0	0	0	0	0	0	
0.063	0.913026	0.0308272	1.15539	1.09526	3.16362	1.26545	0.824787	0	0	0	0	0	0	0	0	
0.064	0.913715	0.0310604	1.15494	1.09443	3.16002	1.26401	0.825843	0	0	0	0	0	0	0	0	
0.065	0.914401	0.0312885	1.1545	1.09361	3.15644	1.26258	0.826894	0	0	0	0	0	0	0	0	
0.066	0.915072	0.0315116	1.15406	1.09281	3.15291	1.26117	0.827928	0	0	0	0	0	0	0	0	
0.067	0.915723	0.0317297	1.15361	1.09203	3.14946	1.25979	0.828938	0	0	0	0	0	0	0	0	
0.068	0.916357	0.0319433	1.15317	1.09128	3.14608	1.25843	0.82993	0	0	0	0	0	0	0	0	
0.069	0.916977	0.0321524	1.15273	1.09054	3.14274	1.2571	0.830906	0	0	0	0	0	0	0	0	
0.07	0.917569	0.0323573	1.15229	1.08984	3.13951	1.25581	0.831852	0	0	0	0	0	0	0	0	
0.071	0.918076	0.0325587	1.15185	1.08923	3.13658	1.25463	0.832712	0	0	0	0	0	0	0	0	
0.072	0.918424	0.0327578	1.15141	1.08882	3.1342	1.25368	0.833414	0	0	0	0	0	0	0	0	
0.073	0.918608	0.0329561	1.15097	1.0886	3.13238	1.25295	0.833953	0	0	0	0	0	0	0	0	
0.074	0.918761	0.0331544	1.15054	1.08842	3.13067	1.25227	0.834461	0	0	0	0	0	0	0	0	
0.075	0.919116	0.0333519	1.1501	1.088	3.12828	1.25131	0.835164	0	0	0	0	0	0	0	0	
0.076	0.919851	0.0335457	1.14966	1.08713	3.12458	1.24983	0.836238	0	0	0	0	0	0	0	0	
0.077	0.920972	0.0337323	1.14922	1.08581	3.11958	1.24783	0.837685	0	0	0	0	0	0	0	0	
0.078	0.922309	0.0339092	1.14878	1.08424	3.11386	1.24555	0.839335	0	0	0	0	0	0	0	0	
0.079	0.923629	0.0340757	1.14834	1.08269	3.10822	1.24329	0.840962	0	0	0	0	0	0	0	0	
0.08	0.924758	0.0342331	1.1479	1.08136	3.10324	1.24129	0.842401	0	0	0	0	0	0	0	0	
0.081	0.925639	0.0343832	1.14746	1.08033	3.0991	1.23964	0.843598	0	0	0	0	0	0	0	0	
0.082	0.926312	0.0345282	1.14702	1.07955	3.09568	1.23827	0.844591	0	0	0	0	0	0	0	0	
0.083	0.926856	0.0346696	1.14659	1.07892	3.09269	1.23708	0.84546	0	0	0	0	0	0	0	0	
0.084	0.927344	0.0348082	1.14616	1.07835	3.0899	1.23596	0.846271	0	0	0	0	0	0	0	0	
0.085	0.927816	0.0349444	1.14573	1.0778	3.08717	1.23487	0.847066	0	0	0	0	0	0	0	0	
0.086	0.928288	0.0350783	1.1453	1.07725	3.08445	1.23378	0.847858	0	0	0	0	0	0	0	0	
0.087	0.928761	0.0352099	1.14488	1.0767	3.08173	1.23269	0.84865	0	0	0	0	0	0	0	0	
0.088	0.929236	0.0353392	1.14445	1.07615	3.07901	1.2316	0.849441	0	0	0	0	0	0	0	0	
0.089	0.929715	0.0354663	1.14403	1.0756	3.07628	1.23051	0.850233	0	0	0	0	0	0	0	0	
0.09	0.930203	0.0355912	1.1436	1.07503	3.07353	1.22941	0.851032	0	0	0	0	0	0	0	0	
0.091	0.930705	0.0357137	1.14318	1.07445	3.07074	1.2283	0.851842	0	0	0	0	0	0	0	0	
0.092	0.931223	0.0358338	1.14276	1.07386	3.0679	1.22716	0.852665	0	0	0	0	0	0	0	0	
0.093	0.931757	0.0359514	1.14234	1.07324	3.06501	1.22601	0.8535	0	0	0	0	0	0	0	0	
0.094	0.9323	0.0360664	1.14192	1.07262	3.0621	1.22484	0.854341	0	0	0	0	0	0	0	0	
0.095	0.93283	0.036179	1.1415	1.07201	3.05924	1.2237	0.855168	0	0	0	0	0	0	0	0	
0.096	0.933302	0.0362895	1.14109	1.07146	3.05658	1.22263	0.855939	0	0	0	0	0	0	0	0	
0.097	0.933657	0.0363985	1.14067	1.07106	3.05431	1.22172	0.856602	0	0	0	0	0	0	0	0	
0.098	0.933871	0.0365072	1.14026	1.07081	3.05251	1.221	0.857134	0	0	0	0	0	0	0	0	
0.099	0.934005	0.0366162	1.13985	1.07066	3.05097	1.22039	0.857593	0	0	0	0	0	0	0	0	
0.1	0.934198	0.0367257	1.13944	1.07044	3.04924	1.2197	0.858104	0	0	0	0	0	0	0	0	
0.101	0.934601	0.0368345	1.13903	1.06998	3.04683	1.21873	0.858802	0	0	0	0	0	0	0	0	
0.102	0.935278	0.036941	1.13862	1.0692	3.04353	1.21741	0.859748	0	0	0	0	0	0	0	0	
0.103	0.936176	0.0370433	1.13821	1.06817	3.03951	1.2158	0.86089	0	0	0	0	0	0	0	0	
0.104	0.937155	0.0371405	1.1378	1.06706	3.03524	1.2141	0.862101	0	0	0	0	0	0	0	0	
0.105	0.938064	0.0372327	1.13739	1.06603	3.03121	1.21248	0.863246	0	0	0	0	0	0	0	0	
0.106	0.938806	0.0373207	1.13698	1.06518	3.02773	1.21109	0.864238	0	0	0	0	0	0	0	0	
0.107	0.939362	0.0374059	1.13658	1.06455	3.02486	1.20994	0.865063	0	0	0	0	0	0	0	0	
0.108	0.939775	0.0374893	1.13617	1.06408	3.02246	1.20898	0.865758	0	0	0	0	0	0	0	0	
0.109	0.940114	0.0375718	1.13577	1.0637	3.0203	1.20812	0.866386	0	0	0	0	0	0	0	0	
0.11	0.940444	0.0376536	1.13537	1.06333	3.01818	1.20727	0.867003	0	0	0	0	0	0	0	0	
0.111	0.940809	0.0377346	1.13497	1.06291	3.01595	1.20638	0.867649	0	0	0	0	0	0	0	0	
0.112	0.941226	0.0378145	1.13458	1.06244	3.01356	1.20542	0.868339	0	0	0	0	0	0	0	0	
0.113	0.94169	0.0378929	1.13418	1.06192	3.01102	1.20441	0.869068	0	0	0	0	0	0	0	0	
0.114	0.94218	0.0379697	1.13379	1.06137	3.00841	1.20337	0.869816	0	0	0	0	0	0	0	0	
0.115	0.942667	0.0380447	1.13339	1.06082	3.00582	1.20233	0.87056	0	0	0	0	0	0	0	0	
0.116	0.943124	0.038118	1.133	1.06031	3.00333	1.20133	0.871276	0	0	0	0	0	0	0	0	
0.117	0.943534	0.0381899	1.13262	1.05985	3.00099	1.2004	0.871949	0	0	0	0	0	0	0	0	
0.118	0.943894	0.0382607	1.13223	1.05944	2.99882	1.19953	0.872578	0	0	0	0	0	0	0	0	
0.119	0.944214	0.0383306	1.13184	1.05908	2.99679	1.19872	0.873169	0	0	0	0	0	0	0	0	
0.12	0.944507	0.0383999	1.13146	1.05875	2.99485	1.19794	0.873735	0	0	0	0	0	0	0	0	
0.121	0.944785	0.0384686	1.13108	1.05844	2.99296	1.19718	0.874288	0	0	0	0	0	0	0	0	
0.122	0.945058	0.0385368	1.1307	1.05814	2.9911	1.19644	0.874834	0	0	0	0	0	0	0	0	
0.123	0.945336	0.0386044	1.13033	1.05783	2.98922	1.19569	0.875382	0	0	0	0	0	0	0	0	
0.124	0.945645	0.0386714	1.12995	1.05748	2.98726	1.1949	0.875955	0	0	0	0	0	0	0	0	
0.125	0.946023	0.0387374	1.12958	1.05706	2.98508	1.19403	0.876584	0	0	0	0	0	0	0	0	
0.126	0.946501	0.0388019	1.12921	1.05652	2.98259	1.19304	0.877295	0	0	0	0	0	0	0	0	
0.127	0.947084	0.0388643	1.12884	1.05587	2.97979	1.19191	0.878091	0	0	0	0	0	0	0	0	
0.128	0.947738	0.038924	1.12848	1.05514	2.97676	1.1907	0.878945	0	0	0	0	0	0	0	0	
0.129	0.948402	0.038981	1.12811	1.05441	2.97371	1.18949	0.879804	0	0	0	0	0	0	0	0	
0.13	0.949012	0.0390353	1.12775	1.05373	2.97084	1.18834	0.880616	0	0	0	0	0	0	0	0	
0.131	0.949528	0.0390875	1.12739	1.05316	2.96828	1.18731	0.881346	0	0	0	0	0	0	0	0	
0.132	0.949942	0.0391382	1.12703	1.0527	2.96604	1.18642	0.88199	0	0	0	0	0	0	0	0	
0.133	0.950279	0.0391879	1.12667	1.05232	2.96405	1.18562	0.882567	0	0	0	0	0	0	0	0	
0.134	0.950575	0.0392371	1.12632	1.05199	2.9622	1.18488	0.88311	0	0	0	0	0	0	0	0	
0.135	0.950868	0.0392857	1.12597	1.05167	2.96036	1.18415	0.883646	0	0	0	0	0	0	0	0	
0.136	0.951179	0.039334	1.12562	1.05133	2.95847	1.18339	0.884197	0	0	0	0	0	0	0	0	
0.137	0.951517	0.0393816	1.12527	1.05095	2.95651	1.1826	0.884768	0	0	0	0	0	0	0	0	
0.138	0.951874	0.0394287	1.12492	1.05056	2.95449	1.18179	0.885352	0	0	0	0	0	0	0	0	
0.139	0.952235	0.039475	1.12457	1.05016	2.95246	1.18098	0.885938	0	0	0	0	0	0	0	0	
0.14	0.952587	0.0395208	1.12423	1.04977	2.95047	1.18019	0.886514	0	0	0	0	0	0	0	0	
0.141	0.952924	0.039566	1.12389	1.0494	2.94853	1.17941	0.887077	0	0	0	0	0	0	0	0	
0.142	0.953251	0.0396108	1.12355	1.04904	2.94662	1.17865	0.88763	0	0	0	0	0	0	0	0	
0.143	0.953581	0.0396551	1.12321	1.04868	2.94471	1.17789	0.888184	0	0	0	0	0	0	0	0	
0.144	0.953921	0.039699	1.12287	1.0483	2.94278	1.17711	0.888745	0	0	0	0	0	0	0	0	
0.145	0.954271	0.0397424	1.12254	1.04792	2.94082	1.17633	0.889311	0	0	0	0	0	0	0	0	
0.146	0.954617	0.0397854	1.1222	1.04754	2.93888	1.17555	0.889873	0	0	0	0	0	0	0	0	
0.147	0.954942	0.0398278	1.12187	1.04718	2.937	1.1748	0.890418	0	0	0	0	0	0	0	0	
0.148	0.955243	0.0398699	1.12153	1.04685	2.93521	1.17408	0.89094	0	0	0	0	0	0	0	0	
0.149	0.955531	0.0399118	1.1212	1.04654	2.93346	1.17338	0.891452	0	0	0	0	0	0	0	0	
0.15	0.955833	0.0399533	1.12087	1.04621	2.93167	1.17267	0.891973	0	0	0	0	0	0	0	0	
0.151	0.956176	0.0399943	1.12054	1.04583	2.92976	1.1719	0.892525	0	0	0	0	0	0	0	0	
0.152	0.956571	0.0400346	1.12022	1.0454	2.92769	1.17108	0.893116	0	0	0	0	0	0	0	0	
0.153	0.957011	0.0400739	1.11989	1.04492	2.92549	1.1702	0.89374	0	0	0	0	0	0	0	0	
0.154	0.957471	0.0401119	1.11957	1.04442	2.92324	1.1693	0.894379	0	0	0	0	0	0	0	0	
0.155	0.95792	0.0401487	1.11924	1.04393	2.92103	1.16841	0.895006	0	0	0	0	0	0	0	0	
0.156	0.958331	0.0401843	1.11892	1.04348	2.91893	1.16757	0.895602	0	0	0	0	0	0	0	0	
0.157	0.958693	0.040219	1.1186	1.04309	2.917	1.1668	0.896159	0	0	0	0	0	0	0	0	
0.158	0.959011	0.0402529	1.11828	1.04274	2.9152	1.16608	0.89668	0	0	0	0	0	0	0	0	
0.159	0.959303	0.0402862	1.11797	1.04242	2.91349	1.16539	0.897179	0	0	0	0	0	0	0	0	
0.16	0.95959	0.0403189	1.11765	1.04211	2.91179	1.16472	0.897672	0	0	0	0	0	0	0	0	
0.161	0.959887	0.0403511	1.11734	1.04179	2.91008	1.16403	0.898172	0	0	0	0	0	0	0	0	
0.162	0.960196	0.0403826	1.11703	1.04145	2.90833	1.16333	0.898679	0	0	0	0	0	0	0	0	
0.163	0.960511	0.0404134	1.11672	1.04111	2.90656	1.16263	0.89919	0	0	0	0	0	0	0	0	
0.164	0.960823	0.0404436	1.11641	1.04077	2.90482	1.16193	0.899696	0	0	0	0	0	0	0	0	
0.165	0.961126	0.0404731	1.1161	1.04045	2.9031	1.16124	0.900195	0	0	0	0	0	0	0	0	
0.166	0.961422	0.0405021	1.11579	1.04013	2.90141	1.16056	0.900686	0	0	0	0	0	0	0	0	
0.167	0.961717	0.0405305	1.11549	1.03981	2.89973	1.15989	0.901175	0	0	0	0	0	0	0	0	
0.168	0.962018	0.0405584	1.11518	1.03948	2.89803	1.15921	0.901668	0	0	0	0	0	0	0	0	
0.169	0.962329	0.0405858	1.11488	1.03915	2.89631	1.15852	0.902166	0	0	0	0	0	0	0	0	
0.17	0.96265	0.0406126	1.11458	1.0388	2.89457	1.15783	0.90267	0	0	0	0	0	0	0	0	
0.171	0.962975	0.0406388	1.11428	1.03845	2.89281	1.15712	0.903177	0	0	0	0	0	0	0	0	
0.172	0.963305	0.0406645	1.11398	1.03809	2.89104	1.15642	0.903684	0	0	0	0	0	0	0	0	
0.173	0.963636	0.0406897	1.11368	1.03774	2.88928	1.15571	0.904193	0	0	0	0	0	0	0	0	
0.174	0.963967	0.0407144	1.11339	1.03738	2.88752	1.15501	0.904699	0	0	0	0	0	0	0	0	
0.175	0.964289	0.0407386	1.11309	1.03703	2.88578	1.15431	0.905197	0	0	0	0	0	0	0	0	
0.176	0.964595	0.0407624	1.1128	1.0367	2.88411	1.15364	0.905683	0	0	0	0	0	0	0	0	
0.177	0.964877	0.0407859	1.1125	1.0364	2.8825	1.153	0.906149	0	0	0	0	0	0	0	0	
0.178	0.965133	0.0408092	1.11221	1.03613	2.88098	1.15239	0.906596	0	0	0	0	0	0	0	0	
0.179	0.96537	0.0408324	1.11192	1.03587	2.87952	1.15181	0.907027	0	0	0	0	0	0	0	0	
0.18	0.9656	0.0408556	1.11163	1.03563	2.87808	1.15123	0.907452	0	0	0	0	0	0	0	0	
0.181	0.965833	0.0408788	1.11134	1.03538	2.87663	1.15065	0.907879	0	0	0	0	0	0	0	0	
0.182	0.96608	0.0409019	1.11105	1.03511	2.87515	1.15006	0.908314	0	0	0	0	0	0	0	0	
0.183	0.966346	0.0409248	1.11076	1.03483	2.87361	1.14945	0.908763	0	0	0	0	0	0	0	0	
0.184	0.966632	0.0409475	1.11048	1.03452	2.87202	1.14881	0.909224	0	0	0	0	0	0	0	0	
0.185	0.966935	0.0409699	1.11019	1.0342	2.87038	1.14815	0.909696	0	0	0	0	0	0	0	0	
0.186	0.967249	0.0409918	1.1099	1.03386	2.86871	1.14749	0.910175	0	0	0	0	0	0	0	0	
0.187	0.967567	0.0410133	1.10962	1.03352	2.86704	1.14681	0.910655	0	0	0	0	0	0	0	0	
0.188	0.967881	0.0410344	1.10934	1.03318	2.86537	1.14615	0.911132	0	0	0	0	0	0	0	0	
0.189	0.968188	0.041055	1.10905	1.03286	2.86374	1.1455	0.911602	0	0	0	0	0	0	0	0	
0.19	0.968483	0.0410752	1.10877	1.03254	2.86214	1.14486	0.912063	0	0	0	0	0	0	0	0	
0.191	0.968766	0.0410951	1.10849	1.03224	2.86058	1.14423	0.912513	0	0	0	0	0	0	0	0	
0.192	0.969036	0.0411147	1.10821	1.03195	2.85906	1.14362	0.912954	0	0	0	0	0	0	0	0	
0.193	0.969293	0.0411341	1.10793	1.03168	2.85758	1.14303	0.913385	0	0	0	0	0	0	0	0	
0.194	0.969539	0.0411532	1.10766	1.03142	2.85614	1.14246	0.913806	0	0	0	0	0	0	0	0	
0.195	0.969774	0.0411722	1.10738	1.03117	2.85474	1.1419	0.914219	0	0	0	0	0	0	0	0	
0.196	0.97	0.0411911	1.10711	1.03093	2.85337	1.14135	0.914624	0	0	0	0	0	0	0	0	
0.197	0.970223	0.0412099	1.10683	1.03069	2.852	1.1408	0.915027	0	0	0	0	0	0	0	0	
0.198	0.970452	0.0412286	1.10656	1.03045	2.85063	1.14025	0.915432	0	0	0	0	0	0	0	0	
0.199	0.970698	0.0412471	1.10629	1.03019	2.8492	1.13968	0.915848	0	0	0	0	0	0	0	0	
0.2	0.970966	0.0412654	1.10601	1.0299	2.84772	1.13909	0.916279	0	0	0	0	0	0	0	0	
0.201	0.971255	0.0412833	1.10574	1.0296	2.84617	1.13847	0.916722	0	0	0	0	0	0	0	0	
0.202	0.971556	0.0413007	1.10547	1.02928	2.8446	1.13784	0.917172	0	0	0	0	0	0	0	0	
0.203	0.971855	0.0413177	1.10521	1.02896	2.84303	1.13721	0.91762	0	0	0	0	0	0	0	0	
0.204	0.972142	0.0413342	1.10494	1.02866	2.84151	1.1366	0.918058	0	0	0	0	0	0	0	0	
0.205	0.972411	0.0413502	1.10467	1.02837	2.84004	1.13601	0.918483	0	0	0	0	0	0	0	0	
0.206	0.972662	0.0413658	1.10441	1.02811	2.83863	1.13545	0.918894	0	0	0	0	0	0	0	0	
0.207	0.972897	0.041381	1.10415	1.02786	2.83726	1.1349	0.919294	0	0	0	0	0	0	0	0	
0.208	0.973124	0.0413958	1.10388	1.02762	2.83593	1.13437	0.919686	0	0	0	0	0	0	0	0	
0.209	0.973348	0.0414102	1.10362	1.02738	2.83461	1.13384	0.920076	0	0	0	0	0	0	0	0	
0.21	0.973572	0.0414241	1.10337	1.02714	2.83329	1.13332	0.920465	0	0	0	0	0	0	0	0	
0.211	0.9738	0.0414375	1.10311	1.0269	2.83197	1.13279	0.920854	0	0	0	0	0	0	0	0	
0.212	0.974031	0.0414504	1.10285	1.02666	2.83064	1.13226	0.921245	0	0	0	0	0	0	0	0	
0.213	0.974265	0.0414628	1.1026	1.02641	2.82931	1.13172	0.921636	0	0	0	0	0	0	0	0	
0.214	0.974502	0.0414745	1.10235	1.02617	2.82798	1.13119	0.922028	0	0	0	0	0	0	0	0	
0.215	0.974739	0.0414857	1.1021	1.02592	2.82664	1.13066	0.922419	0	0	0	0	0	0	0	0	
0.216	0.974977	0.0414964	1.10185	1.02566	2.82532	1.13013	0.922809	0	0	0	0	0	0	0	0	
0.217	0.975213	0.0415064	1.1016	1.02542	2.824	1.1296	0.923196	0	0	0	0	0	0	0	0	
0.218	0.975442	0.041516	1.10135	1.02518	2.8227	1.12908	0.923578	0	0	0	0	0	0	0	0	
0.219	0.975658	0.0415251	1.10111	1.02495	2.82145	1.12858	0.92395	0	0	0	0	0	0	0	0	
0.22	0.975852	0.041534	1.10087	1.02475	2.82027	1.12811	0.924307	0	0	0	0	0	0	0	0	
0.221	0.976019	0.0415426	1.10063	1.02457	2.81917	1.12767	0.924645	0	0	0	0	0	0	0	0	
0.222	0.976164	0.0415513	1.10039	1.02442	2.81814	1.12725	0.924969	0	0	0	0	0	0	0	0	
0.223	0.976309	0.04156	1.10015	1.02427	2.81711	1.12684	0.925291	0	0	0	0	0	0	0	0	
0.224	0.976482	0.0415689	1.09991	1.02408	2.816	1.1264	0.92563	0	0	0	0	0	0	0	0	
0.225	0.976711	0.0415778	1.09967	1.02384	2.81473	1.12589	0.926004	0	0	0	0	0	0	0	0	
0.226	0.97701	0.0415867	1.09943	1.02353	2.81326	1.1253	0.926421	0	0	0	0	0	0	0	0	
0.227	0.977368	0.0415953	1.0992	1.02316	2.81163	1.12465	0.926875	0	0	0	0	0	0	0	0	
0.228	0.977756	0.0416037	1.09896	1.02275	2.80991	1.12396	0.927347	0	0	0	0	0	0	0	0	
0.229	0.978137	0.0416118	1.09873	1.02235	2.80821	1.12328	0.927814	0	0	0	0	0	0	0	0	
0.23	0.97848	0.0416199	1.09849	1.02199	2.80662	1.12265	0.928256	0	0	0	0	0	0	0	0	
0.231	0.978767	0.041628	1.09825	1.02169	2.8052	1.12208	0.928662	0	0	0	0	0	0	0	0	
0.232	0.978999	0.0416365	1.09802	1.02145	2.80393	1.12157	0.929034	0	0	0	0	0	0	0	0	
0.233	0.979188	0.0416455	1.09778	1.02125	2.80279	1.12112	0.929378	0	0	0	0	0	0	0	0	
0.234	0.979351	0.0416552	1.09755	1.02108	2.80173	1.12069	0.929705	0	0	0	0	0	0	0	0	
0.235	0.979505	0.0416655	1.09731	1.02092	2.80069	1.12027	0.930025	0	0	0	0	0	0	0	0	
0.236	0.979662	0.0416765	1.09708	1.02076	2.79964	1.11986	0.930348	0	0	0	0	0	0	0	0	
0.237	0.97983	0.0416882	1.09684	1.02059	2.79856	1.11942	0.930676	0	0	0	0	0	0	0	0	
0.238	0.98001	0.0417003	1.09661	1.0204	2.79744	1.11898	0.931012	0	0	0	0	0	0	0	0	
0.239	0.980203	0.0417128	1.09638	1.0202	2.7963	1.11852	0.931354	0	0	0	0	0	0	0	0	
0.24	0.980405	0.0417257	1.09614	1.01999	2.79512	1.11805	0.931702	0	0	0	0	0	0	0	0	
0.241	0.980612	0.0417387	1.09591	1.01977	2.79394	1.11757	0.932052	0	0	0	0	0	0	0	0	
0.242	0.980821	0.0417518	1.09567	1.01955	2.79275	1.1171	0.932402	0	0	0	0	0	0	0	0	
0.243	0.981028	0.0417649	1.09544	1.01934	2.79156	1.11663	0.932751	0	0	0	0	0	0	0	0	
0.244	0.981229	0.0417778	1.09521	1.01913	2.7904	1.11616	0.933094	0	0	0	0	0	0	0	0	
0.245	0.981416	0.0417906	1.09498	1.01894	2.78928	1.11571	0.93343	0	0	0	0	0	0	0	0	
0.246	0.981589	0.0418032	1.09475	1.01876	2.78821	1.11528	0.933755	0	0	0	0	0	0	0	0	
0.247	0.981749	0.0418155	1.09452	1.01859	2.78717	1.11487	0.934072	0	0	0	0	0	0	0	0	
0.248	0.981908	0.0418275	1.09429	1.01843	2.78614	1.11446	0.934388	0	0	0	0	0	0	0	0	
0.249	0.982083	0.0418391	1.09407	1.01824	2.78507	1.11403	0.934712	0	0	0	0	0	0	0	0	
0.25	0.982286	0.0418501	1.09384	1.01803	2.78392	1.11357	0.935051	0	0	0	0	0	0	0	0	
0.251	0.982521	0.0418605	1.09362	1.01779	2.78269	1.11308	0.935408	0	0	0	0	0	0	0	0	
0.252	0.98278	0.04187	1.0934	1.01752	2.78139	1.11256	0.935778	0	0	0	0	0	0	0	0	
0.253	0.983048	0.0418788	1.09318	1.01724	2.78007	1.11203	0.936152	0	0	0	0	0	0	0	0	
0.254	0.98331	0.0418867	1.09296	1.01697	2.77878	1.11151	0.936521	0	0	0	0	0	0	0	0	
0.255	0.983553	0.0418938	1.09274	1.01672	2.77754	1.11102	0.936879	0	0	0	0	0	0	0	0	
0.256	0.983774	0.0419003	1.09253	1.01649	2.77637	1.11055	0.937222	0	0	0	0	0	0	0	0	
0.257	0.983976	0.0419062	1.09231	1.01628	2.77525	1.1101	0.937553	0	0	0	0	0	0	0	0	
0.258	0.984166	0.0419116	1.0921	1.01609	2.77418	1.10967	0.937877	0	0	0	0	0	0	0	0	
0.259	0.98435	0.0419167	1.09189	1.0159	2.77312	1.10925	0.938196	0	0	0	0	0	0	0	0	
0.26	0.984534	0.0419214	1.09168	1.01571	2.77207	1.10883	0.938514	0	0	0	0	0	0	0	0	
0.261	0.984719	0.041926	1.09147	1.01552	2.77101	1.10841	0.938832	0	0	0	0	0	0	0	0	
0.262	0.984905	0.0419303	1.09126	1.01533	2.76996	1.10798	0.939149	0	0	0	0	0	0	0	0	
0.263	0.985091	0.0419346	1.09105	1.01513	2.76891	1.10756	0.939466	0	0	0	0	0	0	0	0	
0.264	0.985277	0.0419388	1.09084	1.01494	2.76786	1.10714	0.939783	0	0	0	0	0	0	0	0	
0.265	0.985463	0.041943	1.09064	1.01475	2.76681	1.10672	0.940098	0	0	0	0	0	0	0	0	
0.266	0.985648	0.0419472	1.09043	1.01456	2.76577	1.10631	0.940413	0	0	0	0	0	0	0	0	
0.267	0.985828	0.0419516	1.09022	1.01438	2.76474	1.1059	0.940724	0	0	0	0	0	0	0	0	
0.268	0.985996	0.0419562	1.09002	1.0142	2.76375	1.1055	0.941028	0	0	0	0	0	0	0	0	
0.269	0.986143	0.0419609	1.08981	1.01405	2.76281	1.10513	0.94132	0	0	0	0	0	0	0	0	
0.27	0.986264	0.041966	1.08961	1.01393	2.76195	1.10478	0.941598	0	0	0	0	0	0	0	0	
0.271	0.986365	0.0419714	1.0894	1.01382	2.76115	1.10446	0.941864	0	0	0	0	0	0	0	0	
0.272	0.986465	0.0419771	1.0892	1.01372	2.76035	1.10414	0.942128	0	0	0	0	0	0	0	0	
0.273	0.986591	0.0419832	1.08899	1.01359	2.75948	1.10379	0.942407	0	0	0	0	0	0	0	0	
0.274	0.98677	0.0419894	1.08879	1.01341	2.75847	1.10339	0.942713	0	0	0	0	0	0	0	0	
0.275	0.987013	0.0419955	1.08859	1.01316	2.75727	1.10291	0.943053	0	0	0	0	0	0	0	0	
0.276	0.987312	0.0420013	1.08838	1.01285	2.75593	1.10237	0.943422	0	0	0	0	0	0	0	0	
0.277	0.987637	0.0420066	1.08818	1.01252	2.75451	1.1018	0.943805	0	0	0	0	0	0	0	0	
0.278	0.987953	0.0420115	1.08798	1.01219	2.75311	1.10125	0.944183	0	0	0	0	0	0	0	0	
0.279	0.988234	0.0420159	1.08778	1.01191	2.75182	1.10073	0.94454	0	0	0	0	0	0	0	0	
0.28	0.988466	0.0420198	1.08758	1.01167	2.75067	1.10027	0.944871	0	0	0	0	0	0	0	0	
0.281	0.988652	0.0420234	1.08738	1.01148	2.74965	1.09986	0.945177	0	0	0	0	0	0	0	0	
0.282	0.988803	0.0420266	1.08718	1.01132	2.74874	1.09949	0.945463	0	0	0	0	0	0	0	0	
0.283	0.988935	0.0420297	1.08699	1.01119	2.74787	1.09915	0.945738	0	0	0	0	0	0	0	0	
0.284	0.98906	0.0420324	1.08679	1.01106	2.74703	1.09881	0.946009	0	0	0	0	0	0	0	0	
0.285	0.98919	0.042035	1.0866	1.01093	2.74618	1.09847	0.946281	0	0	0	0	0	0	0	0	
0.286	0.989329	0.0420372	1.08641	1.01079	2.74531	1.09812	0.946558	0	0	0	0	0	0	0	0	
0.287	0.989479	0.0420391	1.08622	1.01063	2.74441	1.09776	0.946839	0	0	0	0	0	0	0	0	
0.288	0.989637	0.0420406	1.08603	1.01047	2.74349	1.0974	0.947123	0	0	0	0	0	0	0	0	
0.289	0.989801	0.0420418	1.08584	1.0103	2.74256	1.09703	0.94741	0	0	0	0	0	0	0	0	
0.29	0.98997	0.0420427	1.08565	1.01013	2.74162	1.09665	0.947699	0	0	0	0	0	0	0	0	
0.291	0.99014	0.0420433	1.08546	1.00996	2.74068	1.09627	0.947988	0	0	0	0	0	0	0	0	
0.292	0.990308	0.0420436	1.08528	1.00979	2.73975	1.0959	0.948274	0	0	0	0	0	0	0	0	
0.293	0.990466	0.0420437	1.08509	1.00963	2.73885	1.09554	0.948555	0	0	0	0	0	0	0	0	
0.294	0.990611	0.0420438	1.08491	1.00948	2.73798	1.09519	0.94883	0	0	0	0	0	0	0	0	
0.295	0.990749	0.0420438	1.08473	1.00934	2.73714	1.09486	0.9491	0	0	0	0	0	0	0	0	
0.296	0.990893	0.0420439	1.08455	1.00919	2.73628	1.09451	0.949372	0	0	0	0	0	0	0	0	
0.297	0.991057	0.0420442	1.08436	1.00902	2.73537	1.09415	0.949653	0	0	0	0	0	0	0	0	
0.298	0.991253	0.0420446	1.08418	1.00882	2.73437	1.09375	0.949949	0	0	0	0	0	0	0	0	
0.299	0.991477	0.0420452	1.084	1.0086	2.7333	1.09332	0.950259	0	0	0	0	0	0	0	0	
0.3	0.991715	0.0420459	1.08382	1.00835	2.73219	1.09287	0.950576	0	0	0	0	0	0	0	0	
0.301	0.99195	0.042047	1.08364	1.00812	2.73109	1.09243	0.95089	0	0	0	0	0	0	0	0	
0.302	0.992166	0.0420484	1.08346	1.0079	2.73004	1.09201	0.951194	0	0	0	0	0	0	0	0	
0.303	0.992357	0.0420504	1.08328	1.0077	2.72905	1.09162	0.951487	0	0	0	0	0	0	0	0	
0.304	0.992526	0.0420531	1.0831	1.00753	2.72813	1.09125	0.951768	0	0	0	0	0	0	0	0	
0.305	0.992675	0.0420566	1.08291	1.00738	2.72726	1.0909	0.952039	0	0	0	0	0	0	0	0	
0.306	0.992809	0.0420609	1.08273	1.00724	2.72643	1.09057	0.952303	0	0	0	0	0	0	0	0	
0.307	0.992935	0.0420662	1.08255	1.00712	2.72563	1.09025	0.952563	0	0	0	0	0	0	0	0	
0.308	0.993061	0.0420724	1.08236	1.00699	2.72482	1.08993	0.952822	0	0	0	0	0	0	0	0	
0.309	0.993193	0.0420797	1.08218	1.00685	2.72399	1.0896	0.953085	0	0	0	0	0	0	0	0	
0.31	0.993335	0.0420878	1.08199	1.00671	2.72313	1.08925	0.953352	0	0	0	0	0	0	0	0	
0.311	0.993486	0.0420967	1.08181	1.00656	2.72225	1.0889	0.953623	0	0	0	0	0	0	0	0	
0.312	0.993644	0.0421065	1.08162	1.0064	2.72135	1.08854	0.953897	0	0	0	0	0	0	0	0	
0.313	0.993807	0.0421169	1.08143	1.00623	2.72043	1.08817	0.954173	0	0	0	0	0	0	0	0	
0.314	0.993977	0.0421279	1.08124	1.00606	2.71949	1.0878	0.954452	0	0	0	0	0	0	0	0	
0.315	0.994153	0.0421393	1.08106	1.00588	2.71854	1.08742	0.954734	0	0	0	0	0	0	0	0	
0.316	0.994332	0.042151	1.08087	1.0057	2.71758	1.08703	0.955016	0	0	0	0	0	0	0	0	
0.317	0.994512	0.0421629	1.08068	1.00552	2.71661	1.08664	0.955299	0	0	0	0	0	0	0	0	
0.318	0.994694	0.0421748	1.08049	1.00533	2.71564	1.08626	0.955581	0	0	0	0	0	0	0	0	
0.319	0.994878	0.0421865	1.08031	1.00515	2.71467	1.08587	0.955864	0	0	0	0	0	0	0	0	
0.32	0.995069	0.042198	1.08012	1.00496	2.71368	1.08547	0.956148	0	0	0	0	0	0	0	0	
0.321	0.995272	0.042209	1.07994	1.00475	2.71266	1.08507	0.956438	0	0	0	0	0	0	0	0	
0.322	0.995493	0.0422194	1.07975	1.00453	2.7116	1.08464	0.956734	0	0	0	0	0	0	0	0	
0.323	0.995739	0.042229	1.07957	1.00428	2.71047	1.08419	0.95704	0	0	0	0	0	0	0	0	
0.324	0.996007	0.0422377	1.07939	1.00401	2.70929	1.08371	0.957355	0	0	0	0	0	0	0	0	
0.325	0.99629	0.0422453	1.07921	1.00372	2.70806	1.08323	0.957675	0	0	0	0	0	0	0	0	
0.326	0.996575	0.0422518	1.07903	1.00344	2.70684	1.08274	0.957995	0	0	0	0	0	0	0	0	
0.327	0.996842	0.0422571	1.07885	1.00317	2.70568	1.08227	0.958305	0	0	0	0	0	0	0	0	
0.328	0.99707	0.0422612	1.07868	1.00294	2.70462	1.08185	0.958598	0	0	0	0	0	0	0	0	
0.329	0.997245	0.0422642	1.0785	1.00276	2.70371	1.08148	0.958867	0	0	0	0	0	0	0	0	
0.33	0.997361	0.0422662	1.07833	1.00265	2.70297	1.08119	0.95911	0	0	0	0	0	0	0	0	
0.331	0.997427	0.0422673	1.07817	1.00258	2.70237	1.08095	0.95933	0	0	0	0	0	0	0	0	
0.332	0.997466	0.0422676	1.078	1.00254	2.70184	1.08074	0.959538	0	0	0	0	0	0	0	0	
0.333	0.9975	0.0422672	1.07783	1.00251	2.70134	1.08054	0.959743	0	0	0	0	0	0	0	0	
0.334	0.997542	0.0422662	1.07767	1.00246	2.70082	1.08033	0.959951	0	0	0	0	0	0	0	0	
0.335	0.997593	0.0422645	1.07751	1.00241	2.70027	1.08011	0.960163	0	0	0	0	0	0	0	0	
0.336	0.997649	0.0422622	1.07735	1.00236	2.69972	1.07989	0.960376	0	0	0	0	0	0	0	0	
0.337	0.997712	0.0422594	1.07719	1.00229	2.69915	1.07966	0.960592	0	0	0	0	0	0	0	0	
0.338	0.997791	0.0422562	1.07703	1.00221	2.69855	1.07942	0.960813	0	0	0	0	0	0	0	0	
0.339	0.997892	0.0422527	1.07688	1.00211	2.69788	1.07915	0.961044	0	0	0	0	0	0	0	0	
0.34	0.998013	0.0422489	1.07672	1.00199	2.69717	1.07887	0.961282	0	0	0	0	0	0	0	0	
0.341	0.998136	0.042245	1.07657	1.00187	2.69645	1.07858	0.961521	0	0	0	0	0	0	0	0	
0.342	0.998242	0.0422413	1.07642	1.00176	2.69578	1.07831	0.961753	0	0	0	0	0	0	0	0	
0.343	0.998322	0.0422379	1.07626	1.00168	2.69518	1.07807	0.961974	0	0	0	0	0	0	0	0	
0.344	0.998383	0.042235	1.07611	1.00162	2.69463	1.07785	0.962188	0	0	0	0	0	0	0	0	
0.345	0.998452	0.0422329	1.07595	1.00155	2.69405	1.07762	0.962405	0	0	0	0	0	0	0	0	
0.346	0.998561	0.0422317	1.0758	1.00144	2.69337	1.07735	0.962637	0	0	0	0	0	0	0	0	
0.347	0.998735	0.0422314	1.07564	1.00127	2.69251	1.077	0.962895	0	0	0	0	0	0	0	0	
0.348	0.998982	0.0422321	1.07548	1.00102	2.69145	1.07658	0.963181	0	0	0	0	0	0	0	0	
0.349	0.999281	0.0422336	1.07533	1.00072	2.69025	1.0761	0.963487	0	0	0	0	0	0	0	0	
0.35	0.999589	0.042236	1.07517	1.00041	2.68902	1.07561	0.963797	0	0	0	0	0	0	0	0	
0.351	0.999856	0.0422393	1.075	1.00014	2.6879	1.07516	0.964092	0	0	0	0	0	0	0	0	
0.352	1.00005	0.0422436	1.07484	0.999952	2.68698	1.07479	0.964356	0	0	0	0	0	0	0	0	
0.353	1.00016	0.0422491	1.07468	0.999836	2.68625	1.0745	0.964592	0	0	0	0	0	0	0	0	
0.354	1.00024	0.0422556	1.07451	0.999763	2.68565	1.07426	0.96481	0	0	0	0	0	0	0	0	
0.355	1.00031	0.0422632	1.07435	0.999692	2.68504	1.07402	0.965028	0	0	0	0	0	0	0	0	
0.356	1.0004	0.0422714	1.07418	0.999598	2.68438	1.07375	0.965254	0	0	0	0	0	0	0	0	
0.357	1.00051	0.0422801	1.07402	0.999489	2.68367	1.07347	0.965485	0	0	0	0	0	0	0	0	
0.358	1.00061	0.0422891	1.07385	0.999389	2.68298	1.07319	0.965713	0	0	0	0	0	0	0	0	
0.359	1.00069	0.042298	1.07369	0.999315	2.68238	1.07295	0.965931	0	0	0	0	0	0	0	0	
0.36	1.00074	0.0423068	1.07352	0.99926	2.68182	1.07273	0.966143	0	0	0	0	0	0	0	0	
0.361	1.00081	0.0423151	1.07336	0.999192	2.68123	1.07249	0.966357	0	0	0	0	0	0	0	0	
0.362	1.00091	0.0423227	1.0732	0.999088	2.68055	1.07222	0.966585	0	0	0	0	0	0	0	0	
0.363	1.00105	0.0423294	1.07304	0.998948	2.67977	1.07191	0.966825	0	0	0	0	0	0	0	0	
0.364	1.0012	0.042335	1.07288	0.9988	2.67898	1.07159	0.967067	0	0	0	0	0	0	0	0	
0.365	1.00132	0.0423395	1.07272	0.998682	2.67828	1.07131	0.967299	0	0	0	0	0	0	0	0	
0.366	1.00139	0.0423428	1.07257	0.99861	2.6777	1.07108	0.967513	0	0	0	0	0	0	0	0	
0.367	1.00143	0.0423452	1.07242	0.998574	2.67723	1.07089	0.967713	0	0	0	0	0	0	0	0	
0.368	1.00146	0.0423466	1.07227	0.998541	2.67677	1.07071	0.967912	0	0	0	0	0	0	0	0	
0.369	1.00153	0.0423471	1.07213	0.998474	2.67622	1.07049	0.968121	0	0	0	0	0	0	0	0	
0.37	1.00165	0.0423468	1.07198	0.99835	2.67553	1.07021	0.96835	0	0	0	0	0	0	0	0	
0.371	1.00185	0.0423456	1.07184	0.998157	2.67466	1.06986	0.968602	0	0	0	0	0	0	0	0	
0.372	1.00211	0.0423437	1.0717	0.997898	2.67361	1.06944	0.968877	0	0	0	0	0	0	0	0	
0.373	1.00241	0.042341	1.07155	0.997592	2.67244	1.06897	0.969167	0	0	0	0	0	0	0	0	
0.374	1.00273	0.0423378	1.07141	0.99728	2.67125	1.0685	0.969459	0	0	0	0	0	0	0	0	
0.375	1.00299	0.0423343	1.07127	0.997019	2.6702	1.06808	0.969733	0	0	0	0	0	0	0	0	
0.376	1.00315	0.0423308	1.07114	0.996859	2.66943	1.06777	0.969972	0	0	0	0	0	0	0	0	
0.377	1.0032	0.0423278	1.071	0.996812	2.66895	1.06758	0.970172	0	0	0	0	0	0	0	0	
0.378	1.00317	0.0423255	1.07086	0.996839	2.66868	1.06747	0.970348	0	0	0	0	0	0	0	0	
0.379	1.00315	0.0423243	1.07072	0.99686	2.66838	1.06735	0.970524	0	0	0	0	0	0	0	0	
0.38	1.00321	0.0423243	1.07057	0.996798	2.66787	1.06715	0.970728	0	0	0	0	0	0	0	0	
0.381	1.00339	0.0423253	1.07043	0.996625	2.66705	1.06682	0.970968	0	0	0	0	0	0	0	0	
0.382	1.00363	0.0423273	1.07029	0.996379	2.66603	1.06641	0.971233	0	0	0	0	0	0	0	0	
0.383	1.00388	0.0423304	1.07014	0.996138	2.66503	1.06601	0.971496	0	0	0	0	0	0	0	0	
0.384	1.00404	0.0423348	1.07	0.995974	2.66422	1.06569	0.971736	0	0	0	0	0	0	0	0	
0.385	1.00411	0.0423406	1.06985	0.995906	2.66367	1.06547	0.971944	0	0	0	0	0	0	0	0	
0.386	1.00412	0.042348	1.0697	0.995892	2.66326	1.0653	0.972135	0	0	0	0	0	0	0	0	
0.387	1.00416	0.042357	1.06955	0.99586	2.6628	1.06512	0.972331	0	0	0	0	0	0	0	0	
0.388	1.00427	0.0423673	1.06939	0.995751	2.66212	1.06485	0.972551	0	0	0	0	0	0	0	0	
0.389	1.00446	0.0423788	1.06924	0.995562	2.66123	1.06449	0.972796	0	0	0	0	0	0	0	0	
0.39	1.00467	0.0423911	1.06908	0.995348	2.66027	1.06411	0.97305	0	0	0	0	0	0	0	0	
0.391	1.00484	0.0424041	1.06893	0.995187	2.65945	1.06378	0.973287	0	0	0	0	0	0	0	0	
0.392	1.0049	0.0424176	1.06877	0.995126	2.6589	1.06356	0.973495	0	0	0	0	0	0	0	0	
0.393	1.00488	0.0424315	1.06861	0.995147	2.65857	1.06343	0.973676	0	0	0	0	0	0	0	0	
0.394	1.00484	0.0424456	1.06846	0.995188	2.65829	1.06331	0.973851	0	0	0	0	0	0	0	0	
0.395	1.00484	0.0424595	1.0683	0.995186	2.6579	1.06316	0.974038	0	0	0	0	0	0	0	0	
0.396	1.0049	0.0424728	1.06815	0.995119	2.65733	1.06293	0.974245	0	0	0	0	0	0	0	0	
0.397	1.00502	0.042485	1.06799	0.995007	2.65665	1.06266	0.974465	0	0	0	0	0	0	0	0	
0.398	1.00515	0.0424959	1.06784	0.994881	2.65595	1.06238	0.974688	0	0	0	0	0	0	0	0	
0.399	1.00528	0.0425051	1.0677	0.994753	2.65524	1.0621	0.974911	0	0	0	0	0	0	0	0	
0.4	1.00543	0.0425126	1.06755	0.994603	2.65448	1.06179	0.97514	0	0	0	0	0	0	0	0	
0.401	1.00563	0.0425181	1.06741	0.994398	2.65358	1.06143	0.975383	0	0	0	0	0	0	0	0	
0.402	1.00591	0.0425215	1.06727	0.994121	2.6525	1.061	0.975645	0	0	0	0	0	0	0	0	
0.403	1.00623	0.0425229	1.06714	0.993804	2.65131	1.06053	0.975918	0	0	0	0	0	0	0	0	
0.404	1.00652	0.0425224	1.067	0.993521	2.65023	1.06009	0.97618	0	0	0	0	0	0	0	0	
0.405	1.00669	0.0425204	1.06687	0.993355	2.64946	1.05978	0.97641	0	0	0	0	0	0	0	0	
0.406	1.0067	0.0425174	1.06674	0.993343	2.6491	1.05964	0.976596	0	0	0	0	0	0	0	0	
0.407	1.00659	0.0425138	1.06662	0.993455	2.64909	1.05963	0.976747	0	0	0	0	0	0	0	0	
0.408	1.00644	0.0425103	1.06649	0.993603	2.64917	1.05967	0.976887	0	0	0	0	0	0	0	0	
0.409	1.00636	0.0425068	1.06636	0.993684	2.64907	1.05963	0.977045	0	0	0	0	0	0	0	0	
0.41	1.00642	0.0425035	1.06624	0.993619	2.64859	1.05943	0.977242	0	0	0	0	0	0	0	0	
0.411	1.00666	0.0425002	1.06611	0.993384	2.64765	1.05906	0.977485	0	0	0	0	0	0	0	0	
0.412	1.00703	0.0424967	1.06599	0.993023	2.64637	1.05855	0.977761	0	0	0	0	0	0	0	0	
0.413	1.00742	0.0424927	1.06586	0.992635	2.64502	1.05801	0.978045	0	0	0	0	0	0	0	0	
0.414	1.00772	0.0424884	1.06573	0.992341	2.64393	1.05757	0.978305	0	0	0	0	0	0	0	0	
0.415	1.00784	0.0424838	1.06561	0.992223	2.64331	1.05732	0.978518	0	0	0	0	0	0	0	0	
0.416	1.00779	0.0424791	1.06549	0.992272	2.64313	1.05725	0.978687	0	0	0	0	0	0	0	0	
0.417	1.00767	0.0424742	1.06536	0.992387	2.64313	1.05725	0.978838	0	0	0	0	0	0	0	0	
0.418	1.00763	0.0424692	1.06524	0.992432	2.64295	1.05718	0.979006	0	0	0	0	0	0	0	0	
0.419	1.00773	0.0424638	1.06512	0.99233	2.64238	1.05695	0.97921	0	0	0	0	0	0	0	0	
0.42	1.00795	0.0424579	1.065	0.992109	2.64149	1.0566	0.979444	0	0	0	0	0	0	0	0	
0.421	1.00818	0.0424516	1.06488	0.991882	2.64059	1.05624	0.979681	0	0	0	0	0	0	0	0	
0.422	1.00831	0.0424454	1.06476	0.991757	2.63996	1.05598	0.979893	0	0	0	0	0	0	0	0	
0.423	1.0083	0.04244	1.06464	0.991764	2.63968	1.05587	0.980073	0	0	0	0	0	0	0	0	
0.424	1.00822	0.0424359	1.06452	0.991847	2.6396	1.05584	0.980234	0	0	0	0	0	0	0	0	
0.425	1.00816	0.0424338	1.06439	0.99191	2.63946	1.05578	0.980399	0	0	0	0	0	0	0	0	
0.426	1.0082	0.0424342	1.06427	0.99187	2.63904	1.05562	0.980589	0	0	0	0	0	0	0	0	
0.427	1.00838	0.0424371	1.06414	0.991691	2.63824	1.0553	0.980813	0	0	0	0	0	0	0	0	
0.428	1.0087	0.0424427	1.064	0.991379	2.63708	1.05483	0.981067	0	0	0	0	0	0	0	0	
0.429	1.0091	0.0424509	1.06386	0.990978	2.63567	1.05427	0.981342	0	0	0	0	0	0	0	0	
0.43	1.00953	0.0424614	1.06372	0.990564	2.63421	1.05368	0.981621	0	0	0	0	0	0	0	0	
0.431	1.00986	0.0424742	1.06358	0.990237	2.63298	1.05319	0.981879	0	0	0	0	0	0	0	0	
0.432	1.01001	0.042489	1.06343	0.990092	2.63223	1.05289	0.982097	0	0	0	0	0	0	0	0	
0.433	1.00993	0.0425055	1.06328	0.990168	2.63206	1.05282	0.982266	0	0	0	0	0	0	0	0	
0.434	1.00968	0.0425234	1.06313	0.990416	2.63234	1.05294	0.982397	0	0	0	0	0	0	0	0	
0.435	1.00937	0.0425422	1.06297	0.99072	2.63277	1.05311	0.982515	0	0	0	0	0	0	0	0	
0.436	1.00913	0.0425612	1.06282	0.99095	2.63302	1.05321	0.98265	0	0	0	0	0	0	0	0	
0.437	1.00906	0.0425797	1.06268	0.991024	2.63284	1.05314	0.982817	0	0	0	0	0	0	0	0	
0.438	1.00916	0.042597	1.06253	0.990924	2.63222	1.05289	0.983022	0	0	0	0	0	0	0	0	
0.439	1.00939	0.0426126	1.06239	0.990695	2.63125	1.0525	0.983254	0	0	0	0	0	0	0	0	
0.44	1.00967	0.0426261	1.06224	0.990427	2.63019	1.05208	0.983494	0	0	0	0	0	0	0	0	
0.441	1.0099	0.0426376	1.06211	0.990199	2.62924	1.0517	0.983725	0	0	0	0	0	0	0	0	
0.442	1.01006	0.0426471	1.06197	0.990037	2.62848	1.05139	0.983942	0	0	0	0	0	0	0	0	
0.443	1.01019	0.042655	1.06184	0.989916	2.62783	1.05113	0.984149	0	0	0	0	0	0	0	0	
0.444	1.01031	0.0426613	1.06171	0.989799	2.6272	1.05088	0.984355	0	0	0	0	0	0	0	0	
0.445	1.01044	0.0426662	1.06158	0.98967	2.62655	1.05062	0.984562	0	0	0	0	0	0	0	0	
0.446	1.01058	0.0426697	1.06146	0.98953	2.62586	1.05035	0.98477	0	0	0	0	0	0	0	0	
0.447	1.01074	0.0426719	1.06134	0.989376	2.62515	1.05006	0.98498	0	0	0	0	0	0	0	0	
0.448	1.01092	0.0426728	1.06122	0.989202	2.62439	1.04976	0.985194	0	0	0	0	0	0	0	0	
0.449	1.01112	0.0426723	1.0611	0.988999	2.62356	1.04942	0.985411	0	0	0	0	0	0	0	0	
0.45	1.01137	0.0426706	1.06098	0.98876	2.62264	1.04906	0.985635	0	0	0	0	0	0	0	0	
0.451	1.01165	0.0426676	1.06087	0.988483	2.62162	1.04865	0.985864	0	0	0	0	0	0	0	0	
0.452	1.01196	0.0426635	1.06075	0.98818	2.62054	1.04822	0.986096	0	0	0	0	0	0	0	0	
0.453	1.01225	0.0426585	1.06064	0.987899	2.61952	1.04781	0.986324	0	0	0	0	0	0	0	0	
0.454	1.01243	0.042653	1.06053	0.987719	2.61877	1.04751	0.986534	0	0	0	0	0	0	0	0	
0.455	1.01244	0.0426477	1.06042	0.987709	2.61847	1.04739	0.986715	0	0	0	0	0	0	0	0	
0.456	1.01225	0.042643	1.06031	0.987894	2.61869	1.04748	0.986863	0	0	0	0	0	0	0	0	
0.457	1.01192	0.0426396	1.0602	0.988224	2.61929	1.04772	0.986987	0	0	0	0	0	0	0	0	
0.458	1.01155	0.0426377	1.06009	0.988585	2.61997	1.04799	0.987107	0	0	0	0	0	0	0	0	
0.459	1.01128	0.0426375	1.05998	0.988844	2.62038	1.04815	0.987244	0	0	0	0	0	0	0	0	
0.46	1.0112	0.0426386	1.05986	0.98892	2.6203	1.04812	0.987412	0	0	0	0	0	0	0	0	
0.461	1.01132	0.0426408	1.05975	0.988811	2.61973	1.04789	0.98761	0	0	0	0	0	0	0	0	
0.462	1.01156	0.0426436	1.05963	0.988573	2.61881	1.04752	0.987829	0	0	0	0	0	0	0	0	
0.463	1.01186	0.0426465	1.05952	0.988278	2.61774	1.0471	0.988057	0	0	0	0	0	0	0	0	
0.464	1.01217	0.0426494	1.0594	0.987977	2.61666	1.04666	0.988285	0	0	0	0	0	0	0	0	
0.465	1.0125	0.0426519	1.05928	0.987656	2.61552	1.04621	0.988515	0	0	0	0	0	0	0	0	
0.466	1.01291	0.0426536	1.05917	0.987257	2.61418	1.04567	0.988754	0	0	0	0	0	0	0	0	
0.467	1.01338	0.0426541	1.05905	0.986799	2.61268	1.04507	0.989	0	0	0	0	0	0	0	0	
0.468	1.01377	0.042653	1.05894	0.986417	2.61139	1.04456	0.989234	0	0	0	0	0	0	0	0	
0.469	1.01392	0.0426505	1.05883	0.986273	2.61074	1.0443	0.989435	0	0	0	0	0	0	0	0	
0.47	1.01372	0.0426465	1.05872	0.986468	2.61099	1.0444	0.989589	0	0	0	0	0	0	0	0	
0.471	1.01325	0.0426416	1.05862	0.986921	2.61193	1.04477	0.989707	0	0	0	0	0	0	0	0	
0.472	1.0128	0.0426359	1.05852	0.98736	2.61285	1.04514	0.989827	0	0	0	0	0	0	0	0	
0.473	1.01263	0.0426297	1.05842	0.987527	2.61304	1.04522	0.989983	0	0	0	0	0	0	0	0	
0.474	1.0128	0.0426234	1.05832	0.987358	2.61235	1.04494	0.990183	0	0	0	0	0	0	0	0	
0.475	1.01324	0.0426179	1.05822	0.986931	2.61097	1.04439	0.990417	0	0	0	0	0	0	0	0	
0.476	1.01386	0.0426142	1.05811	0.986325	2.60911	1.04364	0.990673	0	0	0	0	0	0	0	0	
0.477	1.01453	0.0426138	1.058	0.985675	2.60712	1.04285	0.990932	0	0	0	0	0	0	0	0	
0.478	1.01502	0.0426178	1.05788	0.9852	2.60557	1.04223	0.99117	0	0	0	0	0	0	0	0	
0.479	1.01516	0.0426274	1.05776	0.985062	2.60489	1.04196	0.991367	0	0	0	0	0	0	0	0	
0.48	1.01492	0.0426431	1.05763	0.985302	2.6052	1.04208	0.991522	0	0	0	0	0	0	0	0	
0.481	1.01437	0.0426646	1.05748	0.985838	2.60627	1.04251	0.991644	0	0	0	0	0	0	0	0	
0.482	1.01376	0.0426907	1.05734	0.986429	2.60748	1.04299	0.991762	0	0	0	0	0	0	0	0	
0.483	1.01337	0.0427196	1.05719	0.986802	2.6081	1.04324	0.991905	0	0	0	0	0	0	0	0	
0.484	1.01334	0.0427494	1.05704	0.986836	2.60782	1.04313	0.992085	0	0	0	0	0	0	0	0	
0.485	1.01339	0.0427787	1.05689	0.98679	2.60733	1.04293	0.992275	0	0	0	0	0	0	0	0	
0.486	1.01357	0.0428071	1.05675	0.986611	2.6065	1.0426	0.992478	0	0	0	0	0	0	0	0	
0.487	1.01413	0.0428346	1.0566	0.986071	2.60471	1.04188	0.992715	0	0	0	0	0	0	0	0	
0.488	1.01489	0.0428617	1.05645	0.985329	2.60239	1.04096	0.99297	0	0	0	0	0	0	0	0	
0.489	1.01549	0.0428893	1.05631	0.984751	2.6005	1.0402	0.993208	0	0	0	0	0	0	0	0	
0.49	1.01569	0.0429178	1.05616	0.984556	2.59961	1.03984	0.99341	0	0	0	0	0	0	0	0	
0.491	1.01567	0.0429462	1.05601	0.984576	2.5993	1.03972	0.99359	0	0	0	0	0	0	0	0	
0.492	1.01563	0.0429723	1.05586	0.984609	2.59902	1.03961	0.993768	0	0	0	0	0	0	0	0	
0.493	1.01557	0.0429927	1.05572	0.984666	2.59883	1.03953	0.993945	0	0	0	0	0	0	0	0	
0.494	1.01546	0.0430043	1.0556	0.984771	2.59881	1.03952	0.994118	0	0	0	0	0	0	0	0	
0.495	1.01514	0.0430052	1.05549	0.985091	2.59939	1.03976	0.994276	0	0	0	0	0	0	0	0	
0.496	1.01459	0.0429954	1.0554	0.985624	2.60057	1.04023	0.994417	0	0	0	0	0	0	0	0	
0.497	1.01429	0.0429764	1.05533	0.985914	2.60115	1.04046	0.994576	0	0	0	0	0	0	0	0	
0.498	1.01449	0.0429509	1.05526	0.985715	2.60047	1.04019	0.99477	0	0	0	0	0	0	0	0	
0.499	1.01497	0.0429224	1.0552	0.985254	2.5991	1.03964	0.994983	0	0	0	0	0	0	0	0	
0.5	1.01542	0.0428947	1.05513	0.984813	2.59778	1.03911	0.995195	0	0	0	0	0	0	0	0	
0.501	1.01574	0.0428716	1.05506	0.984507	2.5968	1.03872	0.995396	0	0	0	0	0	0	0	0	
0.502	1.01614	0.0428561	1.05498	0.984116	2.59556	1.03822	0.9956	0	0	0	0	0	0	0	0	
0.503	1.01654	0.0428503	1.05489	0.98373	2.59431	1.03772	0.995803	0	0	0	0	0	0	0	0	
0.504	1.01671	0.0428582	1.05477	0.983561	2.59358	1.03743	0.995994	0	0	0	0	0	0	0	0	
0.505	1.01671	0.0428835	1.05463	0.983562	2.59323	1.03729	0.996176	0	0	0	0	0	0	0	0	
0.506	1.01703	0.0429225	1.05447	0.983257	2.59203	1.03681	0.996373	0	0	0	0	0	0	0	0	
0.507	1.01731	0.0429612	1.05431	0.982982	2.59091	1.03636	0.996568	0	0	0	0	0	0	0	0	
0.508	1.01725	0.0429914	1.05416	0.983039	2.59069	1.03628	0.996747	0	0	0	0	0	0	0	0	
0.509	1.01701	0.0430185	1.05401	0.983273	2.59096	1.03638	0.996918	0	0	0	0	0	0	0	0	
0.51	1.01675	0.0430335	1.05389	0.983521	2.59131	1.03652	0.997091	0	0	0	0	0	0	0	0	
0.511	1.01582	0.0430039	1.05383	0.984426	2.59355	1.03742	0.99724	0	0	0	0	0	0	0	0	
0.512	1.01524	0.0429461	1.05382	0.984991	2.595	1.038	0.997402	0	0	0	0	0	0	0	0	
0.513	1.01553	0.0429542	1.05371	0.984711	2.59399	1.0376	0.997596	0	0	0	0	0	0	0	0	
0.514	1.01613	0.043003	1.05354	0.984126	2.59203	1.03681	0.997802	0	0	0	0	0	0	0	0	
0.515	1.01678	0.0428886	1.0536	0.983498	2.59054	1.03622	0.998002	0	0	0	0	0	0	0	0	
0.516	1.01607	0.0426941	1.05379	0.98418	2.59279	1.03712	0.998164	0	0	0	0	0	0	0	0	
0.517	1.01694	0.0429133	1.05337	0.983346	2.58956	1.03583	0.998371	0	0	0	0	0	0	0	0	
0.518	1.0172	0.0434083	1.05255	0.983095	2.58689	1.03476	0.99857	0	0	0	0	0	0	0	0	
0.519	1.01784	0.0428087	1.05332	0.982474	2.58715	1.03486	0.998754	0	0	0	0	0	0	0	0	
0.52	1.01889	0.0417244	1.05479	0.981463	2.5881	1.03524	0.998935	0	0	0	0	0	0	0	0	
0.521	1.01721	0.043181	1.05259	0.98308	2.58695	1.03478	0.999114	0	0	0	0	0	0	0	0	
0.522	1.01494	0.0457797	1.04869	0.985282	2.58314	1.03326	0.999301	0	0	0	0	0	0	0	0	
0.523	1.0181	0.0425983	1.05259	0.982224	2.58469	1.03388	0.999487	0	0	0	0	0	0	0	0	
0.524	1.02362	0.0313951	1.06069	0.976927	2.59055	1.03622	0.999666	0	0	0	0	0	0	0	0	
0.525	0.983236	0.00223586	1.00227	1.01705	2.5484	1.01936	0.999841	0	0	0	0	0	0	0	0	
0.526	0.871192	-0.117649	0.83817	1.14785	2.40524	0.962095	0.99996	0	0	0	0	0	0	0	0	
0.527	0.571934	-0.507649	0.496046	1.74845	2.16828	0.867314	0.999998	0	0	0	0	0	0	0	0	
0.528	0.259259	-1.35769	0.0967742	3.85715	0.933181	0.373272	1	0	0	0	0	0	0	0	0	
0.529	0.259259	-1.35769	0.0967742	3.85715	0.933181	0.373272	1	0	0	0	0	0	0	0	0	
0.53	0.259259	-1.35769	0.0967742	3.85715	0.933181	0.373272	1	0	0	0	0	0	0	0	0	
0.531	0.259259	-1.35769	0.0967742	3.85715	0.933181	0.373272	1	0	0	0	0	0	0	0	0	
0.532	0.259259	-1.35769	0.0967742	3.85715	0.933181	0.373272	1	0	0	0	0	0	0	0	0	
0.533	0.259259	-1.35769	0.0967742	3.85715	0.933181	0.373272	1	0	0	0	0	0	0	0	0	
0.534	0.259259	-1.35769	0.0967742	3.85715	0.933181	0.373272	1	0	0	0	0	0	0	0	0	
0.535	0.259259	-1.35769	0.0967742	3.85715	0.933181	0.373272	1	0	0	0	0	0	0	0	0	
0.536	0.259259	-1.35769	0.0967742	3.85715	0.933181	0.373272	1	0	0	0	0	0	0	0	0	
0.537	0.259259	-1.35769	0.0967742	3.85715	0.933181	0.373272	1	0	0	0	0	0	0	0	0	
0.538	0.259259	-1.35769	0.0967742	3.85715	0.933181	0.373272	1	0	0	0	0	0	0	0	0	
0.539	0.259259	-1.35769	0.0967742	3.85715	0.933181	0.373272	1	0	0	0	0	0	0	0	0	
0.54	0.259259	-1.35769	0.0967742	3.85715	0.933181	0.373272	1	0	0	0	0	0	0	0	0	
0.541	0.259259	-1.35769	0.0967742	3.85715	0.933181	0.373272	1	0	0	0	0	0	0	0	0	
0.542	0.259259	-1.35769	0.0967742	3.85715	0.933181	0.373272	1	0	0	0	0	0	0	0	0	
0.543	0.259259	-1.35769	0.0967742	3.85715	0.933181	0.373272	1	0	0	0	0	0	0	0	0	
0.544	0.259259	-1.35769	0.0967742	3.85715	0.933181	0.373272	1	0	0	0	0	0	0	0	0	
0.545	0.259259	-1.35769	0.0967742	3.85715	0.933181	0.373272	1	0	0	0	0	0	0	0	0	
0.546	0.259259	-1.35769	0.0967742	3.85715	0.933181	0.373272	1	0	0	0	0	0	0	0	0	
0.547	0.259259	-1.35769	0.0967742	3.85715	0.933181	0.373272	1	0	0	0	0	0	0	0	0	
0.548	0.259259	-1.35769	0.0967742	3.85715	0.933181	0.373272	1	0	0	0	0	0	0	0	0	
0.549	0.259259	-1.35769	0.0967742	3.85715	0.933181	0.373272	1	0	0	0	0	0	0	0	0	
0.55	0.259259	-1.35769	0.0967742	3.85715	0.933181	0.373272	1	0	0	0	0	0	0	0	0	
0.551	0.259259	-1.35769	0.0967742	3.85715	0.933181	0.373272	1	0	0	0	0	0	0	0	0	
0.552	0.259259	-1.35769	0.0967742	3.85715	0.933181	0.373272	1	0	0	0	0	0	0	0	0	
0.553	0.259259	-1.35769	0.0967742	3.85715	0.933181	0.373272	1	0	0	0	0	0	0	0	0	
0.554	0.259259	-1.35769	0.0967742	3.85715	0.933181	0.373272	1	0	0	0	0	0	0	0	0	
0.555	0.259259	-1.35769	0.0967742	3.85715	0.933181	0.373272	1	0	0	0	0	0	0	0	0	
0.556	0.259259	-1.35769	0.0967742	3.85715	0.933181	0.373272	1	0	0	0	0	0	0	0	0	
0.557	0.259259	-1.35769	0.0967742	3.85715	0.933181	0.373272	1	0	0	0	0	0	0	0	0	
0.558	0.259259	-1.35769	0.0967742	3.85715	0.933181	0.373272	1	0	0	0	0	0	0	0	0	
0.559	0.259259	-1.35769	0.0967742	3.85715	0.933181	0.373272	1	0	0	0	0	0	0	0	0	
0.56	0.259259	-1.35769	0.0967742	3.85715	0.933181	0.373272	1	0	0	0	0	0	0	0	0	
0.561	0.259259	-1.35769	0.0967742	3.85715	0.933181	0.373272	1	0	0	0	0	0	0	0	0	
0.562	0.259259	-1.35769	0.0967742	3.85715	0.933181	0.373272	1	0	0	0	0	0	0	0	0	
0.563	0.259259	-1.35769	0.0967742	3.85715	0.933181	0.373272	1	0	0	0	0	0	0	0	0	
0.564	0.259259	-1.35769	0.0967742	3.85715	0.933181	0.373272	1	0	0	0	0	0	0	0	0	
0.565	0.259259	-1.35769	0.0967742	3.85715	0.933181	0.373272	1	0	0	0	0	0	0	0	0	
0.566	0.259259	-1.35769	0.0967742	3.85715	0.933181	0.373272	1	0	0	0	0	0	0	0	0	
0.567	0.259259	-1.35769	0.0967742	3.85715	0.933181	0.373272	1	0	0	0	0	0	0	0	0	
0.568	0.259259	-1.35769	0.0967742	3.85715	0.933181	0.373272	1	0	0	0	0	0	0	0	0	
0.569	0.259259	-1.35769	0.0967742	3.85715	0.933181	0.373272	1	0	0	0	0	0	0	0	0	
0.57	0.259259	-1.35769	0.0967742	3.85715	0.933181	0.373272	1	0	0	0	0	0	0	0	0	
0.571	0.259259	-1.35769	0.0967742	3.85715	0.933181	0.373272	1	0	0	0	0	0	0	0	0	
0.572	0.259259	-1.35769	0.0967742	3.85715	0.933181	0.373272	1	0	0	0	0	0	0	0	0	
0.573	0.259259	-1.35769	0.0967742	3.85715	0.933181	0.373272	1	0	0	0	0	0	0	0	0	
0.574	0.259259	-1.35769	0.0967742	3.85715	0.933181	0.373272	1	0	0	0	0	0	0	0	0	
0.575	0.259259	-1.35769	0.0967742	3.85715	0.933181	0.373272	1	0	0	0	0	0	0	0	0	
0.576	0.259259	-1.35769	0.0967742	3.85715	0.933181	0.373272	1	0	0	0	0	0	0	0	0	
0.577	0.259259	-1.35769	0.0967742	3.85715	0.933181	0.373272	1	0	0	0	0	0	0	0	0	
0.578	0.259259	-1.35769	0.0967742	3.85715	0.933181	0.373272	1	0	0	0	0	0	0	0	0	
0.579	0.259259	-1.35769	0.0967742	3.85715	0.933181	0.373272	1	0	0	0	0	0	0	0	0	
0.58	0.259259	-1.35769	0.0967742	3.85715	0.933181	0.373272	1	0	0	0	0	0	0	0	0	
0.581	0.259259	-1.35769	0.0967742	3.85715	0.933181	0.373272	1	0	0	0	0	0	0	0	0	
0.582	0.259259	-1.35769	0.0967742	3.85715	0.933181	0.373272	1	0	0	0	0	0	0	0	0	
0.583	0.259259	-1.35769	0.0967742	3.85715	0.933181	0.373272	1	0	0	0	0	0	0	0	0	
0.584	0.259259	-1.35769	0.0967742	3.85715	0.933181	0.373272	1	0	0	0	0	0	0	0	0	
0.585	0.259259	-1.35769	0.0967742	3.85715	0.933181	0.373272	1	0	0	0	0	0	0	0	0	
0.586	0.259259	-1.35769	0.0967742	3.85715	0.933181	0.373272	1	0	0	0	0	0	0	0	0	
0.587	0.259259	-1.35769	0.0967742	3.85715	0.933181	0.373272	1	0	0	0	0	0	0	0	0	
0.588	0.259259	-1.35769	0.0967742	3.85715	0.933181	0.373272	1	0	0	0	0	0	0	0	0	
0.589	0.259259	-1.35769	0.0967742	3.85715	0.933181	0.373272	1	0	0	0	0	0	0	0	0	
0.59	0.259259	-1.35769	0.0967742	3.85715	0.933181	0.373272	1	0	0	0	0	0	0	0	0	
0.591	0.259259	-1.35769	0.0967742	3.85715	0.933181	0.373272	1	0	0	0	0	0	0	0	0	
0.592	0.259259	-1.35769	0.0967742	3.85715	0.933181	0.373272	1	0	0	0	0	0	0	0	0	
0.593	0.259259	-1.35769	0.0967742	3.85715	0.933181	0.373272	1	0	0	0	0	0	0	0	0	
0.594	0.259259	-1.35769	0.0967742	3.85715	0.933181	0.373272	1	0	0	0	0	0	0	0	0	
0.595	0.259259	-1.35769	0.0967742	3.85715	0.933181	0.373272	1	0	0	0	0	0	0	0	0	
0.596	0.259259	-1.35769	0.0967742	3.85715	0.933181	0.373272	1	0	0	0	0	0	0	0	0	
0.597	0.259259	-1.35769	0.0967742	3.85715	0.933181	0.373272	1	0	0	0	0	0	0	0	0	
0.598	0.259259	-1.35769	0.0967742	3.85715	0.933181	0.373272	1	0	0	0	0	0	0	0	0	
0.599	0.259259	-1.35769	0.0967742	3.85715	0.933181	0.373272	1	0	0	0	0	0	0	0	0	
0.6	0.259259	-1.35769	0.0967742	3.85715	0.933181	0.373272	1	0	0	0	0	0	0	0	0	
0.601	0.259259	-1.35769	0.0967742	3.85715	0.933181	0.373272	1	0	0	0	0	0	0	0	0	
0.602	0.259259	-1.35769	0.0967742	3.85715	0.933181	0.373272	1	0	0	0	0	0	0	0	0	
0.603	0.259259	-1.35769	0.0967742	3.85715	0.933181	0.373272	1	0	0	0	0	0	0	0	0	
0.604	0.259259	-1.35769	0.0967742	3.85715	0.933181	0.373272	1	0	0	0	0	0	0	0	0	
0.605	0.259259	-1.35769	0.0967742	3.85715	0.933181	0.373272	1	0	0	0	0	0	0	0	0	
0.606	0.259259	-1.35769	0.0967742	3.85715	0.933181	0.373272	1	0	0	0	0	0	0	0	0	
0.607	0.259259	-1.35769	0.0967742	3.85715	0.933181	0.373272	1	0	0	0	0	0	0	0	0	
0.608	0.259259	-1.35769	0.0967742	3.85715	0.933181	0.373272	1	0	0	0	0	0	0	0	0	
0.609	0.259259	-1.35769	0.0967742	3.85715	0.933181	0.373272	1	0	0	0	0	0	0	0	0	
0.61	0.259259	-1.35769	0.0967742	3.85715	0.933181	0.373272	1	0	0	0	0	0	0	0	0	
0.611	0.259259	-1.35769	0.0967742	3.85715	0.933181	0.373272	1	0	0	0	0	0	0	0	0	
0.612	0.259259	-1.35769	0.0967742	3.85715	0.933181	0.373272	1	0	0	0	0	0	0	0	0	
0.613	0.259259	-1.35769	0.0967742	3.85715	0.933181	0.373272	1	0	0	0	0	0	0	0	0	
0.614	0.259259	-1.35769	0.0967742	3.85715	0.933181	0.373272	1	0	0	0	0	0	0	0	0	
0.615	0.259259	-1.35769	0.0967742	3.85715	0.933181	0.373272	1	0	0	0	0	0	0	0	0	
0.616	0.259259	-1.35769	0.0967742	3.85715	0.933181	0.373272	1	0	0	0	0	0	0	0	0	
0.617	0.259259	-1.35769	0.0967742	3.85715	0.933181	0.373272	1	0	0	0	0	0	0	0	0	
0.618	0.259259	-1.35769	0.0967742	3.85715	0.933181	0.373272	1	0	0	0	0	0	0	0	0	
0.619	0.259259	-1.35769	0.0967742	3.85715	0.933181	0.373272	1	0	0	0	0	0	0	0	0	
0.62	0.259259	-1.35769	0.0967742	3.85715	0.933181	0.373272	1	0	0	0	0	0	0	0	0	
0.621	0.259259	-1.35769	0.0967742	3.85715	0.933181	0.373272	1	0	0	0	0	0	0	0	0	
0.622	0.259259	-1.35769	0.0967742	3.85715	0.933181	0.373272	1	0	0	0	0	0	0	0	0	
0.623	0.259259	-1.35769	0.0967742	3.85715	0.933181	0.373272	1	0	0	0	0	0	0	0	0	
0.624	0.259259	-1.35769	0.0967742	3.85715	0.933181	0.373272	1	0	0	0	0	0	0	0	0	
0.625	0.259259	-1.35769	0.0967742	3.85715	0.933181	0.373272	1	0	0	0	0	0	0	0	0	
0.626	0.259259	-1.35769	0.0967742	3.85715	0.933181	0.373272	1	0	0	0	0	0	0	0	0	
0.627	0.259259	-1.35769	0.0967742	3.85715	0.933181	0.373272	1	0	0	0	0	0	0	0	0	
0.628	0.259259	-1.35769	0.0967742	3.85715	0.933181	0.373272	1	0	0	0	0	0	0	0	0	
0.629	0.259259	-1.35769	0.0967742	3.85715	0.933181	0.373272	1	0	0	0	0	0	0	0	0	
0.63	0.259259	-1.35769	0.0967742	3.85715	0.933181	0.373272	1	0	0	0	0	0	0	0	0	
0.631	0.259259	-1.35769	0.0967742	3.85715	0.933181	0.373272	1	0	0	0	0	0	0	0	0	
0.632	0.259259	-1.35769	0.0967742	3.85715	0.933181	0.373272	1	0	0	0	0	0	0	0	0	
0.633	0.259259	-1.35769	0.0967742	3.85715	0.933181	0.373272	1	0	0	0	0	0	0	0	0	
0.634	0.259259	-1.35769	0.0967742	3.85715	0.933181	0.373272	1	0	0	0	0	0	0	0	0	
0.635	0.259259	-1.35769	0.0967742	3.85715	0.933181	0.373272	1	0	0	0	0	0	0	0	0	
0.636	0.259259	-1.35769	0.0967742	3.85715	0.933181	0.373272	1	0	0	0	0	0	0	0	0	
0.637	0.259259	-1.35769	0.0967742	3.85715	0.933181	0.373272	1	0	0	0	0	0	0	0	0	
0.638	0.259259	-1.35769	0.0967742	3.85715	0.933181	0.373272	1	0	0	0	0	0	0	0	0	
0.639	0.259259	-1.35769	0.0967742	3.85715	0.933181	0.373272	1	0	0	0	0	0	0	0	0	
0.64	0.259259	-1.35769	0.0967742	3.85715	0.933181	0.373272	1	0	0	0	0	0	0	0	0	
0.641	0.259259	-1.35769	0.0967742	3.85715	0.933181	0.373272	1	0	0	0	0	0	0	0	0	
0.642	0.259259	-1.35769	0.0967742	3.85715	0.933181	0.373272	1	0	0	0	0	0	0	0	0	
0.643	0.259259	-1.35769	0.0967742	3.85715	0.933181	0.373272	1	0	0	0	0	0	0	0	0	
0.644	0.259259	-1.35769	0.0967742	3.85715	0.933181	0.373272	1	0	0	0	0	0	0	0	0	
0.645	0.259259	-1.35769	0.0967742	3.85715	0.933181	0.373272	1	0	0	0	0	0	0	0	0	
0.646	0.259259	-1.35769	0.0967742	3.85715	0.933181	0.373272	1	0	0	0	0	0	0	0	0	
0.647	0.259259	-1.35769	0.0967742	3.85715	0.933181	0.373272	1	0	0	0	0	0	0	0	0	
0.648	0.259259	-1.35769	0.0967742	3.85715	0.933181	0.373272	1	0	0	0	0	0	0	0	0	
0.649	0.259259	-1.35769	0.0967742	3.85715	0.933181	0.373272	1	0	0	0	0	0	0	0	0	
0.65	0.259259	-1.35769	0.0967742	3.85715	0.933181	0.373272	1	0	0	0	0	0	0	0	0	
0.651	0.259259	-1.35769	0.0967742	3.85715	0.933181	0.373272	1	0	0	0	0	0	0	0	0	
0.652	0.259259	-1.35769	0.0967742	3.85715	0.933181	0.373272	1	0	0	0	0	0	0	0	0	
0.653	0.259259	-1.35769	0.0967742	3.85715	0.933181	0.373272	1	0	0	0	0	0	0	0	0	
0.654	0.259259	-1.35769	0.0967742	3.85715	0.933181	0.373272	1	0	0	0	0	0	0	0	0	
0.655	0.259259	-1.35769	0.0967742	3.85715	0.933181	0.373272	1	0	0	0	0	0	0	0	0	
0.656	0.259259	-1.35769	0.0967742	3.85715	0.933181	0.373272	1	0	0	0	0	0	0	0	0	
0.657	0.259259	-1.35769	0.0967742	3.85715	0.933181	0.373272	1	0	0	0	0	0	0	0	0	
0.658	0.259259	-1.35769	0.0967742	3.85715	0.933181	0.373272	1	0	0	0	0	0	0	0	0	
0.659	0.259259	-1.35769	0.0967742	3.85715	0.933181	0.373272	1	0	0	0	0	0	0	0	0	
0.66	0.259259	-1.35769	0.0967742	3.85715	0.933181	0.373272	1	0	0	0	0	0	0	0	0	
0.661	0.259259	-1.35769	0.0967742	3.85715	0.933181	0.373272	1	0	0	0	0	0	0	0	0	
0.662	0.259259	-1.35769	0.0967742	3.85715	0.933181	0.373272	1	0	0	0	0	0	0	0	0	
0.663	0.259259	-1.35769	0.0967742	3.85715	0.933181	0.373272	1	0	0	0	0	0	0	0	0	
0.664	0.259259	-1.35769	0.0967742	3.85715	0.933181	0.373272	1	0	0	0	0	0	0	0	0	
0.665	0.259259	-1.35769	0.0967742	3.85715	0.933181	0.373272	1	0	0	0	0	0	0	0	0	
0.666	0.259259	-1.35769	0.0967742	3.85715	0.933181	0.373272	1	0	0	0	0	0	0	0	0	
0.667	0.259259	-1.35769	0.0967742	3.85715	0.933181	0.373272	1	0	0	0	0	0	0	0	0	
0.668	0.259259	-1.35769	0.0967742	3.85715	0.933181	0.373272	1	0	0	0	0	0	0	0	0	
0.669	0.259259	-1.35769	0.0967742	3.85715	0.933181	0.373272	1	0	0	0	0	0	0	0	0	
0.67	0.259259	-1.35769	0.0967742	3.85715	0.933181	0.373272	1	0	0	0	0	0	0	0	0	
0.671	0.259259	-1.35769	0.0967742	3.85715	0.933181	0.373272	1	0	0	0	0	0	0	0	0	
0.672	0.259259	-1.35769	0.0967742	3.85715	0.933181	0.373272	1	0	0	0	0	0	0	0	0	
0.673	0.259259	-1.35769	0.0967742	3.85715	0.933181	0.373272	1	0	0	0	0	0	0	0	0	
0.674	0.259259	-1.35769	0.0967742	3.85715	0.933181	0.373272	1	0	0	0	0	0	0	0	0	
0.675	0.259259	-1.35769	0.0967742	3.85715	0.933181	0.373272	1	0	0	0	0	0	0	0	0	
0.676	0.259259	-1.35769	0.0967742	3.85715	0.933181	0.373272	1	0	0	0	0	0	0	0	0	
0.677	0.259259	-1.35769	0.0967742	3.85715	0.933181	0.373272	1	0	0	0	0	0	0	0	0	
0.678	0.259259	-1.35769	0.0967742	3.85715	0.933181	0.373272	1	0	0	0	0	0	0	0	0	
0.679	0.259259	-1.35769	0.0967742	3.85715	0.933181	0.373272	1	0	0	0	0	0	0	0	0	
0.68	0.259259	-1.35769	0.0967742	3.85715	0.933181	0.373272	1	0	0	0	0	0	0	0	0	
0.681	0.259259	-1.35769	0.0967742	3.85715	0.933181	0.373272	1	0	0	0	0	0	0	0	0	
0.682	0.259259	-1.35769	0.0967742	3.85715	0.933181	0.373272	1	0	0	0	0	0	0	0	0	
0.683	0.259259	-1.35769	0.0967742	3.85715	0.933181	0.373272	1	0	0	0	0	0	0	0	0	
0.684	0.259259	-1.35769	0.0967742	3.85715	0.933181	0.373272	1	0	0	0	0	0	0	0	0	
0.685	0.259259	-1.35769	0.0967742	3.85715	0.933181	0.373272	1	0	0	0	0	0	0	0	0	
0.686	0.259259	-1.35769	0.0967742	3.85715	0.933181	0.373272	1	0	0	0	0	0	0	0	0	
0.687	0.259259	-1.35769	0.0967742	3.85715	0.933181	0.373272	1	0	0	0	0	0	0	0	0	
0.688	0.259259	-1.35769	0.0967742	3.85715	0.933181	0.373272	1	0	0	0	0	0	0	0	0	
0.689	0.259259	-1.35769	0.0967742	3.85715	0.933181	0.373272	1	0	0	0	0	0	0	0	0	
0.69	0.259259	-1.35769	0.0967742	3.85715	0.933181	0.373272	1	0	0	0	0	0	0	0	0	
0.691	0.259259	-1.35769	0.0967742	3.85715	0.933181	0.373272	1	0	0	0	0	0	0	0	0	
0.692	0.259259	-1.35769	0.0967742	3.85715	0.933181	0.373272	1	0	0	0	0	0	0	0	0	
0.693	0.259259	-1.35769	0.0967742	3.85715	0.933181	0.373272	1	0	0	0	0	0	0	0	0	
0.694	0.259259	-1.35769	0.0967742	3.85715	0.933181	0.373272	1	0	0	0	0	0	0	0	0	
0.695	0.259259	-1.35769	0.0967742	3.85715	0.933181	0.373272	1	0	0	0	0	0	0	0	0	
0.696	0.259259	-1.35769	0.0967742	3.85715	0.933181	0.373272	1	0	0	0	0	0	0	0	0	
0.697	0.259259	-1.35769	0.0967742	3.85715	0.933181	0.373272	1	0	0	0	0	0	0	0	0	
0.698	0.259259	-1.35769	0.0967742	3.85715	0.933181	0.373272	1	0	0	0	0	0	0	0	0	
0.699	0.259259	-1.35769	0.0967742	3.85715	0.933181	0.373272	1	0	0	0	0	0	0	0	0	
0.7	0.259259	-1.35769	0.0967742	3.85715	0.933181	0.373272	1	0	0	0	0	0	0	0	0	
0.701	0.259259	-1.35769	0.0967742	3.85715	0.933181	0.373272	1	0	0	0	0	0	0	0	0	
0.702	0.259259	-1.35769	0.0967742	3.85715	0.933181	0.373272	1	0	0	0	0	0	0	0	0	
0.703	0.259259	-1.35769	0.0967742	3.85715	0.933181	0.373272	1	0	0	0	0	0	0	0	0	
0.704	0.259259	-1.35769	0.0967742	3.85715	0.933181	0.373272	1	0	0	0	0	0	0	0	0	
0.705	0.259259	-1.35769	0.0967742	3.85715	0.933181	0.373272	1	0	0	0	0	0	0	0	0	
0.706	0.259259	-1.35769	0.0967742	3.85715	0.933181	0.373272	1	0	0	0	0	0	0	0	0	
0.707	0.259259	-1.35769	0.0967742	3.85715	0.933181	0.373272	1	0	0	0	0	0	0	0	0	
0.708	0.259259	-1.35769	0.0967742	3.85715	0.933181	0.373272	1	0	0	0	0	0	0	0	0	
0.709	0.259259	-1.35769	0.0967742	3.85715	0.933181	0.373272	1	0	0	0	0	0	0	0	0	
0.71	0.259259	-1.35769	0.0967742	3.85715	0.933181	0.373272	1	0	0	0	0	0	0	0	0	
0.711	0.259259	-1.35769	0.0967742	3.85715	0.933181	0.373272	1	0	0	0	0	0	0	0	0	
0.712	0.259259	-1.35769	0.0967742	3.85715	0.933181	0.373272	1	0	0	0	0	0	0	0	0	
0.713	0.259259	-1.35769	0.0967742	3.85715	0.933181	0.373272	1	0	0	0	0	0	0	0	0	
0.714	0.259259	-1.35769	0.0967742	3.85715	0.933181	0.373272	1	0	0	0	0	0	0	0	0	
0.715	0.259259	-1.35769	0.0967742	3.85715	0.933181	0.373272	1	0	0	0	0	0	0	0	0	
0.716	0.259259	-1.35769	0.0967742	3.85715	0.933181	0.373272	1	0	0	0	0	0	0	0	0	
0.717	0.259259	-1.35769	0.0967742	3.85715	0.933181	0.373272	1	0	0	0	0	0	0	0	0	
0.718	0.259259	-1.35769	0.0967742	3.85715	0.933181	0.373272	1	0	0	0	0	0	0	0	0	
0.719	0.259259	-1.35769	0.0967742	3.85715	0.933181	0.373272	1	0	0	0	0	0	0	0	0	
0.72	0.259259	-1.35769	0.0967742	3.85715	0.933181	0.373272	1	0	0	0	0	0	0	0	0	
0.721	0.259259	-1.35769	0.0967742	3.85715	0.933181	0.373272	1	0	0	0	0	0	0	0	0	
0.722	0.259259	-1.35769	0.0967742	3.85715	0.933181	0.373272	1	0	0	0	0	0	0	0	0	
0.723	0.259259	-1.35769	0.0967742	3.85715	0.933181	0.373272	1	0	0	0	0	0	0	0	0	
0.724	0.259259	-1.35769	0.0967742	3.85715	0.933181	0.373272	1	0	0	0	0	0	0	0	0	
0.725	0.259259	-1.35769	0.0967742	3.85715	0.933181	0.373272	1	0	0	0	0	0	0	0	0	
0.726	0.259259	-1.35769	0.0967742	3.85715	0.933181	0.373272	1	0	0	0	0	0	0	0	0	
0.727	0.259259	-1.35769	0.0967742	3.85715	0.933181	0.373272	1	0	0	0	0	0	0	0	0	
0.728	0.259259	-1.35769	0.0967742	3.85715	0.933181	0.373272	1	0	0	0	0	0	0	0	0	
0.729	0.259259	-1.35769	0.0967742	3.85715	0.933181	0.373272	1	0	0	0	0	0	0	0	0	
0.73	0.259259	-1.35769	0.0967742	3.85715	0.933181	0.373272	1	0	0	0	0	0	0	0	0	
0.731	0.259259	-1.35769	0.0967742	3.85715	0.933181	0.373272	1	0	0	0	0	0	0	0	0	
0.732	0.259259	-1.35769	0.0967742	3.85715	0.933181	0.373272	1	0	0	0	0	0	0	0	0	
0.733	0.259259	-1.35769	0.0967742	3.85715	0.933181	0.373272	1	0	0	0	0	0	0	0	0	
0.734	0.259259	-1.35769	0.0967742	3.85715	0.933181	0.373272	1	0	0	0	0	0	0	0	0	
0.735	0.259259	-1.35769	0.0967742	3.85715	0.933181	0.373272	1	0	0	0	0	0	0	0	0	
0.736	0.259259	-1.35769	0.0967742	3.85715	0.933181	0.373272	1	0	0	0	0	0	0	0	0	
0.737	0.259259	-1.35769	0.0967742	3.85715	0.933181	0.373272	1	0	0	0	0	0	0	0	0	
0.738	0.259259	-1.35769	0.0967742	3.85715	0.933181	0.373272	1	0	0	0	0	0	0	0	0	
0.739	0.259259	-1.35769	0.0967742	3.85715	0.933181	0.373272	1	0	0	0	0	0	0	0	0	
0.74	0.259259	-1.35769	0.0967742	3.85715	0.933181	0.373272	1	0	0	0	0	0	0	0	0	
0.741	0.259259	-1.35769	0.0967742	3.85715	0.933181	0.373272	1	0	0	0	0	0	0	0	0	
0.742	0.259259	-1.35769	0.0967742	3.85715	0.933181	0.373272	1	0	0	0	0	0	0	0	0	
0.743	0.259259	-1.35769	0.0967742	3.85715	0.933181	0.373272	1	0	0	0	0	0	0	0	0	
0.744	0.259259	-1.35769	0.0967742	3.85715	0.933181	0.373272	1	0	0	0	0	0	0	0	0	
0.745	0.259259	-1.35769	0.0967742	3.85715	0.933181	0.373272	1	0	0	0	0	0	0	0	0	
0.746	0.259259	-1.35769	0.0967742	3.85715	0.933181	0.373272	1	0	0	0	0	0	0	0	0	
0.747	0.259259	-1.35769	0.0967742	3.85715	0.933181	0.373272	1	0	0	0	0	0	0	0	0	
0.748	0.259259	-1.35769	0.0967742	3.85715	0.933181	0.373272	1	0	0	0	0	0	0	0	0	
0.749	0.259259	-1.35769	0.0967742	3.85715	0.933181	0.373272	1	0	0	0	0	0	0	0	0	
0.75	0.259259	-1.35769	0.0967742	3.85715	0.933181	0.373272	1	0	0	0	0	0	0	0	0	
0.751	0.259259	-1.35769	0.0967742	3.85715	0.933181	0.373272	1	0	0	0	0	0	0	0	0	
0.752	0.259259	-1.35769	0.0967742	3.85715	0.933181	0.373272	1	0	0	0	0	0	0	0	0	
0.753	0.259259	-1.35769	0.0967742	3.85715	0.933181	0.373272	1	0	0	0	0	0	0	0	0	
0.754	0.259259	-1.35769	0.0967742	3.85715	0.933181	0.373272	1	0	0	0	0	0	0	0	0	
0.755	0.259259	-1.35769	0.0967742	3.85715	0.933181	0.373272	1	0	0	0	0	0	0	0	0	
0.756	0.259259	-1.35769	0.0967742	3.85715	0.933181	0.373272	1	0	0	0	0	0	0	0	0	
0.757	0.259259	-1.35769	0.0967742	3.85715	0.933181	0.373272	1	0	0	0	0	0	0	0	0	
0.758	0.259259	-1.35769	0.0967742	3.85715	0.933181	0.373272	1	0	0	0	0	0	0	0	0	
0.759	0.259259	-1.35769	0.0967742	3.85715	0.933181	0.373272	1	0	0	0	0	0	0	0	0	
0.76	0.259259	-1.35769	0.0967742	3.85715	0.933181	0.373272	1	0	0	0	0	0	0	0	0	
0.761	0.259259	-1.35769	0.0967742	3.85715	0.933181	0.373272	1	0	0	0	0	0	0	0	0	
0.762	0.259259	-1.35769	0.0967742	3.85715	0.933181	0.373272	1	0	0	0	0	0	0	0	0	
0.763	0.259259	-1.35769	0.0967742	3.85715	0.933181	0.373272	1	0	0	0	0	0	0	0	0	
0.764	0.259259	-1.35769	0.0967742	3.85715	0.933181	0.373272	1	0	0	0	0	0	0	0	0	
0.765	0.259259	-1.35769	0.0967742	3.85715	0.933181	0.373272	1	0	0	0	0	0	0	0	0	
0.766	0.259259	-1.35769	0.0967742	3.85715	0.933181	0.373272	1	0	0	0	0	0	0	0	0	
0.767	0.259259	-1.35769	0.0967742	3.85715	0.933181	0.373272	1	0	0	0	0	0	0	0	0	
0.768	0.259259	-1.35769	0.0967742	3.85715	0.933181	0.373272	1	0	0	0	0	0	0	0	0	
0.769	0.259259	-1.35769	0.0967742	3.85715	0.933181	0.373272	1	0	0	0	0	0	0	0	0	
0.77	0.259259	-1.35769	0.0967742	3.85715	0.933181	0.373272	1	0	0	0	0	0	0	0	0	
0.771	0.259259	-1.35769	0.0967742	3.85715	0.933181	0.373272	1	0	0	0	0	0	0	0	0	
0.772	0.259259	-1.35769	0.0967742	3.85715	0.933181	0.373272	1	0	0	0	0	0	0	0	0	
0.773	0.259259	-1.35769	0.0967742	3.85715	0.933181	0.373272	1	0	0	0	0	0	0	0	0	
0.774	0.259259	-1.35769	0.0967742	3.85715	0.933181	0.373272	1	0	0	0	0	0	0	0	0	
0.775	0.259259	-1.35769	0.0967742	3.85715	0.933181	0.373272	1	0	0	0	0	0	0	0	0	
0.776	0.259259	-1.35769	0.0967742	3.85715	0.933181	0.373272	1	0	0	0	0	0	0	0	0	
0.777	0.259259	-1.35769	0.0967742	3.85715	0.933181	0.373272	1	0	0	0	0	0	0	0	0	
0.778	0.259259	-1.35769	0.0967742	3.85715	0.933181	0.373272	1	0	0	0	0	0	0	0	0	
0.779	0.259259	-1.35769	0.0967742	3.85715	0.933181	0.373272	1	0	0	0	0	0	0	0	0	
0.78	0.259259	-1.35769	0.0967742	3.85715	0.933181	0.373272	1	0	0	0	0	0	0	0	0	
0.781	0.259259	-1.35769	0.0967742	3.85715	0.933181	0.373272	1	0	0	0	0	0	0	0	0	
0.782	0.259259	-1.35769	0.0967742	3.85715	0.933181	0.373272	1	0	0	0	0	0	0	0	0	
0.783	0.259259	-1.35769	0.0967742	3.85715	0.933181	0.373272	1	0	0	0	0	0	0	0	0	
0.784	0.259259	-1.35769	0.0967742	3.85715	0.933181	0.373272	1	0	0	0	0	0	0	0	0	
0.785	0.259259	-1.35769	0.0967742	3.85715	0.933181	0.373272	1	0	0	0	0	0	0	0	0	
0.786	0.259259	-1.35769	0.0967742	3.85715	0.933181	0.373272	1	0	0	0	0	0	0	0	0	
0.787	0.259259	-1.35769	0.0967742	3.85715	0.933181	0.373272	1	0	0	0	0	0	0	0	0	
0.788	0.259259	-1.35769	0.0967742	3.85715	0.933181	0.373272	1	0	0	0	0	0	0	0	0	
0.789	0.259259	-1.35769	0.0967742	3.85715	0.933181	0.373272	1	0	0	0	0	0	0	0	0	
0.79	0.259259	-1.35769	0.0967742	3.85715	0.933181	0.373272	1	0	0	0	0	0	0	0	0	
0.791	0.259259	-1.35769	0.0967742	3.85715	0.933181	0.373272	1	0	0	0	0	0	0	0	0	
0.792	0.259259	-1.35769	0.0967742	3.85715	0.933181	0.373272	1	0	0	0	0	0	0	0	0	
0.793	0.259259	-1.35769	0.0967742	3.85715	0.933181	0.373272	1	0	0	0	0	0	0	0	0	
0.794	0.259259	-1.35769	0.0967742	3.85715	0.933181	0.373272	1	0	0	0	0	0	0	0	0	
0.795	0.259259	-1.35769	0.0967742	3.85715	0.933181	0.373272	1	0	0	0	0	0	0	0	0	
0.796	0.259259	-1.35769	0.0967742	3.85715	0.933181	0.373272	1	0	0	0	0	0	0	0	0	
0.797	0.259259	-1.35769	0.0967742	3.85715	0.933181	0.373272	1	0	0	0	0	0	0	0	0	
0.798	0.259259	-1.35769	0.0967742	3.85715	0.933181	0.373272	1	0	0	0	0	0	0	0	0	
0.799	0.259259	-1.35769	0.0967742	3.85715	0.933181	0.373272	1	0	0	0	0	0	0	0	0	
0.8	0.259259	-1.35769	0.0967742	3.85715	0.933181	0.373272	1	0	0	0	0	0	0	0	0	
0.801	0.259259	-1.35769	0.0967742	3.85715	0.933181	0.373272	1	0	0	0	0	0	0	0	0	
0.802	0.259259	-1.35769	0.0967742	3.85715	0.933181	0.373272	1	0	0	0	0	0	0	0	0	
0.803	0.259259	-1.35769	0.0967742	3.85715	0.933181	0.373272	1	0	0	0	0	0	0	0	0	
0.804	0.259259	-1.35769	0.0967742	3.85715	0.933181	0.373272	1	0	0	0	0	0	0	0	0	
0.805	0.259259	-1.35769	0.0967742	3.85715	0.933181	0.373272	1	0	0	0	0	0	0	0	0	
0.806	0.259259	-1.35769	0.0967742	3.85715	0.933181	0.373272	1	0	0	0	0	0	0	0	0	
0.807	0.259259	-1.35769	0.0967742	3.85715	0.933181	0.373272	1	0	0	0	0	0	0	0	0	
0.808	0.259259	-1.35769	0.0967742	3.85715	0.933181	0.373272	1	0	0	0	0	0	0	0	0	
0.809	0.259259	-1.35769	0.0967742	3.85715	0.933181	0.373272	1	0	0	0	0	0	0	0	0	
0.81	0.259259	-1.35769	0.0967742	3.85715	0.933181	0.373272	1	0	0	0	0	0	0	0	0	
0.811	0.259259	-1.35769	0.0967742	3.85715	0.933181	0.373272	1	0	0	0	0	0	0	0	0	
0.812	0.259259	-1.35769	0.0967742	3.85715	0.933181	0.373272	1	0	0	0	0	0	0	0	0	
0.813	0.259259	-1.35769	0.0967742	3.85715	0.933181	0.373272	1	0	0	0	0	0	0	0	0	
0.814	0.259259	-1.35769	0.0967742	3.85715	0.933181	0.373272	1	0	0	0	0	0	0	0	0	
0.815	0.259259	-1.35769	0.0967742	3.85715	0.933181	0.373272	1	0	0	0	0	0	0	0	0	
0.816	0.259259	-1.35769	0.0967742	3.85715	0.933181	0.373272	1	0	0	0	0	0	0	0	0	
0.817	0.259259	-1.35769	0.0967742	3.85715	0.933181	0.373272	1	0	0	0	0	0	0	0	0	
0.818	0.259259	-1.35769	0.0967742	3.85715	0.933181	0.373272	1	0	0	0	0	0	0	0	0	
0.819	0.259259	-1.35769	0.0967742	3.85715	0.933181	0.373272	1	0	0	0	0	0	0	0	0	
0.82	0.259259	-1.35769	0.0967742	3.85715	0.933181	0.373272	1	0	0	0	0	0	0	0	0	
0.821	0.259259	-1.35769	0.0967742	3.85715	0.933181	0.373272	1	0	0	0	0	0	0	0	0	
0.822	0.259259	-1.35769	0.0967742	3.85715	0.933181	0.373272	1	0	0	0	0	0	0	0	0	
0.823	0.259259	-1.35769	0.0967742	3.85715	0.933181	0.373272	1	0	0	0	0	0	0	0	0	
0.824	0.259259	-1.35769	0.0967742	3.85715	0.933181	0.373272	1	0	0	0	0	0	0	0	0	
0.825	0.259259	-1.35769	0.0967742	3.85715	0.933181	0.373272	1	0	0	0	0	0	0	0	0	
0.826	0.259259	-1.35769	0.0967742	3.85715	0.933181	0.373272	1	0	0	0	0	0	0	0	0	
0.827	0.259259	-1.35769	0.0967742	3.85715	0.933181	0.373272	1	0	0	0	0	0	0	0	0	
0.828	0.259259	-1.35769	0.0967742	3.85715	0.933181	0.373272	1	0	0	0	0	0	0	0	0	
0.829	0.259259	-1.35769	0.0967742	3.85715	0.933181	0.373272	1	0	0	0	0	0	0	0	0	
0.83	0.259259	-1.35769	0.0967742	3.85715	0.933181	0.373272	1	0	0	0	0	0	0	0	0	
0.831	0.259259	-1.35769	0.0967742	3.85715	0.933181	0.373272	1	0	0	0	0	0	0	0	0	
0.832	0.259259	-1.35769	0.0967742	3.85715	0.933181	0.373272	1	0	0	0	0	0	0	0	0	
0.833	0.259259	-1.35769	0.0967742	3.85715	0.933181	0.373272	1	0	0	0	0	0	0	0	0	
0.834	0.259259	-1.35769	0.0967742	3.85715	0.933181	0.373272	1	0	0	0	0	0	0	0	0	
0.835	0.259259	-1.35769	0.0967742	3.85715	0.933181	0.373272	1	0	0	0	0	0	0	0	0	
0.836	0.259259	-1.35769	0.0967742	3.85715	0.933181	0.373272	1	0	0	0	0	0	0	0	0	
0.837	0.259259	-1.35769	0.0967742	3.85715	0.933181	0.373272	1	0	0	0	0	0	0	0	0	
0.838	0.259259	-1.35769	0.0967742	3.85715	0.933181	0.373272	1	0	0	0	0	0	0	0	0	
0.839	0.259259	-1.35769	0.0967742	3.85715	0.933181	0.373272	1	0	0	0	0	0	0	0	0	
0.84	0.259259	-1.35769	0.0967742	3.85715	0.933181	0.373272	1	0	0	0	0	0	0	0	0	
0.841	0.259259	-1.35769	0.0967742	3.85715	0.933181	0.373272	1	0	0	0	0	0	0	0	0	
0.842	0.259259	-1.35769	0.0967742	3.85715	0.933181	0.373272	1	0	0	0	0	0	0	0	0	
0.843	0.259259	-1.35769	0.0967742	3.85715	0.933181	0.373272	1	0	0	0	0	0	0	0	0	
0.844	0.259259	-1.35769	0.0967742	3.85715	0.933181	0.373272	1	0	0	0	0	0	0	0	0	
0.845	0.259259	-1.35769	0.0967742	3.85715	0.933181	0.373272	1	0	0	0	0	0	0	0	0	
0.846	0.259259	-1.35769	0.0967742	3.85715	0.933181	0.373272	1	0	0	0	0	0	0	0	0	
0.847	0.259259	-1.35769	0.0967742	3.85715	0.933181	0.373272	1	0	0	0	0	0	0	0	0	
0.848	0.259259	-1.35769	0.0967742	3.85715	0.933181	0.373272	1	0	0	0	0	0	0	0	0	
0.849	0.259259	-1.35769	0.0967742	3.85715	0.933181	0.373272	1	0	0	0	0	0	0	0	0	
0.85	0.259259	-1.35769	0.0967742	3.85715	0.933181	0.373272	1	0	0	0	0	0	0	0	0	
0.851	0.259259	-1.35769	0.0967742	3.85715	0.933181	0.373272	1	0	0	0	0	0	0	0	0	
0.852	0.259259	-1.35769	0.0967742	3.85715	0.933181	0.373272	1	0	0	0	0	0	0	0	0	
0.853	0.259259	-1.35769	0.0967742	3.85715	0.933181	0.373272	1	0	0	0	0	0	0	0	0	
0.854	0.259259	-1.35769	0.0967742	3.85715	0.933181	0.373272	1	0	0	0	0	0	0	0	0	
0.855	0.259259	-1.35769	0.0967742	3.85715	0.933181	0.373272	1	0	0	0	0	0	0	0	0	
0.856	0.259259	-1.35769	0.0967742	3.85715	0.933181	0.373272	1	0	0	0	0	0	0	0	0	
0.857	0.259259	-1.35769	0.0967742	3.85715	0.933181	0.373272	1	0	0	0	0	0	0	0	0	
0.858	0.259259	-1.35769	0.0967742	3.85715	0.933181	0.373272	1	0	0	0	0	0	0	0	0	
0.859	0.259259	-1.35769	0.0967742	3.85715	0.933181	0.373272	1	0	0	0	0	0	0	0	0	
0.86	0.259259	-1.35769	0.0967742	3.85715	0.933181	0.373272	1	0	0	0	0	0	0	0	0	
0.861	0.259259	-1.35769	0.0967742	3.85715	0.933181	0.373272	1	0	0	0	0	0	0	0	0	
0.862	0.259259	-1.35769	0.0967742	3.85715	0.933181	0.373272	1	0	0	0	0	0	0	0	0	
0.863	0.259259	-1.35769	0.0967742	3.85715	0.933181	0.373272	1	0	0	0	0	0	0	0	0	
0.864	0.259259	-1.35769	0.0967742	3.85715	0.933181	0.373272	1	0	0	0	0	0	0	0	0	
0.865	0.259259	-1.35769	0.0967742	3.85715	0.933181	0.373272	1	0	0	0	0	0	0	0	0	
0.866	0.259259	-1.35769	0.0967742	3.85715	0.933181	0.373272	1	0	0	0	0	0	0	0	0	
0.867	0.259259	-1.35769	0.0967742	3.85715	0.933181	0.373272	1	0	0	0	0	0	0	0	0	
0.868	0.259259	-1.35769	0.0967742	3.85715	0.933181	0.373272	1	0	0	0	0	0	0	0	0	
0.869	0.259259	-1.35769	0.0967742	3.85715	0.933181	0.373272	1	0	0	0	0	0	0	0	0	
0.87	0.259259	-1.35769	0.0967742	3.85715	0.933181	0.373272	1	0	0	0	0	0	0	0	0	
0.871	0.259259	-1.35769	0.0967742	3.85715	0.933181	0.373272	1	0	0	0	0	0	0	0	0	
0.872	0.259259	-1.35769	0.0967742	3.85715	0.933181	0.373272	1	0	0	0	0	0	0	0	0	
0.873	0.259259	-1.35769	0.0967742	3.85715	0.933181	0.373272	1	0	0	0	0	0	0	0	0	
0.874	0.259259	-1.35769	0.0967742	3.85715	0.933181	0.373272	1	0	0	0	0	0	0	0	0	
0.875	0.259259	-1.35769	0.0967742	3.85715	0.933181	0.373272	1	0	0	0	0	0	0	0	0	
0.876	0.259259	-1.35769	0.0967742	3.85715	0.933181	0.373272	1	0	0	0	0	0	0	0	0	
0.877	0.259259	-1.35769	0.0967742	3.85715	0.933181	0.373272	1	0	0	0	0	0	0	0	0	
0.878	0.259259	-1.35769	0.0967742	3.85715	0.933181	0.373272	1	0	0	0	0	0	0	0	0	
0.879	0.259259	-1.35769	0.0967742	3.85715	0.933181	0.373272	1	0	0	0	0	0	0	0	0	
0.88	0.259259	-1.35769	0.0967742	3.85715	0.933181	0.373272	1	0	0	0	0	0	0	0	0	
0.881	0.259259	-1.35769	0.0967742	3.85715	0.933181	0.373272	1	0	0	0	0	0	0	0	0	
0.882	0.259259	-1.35769	0.0967742	3.85715	0.933181	0.373272	1	0	0	0	0	0	0	0	0	
0.883	0.259259	-1.35769	0.0967742	3.85715	0.933181	0.373272	1	0	0	0	0	0	0	0	0	
0.884	0.259259	-1.35769	0.0967742	3.85715	0.933181	0.373272	1	0	0	0	0	0	0	0	0	
0.885	0.259259	-1.35769	0.0967742	3.85715	0.933181	0.373272	1	0	0	0	0	0	0	0	0	
0.886	0.259259	-1.35769	0.0967742	3.85715	0.933181	0.373272	1	0	0	0	0	0	0	0	0	
0.887	0.259259	-1.35769	0.0967742	3.85715	0.933181	0.373272	1	0	0	0	0	0	0	0	0	
0.888	0.259259	-1.35769	0.0967742	3.85715	0.933181	0.373272	1	0	0	0	0	0	0	0	0	
0.889	0.259259	-1.35769	0.0967742	3.85715	0.933181	0.373272	1	0	0	0	0	0	0	0	0	
0.89	0.259259	-1.35769	0.0967742	3.85715	0.933181	0.373272	1	0	0	0	0	0	0	0	0	
0.891	0.259259	-1.35769	0.0967742	3.85715	0.933181	0.373272	1	0	0	0	0	0	0	0	0	
0.892	0.259259	-1.35769	0.0967742	3.85715	0.933181	0.373272	1	0	0	0	0	0	0	0	0	
0.893	0.259259	-1.35769	0.0967742	3.85715	0.933181	0.373272	1	0	0	0	0	0	0	0	0	
0.894	0.259259	-1.35769	0.0967742	3.85715	0.933181	0.373272	1	0	0	0	0	0	0	0	0	
0.895	0.259259	-1.35769	0.0967742	3.85715	0.933181	0.373272	1	0	0	0	0	0	0	0	0	
0.896	0.259259	-1.35769	0.0967742	3.85715	0.933181	0.373272	1	0	0	0	0	0	0	0	0	
0.897	0.259259	-1.35769	0.0967742	3.85715	0.933181	0.373272	1	0	0	0	0	0	0	0	0	
0.898	0.259259	-1.35769	0.0967742	3.85715	0.933181	0.373272	1	0	0	0	0	0	0	0	0	
0.899	0.259259	-1.35769	0.0967742	3.85715	0.933181	0.373272	1	0	0	0	0	0	0	0	0	
0.9	0.259259	-1.35769	0.0967742	3.85715	0.933181	0.373272	1	0	0	0	0	0	0	0	0	
0.901	0.259259	-1.35769	0.0967742	3.85715	0.933181	0.373272	1	0	0	0	0	0	0	0	0	
0.902	0.259259	-1.35769	0.0967742	3.85715	0.933181	0.373272	1	0	0	0	0	0	0	0	0	
0.903	0.259259	-1.35769	0.0967742	3.85715	0.933181	0.373272	1	0	0	0	0	0	0	0	0	
0.904	0.259259	-1.35769	0.0967742	3.85715	0.933181	0.373272	1	0	0	0	0	0	0	0	0	
0.905	0.259259	-1.35769	0.0967742	3.85715	0.933181	0.373272	1	0	0	0	0	0	0	0	0	
0.906	0.259259	-1.35769	0.0967742	3.85715	0.933181	0.373272	1	0	0	0	0	0	0	0	0	
0.907	0.259259	-1.35769	0.0967742	3.85715	0.933181	0.373272	1	0	0	0	0	0	0	0	0	
0.908	0.259259	-1.35769	0.0967742	3.85715	0.933181	0.373272	1	0	0	0	0	0	0	0	0	
0.909	0.259259	-1.35769	0.0967742	3.85715	0.933181	0.373272	1	0	0	0	0	0	0	0	0	
0.91	0.259259	-1.35769	0.0967742	3.85715	0.933181	0.373272	1	0	0	0	0	0	0	0	0	
0.911	0.259259	-1.35769	0.0967742	3.85715	0.933181	0.373272	1	0	0	0	0	0	0	0	0	
0.912	0.259259	-1.35769	0.0967742	3.85715	0.933181	0.373272	1	0	0	0	0	0	0	0	0	
0.913	0.259259	-1.35769	0.0967742	3.85715	0.933181	0.373272	1	0	0	0	0	0	0	0	0	
0.914	0.259259	-1.35769	0.0967742	3.85715	0.933181	0.373272	1	0	0	0	0	0	0	0	0	
0.915	0.259259	-1.35769	0.0967742	3.85715	0.933181	0.373272	1	0	0	0	0	0	0	0	0	
0.916	0.259259	-1.35769	0.0967742	3.85715	0.933181	0.373272	1	0	0	0	0	0	0	0	0	
0.917	0.259259	-1.35769	0.0967742	3.85715	0.933181	0.373272	1	0	0	0	0	0	0	0	0	
0.918	0.259259	-1.35769	0.0967742	3.85715	0.933181	0.373272	1	0	0	0	0	0	0	0	0	
0.919	0.259259	-1.35769	0.0967742	3.85715	0.933181	0.373272	1	0	0	0	0	0	0	0	0	
0.92	0.259259	-1.35769	0.0967742	3.85715	0.933181	0.373272	1	0	0	0	0	0	0	0	0	
0.921	0.259259	-1.35769	0.0967742	3.85715	0.933181	0.373272	1	0	0	0	0	0	0	0	0	
0.922	0.259259	-1.35769	0.0967742	3.85715	0.933181	0.373272	1	0	0	0	0	0	0	0	0	
0.923	0.259259	-1.35769	0.0967742	3.85715	0.933181	0.373272	1	0	0	0	0	0	0	0	0	
0.924	0.259259	-1.35769	0.0967742	3.85715	0.933181	0.373272	1	0	0	0	0	0	0	0	0	
0.925	0.259259	-1.35769	0.0967742	3.85715	0.933181	0.373272	1	0	0	0	0	0	0	0	0	
0.926	0.259259	-1.35769	0.0967742	3.85715	0.933181	0.373272	1	0	0	0	0	0	0	0	0	
0.927	0.259259	-1.35769	0.0967742	3.85715	0.933181	0.373272	1	0	0	0	0	0	0	0	0	
0.928	0.259259	-1.35769	0.0967742	3.85715	0.933181	0.373272	1	0	0	0	0	0	0	0	0	
0.929	0.259259	-1.35769	0.0967742	3.85715	0.933181	0.373272	1	0	0	0	0	0	0	0	0	
0.93	0.259259	-1.35769	0.0967742	3.85715	0.933181	0.373272	1	0	0	0	0	0	0	0	0	
0.931	0.259259	-1.35769	0.0967742	3.85715	0.933181	0.373272	1	0	0	0	0	0	0	0	0	
0.932	0.259259	-1.35769	0.0967742	3.85715	0.933181	0.373272	1	0	0	0	0	0	0	0	0	
0.933	0.259259	-1.35769	0.0967742	3.85715	0.933181	0.373272	1	0	0	0	0	0	0	0	0	
0.934	0.259259	-1.35769	0.0967742	3.85715	0.933181	0.373272	1	0	0	0	0	0	0	0	0	
0.935	0.259259	-1.35769	0.0967742	3.85715	0.933181	0.373272	1	0	0	0	0	0	0	0	0	
0.936	0.259259	-1.35769	0.0967742	3.85715	0.933181	0.373272	1	0	0	0	0	0	0	0	0	
0.937	0.259259	-1.35769	0.0967742	3.85715	0.933181	0.373272	1	0	0	0	0	0	0	0	0	
0.938	0.259259	-1.35769	0.0967742	3.85715	0.933181	0.373272	1	0	0	0	0	0	0	0	0	
0.939	0.259259	-1.35769	0.0967742	3.85715	0.933181	0.373272	1	0	0	0	0	0	0	0	0	
0.94	0.259259	-1.35769	0.0967742	3.85715	0.933181	0.373272	1	0	0	0	0	0	0	0	0	
0.941	0.259259	-1.35769	0.0967742	3.85715	0.933181	0.373272	1	0	0	0	0	0	0	0	0	
0.942	0.259259	-1.35769	0.0967742	3.85715	0.933181	0.373272	1	0	0	0	0	0	0	0	0	
0.943	0.259259	-1.35769	0.0967742	3.85715	0.933181	0.373272	1	0	0	0	0	0	0	0	0	
0.944	0.259259	-1.35769	0.0967742	3.85715	0.933181	0.373272	1	0	0	0	0	0	0	0	0	
0.945	0.259259	-1.35769	0.0967742	3.85715	0.933181	0.373272	1	0	0	0	0	0	0	0	0	
0.946	0.259259	-1.35769	0.0967742	3.85715	0.933181	0.373272	1	0	0	0	0	0	0	0	0	
0.947	0.259259	-1.35769	0.0967742	3.85715	0.933181	0.373272	1	0	0	0	0	0	0	0	0	
0.948	0.259259	-1.35769	0.0967742	3.85715	0.933181	0.373272	1	0	0	0	0	0	0	0	0	
0.949	0.259259	-1.35769	0.0967742	3.85715	0.933181	0.373272	1	0	0	0	0	0	0	0	0	
0.95	0.259259	-1.35769	0.0967742	3.85715	0.933181	0.373272	1	0	0	0	0	0	0	0	0	
0.951	0.259259	-1.35769	0.0967742	3.85715	0.933181	0.373272	1	0	0	0	0	0	0	0	0	
0.952	0.259259	-1.35769	0.0967742	3.85715	0.933181	0.373272	1	0	0	0	0	0	0	0	0	
0.953	0.259259	-1.35769	0.0967742	3.85715	0.933181	0.373272	1	0	0	0	0	0	0	0	0	
0.954	0.259259	-1.35769	0.0967742	3.85715	0.933181	0.373272	1	0	0	0	0	0	0	0	0	
0.955	0.259259	-1.35769	0.0967742	3.85715	0.933181	0.373272	1	0	0	0	0	0	0	0	0	
0.956	0.259259	-1.35769	0.0967742	3.85715	0.933181	0.373272	1	0	0	0	0	0	0	0	0	
0.957	0.259259	-1.35769	0.0967742	3.85715	0.933181	0.373272	1	0	0	0	0	0	0	0	0	
0.958	0.259259	-1.35769	0.0967742	3.85715	0.933181	0.373272	1	0	0	0	0	0	0	0	0	
0.959	0.259259	-1.35769	0.0967742	3.85715	0.933181	0.373272	1	0	0	0	0	0	0	0	0	
0.96	0.259259	-1.35769	0.0967742	3.85715	0.933181	0.373272	1	0	0	0	0	0	0	0	0	
0.961	0.259259	-1.35769	0.0967742	3.85715	0.933181	0.373272	1	0	0	0	0	0	0	0	0	
0.962	0.259259	-1.35769	0.0967742	3.85715	0.933181	0.373272	1	0	0	0	0	0	0	0	0	
0.963	0.259259	-1.35769	0.0967742	3.85715	0.933181	0.373272	1	0	0	0	0	0	0	0	0	
0.964	0.259259	-1.35769	0.0967742	3.85715	0.933181	0.373272	1	0	0	0	0	0	0	0	0	
0.965	0.259259	-1.35769	0.0967742	3.85715	0.933181	0.373272	1	0	0	0	0	0	0	0	0	
0.966	0.259259	-1.35769	0.0967742	3.85715	0.933181	0.373272	1	0	0	0	0	0	0	0	0	
0.967	0.259259	-1.35769	0.0967742	3.85715	0.933181	0.373272	1	0	0	0	0	0	0	0	0	
0.968	0.259259	-1.35769	0.0967742	3.85715	0.933181	0.373272	1	0	0	0	0	0	0	0	0	
0.969	0.259259	-1.35769	0.0967742	3.85715	0.933181	0.373272	1	0	0	0	0	0	0	0	0	
0.97	0.259259	-1.35769	0.0967742	3.85715	0.933181	0.373272	1	0	0	0	0	0	0	0	0	
0.971	0.259259	-1.35769	0.0967742	3.85715	0.933181	0.373272	1	0	0	0	0	0	0	0	0	
0.972	0.259259	-1.35769	0.0967742	3.85715	0.933181	0.373272	1	0	0	0	0	0	0	0	0	
0.973	0.259259	-1.35769	0.0967742	3.85715	0.933181	0.373272	1	0	0	0	0	0	0	0	0	
0.974	0.259259	-1.35769	0.0967742	3.85715	0.933181	0.373272	1	0	0	0	0	0	0	0	0	
0.975	0.259259	-1.35769	0.0967742	3.85715	0.933181	0.373272	1	0	0	0	0	0	0	0	0	
0.976	0.259259	-1.35769	0.0967742	3.85715	0.933181	0.373272	1	0	0	0	0	0	0	0	0	
0.977	0.259259	-1.35769	0.0967742	3.85715	0.933181	0.373272	1	0	0	0	0	0	0	0	0	
0.978	0.259259	-1.35769	0.0967742	3.85715	0.933181	0.373272	1	0	0	0	0	0	0	0	0	
0.979	0.259259	-1.35769	0.0967742	3.85715	0.933181	0.373272	1	0	0	0	0	0	0	0	0	
0.98	0.259259	-1.35769	0.0967742	3.85715	0.933181	0.373272	1	0	0	0	0	0	0	0	0	
0.981	0.259259	-1.35769	0.0967742	3.85715	0.933181	0.373272	1	0	0	0	0	0	0	0	0	
0.982	0.259259	-1.35769	0.0967742	3.85715	0.933181	0.373272	1	0	0	0	0	0	0	0	0	
0.983	0.259259	-1.35769	0.0967742	3.85715	0.933181	0.373272	1	0	0	0	0	0	0	0	0	
0.984	0.259259	-1.35769	0.0967742	3.85715	0.933181	0.373272	1	0	0	0	0	0	0	0	0	
0.985	0.259259	-1.35769	0.0967742	3.85715	0.933181	0.373272	1	0	0	0	0	0	0	0	0	
0.986	0.259259	-1.35769	0.0967742	3.85715	0.933181	0.373272	1	0	0	0	0	0	0	0	0	
0.987	0.259259	-1.35769	0.0967742	3.85715	0.933181	0.373272	1	0	0	0	0	0	0	0	0	
0.988	0.259259	-1.35769	0.0967742	3.85715	0.933181	0.373272	1	0	0	0	0	0	0	0	0	
0.989	0.259259	-1.35769	0.0967742	3.85715	0.933181	0.373272	1	0	0	0	0	0	0	0	0	
0.99	0.259259	-1.35769	0.0967742	3.85715	0.933181	0.373272	1	0	0	0	0	0	0	0	0	
0.991	0.259259	-1.35769	0.0967742	3.85715	0.933181	0.373272	1	0	0	0	0	0	0	0	0	
0.992	0.259259	-1.35769	0.0967742	3.85715	0.933181	0.373272	1	0	0	0	0	0	0	0	0	
0.993	0.259259	-1.35769	0.0967742	3.85715	0.933181	0.373272	1	0	0	0	0	0	0	0	0	
0.994	0.259259	-1.35769	0.0967742	3.85715	0.933181	0.373272	1	0	0	0	0	0	0	0	0	
0.995	0.259259	-1.35769	0.0967742	3.85715	0.933181	0.373272	1	0	0	0	0	0	0	0	0	
0.996	0.259259	-1.35769	0.0967742	3.85715	0.933181	0.373272	1	0	0	0	0	0	0	0	0	
0.997	0.259259	-1.35769	0.0967742	3.85715	0.933181	0.373272	1	0	0	0	0	0	0	0	0	
0.998	0.259259	-1.35769	0.0967742	3.85715	0.933181	0.373272	1	0	0	0	0	0	0	0	0	
0.999	0.259259	-1.35769	0.0967742	3.85715	0.933181	0.373272	1	0	0	0	0	0	0	0	0	
1	0.259259	-1.35769	0.0967742	3.85715	0.933181	0.373272	1	0	0	0	0	0	0	0	0	
