|||||||||||||||||||||||||||||||||***SIMULATION: detonation***||||||||||||||||||||||||||||||||||
Sanpshot time = 0.95. Timestep = 2076. Run time = 3 seconds
No. of cells = 1000
#Position	 Density	 Velocity	 Pressure	 Specific_Volume I_Energy	 Temperature	 Species
-0.001	0.9005	-0.000562157	1.10616	1.11049	3.07095	0	0.842628	0	0	0	0	0	0	0	0	
0	0.899685	-0.000188865	1.10616	1.1115	3.07375	0	0.841827	0	0	0	0	0	0	0	0	
0.001	0.899685	0.000188865	1.10616	1.1115	3.07375	1.2295	0.841827	0	0	0	0	0	0	0	0	
0.002	0.9005	0.000562157	1.10616	1.11049	3.07095	1.22838	0.842628	0	0	0	0	0	0	0	0	
0.003	0.894903	0.000960879	1.10617	1.11744	3.09021	1.23608	0.837099	0	0	0	0	0	0	0	0	
0.004	0.907657	0.00131486	1.10611	1.10174	3.0466	1.21864	0.849539	0	0	0	0	0	0	0	0	
0.005	0.886004	0.00174361	1.10619	1.12866	3.12129	1.24851	0.82805	0	0	0	0	0	0	0	0	
0.006	0.892624	0.00219662	1.10615	1.12029	3.09803	1.23921	0.83482	0	0	0	0	0	0	0	0	
0.007	0.898557	0.0026073	1.10609	1.1129	3.07741	1.23096	0.840756	0	0	0	0	0	0	0	0	
0.008	0.897516	0.00300309	1.10606	1.11419	3.08089	1.23236	0.839756	0	0	0	0	0	0	0	0	
0.009	0.904129	0.00336708	1.10599	1.10604	3.05817	1.22327	0.846231	0	0	0	0	0	0	0	0	
0.01	0.906121	0.00370274	1.10594	1.10361	3.0513	1.22052	0.848182	0	0	0	0	0	0	0	0	
0.011	0.905011	0.00403502	1.1059	1.10496	3.05493	1.22197	0.847145	0	0	0	0	0	0	0	0	
0.012	0.910068	0.00434645	1.10583	1.09882	3.03777	1.21511	0.851986	0	0	0	0	0	0	0	0	
0.013	0.908575	0.00465111	1.10579	1.10062	3.04264	1.21706	0.850602	0	0	0	0	0	0	0	0	
0.014	0.906246	0.00496812	1.10575	1.10345	3.05035	1.22014	0.848414	0	0	0	0	0	0	0	0	
0.015	0.909448	0.00527753	1.10568	1.09957	3.03943	1.21577	0.851491	0	0	0	0	0	0	0	0	
0.016	0.90843	0.0055839	1.10563	1.1008	3.04269	1.21707	0.850559	0	0	0	0	0	0	0	0	
0.017	0.906527	0.00590036	1.10558	1.10311	3.04893	1.21957	0.848782	0	0	0	0	0	0	0	0	
0.018	0.90756	0.00621761	1.10551	1.10186	3.04529	1.21811	0.849807	0	0	0	0	0	0	0	0	
0.019	0.907348	0.0065339	1.10545	1.10211	3.04582	1.21833	0.849646	0	0	0	0	0	0	0	0	
0.02	0.907277	0.00685083	1.10538	1.1022	3.04588	1.21835	0.84962	0	0	0	0	0	0	0	0	
0.021	0.907795	0.00716573	1.10531	1.10157	3.04394	1.21758	0.850163	0	0	0	0	0	0	0	0	
0.022	0.907526	0.00748053	1.10524	1.1019	3.04464	1.21786	0.849966	0	0	0	0	0	0	0	0	
0.023	0.908416	0.00779196	1.10516	1.10082	3.04144	1.21658	0.850887	0	0	0	0	0	0	0	0	
0.024	0.90916	0.00809791	1.10508	1.09992	3.03873	1.21549	0.85169	0	0	0	0	0	0	0	0	
0.025	0.908845	0.008403	1.105	1.1003	3.03956	1.21582	0.85151	0	0	0	0	0	0	0	0	
0.026	0.909702	0.00870494	1.10491	1.09926	3.03646	1.21458	0.852451	0	0	0	0	0	0	0	0	
0.027	0.910601	0.00900096	1.10482	1.09818	3.03321	1.21329	0.853439	0	0	0	0	0	0	0	0	
0.028	0.910462	0.00929504	1.10473	1.09834	3.03344	1.21337	0.853456	0	0	0	0	0	0	0	0	
0.029	0.910667	0.00958835	1.10464	1.0981	3.0325	1.213	0.853798	0	0	0	0	0	0	0	0	
0.03	0.911176	0.00987914	1.10455	1.09748	3.03055	1.21222	0.854429	0	0	0	0	0	0	0	0	
0.031	0.911546	0.0101671	1.10445	1.09704	3.02905	1.21162	0.854931	0	0	0	0	0	0	0	0	
0.032	0.912146	0.0104517	1.10435	1.09632	3.02679	1.21072	0.855647	0	0	0	0	0	0	0	0	
0.033	0.912766	0.0107321	1.10425	1.09557	3.02446	1.20978	0.856383	0	0	0	0	0	0	0	0	
0.034	0.913334	0.0110086	1.10414	1.09489	3.02229	1.20892	0.857069	0	0	0	0	0	0	0	0	
0.035	0.91401	0.0112809	1.10404	1.09408	3.01977	1.20791	0.857856	0	0	0	0	0	0	0	0	
0.036	0.914561	0.0115492	1.10393	1.09342	3.01765	1.20706	0.858526	0	0	0	0	0	0	0	0	
0.037	0.915118	0.011814	1.10382	1.09276	3.01552	1.20621	0.859201	0	0	0	0	0	0	0	0	
0.038	0.915826	0.0120745	1.10371	1.09191	3.01288	1.20515	0.860016	0	0	0	0	0	0	0	0	
0.039	0.916438	0.0123311	1.1036	1.09118	3.01056	1.20422	0.86074	0	0	0	0	0	0	0	0	
0.04	0.917152	0.0125833	1.10348	1.09033	3.0079	1.20316	0.861557	0	0	0	0	0	0	0	0	
0.041	0.918075	0.0128303	1.10336	1.08924	3.00456	1.20182	0.862562	0	0	0	0	0	0	0	0	
0.042	0.918776	0.0130726	1.10324	1.0884	3.00194	1.20078	0.863366	0	0	0	0	0	0	0	0	
0.043	0.919225	0.0133114	1.10313	1.08787	3.00015	1.20006	0.863939	0	0	0	0	0	0	0	0	
0.044	0.919642	0.0135478	1.10301	1.08738	2.99846	1.19939	0.864483	0	0	0	0	0	0	0	0	
0.045	0.919937	0.0137824	1.10288	1.08703	2.99717	1.19887	0.864918	0	0	0	0	0	0	0	0	
0.046	0.91996	0.0140165	1.10276	1.087	2.99677	1.19871	0.865109	0	0	0	0	0	0	0	0	
0.047	0.919909	0.0142511	1.10264	1.08706	2.9966	1.19864	0.865234	0	0	0	0	0	0	0	0	
0.048	0.920229	0.0144851	1.10252	1.08669	2.99522	1.19809	0.865693	0	0	0	0	0	0	0	0	
0.049	0.921048	0.0147158	1.10239	1.08572	2.99221	1.19688	0.8666	0	0	0	0	0	0	0	0	
0.05	0.922064	0.0149413	1.10226	1.08452	2.98856	1.19542	0.867681	0	0	0	0	0	0	0	0	
0.051	0.922967	0.0151613	1.10213	1.08346	2.98528	1.19411	0.86866	0	0	0	0	0	0	0	0	
0.052	0.923635	0.015377	1.10199	1.08268	2.98277	1.19311	0.869427	0	0	0	0	0	0	0	0	
0.053	0.924071	0.0155898	1.10186	1.08217	2.981	1.1924	0.869989	0	0	0	0	0	0	0	0	
0.054	0.924379	0.0158008	1.10173	1.08181	2.97965	1.19186	0.870437	0	0	0	0	0	0	0	0	
0.055	0.924661	0.0160105	1.1016	1.08148	2.97838	1.19135	0.870862	0	0	0	0	0	0	0	0	
0.056	0.924949	0.016219	1.10146	1.08114	2.97709	1.19084	0.871292	0	0	0	0	0	0	0	0	
0.057	0.92527	0.0164261	1.10133	1.08077	2.97569	1.19028	0.871751	0	0	0	0	0	0	0	0	
0.058	0.925643	0.0166317	1.10119	1.08033	2.97413	1.18965	0.872256	0	0	0	0	0	0	0	0	
0.059	0.926047	0.0168354	1.10105	1.07986	2.97246	1.18898	0.872788	0	0	0	0	0	0	0	0	
0.06	0.92648	0.0170372	1.10092	1.07935	2.97069	1.18828	0.873345	0	0	0	0	0	0	0	0	
0.061	0.926949	0.0172367	1.10078	1.07881	2.96882	1.18753	0.873933	0	0	0	0	0	0	0	0	
0.062	0.927432	0.017434	1.10064	1.07825	2.96689	1.18676	0.874534	0	0	0	0	0	0	0	0	
0.063	0.927915	0.0176289	1.10049	1.07768	2.96496	1.18598	0.875133	0	0	0	0	0	0	0	0	
0.064	0.928395	0.0178216	1.10035	1.07713	2.96305	1.18522	0.875729	0	0	0	0	0	0	0	0	
0.065	0.928858	0.018012	1.10021	1.07659	2.96118	1.18447	0.87631	0	0	0	0	0	0	0	0	
0.066	0.929303	0.0182002	1.10006	1.07608	2.95938	1.18375	0.876875	0	0	0	0	0	0	0	0	
0.067	0.929742	0.0183865	1.09992	1.07557	2.95759	1.18304	0.877434	0	0	0	0	0	0	0	0	
0.068	0.930179	0.0185707	1.09977	1.07506	2.95581	1.18232	0.877992	0	0	0	0	0	0	0	0	
0.069	0.930608	0.0187529	1.09963	1.07457	2.95406	1.18162	0.878542	0	0	0	0	0	0	0	0	
0.07	0.930973	0.0189335	1.09948	1.07415	2.95251	1.181	0.879037	0	0	0	0	0	0	0	0	
0.071	0.931172	0.019113	1.09933	1.07392	2.95148	1.18059	0.879391	0	0	0	0	0	0	0	0	
0.072	0.931197	0.0192924	1.09919	1.07389	2.95101	1.1804	0.879597	0	0	0	0	0	0	0	0	
0.073	0.931238	0.0194721	1.09904	1.07384	2.95048	1.18019	0.879816	0	0	0	0	0	0	0	0	
0.074	0.931578	0.0196511	1.09889	1.07345	2.949	1.1796	0.880288	0	0	0	0	0	0	0	0	
0.075	0.932346	0.0198274	1.09874	1.07256	2.94617	1.17847	0.881121	0	0	0	0	0	0	0	0	
0.076	0.933412	0.0199992	1.09858	1.07134	2.94239	1.17696	0.882203	0	0	0	0	0	0	0	0	
0.077	0.934503	0.0201657	1.09843	1.07009	2.93854	1.17542	0.883304	0	0	0	0	0	0	0	0	
0.078	0.935402	0.0203274	1.09827	1.06906	2.9353	1.17412	0.884242	0	0	0	0	0	0	0	0	
0.079	0.936045	0.0204856	1.09812	1.06832	2.93287	1.17315	0.884966	0	0	0	0	0	0	0	0	
0.08	0.93649	0.0206414	1.09796	1.06782	2.93106	1.17243	0.885524	0	0	0	0	0	0	0	0	
0.081	0.936842	0.0207955	1.09781	1.06742	2.92955	1.17182	0.886003	0	0	0	0	0	0	0	0	
0.082	0.937179	0.0209484	1.09765	1.06703	2.92808	1.17123	0.886469	0	0	0	0	0	0	0	0	
0.083	0.93753	0.0211	1.0975	1.06663	2.92657	1.17063	0.886946	0	0	0	0	0	0	0	0	
0.084	0.937892	0.0212502	1.09734	1.06622	2.92502	1.17001	0.887432	0	0	0	0	0	0	0	0	
0.085	0.938259	0.021399	1.09718	1.0658	2.92346	1.16938	0.887921	0	0	0	0	0	0	0	0	
0.086	0.938623	0.0215465	1.09703	1.06539	2.9219	1.16876	0.888408	0	0	0	0	0	0	0	0	
0.087	0.938986	0.0216925	1.09687	1.06498	2.92035	1.16814	0.888893	0	0	0	0	0	0	0	0	
0.088	0.939356	0.0218372	1.09671	1.06456	2.91878	1.16751	0.889384	0	0	0	0	0	0	0	0	
0.089	0.939737	0.0219804	1.09655	1.06413	2.91717	1.16687	0.889883	0	0	0	0	0	0	0	0	
0.09	0.94013	0.022122	1.09639	1.06368	2.91553	1.16621	0.890391	0	0	0	0	0	0	0	0	
0.091	0.940539	0.0222621	1.09623	1.06322	2.91383	1.16553	0.890912	0	0	0	0	0	0	0	0	
0.092	0.94096	0.0224004	1.09607	1.06274	2.9121	1.16484	0.891441	0	0	0	0	0	0	0	0	
0.093	0.941386	0.022537	1.09591	1.06226	2.91036	1.16414	0.891973	0	0	0	0	0	0	0	0	
0.094	0.941797	0.0226719	1.09575	1.0618	2.90866	1.16346	0.892493	0	0	0	0	0	0	0	0	
0.095	0.942141	0.0228052	1.09558	1.06141	2.90717	1.16287	0.892959	0	0	0	0	0	0	0	0	
0.096	0.942341	0.0229376	1.09542	1.06119	2.90612	1.16245	0.89331	0	0	0	0	0	0	0	0	
0.097	0.942391	0.0230696	1.09526	1.06113	2.90554	1.16222	0.893541	0	0	0	0	0	0	0	0	
0.098	0.94242	0.0232016	1.0951	1.0611	2.90503	1.16201	0.893755	0	0	0	0	0	0	0	0	
0.099	0.942632	0.0233331	1.09494	1.06086	2.90395	1.16158	0.894113	0	0	0	0	0	0	0	0	
0.1	0.943155	0.023463	1.09478	1.06027	2.90191	1.16076	0.894716	0	0	0	0	0	0	0	0	
0.101	0.943942	0.02359	1.09462	1.05939	2.89906	1.15962	0.895527	0	0	0	0	0	0	0	0	
0.102	0.944818	0.0237133	1.09445	1.0584	2.89594	1.15838	0.896406	0	0	0	0	0	0	0	0	
0.103	0.945599	0.0238329	1.09429	1.05753	2.89312	1.15725	0.897208	0	0	0	0	0	0	0	0	
0.104	0.946183	0.0239496	1.09413	1.05688	2.8909	1.15636	0.897856	0	0	0	0	0	0	0	0	
0.105	0.946574	0.0240643	1.09397	1.05644	2.88928	1.15571	0.898352	0	0	0	0	0	0	0	0	
0.106	0.94684	0.0241776	1.09381	1.05614	2.88804	1.15522	0.898751	0	0	0	0	0	0	0	0	
0.107	0.947064	0.02429	1.09365	1.0559	2.88694	1.15478	0.899115	0	0	0	0	0	0	0	0	
0.108	0.947305	0.0244016	1.09349	1.05563	2.88578	1.15431	0.899492	0	0	0	0	0	0	0	0	
0.109	0.947598	0.0245121	1.09332	1.0553	2.88446	1.15379	0.899908	0	0	0	0	0	0	0	0	
0.11	0.947949	0.0246216	1.09316	1.05491	2.88297	1.15319	0.900368	0	0	0	0	0	0	0	0	
0.111	0.948346	0.0247296	1.093	1.05447	2.88134	1.15254	0.900862	0	0	0	0	0	0	0	0	
0.112	0.948766	0.0248362	1.09284	1.054	2.87964	1.15186	0.901372	0	0	0	0	0	0	0	0	
0.113	0.949182	0.0249413	1.09268	1.05354	2.87796	1.15118	0.901879	0	0	0	0	0	0	0	0	
0.114	0.949569	0.0250451	1.09252	1.05311	2.87636	1.15054	0.902364	0	0	0	0	0	0	0	0	
0.115	0.94991	0.0251478	1.09236	1.05273	2.8749	1.14996	0.902812	0	0	0	0	0	0	0	0	
0.116	0.950201	0.0252496	1.0922	1.05241	2.8736	1.14944	0.903223	0	0	0	0	0	0	0	0	
0.117	0.950456	0.0253507	1.09204	1.05213	2.8724	1.14896	0.903606	0	0	0	0	0	0	0	0	
0.118	0.950695	0.0254512	1.09188	1.05186	2.87125	1.1485	0.903978	0	0	0	0	0	0	0	0	
0.119	0.950935	0.0255514	1.09171	1.0516	2.87011	1.14804	0.904349	0	0	0	0	0	0	0	0	
0.12	0.951173	0.025651	1.09155	1.05133	2.86896	1.14758	0.904719	0	0	0	0	0	0	0	0	
0.121	0.951407	0.0257503	1.09139	1.05107	2.86783	1.14713	0.905085	0	0	0	0	0	0	0	0	
0.122	0.951649	0.0258492	1.09123	1.05081	2.86667	1.14667	0.905456	0	0	0	0	0	0	0	0	
0.123	0.951936	0.0259475	1.09106	1.05049	2.86538	1.14615	0.905861	0	0	0	0	0	0	0	0	
0.124	0.952319	0.0260451	1.0909	1.05007	2.8638	1.14552	0.906336	0	0	0	0	0	0	0	0	
0.125	0.952818	0.0261414	1.09074	1.04952	2.86187	1.14475	0.906896	0	0	0	0	0	0	0	0	
0.126	0.953399	0.026236	1.09057	1.04888	2.85969	1.14388	0.907515	0	0	0	0	0	0	0	0	
0.127	0.953988	0.0263289	1.09041	1.04823	2.85749	1.143	0.908139	0	0	0	0	0	0	0	0	
0.128	0.954507	0.02642	1.09024	1.04766	2.85551	1.1422	0.90871	0	0	0	0	0	0	0	0	
0.129	0.954914	0.0265099	1.09008	1.04721	2.85386	1.14154	0.9092	0	0	0	0	0	0	0	0	
0.13	0.955216	0.0265988	1.08991	1.04688	2.85253	1.14101	0.909611	0	0	0	0	0	0	0	0	
0.131	0.955451	0.0266872	1.08975	1.04663	2.8514	1.14056	0.909974	0	0	0	0	0	0	0	0	
0.132	0.955667	0.0267751	1.08958	1.04639	2.85032	1.14013	0.910322	0	0	0	0	0	0	0	0	
0.133	0.955899	0.0268625	1.08942	1.04614	2.8492	1.13968	0.910682	0	0	0	0	0	0	0	0	
0.134	0.956166	0.0269493	1.08926	1.04584	2.84798	1.13919	0.911066	0	0	0	0	0	0	0	0	
0.135	0.956466	0.0270354	1.08909	1.04552	2.84666	1.13866	0.911472	0	0	0	0	0	0	0	0	
0.136	0.956786	0.0271206	1.08893	1.04517	2.84528	1.13811	0.911893	0	0	0	0	0	0	0	0	
0.137	0.957106	0.0272049	1.08876	1.04482	2.8439	1.13756	0.912313	0	0	0	0	0	0	0	0	
0.138	0.957408	0.0272884	1.0886	1.04449	2.84257	1.13703	0.912719	0	0	0	0	0	0	0	0	
0.139	0.957688	0.0273711	1.08844	1.04418	2.84132	1.13653	0.913109	0	0	0	0	0	0	0	0	
0.14	0.957954	0.027453	1.08828	1.04389	2.84011	1.13604	0.913488	0	0	0	0	0	0	0	0	
0.141	0.958224	0.0275341	1.08811	1.0436	2.83888	1.13555	0.913869	0	0	0	0	0	0	0	0	
0.142	0.958514	0.0276146	1.08795	1.04328	2.8376	1.13504	0.914264	0	0	0	0	0	0	0	0	
0.143	0.958827	0.0276941	1.08779	1.04294	2.83626	1.1345	0.914674	0	0	0	0	0	0	0	0	
0.144	0.959141	0.0277728	1.08763	1.0426	2.83491	1.13396	0.915085	0	0	0	0	0	0	0	0	
0.145	0.95943	0.0278506	1.08747	1.04229	2.83364	1.13345	0.915476	0	0	0	0	0	0	0	0	
0.146	0.959677	0.0279278	1.08731	1.04202	2.83249	1.133	0.915839	0	0	0	0	0	0	0	0	
0.147	0.9599	0.0280044	1.08715	1.04177	2.83142	1.13257	0.916183	0	0	0	0	0	0	0	0	
0.148	0.960139	0.0280804	1.08699	1.04152	2.8303	1.13212	0.916538	0	0	0	0	0	0	0	0	
0.149	0.960429	0.0281557	1.08683	1.0412	2.82903	1.13161	0.916928	0	0	0	0	0	0	0	0	
0.15	0.960784	0.0282301	1.08667	1.04082	2.82757	1.13103	0.917361	0	0	0	0	0	0	0	0	
0.151	0.961189	0.0283034	1.08651	1.04038	2.82597	1.13039	0.917828	0	0	0	0	0	0	0	0	
0.152	0.961609	0.0283755	1.08636	1.03992	2.82432	1.12973	0.918304	0	0	0	0	0	0	0	0	
0.153	0.962008	0.0284463	1.0862	1.03949	2.82274	1.1291	0.918765	0	0	0	0	0	0	0	0	
0.154	0.962356	0.0285162	1.08604	1.03912	2.82131	1.12852	0.91919	0	0	0	0	0	0	0	0	
0.155	0.962648	0.0285851	1.08588	1.0388	2.82004	1.12802	0.919577	0	0	0	0	0	0	0	0	
0.156	0.962896	0.0286533	1.08573	1.03853	2.81891	1.12757	0.919932	0	0	0	0	0	0	0	0	
0.157	0.963126	0.0287209	1.08557	1.03829	2.81784	1.12713	0.920275	0	0	0	0	0	0	0	0	
0.158	0.963365	0.028788	1.08542	1.03803	2.81673	1.12669	0.920623	0	0	0	0	0	0	0	0	
0.159	0.963629	0.0288544	1.08526	1.03774	2.81556	1.12622	0.920987	0	0	0	0	0	0	0	0	
0.16	0.963915	0.0289201	1.08511	1.03744	2.81432	1.12573	0.921365	0	0	0	0	0	0	0	0	
0.161	0.964206	0.0289851	1.08495	1.03712	2.81307	1.12523	0.921746	0	0	0	0	0	0	0	0	
0.162	0.964487	0.0290494	1.0848	1.03682	2.81185	1.12474	0.92212	0	0	0	0	0	0	0	0	
0.163	0.96475	0.0291131	1.08464	1.03654	2.81069	1.12428	0.922481	0	0	0	0	0	0	0	0	
0.164	0.965002	0.0291762	1.08449	1.03627	2.80956	1.12382	0.922833	0	0	0	0	0	0	0	0	
0.165	0.965255	0.0292388	1.08434	1.036	2.80843	1.12337	0.923186	0	0	0	0	0	0	0	0	
0.166	0.96552	0.0293009	1.08419	1.03571	2.80726	1.1229	0.923547	0	0	0	0	0	0	0	0	
0.167	0.965801	0.0293626	1.08403	1.03541	2.80604	1.12242	0.923917	0	0	0	0	0	0	0	0	
0.168	0.966091	0.0294237	1.08388	1.0351	2.80481	1.12192	0.924292	0	0	0	0	0	0	0	0	
0.169	0.966381	0.0294843	1.08373	1.03479	2.80357	1.12143	0.924668	0	0	0	0	0	0	0	0	
0.17	0.96667	0.0295446	1.08357	1.03448	2.80234	1.12093	0.925041	0	0	0	0	0	0	0	0	
0.171	0.966961	0.0296044	1.08342	1.03417	2.8011	1.12044	0.925416	0	0	0	0	0	0	0	0	
0.172	0.967255	0.0296638	1.08327	1.03385	2.79985	1.11994	0.925792	0	0	0	0	0	0	0	0	
0.173	0.967546	0.029723	1.08311	1.03354	2.79861	1.11944	0.926165	0	0	0	0	0	0	0	0	
0.174	0.96782	0.0297818	1.08296	1.03325	2.79742	1.11897	0.926527	0	0	0	0	0	0	0	0	
0.175	0.968065	0.0298405	1.08281	1.03299	2.79632	1.11853	0.92687	0	0	0	0	0	0	0	0	
0.176	0.968281	0.0298991	1.08265	1.03276	2.79529	1.11812	0.927194	0	0	0	0	0	0	0	0	
0.177	0.96848	0.0299578	1.0825	1.03255	2.79432	1.11773	0.927507	0	0	0	0	0	0	0	0	
0.178	0.968677	0.0300165	1.08234	1.03234	2.79336	1.11734	0.927819	0	0	0	0	0	0	0	0	
0.179	0.968884	0.0300752	1.08219	1.03211	2.79236	1.11694	0.928136	0	0	0	0	0	0	0	0	
0.18	0.96911	0.0301338	1.08203	1.03187	2.79131	1.11652	0.928466	0	0	0	0	0	0	0	0	
0.181	0.969356	0.0301924	1.08188	1.03161	2.7902	1.11608	0.928807	0	0	0	0	0	0	0	0	
0.182	0.969621	0.0302508	1.08172	1.03133	2.78903	1.11561	0.92916	0	0	0	0	0	0	0	0	
0.183	0.969899	0.0303089	1.08157	1.03104	2.78783	1.11513	0.929521	0	0	0	0	0	0	0	0	
0.184	0.970185	0.0303666	1.08141	1.03073	2.78661	1.11464	0.929886	0	0	0	0	0	0	0	0	
0.185	0.970471	0.0304239	1.08125	1.03043	2.78538	1.11415	0.930251	0	0	0	0	0	0	0	0	
0.186	0.970749	0.0304808	1.0811	1.03013	2.78418	1.11367	0.93061	0	0	0	0	0	0	0	0	
0.187	0.971018	0.0305372	1.08094	1.02985	2.78301	1.1132	0.930963	0	0	0	0	0	0	0	0	
0.188	0.971275	0.0305932	1.08078	1.02957	2.78187	1.11275	0.931308	0	0	0	0	0	0	0	0	
0.189	0.971522	0.0306486	1.08063	1.02931	2.78076	1.1123	0.931646	0	0	0	0	0	0	0	0	
0.19	0.971758	0.0307035	1.08047	1.02906	2.77968	1.11187	0.931977	0	0	0	0	0	0	0	0	
0.191	0.971985	0.0307578	1.08032	1.02882	2.77863	1.11145	0.932302	0	0	0	0	0	0	0	0	
0.192	0.972204	0.0308115	1.08016	1.02859	2.77761	1.11104	0.932621	0	0	0	0	0	0	0	0	
0.193	0.972414	0.0308646	1.08001	1.02837	2.77661	1.11065	0.932934	0	0	0	0	0	0	0	0	
0.194	0.972615	0.0309171	1.07985	1.02816	2.77564	1.11026	0.933241	0	0	0	0	0	0	0	0	
0.195	0.972811	0.0309688	1.0797	1.02795	2.77469	1.10988	0.933545	0	0	0	0	0	0	0	0	
0.196	0.973014	0.0310198	1.07955	1.02773	2.77372	1.10949	0.933852	0	0	0	0	0	0	0	0	
0.197	0.973239	0.03107	1.0794	1.0275	2.77269	1.10908	0.934171	0	0	0	0	0	0	0	0	
0.198	0.973494	0.0311192	1.07925	1.02723	2.77158	1.10863	0.934507	0	0	0	0	0	0	0	0	
0.199	0.973773	0.0311675	1.0791	1.02693	2.7704	1.10816	0.934857	0	0	0	0	0	0	0	0	
0.2	0.974061	0.0312146	1.07895	1.02663	2.7692	1.10768	0.935211	0	0	0	0	0	0	0	0	
0.201	0.97434	0.0312607	1.0788	1.02634	2.76803	1.10721	0.935559	0	0	0	0	0	0	0	0	
0.202	0.9746	0.0313058	1.07865	1.02606	2.76692	1.10677	0.935894	0	0	0	0	0	0	0	0	
0.203	0.974837	0.03135	1.07851	1.02581	2.76587	1.10635	0.936215	0	0	0	0	0	0	0	0	
0.204	0.975055	0.0313935	1.07836	1.02558	2.76488	1.10595	0.936525	0	0	0	0	0	0	0	0	
0.205	0.975263	0.0314362	1.07822	1.02536	2.76392	1.10557	0.936828	0	0	0	0	0	0	0	0	
0.206	0.975469	0.0314782	1.07808	1.02515	2.76298	1.10519	0.937128	0	0	0	0	0	0	0	0	
0.207	0.975676	0.0315198	1.07794	1.02493	2.76202	1.10481	0.937429	0	0	0	0	0	0	0	0	
0.208	0.975887	0.0315609	1.07779	1.02471	2.76106	1.10443	0.937732	0	0	0	0	0	0	0	0	
0.209	0.976102	0.0316017	1.07765	1.02448	2.76009	1.10404	0.938036	0	0	0	0	0	0	0	0	
0.21	0.976321	0.0316421	1.07751	1.02425	2.75911	1.10365	0.938342	0	0	0	0	0	0	0	0	
0.211	0.976542	0.0316824	1.07737	1.02402	2.75813	1.10325	0.938649	0	0	0	0	0	0	0	0	
0.212	0.976763	0.0317226	1.07723	1.02379	2.75714	1.10286	0.938955	0	0	0	0	0	0	0	0	
0.213	0.976985	0.0317628	1.07709	1.02356	2.75616	1.10246	0.939261	0	0	0	0	0	0	0	0	
0.214	0.977205	0.031803	1.07695	1.02333	2.75518	1.10207	0.939566	0	0	0	0	0	0	0	0	
0.215	0.977425	0.0318434	1.07681	1.0231	2.7542	1.10168	0.93987	0	0	0	0	0	0	0	0	
0.216	0.977639	0.031884	1.07667	1.02287	2.75323	1.10129	0.940171	0	0	0	0	0	0	0	0	
0.217	0.977841	0.0319249	1.07652	1.02266	2.7523	1.10092	0.940465	0	0	0	0	0	0	0	0	
0.218	0.97802	0.0319661	1.07638	1.02247	2.75143	1.10057	0.940746	0	0	0	0	0	0	0	0	
0.219	0.978165	0.0320076	1.07624	1.02232	2.75066	1.10026	0.941008	0	0	0	0	0	0	0	0	
0.22	0.978279	0.0320497	1.0761	1.0222	2.74997	1.09999	0.941252	0	0	0	0	0	0	0	0	
0.221	0.978387	0.0320922	1.07595	1.02209	2.7493	1.09972	0.941493	0	0	0	0	0	0	0	0	
0.222	0.978533	0.032135	1.07581	1.02194	2.74853	1.09941	0.941754	0	0	0	0	0	0	0	0	
0.223	0.978755	0.032178	1.07567	1.02171	2.74754	1.09901	0.942057	0	0	0	0	0	0	0	0	
0.224	0.979067	0.0322207	1.07552	1.02138	2.7463	1.09852	0.942408	0	0	0	0	0	0	0	0	
0.225	0.979441	0.032263	1.07538	1.02099	2.74488	1.09795	0.942793	0	0	0	0	0	0	0	0	
0.226	0.979831	0.0323045	1.07523	1.02058	2.74342	1.09737	0.943186	0	0	0	0	0	0	0	0	
0.227	0.980186	0.0323453	1.07509	1.02021	2.74206	1.09682	0.94356	0	0	0	0	0	0	0	0	
0.228	0.980478	0.0323853	1.07495	1.01991	2.74088	1.09635	0.943898	0	0	0	0	0	0	0	0	
0.229	0.980703	0.0324247	1.07481	1.01968	2.73989	1.09596	0.9442	0	0	0	0	0	0	0	0	
0.23	0.980875	0.0324634	1.07467	1.0195	2.73905	1.09562	0.944472	0	0	0	0	0	0	0	0	
0.231	0.981016	0.0325015	1.07453	1.01935	2.7383	1.09532	0.944727	0	0	0	0	0	0	0	0	
0.232	0.98115	0.0325391	1.07439	1.01921	2.73757	1.09503	0.944977	0	0	0	0	0	0	0	0	
0.233	0.981291	0.0325761	1.07425	1.01907	2.73683	1.09473	0.945231	0	0	0	0	0	0	0	0	
0.234	0.981446	0.0326124	1.07411	1.0189	2.73604	1.09442	0.945491	0	0	0	0	0	0	0	0	
0.235	0.981618	0.032648	1.07398	1.01873	2.73522	1.09409	0.945759	0	0	0	0	0	0	0	0	
0.236	0.981803	0.032683	1.07384	1.01853	2.73436	1.09374	0.946034	0	0	0	0	0	0	0	0	
0.237	0.982001	0.0327173	1.07371	1.01833	2.73347	1.09339	0.946314	0	0	0	0	0	0	0	0	
0.238	0.982204	0.032751	1.07357	1.01812	2.73256	1.09303	0.946597	0	0	0	0	0	0	0	0	
0.239	0.982409	0.0327841	1.07344	1.01791	2.73166	1.09266	0.94688	0	0	0	0	0	0	0	0	
0.24	0.982614	0.0328169	1.07331	1.01769	2.73075	1.0923	0.947163	0	0	0	0	0	0	0	0	
0.241	0.982817	0.0328494	1.07318	1.01748	2.72985	1.09194	0.947444	0	0	0	0	0	0	0	0	
0.242	0.983014	0.0328817	1.07305	1.01728	2.72897	1.09159	0.947722	0	0	0	0	0	0	0	0	
0.243	0.983198	0.0329139	1.07291	1.01709	2.72813	1.09125	0.947992	0	0	0	0	0	0	0	0	
0.244	0.983359	0.0329463	1.07278	1.01692	2.72734	1.09094	0.948251	0	0	0	0	0	0	0	0	
0.245	0.983502	0.0329789	1.07265	1.01677	2.72661	1.09064	0.9485	0	0	0	0	0	0	0	0	
0.246	0.983643	0.0330118	1.07252	1.01663	2.72588	1.09035	0.948748	0	0	0	0	0	0	0	0	
0.247	0.983808	0.033045	1.07239	1.01646	2.72509	1.09004	0.949008	0	0	0	0	0	0	0	0	
0.248	0.984016	0.0330786	1.07225	1.01624	2.72418	1.08967	0.949289	0	0	0	0	0	0	0	0	
0.249	0.984263	0.0331123	1.07212	1.01599	2.72315	1.08926	0.949589	0	0	0	0	0	0	0	0	
0.25	0.984532	0.0331461	1.07198	1.01571	2.72207	1.08883	0.9499	0	0	0	0	0	0	0	0	
0.251	0.984796	0.03318	1.07185	1.01544	2.721	1.0884	0.950209	0	0	0	0	0	0	0	0	
0.252	0.985039	0.0332138	1.07172	1.01519	2.71998	1.08799	0.950506	0	0	0	0	0	0	0	0	
0.253	0.985252	0.0332477	1.07158	1.01497	2.71905	1.08762	0.950789	0	0	0	0	0	0	0	0	
0.254	0.98544	0.0332815	1.07144	1.01478	2.71819	1.08728	0.951059	0	0	0	0	0	0	0	0	
0.255	0.985609	0.0333153	1.07131	1.0146	2.71738	1.08695	0.951319	0	0	0	0	0	0	0	0	
0.256	0.985773	0.0333489	1.07117	1.01443	2.71658	1.08663	0.951576	0	0	0	0	0	0	0	0	
0.257	0.985941	0.0333824	1.07104	1.01426	2.71578	1.08631	0.951834	0	0	0	0	0	0	0	0	
0.258	0.986114	0.0334156	1.07091	1.01408	2.71496	1.08598	0.952094	0	0	0	0	0	0	0	0	
0.259	0.986291	0.0334484	1.07077	1.0139	2.71414	1.08565	0.952356	0	0	0	0	0	0	0	0	
0.26	0.986465	0.0334809	1.07064	1.01372	2.71332	1.08533	0.952616	0	0	0	0	0	0	0	0	
0.261	0.986639	0.033513	1.0705	1.01354	2.7125	1.085	0.952875	0	0	0	0	0	0	0	0	
0.262	0.986813	0.0335447	1.07037	1.01336	2.71169	1.08467	0.953135	0	0	0	0	0	0	0	0	
0.263	0.986989	0.0335761	1.07024	1.01318	2.71087	1.08435	0.953394	0	0	0	0	0	0	0	0	
0.264	0.987166	0.0336072	1.07011	1.013	2.71005	1.08402	0.953653	0	0	0	0	0	0	0	0	
0.265	0.987339	0.0336381	1.06998	1.01282	2.70924	1.0837	0.95391	0	0	0	0	0	0	0	0	
0.266	0.987501	0.0336688	1.06984	1.01266	2.70846	1.08339	0.954162	0	0	0	0	0	0	0	0	
0.267	0.98764	0.0336995	1.06971	1.01251	2.70775	1.0831	0.954403	0	0	0	0	0	0	0	0	
0.268	0.987745	0.0337303	1.06958	1.01241	2.70713	1.08285	0.954628	0	0	0	0	0	0	0	0	
0.269	0.987819	0.0337614	1.06945	1.01233	2.70659	1.08264	0.954838	0	0	0	0	0	0	0	0	
0.27	0.987891	0.0337929	1.06932	1.01226	2.70606	1.08243	0.955047	0	0	0	0	0	0	0	0	
0.271	0.988003	0.0338247	1.06919	1.01214	2.70542	1.08217	0.955274	0	0	0	0	0	0	0	0	
0.272	0.988191	0.0338567	1.06905	1.01195	2.70457	1.08183	0.955536	0	0	0	0	0	0	0	0	
0.273	0.988465	0.0338888	1.06892	1.01167	2.70349	1.0814	0.955836	0	0	0	0	0	0	0	0	
0.274	0.988799	0.0339207	1.06879	1.01133	2.70224	1.0809	0.956164	0	0	0	0	0	0	0	0	
0.275	0.989141	0.0339524	1.06866	1.01098	2.70097	1.08039	0.956495	0	0	0	0	0	0	0	0	
0.276	0.989442	0.0339838	1.06852	1.01067	2.69981	1.07992	0.956806	0	0	0	0	0	0	0	0	
0.277	0.989676	0.0340149	1.06839	1.01043	2.69883	1.07953	0.957088	0	0	0	0	0	0	0	0	
0.278	0.989849	0.0340458	1.06826	1.01026	2.69803	1.07921	0.957341	0	0	0	0	0	0	0	0	
0.279	0.989981	0.0340765	1.06812	1.01012	2.69733	1.07893	0.957576	0	0	0	0	0	0	0	0	
0.28	0.990093	0.0341068	1.06799	1.01001	2.6967	1.07868	0.957801	0	0	0	0	0	0	0	0	
0.281	0.9902	0.0341367	1.06786	1.0099	2.69607	1.07843	0.958023	0	0	0	0	0	0	0	0	
0.282	0.990313	0.0341659	1.06773	1.00978	2.69544	1.07818	0.958247	0	0	0	0	0	0	0	0	
0.283	0.99044	0.0341945	1.0676	1.00965	2.69477	1.07791	0.958477	0	0	0	0	0	0	0	0	
0.284	0.990583	0.0342222	1.06748	1.00951	2.69406	1.07762	0.958713	0	0	0	0	0	0	0	0	
0.285	0.990738	0.0342488	1.06735	1.00935	2.69332	1.07733	0.958954	0	0	0	0	0	0	0	0	
0.286	0.990895	0.0342744	1.06723	1.00919	2.69258	1.07703	0.959195	0	0	0	0	0	0	0	0	
0.287	0.991055	0.0342989	1.0671	1.00903	2.69184	1.07674	0.959436	0	0	0	0	0	0	0	0	
0.288	0.99122	0.0343223	1.06698	1.00886	2.69109	1.07644	0.959678	0	0	0	0	0	0	0	0	
0.289	0.991391	0.0343444	1.06687	1.00868	2.69033	1.07613	0.959923	0	0	0	0	0	0	0	0	
0.29	0.991559	0.0343656	1.06675	1.00851	2.68957	1.07583	0.960165	0	0	0	0	0	0	0	0	
0.291	0.991713	0.0343857	1.06663	1.00836	2.68887	1.07555	0.960401	0	0	0	0	0	0	0	0	
0.292	0.991846	0.034405	1.06652	1.00822	2.68822	1.07529	0.960627	0	0	0	0	0	0	0	0	
0.293	0.991966	0.0344237	1.06641	1.0081	2.68761	1.07504	0.960848	0	0	0	0	0	0	0	0	
0.294	0.992095	0.0344419	1.0663	1.00797	2.68698	1.07479	0.961071	0	0	0	0	0	0	0	0	
0.295	0.992259	0.0344599	1.06618	1.0078	2.68625	1.0745	0.961309	0	0	0	0	0	0	0	0	
0.296	0.992473	0.0344776	1.06607	1.00758	2.6854	1.07416	0.961566	0	0	0	0	0	0	0	0	
0.297	0.992723	0.0344953	1.06596	1.00733	2.68444	1.07378	0.961838	0	0	0	0	0	0	0	0	
0.298	0.99298	0.0345132	1.06585	1.00707	2.68347	1.07339	0.962112	0	0	0	0	0	0	0	0	
0.299	0.99321	0.0345315	1.06574	1.00684	2.68256	1.07302	0.962375	0	0	0	0	0	0	0	0	
0.3	0.993402	0.0345504	1.06563	1.00664	2.68176	1.0727	0.962623	0	0	0	0	0	0	0	0	
0.301	0.993565	0.0345703	1.06551	1.00648	2.68103	1.07241	0.962859	0	0	0	0	0	0	0	0	
0.302	0.993711	0.0345914	1.0654	1.00633	2.68035	1.07214	0.963088	0	0	0	0	0	0	0	0	
0.303	0.993846	0.0346137	1.06528	1.00619	2.67969	1.07187	0.963313	0	0	0	0	0	0	0	0	
0.304	0.993969	0.0346375	1.06516	1.00607	2.67906	1.07162	0.963533	0	0	0	0	0	0	0	0	
0.305	0.994082	0.0346628	1.06504	1.00595	2.67845	1.07138	0.96375	0	0	0	0	0	0	0	0	
0.306	0.994199	0.0346896	1.06491	1.00584	2.67782	1.07113	0.963968	0	0	0	0	0	0	0	0	
0.307	0.994331	0.0347178	1.06479	1.0057	2.67715	1.07086	0.964193	0	0	0	0	0	0	0	0	
0.308	0.994481	0.0347473	1.06466	1.00555	2.67643	1.07057	0.964425	0	0	0	0	0	0	0	0	
0.309	0.994637	0.034778	1.06453	1.00539	2.67569	1.07027	0.964659	0	0	0	0	0	0	0	0	
0.31	0.99479	0.0348096	1.06441	1.00524	2.67495	1.06998	0.964893	0	0	0	0	0	0	0	0	
0.311	0.994945	0.0348419	1.06427	1.00508	2.67421	1.06968	0.965126	0	0	0	0	0	0	0	0	
0.312	0.995107	0.0348747	1.06414	1.00492	2.67344	1.06937	0.965363	0	0	0	0	0	0	0	0	
0.313	0.99528	0.0349077	1.06401	1.00474	2.67264	1.06906	0.965603	0	0	0	0	0	0	0	0	
0.314	0.995455	0.0349407	1.06388	1.00457	2.67184	1.06874	0.965843	0	0	0	0	0	0	0	0	
0.315	0.995625	0.0349732	1.06375	1.00439	2.67106	1.06842	0.966082	0	0	0	0	0	0	0	0	
0.316	0.995794	0.0350052	1.06362	1.00422	2.67028	1.06811	0.966318	0	0	0	0	0	0	0	0	
0.317	0.995966	0.0350363	1.06349	1.00405	2.66949	1.0678	0.966556	0	0	0	0	0	0	0	0	
0.318	0.996146	0.0350663	1.06336	1.00387	2.66869	1.06748	0.966795	0	0	0	0	0	0	0	0	
0.319	0.996339	0.0350951	1.06324	1.00367	2.66786	1.06714	0.967038	0	0	0	0	0	0	0	0	
0.32	0.996554	0.0351223	1.06311	1.00346	2.66697	1.06679	0.967288	0	0	0	0	0	0	0	0	
0.321	0.996799	0.035148	1.06299	1.00321	2.66601	1.0664	0.967548	0	0	0	0	0	0	0	0	
0.322	0.997072	0.0351719	1.06287	1.00294	2.66498	1.06599	0.967816	0	0	0	0	0	0	0	0	
0.323	0.99736	0.035194	1.06275	1.00265	2.66392	1.06557	0.968089	0	0	0	0	0	0	0	0	
0.324	0.997643	0.0352143	1.06264	1.00236	2.66287	1.06515	0.968358	0	0	0	0	0	0	0	0	
0.325	0.997899	0.0352331	1.06252	1.00211	2.6619	1.06476	0.968618	0	0	0	0	0	0	0	0	
0.326	0.998108	0.0352503	1.06241	1.0019	2.66107	1.06443	0.968859	0	0	0	0	0	0	0	0	
0.327	0.99825	0.0352664	1.0623	1.00175	2.66042	1.06417	0.969076	0	0	0	0	0	0	0	0	
0.328	0.998321	0.0352815	1.0622	1.00168	2.65996	1.06398	0.969269	0	0	0	0	0	0	0	0	
0.329	0.998342	0.0352962	1.06209	1.00166	2.65963	1.06385	0.969443	0	0	0	0	0	0	0	0	
0.33	0.998353	0.0353105	1.06198	1.00165	2.65934	1.06374	0.969614	0	0	0	0	0	0	0	0	
0.331	0.998392	0.0353247	1.06188	1.00161	2.65897	1.06359	0.969794	0	0	0	0	0	0	0	0	
0.332	0.998464	0.035339	1.06177	1.00154	2.65851	1.06341	0.969986	0	0	0	0	0	0	0	0	
0.333	0.998548	0.0353536	1.06167	1.00145	2.65803	1.06321	0.970181	0	0	0	0	0	0	0	0	
0.334	0.998617	0.0353686	1.06156	1.00138	2.65758	1.06303	0.970372	0	0	0	0	0	0	0	0	
0.335	0.998673	0.0353843	1.06145	1.00133	2.65716	1.06286	0.970559	0	0	0	0	0	0	0	0	
0.336	0.998747	0.0354008	1.06135	1.00125	2.6567	1.06268	0.970752	0	0	0	0	0	0	0	0	
0.337	0.998865	0.0354181	1.06124	1.00114	2.65611	1.06244	0.97096	0	0	0	0	0	0	0	0	
0.338	0.99902	0.0354363	1.06113	1.00098	2.65542	1.06217	0.97118	0	0	0	0	0	0	0	0	
0.339	0.999168	0.0354553	1.06102	1.00083	2.65475	1.0619	0.971398	0	0	0	0	0	0	0	0	
0.34	0.999267	0.0354752	1.0609	1.00073	2.6542	1.06168	0.9716	0	0	0	0	0	0	0	0	
0.341	0.999307	0.035496	1.06079	1.00069	2.65381	1.06152	0.971784	0	0	0	0	0	0	0	0	
0.342	0.999323	0.0355177	1.06067	1.00068	2.65348	1.06139	0.97196	0	0	0	0	0	0	0	0	
0.343	0.999365	0.0355401	1.06056	1.00063	2.65308	1.06123	0.972144	0	0	0	0	0	0	0	0	
0.344	0.999475	0.0355631	1.06044	1.00053	2.6525	1.061	0.972349	0	0	0	0	0	0	0	0	
0.345	0.999675	0.0355863	1.06032	1.00033	2.65167	1.06067	0.972583	0	0	0	0	0	0	0	0	
0.346	0.999968	0.0356093	1.06021	1.00003	2.6506	1.06024	0.972845	0	0	0	0	0	0	0	0	
0.347	1.00032	0.035632	1.06009	0.999679	2.64938	1.05975	0.973125	0	0	0	0	0	0	0	0	
0.348	1.00066	0.0356539	1.05997	0.999338	2.64818	1.05927	0.973401	0	0	0	0	0	0	0	0	
0.349	1.00091	0.0356752	1.05986	0.999089	2.64723	1.05889	0.973649	0	0	0	0	0	0	0	0	
0.35	1.00103	0.0356958	1.05974	0.998973	2.64664	1.05865	0.973855	0	0	0	0	0	0	0	0	
0.351	1.00104	0.0357158	1.05963	0.99896	2.64632	1.05853	0.974029	0	0	0	0	0	0	0	0	
0.352	1.00104	0.0357353	1.05952	0.998964	2.64604	1.05842	0.974198	0	0	0	0	0	0	0	0	
0.353	1.0011	0.035754	1.0594	0.9989	2.6456	1.05824	0.974385	0	0	0	0	0	0	0	0	
0.354	1.00125	0.0357719	1.05929	0.998752	2.64493	1.05797	0.974597	0	0	0	0	0	0	0	0	
0.355	1.00143	0.0357889	1.05919	0.998576	2.64419	1.05768	0.974818	0	0	0	0	0	0	0	0	
0.356	1.00155	0.0358048	1.05908	0.998449	2.64359	1.05744	0.975025	0	0	0	0	0	0	0	0	
0.357	1.0016	0.03582	1.05897	0.998404	2.64321	1.05728	0.975207	0	0	0	0	0	0	0	0	
0.358	1.0016	0.0358346	1.05887	0.998398	2.64293	1.05717	0.975377	0	0	0	0	0	0	0	0	
0.359	1.00166	0.0358485	1.05877	0.998347	2.64254	1.05702	0.97556	0	0	0	0	0	0	0	0	
0.36	1.00181	0.0358619	1.05866	0.998198	2.64189	1.05676	0.975769	0	0	0	0	0	0	0	0	
0.361	1.00203	0.0358745	1.05856	0.997978	2.64106	1.05642	0.976	0	0	0	0	0	0	0	0	
0.362	1.00223	0.0358865	1.05846	0.997772	2.64026	1.0561	0.976226	0	0	0	0	0	0	0	0	
0.363	1.00235	0.035898	1.05836	0.997656	2.63971	1.05588	0.976427	0	0	0	0	0	0	0	0	
0.364	1.00237	0.0359093	1.05827	0.997639	2.63942	1.05577	0.9766	0	0	0	0	0	0	0	0	
0.365	1.00234	0.0359205	1.05817	0.997663	2.63924	1.0557	0.976761	0	0	0	0	0	0	0	0	
0.366	1.00235	0.0359317	1.05807	0.997653	2.63897	1.05559	0.976931	0	0	0	0	0	0	0	0	
0.367	1.00244	0.0359429	1.05797	0.997563	2.63849	1.0554	0.977123	0	0	0	0	0	0	0	0	
0.368	1.00262	0.035954	1.05788	0.997391	2.6378	1.05512	0.977336	0	0	0	0	0	0	0	0	
0.369	1.00285	0.0359649	1.05778	0.997156	2.63694	1.05477	0.977567	0	0	0	0	0	0	0	0	
0.37	1.00315	0.0359756	1.05769	0.996862	2.63592	1.05437	0.977812	0	0	0	0	0	0	0	0	
0.371	1.0035	0.0359862	1.05759	0.996515	2.63476	1.0539	0.978071	0	0	0	0	0	0	0	0	
0.372	1.00385	0.0359968	1.05749	0.996161	2.63359	1.05343	0.978331	0	0	0	0	0	0	0	0	
0.373	1.00412	0.0360076	1.0574	0.995896	2.63265	1.05306	0.978568	0	0	0	0	0	0	0	0	
0.374	1.00421	0.0360191	1.0573	0.995805	2.63216	1.05286	0.97876	0	0	0	0	0	0	0	0	
0.375	1.00413	0.0360319	1.0572	0.995891	2.63214	1.05286	0.978907	0	0	0	0	0	0	0	0	
0.376	1.00396	0.0360464	1.0571	0.996054	2.63233	1.05293	0.979033	0	0	0	0	0	0	0	0	
0.377	1.00387	0.0360629	1.057	0.996141	2.6323	1.05292	0.979179	0	0	0	0	0	0	0	0	
0.378	1.00399	0.0360814	1.0569	0.996029	2.63175	1.0527	0.979374	0	0	0	0	0	0	0	0	
0.379	1.0043	0.0361018	1.05679	0.995715	2.63065	1.05226	0.979619	0	0	0	0	0	0	0	0	
0.38	1.0047	0.036124	1.05668	0.995326	2.62934	1.05174	0.979885	0	0	0	0	0	0	0	0	
0.381	1.00499	0.0361482	1.05656	0.995036	2.62829	1.05132	0.980127	0	0	0	0	0	0	0	0	
0.382	1.00508	0.0361745	1.05645	0.99495	2.62778	1.05111	0.980321	0	0	0	0	0	0	0	0	
0.383	1.00499	0.0362031	1.05633	0.995035	2.6277	1.05108	0.980473	0	0	0	0	0	0	0	0	
0.384	1.00486	0.0362338	1.0562	0.995159	2.62773	1.05109	0.980615	0	0	0	0	0	0	0	0	
0.385	1.00485	0.0362662	1.05608	0.995171	2.62745	1.05098	0.980783	0	0	0	0	0	0	0	0	
0.386	1.00503	0.0362997	1.05595	0.994994	2.62667	1.05067	0.980995	0	0	0	0	0	0	0	0	
0.387	1.00536	0.0363334	1.05583	0.994673	2.62551	1.0502	0.981241	0	0	0	0	0	0	0	0	
0.388	1.00568	0.0363668	1.0557	0.994355	2.62436	1.04974	0.981487	0	0	0	0	0	0	0	0	
0.389	1.00583	0.0363995	1.05558	0.994202	2.62364	1.04946	0.981696	0	0	0	0	0	0	0	0	
0.39	1.00577	0.0364313	1.05545	0.994268	2.62351	1.0494	0.981855	0	0	0	0	0	0	0	0	
0.391	1.00558	0.0364622	1.05533	0.99445	2.62369	1.04947	0.981987	0	0	0	0	0	0	0	0	
0.392	1.00546	0.0364917	1.05521	0.994567	2.6237	1.04948	0.982132	0	0	0	0	0	0	0	0	
0.393	1.00552	0.0365196	1.0551	0.994512	2.62326	1.04931	0.982314	0	0	0	0	0	0	0	0	
0.394	1.00571	0.0365454	1.05498	0.994324	2.62249	1.04899	0.982526	0	0	0	0	0	0	0	0	
0.395	1.00591	0.036569	1.05487	0.994124	2.62168	1.04867	0.98274	0	0	0	0	0	0	0	0	
0.396	1.00604	0.0365905	1.05476	0.993992	2.62107	1.04843	0.98294	0	0	0	0	0	0	0	0	
0.397	1.00612	0.0366102	1.05466	0.993913	2.6206	1.04824	0.983126	0	0	0	0	0	0	0	0	
0.398	1.00623	0.0366283	1.05456	0.993811	2.62008	1.04803	0.983317	0	0	0	0	0	0	0	0	
0.399	1.00644	0.0366448	1.05446	0.993601	2.61928	1.04771	0.983529	0	0	0	0	0	0	0	0	
0.4	1.00679	0.0366597	1.05436	0.993253	2.61812	1.04725	0.983767	0	0	0	0	0	0	0	0	
0.401	1.00722	0.0366732	1.05426	0.992831	2.61676	1.04671	0.984021	0	0	0	0	0	0	0	0	
0.402	1.00756	0.0366855	1.05417	0.992492	2.61563	1.04625	0.984258	0	0	0	0	0	0	0	0	
0.403	1.00767	0.0366969	1.05407	0.99239	2.61513	1.04605	0.984447	0	0	0	0	0	0	0	0	
0.404	1.00751	0.036708	1.05398	0.992551	2.61532	1.04613	0.984585	0	0	0	0	0	0	0	0	
0.405	1.0072	0.0367191	1.05389	0.992851	2.61589	1.04635	0.984695	0	0	0	0	0	0	0	0	
0.406	1.00695	0.0367303	1.0538	0.993101	2.61632	1.04653	0.984814	0	0	0	0	0	0	0	0	
0.407	1.00689	0.0367412	1.05371	0.993157	2.61624	1.0465	0.98497	0	0	0	0	0	0	0	0	
0.408	1.00708	0.0367514	1.05362	0.992971	2.61553	1.04621	0.985172	0	0	0	0	0	0	0	0	
0.409	1.00749	0.0367601	1.05353	0.992568	2.61425	1.0457	0.985414	0	0	0	0	0	0	0	0	
0.41	1.00803	0.0367668	1.05344	0.992033	2.61263	1.04505	0.98568	0	0	0	0	0	0	0	0	
0.411	1.00855	0.0367712	1.05336	0.991524	2.61108	1.04443	0.985941	0	0	0	0	0	0	0	0	
0.412	1.00884	0.0367732	1.05328	0.99124	2.61013	1.04405	0.98616	0	0	0	0	0	0	0	0	
0.413	1.00879	0.0367731	1.0532	0.991288	2.61007	1.04403	0.98632	0	0	0	0	0	0	0	0	
0.414	1.00848	0.0367716	1.05313	0.991587	2.61068	1.04427	0.986435	0	0	0	0	0	0	0	0	
0.415	1.00817	0.0367692	1.05306	0.991892	2.6113	1.04452	0.986547	0	0	0	0	0	0	0	0	
0.416	1.00814	0.0367666	1.05299	0.99193	2.61123	1.04449	0.986705	0	0	0	0	0	0	0	0	
0.417	1.00847	0.0367643	1.05292	0.991604	2.61019	1.04408	0.986924	0	0	0	0	0	0	0	0	
0.418	1.00898	0.0367634	1.05284	0.991099	2.60868	1.04347	0.987175	0	0	0	0	0	0	0	0	
0.419	1.00934	0.0367654	1.05277	0.990745	2.60755	1.04302	0.987402	0	0	0	0	0	0	0	0	
0.42	1.00936	0.0367722	1.05268	0.990728	2.6073	1.04292	0.987575	0	0	0	0	0	0	0	0	
0.421	1.00911	0.0367858	1.05259	0.990968	2.6077	1.04308	0.987707	0	0	0	0	0	0	0	0	
0.422	1.00885	0.036807	1.05248	0.991231	2.60813	1.04325	0.987836	0	0	0	0	0	0	0	0	
0.423	1.00875	0.0368361	1.05237	0.991329	2.6081	1.04324	0.987992	0	0	0	0	0	0	0	0	
0.424	1.00887	0.0368723	1.05224	0.991208	2.60747	1.04299	0.988182	0	0	0	0	0	0	0	0	
0.425	1.00917	0.0369143	1.05211	0.990912	2.60636	1.04255	0.988401	0	0	0	0	0	0	0	0	
0.426	1.00958	0.0369599	1.05197	0.990513	2.60496	1.04199	0.988635	0	0	0	0	0	0	0	0	
0.427	1.01005	0.0370068	1.05182	0.990054	2.60341	1.04136	0.988876	0	0	0	0	0	0	0	0	
0.428	1.01051	0.0370526	1.05168	0.9896	2.60186	1.04074	0.989116	0	0	0	0	0	0	0	0	
0.429	1.01084	0.0370952	1.05154	0.989276	2.60067	1.04027	0.989335	0	0	0	0	0	0	0	0	
0.43	1.01087	0.037133	1.05141	0.989243	2.60026	1.0401	0.989514	0	0	0	0	0	0	0	0	
0.431	1.01055	0.0371651	1.05129	0.989557	2.60078	1.04031	0.989643	0	0	0	0	0	0	0	0	
0.432	1.01004	0.0371911	1.05118	0.99006	2.60183	1.04073	0.989747	0	0	0	0	0	0	0	0	
0.433	1.00961	0.0372111	1.05108	0.990482	2.60268	1.04107	0.98986	0	0	0	0	0	0	0	0	
0.434	1.00945	0.0372255	1.05099	0.990636	2.60286	1.04114	0.990009	0	0	0	0	0	0	0	0	
0.435	1.00959	0.0372348	1.0509	0.990505	2.60231	1.04092	0.990195	0	0	0	0	0	0	0	0	
0.436	1.00991	0.0372398	1.05082	0.990184	2.60126	1.04051	0.990406	0	0	0	0	0	0	0	0	
0.437	1.01033	0.0372416	1.05075	0.989779	2.60001	1.04001	0.990626	0	0	0	0	0	0	0	0	
0.438	1.01075	0.0372412	1.05067	0.989366	2.59875	1.0395	0.990846	0	0	0	0	0	0	0	0	
0.439	1.01095	0.0372395	1.0506	0.989166	2.59805	1.03922	0.99104	0	0	0	0	0	0	0	0	
0.44	1.01096	0.0372375	1.05053	0.989163	2.59787	1.03915	0.99121	0	0	0	0	0	0	0	0	
0.441	1.011	0.0372358	1.05046	0.989121	2.59758	1.03903	0.991384	0	0	0	0	0	0	0	0	
0.442	1.01116	0.0372346	1.05039	0.988958	2.59698	1.03879	0.991571	0	0	0	0	0	0	0	0	
0.443	1.01136	0.0372342	1.05032	0.988769	2.59631	1.03852	0.991761	0	0	0	0	0	0	0	0	
0.444	1.01152	0.037235	1.05025	0.988614	2.59572	1.03829	0.991947	0	0	0	0	0	0	0	0	
0.445	1.01166	0.0372377	1.05017	0.988472	2.59516	1.03806	0.992132	0	0	0	0	0	0	0	0	
0.446	1.01184	0.0372428	1.05009	0.9883	2.59451	1.0378	0.992318	0	0	0	0	0	0	0	0	
0.447	1.01206	0.0372504	1.05001	0.988084	2.59373	1.03749	0.99251	0	0	0	0	0	0	0	0	
0.448	1.01232	0.0372604	1.04992	0.987831	2.59285	1.03714	0.992704	0	0	0	0	0	0	0	0	
0.449	1.01261	0.037272	1.04983	0.987548	2.59189	1.03676	0.992901	0	0	0	0	0	0	0	0	
0.45	1.01293	0.0372836	1.04974	0.987235	2.59084	1.03634	0.993099	0	0	0	0	0	0	0	0	
0.451	1.01329	0.0372936	1.04965	0.986883	2.5897	1.03588	0.9933	0	0	0	0	0	0	0	0	
0.452	1.01349	0.0373007	1.04957	0.986688	2.58898	1.03559	0.993486	0	0	0	0	0	0	0	0	
0.453	1.01335	0.0373046	1.04949	0.986827	2.58915	1.03566	0.993643	0	0	0	0	0	0	0	0	
0.454	1.01298	0.0373067	1.04941	0.987184	2.58991	1.03596	0.993782	0	0	0	0	0	0	0	0	
0.455	1.01244	0.0373098	1.04934	0.987708	2.5911	1.03644	0.993909	0	0	0	0	0	0	0	0	
0.456	1.01194	0.0373175	1.04926	0.988205	2.5922	1.03688	0.99404	0	0	0	0	0	0	0	0	
0.457	1.01174	0.0373333	1.04916	0.988401	2.59249	1.037	0.994196	0	0	0	0	0	0	0	0	
0.458	1.01189	0.0373594	1.04906	0.988248	2.59183	1.03673	0.994382	0	0	0	0	0	0	0	0	
0.459	1.01224	0.0373961	1.04894	0.987912	2.59064	1.03626	0.994581	0	0	0	0	0	0	0	0	
0.46	1.0126	0.0374416	1.0488	0.987561	2.58939	1.03576	0.994782	0	0	0	0	0	0	0	0	
0.461	1.01289	0.0374925	1.04866	0.987271	2.58828	1.03531	0.994977	0	0	0	0	0	0	0	0	
0.462	1.01313	0.0375441	1.04851	0.987041	2.58732	1.03493	0.995168	0	0	0	0	0	0	0	0	
0.463	1.01331	0.0375922	1.04837	0.986861	2.5865	1.0346	0.995353	0	0	0	0	0	0	0	0	
0.464	1.01352	0.0376329	1.04825	0.986664	2.58566	1.03427	0.995538	0	0	0	0	0	0	0	0	
0.465	1.01433	0.0376643	1.04813	0.985869	2.58329	1.03332	0.995755	0	0	0	0	0	0	0	0	
0.466	1.01496	0.0376874	1.04802	0.985263	2.58144	1.03258	0.99596	0	0	0	0	0	0	0	0	
0.467	1.0148	0.0377064	1.04792	0.985413	2.58159	1.03264	0.996124	0	0	0	0	0	0	0	0	
0.468	1.01429	0.037729	1.04782	0.98591	2.58264	1.03305	0.99627	0	0	0	0	0	0	0	0	
0.469	1.01337	0.0377673	1.04769	0.986805	2.58468	1.03387	0.996398	0	0	0	0	0	0	0	0	
0.47	1.01227	0.0378306	1.04754	0.987881	2.58711	1.03484	0.996521	0	0	0	0	0	0	0	0	
0.471	1.01247	0.037907	1.04736	0.987685	2.58616	1.03446	0.996705	0	0	0	0	0	0	0	0	
0.472	1.01335	0.037965	1.04721	0.986823	2.58352	1.03341	0.996918	0	0	0	0	0	0	0	0	
0.473	1.01402	0.0379882	1.04711	0.986176	2.58158	1.03263	0.997119	0	0	0	0	0	0	0	0	
0.474	1.01443	0.0379839	1.04704	0.985776	2.58038	1.03215	0.997307	0	0	0	0	0	0	0	0	
0.475	1.0154	0.0379329	1.04705	0.984833	2.57791	1.03116	0.997508	0	0	0	0	0	0	0	0	
0.476	1.01649	0.0377978	1.04717	0.983778	2.57545	1.03018	0.997707	0	0	0	0	0	0	0	0	
0.477	1.01613	0.0376537	1.04731	0.984128	2.57671	1.03068	0.997862	0	0	0	0	0	0	0	0	
0.478	1.01533	0.037673	1.04721	0.984905	2.5785	1.0314	0.998009	0	0	0	0	0	0	0	0	
0.479	1.01477	0.037743	1.04704	0.98545	2.57951	1.0318	0.998169	0	0	0	0	0	0	0	0	
0.48	1.01376	0.0375156	1.0473	0.986424	2.58271	1.03308	0.998316	0	0	0	0	0	0	0	0	
0.481	1.01377	0.0372788	1.04758	0.986418	2.58338	1.03335	0.998486	0	0	0	0	0	0	0	0	
0.482	1.01402	0.0378197	1.04673	0.98617	2.58064	1.03226	0.998677	0	0	0	0	0	0	0	0	
0.483	1.01395	0.0386131	1.04552	0.986242	2.57785	1.03114	0.998865	0	0	0	0	0	0	0	0	
0.484	1.01576	0.0372354	1.04745	0.984481	2.57797	1.03119	0.999044	0	0	0	0	0	0	0	0	
0.485	1.0146	0.0357047	1.04959	0.985614	2.58623	1.03449	0.999187	0	0	0	0	0	0	0	0	
0.486	1.01741	0.0389092	1.04481	0.982892	2.56733	1.02693	0.999415	0	0	0	0	0	0	0	0	
0.487	1.01217	0.0420077	1.039	0.987973	2.56627	1.02651	0.999577	0	0	0	0	0	0	0	0	
0.488	1.0125	0.0297549	1.04037	0.987655	2.56882	1.02753	0.999742	0	0	0	0	0	0	0	0	
0.489	0.974504	-0.0552115	0.984759	1.02616	2.52631	1.01052	0.999894	0	0	0	0	0	0	0	0	
0.49	0.835635	-0.169231	0.782407	1.1967	2.34076	0.936303	0.999978	0	0	0	0	0	0	0	0	
0.491	0.378662	-0.884288	0.266368	2.64088	1.75861	0.703444	1	0	0	0	0	0	0	0	0	
0.492	0.259259	-1.35769	0.0967742	3.85715	0.933181	0.373272	1	0	0	0	0	0	0	0	0	
0.493	0.259259	-1.35769	0.0967742	3.85715	0.933181	0.373272	1	0	0	0	0	0	0	0	0	
0.494	0.259259	-1.35769	0.0967742	3.85715	0.933181	0.373272	1	0	0	0	0	0	0	0	0	
0.495	0.259259	-1.35769	0.0967742	3.85715	0.933181	0.373272	1	0	0	0	0	0	0	0	0	
0.496	0.259259	-1.35769	0.0967742	3.85715	0.933181	0.373272	1	0	0	0	0	0	0	0	0	
0.497	0.259259	-1.35769	0.0967742	3.85715	0.933181	0.373272	1	0	0	0	0	0	0	0	0	
0.498	0.259259	-1.35769	0.0967742	3.85715	0.933181	0.373272	1	0	0	0	0	0	0	0	0	
0.499	0.259259	-1.35769	0.0967742	3.85715	0.933181	0.373272	1	0	0	0	0	0	0	0	0	
0.5	0.259259	-1.35769	0.0967742	3.85715	0.933181	0.373272	1	0	0	0	0	0	0	0	0	
0.501	0.259259	-1.35769	0.0967742	3.85715	0.933181	0.373272	1	0	0	0	0	0	0	0	0	
0.502	0.259259	-1.35769	0.0967742	3.85715	0.933181	0.373272	1	0	0	0	0	0	0	0	0	
0.503	0.259259	-1.35769	0.0967742	3.85715	0.933181	0.373272	1	0	0	0	0	0	0	0	0	
0.504	0.259259	-1.35769	0.0967742	3.85715	0.933181	0.373272	1	0	0	0	0	0	0	0	0	
0.505	0.259259	-1.35769	0.0967742	3.85715	0.933181	0.373272	1	0	0	0	0	0	0	0	0	
0.506	0.259259	-1.35769	0.0967742	3.85715	0.933181	0.373272	1	0	0	0	0	0	0	0	0	
0.507	0.259259	-1.35769	0.0967742	3.85715	0.933181	0.373272	1	0	0	0	0	0	0	0	0	
0.508	0.259259	-1.35769	0.0967742	3.85715	0.933181	0.373272	1	0	0	0	0	0	0	0	0	
0.509	0.259259	-1.35769	0.0967742	3.85715	0.933181	0.373272	1	0	0	0	0	0	0	0	0	
0.51	0.259259	-1.35769	0.0967742	3.85715	0.933181	0.373272	1	0	0	0	0	0	0	0	0	
0.511	0.259259	-1.35769	0.0967742	3.85715	0.933181	0.373272	1	0	0	0	0	0	0	0	0	
0.512	0.259259	-1.35769	0.0967742	3.85715	0.933181	0.373272	1	0	0	0	0	0	0	0	0	
0.513	0.259259	-1.35769	0.0967742	3.85715	0.933181	0.373272	1	0	0	0	0	0	0	0	0	
0.514	0.259259	-1.35769	0.0967742	3.85715	0.933181	0.373272	1	0	0	0	0	0	0	0	0	
0.515	0.259259	-1.35769	0.0967742	3.85715	0.933181	0.373272	1	0	0	0	0	0	0	0	0	
0.516	0.259259	-1.35769	0.0967742	3.85715	0.933181	0.373272	1	0	0	0	0	0	0	0	0	
0.517	0.259259	-1.35769	0.0967742	3.85715	0.933181	0.373272	1	0	0	0	0	0	0	0	0	
0.518	0.259259	-1.35769	0.0967742	3.85715	0.933181	0.373272	1	0	0	0	0	0	0	0	0	
0.519	0.259259	-1.35769	0.0967742	3.85715	0.933181	0.373272	1	0	0	0	0	0	0	0	0	
0.52	0.259259	-1.35769	0.0967742	3.85715	0.933181	0.373272	1	0	0	0	0	0	0	0	0	
0.521	0.259259	-1.35769	0.0967742	3.85715	0.933181	0.373272	1	0	0	0	0	0	0	0	0	
0.522	0.259259	-1.35769	0.0967742	3.85715	0.933181	0.373272	1	0	0	0	0	0	0	0	0	
0.523	0.259259	-1.35769	0.0967742	3.85715	0.933181	0.373272	1	0	0	0	0	0	0	0	0	
0.524	0.259259	-1.35769	0.0967742	3.85715	0.933181	0.373272	1	0	0	0	0	0	0	0	0	
0.525	0.259259	-1.35769	0.0967742	3.85715	0.933181	0.373272	1	0	0	0	0	0	0	0	0	
0.526	0.259259	-1.35769	0.0967742	3.85715	0.933181	0.373272	1	0	0	0	0	0	0	0	0	
0.527	0.259259	-1.35769	0.0967742	3.85715	0.933181	0.373272	1	0	0	0	0	0	0	0	0	
0.528	0.259259	-1.35769	0.0967742	3.85715	0.933181	0.373272	1	0	0	0	0	0	0	0	0	
0.529	0.259259	-1.35769	0.0967742	3.85715	0.933181	0.373272	1	0	0	0	0	0	0	0	0	
0.53	0.259259	-1.35769	0.0967742	3.85715	0.933181	0.373272	1	0	0	0	0	0	0	0	0	
0.531	0.259259	-1.35769	0.0967742	3.85715	0.933181	0.373272	1	0	0	0	0	0	0	0	0	
0.532	0.259259	-1.35769	0.0967742	3.85715	0.933181	0.373272	1	0	0	0	0	0	0	0	0	
0.533	0.259259	-1.35769	0.0967742	3.85715	0.933181	0.373272	1	0	0	0	0	0	0	0	0	
0.534	0.259259	-1.35769	0.0967742	3.85715	0.933181	0.373272	1	0	0	0	0	0	0	0	0	
0.535	0.259259	-1.35769	0.0967742	3.85715	0.933181	0.373272	1	0	0	0	0	0	0	0	0	
0.536	0.259259	-1.35769	0.0967742	3.85715	0.933181	0.373272	1	0	0	0	0	0	0	0	0	
0.537	0.259259	-1.35769	0.0967742	3.85715	0.933181	0.373272	1	0	0	0	0	0	0	0	0	
0.538	0.259259	-1.35769	0.0967742	3.85715	0.933181	0.373272	1	0	0	0	0	0	0	0	0	
0.539	0.259259	-1.35769	0.0967742	3.85715	0.933181	0.373272	1	0	0	0	0	0	0	0	0	
0.54	0.259259	-1.35769	0.0967742	3.85715	0.933181	0.373272	1	0	0	0	0	0	0	0	0	
0.541	0.259259	-1.35769	0.0967742	3.85715	0.933181	0.373272	1	0	0	0	0	0	0	0	0	
0.542	0.259259	-1.35769	0.0967742	3.85715	0.933181	0.373272	1	0	0	0	0	0	0	0	0	
0.543	0.259259	-1.35769	0.0967742	3.85715	0.933181	0.373272	1	0	0	0	0	0	0	0	0	
0.544	0.259259	-1.35769	0.0967742	3.85715	0.933181	0.373272	1	0	0	0	0	0	0	0	0	
0.545	0.259259	-1.35769	0.0967742	3.85715	0.933181	0.373272	1	0	0	0	0	0	0	0	0	
0.546	0.259259	-1.35769	0.0967742	3.85715	0.933181	0.373272	1	0	0	0	0	0	0	0	0	
0.547	0.259259	-1.35769	0.0967742	3.85715	0.933181	0.373272	1	0	0	0	0	0	0	0	0	
0.548	0.259259	-1.35769	0.0967742	3.85715	0.933181	0.373272	1	0	0	0	0	0	0	0	0	
0.549	0.259259	-1.35769	0.0967742	3.85715	0.933181	0.373272	1	0	0	0	0	0	0	0	0	
0.55	0.259259	-1.35769	0.0967742	3.85715	0.933181	0.373272	1	0	0	0	0	0	0	0	0	
0.551	0.259259	-1.35769	0.0967742	3.85715	0.933181	0.373272	1	0	0	0	0	0	0	0	0	
0.552	0.259259	-1.35769	0.0967742	3.85715	0.933181	0.373272	1	0	0	0	0	0	0	0	0	
0.553	0.259259	-1.35769	0.0967742	3.85715	0.933181	0.373272	1	0	0	0	0	0	0	0	0	
0.554	0.259259	-1.35769	0.0967742	3.85715	0.933181	0.373272	1	0	0	0	0	0	0	0	0	
0.555	0.259259	-1.35769	0.0967742	3.85715	0.933181	0.373272	1	0	0	0	0	0	0	0	0	
0.556	0.259259	-1.35769	0.0967742	3.85715	0.933181	0.373272	1	0	0	0	0	0	0	0	0	
0.557	0.259259	-1.35769	0.0967742	3.85715	0.933181	0.373272	1	0	0	0	0	0	0	0	0	
0.558	0.259259	-1.35769	0.0967742	3.85715	0.933181	0.373272	1	0	0	0	0	0	0	0	0	
0.559	0.259259	-1.35769	0.0967742	3.85715	0.933181	0.373272	1	0	0	0	0	0	0	0	0	
0.56	0.259259	-1.35769	0.0967742	3.85715	0.933181	0.373272	1	0	0	0	0	0	0	0	0	
0.561	0.259259	-1.35769	0.0967742	3.85715	0.933181	0.373272	1	0	0	0	0	0	0	0	0	
0.562	0.259259	-1.35769	0.0967742	3.85715	0.933181	0.373272	1	0	0	0	0	0	0	0	0	
0.563	0.259259	-1.35769	0.0967742	3.85715	0.933181	0.373272	1	0	0	0	0	0	0	0	0	
0.564	0.259259	-1.35769	0.0967742	3.85715	0.933181	0.373272	1	0	0	0	0	0	0	0	0	
0.565	0.259259	-1.35769	0.0967742	3.85715	0.933181	0.373272	1	0	0	0	0	0	0	0	0	
0.566	0.259259	-1.35769	0.0967742	3.85715	0.933181	0.373272	1	0	0	0	0	0	0	0	0	
0.567	0.259259	-1.35769	0.0967742	3.85715	0.933181	0.373272	1	0	0	0	0	0	0	0	0	
0.568	0.259259	-1.35769	0.0967742	3.85715	0.933181	0.373272	1	0	0	0	0	0	0	0	0	
0.569	0.259259	-1.35769	0.0967742	3.85715	0.933181	0.373272	1	0	0	0	0	0	0	0	0	
0.57	0.259259	-1.35769	0.0967742	3.85715	0.933181	0.373272	1	0	0	0	0	0	0	0	0	
0.571	0.259259	-1.35769	0.0967742	3.85715	0.933181	0.373272	1	0	0	0	0	0	0	0	0	
0.572	0.259259	-1.35769	0.0967742	3.85715	0.933181	0.373272	1	0	0	0	0	0	0	0	0	
0.573	0.259259	-1.35769	0.0967742	3.85715	0.933181	0.373272	1	0	0	0	0	0	0	0	0	
0.574	0.259259	-1.35769	0.0967742	3.85715	0.933181	0.373272	1	0	0	0	0	0	0	0	0	
0.575	0.259259	-1.35769	0.0967742	3.85715	0.933181	0.373272	1	0	0	0	0	0	0	0	0	
0.576	0.259259	-1.35769	0.0967742	3.85715	0.933181	0.373272	1	0	0	0	0	0	0	0	0	
0.577	0.259259	-1.35769	0.0967742	3.85715	0.933181	0.373272	1	0	0	0	0	0	0	0	0	
0.578	0.259259	-1.35769	0.0967742	3.85715	0.933181	0.373272	1	0	0	0	0	0	0	0	0	
0.579	0.259259	-1.35769	0.0967742	3.85715	0.933181	0.373272	1	0	0	0	0	0	0	0	0	
0.58	0.259259	-1.35769	0.0967742	3.85715	0.933181	0.373272	1	0	0	0	0	0	0	0	0	
0.581	0.259259	-1.35769	0.0967742	3.85715	0.933181	0.373272	1	0	0	0	0	0	0	0	0	
0.582	0.259259	-1.35769	0.0967742	3.85715	0.933181	0.373272	1	0	0	0	0	0	0	0	0	
0.583	0.259259	-1.35769	0.0967742	3.85715	0.933181	0.373272	1	0	0	0	0	0	0	0	0	
0.584	0.259259	-1.35769	0.0967742	3.85715	0.933181	0.373272	1	0	0	0	0	0	0	0	0	
0.585	0.259259	-1.35769	0.0967742	3.85715	0.933181	0.373272	1	0	0	0	0	0	0	0	0	
0.586	0.259259	-1.35769	0.0967742	3.85715	0.933181	0.373272	1	0	0	0	0	0	0	0	0	
0.587	0.259259	-1.35769	0.0967742	3.85715	0.933181	0.373272	1	0	0	0	0	0	0	0	0	
0.588	0.259259	-1.35769	0.0967742	3.85715	0.933181	0.373272	1	0	0	0	0	0	0	0	0	
0.589	0.259259	-1.35769	0.0967742	3.85715	0.933181	0.373272	1	0	0	0	0	0	0	0	0	
0.59	0.259259	-1.35769	0.0967742	3.85715	0.933181	0.373272	1	0	0	0	0	0	0	0	0	
0.591	0.259259	-1.35769	0.0967742	3.85715	0.933181	0.373272	1	0	0	0	0	0	0	0	0	
0.592	0.259259	-1.35769	0.0967742	3.85715	0.933181	0.373272	1	0	0	0	0	0	0	0	0	
0.593	0.259259	-1.35769	0.0967742	3.85715	0.933181	0.373272	1	0	0	0	0	0	0	0	0	
0.594	0.259259	-1.35769	0.0967742	3.85715	0.933181	0.373272	1	0	0	0	0	0	0	0	0	
0.595	0.259259	-1.35769	0.0967742	3.85715	0.933181	0.373272	1	0	0	0	0	0	0	0	0	
0.596	0.259259	-1.35769	0.0967742	3.85715	0.933181	0.373272	1	0	0	0	0	0	0	0	0	
0.597	0.259259	-1.35769	0.0967742	3.85715	0.933181	0.373272	1	0	0	0	0	0	0	0	0	
0.598	0.259259	-1.35769	0.0967742	3.85715	0.933181	0.373272	1	0	0	0	0	0	0	0	0	
0.599	0.259259	-1.35769	0.0967742	3.85715	0.933181	0.373272	1	0	0	0	0	0	0	0	0	
0.6	0.259259	-1.35769	0.0967742	3.85715	0.933181	0.373272	1	0	0	0	0	0	0	0	0	
0.601	0.259259	-1.35769	0.0967742	3.85715	0.933181	0.373272	1	0	0	0	0	0	0	0	0	
0.602	0.259259	-1.35769	0.0967742	3.85715	0.933181	0.373272	1	0	0	0	0	0	0	0	0	
0.603	0.259259	-1.35769	0.0967742	3.85715	0.933181	0.373272	1	0	0	0	0	0	0	0	0	
0.604	0.259259	-1.35769	0.0967742	3.85715	0.933181	0.373272	1	0	0	0	0	0	0	0	0	
0.605	0.259259	-1.35769	0.0967742	3.85715	0.933181	0.373272	1	0	0	0	0	0	0	0	0	
0.606	0.259259	-1.35769	0.0967742	3.85715	0.933181	0.373272	1	0	0	0	0	0	0	0	0	
0.607	0.259259	-1.35769	0.0967742	3.85715	0.933181	0.373272	1	0	0	0	0	0	0	0	0	
0.608	0.259259	-1.35769	0.0967742	3.85715	0.933181	0.373272	1	0	0	0	0	0	0	0	0	
0.609	0.259259	-1.35769	0.0967742	3.85715	0.933181	0.373272	1	0	0	0	0	0	0	0	0	
0.61	0.259259	-1.35769	0.0967742	3.85715	0.933181	0.373272	1	0	0	0	0	0	0	0	0	
0.611	0.259259	-1.35769	0.0967742	3.85715	0.933181	0.373272	1	0	0	0	0	0	0	0	0	
0.612	0.259259	-1.35769	0.0967742	3.85715	0.933181	0.373272	1	0	0	0	0	0	0	0	0	
0.613	0.259259	-1.35769	0.0967742	3.85715	0.933181	0.373272	1	0	0	0	0	0	0	0	0	
0.614	0.259259	-1.35769	0.0967742	3.85715	0.933181	0.373272	1	0	0	0	0	0	0	0	0	
0.615	0.259259	-1.35769	0.0967742	3.85715	0.933181	0.373272	1	0	0	0	0	0	0	0	0	
0.616	0.259259	-1.35769	0.0967742	3.85715	0.933181	0.373272	1	0	0	0	0	0	0	0	0	
0.617	0.259259	-1.35769	0.0967742	3.85715	0.933181	0.373272	1	0	0	0	0	0	0	0	0	
0.618	0.259259	-1.35769	0.0967742	3.85715	0.933181	0.373272	1	0	0	0	0	0	0	0	0	
0.619	0.259259	-1.35769	0.0967742	3.85715	0.933181	0.373272	1	0	0	0	0	0	0	0	0	
0.62	0.259259	-1.35769	0.0967742	3.85715	0.933181	0.373272	1	0	0	0	0	0	0	0	0	
0.621	0.259259	-1.35769	0.0967742	3.85715	0.933181	0.373272	1	0	0	0	0	0	0	0	0	
0.622	0.259259	-1.35769	0.0967742	3.85715	0.933181	0.373272	1	0	0	0	0	0	0	0	0	
0.623	0.259259	-1.35769	0.0967742	3.85715	0.933181	0.373272	1	0	0	0	0	0	0	0	0	
0.624	0.259259	-1.35769	0.0967742	3.85715	0.933181	0.373272	1	0	0	0	0	0	0	0	0	
0.625	0.259259	-1.35769	0.0967742	3.85715	0.933181	0.373272	1	0	0	0	0	0	0	0	0	
0.626	0.259259	-1.35769	0.0967742	3.85715	0.933181	0.373272	1	0	0	0	0	0	0	0	0	
0.627	0.259259	-1.35769	0.0967742	3.85715	0.933181	0.373272	1	0	0	0	0	0	0	0	0	
0.628	0.259259	-1.35769	0.0967742	3.85715	0.933181	0.373272	1	0	0	0	0	0	0	0	0	
0.629	0.259259	-1.35769	0.0967742	3.85715	0.933181	0.373272	1	0	0	0	0	0	0	0	0	
0.63	0.259259	-1.35769	0.0967742	3.85715	0.933181	0.373272	1	0	0	0	0	0	0	0	0	
0.631	0.259259	-1.35769	0.0967742	3.85715	0.933181	0.373272	1	0	0	0	0	0	0	0	0	
0.632	0.259259	-1.35769	0.0967742	3.85715	0.933181	0.373272	1	0	0	0	0	0	0	0	0	
0.633	0.259259	-1.35769	0.0967742	3.85715	0.933181	0.373272	1	0	0	0	0	0	0	0	0	
0.634	0.259259	-1.35769	0.0967742	3.85715	0.933181	0.373272	1	0	0	0	0	0	0	0	0	
0.635	0.259259	-1.35769	0.0967742	3.85715	0.933181	0.373272	1	0	0	0	0	0	0	0	0	
0.636	0.259259	-1.35769	0.0967742	3.85715	0.933181	0.373272	1	0	0	0	0	0	0	0	0	
0.637	0.259259	-1.35769	0.0967742	3.85715	0.933181	0.373272	1	0	0	0	0	0	0	0	0	
0.638	0.259259	-1.35769	0.0967742	3.85715	0.933181	0.373272	1	0	0	0	0	0	0	0	0	
0.639	0.259259	-1.35769	0.0967742	3.85715	0.933181	0.373272	1	0	0	0	0	0	0	0	0	
0.64	0.259259	-1.35769	0.0967742	3.85715	0.933181	0.373272	1	0	0	0	0	0	0	0	0	
0.641	0.259259	-1.35769	0.0967742	3.85715	0.933181	0.373272	1	0	0	0	0	0	0	0	0	
0.642	0.259259	-1.35769	0.0967742	3.85715	0.933181	0.373272	1	0	0	0	0	0	0	0	0	
0.643	0.259259	-1.35769	0.0967742	3.85715	0.933181	0.373272	1	0	0	0	0	0	0	0	0	
0.644	0.259259	-1.35769	0.0967742	3.85715	0.933181	0.373272	1	0	0	0	0	0	0	0	0	
0.645	0.259259	-1.35769	0.0967742	3.85715	0.933181	0.373272	1	0	0	0	0	0	0	0	0	
0.646	0.259259	-1.35769	0.0967742	3.85715	0.933181	0.373272	1	0	0	0	0	0	0	0	0	
0.647	0.259259	-1.35769	0.0967742	3.85715	0.933181	0.373272	1	0	0	0	0	0	0	0	0	
0.648	0.259259	-1.35769	0.0967742	3.85715	0.933181	0.373272	1	0	0	0	0	0	0	0	0	
0.649	0.259259	-1.35769	0.0967742	3.85715	0.933181	0.373272	1	0	0	0	0	0	0	0	0	
0.65	0.259259	-1.35769	0.0967742	3.85715	0.933181	0.373272	1	0	0	0	0	0	0	0	0	
0.651	0.259259	-1.35769	0.0967742	3.85715	0.933181	0.373272	1	0	0	0	0	0	0	0	0	
0.652	0.259259	-1.35769	0.0967742	3.85715	0.933181	0.373272	1	0	0	0	0	0	0	0	0	
0.653	0.259259	-1.35769	0.0967742	3.85715	0.933181	0.373272	1	0	0	0	0	0	0	0	0	
0.654	0.259259	-1.35769	0.0967742	3.85715	0.933181	0.373272	1	0	0	0	0	0	0	0	0	
0.655	0.259259	-1.35769	0.0967742	3.85715	0.933181	0.373272	1	0	0	0	0	0	0	0	0	
0.656	0.259259	-1.35769	0.0967742	3.85715	0.933181	0.373272	1	0	0	0	0	0	0	0	0	
0.657	0.259259	-1.35769	0.0967742	3.85715	0.933181	0.373272	1	0	0	0	0	0	0	0	0	
0.658	0.259259	-1.35769	0.0967742	3.85715	0.933181	0.373272	1	0	0	0	0	0	0	0	0	
0.659	0.259259	-1.35769	0.0967742	3.85715	0.933181	0.373272	1	0	0	0	0	0	0	0	0	
0.66	0.259259	-1.35769	0.0967742	3.85715	0.933181	0.373272	1	0	0	0	0	0	0	0	0	
0.661	0.259259	-1.35769	0.0967742	3.85715	0.933181	0.373272	1	0	0	0	0	0	0	0	0	
0.662	0.259259	-1.35769	0.0967742	3.85715	0.933181	0.373272	1	0	0	0	0	0	0	0	0	
0.663	0.259259	-1.35769	0.0967742	3.85715	0.933181	0.373272	1	0	0	0	0	0	0	0	0	
0.664	0.259259	-1.35769	0.0967742	3.85715	0.933181	0.373272	1	0	0	0	0	0	0	0	0	
0.665	0.259259	-1.35769	0.0967742	3.85715	0.933181	0.373272	1	0	0	0	0	0	0	0	0	
0.666	0.259259	-1.35769	0.0967742	3.85715	0.933181	0.373272	1	0	0	0	0	0	0	0	0	
0.667	0.259259	-1.35769	0.0967742	3.85715	0.933181	0.373272	1	0	0	0	0	0	0	0	0	
0.668	0.259259	-1.35769	0.0967742	3.85715	0.933181	0.373272	1	0	0	0	0	0	0	0	0	
0.669	0.259259	-1.35769	0.0967742	3.85715	0.933181	0.373272	1	0	0	0	0	0	0	0	0	
0.67	0.259259	-1.35769	0.0967742	3.85715	0.933181	0.373272	1	0	0	0	0	0	0	0	0	
0.671	0.259259	-1.35769	0.0967742	3.85715	0.933181	0.373272	1	0	0	0	0	0	0	0	0	
0.672	0.259259	-1.35769	0.0967742	3.85715	0.933181	0.373272	1	0	0	0	0	0	0	0	0	
0.673	0.259259	-1.35769	0.0967742	3.85715	0.933181	0.373272	1	0	0	0	0	0	0	0	0	
0.674	0.259259	-1.35769	0.0967742	3.85715	0.933181	0.373272	1	0	0	0	0	0	0	0	0	
0.675	0.259259	-1.35769	0.0967742	3.85715	0.933181	0.373272	1	0	0	0	0	0	0	0	0	
0.676	0.259259	-1.35769	0.0967742	3.85715	0.933181	0.373272	1	0	0	0	0	0	0	0	0	
0.677	0.259259	-1.35769	0.0967742	3.85715	0.933181	0.373272	1	0	0	0	0	0	0	0	0	
0.678	0.259259	-1.35769	0.0967742	3.85715	0.933181	0.373272	1	0	0	0	0	0	0	0	0	
0.679	0.259259	-1.35769	0.0967742	3.85715	0.933181	0.373272	1	0	0	0	0	0	0	0	0	
0.68	0.259259	-1.35769	0.0967742	3.85715	0.933181	0.373272	1	0	0	0	0	0	0	0	0	
0.681	0.259259	-1.35769	0.0967742	3.85715	0.933181	0.373272	1	0	0	0	0	0	0	0	0	
0.682	0.259259	-1.35769	0.0967742	3.85715	0.933181	0.373272	1	0	0	0	0	0	0	0	0	
0.683	0.259259	-1.35769	0.0967742	3.85715	0.933181	0.373272	1	0	0	0	0	0	0	0	0	
0.684	0.259259	-1.35769	0.0967742	3.85715	0.933181	0.373272	1	0	0	0	0	0	0	0	0	
0.685	0.259259	-1.35769	0.0967742	3.85715	0.933181	0.373272	1	0	0	0	0	0	0	0	0	
0.686	0.259259	-1.35769	0.0967742	3.85715	0.933181	0.373272	1	0	0	0	0	0	0	0	0	
0.687	0.259259	-1.35769	0.0967742	3.85715	0.933181	0.373272	1	0	0	0	0	0	0	0	0	
0.688	0.259259	-1.35769	0.0967742	3.85715	0.933181	0.373272	1	0	0	0	0	0	0	0	0	
0.689	0.259259	-1.35769	0.0967742	3.85715	0.933181	0.373272	1	0	0	0	0	0	0	0	0	
0.69	0.259259	-1.35769	0.0967742	3.85715	0.933181	0.373272	1	0	0	0	0	0	0	0	0	
0.691	0.259259	-1.35769	0.0967742	3.85715	0.933181	0.373272	1	0	0	0	0	0	0	0	0	
0.692	0.259259	-1.35769	0.0967742	3.85715	0.933181	0.373272	1	0	0	0	0	0	0	0	0	
0.693	0.259259	-1.35769	0.0967742	3.85715	0.933181	0.373272	1	0	0	0	0	0	0	0	0	
0.694	0.259259	-1.35769	0.0967742	3.85715	0.933181	0.373272	1	0	0	0	0	0	0	0	0	
0.695	0.259259	-1.35769	0.0967742	3.85715	0.933181	0.373272	1	0	0	0	0	0	0	0	0	
0.696	0.259259	-1.35769	0.0967742	3.85715	0.933181	0.373272	1	0	0	0	0	0	0	0	0	
0.697	0.259259	-1.35769	0.0967742	3.85715	0.933181	0.373272	1	0	0	0	0	0	0	0	0	
0.698	0.259259	-1.35769	0.0967742	3.85715	0.933181	0.373272	1	0	0	0	0	0	0	0	0	
0.699	0.259259	-1.35769	0.0967742	3.85715	0.933181	0.373272	1	0	0	0	0	0	0	0	0	
0.7	0.259259	-1.35769	0.0967742	3.85715	0.933181	0.373272	1	0	0	0	0	0	0	0	0	
0.701	0.259259	-1.35769	0.0967742	3.85715	0.933181	0.373272	1	0	0	0	0	0	0	0	0	
0.702	0.259259	-1.35769	0.0967742	3.85715	0.933181	0.373272	1	0	0	0	0	0	0	0	0	
0.703	0.259259	-1.35769	0.0967742	3.85715	0.933181	0.373272	1	0	0	0	0	0	0	0	0	
0.704	0.259259	-1.35769	0.0967742	3.85715	0.933181	0.373272	1	0	0	0	0	0	0	0	0	
0.705	0.259259	-1.35769	0.0967742	3.85715	0.933181	0.373272	1	0	0	0	0	0	0	0	0	
0.706	0.259259	-1.35769	0.0967742	3.85715	0.933181	0.373272	1	0	0	0	0	0	0	0	0	
0.707	0.259259	-1.35769	0.0967742	3.85715	0.933181	0.373272	1	0	0	0	0	0	0	0	0	
0.708	0.259259	-1.35769	0.0967742	3.85715	0.933181	0.373272	1	0	0	0	0	0	0	0	0	
0.709	0.259259	-1.35769	0.0967742	3.85715	0.933181	0.373272	1	0	0	0	0	0	0	0	0	
0.71	0.259259	-1.35769	0.0967742	3.85715	0.933181	0.373272	1	0	0	0	0	0	0	0	0	
0.711	0.259259	-1.35769	0.0967742	3.85715	0.933181	0.373272	1	0	0	0	0	0	0	0	0	
0.712	0.259259	-1.35769	0.0967742	3.85715	0.933181	0.373272	1	0	0	0	0	0	0	0	0	
0.713	0.259259	-1.35769	0.0967742	3.85715	0.933181	0.373272	1	0	0	0	0	0	0	0	0	
0.714	0.259259	-1.35769	0.0967742	3.85715	0.933181	0.373272	1	0	0	0	0	0	0	0	0	
0.715	0.259259	-1.35769	0.0967742	3.85715	0.933181	0.373272	1	0	0	0	0	0	0	0	0	
0.716	0.259259	-1.35769	0.0967742	3.85715	0.933181	0.373272	1	0	0	0	0	0	0	0	0	
0.717	0.259259	-1.35769	0.0967742	3.85715	0.933181	0.373272	1	0	0	0	0	0	0	0	0	
0.718	0.259259	-1.35769	0.0967742	3.85715	0.933181	0.373272	1	0	0	0	0	0	0	0	0	
0.719	0.259259	-1.35769	0.0967742	3.85715	0.933181	0.373272	1	0	0	0	0	0	0	0	0	
0.72	0.259259	-1.35769	0.0967742	3.85715	0.933181	0.373272	1	0	0	0	0	0	0	0	0	
0.721	0.259259	-1.35769	0.0967742	3.85715	0.933181	0.373272	1	0	0	0	0	0	0	0	0	
0.722	0.259259	-1.35769	0.0967742	3.85715	0.933181	0.373272	1	0	0	0	0	0	0	0	0	
0.723	0.259259	-1.35769	0.0967742	3.85715	0.933181	0.373272	1	0	0	0	0	0	0	0	0	
0.724	0.259259	-1.35769	0.0967742	3.85715	0.933181	0.373272	1	0	0	0	0	0	0	0	0	
0.725	0.259259	-1.35769	0.0967742	3.85715	0.933181	0.373272	1	0	0	0	0	0	0	0	0	
0.726	0.259259	-1.35769	0.0967742	3.85715	0.933181	0.373272	1	0	0	0	0	0	0	0	0	
0.727	0.259259	-1.35769	0.0967742	3.85715	0.933181	0.373272	1	0	0	0	0	0	0	0	0	
0.728	0.259259	-1.35769	0.0967742	3.85715	0.933181	0.373272	1	0	0	0	0	0	0	0	0	
0.729	0.259259	-1.35769	0.0967742	3.85715	0.933181	0.373272	1	0	0	0	0	0	0	0	0	
0.73	0.259259	-1.35769	0.0967742	3.85715	0.933181	0.373272	1	0	0	0	0	0	0	0	0	
0.731	0.259259	-1.35769	0.0967742	3.85715	0.933181	0.373272	1	0	0	0	0	0	0	0	0	
0.732	0.259259	-1.35769	0.0967742	3.85715	0.933181	0.373272	1	0	0	0	0	0	0	0	0	
0.733	0.259259	-1.35769	0.0967742	3.85715	0.933181	0.373272	1	0	0	0	0	0	0	0	0	
0.734	0.259259	-1.35769	0.0967742	3.85715	0.933181	0.373272	1	0	0	0	0	0	0	0	0	
0.735	0.259259	-1.35769	0.0967742	3.85715	0.933181	0.373272	1	0	0	0	0	0	0	0	0	
0.736	0.259259	-1.35769	0.0967742	3.85715	0.933181	0.373272	1	0	0	0	0	0	0	0	0	
0.737	0.259259	-1.35769	0.0967742	3.85715	0.933181	0.373272	1	0	0	0	0	0	0	0	0	
0.738	0.259259	-1.35769	0.0967742	3.85715	0.933181	0.373272	1	0	0	0	0	0	0	0	0	
0.739	0.259259	-1.35769	0.0967742	3.85715	0.933181	0.373272	1	0	0	0	0	0	0	0	0	
0.74	0.259259	-1.35769	0.0967742	3.85715	0.933181	0.373272	1	0	0	0	0	0	0	0	0	
0.741	0.259259	-1.35769	0.0967742	3.85715	0.933181	0.373272	1	0	0	0	0	0	0	0	0	
0.742	0.259259	-1.35769	0.0967742	3.85715	0.933181	0.373272	1	0	0	0	0	0	0	0	0	
0.743	0.259259	-1.35769	0.0967742	3.85715	0.933181	0.373272	1	0	0	0	0	0	0	0	0	
0.744	0.259259	-1.35769	0.0967742	3.85715	0.933181	0.373272	1	0	0	0	0	0	0	0	0	
0.745	0.259259	-1.35769	0.0967742	3.85715	0.933181	0.373272	1	0	0	0	0	0	0	0	0	
0.746	0.259259	-1.35769	0.0967742	3.85715	0.933181	0.373272	1	0	0	0	0	0	0	0	0	
0.747	0.259259	-1.35769	0.0967742	3.85715	0.933181	0.373272	1	0	0	0	0	0	0	0	0	
0.748	0.259259	-1.35769	0.0967742	3.85715	0.933181	0.373272	1	0	0	0	0	0	0	0	0	
0.749	0.259259	-1.35769	0.0967742	3.85715	0.933181	0.373272	1	0	0	0	0	0	0	0	0	
0.75	0.259259	-1.35769	0.0967742	3.85715	0.933181	0.373272	1	0	0	0	0	0	0	0	0	
0.751	0.259259	-1.35769	0.0967742	3.85715	0.933181	0.373272	1	0	0	0	0	0	0	0	0	
0.752	0.259259	-1.35769	0.0967742	3.85715	0.933181	0.373272	1	0	0	0	0	0	0	0	0	
0.753	0.259259	-1.35769	0.0967742	3.85715	0.933181	0.373272	1	0	0	0	0	0	0	0	0	
0.754	0.259259	-1.35769	0.0967742	3.85715	0.933181	0.373272	1	0	0	0	0	0	0	0	0	
0.755	0.259259	-1.35769	0.0967742	3.85715	0.933181	0.373272	1	0	0	0	0	0	0	0	0	
0.756	0.259259	-1.35769	0.0967742	3.85715	0.933181	0.373272	1	0	0	0	0	0	0	0	0	
0.757	0.259259	-1.35769	0.0967742	3.85715	0.933181	0.373272	1	0	0	0	0	0	0	0	0	
0.758	0.259259	-1.35769	0.0967742	3.85715	0.933181	0.373272	1	0	0	0	0	0	0	0	0	
0.759	0.259259	-1.35769	0.0967742	3.85715	0.933181	0.373272	1	0	0	0	0	0	0	0	0	
0.76	0.259259	-1.35769	0.0967742	3.85715	0.933181	0.373272	1	0	0	0	0	0	0	0	0	
0.761	0.259259	-1.35769	0.0967742	3.85715	0.933181	0.373272	1	0	0	0	0	0	0	0	0	
0.762	0.259259	-1.35769	0.0967742	3.85715	0.933181	0.373272	1	0	0	0	0	0	0	0	0	
0.763	0.259259	-1.35769	0.0967742	3.85715	0.933181	0.373272	1	0	0	0	0	0	0	0	0	
0.764	0.259259	-1.35769	0.0967742	3.85715	0.933181	0.373272	1	0	0	0	0	0	0	0	0	
0.765	0.259259	-1.35769	0.0967742	3.85715	0.933181	0.373272	1	0	0	0	0	0	0	0	0	
0.766	0.259259	-1.35769	0.0967742	3.85715	0.933181	0.373272	1	0	0	0	0	0	0	0	0	
0.767	0.259259	-1.35769	0.0967742	3.85715	0.933181	0.373272	1	0	0	0	0	0	0	0	0	
0.768	0.259259	-1.35769	0.0967742	3.85715	0.933181	0.373272	1	0	0	0	0	0	0	0	0	
0.769	0.259259	-1.35769	0.0967742	3.85715	0.933181	0.373272	1	0	0	0	0	0	0	0	0	
0.77	0.259259	-1.35769	0.0967742	3.85715	0.933181	0.373272	1	0	0	0	0	0	0	0	0	
0.771	0.259259	-1.35769	0.0967742	3.85715	0.933181	0.373272	1	0	0	0	0	0	0	0	0	
0.772	0.259259	-1.35769	0.0967742	3.85715	0.933181	0.373272	1	0	0	0	0	0	0	0	0	
0.773	0.259259	-1.35769	0.0967742	3.85715	0.933181	0.373272	1	0	0	0	0	0	0	0	0	
0.774	0.259259	-1.35769	0.0967742	3.85715	0.933181	0.373272	1	0	0	0	0	0	0	0	0	
0.775	0.259259	-1.35769	0.0967742	3.85715	0.933181	0.373272	1	0	0	0	0	0	0	0	0	
0.776	0.259259	-1.35769	0.0967742	3.85715	0.933181	0.373272	1	0	0	0	0	0	0	0	0	
0.777	0.259259	-1.35769	0.0967742	3.85715	0.933181	0.373272	1	0	0	0	0	0	0	0	0	
0.778	0.259259	-1.35769	0.0967742	3.85715	0.933181	0.373272	1	0	0	0	0	0	0	0	0	
0.779	0.259259	-1.35769	0.0967742	3.85715	0.933181	0.373272	1	0	0	0	0	0	0	0	0	
0.78	0.259259	-1.35769	0.0967742	3.85715	0.933181	0.373272	1	0	0	0	0	0	0	0	0	
0.781	0.259259	-1.35769	0.0967742	3.85715	0.933181	0.373272	1	0	0	0	0	0	0	0	0	
0.782	0.259259	-1.35769	0.0967742	3.85715	0.933181	0.373272	1	0	0	0	0	0	0	0	0	
0.783	0.259259	-1.35769	0.0967742	3.85715	0.933181	0.373272	1	0	0	0	0	0	0	0	0	
0.784	0.259259	-1.35769	0.0967742	3.85715	0.933181	0.373272	1	0	0	0	0	0	0	0	0	
0.785	0.259259	-1.35769	0.0967742	3.85715	0.933181	0.373272	1	0	0	0	0	0	0	0	0	
0.786	0.259259	-1.35769	0.0967742	3.85715	0.933181	0.373272	1	0	0	0	0	0	0	0	0	
0.787	0.259259	-1.35769	0.0967742	3.85715	0.933181	0.373272	1	0	0	0	0	0	0	0	0	
0.788	0.259259	-1.35769	0.0967742	3.85715	0.933181	0.373272	1	0	0	0	0	0	0	0	0	
0.789	0.259259	-1.35769	0.0967742	3.85715	0.933181	0.373272	1	0	0	0	0	0	0	0	0	
0.79	0.259259	-1.35769	0.0967742	3.85715	0.933181	0.373272	1	0	0	0	0	0	0	0	0	
0.791	0.259259	-1.35769	0.0967742	3.85715	0.933181	0.373272	1	0	0	0	0	0	0	0	0	
0.792	0.259259	-1.35769	0.0967742	3.85715	0.933181	0.373272	1	0	0	0	0	0	0	0	0	
0.793	0.259259	-1.35769	0.0967742	3.85715	0.933181	0.373272	1	0	0	0	0	0	0	0	0	
0.794	0.259259	-1.35769	0.0967742	3.85715	0.933181	0.373272	1	0	0	0	0	0	0	0	0	
0.795	0.259259	-1.35769	0.0967742	3.85715	0.933181	0.373272	1	0	0	0	0	0	0	0	0	
0.796	0.259259	-1.35769	0.0967742	3.85715	0.933181	0.373272	1	0	0	0	0	0	0	0	0	
0.797	0.259259	-1.35769	0.0967742	3.85715	0.933181	0.373272	1	0	0	0	0	0	0	0	0	
0.798	0.259259	-1.35769	0.0967742	3.85715	0.933181	0.373272	1	0	0	0	0	0	0	0	0	
0.799	0.259259	-1.35769	0.0967742	3.85715	0.933181	0.373272	1	0	0	0	0	0	0	0	0	
0.8	0.259259	-1.35769	0.0967742	3.85715	0.933181	0.373272	1	0	0	0	0	0	0	0	0	
0.801	0.259259	-1.35769	0.0967742	3.85715	0.933181	0.373272	1	0	0	0	0	0	0	0	0	
0.802	0.259259	-1.35769	0.0967742	3.85715	0.933181	0.373272	1	0	0	0	0	0	0	0	0	
0.803	0.259259	-1.35769	0.0967742	3.85715	0.933181	0.373272	1	0	0	0	0	0	0	0	0	
0.804	0.259259	-1.35769	0.0967742	3.85715	0.933181	0.373272	1	0	0	0	0	0	0	0	0	
0.805	0.259259	-1.35769	0.0967742	3.85715	0.933181	0.373272	1	0	0	0	0	0	0	0	0	
0.806	0.259259	-1.35769	0.0967742	3.85715	0.933181	0.373272	1	0	0	0	0	0	0	0	0	
0.807	0.259259	-1.35769	0.0967742	3.85715	0.933181	0.373272	1	0	0	0	0	0	0	0	0	
0.808	0.259259	-1.35769	0.0967742	3.85715	0.933181	0.373272	1	0	0	0	0	0	0	0	0	
0.809	0.259259	-1.35769	0.0967742	3.85715	0.933181	0.373272	1	0	0	0	0	0	0	0	0	
0.81	0.259259	-1.35769	0.0967742	3.85715	0.933181	0.373272	1	0	0	0	0	0	0	0	0	
0.811	0.259259	-1.35769	0.0967742	3.85715	0.933181	0.373272	1	0	0	0	0	0	0	0	0	
0.812	0.259259	-1.35769	0.0967742	3.85715	0.933181	0.373272	1	0	0	0	0	0	0	0	0	
0.813	0.259259	-1.35769	0.0967742	3.85715	0.933181	0.373272	1	0	0	0	0	0	0	0	0	
0.814	0.259259	-1.35769	0.0967742	3.85715	0.933181	0.373272	1	0	0	0	0	0	0	0	0	
0.815	0.259259	-1.35769	0.0967742	3.85715	0.933181	0.373272	1	0	0	0	0	0	0	0	0	
0.816	0.259259	-1.35769	0.0967742	3.85715	0.933181	0.373272	1	0	0	0	0	0	0	0	0	
0.817	0.259259	-1.35769	0.0967742	3.85715	0.933181	0.373272	1	0	0	0	0	0	0	0	0	
0.818	0.259259	-1.35769	0.0967742	3.85715	0.933181	0.373272	1	0	0	0	0	0	0	0	0	
0.819	0.259259	-1.35769	0.0967742	3.85715	0.933181	0.373272	1	0	0	0	0	0	0	0	0	
0.82	0.259259	-1.35769	0.0967742	3.85715	0.933181	0.373272	1	0	0	0	0	0	0	0	0	
0.821	0.259259	-1.35769	0.0967742	3.85715	0.933181	0.373272	1	0	0	0	0	0	0	0	0	
0.822	0.259259	-1.35769	0.0967742	3.85715	0.933181	0.373272	1	0	0	0	0	0	0	0	0	
0.823	0.259259	-1.35769	0.0967742	3.85715	0.933181	0.373272	1	0	0	0	0	0	0	0	0	
0.824	0.259259	-1.35769	0.0967742	3.85715	0.933181	0.373272	1	0	0	0	0	0	0	0	0	
0.825	0.259259	-1.35769	0.0967742	3.85715	0.933181	0.373272	1	0	0	0	0	0	0	0	0	
0.826	0.259259	-1.35769	0.0967742	3.85715	0.933181	0.373272	1	0	0	0	0	0	0	0	0	
0.827	0.259259	-1.35769	0.0967742	3.85715	0.933181	0.373272	1	0	0	0	0	0	0	0	0	
0.828	0.259259	-1.35769	0.0967742	3.85715	0.933181	0.373272	1	0	0	0	0	0	0	0	0	
0.829	0.259259	-1.35769	0.0967742	3.85715	0.933181	0.373272	1	0	0	0	0	0	0	0	0	
0.83	0.259259	-1.35769	0.0967742	3.85715	0.933181	0.373272	1	0	0	0	0	0	0	0	0	
0.831	0.259259	-1.35769	0.0967742	3.85715	0.933181	0.373272	1	0	0	0	0	0	0	0	0	
0.832	0.259259	-1.35769	0.0967742	3.85715	0.933181	0.373272	1	0	0	0	0	0	0	0	0	
0.833	0.259259	-1.35769	0.0967742	3.85715	0.933181	0.373272	1	0	0	0	0	0	0	0	0	
0.834	0.259259	-1.35769	0.0967742	3.85715	0.933181	0.373272	1	0	0	0	0	0	0	0	0	
0.835	0.259259	-1.35769	0.0967742	3.85715	0.933181	0.373272	1	0	0	0	0	0	0	0	0	
0.836	0.259259	-1.35769	0.0967742	3.85715	0.933181	0.373272	1	0	0	0	0	0	0	0	0	
0.837	0.259259	-1.35769	0.0967742	3.85715	0.933181	0.373272	1	0	0	0	0	0	0	0	0	
0.838	0.259259	-1.35769	0.0967742	3.85715	0.933181	0.373272	1	0	0	0	0	0	0	0	0	
0.839	0.259259	-1.35769	0.0967742	3.85715	0.933181	0.373272	1	0	0	0	0	0	0	0	0	
0.84	0.259259	-1.35769	0.0967742	3.85715	0.933181	0.373272	1	0	0	0	0	0	0	0	0	
0.841	0.259259	-1.35769	0.0967742	3.85715	0.933181	0.373272	1	0	0	0	0	0	0	0	0	
0.842	0.259259	-1.35769	0.0967742	3.85715	0.933181	0.373272	1	0	0	0	0	0	0	0	0	
0.843	0.259259	-1.35769	0.0967742	3.85715	0.933181	0.373272	1	0	0	0	0	0	0	0	0	
0.844	0.259259	-1.35769	0.0967742	3.85715	0.933181	0.373272	1	0	0	0	0	0	0	0	0	
0.845	0.259259	-1.35769	0.0967742	3.85715	0.933181	0.373272	1	0	0	0	0	0	0	0	0	
0.846	0.259259	-1.35769	0.0967742	3.85715	0.933181	0.373272	1	0	0	0	0	0	0	0	0	
0.847	0.259259	-1.35769	0.0967742	3.85715	0.933181	0.373272	1	0	0	0	0	0	0	0	0	
0.848	0.259259	-1.35769	0.0967742	3.85715	0.933181	0.373272	1	0	0	0	0	0	0	0	0	
0.849	0.259259	-1.35769	0.0967742	3.85715	0.933181	0.373272	1	0	0	0	0	0	0	0	0	
0.85	0.259259	-1.35769	0.0967742	3.85715	0.933181	0.373272	1	0	0	0	0	0	0	0	0	
0.851	0.259259	-1.35769	0.0967742	3.85715	0.933181	0.373272	1	0	0	0	0	0	0	0	0	
0.852	0.259259	-1.35769	0.0967742	3.85715	0.933181	0.373272	1	0	0	0	0	0	0	0	0	
0.853	0.259259	-1.35769	0.0967742	3.85715	0.933181	0.373272	1	0	0	0	0	0	0	0	0	
0.854	0.259259	-1.35769	0.0967742	3.85715	0.933181	0.373272	1	0	0	0	0	0	0	0	0	
0.855	0.259259	-1.35769	0.0967742	3.85715	0.933181	0.373272	1	0	0	0	0	0	0	0	0	
0.856	0.259259	-1.35769	0.0967742	3.85715	0.933181	0.373272	1	0	0	0	0	0	0	0	0	
0.857	0.259259	-1.35769	0.0967742	3.85715	0.933181	0.373272	1	0	0	0	0	0	0	0	0	
0.858	0.259259	-1.35769	0.0967742	3.85715	0.933181	0.373272	1	0	0	0	0	0	0	0	0	
0.859	0.259259	-1.35769	0.0967742	3.85715	0.933181	0.373272	1	0	0	0	0	0	0	0	0	
0.86	0.259259	-1.35769	0.0967742	3.85715	0.933181	0.373272	1	0	0	0	0	0	0	0	0	
0.861	0.259259	-1.35769	0.0967742	3.85715	0.933181	0.373272	1	0	0	0	0	0	0	0	0	
0.862	0.259259	-1.35769	0.0967742	3.85715	0.933181	0.373272	1	0	0	0	0	0	0	0	0	
0.863	0.259259	-1.35769	0.0967742	3.85715	0.933181	0.373272	1	0	0	0	0	0	0	0	0	
0.864	0.259259	-1.35769	0.0967742	3.85715	0.933181	0.373272	1	0	0	0	0	0	0	0	0	
0.865	0.259259	-1.35769	0.0967742	3.85715	0.933181	0.373272	1	0	0	0	0	0	0	0	0	
0.866	0.259259	-1.35769	0.0967742	3.85715	0.933181	0.373272	1	0	0	0	0	0	0	0	0	
0.867	0.259259	-1.35769	0.0967742	3.85715	0.933181	0.373272	1	0	0	0	0	0	0	0	0	
0.868	0.259259	-1.35769	0.0967742	3.85715	0.933181	0.373272	1	0	0	0	0	0	0	0	0	
0.869	0.259259	-1.35769	0.0967742	3.85715	0.933181	0.373272	1	0	0	0	0	0	0	0	0	
0.87	0.259259	-1.35769	0.0967742	3.85715	0.933181	0.373272	1	0	0	0	0	0	0	0	0	
0.871	0.259259	-1.35769	0.0967742	3.85715	0.933181	0.373272	1	0	0	0	0	0	0	0	0	
0.872	0.259259	-1.35769	0.0967742	3.85715	0.933181	0.373272	1	0	0	0	0	0	0	0	0	
0.873	0.259259	-1.35769	0.0967742	3.85715	0.933181	0.373272	1	0	0	0	0	0	0	0	0	
0.874	0.259259	-1.35769	0.0967742	3.85715	0.933181	0.373272	1	0	0	0	0	0	0	0	0	
0.875	0.259259	-1.35769	0.0967742	3.85715	0.933181	0.373272	1	0	0	0	0	0	0	0	0	
0.876	0.259259	-1.35769	0.0967742	3.85715	0.933181	0.373272	1	0	0	0	0	0	0	0	0	
0.877	0.259259	-1.35769	0.0967742	3.85715	0.933181	0.373272	1	0	0	0	0	0	0	0	0	
0.878	0.259259	-1.35769	0.0967742	3.85715	0.933181	0.373272	1	0	0	0	0	0	0	0	0	
0.879	0.259259	-1.35769	0.0967742	3.85715	0.933181	0.373272	1	0	0	0	0	0	0	0	0	
0.88	0.259259	-1.35769	0.0967742	3.85715	0.933181	0.373272	1	0	0	0	0	0	0	0	0	
0.881	0.259259	-1.35769	0.0967742	3.85715	0.933181	0.373272	1	0	0	0	0	0	0	0	0	
0.882	0.259259	-1.35769	0.0967742	3.85715	0.933181	0.373272	1	0	0	0	0	0	0	0	0	
0.883	0.259259	-1.35769	0.0967742	3.85715	0.933181	0.373272	1	0	0	0	0	0	0	0	0	
0.884	0.259259	-1.35769	0.0967742	3.85715	0.933181	0.373272	1	0	0	0	0	0	0	0	0	
0.885	0.259259	-1.35769	0.0967742	3.85715	0.933181	0.373272	1	0	0	0	0	0	0	0	0	
0.886	0.259259	-1.35769	0.0967742	3.85715	0.933181	0.373272	1	0	0	0	0	0	0	0	0	
0.887	0.259259	-1.35769	0.0967742	3.85715	0.933181	0.373272	1	0	0	0	0	0	0	0	0	
0.888	0.259259	-1.35769	0.0967742	3.85715	0.933181	0.373272	1	0	0	0	0	0	0	0	0	
0.889	0.259259	-1.35769	0.0967742	3.85715	0.933181	0.373272	1	0	0	0	0	0	0	0	0	
0.89	0.259259	-1.35769	0.0967742	3.85715	0.933181	0.373272	1	0	0	0	0	0	0	0	0	
0.891	0.259259	-1.35769	0.0967742	3.85715	0.933181	0.373272	1	0	0	0	0	0	0	0	0	
0.892	0.259259	-1.35769	0.0967742	3.85715	0.933181	0.373272	1	0	0	0	0	0	0	0	0	
0.893	0.259259	-1.35769	0.0967742	3.85715	0.933181	0.373272	1	0	0	0	0	0	0	0	0	
0.894	0.259259	-1.35769	0.0967742	3.85715	0.933181	0.373272	1	0	0	0	0	0	0	0	0	
0.895	0.259259	-1.35769	0.0967742	3.85715	0.933181	0.373272	1	0	0	0	0	0	0	0	0	
0.896	0.259259	-1.35769	0.0967742	3.85715	0.933181	0.373272	1	0	0	0	0	0	0	0	0	
0.897	0.259259	-1.35769	0.0967742	3.85715	0.933181	0.373272	1	0	0	0	0	0	0	0	0	
0.898	0.259259	-1.35769	0.0967742	3.85715	0.933181	0.373272	1	0	0	0	0	0	0	0	0	
0.899	0.259259	-1.35769	0.0967742	3.85715	0.933181	0.373272	1	0	0	0	0	0	0	0	0	
0.9	0.259259	-1.35769	0.0967742	3.85715	0.933181	0.373272	1	0	0	0	0	0	0	0	0	
0.901	0.259259	-1.35769	0.0967742	3.85715	0.933181	0.373272	1	0	0	0	0	0	0	0	0	
0.902	0.259259	-1.35769	0.0967742	3.85715	0.933181	0.373272	1	0	0	0	0	0	0	0	0	
0.903	0.259259	-1.35769	0.0967742	3.85715	0.933181	0.373272	1	0	0	0	0	0	0	0	0	
0.904	0.259259	-1.35769	0.0967742	3.85715	0.933181	0.373272	1	0	0	0	0	0	0	0	0	
0.905	0.259259	-1.35769	0.0967742	3.85715	0.933181	0.373272	1	0	0	0	0	0	0	0	0	
0.906	0.259259	-1.35769	0.0967742	3.85715	0.933181	0.373272	1	0	0	0	0	0	0	0	0	
0.907	0.259259	-1.35769	0.0967742	3.85715	0.933181	0.373272	1	0	0	0	0	0	0	0	0	
0.908	0.259259	-1.35769	0.0967742	3.85715	0.933181	0.373272	1	0	0	0	0	0	0	0	0	
0.909	0.259259	-1.35769	0.0967742	3.85715	0.933181	0.373272	1	0	0	0	0	0	0	0	0	
0.91	0.259259	-1.35769	0.0967742	3.85715	0.933181	0.373272	1	0	0	0	0	0	0	0	0	
0.911	0.259259	-1.35769	0.0967742	3.85715	0.933181	0.373272	1	0	0	0	0	0	0	0	0	
0.912	0.259259	-1.35769	0.0967742	3.85715	0.933181	0.373272	1	0	0	0	0	0	0	0	0	
0.913	0.259259	-1.35769	0.0967742	3.85715	0.933181	0.373272	1	0	0	0	0	0	0	0	0	
0.914	0.259259	-1.35769	0.0967742	3.85715	0.933181	0.373272	1	0	0	0	0	0	0	0	0	
0.915	0.259259	-1.35769	0.0967742	3.85715	0.933181	0.373272	1	0	0	0	0	0	0	0	0	
0.916	0.259259	-1.35769	0.0967742	3.85715	0.933181	0.373272	1	0	0	0	0	0	0	0	0	
0.917	0.259259	-1.35769	0.0967742	3.85715	0.933181	0.373272	1	0	0	0	0	0	0	0	0	
0.918	0.259259	-1.35769	0.0967742	3.85715	0.933181	0.373272	1	0	0	0	0	0	0	0	0	
0.919	0.259259	-1.35769	0.0967742	3.85715	0.933181	0.373272	1	0	0	0	0	0	0	0	0	
0.92	0.259259	-1.35769	0.0967742	3.85715	0.933181	0.373272	1	0	0	0	0	0	0	0	0	
0.921	0.259259	-1.35769	0.0967742	3.85715	0.933181	0.373272	1	0	0	0	0	0	0	0	0	
0.922	0.259259	-1.35769	0.0967742	3.85715	0.933181	0.373272	1	0	0	0	0	0	0	0	0	
0.923	0.259259	-1.35769	0.0967742	3.85715	0.933181	0.373272	1	0	0	0	0	0	0	0	0	
0.924	0.259259	-1.35769	0.0967742	3.85715	0.933181	0.373272	1	0	0	0	0	0	0	0	0	
0.925	0.259259	-1.35769	0.0967742	3.85715	0.933181	0.373272	1	0	0	0	0	0	0	0	0	
0.926	0.259259	-1.35769	0.0967742	3.85715	0.933181	0.373272	1	0	0	0	0	0	0	0	0	
0.927	0.259259	-1.35769	0.0967742	3.85715	0.933181	0.373272	1	0	0	0	0	0	0	0	0	
0.928	0.259259	-1.35769	0.0967742	3.85715	0.933181	0.373272	1	0	0	0	0	0	0	0	0	
0.929	0.259259	-1.35769	0.0967742	3.85715	0.933181	0.373272	1	0	0	0	0	0	0	0	0	
0.93	0.259259	-1.35769	0.0967742	3.85715	0.933181	0.373272	1	0	0	0	0	0	0	0	0	
0.931	0.259259	-1.35769	0.0967742	3.85715	0.933181	0.373272	1	0	0	0	0	0	0	0	0	
0.932	0.259259	-1.35769	0.0967742	3.85715	0.933181	0.373272	1	0	0	0	0	0	0	0	0	
0.933	0.259259	-1.35769	0.0967742	3.85715	0.933181	0.373272	1	0	0	0	0	0	0	0	0	
0.934	0.259259	-1.35769	0.0967742	3.85715	0.933181	0.373272	1	0	0	0	0	0	0	0	0	
0.935	0.259259	-1.35769	0.0967742	3.85715	0.933181	0.373272	1	0	0	0	0	0	0	0	0	
0.936	0.259259	-1.35769	0.0967742	3.85715	0.933181	0.373272	1	0	0	0	0	0	0	0	0	
0.937	0.259259	-1.35769	0.0967742	3.85715	0.933181	0.373272	1	0	0	0	0	0	0	0	0	
0.938	0.259259	-1.35769	0.0967742	3.85715	0.933181	0.373272	1	0	0	0	0	0	0	0	0	
0.939	0.259259	-1.35769	0.0967742	3.85715	0.933181	0.373272	1	0	0	0	0	0	0	0	0	
0.94	0.259259	-1.35769	0.0967742	3.85715	0.933181	0.373272	1	0	0	0	0	0	0	0	0	
0.941	0.259259	-1.35769	0.0967742	3.85715	0.933181	0.373272	1	0	0	0	0	0	0	0	0	
0.942	0.259259	-1.35769	0.0967742	3.85715	0.933181	0.373272	1	0	0	0	0	0	0	0	0	
0.943	0.259259	-1.35769	0.0967742	3.85715	0.933181	0.373272	1	0	0	0	0	0	0	0	0	
0.944	0.259259	-1.35769	0.0967742	3.85715	0.933181	0.373272	1	0	0	0	0	0	0	0	0	
0.945	0.259259	-1.35769	0.0967742	3.85715	0.933181	0.373272	1	0	0	0	0	0	0	0	0	
0.946	0.259259	-1.35769	0.0967742	3.85715	0.933181	0.373272	1	0	0	0	0	0	0	0	0	
0.947	0.259259	-1.35769	0.0967742	3.85715	0.933181	0.373272	1	0	0	0	0	0	0	0	0	
0.948	0.259259	-1.35769	0.0967742	3.85715	0.933181	0.373272	1	0	0	0	0	0	0	0	0	
0.949	0.259259	-1.35769	0.0967742	3.85715	0.933181	0.373272	1	0	0	0	0	0	0	0	0	
0.95	0.259259	-1.35769	0.0967742	3.85715	0.933181	0.373272	1	0	0	0	0	0	0	0	0	
0.951	0.259259	-1.35769	0.0967742	3.85715	0.933181	0.373272	1	0	0	0	0	0	0	0	0	
0.952	0.259259	-1.35769	0.0967742	3.85715	0.933181	0.373272	1	0	0	0	0	0	0	0	0	
0.953	0.259259	-1.35769	0.0967742	3.85715	0.933181	0.373272	1	0	0	0	0	0	0	0	0	
0.954	0.259259	-1.35769	0.0967742	3.85715	0.933181	0.373272	1	0	0	0	0	0	0	0	0	
0.955	0.259259	-1.35769	0.0967742	3.85715	0.933181	0.373272	1	0	0	0	0	0	0	0	0	
0.956	0.259259	-1.35769	0.0967742	3.85715	0.933181	0.373272	1	0	0	0	0	0	0	0	0	
0.957	0.259259	-1.35769	0.0967742	3.85715	0.933181	0.373272	1	0	0	0	0	0	0	0	0	
0.958	0.259259	-1.35769	0.0967742	3.85715	0.933181	0.373272	1	0	0	0	0	0	0	0	0	
0.959	0.259259	-1.35769	0.0967742	3.85715	0.933181	0.373272	1	0	0	0	0	0	0	0	0	
0.96	0.259259	-1.35769	0.0967742	3.85715	0.933181	0.373272	1	0	0	0	0	0	0	0	0	
0.961	0.259259	-1.35769	0.0967742	3.85715	0.933181	0.373272	1	0	0	0	0	0	0	0	0	
0.962	0.259259	-1.35769	0.0967742	3.85715	0.933181	0.373272	1	0	0	0	0	0	0	0	0	
0.963	0.259259	-1.35769	0.0967742	3.85715	0.933181	0.373272	1	0	0	0	0	0	0	0	0	
0.964	0.259259	-1.35769	0.0967742	3.85715	0.933181	0.373272	1	0	0	0	0	0	0	0	0	
0.965	0.259259	-1.35769	0.0967742	3.85715	0.933181	0.373272	1	0	0	0	0	0	0	0	0	
0.966	0.259259	-1.35769	0.0967742	3.85715	0.933181	0.373272	1	0	0	0	0	0	0	0	0	
0.967	0.259259	-1.35769	0.0967742	3.85715	0.933181	0.373272	1	0	0	0	0	0	0	0	0	
0.968	0.259259	-1.35769	0.0967742	3.85715	0.933181	0.373272	1	0	0	0	0	0	0	0	0	
0.969	0.259259	-1.35769	0.0967742	3.85715	0.933181	0.373272	1	0	0	0	0	0	0	0	0	
0.97	0.259259	-1.35769	0.0967742	3.85715	0.933181	0.373272	1	0	0	0	0	0	0	0	0	
0.971	0.259259	-1.35769	0.0967742	3.85715	0.933181	0.373272	1	0	0	0	0	0	0	0	0	
0.972	0.259259	-1.35769	0.0967742	3.85715	0.933181	0.373272	1	0	0	0	0	0	0	0	0	
0.973	0.259259	-1.35769	0.0967742	3.85715	0.933181	0.373272	1	0	0	0	0	0	0	0	0	
0.974	0.259259	-1.35769	0.0967742	3.85715	0.933181	0.373272	1	0	0	0	0	0	0	0	0	
0.975	0.259259	-1.35769	0.0967742	3.85715	0.933181	0.373272	1	0	0	0	0	0	0	0	0	
0.976	0.259259	-1.35769	0.0967742	3.85715	0.933181	0.373272	1	0	0	0	0	0	0	0	0	
0.977	0.259259	-1.35769	0.0967742	3.85715	0.933181	0.373272	1	0	0	0	0	0	0	0	0	
0.978	0.259259	-1.35769	0.0967742	3.85715	0.933181	0.373272	1	0	0	0	0	0	0	0	0	
0.979	0.259259	-1.35769	0.0967742	3.85715	0.933181	0.373272	1	0	0	0	0	0	0	0	0	
0.98	0.259259	-1.35769	0.0967742	3.85715	0.933181	0.373272	1	0	0	0	0	0	0	0	0	
0.981	0.259259	-1.35769	0.0967742	3.85715	0.933181	0.373272	1	0	0	0	0	0	0	0	0	
0.982	0.259259	-1.35769	0.0967742	3.85715	0.933181	0.373272	1	0	0	0	0	0	0	0	0	
0.983	0.259259	-1.35769	0.0967742	3.85715	0.933181	0.373272	1	0	0	0	0	0	0	0	0	
0.984	0.259259	-1.35769	0.0967742	3.85715	0.933181	0.373272	1	0	0	0	0	0	0	0	0	
0.985	0.259259	-1.35769	0.0967742	3.85715	0.933181	0.373272	1	0	0	0	0	0	0	0	0	
0.986	0.259259	-1.35769	0.0967742	3.85715	0.933181	0.373272	1	0	0	0	0	0	0	0	0	
0.987	0.259259	-1.35769	0.0967742	3.85715	0.933181	0.373272	1	0	0	0	0	0	0	0	0	
0.988	0.259259	-1.35769	0.0967742	3.85715	0.933181	0.373272	1	0	0	0	0	0	0	0	0	
0.989	0.259259	-1.35769	0.0967742	3.85715	0.933181	0.373272	1	0	0	0	0	0	0	0	0	
0.99	0.259259	-1.35769	0.0967742	3.85715	0.933181	0.373272	1	0	0	0	0	0	0	0	0	
0.991	0.259259	-1.35769	0.0967742	3.85715	0.933181	0.373272	1	0	0	0	0	0	0	0	0	
0.992	0.259259	-1.35769	0.0967742	3.85715	0.933181	0.373272	1	0	0	0	0	0	0	0	0	
0.993	0.259259	-1.35769	0.0967742	3.85715	0.933181	0.373272	1	0	0	0	0	0	0	0	0	
0.994	0.259259	-1.35769	0.0967742	3.85715	0.933181	0.373272	1	0	0	0	0	0	0	0	0	
0.995	0.259259	-1.35769	0.0967742	3.85715	0.933181	0.373272	1	0	0	0	0	0	0	0	0	
0.996	0.259259	-1.35769	0.0967742	3.85715	0.933181	0.373272	1	0	0	0	0	0	0	0	0	
0.997	0.259259	-1.35769	0.0967742	3.85715	0.933181	0.373272	1	0	0	0	0	0	0	0	0	
0.998	0.259259	-1.35769	0.0967742	3.85715	0.933181	0.373272	1	0	0	0	0	0	0	0	0	
0.999	0.259259	-1.35769	0.0967742	3.85715	0.933181	0.373272	1	0	0	0	0	0	0	0	0	
1	0.259259	-1.35769	0.0967742	3.85715	0.933181	0.373272	1	0	0	0	0	0	0	0	0	
