|||||||||||||||||||||||||||||||||***SIMULATION: detonation***||||||||||||||||||||||||||||||||||
Sanpshot time = 1.23. Timestep = 2846. Run time = 5 seconds
No. of cells = 1000
#Position	 Density	 Velocity	 Pressure	 Specific_Volume I_Energy	 Temperature	 Species
-0.001	0.75084	0.000598816	1.93078	1.33184	6.42874	0	9.34135e-08	0	0	0	0	0	0	0	0	
0	0.750815	0.000200469	1.9308	1.33189	6.42901	0	9.6507e-08	0	0	0	0	0	0	0	0	
0.001	0.750815	-0.000200469	1.9308	1.33189	6.42901	2.5716	9.6507e-08	0	0	0	0	0	0	0	0	
0.002	0.75084	-0.000598816	1.93078	1.33184	6.42874	2.5715	9.34135e-08	0	0	0	0	0	0	0	0	
0.003	0.749638	-0.000997052	1.93075	1.33398	6.43893	2.57557	9.89978e-08	0	0	0	0	0	0	0	0	
0.004	0.750453	-0.00139496	1.9307	1.33253	6.43179	2.57272	9.7975e-08	0	0	0	0	0	0	0	0	
0.005	0.747963	-0.00179265	1.93064	1.33696	6.453	2.5812	9.68461e-08	0	0	0	0	0	0	0	0	
0.006	0.746482	-0.00218999	1.93057	1.33962	6.46556	2.58623	8.879e-08	0	0	0	0	0	0	0	0	
0.007	0.746889	-0.00258686	1.93049	1.33889	6.46177	2.58471	9.26364e-08	0	0	0	0	0	0	0	0	
0.008	0.748242	-0.00298312	1.9304	1.33647	6.44978	2.57991	9.26161e-08	0	0	0	0	0	0	0	0	
0.009	0.749979	-0.00337866	1.9303	1.33337	6.43451	2.5738	9.17882e-08	0	0	0	0	0	0	0	0	
0.01	0.751789	-0.0037733	1.93019	1.33016	6.41867	2.56747	9.07521e-08	0	0	0	0	0	0	0	0	
0.011	0.753436	-0.00416691	1.93008	1.32725	6.40428	2.56171	9.63957e-08	0	0	0	0	0	0	0	0	
0.012	0.754853	-0.00455935	1.92997	1.32476	6.39187	2.55675	9.41347e-08	0	0	0	0	0	0	0	0	
0.013	0.755997	-0.0049505	1.92986	1.32276	6.38183	2.55273	9.39871e-08	0	0	0	0	0	0	0	0	
0.014	0.756822	-0.00534029	1.92974	1.32132	6.37449	2.5498	9.33701e-08	0	0	0	0	0	0	0	0	
0.015	0.757372	-0.00572868	1.92963	1.32035	6.36948	2.54779	9.66049e-08	0	0	0	0	0	0	0	0	
0.016	0.757725	-0.00611569	1.92951	1.31974	6.36615	2.54646	9.56546e-08	0	0	0	0	0	0	0	0	
0.017	0.757921	-0.0065014	1.9294	1.3194	6.36413	2.54565	9.49456e-08	0	0	0	0	0	0	0	0	
0.018	0.757992	-0.00688595	1.9293	1.31928	6.36318	2.54527	9.56596e-08	0	0	0	0	0	0	0	0	
0.019	0.757977	-0.00726955	1.92919	1.3193	6.36296	2.54519	9.40291e-08	0	0	0	0	0	0	0	0	
0.02	0.757925	-0.00765246	1.92909	1.31939	6.36307	2.54523	9.18072e-08	0	0	0	0	0	0	0	0	
0.021	0.757875	-0.00803501	1.929	1.31948	6.36317	2.54527	9.03512e-08	0	0	0	0	0	0	0	0	
0.022	0.757853	-0.00841758	1.9289	1.31952	6.36305	2.54522	9.03384e-08	0	0	0	0	0	0	0	0	
0.023	0.757874	-0.00880062	1.92881	1.31948	6.36258	2.54503	9.1781e-08	0	0	0	0	0	0	0	0	
0.024	0.757945	-0.00918458	1.92873	1.31936	6.36169	2.54468	9.38706e-08	0	0	0	0	0	0	0	0	
0.025	0.758067	-0.00956996	1.92864	1.31914	6.36039	2.54415	9.49657e-08	0	0	0	0	0	0	0	0	
0.026	0.758236	-0.00995726	1.92856	1.31885	6.35869	2.54348	9.40457e-08	0	0	0	0	0	0	0	0	
0.027	0.758442	-0.010347	1.92847	1.31849	6.35669	2.54268	9.29478e-08	0	0	0	0	0	0	0	0	
0.028	0.758675	-0.0107397	1.92839	1.31809	6.35446	2.54179	9.38519e-08	0	0	0	0	0	0	0	0	
0.029	0.758921	-0.0111359	1.9283	1.31766	6.35212	2.54085	9.39317e-08	0	0	0	0	0	0	0	0	
0.03	0.75917	-0.0115359	1.92821	1.31723	6.34974	2.5399	9.20847e-08	0	0	0	0	0	0	0	0	
0.031	0.759413	-0.0119403	1.92812	1.31681	6.34741	2.53896	9.12815e-08	0	0	0	0	0	0	0	0	
0.032	0.759647	-0.0123494	1.92802	1.3164	6.34513	2.53805	9.18693e-08	0	0	0	0	0	0	0	0	
0.033	0.759875	-0.0127637	1.92792	1.31601	6.34287	2.53715	9.2881e-08	0	0	0	0	0	0	0	0	
0.034	0.760106	-0.0131833	1.9278	1.31561	6.34057	2.53623	9.24323e-08	0	0	0	0	0	0	0	0	
0.035	0.76035	-0.0136086	1.92768	1.31518	6.33813	2.53525	9.04627e-08	0	0	0	0	0	0	0	0	
0.036	0.760614	-0.0140397	1.92754	1.31473	6.33549	2.5342	8.91411e-08	0	0	0	0	0	0	0	0	
0.037	0.760904	-0.0144768	1.9274	1.31423	6.33259	2.53304	8.87323e-08	0	0	0	0	0	0	0	0	
0.038	0.761221	-0.0149201	1.92724	1.31368	6.32942	2.53177	8.92004e-08	0	0	0	0	0	0	0	0	
0.039	0.761566	-0.0153695	1.92706	1.31308	6.32598	2.53039	9.03408e-08	0	0	0	0	0	0	0	0	
0.04	0.761935	-0.015825	1.92687	1.31245	6.32228	2.52891	9.17895e-08	0	0	0	0	0	0	0	0	
0.041	0.762328	-0.0162867	1.92666	1.31177	6.31834	2.52734	9.30522e-08	0	0	0	0	0	0	0	0	
0.042	0.762742	-0.0167542	1.92643	1.31106	6.31417	2.52567	9.369e-08	0	0	0	0	0	0	0	0	
0.043	0.763176	-0.0172276	1.92619	1.31031	6.30979	2.52392	9.36965e-08	0	0	0	0	0	0	0	0	
0.044	0.763627	-0.0177066	1.92593	1.30954	6.30522	2.52209	9.36387e-08	0	0	0	0	0	0	0	0	
0.045	0.76409	-0.0181908	1.92566	1.30875	6.30049	2.52019	9.39448e-08	0	0	0	0	0	0	0	0	
0.046	0.76456	-0.01868	1.92536	1.30794	6.29566	2.51827	9.41108e-08	0	0	0	0	0	0	0	0	
0.047	0.765025	-0.0191738	1.92506	1.30715	6.29083	2.51633	9.37541e-08	0	0	0	0	0	0	0	0	
0.048	0.765475	-0.0196717	1.92473	1.30638	6.28607	2.51443	9.38097e-08	0	0	0	0	0	0	0	0	
0.049	0.7659	-0.0201735	1.92439	1.30565	6.28148	2.51259	9.47219e-08	0	0	0	0	0	0	0	0	
0.05	0.766293	-0.0206785	1.92404	1.30498	6.27711	2.51084	9.62032e-08	0	0	0	0	0	0	0	0	
0.051	0.766653	-0.0211863	1.92368	1.30437	6.27298	2.50919	9.76392e-08	0	0	0	0	0	0	0	0	
0.052	0.766984	-0.0216964	1.92331	1.30381	6.26905	2.50762	9.81951e-08	0	0	0	0	0	0	0	0	
0.053	0.767298	-0.0222083	1.92292	1.30327	6.26524	2.50609	9.78211e-08	0	0	0	0	0	0	0	0	
0.054	0.767608	-0.0227215	1.92253	1.30275	6.26143	2.50457	9.66309e-08	0	0	0	0	0	0	0	0	
0.055	0.767927	-0.0232357	1.92213	1.30221	6.25752	2.50301	9.49428e-08	0	0	0	0	0	0	0	0	
0.056	0.768268	-0.0237504	1.92172	1.30163	6.25342	2.50137	9.34193e-08	0	0	0	0	0	0	0	0	
0.057	0.768637	-0.0242653	1.92131	1.301	6.24908	2.49963	9.27795e-08	0	0	0	0	0	0	0	0	
0.058	0.769033	-0.0247802	1.92089	1.30033	6.2445	2.4978	9.30432e-08	0	0	0	0	0	0	0	0	
0.059	0.769452	-0.0252949	1.92047	1.29963	6.23973	2.49589	9.34028e-08	0	0	0	0	0	0	0	0	
0.06	0.769885	-0.0258095	1.92004	1.29889	6.23483	2.49393	9.33452e-08	0	0	0	0	0	0	0	0	
0.061	0.770322	-0.0263239	1.91961	1.29816	6.2299	2.49196	9.31952e-08	0	0	0	0	0	0	0	0	
0.062	0.770754	-0.0268385	1.91917	1.29743	6.22499	2.49	9.31711e-08	0	0	0	0	0	0	0	0	
0.063	0.771173	-0.0273535	1.91873	1.29673	6.22018	2.48807	9.32548e-08	0	0	0	0	0	0	0	0	
0.064	0.771576	-0.0278694	1.91829	1.29605	6.21549	2.48619	9.36471e-08	0	0	0	0	0	0	0	0	
0.065	0.771963	-0.0283868	1.91784	1.2954	6.21092	2.48437	9.45194e-08	0	0	0	0	0	0	0	0	
0.066	0.772334	-0.0289062	1.91738	1.29478	6.20645	2.48258	9.54099e-08	0	0	0	0	0	0	0	0	
0.067	0.772695	-0.0294286	1.91692	1.29417	6.20205	2.48082	9.59296e-08	0	0	0	0	0	0	0	0	
0.068	0.773051	-0.0299547	1.91645	1.29357	6.19767	2.47907	9.60793e-08	0	0	0	0	0	0	0	0	
0.069	0.77341	-0.0304854	1.91597	1.29298	6.19324	2.4773	9.57826e-08	0	0	0	0	0	0	0	0	
0.07	0.773775	-0.0310216	1.91548	1.29237	6.18874	2.47549	9.49921e-08	0	0	0	0	0	0	0	0	
0.071	0.774151	-0.0315642	1.91497	1.29174	6.18411	2.47364	9.39676e-08	0	0	0	0	0	0	0	0	
0.072	0.774539	-0.0321141	1.91446	1.29109	6.17936	2.47174	9.33134e-08	0	0	0	0	0	0	0	0	
0.073	0.774939	-0.0326721	1.91394	1.29042	6.17447	2.46979	9.34944e-08	0	0	0	0	0	0	0	0	
0.074	0.775348	-0.0332391	1.91339	1.28974	6.16947	2.46779	9.42728e-08	0	0	0	0	0	0	0	0	
0.075	0.775761	-0.0338155	1.91284	1.28906	6.1644	2.46576	9.4854e-08	0	0	0	0	0	0	0	0	
0.076	0.776174	-0.034402	1.91227	1.28837	6.15927	2.46371	9.4754e-08	0	0	0	0	0	0	0	0	
0.077	0.776584	-0.0349989	1.91168	1.28769	6.15414	2.46166	9.42048e-08	0	0	0	0	0	0	0	0	
0.078	0.776985	-0.0356063	1.91108	1.28703	6.14902	2.45961	9.37793e-08	0	0	0	0	0	0	0	0	
0.079	0.777376	-0.0362244	1.91046	1.28638	6.14392	2.45757	9.39572e-08	0	0	0	0	0	0	0	0	
0.08	0.777757	-0.0368528	1.90982	1.28575	6.13886	2.45554	9.46586e-08	0	0	0	0	0	0	0	0	
0.081	0.778132	-0.0374912	1.90916	1.28513	6.13379	2.45352	9.53833e-08	0	0	0	0	0	0	0	0	
0.082	0.778505	-0.0381391	1.90849	1.28451	6.1287	2.45148	9.57794e-08	0	0	0	0	0	0	0	0	
0.083	0.778882	-0.0387955	1.9078	1.28389	6.12352	2.44941	9.57737e-08	0	0	0	0	0	0	0	0	
0.084	0.779272	-0.0394595	1.9071	1.28325	6.11821	2.44729	9.53802e-08	0	0	0	0	0	0	0	0	
0.085	0.779681	-0.04013	1.90639	1.28258	6.11272	2.44509	9.48109e-08	0	0	0	0	0	0	0	0	
0.086	0.780113	-0.0408055	1.90566	1.28187	6.10701	2.4428	9.44038e-08	0	0	0	0	0	0	0	0	
0.087	0.780571	-0.0414846	1.90493	1.28111	6.10107	2.44043	9.43335e-08	0	0	0	0	0	0	0	0	
0.088	0.781054	-0.0421656	1.90419	1.28032	6.09494	2.43797	9.44478e-08	0	0	0	0	0	0	0	0	
0.089	0.781555	-0.0428469	1.90345	1.2795	6.08865	2.43546	9.45447e-08	0	0	0	0	0	0	0	0	
0.09	0.782069	-0.0435264	1.9027	1.27866	6.08227	2.43291	9.46916e-08	0	0	0	0	0	0	0	0	
0.091	0.782586	-0.0442024	1.90196	1.27781	6.07588	2.43035	9.50186e-08	0	0	0	0	0	0	0	0	
0.092	0.783101	-0.0448728	1.90122	1.27697	6.06953	2.42781	9.54574e-08	0	0	0	0	0	0	0	0	
0.093	0.783608	-0.0455357	1.9005	1.27615	6.06329	2.42531	9.58996e-08	0	0	0	0	0	0	0	0	
0.094	0.784104	-0.0461891	1.89978	1.27534	6.05717	2.42287	9.62119e-08	0	0	0	0	0	0	0	0	
0.095	0.784586	-0.046831	1.89908	1.27456	6.05122	2.42049	9.62587e-08	0	0	0	0	0	0	0	0	
0.096	0.785051	-0.0474596	1.8984	1.2738	6.04546	2.41818	9.60396e-08	0	0	0	0	0	0	0	0	
0.097	0.785498	-0.0480729	1.89773	1.27308	6.0399	2.41596	9.56002e-08	0	0	0	0	0	0	0	0	
0.098	0.785923	-0.0486692	1.89709	1.27239	6.0346	2.41384	9.49495e-08	0	0	0	0	0	0	0	0	
0.099	0.786324	-0.0492469	1.89647	1.27174	6.02956	2.41182	9.41947e-08	0	0	0	0	0	0	0	0	
0.1	0.786699	-0.0498044	1.89588	1.27113	6.02481	2.40992	9.38229e-08	0	0	0	0	0	0	0	0	
0.101	0.787045	-0.0503404	1.89532	1.27058	6.02036	2.40814	9.4217e-08	0	0	0	0	0	0	0	0	
0.102	0.787362	-0.0508537	1.89478	1.27006	6.01622	2.40649	9.50513e-08	0	0	0	0	0	0	0	0	
0.103	0.787651	-0.0513434	1.89427	1.2696	6.0124	2.40496	9.5619e-08	0	0	0	0	0	0	0	0	
0.104	0.78791	-0.0518088	1.89378	1.26918	6.00888	2.40355	9.55984e-08	0	0	0	0	0	0	0	0	
0.105	0.788142	-0.0522495	1.89333	1.26881	6.00566	2.40227	9.52557e-08	0	0	0	0	0	0	0	0	
0.106	0.788347	-0.0526655	1.8929	1.26848	6.00274	2.40109	9.49107e-08	0	0	0	0	0	0	0	0	
0.107	0.788527	-0.0530571	1.89249	1.26819	6.00008	2.40003	9.45578e-08	0	0	0	0	0	0	0	0	
0.108	0.788684	-0.053425	1.89211	1.26794	5.9977	2.39908	9.40886e-08	0	0	0	0	0	0	0	0	
0.109	0.788819	-0.0537705	1.89176	1.26772	5.99555	2.39822	9.3661e-08	0	0	0	0	0	0	0	0	
0.11	0.788936	-0.054095	1.89144	1.26753	5.99363	2.39745	9.34506e-08	0	0	0	0	0	0	0	0	
0.111	0.789038	-0.0544005	1.89114	1.26737	5.9919	2.39676	9.33862e-08	0	0	0	0	0	0	0	0	
0.112	0.789129	-0.0546892	1.89087	1.26722	5.99036	2.39614	9.33781e-08	0	0	0	0	0	0	0	0	
0.113	0.789211	-0.0549638	1.89062	1.26709	5.98896	2.39558	9.35639e-08	0	0	0	0	0	0	0	0	
0.114	0.789289	-0.0552268	1.89041	1.26696	5.98769	2.39508	9.407e-08	0	0	0	0	0	0	0	0	
0.115	0.789365	-0.0554812	1.89023	1.26684	5.98654	2.39462	9.487e-08	0	0	0	0	0	0	0	0	
0.116	0.789441	-0.0557295	1.89007	1.26672	5.98548	2.39419	9.57618e-08	0	0	0	0	0	0	0	0	
0.117	0.789519	-0.0559743	1.88995	1.26659	5.9845	2.3938	9.64187e-08	0	0	0	0	0	0	0	0	
0.118	0.789602	-0.0562181	1.88986	1.26646	5.98359	2.39344	9.66849e-08	0	0	0	0	0	0	0	0	
0.119	0.78969	-0.0564627	1.88981	1.26632	5.98274	2.3931	9.66686e-08	0	0	0	0	0	0	0	0	
0.12	0.789785	-0.0567096	1.88978	1.26617	5.98194	2.39278	9.65524e-08	0	0	0	0	0	0	0	0	
0.121	0.789885	-0.05696	1.88978	1.26601	5.98119	2.39248	9.62799e-08	0	0	0	0	0	0	0	0	
0.122	0.78999	-0.0572145	1.88981	1.26584	5.98048	2.39219	9.57283e-08	0	0	0	0	0	0	0	0	
0.123	0.790098	-0.0574731	1.88986	1.26567	5.97984	2.39193	9.48827e-08	0	0	0	0	0	0	0	0	
0.124	0.790205	-0.0577354	1.88994	1.2655	5.97926	2.3917	9.39127e-08	0	0	0	0	0	0	0	0	
0.125	0.790307	-0.0580008	1.89003	1.26533	5.97877	2.39151	9.3205e-08	0	0	0	0	0	0	0	0	
0.126	0.790401	-0.058268	1.89013	1.26518	5.97838	2.39135	9.30865e-08	0	0	0	0	0	0	0	0	
0.127	0.790483	-0.0585359	1.89024	1.26505	5.97812	2.39125	9.35664e-08	0	0	0	0	0	0	0	0	
0.128	0.790549	-0.0588028	1.89035	1.26494	5.97797	2.39119	9.42908e-08	0	0	0	0	0	0	0	0	
0.129	0.790598	-0.0590673	1.89047	1.26487	5.97797	2.39119	9.48564e-08	0	0	0	0	0	0	0	0	
0.13	0.790627	-0.0593279	1.89058	1.26482	5.9781	2.39124	9.49753e-08	0	0	0	0	0	0	0	0	
0.131	0.790635	-0.0595832	1.89068	1.26481	5.97836	2.39134	9.46436e-08	0	0	0	0	0	0	0	0	
0.132	0.790622	-0.0598323	1.89077	1.26483	5.97874	2.3915	9.4154e-08	0	0	0	0	0	0	0	0	
0.133	0.790588	-0.0600743	1.89085	1.26488	5.97925	2.3917	9.37833e-08	0	0	0	0	0	0	0	0	
0.134	0.790535	-0.0603087	1.89091	1.26497	5.97985	2.39194	9.36902e-08	0	0	0	0	0	0	0	0	
0.135	0.790463	-0.0605355	1.89096	1.26508	5.98055	2.39222	9.39012e-08	0	0	0	0	0	0	0	0	
0.136	0.790375	-0.0607547	1.891	1.26522	5.98133	2.39253	9.42406e-08	0	0	0	0	0	0	0	0	
0.137	0.790272	-0.0609667	1.89102	1.26539	5.98217	2.39287	9.44408e-08	0	0	0	0	0	0	0	0	
0.138	0.790156	-0.0611723	1.89102	1.26557	5.98307	2.39323	9.43472e-08	0	0	0	0	0	0	0	0	
0.139	0.790029	-0.061372	1.89102	1.26578	5.98401	2.3936	9.40594e-08	0	0	0	0	0	0	0	0	
0.14	0.789894	-0.0615669	1.891	1.26599	5.98497	2.39399	9.37555e-08	0	0	0	0	0	0	0	0	
0.141	0.789751	-0.0617576	1.89097	1.26622	5.98596	2.39439	9.35376e-08	0	0	0	0	0	0	0	0	
0.142	0.789603	-0.0619451	1.89093	1.26646	5.98697	2.39479	9.34256e-08	0	0	0	0	0	0	0	0	
0.143	0.789451	-0.0621301	1.89089	1.2667	5.98799	2.39519	9.33599e-08	0	0	0	0	0	0	0	0	
0.144	0.789296	-0.0623131	1.89084	1.26695	5.98901	2.3956	9.32382e-08	0	0	0	0	0	0	0	0	
0.145	0.78914	-0.0624948	1.89079	1.2672	5.99003	2.39601	9.29586e-08	0	0	0	0	0	0	0	0	
0.146	0.788985	-0.0626753	1.89073	1.26745	5.99102	2.39641	9.25065e-08	0	0	0	0	0	0	0	0	
0.147	0.788835	-0.0628548	1.89067	1.26769	5.99197	2.39679	9.19907e-08	0	0	0	0	0	0	0	0	
0.148	0.788694	-0.0630333	1.89061	1.26792	5.99285	2.39714	9.15793e-08	0	0	0	0	0	0	0	0	
0.149	0.788563	-0.0632105	1.89055	1.26813	5.99364	2.39746	9.1364e-08	0	0	0	0	0	0	0	0	
0.15	0.788445	-0.0633861	1.89048	1.26832	5.99433	2.39773	9.13353e-08	0	0	0	0	0	0	0	0	
0.151	0.788341	-0.0635597	1.89041	1.26849	5.99491	2.39796	9.14301e-08	0	0	0	0	0	0	0	0	
0.152	0.78825	-0.0637308	1.89035	1.26863	5.99539	2.39816	9.15382e-08	0	0	0	0	0	0	0	0	
0.153	0.788171	-0.063899	1.89028	1.26876	5.99579	2.39831	9.15689e-08	0	0	0	0	0	0	0	0	
0.154	0.788099	-0.0640638	1.89022	1.26888	5.99612	2.39845	9.15506e-08	0	0	0	0	0	0	0	0	
0.155	0.788032	-0.0642249	1.89015	1.26898	5.99643	2.39857	9.15831e-08	0	0	0	0	0	0	0	0	
0.156	0.787967	-0.064382	1.89009	1.26909	5.99674	2.3987	9.16969e-08	0	0	0	0	0	0	0	0	
0.157	0.7879	-0.0645349	1.89004	1.2692	5.99709	2.39883	9.18278e-08	0	0	0	0	0	0	0	0	
0.158	0.787829	-0.0646832	1.89	1.26931	5.99748	2.39899	9.19291e-08	0	0	0	0	0	0	0	0	
0.159	0.787754	-0.0648267	1.88997	1.26943	5.99796	2.39918	9.20213e-08	0	0	0	0	0	0	0	0	
0.16	0.787674	-0.0649652	1.88995	1.26956	5.99851	2.3994	9.21091e-08	0	0	0	0	0	0	0	0	
0.161	0.78759	-0.0650981	1.88995	1.2697	5.99915	2.39966	9.21168e-08	0	0	0	0	0	0	0	0	
0.162	0.787503	-0.0652248	1.88997	1.26984	5.99988	2.39995	9.19626e-08	0	0	0	0	0	0	0	0	
0.163	0.787416	-0.0653448	1.89002	1.26998	6.00069	2.40028	9.16773e-08	0	0	0	0	0	0	0	0	
0.164	0.78733	-0.065457	1.89009	1.27012	6.00157	2.40063	9.14126e-08	0	0	0	0	0	0	0	0	
0.165	0.787249	-0.0655604	1.89019	1.27025	6.00252	2.40101	9.13158e-08	0	0	0	0	0	0	0	0	
0.166	0.787173	-0.0656535	1.89032	1.27037	6.00352	2.40141	9.13943e-08	0	0	0	0	0	0	0	0	
0.167	0.787107	-0.0657348	1.89049	1.27047	6.00456	2.40182	9.15075e-08	0	0	0	0	0	0	0	0	
0.168	0.787052	-0.0658024	1.8907	1.27056	6.00564	2.40225	9.14794e-08	0	0	0	0	0	0	0	0	
0.169	0.787009	-0.0658543	1.89094	1.27063	6.00674	2.4027	9.12329e-08	0	0	0	0	0	0	0	0	
0.17	0.78698	-0.0658885	1.89123	1.27068	6.00787	2.40315	9.08538e-08	0	0	0	0	0	0	0	0	
0.171	0.786966	-0.0659028	1.89156	1.2707	6.00901	2.40361	9.05635e-08	0	0	0	0	0	0	0	0	
0.172	0.786968	-0.065895	1.89193	1.2707	6.01017	2.40407	9.06123e-08	0	0	0	0	0	0	0	0	
0.173	0.786986	-0.0658632	1.89234	1.27067	6.01135	2.40454	9.11486e-08	0	0	0	0	0	0	0	0	
0.174	0.787021	-0.0658053	1.8928	1.27061	6.01254	2.40502	9.2142e-08	0	0	0	0	0	0	0	0	
0.175	0.787074	-0.0657196	1.8933	1.27053	6.01374	2.4055	9.34072e-08	0	0	0	0	0	0	0	0	
0.176	0.787145	-0.0656045	1.89385	1.27041	6.01494	2.40598	9.47023e-08	0	0	0	0	0	0	0	0	
0.177	0.787235	-0.0654585	1.89445	1.27027	6.01615	2.40646	9.583e-08	0	0	0	0	0	0	0	0	
0.178	0.787345	-0.0652806	1.89509	1.27009	6.01735	2.40694	9.66884e-08	0	0	0	0	0	0	0	0	
0.179	0.787476	-0.06507	1.89578	1.26988	6.01854	2.40742	9.72626e-08	0	0	0	0	0	0	0	0	
0.18	0.787629	-0.0648265	1.89652	1.26963	6.01972	2.40789	9.75783e-08	0	0	0	0	0	0	0	0	
0.181	0.787804	-0.0645501	1.8973	1.26935	6.02087	2.40835	9.76531e-08	0	0	0	0	0	0	0	0	
0.182	0.788	-0.0642414	1.89813	1.26904	6.022	2.4088	9.74722e-08	0	0	0	0	0	0	0	0	
0.183	0.788218	-0.0639014	1.89901	1.26869	6.02311	2.40924	9.69994e-08	0	0	0	0	0	0	0	0	
0.184	0.788455	-0.0635312	1.89993	1.2683	6.02421	2.40969	9.62053e-08	0	0	0	0	0	0	0	0	
0.185	0.78871	-0.0631328	1.90089	1.26789	6.02531	2.41012	9.50907e-08	0	0	0	0	0	0	0	0	
0.186	0.788982	-0.0627079	1.90189	1.26746	6.02641	2.41057	9.37002e-08	0	0	0	0	0	0	0	0	
0.187	0.789268	-0.0622588	1.90293	1.267	6.02753	2.41101	9.21247e-08	0	0	0	0	0	0	0	0	
0.188	0.789565	-0.0617879	1.90401	1.26652	6.02867	2.41147	9.04943e-08	0	0	0	0	0	0	0	0	
0.189	0.78987	-0.0612976	1.90512	1.26603	6.02983	2.41193	8.89585e-08	0	0	0	0	0	0	0	0	
0.19	0.790182	-0.0607904	1.90625	1.26553	6.03103	2.41241	8.76592e-08	0	0	0	0	0	0	0	0	
0.191	0.790498	-0.060269	1.9074	1.26503	6.03226	2.4129	8.6705e-08	0	0	0	0	0	0	0	0	
0.192	0.790815	-0.0597363	1.90856	1.26452	6.03352	2.41341	8.61519e-08	0	0	0	0	0	0	0	0	
0.193	0.791131	-0.0591954	1.90972	1.26401	6.03479	2.41392	8.59928e-08	0	0	0	0	0	0	0	0	
0.194	0.791445	-0.0586496	1.91089	1.26351	6.03609	2.41444	8.61603e-08	0	0	0	0	0	0	0	0	
0.195	0.791753	-0.0581021	1.91205	1.26302	6.03739	2.41496	8.65401e-08	0	0	0	0	0	0	0	0	
0.196	0.792056	-0.0575565	1.91319	1.26254	6.03869	2.41548	8.69963e-08	0	0	0	0	0	0	0	0	
0.197	0.792351	-0.0570163	1.91431	1.26207	6.03998	2.41599	8.74045e-08	0	0	0	0	0	0	0	0	
0.198	0.792636	-0.0564851	1.9154	1.26161	6.04124	2.4165	8.76843e-08	0	0	0	0	0	0	0	0	
0.199	0.792911	-0.0559668	1.91646	1.26118	6.04248	2.41699	8.78188e-08	0	0	0	0	0	0	0	0	
0.2	0.793174	-0.0554651	1.91748	1.26076	6.04368	2.41747	8.78526e-08	0	0	0	0	0	0	0	0	
0.201	0.793424	-0.054984	1.91845	1.26036	6.04484	2.41794	8.78671e-08	0	0	0	0	0	0	0	0	
0.202	0.793661	-0.0545268	1.91938	1.25998	6.04596	2.41838	8.79415e-08	0	0	0	0	0	0	0	0	
0.203	0.793884	-0.0540963	1.92026	1.25963	6.04702	2.41881	8.81146e-08	0	0	0	0	0	0	0	0	
0.204	0.794094	-0.0536946	1.92109	1.2593	6.04804	2.41922	8.83629e-08	0	0	0	0	0	0	0	0	
0.205	0.794291	-0.0533232	1.92187	1.25898	6.04901	2.41961	8.86093e-08	0	0	0	0	0	0	0	0	
0.206	0.794475	-0.0529827	1.92261	1.25869	6.04994	2.41997	8.87572e-08	0	0	0	0	0	0	0	0	
0.207	0.794648	-0.0526731	1.92331	1.25842	6.05082	2.42033	8.87366e-08	0	0	0	0	0	0	0	0	
0.208	0.794812	-0.0523935	1.92397	1.25816	6.05166	2.42066	8.8536e-08	0	0	0	0	0	0	0	0	
0.209	0.794969	-0.0521419	1.92461	1.25791	6.05246	2.42099	8.82081e-08	0	0	0	0	0	0	0	0	
0.21	0.795122	-0.0519144	1.92523	1.25767	6.05324	2.4213	8.78432e-08	0	0	0	0	0	0	0	0	
0.211	0.795275	-0.051706	1.92584	1.25743	6.054	2.4216	8.75289e-08	0	0	0	0	0	0	0	0	
0.212	0.795431	-0.0515103	1.92645	1.25718	6.05474	2.4219	8.73136e-08	0	0	0	0	0	0	0	0	
0.213	0.795593	-0.05132	1.92708	1.25692	6.05548	2.42219	8.71947e-08	0	0	0	0	0	0	0	0	
0.214	0.795766	-0.0511276	1.92774	1.25665	6.05623	2.42249	8.71325e-08	0	0	0	0	0	0	0	0	
0.215	0.795956	-0.0509247	1.92844	1.25635	6.05701	2.4228	8.70795e-08	0	0	0	0	0	0	0	0	
0.216	0.796165	-0.050702	1.92921	1.25602	6.05782	2.42313	8.70059e-08	0	0	0	0	0	0	0	0	
0.217	0.796399	-0.0504486	1.93005	1.25565	6.05869	2.42347	8.69084e-08	0	0	0	0	0	0	0	0	
0.218	0.79666	-0.050152	1.93098	1.25524	6.05962	2.42385	8.6801e-08	0	0	0	0	0	0	0	0	
0.219	0.796952	-0.0497987	1.93201	1.25478	6.06062	2.42425	8.66984e-08	0	0	0	0	0	0	0	0	
0.22	0.797277	-0.0493762	1.93315	1.25427	6.06172	2.42469	8.66057e-08	0	0	0	0	0	0	0	0	
0.221	0.79764	-0.0488735	1.93441	1.2537	6.06292	2.42517	8.65192e-08	0	0	0	0	0	0	0	0	
0.222	0.798043	-0.0482825	1.93581	1.25306	6.06424	2.4257	8.64364e-08	0	0	0	0	0	0	0	0	
0.223	0.798493	-0.0475971	1.93737	1.25236	6.0657	2.42628	8.63641e-08	0	0	0	0	0	0	0	0	
0.224	0.798992	-0.0468122	1.9391	1.25158	6.06732	2.42693	8.63192e-08	0	0	0	0	0	0	0	0	
0.225	0.799544	-0.0459224	1.941	1.25071	6.06909	2.42764	8.63204e-08	0	0	0	0	0	0	0	0	
0.226	0.800151	-0.0449209	1.9431	1.24976	6.07103	2.42841	8.63789e-08	0	0	0	0	0	0	0	0	
0.227	0.80081	-0.0438009	1.94537	1.24874	6.07314	2.42926	8.6493e-08	0	0	0	0	0	0	0	0	
0.228	0.801523	-0.042557	1.94784	1.24762	6.07542	2.43017	8.66485e-08	0	0	0	0	0	0	0	0	
0.229	0.802291	-0.0411878	1.95049	1.24643	6.07788	2.43115	8.68236e-08	0	0	0	0	0	0	0	0	
0.23	0.803114	-0.0396958	1.95334	1.24515	6.08052	2.43221	8.6992e-08	0	0	0	0	0	0	0	0	
0.231	0.803995	-0.0380865	1.9564	1.24379	6.08337	2.43335	8.7126e-08	0	0	0	0	0	0	0	0	
0.232	0.804934	-0.0363664	1.95966	1.24234	6.08642	2.43457	8.7199e-08	0	0	0	0	0	0	0	0	
0.233	0.805929	-0.0345401	1.96314	1.2408	6.08968	2.43587	8.71893e-08	0	0	0	0	0	0	0	0	
0.234	0.806977	-0.0326078	1.96681	1.23919	6.09315	2.43726	8.7085e-08	0	0	0	0	0	0	0	0	
0.235	0.808071	-0.0305653	1.97067	1.23752	6.09682	2.43873	8.6888e-08	0	0	0	0	0	0	0	0	
0.236	0.809204	-0.0284093	1.97468	1.23578	6.10068	2.44027	8.66151e-08	0	0	0	0	0	0	0	0	
0.237	0.810377	-0.0261447	1.97884	1.23399	6.1047	2.44188	8.62952e-08	0	0	0	0	0	0	0	0	
0.238	0.811593	-0.0237846	1.98317	1.23214	6.1089	2.44356	8.59639e-08	0	0	0	0	0	0	0	0	
0.239	0.812859	-0.021348	1.98769	1.23023	6.11326	2.4453	8.5658e-08	0	0	0	0	0	0	0	0	
0.24	0.814176	-0.0188459	1.99238	1.22824	6.11776	2.44711	8.54091e-08	0	0	0	0	0	0	0	0	
0.241	0.815535	-0.0162644	1.99719	1.22619	6.12233	2.44893	8.52402e-08	0	0	0	0	0	0	0	0	
0.242	0.816926	-0.0135864	2.00209	1.2241	6.1269	2.45076	8.5163e-08	0	0	0	0	0	0	0	0	
0.243	0.818347	-0.01081	2.00705	1.22198	6.13141	2.45256	8.51778e-08	0	0	0	0	0	0	0	0	
0.244	0.819833	-0.00798145	2.01218	1.21976	6.13594	2.45437	8.52739e-08	0	0	0	0	0	0	0	0	
0.245	0.821348	-0.0051177	2.01734	1.21751	6.14035	2.45614	8.54323e-08	0	0	0	0	0	0	0	0	
0.246	0.822926	-0.00207578	2.02266	1.21518	6.14472	2.45789	8.56287e-08	0	0	0	0	0	0	0	0	
0.247	0.824625	0.000593474	2.02833	1.21267	6.14925	2.4597	8.58383e-08	0	0	0	0	0	0	0	0	
0.248	0.826852	0.00590331	2.03576	1.20941	6.15515	2.46206	8.60396e-08	0	0	0	0	0	0	0	0	
0.249	0.82953	0.0108349	2.0447	1.2055	6.16222	2.46489	8.62185e-08	0	0	0	0	0	0	0	0	
0.25	0.832147	0.0155718	2.0534	1.20171	6.16898	2.46759	8.63674e-08	0	0	0	0	0	0	0	0	
0.251	0.834727	0.0202101	2.06196	1.198	6.17556	2.47022	8.64841e-08	0	0	0	0	0	0	0	0	
0.252	0.837273	0.0247613	2.07041	1.19435	6.18201	2.4728	8.65702e-08	0	0	0	0	0	0	0	0	
0.253	0.839792	0.0292396	2.07879	1.19077	6.18841	2.47536	8.66295e-08	0	0	0	0	0	0	0	0	
0.254	0.842288	0.033659	2.08713	1.18724	6.19481	2.47792	8.66667e-08	0	0	0	0	0	0	0	0	
0.255	0.844768	0.0380306	2.09545	1.18376	6.20127	2.48051	8.66873e-08	0	0	0	0	0	0	0	0	
0.256	0.847235	0.0423633	2.1038	1.18031	6.20783	2.48313	8.66966e-08	0	0	0	0	0	0	0	0	
0.257	0.849693	0.0466648	2.11217	1.1769	6.21452	2.48581	8.66994e-08	0	0	0	0	0	0	0	0	
0.258	0.852145	0.050942	2.1206	1.17351	6.22135	2.48854	8.66994e-08	0	0	0	0	0	0	0	0	
0.259	0.854595	0.0552017	2.12908	1.17015	6.22833	2.49133	8.66987e-08	0	0	0	0	0	0	0	0	
0.26	0.857044	0.0594504	2.13762	1.1668	6.23545	2.49418	8.66968e-08	0	0	0	0	0	0	0	0	
0.261	0.859495	0.0636948	2.14623	1.16347	6.24271	2.49708	8.6691e-08	0	0	0	0	0	0	0	0	
0.262	0.86195	0.0679413	2.1549	1.16016	6.25008	2.50003	8.66762e-08	0	0	0	0	0	0	0	0	
0.263	0.864409	0.0721965	2.16364	1.15686	6.25757	2.50303	8.66469e-08	0	0	0	0	0	0	0	0	
0.264	0.866875	0.076466	2.17244	1.15357	6.26514	2.50605	8.65993e-08	0	0	0	0	0	0	0	0	
0.265	0.869347	0.0807554	2.18129	1.15029	6.27278	2.50911	8.6534e-08	0	0	0	0	0	0	0	0	
0.266	0.871827	0.0850693	2.1902	1.14702	6.28048	2.51219	8.64564e-08	0	0	0	0	0	0	0	0	
0.267	0.874315	0.0894114	2.19915	1.14375	6.28822	2.51529	8.63761e-08	0	0	0	0	0	0	0	0	
0.268	0.876813	0.0937845	2.20816	1.14049	6.29599	2.5184	8.63029e-08	0	0	0	0	0	0	0	0	
0.269	0.879322	0.0981907	2.21722	1.13724	6.30377	2.52151	8.6243e-08	0	0	0	0	0	0	0	0	
0.27	0.881845	0.102631	2.22632	1.13399	6.31155	2.52462	8.61952e-08	0	0	0	0	0	0	0	0	
0.271	0.884383	0.107106	2.23548	1.13073	6.31931	2.52773	8.61507e-08	0	0	0	0	0	0	0	0	
0.272	0.886939	0.111614	2.24469	1.12747	6.32706	2.53082	8.60941e-08	0	0	0	0	0	0	0	0	
0.273	0.889516	0.116156	2.25395	1.12421	6.33477	2.53391	8.60087e-08	0	0	0	0	0	0	0	0	
0.274	0.892116	0.120731	2.26328	1.12093	6.34244	2.53697	8.58812e-08	0	0	0	0	0	0	0	0	
0.275	0.894741	0.125337	2.27266	1.11764	6.35006	2.54002	8.5707e-08	0	0	0	0	0	0	0	0	
0.276	0.897395	0.129972	2.28212	1.11434	6.35763	2.54305	8.54932e-08	0	0	0	0	0	0	0	0	
0.277	0.900076	0.134636	2.29165	1.11102	6.36517	2.54607	8.52591e-08	0	0	0	0	0	0	0	0	
0.278	0.902786	0.139328	2.30126	1.10768	6.37266	2.54906	8.50341e-08	0	0	0	0	0	0	0	0	
0.279	0.905524	0.144047	2.31094	1.10433	6.38013	2.55205	8.48527e-08	0	0	0	0	0	0	0	0	
0.28	0.908289	0.148791	2.32071	1.10097	6.38759	2.55504	8.47485e-08	0	0	0	0	0	0	0	0	
0.281	0.911081	0.153562	2.33057	1.0976	6.39506	2.55802	8.47476e-08	0	0	0	0	0	0	0	0	
0.282	0.913896	0.158359	2.3405	1.09422	6.40255	2.56102	8.48639e-08	0	0	0	0	0	0	0	0	
0.283	0.916732	0.163181	2.35053	1.09083	6.41008	2.56403	8.50965e-08	0	0	0	0	0	0	0	0	
0.284	0.919589	0.16803	2.36064	1.08744	6.41767	2.56707	8.54301e-08	0	0	0	0	0	0	0	0	
0.285	0.922463	0.172907	2.37085	1.08405	6.42532	2.57013	8.58382e-08	0	0	0	0	0	0	0	0	
0.286	0.925353	0.177812	2.38113	1.08067	6.43305	2.57322	8.62872e-08	0	0	0	0	0	0	0	0	
0.287	0.928257	0.182748	2.39151	1.07729	6.44086	2.57634	8.67416e-08	0	0	0	0	0	0	0	0	
0.288	0.931174	0.187715	2.40196	1.07391	6.44875	2.5795	8.71685e-08	0	0	0	0	0	0	0	0	
0.289	0.934104	0.192716	2.4125	1.07055	6.45673	2.58269	8.75401e-08	0	0	0	0	0	0	0	0	
0.29	0.937045	0.19775	2.42312	1.06718	6.4648	2.58592	8.78355e-08	0	0	0	0	0	0	0	0	
0.291	0.939999	0.202818	2.43382	1.06383	6.47294	2.58918	8.80406e-08	0	0	0	0	0	0	0	0	
0.292	0.942966	0.207921	2.44461	1.06048	6.48117	2.59247	8.81474e-08	0	0	0	0	0	0	0	0	
0.293	0.945948	0.213055	2.45548	1.05714	6.48948	2.59579	8.81532e-08	0	0	0	0	0	0	0	0	
0.294	0.948947	0.218218	2.46646	1.0538	6.49787	2.59915	8.80603e-08	0	0	0	0	0	0	0	0	
0.295	0.951967	0.223406	2.47753	1.05046	6.50636	2.60254	8.78757e-08	0	0	0	0	0	0	0	0	
0.296	0.955011	0.228612	2.48873	1.04711	6.51493	2.60597	8.7611e-08	0	0	0	0	0	0	0	0	
0.297	0.958085	0.233832	2.50007	1.04375	6.52361	2.60945	8.72819e-08	0	0	0	0	0	0	0	0	
0.298	0.961194	0.239057	2.51156	1.04037	6.53239	2.61296	8.69064e-08	0	0	0	0	0	0	0	0	
0.299	0.964344	0.244284	2.52321	1.03697	6.54127	2.61651	8.65029e-08	0	0	0	0	0	0	0	0	
0.3	0.967538	0.249508	2.53504	1.03355	6.55024	2.6201	8.60881e-08	0	0	0	0	0	0	0	0	
0.301	0.970783	0.254727	2.54706	1.0301	6.55928	2.62371	8.56758e-08	0	0	0	0	0	0	0	0	
0.302	0.97408	0.259942	2.55925	1.02661	6.56839	2.62735	8.5277e-08	0	0	0	0	0	0	0	0	
0.303	0.97743	0.265155	2.57163	1.02309	6.57752	2.63101	8.49005e-08	0	0	0	0	0	0	0	0	
0.304	0.980834	0.270373	2.58417	1.01954	6.58667	2.63467	8.45549e-08	0	0	0	0	0	0	0	0	
0.305	0.984289	0.275602	2.59687	1.01596	6.59581	2.63832	8.42494e-08	0	0	0	0	0	0	0	0	
0.306	0.987789	0.280853	2.60971	1.01236	6.60492	2.64197	8.39938e-08	0	0	0	0	0	0	0	0	
0.307	0.991329	0.286133	2.62266	1.00875	6.614	2.6456	8.37975e-08	0	0	0	0	0	0	0	0	
0.308	0.994903	0.291451	2.63571	1.00512	6.62303	2.64921	8.36687e-08	0	0	0	0	0	0	0	0	
0.309	0.998504	0.296815	2.64885	1.0015	6.63204	2.65281	8.36123e-08	0	0	0	0	0	0	0	0	
0.31	1.00213	0.302229	2.66205	0.997879	6.64102	2.65641	8.36295e-08	0	0	0	0	0	0	0	0	
0.311	1.00576	0.307697	2.67533	0.99427	6.65	2.66	8.37173e-08	0	0	0	0	0	0	0	0	
0.312	1.00941	0.313219	2.68866	0.990678	6.65899	2.6636	8.38692e-08	0	0	0	0	0	0	0	0	
0.313	1.01306	0.318795	2.70206	0.987104	6.66804	2.66721	8.4076e-08	0	0	0	0	0	0	0	0	
0.314	1.01673	0.324423	2.71553	0.98355	6.67714	2.67086	8.43267e-08	0	0	0	0	0	0	0	0	
0.315	1.02039	0.3301	2.72907	0.980016	6.68633	2.67453	8.46095e-08	0	0	0	0	0	0	0	0	
0.316	1.02406	0.335822	2.7427	0.976502	6.69562	2.67825	8.49131e-08	0	0	0	0	0	0	0	0	
0.317	1.02774	0.341586	2.75641	0.973007	6.70502	2.68201	8.52277e-08	0	0	0	0	0	0	0	0	
0.318	1.03143	0.347388	2.77023	0.969528	6.71455	2.68582	8.55461e-08	0	0	0	0	0	0	0	0	
0.319	1.03513	0.353226	2.78416	0.966066	6.72419	2.68968	8.58638e-08	0	0	0	0	0	0	0	0	
0.32	1.03883	0.359097	2.79819	0.962618	6.73397	2.69359	8.61773e-08	0	0	0	0	0	0	0	0	
0.321	1.04255	0.364999	2.81234	0.959183	6.74388	2.69755	8.64812e-08	0	0	0	0	0	0	0	0	
0.322	1.04629	0.370931	2.82662	0.955761	6.75392	2.70157	8.67644e-08	0	0	0	0	0	0	0	0	
0.323	1.05004	0.376892	2.84101	0.952349	6.76409	2.70563	8.70084e-08	0	0	0	0	0	0	0	0	
0.324	1.0538	0.382881	2.85553	0.948945	6.77436	2.70975	8.7188e-08	0	0	0	0	0	0	0	0	
0.325	1.05759	0.388898	2.87018	0.945547	6.78473	2.71389	8.72757e-08	0	0	0	0	0	0	0	0	
0.326	1.0614	0.394941	2.88496	0.942149	6.79516	2.71806	8.72484e-08	0	0	0	0	0	0	0	0	
0.327	1.06525	0.401011	2.89987	0.938747	6.80561	2.72225	8.70955e-08	0	0	0	0	0	0	0	0	
0.328	1.06914	0.407109	2.91491	0.935335	6.81604	2.72642	8.68244e-08	0	0	0	0	0	0	0	0	
0.329	1.07307	0.413235	2.93008	0.931907	6.8264	2.73056	8.64632e-08	0	0	0	0	0	0	0	0	
0.33	1.07705	0.419391	2.94537	0.92846	6.83665	2.73466	8.60577e-08	0	0	0	0	0	0	0	0	
0.331	1.08109	0.42558	2.96078	0.924991	6.84675	2.7387	8.56643e-08	0	0	0	0	0	0	0	0	
0.332	1.08519	0.431804	2.97631	0.921502	6.85668	2.74267	8.53397e-08	0	0	0	0	0	0	0	0	
0.333	1.08933	0.438068	2.99194	0.917994	6.86645	2.74658	8.51294e-08	0	0	0	0	0	0	0	0	
0.334	1.09353	0.444375	3.00766	0.914474	6.87607	2.75043	8.50573e-08	0	0	0	0	0	0	0	0	
0.335	1.09776	0.450725	3.02348	0.910947	6.88559	2.75423	8.5119e-08	0	0	0	0	0	0	0	0	
0.336	1.10202	0.457117	3.0394	0.907422	6.89505	2.75802	8.52803e-08	0	0	0	0	0	0	0	0	
0.337	1.10632	0.463546	3.05544	0.903901	6.90454	2.76182	8.54827e-08	0	0	0	0	0	0	0	0	
0.338	1.11063	0.470001	3.07161	0.900389	6.91412	2.76565	8.56566e-08	0	0	0	0	0	0	0	0	
0.339	1.11497	0.476469	3.08797	0.896884	6.92387	2.76955	8.57373e-08	0	0	0	0	0	0	0	0	
0.34	1.11934	0.482933	3.10454	0.893382	6.93386	2.77354	8.56814e-08	0	0	0	0	0	0	0	0	
0.341	1.12375	0.489378	3.12138	0.88988	6.94414	2.77765	8.54767e-08	0	0	0	0	0	0	0	0	
0.342	1.1282	0.49579	3.13852	0.886371	6.95474	2.7819	8.5144e-08	0	0	0	0	0	0	0	0	
0.343	1.13269	0.502165	3.15598	0.882854	6.96569	2.78628	8.47311e-08	0	0	0	0	0	0	0	0	
0.344	1.13723	0.508504	3.17377	0.879329	6.97697	2.79079	8.43022e-08	0	0	0	0	0	0	0	0	
0.345	1.14181	0.514817	3.19185	0.8758	6.98855	2.79542	8.39261e-08	0	0	0	0	0	0	0	0	
0.346	1.14643	0.521121	3.21018	0.872274	7.0004	2.80016	8.36649e-08	0	0	0	0	0	0	0	0	
0.347	1.15107	0.527437	3.22872	0.868759	7.01245	2.80498	8.35652e-08	0	0	0	0	0	0	0	0	
0.348	1.15572	0.533786	3.2474	0.865264	7.02466	2.80986	8.36517e-08	0	0	0	0	0	0	0	0	
0.349	1.16037	0.540187	3.26619	0.861794	7.03695	2.81478	8.39239e-08	0	0	0	0	0	0	0	0	
0.35	1.16503	0.546651	3.28504	0.858349	7.04927	2.81971	8.43565e-08	0	0	0	0	0	0	0	0	
0.351	1.1697	0.553184	3.30394	0.854924	7.06155	2.82462	8.4904e-08	0	0	0	0	0	0	0	0	
0.352	1.17438	0.559786	3.3229	0.85151	7.07371	2.82948	8.55076e-08	0	0	0	0	0	0	0	0	
0.353	1.17911	0.566454	3.34192	0.848096	7.08567	2.83427	8.6102e-08	0	0	0	0	0	0	0	0	
0.354	1.1839	0.57318	3.36103	0.844668	7.09738	2.83895	8.66227e-08	0	0	0	0	0	0	0	0	
0.355	1.18875	0.579957	3.38025	0.841216	7.1088	2.84352	8.70153e-08	0	0	0	0	0	0	0	0	
0.356	1.1937	0.586778	3.39959	0.837734	7.11989	2.84796	8.72488e-08	0	0	0	0	0	0	0	0	
0.357	1.19872	0.593639	3.41909	0.83422	7.13068	2.85227	8.7326e-08	0	0	0	0	0	0	0	0	
0.358	1.20383	0.600537	3.43875	0.830679	7.14124	2.8565	8.72825e-08	0	0	0	0	0	0	0	0	
0.359	1.20901	0.607469	3.45858	0.82712	7.15164	2.86066	8.71655e-08	0	0	0	0	0	0	0	0	
0.36	1.21425	0.614435	3.47859	0.823554	7.16201	2.8648	8.70016e-08	0	0	0	0	0	0	0	0	
0.361	1.21952	0.621434	3.49878	0.819995	7.17246	2.86898	8.67763e-08	0	0	0	0	0	0	0	0	
0.362	1.22481	0.628464	3.51917	0.816455	7.1831	2.87324	8.6445e-08	0	0	0	0	0	0	0	0	
0.363	1.2301	0.635527	3.53975	0.812942	7.19403	2.87761	8.59707e-08	0	0	0	0	0	0	0	0	
0.364	1.23539	0.642621	3.56054	0.809463	7.20532	2.88213	8.53594e-08	0	0	0	0	0	0	0	0	
0.365	1.24066	0.649744	3.58155	0.806021	7.21701	2.8868	8.46691e-08	0	0	0	0	0	0	0	0	
0.366	1.24593	0.656897	3.60278	0.802613	7.22909	2.89163	8.3991e-08	0	0	0	0	0	0	0	0	
0.367	1.25119	0.664078	3.62423	0.799237	7.24155	2.89662	8.34121e-08	0	0	0	0	0	0	0	0	
0.368	1.25646	0.671287	3.64593	0.795887	7.25438	2.90175	8.29739e-08	0	0	0	0	0	0	0	0	
0.369	1.26173	0.678523	3.66788	0.79256	7.26755	2.90702	8.26463e-08	0	0	0	0	0	0	0	0	
0.37	1.26702	0.685788	3.69009	0.789252	7.28102	2.91241	8.23407e-08	0	0	0	0	0	0	0	0	
0.371	1.27233	0.693083	3.71255	0.785957	7.29477	2.91791	8.19689e-08	0	0	0	0	0	0	0	0	
0.372	1.27767	0.700413	3.73528	0.782674	7.30876	2.9235	8.15035e-08	0	0	0	0	0	0	0	0	
0.373	1.28304	0.707788	3.75824	0.779399	7.32292	2.92917	8.09934e-08	0	0	0	0	0	0	0	0	
0.374	1.28845	0.715223	3.7814	0.776128	7.33712	2.93485	8.05326e-08	0	0	0	0	0	0	0	0	
0.375	1.29391	0.722741	3.80471	0.772854	7.35121	2.94048	8.01932e-08	0	0	0	0	0	0	0	0	
0.376	1.29942	0.730366	3.8281	0.769572	7.36499	2.946	7.99836e-08	0	0	0	0	0	0	0	0	
0.377	1.30502	0.738114	3.85154	0.766271	7.37831	2.95133	7.99408e-08	0	0	0	0	0	0	0	0	
0.378	1.31072	0.745981	3.87506	0.762938	7.39108	2.95643	8.02405e-08	0	0	0	0	0	0	0	0	
0.379	1.31656	0.753936	3.89877	0.759555	7.40332	2.96133	8.1054e-08	0	0	0	0	0	0	0	0	
0.38	1.32258	0.761919	3.92289	0.7561	7.41523	2.96609	8.23267e-08	0	0	0	0	0	0	0	0	
0.381	1.32881	0.76986	3.94766	0.752555	7.42709	2.97084	8.36911e-08	0	0	0	0	0	0	0	0	
0.382	1.33526	0.777705	3.97331	0.748918	7.4392	2.97568	8.45372e-08	0	0	0	0	0	0	0	0	
0.383	1.34192	0.785445	3.99989	0.745202	7.45183	2.98073	8.44794e-08	0	0	0	0	0	0	0	0	
0.384	1.34872	0.79312	4.02734	0.741443	7.46509	2.98604	8.40705e-08	0	0	0	0	0	0	0	0	
0.385	1.3556	0.800807	4.05542	0.737681	7.47902	2.99161	8.40334e-08	0	0	0	0	0	0	0	0	
0.386	1.36248	0.808596	4.08391	0.733958	7.49354	2.99742	8.41125e-08	0	0	0	0	0	0	0	0	
0.387	1.36931	0.816555	4.11261	0.730294	7.50853	3.00341	8.41237e-08	0	0	0	0	0	0	0	0	
0.388	1.3761	0.82472	4.14146	0.726692	7.52391	3.00956	8.54737e-08	0	0	0	0	0	0	0	0	
0.389	1.38286	0.833095	4.17049	0.723137	7.53959	3.01584	8.71929e-08	0	0	0	0	0	0	0	0	
0.39	1.38965	0.841664	4.19983	0.719604	7.55554	3.02222	8.72671e-08	0	0	0	0	0	0	0	0	
0.391	1.39652	0.850403	4.22964	0.716067	7.57177	3.02871	8.7766e-08	0	0	0	0	0	0	0	0	
0.392	1.40349	0.8593	4.26004	0.712509	7.58829	3.03532	8.45013e-08	0	0	0	0	0	0	0	0	
0.393	1.4106	0.868358	4.29115	0.708919	7.6052	3.04208	7.98179e-08	0	0	0	0	0	0	0	0	
0.394	1.41785	0.877587	4.32305	0.705295	7.62256	3.04902	8.16999e-08	0	0	0	0	0	0	0	0	
0.395	1.42526	0.887005	4.35584	0.701625	7.64043	3.05617	9.22571e-08	0	0	0	0	0	0	0	0	
0.396	1.4329	0.896632	4.38965	0.697887	7.65869	3.06348	7.90141e-08	0	0	0	0	0	0	0	0	
0.397	1.44083	0.906507	4.42456	0.694043	7.67708	3.07083	1.36854e-07	0	0	0	0	0	0	0	0	
0.398	1.44917	0.916677	4.46068	0.690052	7.69525	3.0781	2.58648e-07	0	0	0	0	0	0	0	0	
0.399	1.458	0.927179	4.49823	0.68587	7.71299	3.0852	4.94996e-07	0	0	0	0	0	0	0	0	
0.4	1.46742	0.93805	4.53751	0.68147	7.73044	3.09218	9.54342e-07	0	0	0	0	0	0	0	0	
0.401	1.4774	0.949367	4.57878	0.676863	7.74802	3.09921	1.84724e-06	0	0	0	0	0	0	0	0	
0.402	1.48791	0.961268	4.62224	0.672083	7.76633	3.10653	3.5867e-06	0	0	0	0	0	0	0	0	
0.403	1.49893	0.973879	4.66834	0.667143	7.78613	3.11445	6.99428e-06	0	0	0	0	0	0	0	0	
0.404	1.51059	0.987282	4.718	0.661992	7.80818	3.12327	1.37296e-05	0	0	0	0	0	0	0	0	
0.405	1.52311	1.00165	4.77222	0.656553	7.83304	3.13321	2.72207e-05	0	0	0	0	0	0	0	0	
0.406	1.53666	1.0174	4.83178	0.650762	7.86084	3.14434	5.46826e-05	0	0	0	0	0	0	0	0	
0.407	1.5516	1.03508	4.898	0.644498	7.89188	3.15675	0.000111542	0	0	0	0	0	0	0	0	
0.408	1.56872	1.05511	4.97422	0.637464	7.92721	3.17088	0.000231782	0	0	0	0	0	0	0	0	
0.409	1.58921	1.07821	5.06545	0.629245	7.96852	3.18741	0.000492051	0	0	0	0	0	0	0	0	
0.41	1.61437	1.10611	5.17721	0.619436	8.01739	3.20695	0.00106873	0	0	0	0	0	0	0	0	
0.411	1.64632	1.14177	5.31804	0.607414	8.07563	3.23025	0.00238968	0	0	0	0	0	0	0	0	
0.412	1.68988	1.18911	5.50699	0.591759	8.14703	3.25881	0.00554567	0	0	0	0	0	0	0	0	
0.413	1.75483	1.2545	5.78124	0.569857	8.2362	3.29448	0.0134229	0	0	0	0	0	0	0	0	
0.414	1.86037	1.35111	6.20339	0.537529	8.33625	3.3345	0.0343229	0	0	0	0	0	0	0	0	
0.415	2.04779	1.50216	6.8745	0.48833	8.39256	3.35703	0.0932767	0	0	0	0	0	0	0	0	
0.416	2.37845	1.70364	7.74223	0.420442	8.13791	3.25516	0.260756	0	0	0	0	0	0	0	0	
0.417	2.38618	1.58175	6.31401	0.41908	6.61519	2.64608	0.625245	0	0	0	0	0	0	0	0	
0.418	1.36229	0.476487	1.95422	0.734056	3.58627	1.43451	0.924187	0	0	0	0	0	0	0	0	
0.419	1.02885	0.0927471	1.16908	0.971958	2.84074	1.1363	0.938291	0	0	0	0	0	0	0	0	
0.42	1.02156	0.0872911	1.15683	0.978898	2.83106	1.13242	0.938675	0	0	0	0	0	0	0	0	
0.421	1.02144	0.086992	1.15605	0.979012	2.82946	1.13178	0.93906	0	0	0	0	0	0	0	0	
0.422	1.0214	0.0867354	1.15536	0.979046	2.82787	1.13115	0.939456	0	0	0	0	0	0	0	0	
0.423	1.0214	0.0864823	1.15467	0.979053	2.82621	1.13048	0.939865	0	0	0	0	0	0	0	0	
0.424	1.02141	0.0862325	1.15399	0.979043	2.82452	1.12981	0.940281	0	0	0	0	0	0	0	0	
0.425	1.02142	0.0859857	1.15332	0.979029	2.82283	1.12913	0.940696	0	0	0	0	0	0	0	0	
0.426	1.02142	0.0857421	1.15265	0.979026	2.82118	1.12847	0.941103	0	0	0	0	0	0	0	0	
0.427	1.02141	0.0855015	1.15199	0.979039	2.8196	1.12784	0.941498	0	0	0	0	0	0	0	0	
0.428	1.02138	0.0852641	1.15133	0.979071	2.81809	1.12723	0.941881	0	0	0	0	0	0	0	0	
0.429	1.02133	0.0850297	1.15068	0.979119	2.81663	1.12665	0.942252	0	0	0	0	0	0	0	0	
0.43	1.02126	0.0847985	1.15003	0.979179	2.81522	1.12609	0.942614	0	0	0	0	0	0	0	0	
0.431	1.02119	0.0845703	1.14939	0.979247	2.81385	1.12554	0.942969	0	0	0	0	0	0	0	0	
0.432	1.02111	0.0843451	1.14876	0.979322	2.81251	1.125	0.943318	0	0	0	0	0	0	0	0	
0.433	1.02103	0.0841229	1.14813	0.979401	2.8112	1.12448	0.943663	0	0	0	0	0	0	0	0	
0.434	1.02095	0.0839037	1.14751	0.979478	2.80989	1.12396	0.944006	0	0	0	0	0	0	0	0	
0.435	1.02088	0.0836872	1.14689	0.979543	2.80856	1.12342	0.944354	0	0	0	0	0	0	0	0	
0.436	1.02084	0.0834734	1.14627	0.979584	2.80718	1.12287	0.944712	0	0	0	0	0	0	0	0	
0.437	1.02084	0.083262	1.14566	0.979588	2.8057	1.12228	0.945086	0	0	0	0	0	0	0	0	
0.438	1.02088	0.0830529	1.14506	0.97955	2.80411	1.12164	0.945481	0	0	0	0	0	0	0	0	
0.439	1.02096	0.0828457	1.14446	0.979472	2.80242	1.12097	0.945894	0	0	0	0	0	0	0	0	
0.44	1.02106	0.0826404	1.14387	0.979372	2.80068	1.12027	0.946316	0	0	0	0	0	0	0	0	
0.441	1.02117	0.0824368	1.14328	0.979272	2.79896	1.11958	0.946736	0	0	0	0	0	0	0	0	
0.442	1.02124	0.0822349	1.1427	0.979201	2.79732	1.11893	0.947139	0	0	0	0	0	0	0	0	
0.443	1.02126	0.0820348	1.14212	0.979179	2.79585	1.11834	0.947515	0	0	0	0	0	0	0	0	
0.444	1.02122	0.0818364	1.14155	0.979217	2.79455	1.11782	0.947857	0	0	0	0	0	0	0	0	
0.445	1.02113	0.0816401	1.14098	0.97931	2.79343	1.11737	0.94817	0	0	0	0	0	0	0	0	
0.446	1.02099	0.0814457	1.14042	0.97944	2.79243	1.11697	0.94846	0	0	0	0	0	0	0	0	
0.447	1.02084	0.0812535	1.13986	0.979584	2.79148	1.11659	0.948742	0	0	0	0	0	0	0	0	
0.448	1.02071	0.0810632	1.13931	0.979714	2.7905	1.1162	0.949029	0	0	0	0	0	0	0	0	
0.449	1.0206	0.0808748	1.13877	0.979811	2.78944	1.11578	0.949329	0	0	0	0	0	0	0	0	
0.45	1.02055	0.0806881	1.13823	0.979866	2.78827	1.11531	0.949649	0	0	0	0	0	0	0	0	
0.451	1.02054	0.080503	1.13769	0.979877	2.78699	1.1148	0.949989	0	0	0	0	0	0	0	0	
0.452	1.02056	0.0803194	1.13716	0.97985	2.78561	1.11425	0.950346	0	0	0	0	0	0	0	0	
0.453	1.02062	0.0801371	1.13663	0.979794	2.78417	1.11367	0.950715	0	0	0	0	0	0	0	0	
0.454	1.0207	0.0799561	1.13611	0.979719	2.78268	1.11307	0.951091	0	0	0	0	0	0	0	0	
0.455	1.02079	0.0797764	1.1356	0.979631	2.78116	1.11247	0.951472	0	0	0	0	0	0	0	0	
0.456	1.02089	0.079598	1.13508	0.979533	2.77963	1.11185	0.951855	0	0	0	0	0	0	0	0	
0.457	1.02101	0.0794207	1.13458	0.979423	2.77807	1.11123	0.952242	0	0	0	0	0	0	0	0	
0.458	1.02114	0.0792448	1.13407	0.979299	2.77649	1.1106	0.952633	0	0	0	0	0	0	0	0	
0.459	1.02128	0.07907	1.13357	0.97916	2.77487	1.10995	0.953028	0	0	0	0	0	0	0	0	
0.46	1.02144	0.0788964	1.13308	0.979008	2.77323	1.10929	0.953428	0	0	0	0	0	0	0	0	
0.461	1.0216	0.078724	1.13258	0.978853	2.77158	1.10863	0.953827	0	0	0	0	0	0	0	0	
0.462	1.02176	0.0785529	1.1321	0.978707	2.76998	1.10799	0.954219	0	0	0	0	0	0	0	0	
0.463	1.02188	0.078383	1.13161	0.978592	2.76847	1.10739	0.954595	0	0	0	0	0	0	0	0	
0.464	1.02194	0.0782146	1.13113	0.978529	2.76711	1.10684	0.954946	0	0	0	0	0	0	0	0	
0.465	1.02194	0.0780477	1.13065	0.978534	2.76596	1.10638	0.955263	0	0	0	0	0	0	0	0	
0.466	1.02185	0.0778827	1.13018	0.978614	2.76503	1.10601	0.955545	0	0	0	0	0	0	0	0	
0.467	1.0217	0.0777196	1.12971	0.978764	2.7643	1.10572	0.955793	0	0	0	0	0	0	0	0	
0.468	1.02149	0.0775587	1.12925	0.978964	2.76373	1.10549	0.956018	0	0	0	0	0	0	0	0	
0.469	1.02126	0.0774	1.12878	0.979182	2.76321	1.10528	0.956232	0	0	0	0	0	0	0	0	
0.47	1.02105	0.0772435	1.12832	0.979384	2.76266	1.10506	0.956453	0	0	0	0	0	0	0	0	
0.471	1.02089	0.077089	1.12787	0.979538	2.76198	1.10479	0.956694	0	0	0	0	0	0	0	0	
0.472	1.0208	0.0769363	1.12742	0.97962	2.7611	1.10444	0.956966	0	0	0	0	0	0	0	0	
0.473	1.02081	0.0767853	1.12697	0.979616	2.75998	1.10399	0.957275	0	0	0	0	0	0	0	0	
0.474	1.0209	0.0766356	1.12652	0.979528	2.75864	1.10346	0.95762	0	0	0	0	0	0	0	0	
0.475	1.02106	0.0764871	1.12608	0.979373	2.75712	1.10285	0.957994	0	0	0	0	0	0	0	0	
0.476	1.02127	0.0763395	1.12563	0.979176	2.75549	1.10219	0.958384	0	0	0	0	0	0	0	0	
0.477	1.02148	0.0761928	1.1252	0.978976	2.75385	1.10154	0.958775	0	0	0	0	0	0	0	0	
0.478	1.02165	0.0760471	1.12476	0.978807	2.75231	1.10092	0.959151	0	0	0	0	0	0	0	0	
0.479	1.02176	0.0759024	1.12433	0.9787	2.75095	1.10038	0.959499	0	0	0	0	0	0	0	0	
0.48	1.0218	0.0757591	1.1239	0.978664	2.7498	1.09992	0.959815	0	0	0	0	0	0	0	0	
0.481	1.02177	0.0756172	1.12347	0.978691	2.74883	1.09953	0.960102	0	0	0	0	0	0	0	0	
0.482	1.02171	0.0754769	1.12305	0.978752	2.74796	1.09919	0.960374	0	0	0	0	0	0	0	0	
0.483	1.02165	0.0753382	1.12263	0.978808	2.74709	1.09884	0.960645	0	0	0	0	0	0	0	0	
0.484	1.02163	0.075201	1.12221	0.978823	2.74611	1.09844	0.960933	0	0	0	0	0	0	0	0	
0.485	1.02168	0.0750653	1.12179	0.978778	2.74496	1.09798	0.961244	0	0	0	0	0	0	0	0	
0.486	1.02179	0.0749307	1.12138	0.978674	2.74366	1.09746	0.961578	0	0	0	0	0	0	0	0	
0.487	1.02193	0.0747973	1.12097	0.978538	2.74227	1.09691	0.961924	0	0	0	0	0	0	0	0	
0.488	1.02207	0.0746649	1.12056	0.978411	2.74091	1.09636	0.962267	0	0	0	0	0	0	0	0	
0.489	1.02215	0.0745337	1.12015	0.978333	2.7397	1.09588	0.962589	0	0	0	0	0	0	0	0	
0.49	1.02215	0.0744037	1.11974	0.978333	2.73871	1.09548	0.962878	0	0	0	0	0	0	0	0	
0.491	1.02206	0.0742753	1.11934	0.978416	2.73796	1.09518	0.963133	0	0	0	0	0	0	0	0	
0.492	1.02191	0.0741485	1.11894	0.978564	2.73739	1.09496	0.963362	0	0	0	0	0	0	0	0	
0.493	1.02172	0.0740234	1.11854	0.978738	2.7369	1.09476	0.963579	0	0	0	0	0	0	0	0	
0.494	1.02157	0.0739	1.11815	0.978889	2.73636	1.09454	0.963803	0	0	0	0	0	0	0	0	
0.495	1.02148	0.0737782	1.11776	0.978974	2.73564	1.09425	0.964052	0	0	0	0	0	0	0	0	
0.496	1.02149	0.0736577	1.11737	0.978966	2.73466	1.09386	0.964337	0	0	0	0	0	0	0	0	
0.497	1.02159	0.0735382	1.11698	0.978862	2.73341	1.09337	0.964658	0	0	0	0	0	0	0	0	
0.498	1.02178	0.0734195	1.11659	0.97868	2.73196	1.09278	0.965008	0	0	0	0	0	0	0	0	
0.499	1.02202	0.0733013	1.1162	0.978455	2.73039	1.09216	0.965374	0	0	0	0	0	0	0	0	
0.5	1.02225	0.0731836	1.11582	0.978231	2.72883	1.09153	0.965739	0	0	0	0	0	0	0	0	
0.501	1.02244	0.0730664	1.11544	0.97805	2.7274	1.09096	0.966086	0	0	0	0	0	0	0	0	
0.502	1.02255	0.0729499	1.11506	0.977944	2.72618	1.09047	0.966404	0	0	0	0	0	0	0	0	
0.503	1.02257	0.0728341	1.11469	0.977927	2.72521	1.09008	0.966688	0	0	0	0	0	0	0	0	
0.504	1.0225	0.0727194	1.11432	0.977996	2.72449	1.0898	0.966939	0	0	0	0	0	0	0	0	
0.505	1.02236	0.0726058	1.11395	0.978127	2.72395	1.08958	0.967166	0	0	0	0	0	0	0	0	
0.506	1.0222	0.0724934	1.11358	0.978285	2.72349	1.0894	0.967382	0	0	0	0	0	0	0	0	
0.507	1.02205	0.0723822	1.11321	0.978429	2.723	1.0892	0.967602	0	0	0	0	0	0	0	0	
0.508	1.02195	0.0722721	1.11285	0.978524	2.72238	1.08895	0.967838	0	0	0	0	0	0	0	0	
0.509	1.02192	0.0721629	1.11249	0.978546	2.72156	1.08862	0.9681	0	0	0	0	0	0	0	0	
0.51	1.02199	0.0720545	1.11213	0.978488	2.72052	1.08821	0.96839	0	0	0	0	0	0	0	0	
0.511	1.02212	0.0719467	1.11178	0.978355	2.71928	1.08771	0.968706	0	0	0	0	0	0	0	0	
0.512	1.02232	0.0718393	1.11142	0.978167	2.71789	1.08716	0.96904	0	0	0	0	0	0	0	0	
0.513	1.02255	0.0717324	1.11107	0.977946	2.71642	1.08657	0.969384	0	0	0	0	0	0	0	0	
0.514	1.02279	0.0716258	1.11072	0.977721	2.71494	1.08597	0.969729	0	0	0	0	0	0	0	0	
0.515	1.023	0.0715198	1.11037	0.97752	2.71353	1.08541	0.970064	0	0	0	0	0	0	0	0	
0.516	1.02315	0.0714144	1.11003	0.977371	2.71227	1.08491	0.97038	0	0	0	0	0	0	0	0	
0.517	1.02323	0.0713099	1.10968	0.9773	2.71123	1.08449	0.970669	0	0	0	0	0	0	0	0	
0.518	1.02321	0.0712066	1.10934	0.977321	2.71045	1.08418	0.970926	0	0	0	0	0	0	0	0	
0.519	1.02309	0.0711048	1.109	0.977433	2.70992	1.08397	0.971153	0	0	0	0	0	0	0	0	
0.52	1.0229	0.0710046	1.10866	0.977617	2.70961	1.08384	0.971355	0	0	0	0	0	0	0	0	
0.521	1.02266	0.0709062	1.10832	0.97784	2.7094	1.08376	0.971544	0	0	0	0	0	0	0	0	
0.522	1.02243	0.0708098	1.10798	0.978059	2.70918	1.08367	0.971734	0	0	0	0	0	0	0	0	
0.523	1.02225	0.0707152	1.10765	0.978236	2.70885	1.08354	0.971937	0	0	0	0	0	0	0	0	
0.524	1.02214	0.0706223	1.10731	0.97834	2.70832	1.08333	0.972164	0	0	0	0	0	0	0	0	
0.525	1.02212	0.0705308	1.10698	0.97836	2.70755	1.08302	0.972418	0	0	0	0	0	0	0	0	
0.526	1.02218	0.0704405	1.10664	0.978298	2.70657	1.08263	0.972697	0	0	0	0	0	0	0	0	
0.527	1.02231	0.0703511	1.10631	0.978173	2.70541	1.08216	0.972996	0	0	0	0	0	0	0	0	
0.528	1.02249	0.0702624	1.10598	0.978009	2.70415	1.08166	0.973306	0	0	0	0	0	0	0	0	
0.529	1.02267	0.0701743	1.10565	0.977833	2.70286	1.08114	0.973619	0	0	0	0	0	0	0	0	
0.53	1.02284	0.0700866	1.10533	0.977665	2.7016	1.08064	0.973929	0	0	0	0	0	0	0	0	
0.531	1.023	0.0699993	1.105	0.977518	2.7004	1.08016	0.974231	0	0	0	0	0	0	0	0	
0.532	1.02313	0.0699122	1.10468	0.977395	2.69927	1.07971	0.974525	0	0	0	0	0	0	0	0	
0.533	1.02323	0.0698253	1.10436	0.977293	2.6982	1.07928	0.97481	0	0	0	0	0	0	0	0	
0.534	1.02332	0.0697386	1.10404	0.977208	2.69719	1.07887	0.97509	0	0	0	0	0	0	0	0	
0.535	1.0234	0.0696519	1.10372	0.977131	2.6962	1.07848	0.975366	0	0	0	0	0	0	0	0	
0.536	1.02348	0.0695654	1.10341	0.977057	2.69523	1.07809	0.97564	0	0	0	0	0	0	0	0	
0.537	1.02356	0.0694788	1.1031	0.976982	2.69427	1.07771	0.975913	0	0	0	0	0	0	0	0	
0.538	1.02364	0.0693923	1.10279	0.976908	2.69331	1.07732	0.976184	0	0	0	0	0	0	0	0	
0.539	1.0237	0.0693059	1.10248	0.976844	2.69238	1.07695	0.976453	0	0	0	0	0	0	0	0	
0.54	1.02375	0.0692197	1.10218	0.976802	2.69152	1.07661	0.976714	0	0	0	0	0	0	0	0	
0.541	1.02376	0.0691337	1.10188	0.976793	2.69076	1.0763	0.976965	0	0	0	0	0	0	0	0	
0.542	1.02374	0.0690482	1.10158	0.97681	2.69008	1.07603	0.977209	0	0	0	0	0	0	0	0	
0.543	1.02372	0.0689634	1.10128	0.976833	2.68941	1.07576	0.97745	0	0	0	0	0	0	0	0	
0.544	1.02371	0.0688793	1.10098	0.976836	2.68869	1.07548	0.977695	0	0	0	0	0	0	0	0	
0.545	1.02374	0.0687959	1.10069	0.976808	2.6879	1.07516	0.977949	0	0	0	0	0	0	0	0	
0.546	1.0238	0.0687134	1.10039	0.976755	2.68703	1.07481	0.978209	0	0	0	0	0	0	0	0	
0.547	1.02387	0.0686317	1.1001	0.97669	2.68614	1.07446	0.978471	0	0	0	0	0	0	0	0	
0.548	1.02393	0.068551	1.09981	0.976631	2.68526	1.0741	0.978732	0	0	0	0	0	0	0	0	
0.549	1.02397	0.0684713	1.09951	0.976587	2.68443	1.07377	0.978989	0	0	0	0	0	0	0	0	
0.55	1.024	0.0683925	1.09922	0.976562	2.68365	1.07346	0.97924	0	0	0	0	0	0	0	0	
0.551	1.024	0.0683148	1.09893	0.976559	2.68294	1.07317	0.979486	0	0	0	0	0	0	0	0	
0.552	1.02399	0.068238	1.09865	0.976573	2.68227	1.07291	0.979727	0	0	0	0	0	0	0	0	
0.553	1.02397	0.0681621	1.09836	0.976595	2.68163	1.07265	0.979966	0	0	0	0	0	0	0	0	
0.554	1.02395	0.068087	1.09807	0.976614	2.68098	1.07239	0.980204	0	0	0	0	0	0	0	0	
0.555	1.02393	0.0680126	1.09779	0.976627	2.68032	1.07213	0.980445	0	0	0	0	0	0	0	0	
0.556	1.02393	0.0679387	1.0975	0.976631	2.67964	1.07186	0.980686	0	0	0	0	0	0	0	0	
0.557	1.02393	0.0678653	1.09722	0.976628	2.67894	1.07158	0.98093	0	0	0	0	0	0	0	0	
0.558	1.02394	0.0677922	1.09694	0.97662	2.67824	1.07129	0.981174	0	0	0	0	0	0	0	0	
0.559	1.02394	0.0677195	1.09666	0.976621	2.67756	1.07102	0.981415	0	0	0	0	0	0	0	0	
0.56	1.02391	0.0676473	1.09639	0.976651	2.67697	1.07079	0.98165	0	0	0	0	0	0	0	0	
0.561	1.02383	0.0675757	1.09611	0.976723	2.67649	1.0706	0.981876	0	0	0	0	0	0	0	0	
0.562	1.02373	0.0675049	1.09584	0.976816	2.67607	1.07043	0.982097	0	0	0	0	0	0	0	0	
0.563	1.02366	0.067435	1.09556	0.976887	2.6756	1.07024	0.982322	0	0	0	0	0	0	0	0	
0.564	1.02365	0.0673661	1.09529	0.976897	2.67496	1.06999	0.982559	0	0	0	0	0	0	0	0	
0.565	1.02371	0.0672981	1.09502	0.976842	2.67415	1.06966	0.982811	0	0	0	0	0	0	0	0	
0.566	1.02381	0.067231	1.09475	0.976745	2.67322	1.06929	0.983072	0	0	0	0	0	0	0	0	
0.567	1.02392	0.0671647	1.09447	0.976642	2.67228	1.06891	0.983334	0	0	0	0	0	0	0	0	
0.568	1.02401	0.0670994	1.0942	0.976556	2.67138	1.06855	0.983593	0	0	0	0	0	0	0	0	
0.569	1.02408	0.0670348	1.09393	0.976491	2.67054	1.06822	0.983847	0	0	0	0	0	0	0	0	
0.57	1.02412	0.066971	1.09366	0.976445	2.66976	1.0679	0.984096	0	0	0	0	0	0	0	0	
0.571	1.02415	0.0669078	1.0934	0.976421	2.66904	1.06762	0.98434	0	0	0	0	0	0	0	0	
0.572	1.02413	0.0668452	1.09313	0.976438	2.66843	1.06737	0.984577	0	0	0	0	0	0	0	0	
0.573	1.02405	0.0667832	1.09286	0.976518	2.668	1.0672	0.984801	0	0	0	0	0	0	0	0	
0.574	1.02389	0.0667217	1.0926	0.976669	2.66777	1.06711	0.985012	0	0	0	0	0	0	0	0	
0.575	1.02367	0.066661	1.09234	0.976875	2.66769	1.06708	0.985213	0	0	0	0	0	0	0	0	
0.576	1.02344	0.0666009	1.09208	0.977096	2.66765	1.06706	0.985411	0	0	0	0	0	0	0	0	
0.577	1.02326	0.0665416	1.09182	0.977268	2.66749	1.067	0.985618	0	0	0	0	0	0	0	0	
0.578	1.02319	0.0664828	1.09156	0.977332	2.66704	1.06681	0.985845	0	0	0	0	0	0	0	0	
0.579	1.02326	0.0664244	1.0913	0.977269	2.66623	1.06649	0.986095	0	0	0	0	0	0	0	0	
0.58	1.02342	0.0663662	1.09104	0.977112	2.66518	1.06607	0.986362	0	0	0	0	0	0	0	0	
0.581	1.02363	0.0663081	1.09079	0.976914	2.66402	1.06561	0.986635	0	0	0	0	0	0	0	0	
0.582	1.02384	0.0662501	1.09053	0.97671	2.66284	1.06514	0.986909	0	0	0	0	0	0	0	0	
0.583	1.02406	0.0661923	1.09028	0.976508	2.66167	1.06467	0.987181	0	0	0	0	0	0	0	0	
0.584	1.02425	0.0661347	1.09003	0.97632	2.66054	1.06422	0.987449	0	0	0	0	0	0	0	0	
0.585	1.02441	0.0660774	1.08978	0.976176	2.65954	1.06381	0.987709	0	0	0	0	0	0	0	0	
0.586	1.02447	0.0660205	1.08953	0.976111	2.65875	1.0635	0.987957	0	0	0	0	0	0	0	0	
0.587	1.02446	0.0659641	1.08928	0.97612	2.65816	1.06327	0.988192	0	0	0	0	0	0	0	0	
0.588	1.02442	0.0659083	1.08903	0.976159	2.65767	1.06307	0.988421	0	0	0	0	0	0	0	0	
0.589	1.02441	0.0658532	1.08878	0.976175	2.65711	1.06284	0.988654	0	0	0	0	0	0	0	0	
0.59	1.02444	0.0657987	1.08854	0.976146	2.65642	1.06257	0.988893	0	0	0	0	0	0	0	0	
0.591	1.02449	0.0657447	1.08829	0.976091	2.65567	1.06227	0.989136	0	0	0	0	0	0	0	0	
0.592	1.02455	0.0656914	1.08804	0.976035	2.65492	1.06197	0.989379	0	0	0	0	0	0	0	0	
0.593	1.02462	0.0656386	1.0878	0.975975	2.65416	1.06167	0.989621	0	0	0	0	0	0	0	0	
0.594	1.0247	0.0655859	1.08756	0.975891	2.65334	1.06134	0.989867	0	0	0	0	0	0	0	0	
0.595	1.02482	0.0655329	1.08732	0.975779	2.65245	1.06098	0.990115	0	0	0	0	0	0	0	0	
0.596	1.02495	0.0654789	1.08708	0.975654	2.65153	1.06061	0.990364	0	0	0	0	0	0	0	0	
0.597	1.02507	0.0654232	1.08684	0.975545	2.65066	1.06026	0.99061	0	0	0	0	0	0	0	0	
0.598	1.02515	0.0653653	1.08661	0.975462	2.64987	1.05995	0.990852	0	0	0	0	0	0	0	0	
0.599	1.02521	0.065305	1.08639	0.975405	2.64917	1.05967	0.99109	0	0	0	0	0	0	0	0	
0.6	1.02524	0.0652424	1.08617	0.975382	2.64857	1.05943	0.991324	0	0	0	0	0	0	0	0	
0.601	1.02521	0.0651784	1.08595	0.975408	2.64812	1.05925	0.991552	0	0	0	0	0	0	0	0	
0.602	1.02518	0.0651141	1.08574	0.975439	2.64768	1.05907	0.991779	0	0	0	0	0	0	0	0	
0.603	1.02522	0.065051	1.08552	0.975403	2.64706	1.05882	0.992013	0	0	0	0	0	0	0	0	
0.604	1.02531	0.0649903	1.08531	0.975311	2.64628	1.05851	0.992252	0	0	0	0	0	0	0	0	
0.605	1.02542	0.0649335	1.08509	0.975214	2.64548	1.05819	0.992492	0	0	0	0	0	0	0	0	
0.606	1.02551	0.0648816	1.08486	0.975123	2.64468	1.05787	0.992732	0	0	0	0	0	0	0	0	
0.607	1.02559	0.0648354	1.08463	0.975044	2.6439	1.05756	0.99297	0	0	0	0	0	0	0	0	
0.608	1.02561	0.0647957	1.08439	0.97503	2.64327	1.05731	0.993203	0	0	0	0	0	0	0	0	
0.609	1.02557	0.064763	1.08413	0.975068	2.64276	1.05711	0.993431	0	0	0	0	0	0	0	0	
0.61	1.0256	0.0647373	1.08388	0.975041	2.64206	1.05682	0.993665	0	0	0	0	0	0	0	0	
0.611	1.02565	0.0647175	1.08361	0.974995	2.64128	1.05651	0.993901	0	0	0	0	0	0	0	0	
0.612	1.02561	0.0647014	1.08334	0.975027	2.64071	1.05628	0.994131	0	0	0	0	0	0	0	0	
0.613	1.02566	0.0646852	1.08307	0.974983	2.63993	1.05597	0.994366	0	0	0	0	0	0	0	0	
0.614	1.0257	0.0646637	1.08281	0.974942	2.63919	1.05568	0.994601	0	0	0	0	0	0	0	0	
0.615	1.02555	0.064632	1.08256	0.975082	2.63897	1.05559	0.994823	0	0	0	0	0	0	0	0	
0.616	1.02537	0.0645864	1.08234	0.975259	2.63891	1.05557	0.995041	0	0	0	0	0	0	0	0	
0.617	1.02533	0.0645261	1.08215	0.975299	2.63854	1.05542	0.995268	0	0	0	0	0	0	0	0	
0.618	1.02539	0.0644533	1.08197	0.975238	2.63794	1.05518	0.9955	0	0	0	0	0	0	0	0	
0.619	1.0256	0.0643722	1.0818	0.975042	2.63701	1.0548	0.99574	0	0	0	0	0	0	0	0	
0.62	1.02602	0.0642874	1.08164	0.974635	2.63552	1.05421	0.99599	0	0	0	0	0	0	0	0	
0.621	1.0261	0.0642034	1.08149	0.974569	2.63495	1.05398	0.996222	0	0	0	0	0	0	0	0	
0.622	1.02566	0.0641233	1.08132	0.974983	2.63568	1.05427	0.996431	0	0	0	0	0	0	0	0	
0.623	1.02564	0.0640492	1.08115	0.974997	2.63531	1.05412	0.996658	0	0	0	0	0	0	0	0	
0.624	1.02582	0.0639848	1.08097	0.974832	2.63441	1.05377	0.996894	0	0	0	0	0	0	0	0	
0.625	1.02605	0.0639373	1.08076	0.974614	2.63332	1.05333	0.997132	0	0	0	0	0	0	0	0	
0.626	1.02663	0.0639072	1.08053	0.974058	2.63125	1.0525	0.997381	0	0	0	0	0	0	0	0	
0.627	1.02663	0.0638786	1.0803	0.974064	2.6307	1.05228	0.997612	0	0	0	0	0	0	0	0	
0.628	1.02652	0.0638433	1.08007	0.974165	2.63043	1.05217	0.997837	0	0	0	0	0	0	0	0	
0.629	1.02582	0.0638483	1.07979	0.974829	2.63154	1.05262	0.99805	0	0	0	0	0	0	0	0	
0.63	1.02525	0.0639318	1.0794	0.975372	2.63205	1.05282	0.998269	0	0	0	0	0	0	0	0	
0.631	1.02558	0.0639666	1.07908	0.975061	2.63043	1.05217	0.998506	0	0	0	0	0	0	0	0	
0.632	1.02674	0.0638678	1.07895	0.973955	2.62712	1.05085	0.998755	0	0	0	0	0	0	0	0	
0.633	1.02568	0.0641258	1.07824	0.974964	2.62812	1.05125	0.998976	0	0	0	0	0	0	0	0	
0.634	1.02533	0.0649686	1.0763	0.975299	2.62428	1.04971	0.999214	0	0	0	0	0	0	0	0	
0.635	1.02289	0.0631798	1.07535	0.977625	2.62822	1.05129	0.999429	0	0	0	0	0	0	0	0	
0.636	1.02222	0.0484975	1.07338	0.978266	2.62514	1.05005	0.999657	0	0	0	0	0	0	0	0	
0.637	0.974061	-0.015636	1.0006	1.02663	2.56811	1.02725	0.999863	0	0	0	0	0	0	0	0	
0.638	0.837977	-0.159623	0.796959	1.19335	2.37763	0.951052	0.999977	0	0	0	0	0	0	0	0	
0.639	0.445955	-0.727555	0.345609	2.24238	1.93747	0.774987	1	0	0	0	0	0	0	0	0	
0.64	0.259259	-1.35769	0.0967742	3.85715	0.933181	0.373272	1	0	0	0	0	0	0	0	0	
0.641	0.259259	-1.35769	0.0967742	3.85715	0.933181	0.373272	1	0	0	0	0	0	0	0	0	
0.642	0.259259	-1.35769	0.0967742	3.85715	0.933181	0.373272	1	0	0	0	0	0	0	0	0	
0.643	0.259259	-1.35769	0.0967742	3.85715	0.933181	0.373272	1	0	0	0	0	0	0	0	0	
0.644	0.259259	-1.35769	0.0967742	3.85715	0.933181	0.373272	1	0	0	0	0	0	0	0	0	
0.645	0.259259	-1.35769	0.0967742	3.85715	0.933181	0.373272	1	0	0	0	0	0	0	0	0	
0.646	0.259259	-1.35769	0.0967742	3.85715	0.933181	0.373272	1	0	0	0	0	0	0	0	0	
0.647	0.259259	-1.35769	0.0967742	3.85715	0.933181	0.373272	1	0	0	0	0	0	0	0	0	
0.648	0.259259	-1.35769	0.0967742	3.85715	0.933181	0.373272	1	0	0	0	0	0	0	0	0	
0.649	0.259259	-1.35769	0.0967742	3.85715	0.933181	0.373272	1	0	0	0	0	0	0	0	0	
0.65	0.259259	-1.35769	0.0967742	3.85715	0.933181	0.373272	1	0	0	0	0	0	0	0	0	
0.651	0.259259	-1.35769	0.0967742	3.85715	0.933181	0.373272	1	0	0	0	0	0	0	0	0	
0.652	0.259259	-1.35769	0.0967742	3.85715	0.933181	0.373272	1	0	0	0	0	0	0	0	0	
0.653	0.259259	-1.35769	0.0967742	3.85715	0.933181	0.373272	1	0	0	0	0	0	0	0	0	
0.654	0.259259	-1.35769	0.0967742	3.85715	0.933181	0.373272	1	0	0	0	0	0	0	0	0	
0.655	0.259259	-1.35769	0.0967742	3.85715	0.933181	0.373272	1	0	0	0	0	0	0	0	0	
0.656	0.259259	-1.35769	0.0967742	3.85715	0.933181	0.373272	1	0	0	0	0	0	0	0	0	
0.657	0.259259	-1.35769	0.0967742	3.85715	0.933181	0.373272	1	0	0	0	0	0	0	0	0	
0.658	0.259259	-1.35769	0.0967742	3.85715	0.933181	0.373272	1	0	0	0	0	0	0	0	0	
0.659	0.259259	-1.35769	0.0967742	3.85715	0.933181	0.373272	1	0	0	0	0	0	0	0	0	
0.66	0.259259	-1.35769	0.0967742	3.85715	0.933181	0.373272	1	0	0	0	0	0	0	0	0	
0.661	0.259259	-1.35769	0.0967742	3.85715	0.933181	0.373272	1	0	0	0	0	0	0	0	0	
0.662	0.259259	-1.35769	0.0967742	3.85715	0.933181	0.373272	1	0	0	0	0	0	0	0	0	
0.663	0.259259	-1.35769	0.0967742	3.85715	0.933181	0.373272	1	0	0	0	0	0	0	0	0	
0.664	0.259259	-1.35769	0.0967742	3.85715	0.933181	0.373272	1	0	0	0	0	0	0	0	0	
0.665	0.259259	-1.35769	0.0967742	3.85715	0.933181	0.373272	1	0	0	0	0	0	0	0	0	
0.666	0.259259	-1.35769	0.0967742	3.85715	0.933181	0.373272	1	0	0	0	0	0	0	0	0	
0.667	0.259259	-1.35769	0.0967742	3.85715	0.933181	0.373272	1	0	0	0	0	0	0	0	0	
0.668	0.259259	-1.35769	0.0967742	3.85715	0.933181	0.373272	1	0	0	0	0	0	0	0	0	
0.669	0.259259	-1.35769	0.0967742	3.85715	0.933181	0.373272	1	0	0	0	0	0	0	0	0	
0.67	0.259259	-1.35769	0.0967742	3.85715	0.933181	0.373272	1	0	0	0	0	0	0	0	0	
0.671	0.259259	-1.35769	0.0967742	3.85715	0.933181	0.373272	1	0	0	0	0	0	0	0	0	
0.672	0.259259	-1.35769	0.0967742	3.85715	0.933181	0.373272	1	0	0	0	0	0	0	0	0	
0.673	0.259259	-1.35769	0.0967742	3.85715	0.933181	0.373272	1	0	0	0	0	0	0	0	0	
0.674	0.259259	-1.35769	0.0967742	3.85715	0.933181	0.373272	1	0	0	0	0	0	0	0	0	
0.675	0.259259	-1.35769	0.0967742	3.85715	0.933181	0.373272	1	0	0	0	0	0	0	0	0	
0.676	0.259259	-1.35769	0.0967742	3.85715	0.933181	0.373272	1	0	0	0	0	0	0	0	0	
0.677	0.259259	-1.35769	0.0967742	3.85715	0.933181	0.373272	1	0	0	0	0	0	0	0	0	
0.678	0.259259	-1.35769	0.0967742	3.85715	0.933181	0.373272	1	0	0	0	0	0	0	0	0	
0.679	0.259259	-1.35769	0.0967742	3.85715	0.933181	0.373272	1	0	0	0	0	0	0	0	0	
0.68	0.259259	-1.35769	0.0967742	3.85715	0.933181	0.373272	1	0	0	0	0	0	0	0	0	
0.681	0.259259	-1.35769	0.0967742	3.85715	0.933181	0.373272	1	0	0	0	0	0	0	0	0	
0.682	0.259259	-1.35769	0.0967742	3.85715	0.933181	0.373272	1	0	0	0	0	0	0	0	0	
0.683	0.259259	-1.35769	0.0967742	3.85715	0.933181	0.373272	1	0	0	0	0	0	0	0	0	
0.684	0.259259	-1.35769	0.0967742	3.85715	0.933181	0.373272	1	0	0	0	0	0	0	0	0	
0.685	0.259259	-1.35769	0.0967742	3.85715	0.933181	0.373272	1	0	0	0	0	0	0	0	0	
0.686	0.259259	-1.35769	0.0967742	3.85715	0.933181	0.373272	1	0	0	0	0	0	0	0	0	
0.687	0.259259	-1.35769	0.0967742	3.85715	0.933181	0.373272	1	0	0	0	0	0	0	0	0	
0.688	0.259259	-1.35769	0.0967742	3.85715	0.933181	0.373272	1	0	0	0	0	0	0	0	0	
0.689	0.259259	-1.35769	0.0967742	3.85715	0.933181	0.373272	1	0	0	0	0	0	0	0	0	
0.69	0.259259	-1.35769	0.0967742	3.85715	0.933181	0.373272	1	0	0	0	0	0	0	0	0	
0.691	0.259259	-1.35769	0.0967742	3.85715	0.933181	0.373272	1	0	0	0	0	0	0	0	0	
0.692	0.259259	-1.35769	0.0967742	3.85715	0.933181	0.373272	1	0	0	0	0	0	0	0	0	
0.693	0.259259	-1.35769	0.0967742	3.85715	0.933181	0.373272	1	0	0	0	0	0	0	0	0	
0.694	0.259259	-1.35769	0.0967742	3.85715	0.933181	0.373272	1	0	0	0	0	0	0	0	0	
0.695	0.259259	-1.35769	0.0967742	3.85715	0.933181	0.373272	1	0	0	0	0	0	0	0	0	
0.696	0.259259	-1.35769	0.0967742	3.85715	0.933181	0.373272	1	0	0	0	0	0	0	0	0	
0.697	0.259259	-1.35769	0.0967742	3.85715	0.933181	0.373272	1	0	0	0	0	0	0	0	0	
0.698	0.259259	-1.35769	0.0967742	3.85715	0.933181	0.373272	1	0	0	0	0	0	0	0	0	
0.699	0.259259	-1.35769	0.0967742	3.85715	0.933181	0.373272	1	0	0	0	0	0	0	0	0	
0.7	0.259259	-1.35769	0.0967742	3.85715	0.933181	0.373272	1	0	0	0	0	0	0	0	0	
0.701	0.259259	-1.35769	0.0967742	3.85715	0.933181	0.373272	1	0	0	0	0	0	0	0	0	
0.702	0.259259	-1.35769	0.0967742	3.85715	0.933181	0.373272	1	0	0	0	0	0	0	0	0	
0.703	0.259259	-1.35769	0.0967742	3.85715	0.933181	0.373272	1	0	0	0	0	0	0	0	0	
0.704	0.259259	-1.35769	0.0967742	3.85715	0.933181	0.373272	1	0	0	0	0	0	0	0	0	
0.705	0.259259	-1.35769	0.0967742	3.85715	0.933181	0.373272	1	0	0	0	0	0	0	0	0	
0.706	0.259259	-1.35769	0.0967742	3.85715	0.933181	0.373272	1	0	0	0	0	0	0	0	0	
0.707	0.259259	-1.35769	0.0967742	3.85715	0.933181	0.373272	1	0	0	0	0	0	0	0	0	
0.708	0.259259	-1.35769	0.0967742	3.85715	0.933181	0.373272	1	0	0	0	0	0	0	0	0	
0.709	0.259259	-1.35769	0.0967742	3.85715	0.933181	0.373272	1	0	0	0	0	0	0	0	0	
0.71	0.259259	-1.35769	0.0967742	3.85715	0.933181	0.373272	1	0	0	0	0	0	0	0	0	
0.711	0.259259	-1.35769	0.0967742	3.85715	0.933181	0.373272	1	0	0	0	0	0	0	0	0	
0.712	0.259259	-1.35769	0.0967742	3.85715	0.933181	0.373272	1	0	0	0	0	0	0	0	0	
0.713	0.259259	-1.35769	0.0967742	3.85715	0.933181	0.373272	1	0	0	0	0	0	0	0	0	
0.714	0.259259	-1.35769	0.0967742	3.85715	0.933181	0.373272	1	0	0	0	0	0	0	0	0	
0.715	0.259259	-1.35769	0.0967742	3.85715	0.933181	0.373272	1	0	0	0	0	0	0	0	0	
0.716	0.259259	-1.35769	0.0967742	3.85715	0.933181	0.373272	1	0	0	0	0	0	0	0	0	
0.717	0.259259	-1.35769	0.0967742	3.85715	0.933181	0.373272	1	0	0	0	0	0	0	0	0	
0.718	0.259259	-1.35769	0.0967742	3.85715	0.933181	0.373272	1	0	0	0	0	0	0	0	0	
0.719	0.259259	-1.35769	0.0967742	3.85715	0.933181	0.373272	1	0	0	0	0	0	0	0	0	
0.72	0.259259	-1.35769	0.0967742	3.85715	0.933181	0.373272	1	0	0	0	0	0	0	0	0	
0.721	0.259259	-1.35769	0.0967742	3.85715	0.933181	0.373272	1	0	0	0	0	0	0	0	0	
0.722	0.259259	-1.35769	0.0967742	3.85715	0.933181	0.373272	1	0	0	0	0	0	0	0	0	
0.723	0.259259	-1.35769	0.0967742	3.85715	0.933181	0.373272	1	0	0	0	0	0	0	0	0	
0.724	0.259259	-1.35769	0.0967742	3.85715	0.933181	0.373272	1	0	0	0	0	0	0	0	0	
0.725	0.259259	-1.35769	0.0967742	3.85715	0.933181	0.373272	1	0	0	0	0	0	0	0	0	
0.726	0.259259	-1.35769	0.0967742	3.85715	0.933181	0.373272	1	0	0	0	0	0	0	0	0	
0.727	0.259259	-1.35769	0.0967742	3.85715	0.933181	0.373272	1	0	0	0	0	0	0	0	0	
0.728	0.259259	-1.35769	0.0967742	3.85715	0.933181	0.373272	1	0	0	0	0	0	0	0	0	
0.729	0.259259	-1.35769	0.0967742	3.85715	0.933181	0.373272	1	0	0	0	0	0	0	0	0	
0.73	0.259259	-1.35769	0.0967742	3.85715	0.933181	0.373272	1	0	0	0	0	0	0	0	0	
0.731	0.259259	-1.35769	0.0967742	3.85715	0.933181	0.373272	1	0	0	0	0	0	0	0	0	
0.732	0.259259	-1.35769	0.0967742	3.85715	0.933181	0.373272	1	0	0	0	0	0	0	0	0	
0.733	0.259259	-1.35769	0.0967742	3.85715	0.933181	0.373272	1	0	0	0	0	0	0	0	0	
0.734	0.259259	-1.35769	0.0967742	3.85715	0.933181	0.373272	1	0	0	0	0	0	0	0	0	
0.735	0.259259	-1.35769	0.0967742	3.85715	0.933181	0.373272	1	0	0	0	0	0	0	0	0	
0.736	0.259259	-1.35769	0.0967742	3.85715	0.933181	0.373272	1	0	0	0	0	0	0	0	0	
0.737	0.259259	-1.35769	0.0967742	3.85715	0.933181	0.373272	1	0	0	0	0	0	0	0	0	
0.738	0.259259	-1.35769	0.0967742	3.85715	0.933181	0.373272	1	0	0	0	0	0	0	0	0	
0.739	0.259259	-1.35769	0.0967742	3.85715	0.933181	0.373272	1	0	0	0	0	0	0	0	0	
0.74	0.259259	-1.35769	0.0967742	3.85715	0.933181	0.373272	1	0	0	0	0	0	0	0	0	
0.741	0.259259	-1.35769	0.0967742	3.85715	0.933181	0.373272	1	0	0	0	0	0	0	0	0	
0.742	0.259259	-1.35769	0.0967742	3.85715	0.933181	0.373272	1	0	0	0	0	0	0	0	0	
0.743	0.259259	-1.35769	0.0967742	3.85715	0.933181	0.373272	1	0	0	0	0	0	0	0	0	
0.744	0.259259	-1.35769	0.0967742	3.85715	0.933181	0.373272	1	0	0	0	0	0	0	0	0	
0.745	0.259259	-1.35769	0.0967742	3.85715	0.933181	0.373272	1	0	0	0	0	0	0	0	0	
0.746	0.259259	-1.35769	0.0967742	3.85715	0.933181	0.373272	1	0	0	0	0	0	0	0	0	
0.747	0.259259	-1.35769	0.0967742	3.85715	0.933181	0.373272	1	0	0	0	0	0	0	0	0	
0.748	0.259259	-1.35769	0.0967742	3.85715	0.933181	0.373272	1	0	0	0	0	0	0	0	0	
0.749	0.259259	-1.35769	0.0967742	3.85715	0.933181	0.373272	1	0	0	0	0	0	0	0	0	
0.75	0.259259	-1.35769	0.0967742	3.85715	0.933181	0.373272	1	0	0	0	0	0	0	0	0	
0.751	0.259259	-1.35769	0.0967742	3.85715	0.933181	0.373272	1	0	0	0	0	0	0	0	0	
0.752	0.259259	-1.35769	0.0967742	3.85715	0.933181	0.373272	1	0	0	0	0	0	0	0	0	
0.753	0.259259	-1.35769	0.0967742	3.85715	0.933181	0.373272	1	0	0	0	0	0	0	0	0	
0.754	0.259259	-1.35769	0.0967742	3.85715	0.933181	0.373272	1	0	0	0	0	0	0	0	0	
0.755	0.259259	-1.35769	0.0967742	3.85715	0.933181	0.373272	1	0	0	0	0	0	0	0	0	
0.756	0.259259	-1.35769	0.0967742	3.85715	0.933181	0.373272	1	0	0	0	0	0	0	0	0	
0.757	0.259259	-1.35769	0.0967742	3.85715	0.933181	0.373272	1	0	0	0	0	0	0	0	0	
0.758	0.259259	-1.35769	0.0967742	3.85715	0.933181	0.373272	1	0	0	0	0	0	0	0	0	
0.759	0.259259	-1.35769	0.0967742	3.85715	0.933181	0.373272	1	0	0	0	0	0	0	0	0	
0.76	0.259259	-1.35769	0.0967742	3.85715	0.933181	0.373272	1	0	0	0	0	0	0	0	0	
0.761	0.259259	-1.35769	0.0967742	3.85715	0.933181	0.373272	1	0	0	0	0	0	0	0	0	
0.762	0.259259	-1.35769	0.0967742	3.85715	0.933181	0.373272	1	0	0	0	0	0	0	0	0	
0.763	0.259259	-1.35769	0.0967742	3.85715	0.933181	0.373272	1	0	0	0	0	0	0	0	0	
0.764	0.259259	-1.35769	0.0967742	3.85715	0.933181	0.373272	1	0	0	0	0	0	0	0	0	
0.765	0.259259	-1.35769	0.0967742	3.85715	0.933181	0.373272	1	0	0	0	0	0	0	0	0	
0.766	0.259259	-1.35769	0.0967742	3.85715	0.933181	0.373272	1	0	0	0	0	0	0	0	0	
0.767	0.259259	-1.35769	0.0967742	3.85715	0.933181	0.373272	1	0	0	0	0	0	0	0	0	
0.768	0.259259	-1.35769	0.0967742	3.85715	0.933181	0.373272	1	0	0	0	0	0	0	0	0	
0.769	0.259259	-1.35769	0.0967742	3.85715	0.933181	0.373272	1	0	0	0	0	0	0	0	0	
0.77	0.259259	-1.35769	0.0967742	3.85715	0.933181	0.373272	1	0	0	0	0	0	0	0	0	
0.771	0.259259	-1.35769	0.0967742	3.85715	0.933181	0.373272	1	0	0	0	0	0	0	0	0	
0.772	0.259259	-1.35769	0.0967742	3.85715	0.933181	0.373272	1	0	0	0	0	0	0	0	0	
0.773	0.259259	-1.35769	0.0967742	3.85715	0.933181	0.373272	1	0	0	0	0	0	0	0	0	
0.774	0.259259	-1.35769	0.0967742	3.85715	0.933181	0.373272	1	0	0	0	0	0	0	0	0	
0.775	0.259259	-1.35769	0.0967742	3.85715	0.933181	0.373272	1	0	0	0	0	0	0	0	0	
0.776	0.259259	-1.35769	0.0967742	3.85715	0.933181	0.373272	1	0	0	0	0	0	0	0	0	
0.777	0.259259	-1.35769	0.0967742	3.85715	0.933181	0.373272	1	0	0	0	0	0	0	0	0	
0.778	0.259259	-1.35769	0.0967742	3.85715	0.933181	0.373272	1	0	0	0	0	0	0	0	0	
0.779	0.259259	-1.35769	0.0967742	3.85715	0.933181	0.373272	1	0	0	0	0	0	0	0	0	
0.78	0.259259	-1.35769	0.0967742	3.85715	0.933181	0.373272	1	0	0	0	0	0	0	0	0	
0.781	0.259259	-1.35769	0.0967742	3.85715	0.933181	0.373272	1	0	0	0	0	0	0	0	0	
0.782	0.259259	-1.35769	0.0967742	3.85715	0.933181	0.373272	1	0	0	0	0	0	0	0	0	
0.783	0.259259	-1.35769	0.0967742	3.85715	0.933181	0.373272	1	0	0	0	0	0	0	0	0	
0.784	0.259259	-1.35769	0.0967742	3.85715	0.933181	0.373272	1	0	0	0	0	0	0	0	0	
0.785	0.259259	-1.35769	0.0967742	3.85715	0.933181	0.373272	1	0	0	0	0	0	0	0	0	
0.786	0.259259	-1.35769	0.0967742	3.85715	0.933181	0.373272	1	0	0	0	0	0	0	0	0	
0.787	0.259259	-1.35769	0.0967742	3.85715	0.933181	0.373272	1	0	0	0	0	0	0	0	0	
0.788	0.259259	-1.35769	0.0967742	3.85715	0.933181	0.373272	1	0	0	0	0	0	0	0	0	
0.789	0.259259	-1.35769	0.0967742	3.85715	0.933181	0.373272	1	0	0	0	0	0	0	0	0	
0.79	0.259259	-1.35769	0.0967742	3.85715	0.933181	0.373272	1	0	0	0	0	0	0	0	0	
0.791	0.259259	-1.35769	0.0967742	3.85715	0.933181	0.373272	1	0	0	0	0	0	0	0	0	
0.792	0.259259	-1.35769	0.0967742	3.85715	0.933181	0.373272	1	0	0	0	0	0	0	0	0	
0.793	0.259259	-1.35769	0.0967742	3.85715	0.933181	0.373272	1	0	0	0	0	0	0	0	0	
0.794	0.259259	-1.35769	0.0967742	3.85715	0.933181	0.373272	1	0	0	0	0	0	0	0	0	
0.795	0.259259	-1.35769	0.0967742	3.85715	0.933181	0.373272	1	0	0	0	0	0	0	0	0	
0.796	0.259259	-1.35769	0.0967742	3.85715	0.933181	0.373272	1	0	0	0	0	0	0	0	0	
0.797	0.259259	-1.35769	0.0967742	3.85715	0.933181	0.373272	1	0	0	0	0	0	0	0	0	
0.798	0.259259	-1.35769	0.0967742	3.85715	0.933181	0.373272	1	0	0	0	0	0	0	0	0	
0.799	0.259259	-1.35769	0.0967742	3.85715	0.933181	0.373272	1	0	0	0	0	0	0	0	0	
0.8	0.259259	-1.35769	0.0967742	3.85715	0.933181	0.373272	1	0	0	0	0	0	0	0	0	
0.801	0.259259	-1.35769	0.0967742	3.85715	0.933181	0.373272	1	0	0	0	0	0	0	0	0	
0.802	0.259259	-1.35769	0.0967742	3.85715	0.933181	0.373272	1	0	0	0	0	0	0	0	0	
0.803	0.259259	-1.35769	0.0967742	3.85715	0.933181	0.373272	1	0	0	0	0	0	0	0	0	
0.804	0.259259	-1.35769	0.0967742	3.85715	0.933181	0.373272	1	0	0	0	0	0	0	0	0	
0.805	0.259259	-1.35769	0.0967742	3.85715	0.933181	0.373272	1	0	0	0	0	0	0	0	0	
0.806	0.259259	-1.35769	0.0967742	3.85715	0.933181	0.373272	1	0	0	0	0	0	0	0	0	
0.807	0.259259	-1.35769	0.0967742	3.85715	0.933181	0.373272	1	0	0	0	0	0	0	0	0	
0.808	0.259259	-1.35769	0.0967742	3.85715	0.933181	0.373272	1	0	0	0	0	0	0	0	0	
0.809	0.259259	-1.35769	0.0967742	3.85715	0.933181	0.373272	1	0	0	0	0	0	0	0	0	
0.81	0.259259	-1.35769	0.0967742	3.85715	0.933181	0.373272	1	0	0	0	0	0	0	0	0	
0.811	0.259259	-1.35769	0.0967742	3.85715	0.933181	0.373272	1	0	0	0	0	0	0	0	0	
0.812	0.259259	-1.35769	0.0967742	3.85715	0.933181	0.373272	1	0	0	0	0	0	0	0	0	
0.813	0.259259	-1.35769	0.0967742	3.85715	0.933181	0.373272	1	0	0	0	0	0	0	0	0	
0.814	0.259259	-1.35769	0.0967742	3.85715	0.933181	0.373272	1	0	0	0	0	0	0	0	0	
0.815	0.259259	-1.35769	0.0967742	3.85715	0.933181	0.373272	1	0	0	0	0	0	0	0	0	
0.816	0.259259	-1.35769	0.0967742	3.85715	0.933181	0.373272	1	0	0	0	0	0	0	0	0	
0.817	0.259259	-1.35769	0.0967742	3.85715	0.933181	0.373272	1	0	0	0	0	0	0	0	0	
0.818	0.259259	-1.35769	0.0967742	3.85715	0.933181	0.373272	1	0	0	0	0	0	0	0	0	
0.819	0.259259	-1.35769	0.0967742	3.85715	0.933181	0.373272	1	0	0	0	0	0	0	0	0	
0.82	0.259259	-1.35769	0.0967742	3.85715	0.933181	0.373272	1	0	0	0	0	0	0	0	0	
0.821	0.259259	-1.35769	0.0967742	3.85715	0.933181	0.373272	1	0	0	0	0	0	0	0	0	
0.822	0.259259	-1.35769	0.0967742	3.85715	0.933181	0.373272	1	0	0	0	0	0	0	0	0	
0.823	0.259259	-1.35769	0.0967742	3.85715	0.933181	0.373272	1	0	0	0	0	0	0	0	0	
0.824	0.259259	-1.35769	0.0967742	3.85715	0.933181	0.373272	1	0	0	0	0	0	0	0	0	
0.825	0.259259	-1.35769	0.0967742	3.85715	0.933181	0.373272	1	0	0	0	0	0	0	0	0	
0.826	0.259259	-1.35769	0.0967742	3.85715	0.933181	0.373272	1	0	0	0	0	0	0	0	0	
0.827	0.259259	-1.35769	0.0967742	3.85715	0.933181	0.373272	1	0	0	0	0	0	0	0	0	
0.828	0.259259	-1.35769	0.0967742	3.85715	0.933181	0.373272	1	0	0	0	0	0	0	0	0	
0.829	0.259259	-1.35769	0.0967742	3.85715	0.933181	0.373272	1	0	0	0	0	0	0	0	0	
0.83	0.259259	-1.35769	0.0967742	3.85715	0.933181	0.373272	1	0	0	0	0	0	0	0	0	
0.831	0.259259	-1.35769	0.0967742	3.85715	0.933181	0.373272	1	0	0	0	0	0	0	0	0	
0.832	0.259259	-1.35769	0.0967742	3.85715	0.933181	0.373272	1	0	0	0	0	0	0	0	0	
0.833	0.259259	-1.35769	0.0967742	3.85715	0.933181	0.373272	1	0	0	0	0	0	0	0	0	
0.834	0.259259	-1.35769	0.0967742	3.85715	0.933181	0.373272	1	0	0	0	0	0	0	0	0	
0.835	0.259259	-1.35769	0.0967742	3.85715	0.933181	0.373272	1	0	0	0	0	0	0	0	0	
0.836	0.259259	-1.35769	0.0967742	3.85715	0.933181	0.373272	1	0	0	0	0	0	0	0	0	
0.837	0.259259	-1.35769	0.0967742	3.85715	0.933181	0.373272	1	0	0	0	0	0	0	0	0	
0.838	0.259259	-1.35769	0.0967742	3.85715	0.933181	0.373272	1	0	0	0	0	0	0	0	0	
0.839	0.259259	-1.35769	0.0967742	3.85715	0.933181	0.373272	1	0	0	0	0	0	0	0	0	
0.84	0.259259	-1.35769	0.0967742	3.85715	0.933181	0.373272	1	0	0	0	0	0	0	0	0	
0.841	0.259259	-1.35769	0.0967742	3.85715	0.933181	0.373272	1	0	0	0	0	0	0	0	0	
0.842	0.259259	-1.35769	0.0967742	3.85715	0.933181	0.373272	1	0	0	0	0	0	0	0	0	
0.843	0.259259	-1.35769	0.0967742	3.85715	0.933181	0.373272	1	0	0	0	0	0	0	0	0	
0.844	0.259259	-1.35769	0.0967742	3.85715	0.933181	0.373272	1	0	0	0	0	0	0	0	0	
0.845	0.259259	-1.35769	0.0967742	3.85715	0.933181	0.373272	1	0	0	0	0	0	0	0	0	
0.846	0.259259	-1.35769	0.0967742	3.85715	0.933181	0.373272	1	0	0	0	0	0	0	0	0	
0.847	0.259259	-1.35769	0.0967742	3.85715	0.933181	0.373272	1	0	0	0	0	0	0	0	0	
0.848	0.259259	-1.35769	0.0967742	3.85715	0.933181	0.373272	1	0	0	0	0	0	0	0	0	
0.849	0.259259	-1.35769	0.0967742	3.85715	0.933181	0.373272	1	0	0	0	0	0	0	0	0	
0.85	0.259259	-1.35769	0.0967742	3.85715	0.933181	0.373272	1	0	0	0	0	0	0	0	0	
0.851	0.259259	-1.35769	0.0967742	3.85715	0.933181	0.373272	1	0	0	0	0	0	0	0	0	
0.852	0.259259	-1.35769	0.0967742	3.85715	0.933181	0.373272	1	0	0	0	0	0	0	0	0	
0.853	0.259259	-1.35769	0.0967742	3.85715	0.933181	0.373272	1	0	0	0	0	0	0	0	0	
0.854	0.259259	-1.35769	0.0967742	3.85715	0.933181	0.373272	1	0	0	0	0	0	0	0	0	
0.855	0.259259	-1.35769	0.0967742	3.85715	0.933181	0.373272	1	0	0	0	0	0	0	0	0	
0.856	0.259259	-1.35769	0.0967742	3.85715	0.933181	0.373272	1	0	0	0	0	0	0	0	0	
0.857	0.259259	-1.35769	0.0967742	3.85715	0.933181	0.373272	1	0	0	0	0	0	0	0	0	
0.858	0.259259	-1.35769	0.0967742	3.85715	0.933181	0.373272	1	0	0	0	0	0	0	0	0	
0.859	0.259259	-1.35769	0.0967742	3.85715	0.933181	0.373272	1	0	0	0	0	0	0	0	0	
0.86	0.259259	-1.35769	0.0967742	3.85715	0.933181	0.373272	1	0	0	0	0	0	0	0	0	
0.861	0.259259	-1.35769	0.0967742	3.85715	0.933181	0.373272	1	0	0	0	0	0	0	0	0	
0.862	0.259259	-1.35769	0.0967742	3.85715	0.933181	0.373272	1	0	0	0	0	0	0	0	0	
0.863	0.259259	-1.35769	0.0967742	3.85715	0.933181	0.373272	1	0	0	0	0	0	0	0	0	
0.864	0.259259	-1.35769	0.0967742	3.85715	0.933181	0.373272	1	0	0	0	0	0	0	0	0	
0.865	0.259259	-1.35769	0.0967742	3.85715	0.933181	0.373272	1	0	0	0	0	0	0	0	0	
0.866	0.259259	-1.35769	0.0967742	3.85715	0.933181	0.373272	1	0	0	0	0	0	0	0	0	
0.867	0.259259	-1.35769	0.0967742	3.85715	0.933181	0.373272	1	0	0	0	0	0	0	0	0	
0.868	0.259259	-1.35769	0.0967742	3.85715	0.933181	0.373272	1	0	0	0	0	0	0	0	0	
0.869	0.259259	-1.35769	0.0967742	3.85715	0.933181	0.373272	1	0	0	0	0	0	0	0	0	
0.87	0.259259	-1.35769	0.0967742	3.85715	0.933181	0.373272	1	0	0	0	0	0	0	0	0	
0.871	0.259259	-1.35769	0.0967742	3.85715	0.933181	0.373272	1	0	0	0	0	0	0	0	0	
0.872	0.259259	-1.35769	0.0967742	3.85715	0.933181	0.373272	1	0	0	0	0	0	0	0	0	
0.873	0.259259	-1.35769	0.0967742	3.85715	0.933181	0.373272	1	0	0	0	0	0	0	0	0	
0.874	0.259259	-1.35769	0.0967742	3.85715	0.933181	0.373272	1	0	0	0	0	0	0	0	0	
0.875	0.259259	-1.35769	0.0967742	3.85715	0.933181	0.373272	1	0	0	0	0	0	0	0	0	
0.876	0.259259	-1.35769	0.0967742	3.85715	0.933181	0.373272	1	0	0	0	0	0	0	0	0	
0.877	0.259259	-1.35769	0.0967742	3.85715	0.933181	0.373272	1	0	0	0	0	0	0	0	0	
0.878	0.259259	-1.35769	0.0967742	3.85715	0.933181	0.373272	1	0	0	0	0	0	0	0	0	
0.879	0.259259	-1.35769	0.0967742	3.85715	0.933181	0.373272	1	0	0	0	0	0	0	0	0	
0.88	0.259259	-1.35769	0.0967742	3.85715	0.933181	0.373272	1	0	0	0	0	0	0	0	0	
0.881	0.259259	-1.35769	0.0967742	3.85715	0.933181	0.373272	1	0	0	0	0	0	0	0	0	
0.882	0.259259	-1.35769	0.0967742	3.85715	0.933181	0.373272	1	0	0	0	0	0	0	0	0	
0.883	0.259259	-1.35769	0.0967742	3.85715	0.933181	0.373272	1	0	0	0	0	0	0	0	0	
0.884	0.259259	-1.35769	0.0967742	3.85715	0.933181	0.373272	1	0	0	0	0	0	0	0	0	
0.885	0.259259	-1.35769	0.0967742	3.85715	0.933181	0.373272	1	0	0	0	0	0	0	0	0	
0.886	0.259259	-1.35769	0.0967742	3.85715	0.933181	0.373272	1	0	0	0	0	0	0	0	0	
0.887	0.259259	-1.35769	0.0967742	3.85715	0.933181	0.373272	1	0	0	0	0	0	0	0	0	
0.888	0.259259	-1.35769	0.0967742	3.85715	0.933181	0.373272	1	0	0	0	0	0	0	0	0	
0.889	0.259259	-1.35769	0.0967742	3.85715	0.933181	0.373272	1	0	0	0	0	0	0	0	0	
0.89	0.259259	-1.35769	0.0967742	3.85715	0.933181	0.373272	1	0	0	0	0	0	0	0	0	
0.891	0.259259	-1.35769	0.0967742	3.85715	0.933181	0.373272	1	0	0	0	0	0	0	0	0	
0.892	0.259259	-1.35769	0.0967742	3.85715	0.933181	0.373272	1	0	0	0	0	0	0	0	0	
0.893	0.259259	-1.35769	0.0967742	3.85715	0.933181	0.373272	1	0	0	0	0	0	0	0	0	
0.894	0.259259	-1.35769	0.0967742	3.85715	0.933181	0.373272	1	0	0	0	0	0	0	0	0	
0.895	0.259259	-1.35769	0.0967742	3.85715	0.933181	0.373272	1	0	0	0	0	0	0	0	0	
0.896	0.259259	-1.35769	0.0967742	3.85715	0.933181	0.373272	1	0	0	0	0	0	0	0	0	
0.897	0.259259	-1.35769	0.0967742	3.85715	0.933181	0.373272	1	0	0	0	0	0	0	0	0	
0.898	0.259259	-1.35769	0.0967742	3.85715	0.933181	0.373272	1	0	0	0	0	0	0	0	0	
0.899	0.259259	-1.35769	0.0967742	3.85715	0.933181	0.373272	1	0	0	0	0	0	0	0	0	
0.9	0.259259	-1.35769	0.0967742	3.85715	0.933181	0.373272	1	0	0	0	0	0	0	0	0	
0.901	0.259259	-1.35769	0.0967742	3.85715	0.933181	0.373272	1	0	0	0	0	0	0	0	0	
0.902	0.259259	-1.35769	0.0967742	3.85715	0.933181	0.373272	1	0	0	0	0	0	0	0	0	
0.903	0.259259	-1.35769	0.0967742	3.85715	0.933181	0.373272	1	0	0	0	0	0	0	0	0	
0.904	0.259259	-1.35769	0.0967742	3.85715	0.933181	0.373272	1	0	0	0	0	0	0	0	0	
0.905	0.259259	-1.35769	0.0967742	3.85715	0.933181	0.373272	1	0	0	0	0	0	0	0	0	
0.906	0.259259	-1.35769	0.0967742	3.85715	0.933181	0.373272	1	0	0	0	0	0	0	0	0	
0.907	0.259259	-1.35769	0.0967742	3.85715	0.933181	0.373272	1	0	0	0	0	0	0	0	0	
0.908	0.259259	-1.35769	0.0967742	3.85715	0.933181	0.373272	1	0	0	0	0	0	0	0	0	
0.909	0.259259	-1.35769	0.0967742	3.85715	0.933181	0.373272	1	0	0	0	0	0	0	0	0	
0.91	0.259259	-1.35769	0.0967742	3.85715	0.933181	0.373272	1	0	0	0	0	0	0	0	0	
0.911	0.259259	-1.35769	0.0967742	3.85715	0.933181	0.373272	1	0	0	0	0	0	0	0	0	
0.912	0.259259	-1.35769	0.0967742	3.85715	0.933181	0.373272	1	0	0	0	0	0	0	0	0	
0.913	0.259259	-1.35769	0.0967742	3.85715	0.933181	0.373272	1	0	0	0	0	0	0	0	0	
0.914	0.259259	-1.35769	0.0967742	3.85715	0.933181	0.373272	1	0	0	0	0	0	0	0	0	
0.915	0.259259	-1.35769	0.0967742	3.85715	0.933181	0.373272	1	0	0	0	0	0	0	0	0	
0.916	0.259259	-1.35769	0.0967742	3.85715	0.933181	0.373272	1	0	0	0	0	0	0	0	0	
0.917	0.259259	-1.35769	0.0967742	3.85715	0.933181	0.373272	1	0	0	0	0	0	0	0	0	
0.918	0.259259	-1.35769	0.0967742	3.85715	0.933181	0.373272	1	0	0	0	0	0	0	0	0	
0.919	0.259259	-1.35769	0.0967742	3.85715	0.933181	0.373272	1	0	0	0	0	0	0	0	0	
0.92	0.259259	-1.35769	0.0967742	3.85715	0.933181	0.373272	1	0	0	0	0	0	0	0	0	
0.921	0.259259	-1.35769	0.0967742	3.85715	0.933181	0.373272	1	0	0	0	0	0	0	0	0	
0.922	0.259259	-1.35769	0.0967742	3.85715	0.933181	0.373272	1	0	0	0	0	0	0	0	0	
0.923	0.259259	-1.35769	0.0967742	3.85715	0.933181	0.373272	1	0	0	0	0	0	0	0	0	
0.924	0.259259	-1.35769	0.0967742	3.85715	0.933181	0.373272	1	0	0	0	0	0	0	0	0	
0.925	0.259259	-1.35769	0.0967742	3.85715	0.933181	0.373272	1	0	0	0	0	0	0	0	0	
0.926	0.259259	-1.35769	0.0967742	3.85715	0.933181	0.373272	1	0	0	0	0	0	0	0	0	
0.927	0.259259	-1.35769	0.0967742	3.85715	0.933181	0.373272	1	0	0	0	0	0	0	0	0	
0.928	0.259259	-1.35769	0.0967742	3.85715	0.933181	0.373272	1	0	0	0	0	0	0	0	0	
0.929	0.259259	-1.35769	0.0967742	3.85715	0.933181	0.373272	1	0	0	0	0	0	0	0	0	
0.93	0.259259	-1.35769	0.0967742	3.85715	0.933181	0.373272	1	0	0	0	0	0	0	0	0	
0.931	0.259259	-1.35769	0.0967742	3.85715	0.933181	0.373272	1	0	0	0	0	0	0	0	0	
0.932	0.259259	-1.35769	0.0967742	3.85715	0.933181	0.373272	1	0	0	0	0	0	0	0	0	
0.933	0.259259	-1.35769	0.0967742	3.85715	0.933181	0.373272	1	0	0	0	0	0	0	0	0	
0.934	0.259259	-1.35769	0.0967742	3.85715	0.933181	0.373272	1	0	0	0	0	0	0	0	0	
0.935	0.259259	-1.35769	0.0967742	3.85715	0.933181	0.373272	1	0	0	0	0	0	0	0	0	
0.936	0.259259	-1.35769	0.0967742	3.85715	0.933181	0.373272	1	0	0	0	0	0	0	0	0	
0.937	0.259259	-1.35769	0.0967742	3.85715	0.933181	0.373272	1	0	0	0	0	0	0	0	0	
0.938	0.259259	-1.35769	0.0967742	3.85715	0.933181	0.373272	1	0	0	0	0	0	0	0	0	
0.939	0.259259	-1.35769	0.0967742	3.85715	0.933181	0.373272	1	0	0	0	0	0	0	0	0	
0.94	0.259259	-1.35769	0.0967742	3.85715	0.933181	0.373272	1	0	0	0	0	0	0	0	0	
0.941	0.259259	-1.35769	0.0967742	3.85715	0.933181	0.373272	1	0	0	0	0	0	0	0	0	
0.942	0.259259	-1.35769	0.0967742	3.85715	0.933181	0.373272	1	0	0	0	0	0	0	0	0	
0.943	0.259259	-1.35769	0.0967742	3.85715	0.933181	0.373272	1	0	0	0	0	0	0	0	0	
0.944	0.259259	-1.35769	0.0967742	3.85715	0.933181	0.373272	1	0	0	0	0	0	0	0	0	
0.945	0.259259	-1.35769	0.0967742	3.85715	0.933181	0.373272	1	0	0	0	0	0	0	0	0	
0.946	0.259259	-1.35769	0.0967742	3.85715	0.933181	0.373272	1	0	0	0	0	0	0	0	0	
0.947	0.259259	-1.35769	0.0967742	3.85715	0.933181	0.373272	1	0	0	0	0	0	0	0	0	
0.948	0.259259	-1.35769	0.0967742	3.85715	0.933181	0.373272	1	0	0	0	0	0	0	0	0	
0.949	0.259259	-1.35769	0.0967742	3.85715	0.933181	0.373272	1	0	0	0	0	0	0	0	0	
0.95	0.259259	-1.35769	0.0967742	3.85715	0.933181	0.373272	1	0	0	0	0	0	0	0	0	
0.951	0.259259	-1.35769	0.0967742	3.85715	0.933181	0.373272	1	0	0	0	0	0	0	0	0	
0.952	0.259259	-1.35769	0.0967742	3.85715	0.933181	0.373272	1	0	0	0	0	0	0	0	0	
0.953	0.259259	-1.35769	0.0967742	3.85715	0.933181	0.373272	1	0	0	0	0	0	0	0	0	
0.954	0.259259	-1.35769	0.0967742	3.85715	0.933181	0.373272	1	0	0	0	0	0	0	0	0	
0.955	0.259259	-1.35769	0.0967742	3.85715	0.933181	0.373272	1	0	0	0	0	0	0	0	0	
0.956	0.259259	-1.35769	0.0967742	3.85715	0.933181	0.373272	1	0	0	0	0	0	0	0	0	
0.957	0.259259	-1.35769	0.0967742	3.85715	0.933181	0.373272	1	0	0	0	0	0	0	0	0	
0.958	0.259259	-1.35769	0.0967742	3.85715	0.933181	0.373272	1	0	0	0	0	0	0	0	0	
0.959	0.259259	-1.35769	0.0967742	3.85715	0.933181	0.373272	1	0	0	0	0	0	0	0	0	
0.96	0.259259	-1.35769	0.0967742	3.85715	0.933181	0.373272	1	0	0	0	0	0	0	0	0	
0.961	0.259259	-1.35769	0.0967742	3.85715	0.933181	0.373272	1	0	0	0	0	0	0	0	0	
0.962	0.259259	-1.35769	0.0967742	3.85715	0.933181	0.373272	1	0	0	0	0	0	0	0	0	
0.963	0.259259	-1.35769	0.0967742	3.85715	0.933181	0.373272	1	0	0	0	0	0	0	0	0	
0.964	0.259259	-1.35769	0.0967742	3.85715	0.933181	0.373272	1	0	0	0	0	0	0	0	0	
0.965	0.259259	-1.35769	0.0967742	3.85715	0.933181	0.373272	1	0	0	0	0	0	0	0	0	
0.966	0.259259	-1.35769	0.0967742	3.85715	0.933181	0.373272	1	0	0	0	0	0	0	0	0	
0.967	0.259259	-1.35769	0.0967742	3.85715	0.933181	0.373272	1	0	0	0	0	0	0	0	0	
0.968	0.259259	-1.35769	0.0967742	3.85715	0.933181	0.373272	1	0	0	0	0	0	0	0	0	
0.969	0.259259	-1.35769	0.0967742	3.85715	0.933181	0.373272	1	0	0	0	0	0	0	0	0	
0.97	0.259259	-1.35769	0.0967742	3.85715	0.933181	0.373272	1	0	0	0	0	0	0	0	0	
0.971	0.259259	-1.35769	0.0967742	3.85715	0.933181	0.373272	1	0	0	0	0	0	0	0	0	
0.972	0.259259	-1.35769	0.0967742	3.85715	0.933181	0.373272	1	0	0	0	0	0	0	0	0	
0.973	0.259259	-1.35769	0.0967742	3.85715	0.933181	0.373272	1	0	0	0	0	0	0	0	0	
0.974	0.259259	-1.35769	0.0967742	3.85715	0.933181	0.373272	1	0	0	0	0	0	0	0	0	
0.975	0.259259	-1.35769	0.0967742	3.85715	0.933181	0.373272	1	0	0	0	0	0	0	0	0	
0.976	0.259259	-1.35769	0.0967742	3.85715	0.933181	0.373272	1	0	0	0	0	0	0	0	0	
0.977	0.259259	-1.35769	0.0967742	3.85715	0.933181	0.373272	1	0	0	0	0	0	0	0	0	
0.978	0.259259	-1.35769	0.0967742	3.85715	0.933181	0.373272	1	0	0	0	0	0	0	0	0	
0.979	0.259259	-1.35769	0.0967742	3.85715	0.933181	0.373272	1	0	0	0	0	0	0	0	0	
0.98	0.259259	-1.35769	0.0967742	3.85715	0.933181	0.373272	1	0	0	0	0	0	0	0	0	
0.981	0.259259	-1.35769	0.0967742	3.85715	0.933181	0.373272	1	0	0	0	0	0	0	0	0	
0.982	0.259259	-1.35769	0.0967742	3.85715	0.933181	0.373272	1	0	0	0	0	0	0	0	0	
0.983	0.259259	-1.35769	0.0967742	3.85715	0.933181	0.373272	1	0	0	0	0	0	0	0	0	
0.984	0.259259	-1.35769	0.0967742	3.85715	0.933181	0.373272	1	0	0	0	0	0	0	0	0	
0.985	0.259259	-1.35769	0.0967742	3.85715	0.933181	0.373272	1	0	0	0	0	0	0	0	0	
0.986	0.259259	-1.35769	0.0967742	3.85715	0.933181	0.373272	1	0	0	0	0	0	0	0	0	
0.987	0.259259	-1.35769	0.0967742	3.85715	0.933181	0.373272	1	0	0	0	0	0	0	0	0	
0.988	0.259259	-1.35769	0.0967742	3.85715	0.933181	0.373272	1	0	0	0	0	0	0	0	0	
0.989	0.259259	-1.35769	0.0967742	3.85715	0.933181	0.373272	1	0	0	0	0	0	0	0	0	
0.99	0.259259	-1.35769	0.0967742	3.85715	0.933181	0.373272	1	0	0	0	0	0	0	0	0	
0.991	0.259259	-1.35769	0.0967742	3.85715	0.933181	0.373272	1	0	0	0	0	0	0	0	0	
0.992	0.259259	-1.35769	0.0967742	3.85715	0.933181	0.373272	1	0	0	0	0	0	0	0	0	
0.993	0.259259	-1.35769	0.0967742	3.85715	0.933181	0.373272	1	0	0	0	0	0	0	0	0	
0.994	0.259259	-1.35769	0.0967742	3.85715	0.933181	0.373272	1	0	0	0	0	0	0	0	0	
0.995	0.259259	-1.35769	0.0967742	3.85715	0.933181	0.373272	1	0	0	0	0	0	0	0	0	
0.996	0.259259	-1.35769	0.0967742	3.85715	0.933181	0.373272	1	0	0	0	0	0	0	0	0	
0.997	0.259259	-1.35769	0.0967742	3.85715	0.933181	0.373272	1	0	0	0	0	0	0	0	0	
0.998	0.259259	-1.35769	0.0967742	3.85715	0.933181	0.373272	1	0	0	0	0	0	0	0	0	
0.999	0.259259	-1.35769	0.0967742	3.85715	0.933181	0.373272	1	0	0	0	0	0	0	0	0	
1	0.259259	-1.35769	0.0967742	3.85715	0.933181	0.373272	1	0	0	0	0	0	0	0	0	
