|||||||||||||||||||||||||||||||||***SIMULATION: detonation***||||||||||||||||||||||||||||||||||
Sanpshot time = 0.99. Timestep = 2160. Run time = 3 seconds
No. of cells = 1000
#Position	 Density	 Velocity	 Pressure	 Specific_Volume I_Energy	 Temperature	 Species
-0.001	0.884687	-0.000806367	1.13608	1.13034	3.21041	0	0.805372	0	0	0	0	0	0	0	0	
0	0.883558	-0.000271786	1.1361	1.13179	3.21455	0	0.804147	0	0	0	0	0	0	0	0	
0.001	0.883558	0.000271786	1.1361	1.13179	3.21455	1.28582	0.804147	0	0	0	0	0	0	0	0	
0.002	0.884687	0.000806367	1.13608	1.13034	3.21041	1.28416	0.805372	0	0	0	0	0	0	0	0	
0.003	0.877025	0.00139268	1.13612	1.14022	3.23857	1.29543	0.797009	0	0	0	0	0	0	0	0	
0.004	0.8937	0.00189444	1.13599	1.11894	3.17778	1.27111	0.814963	0	0	0	0	0	0	0	0	
0.005	0.86586	0.00253916	1.13615	1.15492	3.28041	1.31216	0.784423	0	0	0	0	0	0	0	0	
0.006	0.872668	0.0032428	1.13608	1.14591	3.25462	1.30185	0.792184	0	0	0	0	0	0	0	0	
0.007	0.880963	0.00386705	1.13596	1.13512	3.22364	1.28945	0.80141	0	0	0	0	0	0	0	0	
0.008	0.880588	0.00445349	1.13589	1.1356	3.2248	1.28992	0.801056	0	0	0	0	0	0	0	0	
0.009	0.888432	0.00497982	1.13576	1.12558	3.19597	1.27839	0.80956	0	0	0	0	0	0	0	0	
0.01	0.89196	0.00544841	1.13565	1.12113	3.18301	1.2732	0.813365	0	0	0	0	0	0	0	0	
0.011	0.891176	0.00590304	1.13556	1.12211	3.18557	1.27423	0.812599	0	0	0	0	0	0	0	0	
0.012	0.89665	0.00632288	1.13543	1.11526	3.16577	1.26631	0.818378	0	0	0	0	0	0	0	0	
0.013	0.896118	0.0067253	1.13533	1.11592	3.16737	1.26695	0.817889	0	0	0	0	0	0	0	0	
0.014	0.893334	0.00714483	1.13525	1.1194	3.17701	1.2708	0.815046	0	0	0	0	0	0	0	0	
0.015	0.896146	0.00755753	1.13513	1.11589	3.1667	1.26668	0.818043	0	0	0	0	0	0	0	0	
0.016	0.895828	0.00796364	1.13502	1.11629	3.16752	1.26701	0.817781	0	0	0	0	0	0	0	0	
0.017	0.893656	0.00838402	1.13492	1.119	3.17494	1.26998	0.815585	0	0	0	0	0	0	0	0	
0.018	0.894139	0.00881028	1.1348	1.11839	3.17289	1.26916	0.816166	0	0	0	0	0	0	0	0	
0.019	0.89414	0.00923657	1.13468	1.11839	3.17254	1.26902	0.816246	0	0	0	0	0	0	0	0	
0.02	0.894031	0.00966413	1.13455	1.11853	3.17257	1.26903	0.816213	0	0	0	0	0	0	0	0	
0.021	0.894501	0.0100897	1.13442	1.11794	3.17053	1.26821	0.816792	0	0	0	0	0	0	0	0	
0.022	0.894393	0.010515	1.13428	1.11808	3.17053	1.26821	0.816778	0	0	0	0	0	0	0	0	
0.023	0.895167	0.0109361	1.13413	1.11711	3.16738	1.26695	0.817697	0	0	0	0	0	0	0	0	
0.024	0.896143	0.0113489	1.13398	1.11589	3.1635	1.2654	0.818845	0	0	0	0	0	0	0	0	
0.025	0.896154	0.0117583	1.13383	1.11588	3.16303	1.26521	0.819013	0	0	0	0	0	0	0	0	
0.026	0.896861	0.0121633	1.13367	1.115	3.16009	1.26404	0.819916	0	0	0	0	0	0	0	0	
0.027	0.897946	0.0125597	1.1335	1.11365	3.1558	1.26232	0.82122	0	0	0	0	0	0	0	0	
0.028	0.898204	0.0129509	1.13333	1.11333	3.15443	1.26177	0.821679	0	0	0	0	0	0	0	0	
0.029	0.898391	0.0133402	1.13316	1.1131	3.1533	1.26132	0.822069	0	0	0	0	0	0	0	0	
0.03	0.898887	0.0137264	1.13298	1.11249	3.15107	1.26043	0.82278	0	0	0	0	0	0	0	0	
0.031	0.899397	0.0141084	1.1328	1.11186	3.14878	1.25951	0.823508	0	0	0	0	0	0	0	0	
0.032	0.900071	0.0144851	1.13262	1.11102	3.14591	1.25836	0.824406	0	0	0	0	0	0	0	0	
0.033	0.900842	0.0148553	1.13243	1.11007	3.14269	1.25708	0.825402	0	0	0	0	0	0	0	0	
0.034	0.901597	0.0152187	1.13223	1.10914	3.13952	1.25581	0.826383	0	0	0	0	0	0	0	0	
0.035	0.90242	0.0155751	1.13203	1.10813	3.13611	1.25444	0.827432	0	0	0	0	0	0	0	0	
0.036	0.903182	0.0159245	1.13183	1.1072	3.1329	1.25316	0.82842	0	0	0	0	0	0	0	0	
0.037	0.903907	0.0162676	1.13163	1.10631	3.12983	1.25193	0.829368	0	0	0	0	0	0	0	0	
0.038	0.904735	0.0166038	1.13142	1.1053	3.12638	1.25055	0.830421	0	0	0	0	0	0	0	0	
0.039	0.905551	0.016933	1.13121	1.1043	3.12299	1.24919	0.83146	0	0	0	0	0	0	0	0	
0.04	0.906417	0.0172551	1.13099	1.10325	3.11941	1.24776	0.832548	0	0	0	0	0	0	0	0	
0.041	0.907467	0.0175688	1.13078	1.10197	3.1152	1.24608	0.833817	0	0	0	0	0	0	0	0	
0.042	0.908455	0.0178741	1.13055	1.10077	3.1112	1.24448	0.835022	0	0	0	0	0	0	0	0	
0.043	0.909194	0.0181724	1.13033	1.09987	3.10806	1.24322	0.835981	0	0	0	0	0	0	0	0	
0.044	0.909778	0.0184654	1.13011	1.09917	3.10545	1.24218	0.836785	0	0	0	0	0	0	0	0	
0.045	0.910224	0.0187546	1.12988	1.09863	3.10331	1.24133	0.837454	0	0	0	0	0	0	0	0	
0.046	0.910419	0.0190419	1.12966	1.0984	3.10203	1.24081	0.837877	0	0	0	0	0	0	0	0	
0.047	0.910426	0.019329	1.12943	1.09839	3.10139	1.24055	0.838118	0	0	0	0	0	0	0	0	
0.048	0.910606	0.0196158	1.1292	1.09817	3.10014	1.24006	0.838529	0	0	0	0	0	0	0	0	
0.049	0.911261	0.0198994	1.12897	1.09738	3.09727	1.23891	0.839404	0	0	0	0	0	0	0	0	
0.05	0.912314	0.0201762	1.12873	1.09611	3.09305	1.23722	0.840667	0	0	0	0	0	0	0	0	
0.051	0.913465	0.0204443	1.12849	1.09473	3.08849	1.2354	0.842021	0	0	0	0	0	0	0	0	
0.052	0.914461	0.0207041	1.12825	1.09354	3.08447	1.23379	0.843223	0	0	0	0	0	0	0	0	
0.053	0.915196	0.0209573	1.12801	1.09266	3.08133	1.23253	0.844171	0	0	0	0	0	0	0	0	
0.054	0.915707	0.0212059	1.12777	1.09205	3.07895	1.23158	0.844902	0	0	0	0	0	0	0	0	
0.055	0.916097	0.0214514	1.12752	1.09159	3.07697	1.23079	0.845517	0	0	0	0	0	0	0	0	
0.056	0.916447	0.0216945	1.12728	1.09117	3.07513	1.23005	0.846094	0	0	0	0	0	0	0	0	
0.057	0.916809	0.0219353	1.12703	1.09074	3.07325	1.2293	0.846681	0	0	0	0	0	0	0	0	
0.058	0.917215	0.0221736	1.12679	1.09026	3.07122	1.22849	0.847311	0	0	0	0	0	0	0	0	
0.059	0.917668	0.0224091	1.12654	1.08972	3.06903	1.22761	0.847985	0	0	0	0	0	0	0	0	
0.06	0.918162	0.0226414	1.12629	1.08913	3.06671	1.22668	0.848698	0	0	0	0	0	0	0	0	
0.061	0.918697	0.0228702	1.12604	1.0885	3.06424	1.2257	0.849448	0	0	0	0	0	0	0	0	
0.062	0.919262	0.0230953	1.12579	1.08783	3.06167	1.22467	0.850227	0	0	0	0	0	0	0	0	
0.063	0.919842	0.0233165	1.12554	1.08714	3.05906	1.22362	0.851018	0	0	0	0	0	0	0	0	
0.064	0.920422	0.0235339	1.12529	1.08646	3.05644	1.22258	0.851809	0	0	0	0	0	0	0	0	
0.065	0.920993	0.0237475	1.12503	1.08578	3.05386	1.22154	0.85259	0	0	0	0	0	0	0	0	
0.066	0.921544	0.0239576	1.12478	1.08514	3.05135	1.22054	0.853351	0	0	0	0	0	0	0	0	
0.067	0.922079	0.0241642	1.12452	1.08451	3.04888	1.21955	0.854097	0	0	0	0	0	0	0	0	
0.068	0.922606	0.0243675	1.12427	1.08389	3.04645	1.21858	0.854835	0	0	0	0	0	0	0	0	
0.069	0.923124	0.0245677	1.12401	1.08328	3.04404	1.21762	0.855563	0	0	0	0	0	0	0	0	
0.07	0.923603	0.024765	1.12375	1.08272	3.04177	1.21671	0.856254	0	0	0	0	0	0	0	0	
0.071	0.923963	0.0249601	1.1235	1.08229	3.03989	1.21596	0.856835	0	0	0	0	0	0	0	0	
0.072	0.924142	0.0251542	1.12324	1.08208	3.0386	1.21544	0.857249	0	0	0	0	0	0	0	0	
0.073	0.924214	0.0253482	1.12298	1.082	3.03767	1.21507	0.857564	0	0	0	0	0	0	0	0	
0.074	0.924402	0.0255421	1.12273	1.08178	3.03636	1.21454	0.857985	0	0	0	0	0	0	0	0	
0.075	0.924936	0.0257341	1.12247	1.08116	3.0339	1.21356	0.858723	0	0	0	0	0	0	0	0	
0.076	0.925874	0.0259217	1.1222	1.08006	3.03012	1.21205	0.859828	0	0	0	0	0	0	0	0	
0.077	0.927064	0.0261026	1.12194	1.07867	3.02551	1.2102	0.86116	0	0	0	0	0	0	0	0	
0.078	0.928259	0.0262762	1.12167	1.07729	3.0209	1.20836	0.862492	0	0	0	0	0	0	0	0	
0.079	0.929268	0.0264433	1.12141	1.07612	3.01691	1.20676	0.863652	0	0	0	0	0	0	0	0	
0.08	0.930028	0.0266053	1.12114	1.07524	3.01373	1.20549	0.864586	0	0	0	0	0	0	0	0	
0.081	0.930586	0.026764	1.12088	1.07459	3.01121	1.20448	0.865338	0	0	0	0	0	0	0	0	
0.082	0.931034	0.0269202	1.12061	1.07407	3.00905	1.20362	0.865989	0	0	0	0	0	0	0	0	
0.083	0.931444	0.0270746	1.12035	1.0736	3.00702	1.20281	0.866605	0	0	0	0	0	0	0	0	
0.084	0.931853	0.0272273	1.12008	1.07313	3.00499	1.202	0.867218	0	0	0	0	0	0	0	0	
0.085	0.932269	0.0273783	1.11982	1.07265	3.00294	1.20118	0.867837	0	0	0	0	0	0	0	0	
0.086	0.932688	0.0275277	1.11956	1.07217	3.00088	1.20035	0.868457	0	0	0	0	0	0	0	0	
0.087	0.933107	0.0276753	1.11929	1.07169	2.99883	1.19953	0.869077	0	0	0	0	0	0	0	0	
0.088	0.933528	0.0278213	1.11903	1.07121	2.99677	1.19871	0.869697	0	0	0	0	0	0	0	0	
0.089	0.933957	0.0279655	1.11876	1.07071	2.99469	1.19788	0.870323	0	0	0	0	0	0	0	0	
0.09	0.934397	0.0281079	1.1185	1.07021	2.99257	1.19703	0.870958	0	0	0	0	0	0	0	0	
0.091	0.934853	0.0282485	1.11824	1.06969	2.99041	1.19616	0.871606	0	0	0	0	0	0	0	0	
0.092	0.935325	0.028387	1.11797	1.06915	2.98819	1.19528	0.872265	0	0	0	0	0	0	0	0	
0.093	0.935808	0.0285236	1.11771	1.0686	2.98595	1.19438	0.872934	0	0	0	0	0	0	0	0	
0.094	0.936291	0.028658	1.11745	1.06804	2.9837	1.19348	0.873601	0	0	0	0	0	0	0	0	
0.095	0.93674	0.0287906	1.11718	1.06753	2.98157	1.19263	0.874237	0	0	0	0	0	0	0	0	
0.096	0.937093	0.0289216	1.11692	1.06713	2.97975	1.1919	0.874789	0	0	0	0	0	0	0	0	
0.097	0.9373	0.0290518	1.11666	1.06689	2.9784	1.19136	0.875215	0	0	0	0	0	0	0	0	
0.098	0.937392	0.029182	1.1164	1.06679	2.97742	1.19097	0.875542	0	0	0	0	0	0	0	0	
0.099	0.937506	0.0293123	1.11614	1.06666	2.97636	1.19055	0.875887	0	0	0	0	0	0	0	0	
0.1	0.937814	0.0294422	1.11588	1.06631	2.97469	1.18988	0.876397	0	0	0	0	0	0	0	0	
0.101	0.93841	0.0295701	1.11562	1.06563	2.97211	1.18884	0.87715	0	0	0	0	0	0	0	0	
0.102	0.939247	0.0296946	1.11536	1.06468	2.96877	1.18751	0.878106	0	0	0	0	0	0	0	0	
0.103	0.940172	0.0298147	1.1151	1.06363	2.96516	1.18606	0.879135	0	0	0	0	0	0	0	0	
0.104	0.941022	0.0299305	1.11484	1.06267	2.96179	1.18472	0.880097	0	0	0	0	0	0	0	0	
0.105	0.941695	0.0300428	1.11459	1.06191	2.95899	1.18359	0.880909	0	0	0	0	0	0	0	0	
0.106	0.94218	0.0301525	1.11433	1.06137	2.95678	1.18271	0.881561	0	0	0	0	0	0	0	0	
0.107	0.942529	0.0302607	1.11407	1.06098	2.95501	1.182	0.882097	0	0	0	0	0	0	0	0	
0.108	0.942815	0.0303679	1.11382	1.06065	2.95344	1.18138	0.88258	0	0	0	0	0	0	0	0	
0.109	0.943103	0.0304743	1.11356	1.06033	2.95186	1.18074	0.883063	0	0	0	0	0	0	0	0	
0.11	0.943435	0.0305796	1.11331	1.05996	2.95015	1.18006	0.88358	0	0	0	0	0	0	0	0	
0.111	0.943822	0.0306837	1.11306	1.05952	2.94827	1.17931	0.884143	0	0	0	0	0	0	0	0	
0.112	0.944257	0.0307863	1.11281	1.05903	2.94625	1.1785	0.884743	0	0	0	0	0	0	0	0	
0.113	0.944717	0.0308872	1.11255	1.05852	2.94415	1.17766	0.885362	0	0	0	0	0	0	0	0	
0.114	0.945176	0.0309863	1.1123	1.058	2.94205	1.17682	0.885979	0	0	0	0	0	0	0	0	
0.115	0.945606	0.0310838	1.11205	1.05752	2.94005	1.17602	0.886571	0	0	0	0	0	0	0	0	
0.116	0.94599	0.0311799	1.1118	1.05709	2.9382	1.17528	0.887124	0	0	0	0	0	0	0	0	
0.117	0.946324	0.0312748	1.11155	1.05672	2.9365	1.1746	0.887636	0	0	0	0	0	0	0	0	
0.118	0.94662	0.0313688	1.11131	1.05639	2.93493	1.17397	0.888116	0	0	0	0	0	0	0	0	
0.119	0.946895	0.031462	1.11106	1.05608	2.93343	1.17337	0.888577	0	0	0	0	0	0	0	0	
0.12	0.947161	0.0315545	1.11081	1.05579	2.93195	1.17278	0.889031	0	0	0	0	0	0	0	0	
0.121	0.947422	0.0316465	1.11057	1.0555	2.9305	1.1722	0.88948	0	0	0	0	0	0	0	0	
0.122	0.947683	0.0317378	1.11032	1.05521	2.92904	1.17162	0.889928	0	0	0	0	0	0	0	0	
0.123	0.947963	0.0318285	1.11008	1.05489	2.92753	1.17101	0.89039	0	0	0	0	0	0	0	0	
0.124	0.948301	0.0319185	1.10983	1.05452	2.92584	1.17034	0.890897	0	0	0	0	0	0	0	0	
0.125	0.948735	0.0320072	1.10959	1.05404	2.92386	1.16954	0.89148	0	0	0	0	0	0	0	0	
0.126	0.949278	0.0320943	1.10934	1.05343	2.92154	1.16862	0.892148	0	0	0	0	0	0	0	0	
0.127	0.949897	0.0321793	1.1091	1.05275	2.91899	1.1676	0.892875	0	0	0	0	0	0	0	0	
0.128	0.950529	0.032262	1.10885	1.05205	2.91641	1.16656	0.89361	0	0	0	0	0	0	0	0	
0.129	0.951102	0.0323426	1.10861	1.05141	2.91401	1.1656	0.894297	0	0	0	0	0	0	0	0	
0.13	0.951574	0.0324217	1.10836	1.05089	2.91192	1.16477	0.894904	0	0	0	0	0	0	0	0	
0.131	0.951943	0.0324995	1.10812	1.05048	2.91015	1.16406	0.895429	0	0	0	0	0	0	0	0	
0.132	0.952237	0.0325767	1.10788	1.05016	2.90862	1.16345	0.895894	0	0	0	0	0	0	0	0	
0.133	0.952497	0.0326535	1.10763	1.04987	2.90719	1.16287	0.896333	0	0	0	0	0	0	0	0	
0.134	0.952762	0.0327299	1.10739	1.04958	2.90574	1.1623	0.896773	0	0	0	0	0	0	0	0	
0.135	0.953052	0.032806	1.10715	1.04926	2.90422	1.16169	0.897233	0	0	0	0	0	0	0	0	
0.136	0.953372	0.0328815	1.10691	1.04891	2.90261	1.16105	0.897714	0	0	0	0	0	0	0	0	
0.137	0.953712	0.0329564	1.10667	1.04853	2.90094	1.16038	0.898211	0	0	0	0	0	0	0	0	
0.138	0.954055	0.0330305	1.10642	1.04816	2.89927	1.15971	0.898709	0	0	0	0	0	0	0	0	
0.139	0.954385	0.0331041	1.10618	1.04779	2.89763	1.15905	0.899196	0	0	0	0	0	0	0	0	
0.14	0.954697	0.0331769	1.10594	1.04745	2.89605	1.15842	0.899669	0	0	0	0	0	0	0	0	
0.141	0.954996	0.0332492	1.1057	1.04712	2.89451	1.1578	0.900131	0	0	0	0	0	0	0	0	
0.142	0.955298	0.033321	1.10546	1.04679	2.89297	1.15719	0.900594	0	0	0	0	0	0	0	0	
0.143	0.955614	0.0333921	1.10522	1.04645	2.89138	1.15655	0.901067	0	0	0	0	0	0	0	0	
0.144	0.955945	0.0334624	1.10498	1.04609	2.88975	1.1559	0.90155	0	0	0	0	0	0	0	0	
0.145	0.956275	0.033532	1.10474	1.04572	2.88813	1.15525	0.902032	0	0	0	0	0	0	0	0	
0.146	0.956583	0.0336007	1.1045	1.04539	2.88657	1.15463	0.902496	0	0	0	0	0	0	0	0	
0.147	0.956859	0.0336688	1.10426	1.04509	2.88511	1.15405	0.902936	0	0	0	0	0	0	0	0	
0.148	0.957117	0.0337362	1.10402	1.0448	2.88371	1.15349	0.903361	0	0	0	0	0	0	0	0	
0.149	0.957388	0.033803	1.10378	1.04451	2.88228	1.15291	0.903794	0	0	0	0	0	0	0	0	
0.15	0.957702	0.0338689	1.10355	1.04417	2.88072	1.15229	0.904259	0	0	0	0	0	0	0	0	
0.151	0.958073	0.0339337	1.10331	1.04376	2.87898	1.15159	0.904765	0	0	0	0	0	0	0	0	
0.152	0.958493	0.0339972	1.10308	1.0433	2.87711	1.15084	0.905305	0	0	0	0	0	0	0	0	
0.153	0.958933	0.0340592	1.10284	1.04283	2.87517	1.15007	0.905859	0	0	0	0	0	0	0	0	
0.154	0.95936	0.0341196	1.10261	1.04236	2.87329	1.14932	0.906402	0	0	0	0	0	0	0	0	
0.155	0.959744	0.0341786	1.10237	1.04194	2.87153	1.14861	0.906912	0	0	0	0	0	0	0	0	
0.156	0.960076	0.0342363	1.10214	1.04158	2.86994	1.14797	0.907383	0	0	0	0	0	0	0	0	
0.157	0.960363	0.0342929	1.10191	1.04127	2.86848	1.14739	0.907819	0	0	0	0	0	0	0	0	
0.158	0.960627	0.0343486	1.10168	1.04099	2.86709	1.14684	0.908237	0	0	0	0	0	0	0	0	
0.159	0.960891	0.0344034	1.10146	1.0407	2.86571	1.14629	0.908654	0	0	0	0	0	0	0	0	
0.16	0.961171	0.0344574	1.10123	1.0404	2.86429	1.14572	0.909082	0	0	0	0	0	0	0	0	
0.161	0.961468	0.0345103	1.101	1.04008	2.86282	1.14513	0.909521	0	0	0	0	0	0	0	0	
0.162	0.961772	0.0345624	1.10078	1.03975	2.86133	1.14453	0.909964	0	0	0	0	0	0	0	0	
0.163	0.962072	0.0346135	1.10055	1.03942	2.85985	1.14394	0.910402	0	0	0	0	0	0	0	0	
0.164	0.962359	0.0346637	1.10033	1.03911	2.85842	1.14337	0.91083	0	0	0	0	0	0	0	0	
0.165	0.962636	0.0347132	1.10011	1.03881	2.85702	1.14281	0.91125	0	0	0	0	0	0	0	0	
0.166	0.962912	0.034762	1.09989	1.03852	2.85563	1.14225	0.911669	0	0	0	0	0	0	0	0	
0.167	0.963197	0.0348102	1.09967	1.03821	2.85421	1.14168	0.912093	0	0	0	0	0	0	0	0	
0.168	0.963494	0.0348577	1.09945	1.03789	2.85276	1.1411	0.912524	0	0	0	0	0	0	0	0	
0.169	0.963801	0.0349046	1.09923	1.03756	2.85128	1.14051	0.912961	0	0	0	0	0	0	0	0	
0.17	0.964111	0.034951	1.09901	1.03722	2.8498	1.13992	0.9134	0	0	0	0	0	0	0	0	
0.171	0.964424	0.0349968	1.09879	1.03689	2.84831	1.13932	0.91384	0	0	0	0	0	0	0	0	
0.172	0.964738	0.0350421	1.09857	1.03655	2.84682	1.13873	0.914279	0	0	0	0	0	0	0	0	
0.173	0.965053	0.0350869	1.09836	1.03621	2.84532	1.13813	0.914719	0	0	0	0	0	0	0	0	
0.174	0.965363	0.0351313	1.09814	1.03588	2.84385	1.13754	0.915153	0	0	0	0	0	0	0	0	
0.175	0.965656	0.0351754	1.09792	1.03557	2.84242	1.13697	0.915576	0	0	0	0	0	0	0	0	
0.176	0.965924	0.0352193	1.0977	1.03528	2.84107	1.13643	0.91598	0	0	0	0	0	0	0	0	
0.177	0.966166	0.0352631	1.09749	1.03502	2.8398	1.13592	0.916365	0	0	0	0	0	0	0	0	
0.178	0.966388	0.0353067	1.09727	1.03478	2.83859	1.13544	0.916737	0	0	0	0	0	0	0	0	
0.179	0.966604	0.0353504	1.09706	1.03455	2.8374	1.13496	0.917103	0	0	0	0	0	0	0	0	
0.18	0.966826	0.0353941	1.09684	1.03431	2.83619	1.13448	0.917473	0	0	0	0	0	0	0	0	
0.181	0.967063	0.0354376	1.09663	1.03406	2.83494	1.13398	0.917853	0	0	0	0	0	0	0	0	
0.182	0.967321	0.0354809	1.09641	1.03378	2.83363	1.13345	0.918245	0	0	0	0	0	0	0	0	
0.183	0.967598	0.0355239	1.0962	1.03349	2.83227	1.13291	0.91865	0	0	0	0	0	0	0	0	
0.184	0.967891	0.0355664	1.09599	1.03317	2.83086	1.13234	0.919066	0	0	0	0	0	0	0	0	
0.185	0.968195	0.0356085	1.09577	1.03285	2.82942	1.13177	0.919487	0	0	0	0	0	0	0	0	
0.186	0.968501	0.0356499	1.09556	1.03252	2.82798	1.13119	0.919908	0	0	0	0	0	0	0	0	
0.187	0.968802	0.0356907	1.09535	1.0322	2.82656	1.13062	0.920326	0	0	0	0	0	0	0	0	
0.188	0.969095	0.0357308	1.09514	1.03189	2.82516	1.13006	0.920737	0	0	0	0	0	0	0	0	
0.189	0.969377	0.0357702	1.09493	1.03159	2.82379	1.12952	0.92114	0	0	0	0	0	0	0	0	
0.19	0.969648	0.035809	1.09472	1.0313	2.82247	1.12899	0.921534	0	0	0	0	0	0	0	0	
0.191	0.969907	0.0358472	1.09451	1.03103	2.82118	1.12847	0.921919	0	0	0	0	0	0	0	0	
0.192	0.970156	0.0358848	1.09431	1.03076	2.81992	1.12797	0.922296	0	0	0	0	0	0	0	0	
0.193	0.970395	0.0359217	1.0941	1.03051	2.8187	1.12748	0.922666	0	0	0	0	0	0	0	0	
0.194	0.970623	0.0359582	1.0939	1.03027	2.81751	1.127	0.923028	0	0	0	0	0	0	0	0	
0.195	0.970843	0.0359942	1.09369	1.03003	2.81635	1.12654	0.923384	0	0	0	0	0	0	0	0	
0.196	0.971059	0.0360297	1.09349	1.0298	2.8152	1.12608	0.923736	0	0	0	0	0	0	0	0	
0.197	0.971281	0.0360648	1.09329	1.02957	2.81404	1.12562	0.924091	0	0	0	0	0	0	0	0	
0.198	0.971521	0.0360995	1.09309	1.02931	2.81283	1.12513	0.924457	0	0	0	0	0	0	0	0	
0.199	0.971786	0.0361338	1.09289	1.02903	2.81154	1.12462	0.924839	0	0	0	0	0	0	0	0	
0.2	0.972074	0.0361676	1.09269	1.02873	2.8102	1.12408	0.925234	0	0	0	0	0	0	0	0	
0.201	0.972372	0.0362009	1.09249	1.02841	2.80882	1.12353	0.925635	0	0	0	0	0	0	0	0	
0.202	0.972668	0.0362338	1.09229	1.0281	2.80746	1.12298	0.926033	0	0	0	0	0	0	0	0	
0.203	0.972949	0.0362663	1.09209	1.0278	2.80614	1.12246	0.926421	0	0	0	0	0	0	0	0	
0.204	0.973208	0.0362986	1.09189	1.02753	2.80488	1.12195	0.926795	0	0	0	0	0	0	0	0	
0.205	0.973449	0.0363307	1.0917	1.02728	2.80368	1.12147	0.927156	0	0	0	0	0	0	0	0	
0.206	0.973675	0.0363627	1.0915	1.02704	2.80252	1.12101	0.927508	0	0	0	0	0	0	0	0	
0.207	0.973894	0.0363946	1.0913	1.02681	2.80139	1.12056	0.927854	0	0	0	0	0	0	0	0	
0.208	0.974112	0.0364266	1.09111	1.02658	2.80026	1.1201	0.928198	0	0	0	0	0	0	0	0	
0.209	0.974331	0.0364586	1.09091	1.02635	2.79913	1.11965	0.928543	0	0	0	0	0	0	0	0	
0.21	0.974553	0.0364905	1.09071	1.02611	2.79798	1.11919	0.92889	0	0	0	0	0	0	0	0	
0.211	0.974779	0.0365224	1.09052	1.02587	2.79683	1.11873	0.929237	0	0	0	0	0	0	0	0	
0.212	0.975007	0.0365543	1.09032	1.02563	2.79568	1.11827	0.929586	0	0	0	0	0	0	0	0	
0.213	0.975236	0.036586	1.09013	1.02539	2.79452	1.11781	0.929935	0	0	0	0	0	0	0	0	
0.214	0.975466	0.0366176	1.08993	1.02515	2.79336	1.11734	0.930284	0	0	0	0	0	0	0	0	
0.215	0.975695	0.036649	1.08974	1.02491	2.79221	1.11688	0.930631	0	0	0	0	0	0	0	0	
0.216	0.975923	0.0366802	1.08954	1.02467	2.79106	1.11642	0.930977	0	0	0	0	0	0	0	0	
0.217	0.976145	0.0367113	1.08935	1.02444	2.78993	1.11597	0.931319	0	0	0	0	0	0	0	0	
0.218	0.976355	0.0367421	1.08916	1.02422	2.78883	1.11553	0.931653	0	0	0	0	0	0	0	0	
0.219	0.976542	0.0367728	1.08896	1.02402	2.7878	1.11512	0.931972	0	0	0	0	0	0	0	0	
0.22	0.9767	0.0368034	1.08877	1.02386	2.78686	1.11474	0.932273	0	0	0	0	0	0	0	0	
0.221	0.976832	0.0368341	1.08858	1.02372	2.78599	1.1144	0.932558	0	0	0	0	0	0	0	0	
0.222	0.976959	0.0368647	1.08839	1.02358	2.78514	1.11406	0.932839	0	0	0	0	0	0	0	0	
0.223	0.977116	0.0368954	1.0882	1.02342	2.78421	1.11368	0.933138	0	0	0	0	0	0	0	0	
0.224	0.977335	0.0369259	1.08801	1.02319	2.78309	1.11324	0.933472	0	0	0	0	0	0	0	0	
0.225	0.977631	0.0369561	1.08782	1.02288	2.78176	1.11271	0.933853	0	0	0	0	0	0	0	0	
0.226	0.97799	0.0369858	1.08762	1.02251	2.78026	1.1121	0.93427	0	0	0	0	0	0	0	0	
0.227	0.978377	0.0370148	1.08743	1.0221	2.77867	1.11147	0.934703	0	0	0	0	0	0	0	0	
0.228	0.97875	0.0370432	1.08725	1.02171	2.77713	1.11085	0.935127	0	0	0	0	0	0	0	0	
0.229	0.979075	0.037071	1.08706	1.02137	2.77572	1.11029	0.935522	0	0	0	0	0	0	0	0	
0.23	0.979339	0.0370984	1.08687	1.0211	2.77449	1.1098	0.93588	0	0	0	0	0	0	0	0	
0.231	0.979547	0.0371257	1.08668	1.02088	2.77342	1.10937	0.936205	0	0	0	0	0	0	0	0	
0.232	0.979715	0.0371528	1.08649	1.0207	2.77246	1.10899	0.936505	0	0	0	0	0	0	0	0	
0.233	0.979863	0.0371798	1.0863	1.02055	2.77157	1.10863	0.936794	0	0	0	0	0	0	0	0	
0.234	0.980008	0.0372068	1.08612	1.0204	2.77068	1.10827	0.93708	0	0	0	0	0	0	0	0	
0.235	0.980162	0.0372337	1.08593	1.02024	2.76977	1.10791	0.93737	0	0	0	0	0	0	0	0	
0.236	0.980329	0.0372605	1.08574	1.02007	2.76882	1.10753	0.937667	0	0	0	0	0	0	0	0	
0.237	0.98051	0.0372869	1.08556	1.01988	2.76784	1.10713	0.937972	0	0	0	0	0	0	0	0	
0.238	0.980704	0.037313	1.08537	1.01968	2.76682	1.10673	0.938283	0	0	0	0	0	0	0	0	
0.239	0.980906	0.0373386	1.08519	1.01947	2.76578	1.10631	0.938599	0	0	0	0	0	0	0	0	
0.24	0.981113	0.0373636	1.08501	1.01925	2.76473	1.10589	0.938916	0	0	0	0	0	0	0	0	
0.241	0.981321	0.037388	1.08482	1.01903	2.76368	1.10547	0.939233	0	0	0	0	0	0	0	0	
0.242	0.981528	0.0374117	1.08464	1.01882	2.76264	1.10506	0.939549	0	0	0	0	0	0	0	0	
0.243	0.981728	0.0374346	1.08446	1.01861	2.76162	1.10465	0.939861	0	0	0	0	0	0	0	0	
0.244	0.981917	0.0374569	1.08428	1.01842	2.76063	1.10425	0.940164	0	0	0	0	0	0	0	0	
0.245	0.982088	0.0374784	1.08411	1.01824	2.7597	1.10388	0.940458	0	0	0	0	0	0	0	0	
0.246	0.982245	0.0374992	1.08393	1.01808	2.75881	1.10352	0.940742	0	0	0	0	0	0	0	0	
0.247	0.9824	0.0375194	1.08376	1.01792	2.75793	1.10317	0.941024	0	0	0	0	0	0	0	0	
0.248	0.982573	0.0375389	1.08358	1.01774	2.75701	1.1028	0.941316	0	0	0	0	0	0	0	0	
0.249	0.982778	0.0375578	1.08341	1.01752	2.756	1.1024	0.941624	0	0	0	0	0	0	0	0	
0.25	0.98302	0.0375759	1.08324	1.01727	2.75488	1.10195	0.941951	0	0	0	0	0	0	0	0	
0.251	0.983287	0.0375933	1.08307	1.017	2.75371	1.10148	0.942291	0	0	0	0	0	0	0	0	
0.252	0.98356	0.03761	1.08291	1.01671	2.75251	1.10101	0.942634	0	0	0	0	0	0	0	0	
0.253	0.983822	0.0376262	1.08274	1.01644	2.75136	1.10054	0.94297	0	0	0	0	0	0	0	0	
0.254	0.984061	0.037642	1.08257	1.0162	2.75026	1.10011	0.943292	0	0	0	0	0	0	0	0	
0.255	0.984275	0.0376576	1.0824	1.01598	2.74924	1.0997	0.943601	0	0	0	0	0	0	0	0	
0.256	0.984469	0.0376731	1.08224	1.01578	2.74828	1.09931	0.943898	0	0	0	0	0	0	0	0	
0.257	0.984652	0.0376889	1.08207	1.01559	2.74735	1.09894	0.944188	0	0	0	0	0	0	0	0	
0.258	0.984833	0.0377049	1.08191	1.0154	2.74642	1.09857	0.944477	0	0	0	0	0	0	0	0	
0.259	0.985015	0.0377214	1.08174	1.01521	2.74549	1.0982	0.944766	0	0	0	0	0	0	0	0	
0.26	0.985199	0.0377384	1.08157	1.01502	2.74456	1.09782	0.945056	0	0	0	0	0	0	0	0	
0.261	0.985383	0.037756	1.08141	1.01483	2.74362	1.09745	0.945346	0	0	0	0	0	0	0	0	
0.262	0.985566	0.0377744	1.08124	1.01465	2.74269	1.09708	0.945635	0	0	0	0	0	0	0	0	
0.263	0.985748	0.0377935	1.08107	1.01446	2.74176	1.0967	0.945923	0	0	0	0	0	0	0	0	
0.264	0.98593	0.0378133	1.0809	1.01427	2.74082	1.09633	0.946211	0	0	0	0	0	0	0	0	
0.265	0.986111	0.037834	1.08073	1.01408	2.73989	1.09596	0.946499	0	0	0	0	0	0	0	0	
0.266	0.986287	0.0378554	1.08056	1.0139	2.73897	1.09559	0.946784	0	0	0	0	0	0	0	0	
0.267	0.986452	0.0378776	1.08039	1.01373	2.73808	1.09523	0.947063	0	0	0	0	0	0	0	0	
0.268	0.986595	0.0379006	1.08022	1.01359	2.73724	1.0949	0.947331	0	0	0	0	0	0	0	0	
0.269	0.986709	0.0379242	1.08005	1.01347	2.73649	1.0946	0.947583	0	0	0	0	0	0	0	0	
0.27	0.986798	0.0379486	1.07988	1.01338	2.73581	1.09432	0.947823	0	0	0	0	0	0	0	0	
0.271	0.986883	0.0379735	1.0797	1.01329	2.73514	1.09405	0.948061	0	0	0	0	0	0	0	0	
0.272	0.986995	0.0379988	1.07953	1.01318	2.73439	1.09375	0.948312	0	0	0	0	0	0	0	0	
0.273	0.987168	0.0380242	1.07936	1.013	2.73347	1.09339	0.948592	0	0	0	0	0	0	0	0	
0.274	0.987414	0.0380495	1.07919	1.01275	2.73235	1.09294	0.94891	0	0	0	0	0	0	0	0	
0.275	0.98772	0.0380743	1.07901	1.01243	2.73107	1.09243	0.949256	0	0	0	0	0	0	0	0	
0.276	0.98805	0.0380984	1.07884	1.01209	2.72972	1.09189	0.949614	0	0	0	0	0	0	0	0	
0.277	0.988363	0.0381216	1.07867	1.01177	2.72843	1.09137	0.949963	0	0	0	0	0	0	0	0	
0.278	0.98863	0.0381439	1.0785	1.0115	2.72727	1.09091	0.950288	0	0	0	0	0	0	0	0	
0.279	0.988842	0.0381654	1.07834	1.01128	2.72626	1.0905	0.950585	0	0	0	0	0	0	0	0	
0.28	0.989007	0.038186	1.07817	1.01112	2.72538	1.09015	0.950857	0	0	0	0	0	0	0	0	
0.281	0.989141	0.0382058	1.078	1.01098	2.7246	1.08984	0.951114	0	0	0	0	0	0	0	0	
0.282	0.989261	0.0382248	1.07784	1.01086	2.72386	1.08954	0.951362	0	0	0	0	0	0	0	0	
0.283	0.989379	0.038243	1.07768	1.01073	2.72312	1.08925	0.95161	0	0	0	0	0	0	0	0	
0.284	0.989507	0.0382605	1.07752	1.0106	2.72237	1.08895	0.95186	0	0	0	0	0	0	0	0	
0.285	0.989648	0.0382772	1.07736	1.01046	2.72158	1.08863	0.952116	0	0	0	0	0	0	0	0	
0.286	0.989799	0.0382932	1.07721	1.01031	2.72077	1.08831	0.952377	0	0	0	0	0	0	0	0	
0.287	0.989958	0.0383085	1.07705	1.01014	2.71994	1.08798	0.952641	0	0	0	0	0	0	0	0	
0.288	0.990122	0.0383232	1.0769	1.00998	2.7191	1.08764	0.952906	0	0	0	0	0	0	0	0	
0.289	0.99029	0.0383374	1.07674	1.00981	2.71825	1.0873	0.953172	0	0	0	0	0	0	0	0	
0.29	0.990461	0.0383512	1.07659	1.00963	2.7174	1.08696	0.953439	0	0	0	0	0	0	0	0	
0.291	0.990628	0.0383647	1.07644	1.00946	2.71655	1.08662	0.953705	0	0	0	0	0	0	0	0	
0.292	0.990785	0.0383781	1.07629	1.0093	2.71574	1.0863	0.953965	0	0	0	0	0	0	0	0	
0.293	0.990926	0.0383914	1.07613	1.00916	2.71497	1.08599	0.954217	0	0	0	0	0	0	0	0	
0.294	0.991056	0.0384049	1.07598	1.00903	2.71424	1.08569	0.954463	0	0	0	0	0	0	0	0	
0.295	0.99119	0.0384186	1.07583	1.00889	2.71349	1.08539	0.954711	0	0	0	0	0	0	0	0	
0.296	0.991348	0.0384325	1.07568	1.00873	2.71267	1.08507	0.95497	0	0	0	0	0	0	0	0	
0.297	0.991544	0.0384467	1.07553	1.00853	2.71176	1.0847	0.955245	0	0	0	0	0	0	0	0	
0.298	0.991772	0.038461	1.07538	1.0083	2.71075	1.0843	0.955535	0	0	0	0	0	0	0	0	
0.299	0.992015	0.0384756	1.07523	1.00805	2.7097	1.08388	0.955831	0	0	0	0	0	0	0	0	
0.3	0.992247	0.0384903	1.07507	1.00781	2.70868	1.08347	0.956123	0	0	0	0	0	0	0	0	
0.301	0.992455	0.0385052	1.07492	1.0076	2.70773	1.08309	0.956402	0	0	0	0	0	0	0	0	
0.302	0.992635	0.0385203	1.07477	1.00742	2.70686	1.08274	0.956669	0	0	0	0	0	0	0	0	
0.303	0.992793	0.0385356	1.07462	1.00726	2.70604	1.08242	0.956926	0	0	0	0	0	0	0	0	
0.304	0.992934	0.0385512	1.07446	1.00712	2.70527	1.08211	0.957175	0	0	0	0	0	0	0	0	
0.305	0.993063	0.0385669	1.07431	1.00699	2.70454	1.08182	0.957417	0	0	0	0	0	0	0	0	
0.306	0.993184	0.0385826	1.07416	1.00686	2.70383	1.08153	0.957656	0	0	0	0	0	0	0	0	
0.307	0.993306	0.0385984	1.07401	1.00674	2.70311	1.08124	0.957896	0	0	0	0	0	0	0	0	
0.308	0.99344	0.038614	1.07385	1.0066	2.70237	1.08095	0.95814	0	0	0	0	0	0	0	0	
0.309	0.993587	0.0386295	1.0737	1.00645	2.70159	1.08063	0.958389	0	0	0	0	0	0	0	0	
0.31	0.993744	0.0386446	1.07355	1.0063	2.70078	1.08031	0.958642	0	0	0	0	0	0	0	0	
0.311	0.993906	0.0386593	1.0734	1.00613	2.69996	1.07999	0.958896	0	0	0	0	0	0	0	0	
0.312	0.994073	0.0386735	1.07326	1.00596	2.69913	1.07965	0.959153	0	0	0	0	0	0	0	0	
0.313	0.994248	0.0386872	1.07311	1.00579	2.69829	1.07932	0.959411	0	0	0	0	0	0	0	0	
0.314	0.99443	0.0387002	1.07296	1.0056	2.69743	1.07897	0.959673	0	0	0	0	0	0	0	0	
0.315	0.994616	0.0387125	1.07281	1.00541	2.69655	1.07862	0.959935	0	0	0	0	0	0	0	0	
0.316	0.994803	0.0387242	1.07267	1.00522	2.69568	1.07827	0.960196	0	0	0	0	0	0	0	0	
0.317	0.99499	0.0387352	1.07253	1.00503	2.69482	1.07793	0.960457	0	0	0	0	0	0	0	0	
0.318	0.99518	0.0387455	1.07238	1.00484	2.69395	1.07758	0.960718	0	0	0	0	0	0	0	0	
0.319	0.995376	0.0387551	1.07224	1.00465	2.69306	1.07723	0.960981	0	0	0	0	0	0	0	0	
0.32	0.995584	0.038764	1.0721	1.00444	2.69215	1.07686	0.961247	0	0	0	0	0	0	0	0	
0.321	0.995811	0.0387723	1.07196	1.00421	2.69119	1.07647	0.961521	0	0	0	0	0	0	0	0	
0.322	0.996063	0.0387799	1.07183	1.00395	2.69016	1.07606	0.961804	0	0	0	0	0	0	0	0	
0.323	0.99634	0.038787	1.07169	1.00367	2.68906	1.07563	0.962096	0	0	0	0	0	0	0	0	
0.324	0.996633	0.0387934	1.07155	1.00338	2.68793	1.07517	0.962394	0	0	0	0	0	0	0	0	
0.325	0.996926	0.0387992	1.07142	1.00308	2.6868	1.07472	0.96269	0	0	0	0	0	0	0	0	
0.326	0.997199	0.0388047	1.07128	1.00281	2.68573	1.07429	0.962978	0	0	0	0	0	0	0	0	
0.327	0.99743	0.0388099	1.07115	1.00258	2.68477	1.07391	0.963248	0	0	0	0	0	0	0	0	
0.328	0.997602	0.038815	1.07101	1.0024	2.68397	1.07359	0.963495	0	0	0	0	0	0	0	0	
0.329	0.997708	0.0388204	1.07088	1.0023	2.68334	1.07334	0.963715	0	0	0	0	0	0	0	0	
0.33	0.997763	0.0388262	1.07074	1.00224	2.68286	1.07314	0.963915	0	0	0	0	0	0	0	0	
0.331	0.997792	0.0388326	1.07061	1.00221	2.68244	1.07298	0.964105	0	0	0	0	0	0	0	0	
0.332	0.997825	0.0388399	1.07047	1.00218	2.68202	1.07281	0.964296	0	0	0	0	0	0	0	0	
0.333	0.997875	0.0388481	1.07034	1.00213	2.68154	1.07262	0.964494	0	0	0	0	0	0	0	0	
0.334	0.997936	0.0388572	1.0702	1.00207	2.68104	1.07242	0.964697	0	0	0	0	0	0	0	0	
0.335	0.997997	0.0388675	1.07006	1.00201	2.68053	1.07221	0.9649	0	0	0	0	0	0	0	0	
0.336	0.998056	0.038879	1.06993	1.00195	2.68002	1.07201	0.965102	0	0	0	0	0	0	0	0	
0.337	0.998128	0.0388918	1.06979	1.00188	2.67948	1.07179	0.96531	0	0	0	0	0	0	0	0	
0.338	0.998227	0.0389059	1.06964	1.00178	2.67886	1.07154	0.965528	0	0	0	0	0	0	0	0	
0.339	0.998352	0.0389212	1.0695	1.00165	2.67817	1.07127	0.965756	0	0	0	0	0	0	0	0	
0.34	0.998479	0.0389378	1.06936	1.00152	2.67747	1.07099	0.965985	0	0	0	0	0	0	0	0	
0.341	0.998579	0.0389556	1.06921	1.00142	2.67683	1.07073	0.966205	0	0	0	0	0	0	0	0	
0.342	0.99864	0.0389747	1.06906	1.00136	2.6763	1.07052	0.966411	0	0	0	0	0	0	0	0	
0.343	0.998676	0.038995	1.06892	1.00133	2.67583	1.07033	0.966607	0	0	0	0	0	0	0	0	
0.344	0.998721	0.0390163	1.06877	1.00128	2.67534	1.07014	0.966807	0	0	0	0	0	0	0	0	
0.345	0.998813	0.0390384	1.06862	1.00119	2.67472	1.06989	0.967023	0	0	0	0	0	0	0	0	
0.346	0.99898	0.0390611	1.06847	1.00102	2.6739	1.06956	0.967266	0	0	0	0	0	0	0	0	
0.347	0.999229	0.039084	1.06832	1.00077	2.67285	1.06914	0.967538	0	0	0	0	0	0	0	0	
0.348	0.999538	0.0391066	1.06817	1.00046	2.67165	1.06866	0.967832	0	0	0	0	0	0	0	0	
0.349	0.999856	0.0391288	1.06802	1.00014	2.67043	1.06817	0.968127	0	0	0	0	0	0	0	0	
0.35	1.00012	0.0391504	1.06787	0.999881	2.66935	1.06774	0.968403	0	0	0	0	0	0	0	0	
0.351	1.00029	0.0391713	1.06772	0.999713	2.66853	1.06741	0.968645	0	0	0	0	0	0	0	0	
0.352	1.00037	0.0391915	1.06757	0.999634	2.66795	1.06718	0.968855	0	0	0	0	0	0	0	0	
0.353	1.0004	0.039211	1.06743	0.999596	2.66749	1.067	0.96905	0	0	0	0	0	0	0	0	
0.354	1.00046	0.0392297	1.06728	0.999539	2.66698	1.06679	0.96925	0	0	0	0	0	0	0	0	
0.355	1.00056	0.0392474	1.06714	0.999436	2.66635	1.06654	0.969465	0	0	0	0	0	0	0	0	
0.356	1.0007	0.0392641	1.067	0.999304	2.66565	1.06626	0.96969	0	0	0	0	0	0	0	0	
0.357	1.00081	0.0392795	1.06686	0.999188	2.66499	1.066	0.969909	0	0	0	0	0	0	0	0	
0.358	1.00088	0.0392939	1.06673	0.999116	2.66446	1.06578	0.970114	0	0	0	0	0	0	0	0	
0.359	1.00093	0.0393072	1.06659	0.999073	2.66401	1.0656	0.970307	0	0	0	0	0	0	0	0	
0.36	1.00099	0.0393194	1.06646	0.999013	2.66352	1.06541	0.970506	0	0	0	0	0	0	0	0	
0.361	1.0011	0.0393306	1.06633	0.998898	2.66289	1.06516	0.970721	0	0	0	0	0	0	0	0	
0.362	1.00127	0.0393405	1.0662	0.998731	2.66213	1.06485	0.970954	0	0	0	0	0	0	0	0	
0.363	1.00145	0.0393493	1.06608	0.998556	2.66134	1.06454	0.971189	0	0	0	0	0	0	0	0	
0.364	1.00158	0.0393569	1.06595	0.998425	2.66068	1.06427	0.97141	0	0	0	0	0	0	0	0	
0.365	1.00164	0.0393636	1.06583	0.998361	2.6602	1.06408	0.971608	0	0	0	0	0	0	0	0	
0.366	1.00166	0.0393694	1.06571	0.998341	2.65985	1.06394	0.971791	0	0	0	0	0	0	0	0	
0.367	1.00168	0.0393744	1.06559	0.998318	2.65949	1.0638	0.971974	0	0	0	0	0	0	0	0	
0.368	1.00175	0.0393787	1.06547	0.99825	2.65901	1.06361	0.972172	0	0	0	0	0	0	0	0	
0.369	1.00189	0.0393823	1.06535	0.998113	2.65836	1.06334	0.97239	0	0	0	0	0	0	0	0	
0.37	1.0021	0.0393851	1.06524	0.997906	2.65752	1.06301	0.97263	0	0	0	0	0	0	0	0	
0.371	1.00237	0.0393871	1.06512	0.997632	2.6565	1.0626	0.972891	0	0	0	0	0	0	0	0	
0.372	1.0027	0.0393886	1.06501	0.997306	2.65535	1.06214	0.973167	0	0	0	0	0	0	0	0	
0.373	1.00304	0.0393896	1.0649	0.996972	2.65418	1.06167	0.973445	0	0	0	0	0	0	0	0	
0.374	1.00331	0.0393906	1.06478	0.996697	2.65316	1.06126	0.973704	0	0	0	0	0	0	0	0	
0.375	1.00347	0.039392	1.06467	0.996545	2.65247	1.06099	0.973926	0	0	0	0	0	0	0	0	
0.376	1.00348	0.0393944	1.06455	0.996534	2.65215	1.06086	0.974106	0	0	0	0	0	0	0	0	
0.377	1.0034	0.0393984	1.06443	0.996609	2.65206	1.06082	0.974259	0	0	0	0	0	0	0	0	
0.378	1.00335	0.0394042	1.06431	0.996666	2.65191	1.06076	0.974417	0	0	0	0	0	0	0	0	
0.379	1.00341	0.0394121	1.06419	0.996605	2.65145	1.06058	0.97461	0	0	0	0	0	0	0	0	
0.38	1.00362	0.039422	1.06407	0.996397	2.65058	1.06023	0.974847	0	0	0	0	0	0	0	0	
0.381	1.00391	0.0394338	1.06394	0.996101	2.64947	1.05979	0.97511	0	0	0	0	0	0	0	0	
0.382	1.00419	0.0394475	1.06381	0.995829	2.64842	1.05937	0.975368	0	0	0	0	0	0	0	0	
0.383	1.00435	0.0394631	1.06367	0.995673	2.64767	1.05907	0.975593	0	0	0	0	0	0	0	0	
0.384	1.00437	0.0394805	1.06354	0.995648	2.64727	1.05891	0.97578	0	0	0	0	0	0	0	0	
0.385	1.00433	0.0394997	1.0634	0.995689	2.64703	1.05881	0.975948	0	0	0	0	0	0	0	0	
0.386	1.00433	0.0395203	1.06326	0.995691	2.64669	1.05868	0.976126	0	0	0	0	0	0	0	0	
0.387	1.00444	0.0395415	1.06312	0.995578	2.64604	1.05842	0.976337	0	0	0	0	0	0	0	0	
0.388	1.00467	0.0395628	1.06298	0.995352	2.64509	1.05804	0.976579	0	0	0	0	0	0	0	0	
0.389	1.00493	0.0395834	1.06284	0.995095	2.64406	1.05762	0.97683	0	0	0	0	0	0	0	0	
0.39	1.00511	0.039603	1.0627	0.994917	2.64324	1.0573	0.977059	0	0	0	0	0	0	0	0	
0.391	1.00515	0.0396213	1.06256	0.994879	2.6428	1.05712	0.97725	0	0	0	0	0	0	0	0	
0.392	1.00508	0.0396382	1.06243	0.994947	2.64264	1.05706	0.977411	0	0	0	0	0	0	0	0	
0.393	1.005	0.0396534	1.0623	0.99502	2.64251	1.05701	0.97757	0	0	0	0	0	0	0	0	
0.394	1.00501	0.0396668	1.06217	0.995013	2.64218	1.05687	0.977749	0	0	0	0	0	0	0	0	
0.395	1.00512	0.0396781	1.06204	0.99491	2.64159	1.05664	0.977953	0	0	0	0	0	0	0	0	
0.396	1.00527	0.0396873	1.06192	0.994757	2.64088	1.05635	0.97817	0	0	0	0	0	0	0	0	
0.397	1.00542	0.0396944	1.0618	0.99461	2.6402	1.05608	0.978384	0	0	0	0	0	0	0	0	
0.398	1.00555	0.0396997	1.06169	0.994484	2.63958	1.05583	0.978593	0	0	0	0	0	0	0	0	
0.399	1.00569	0.0397034	1.06158	0.994346	2.63893	1.05557	0.978804	0	0	0	0	0	0	0	0	
0.4	1.00589	0.0397058	1.06146	0.994141	2.63811	1.05525	0.97903	0	0	0	0	0	0	0	0	
0.401	1.0062	0.039707	1.06136	0.993842	2.63705	1.05482	0.979279	0	0	0	0	0	0	0	0	
0.402	1.00656	0.0397072	1.06125	0.993483	2.63583	1.05433	0.979542	0	0	0	0	0	0	0	0	
0.403	1.00688	0.0397066	1.06114	0.993164	2.63471	1.05389	0.979795	0	0	0	0	0	0	0	0	
0.404	1.00706	0.0397059	1.06103	0.992994	2.634	1.0536	0.980012	0	0	0	0	0	0	0	0	
0.405	1.00703	0.0397054	1.06093	0.993019	2.6338	1.05352	0.980181	0	0	0	0	0	0	0	0	
0.406	1.00686	0.0397056	1.06082	0.993192	2.63399	1.0536	0.980314	0	0	0	0	0	0	0	0	
0.407	1.00665	0.039707	1.06071	0.99339	2.63426	1.0537	0.98044	0	0	0	0	0	0	0	0	
0.408	1.00655	0.0397095	1.06061	0.993488	2.63425	1.0537	0.98059	0	0	0	0	0	0	0	0	
0.409	1.00664	0.0397132	1.0605	0.993404	2.63375	1.0535	0.980783	0	0	0	0	0	0	0	0	
0.41	1.00693	0.0397179	1.06039	0.993122	2.63273	1.05309	0.981022	0	0	0	0	0	0	0	0	
0.411	1.00735	0.0397235	1.06027	0.992699	2.63133	1.05253	0.981295	0	0	0	0	0	0	0	0	
0.412	1.0078	0.0397299	1.06016	0.992258	2.62988	1.05195	0.981571	0	0	0	0	0	0	0	0	
0.413	1.00812	0.0397376	1.06005	0.991949	2.62878	1.05151	0.981818	0	0	0	0	0	0	0	0	
0.414	1.00819	0.039747	1.05993	0.991873	2.62828	1.05131	0.982013	0	0	0	0	0	0	0	0	
0.415	1.00805	0.0397586	1.05981	0.992011	2.62835	1.05134	0.98216	0	0	0	0	0	0	0	0	
0.416	1.00784	0.0397728	1.05968	0.99222	2.6286	1.05144	0.982291	0	0	0	0	0	0	0	0	
0.417	1.00775	0.0397895	1.05956	0.992311	2.62853	1.05141	0.982446	0	0	0	0	0	0	0	0	
0.418	1.00788	0.0398084	1.05943	0.992182	2.62787	1.05115	0.98265	0	0	0	0	0	0	0	0	
0.419	1.00817	0.0398292	1.0593	0.991892	2.62678	1.05071	0.982889	0	0	0	0	0	0	0	0	
0.42	1.00845	0.0398515	1.05917	0.99162	2.62572	1.05029	0.983126	0	0	0	0	0	0	0	0	
0.421	1.00856	0.0398753	1.05903	0.991516	2.62511	1.05005	0.983328	0	0	0	0	0	0	0	0	
0.422	1.00847	0.0399005	1.05889	0.991601	2.625	1.05	0.983491	0	0	0	0	0	0	0	0	
0.423	1.0083	0.0399268	1.05876	0.991771	2.62511	1.05004	0.983635	0	0	0	0	0	0	0	0	
0.424	1.00818	0.0399539	1.05862	0.991888	2.62508	1.05003	0.98379	0	0	0	0	0	0	0	0	
0.425	1.00821	0.0399808	1.05848	0.991857	2.62466	1.04986	0.983975	0	0	0	0	0	0	0	0	
0.426	1.00841	0.0400067	1.05835	0.991657	2.62379	1.04952	0.984193	0	0	0	0	0	0	0	0	
0.427	1.00876	0.0400307	1.05821	0.991316	2.62256	1.04902	0.984438	0	0	0	0	0	0	0	0	
0.428	1.0092	0.0400519	1.05808	0.990883	2.62109	1.04844	0.9847	0	0	0	0	0	0	0	0	
0.429	1.00966	0.0400696	1.05796	0.990433	2.61959	1.04784	0.984964	0	0	0	0	0	0	0	0	
0.43	1.01002	0.0400834	1.05784	0.990077	2.61835	1.04734	0.985208	0	0	0	0	0	0	0	0	
0.431	1.01017	0.0400932	1.05772	0.989933	2.61769	1.04707	0.985412	0	0	0	0	0	0	0	0	
0.432	1.01005	0.0400993	1.05761	0.990051	2.61773	1.04709	0.985566	0	0	0	0	0	0	0	0	
0.433	1.00973	0.0401023	1.05751	0.990362	2.6183	1.04732	0.985684	0	0	0	0	0	0	0	0	
0.434	1.00938	0.0401026	1.05741	0.990705	2.61897	1.04759	0.985795	0	0	0	0	0	0	0	0	
0.435	1.00916	0.040101	1.05732	0.990922	2.61931	1.04772	0.985929	0	0	0	0	0	0	0	0	
0.436	1.00915	0.040098	1.05723	0.990932	2.61911	1.04764	0.9861	0	0	0	0	0	0	0	0	
0.437	1.00934	0.0400944	1.05714	0.990745	2.61839	1.04736	0.986306	0	0	0	0	0	0	0	0	
0.438	1.00967	0.0400908	1.05705	0.990423	2.61732	1.04693	0.986536	0	0	0	0	0	0	0	0	
0.439	1.01002	0.0400883	1.05696	0.990082	2.61619	1.04647	0.986769	0	0	0	0	0	0	0	0	
0.44	1.01027	0.0400876	1.05686	0.989834	2.61529	1.04612	0.986986	0	0	0	0	0	0	0	0	
0.441	1.01041	0.0400894	1.05676	0.989698	2.61469	1.04588	0.987185	0	0	0	0	0	0	0	0	
0.442	1.0105	0.0400938	1.05666	0.989605	2.61419	1.04568	0.987376	0	0	0	0	0	0	0	0	
0.443	1.01062	0.0401009	1.05656	0.989493	2.61364	1.04545	0.98757	0	0	0	0	0	0	0	0	
0.444	1.01076	0.0401098	1.05645	0.989357	2.61301	1.0452	0.987767	0	0	0	0	0	0	0	0	
0.445	1.01091	0.0401198	1.05634	0.989213	2.61236	1.04494	0.987966	0	0	0	0	0	0	0	0	
0.446	1.01106	0.0401298	1.05623	0.989064	2.61169	1.04468	0.988165	0	0	0	0	0	0	0	0	
0.447	1.01123	0.0401384	1.05612	0.988897	2.61098	1.04439	0.988366	0	0	0	0	0	0	0	0	
0.448	1.01143	0.0401446	1.05602	0.988697	2.6102	1.04408	0.988571	0	0	0	0	0	0	0	0	
0.449	1.01168	0.0401471	1.05592	0.988455	2.60931	1.04373	0.98878	0	0	0	0	0	0	0	0	
0.45	1.01197	0.0401453	1.05582	0.988173	2.60834	1.04334	0.988995	0	0	0	0	0	0	0	0	
0.451	1.0123	0.0401386	1.05574	0.987851	2.60727	1.04291	0.989213	0	0	0	0	0	0	0	0	
0.452	1.01263	0.0401276	1.05566	0.987531	2.60623	1.04249	0.98943	0	0	0	0	0	0	0	0	
0.453	1.01284	0.0401133	1.05558	0.987322	2.60549	1.0422	0.98963	0	0	0	0	0	0	0	0	
0.454	1.01285	0.0400978	1.05551	0.987314	2.60529	1.04212	0.989803	0	0	0	0	0	0	0	0	
0.455	1.01262	0.0400838	1.05543	0.987534	2.60569	1.04227	0.989947	0	0	0	0	0	0	0	0	
0.456	1.01222	0.0400745	1.05535	0.987925	2.60652	1.04261	0.990069	0	0	0	0	0	0	0	0	
0.457	1.0118	0.0400725	1.05526	0.988341	2.60739	1.04296	0.990189	0	0	0	0	0	0	0	0	
0.458	1.01152	0.0400802	1.05516	0.988611	2.60785	1.04314	0.990331	0	0	0	0	0	0	0	0	
0.459	1.01148	0.0400984	1.05504	0.988647	2.60766	1.04306	0.990503	0	0	0	0	0	0	0	0	
0.46	1.01165	0.0401269	1.05491	0.988481	2.60689	1.04276	0.990703	0	0	0	0	0	0	0	0	
0.461	1.01193	0.0401643	1.05476	0.988208	2.60581	1.04233	0.990917	0	0	0	0	0	0	0	0	
0.462	1.01223	0.0402081	1.05461	0.987915	2.60466	1.04186	0.991134	0	0	0	0	0	0	0	0	
0.463	1.0125	0.040255	1.05445	0.987653	2.60357	1.04143	0.991346	0	0	0	0	0	0	0	0	
0.464	1.01273	0.0403017	1.05429	0.987425	2.60258	1.04103	0.991553	0	0	0	0	0	0	0	0	
0.465	1.01308	0.0403447	1.05413	0.987085	2.6013	1.04052	0.99177	0	0	0	0	0	0	0	0	
0.466	1.0136	0.0403813	1.05399	0.986585	2.59962	1.03985	0.992002	0	0	0	0	0	0	0	0	
0.467	1.01404	0.0404099	1.05385	0.986156	2.59815	1.03926	0.992225	0	0	0	0	0	0	0	0	
0.468	1.01417	0.0404301	1.05373	0.98603	2.59752	1.03901	0.992416	0	0	0	0	0	0	0	0	
0.469	1.01388	0.0404431	1.05361	0.986305	2.59796	1.03919	0.992565	0	0	0	0	0	0	0	0	
0.47	1.01323	0.0404508	1.05351	0.986946	2.5994	1.03976	0.992678	0	0	0	0	0	0	0	0	
0.471	1.01261	0.0404554	1.05342	0.987551	2.60076	1.0403	0.992795	0	0	0	0	0	0	0	0	
0.472	1.01246	0.040459	1.05332	0.987694	2.6009	1.04036	0.992956	0	0	0	0	0	0	0	0	
0.473	1.0128	0.0404631	1.05323	0.987365	2.5998	1.03992	0.993163	0	0	0	0	0	0	0	0	
0.474	1.01333	0.0404691	1.05313	0.986843	2.59818	1.03927	0.993387	0	0	0	0	0	0	0	0	
0.475	1.01397	0.0404779	1.05302	0.98622	2.59628	1.03851	0.993619	0	0	0	0	0	0	0	0	
0.476	1.01474	0.0404895	1.05291	0.985476	2.59405	1.03762	0.993858	0	0	0	0	0	0	0	0	
0.477	1.0153	0.0405026	1.0528	0.984933	2.59235	1.03694	0.994079	0	0	0	0	0	0	0	0	
0.478	1.01536	0.0405156	1.05269	0.984877	2.59193	1.03677	0.99426	0	0	0	0	0	0	0	0	
0.479	1.01501	0.0405263	1.05258	0.985211	2.59254	1.03702	0.994409	0	0	0	0	0	0	0	0	
0.48	1.01434	0.0405329	1.05248	0.985865	2.59402	1.03761	0.994537	0	0	0	0	0	0	0	0	
0.481	1.0136	0.0405341	1.05239	0.986587	2.5957	1.03828	0.99466	0	0	0	0	0	0	0	0	
0.482	1.01323	0.0405297	1.05231	0.986943	2.59643	1.03857	0.994812	0	0	0	0	0	0	0	0	
0.483	1.01338	0.0405207	1.05224	0.986795	2.59586	1.03835	0.994999	0	0	0	0	0	0	0	0	
0.484	1.01383	0.0405092	1.05217	0.986356	2.59454	1.03781	0.995206	0	0	0	0	0	0	0	0	
0.485	1.01367	0.0404983	1.0521	0.986513	2.59477	1.03791	0.995376	0	0	0	0	0	0	0	0	
0.486	1.0143	0.0404898	1.05202	0.985898	2.59297	1.03719	0.995589	0	0	0	0	0	0	0	0	
0.487	1.0155	0.0404849	1.05194	0.984738	2.58972	1.03589	0.995832	0	0	0	0	0	0	0	0	
0.488	1.0162	0.0404846	1.05185	0.984059	2.58771	1.03508	0.996048	0	0	0	0	0	0	0	0	
0.489	1.01629	0.0404881	1.05176	0.983972	2.58725	1.0349	0.99623	0	0	0	0	0	0	0	0	
0.49	1.01596	0.0404938	1.05166	0.98429	2.58784	1.03514	0.996389	0	0	0	0	0	0	0	0	
0.491	1.01598	0.0405059	1.05155	0.984274	2.58754	1.03502	0.996564	0	0	0	0	0	0	0	0	
0.492	1.01605	0.0405303	1.05143	0.984207	2.58706	1.03482	0.996743	0	0	0	0	0	0	0	0	
0.493	1.01586	0.0405578	1.0513	0.984392	2.58723	1.03489	0.996914	0	0	0	0	0	0	0	0	
0.494	1.0157	0.0405684	1.0512	0.984544	2.58738	1.03495	0.997087	0	0	0	0	0	0	0	0	
0.495	1.0149	0.0405746	1.0511	0.985319	2.58918	1.03567	0.997236	0	0	0	0	0	0	0	0	
0.496	1.01418	0.0406088	1.05097	0.986023	2.5907	1.03628	0.997391	0	0	0	0	0	0	0	0	
0.497	1.0147	0.0406269	1.05086	0.985517	2.5891	1.03564	0.997588	0	0	0	0	0	0	0	0	
0.498	1.01556	0.0405495	1.05089	0.98468	2.58697	1.03479	0.997792	0	0	0	0	0	0	0	0	
0.499	1.01604	0.0404842	1.0509	0.984209	2.58576	1.0343	0.997984	0	0	0	0	0	0	0	0	
0.5	1.01609	0.0406606	1.05056	0.984165	2.5848	1.03392	0.998168	0	0	0	0	0	0	0	0	
0.501	1.01606	0.0408026	1.05027	0.984197	2.58417	1.03367	0.998348	0	0	0	0	0	0	0	0	
0.502	1.01727	0.0403901	1.05078	0.98302	2.58233	1.03293	0.998541	0	0	0	0	0	0	0	0	
0.503	1.01768	0.0400954	1.05112	0.982624	2.58213	1.03285	0.998719	0	0	0	0	0	0	0	0	
0.504	1.01649	0.0410768	1.04961	0.98378	2.58147	1.03259	0.998893	0	0	0	0	0	0	0	0	
0.505	1.01549	0.0420953	1.04805	0.98475	2.58018	1.03207	0.99907	0	0	0	0	0	0	0	0	
0.506	1.01956	0.0392874	1.05202	0.980814	2.57959	1.03184	0.99926	0	0	0	0	0	0	0	0	
0.507	1.02084	0.0374466	1.05442	0.979589	2.58224	1.03289	0.99943	0	0	0	0	0	0	0	0	
0.508	1.01323	0.0428684	1.04401	0.986947	2.57595	1.03038	0.999604	0	0	0	0	0	0	0	0	
0.509	0.999973	0.0339488	1.02488	1.00003	2.56226	1.02491	0.999781	0	0	0	0	0	0	0	0	
0.51	0.936963	-0.0809042	0.932609	1.06728	2.48838	0.995353	0.999926	0	0	0	0	0	0	0	0	
0.511	0.779334	-0.268467	0.722379	1.28315	2.3173	0.926919	0.999989	0	0	0	0	0	0	0	0	
0.512	0.259259	-1.35769	0.0967742	3.85715	0.933181	0.373272	1	0	0	0	0	0	0	0	0	
0.513	0.259259	-1.35769	0.0967742	3.85715	0.933181	0.373272	1	0	0	0	0	0	0	0	0	
0.514	0.259259	-1.35769	0.0967742	3.85715	0.933181	0.373272	1	0	0	0	0	0	0	0	0	
0.515	0.259259	-1.35769	0.0967742	3.85715	0.933181	0.373272	1	0	0	0	0	0	0	0	0	
0.516	0.259259	-1.35769	0.0967742	3.85715	0.933181	0.373272	1	0	0	0	0	0	0	0	0	
0.517	0.259259	-1.35769	0.0967742	3.85715	0.933181	0.373272	1	0	0	0	0	0	0	0	0	
0.518	0.259259	-1.35769	0.0967742	3.85715	0.933181	0.373272	1	0	0	0	0	0	0	0	0	
0.519	0.259259	-1.35769	0.0967742	3.85715	0.933181	0.373272	1	0	0	0	0	0	0	0	0	
0.52	0.259259	-1.35769	0.0967742	3.85715	0.933181	0.373272	1	0	0	0	0	0	0	0	0	
0.521	0.259259	-1.35769	0.0967742	3.85715	0.933181	0.373272	1	0	0	0	0	0	0	0	0	
0.522	0.259259	-1.35769	0.0967742	3.85715	0.933181	0.373272	1	0	0	0	0	0	0	0	0	
0.523	0.259259	-1.35769	0.0967742	3.85715	0.933181	0.373272	1	0	0	0	0	0	0	0	0	
0.524	0.259259	-1.35769	0.0967742	3.85715	0.933181	0.373272	1	0	0	0	0	0	0	0	0	
0.525	0.259259	-1.35769	0.0967742	3.85715	0.933181	0.373272	1	0	0	0	0	0	0	0	0	
0.526	0.259259	-1.35769	0.0967742	3.85715	0.933181	0.373272	1	0	0	0	0	0	0	0	0	
0.527	0.259259	-1.35769	0.0967742	3.85715	0.933181	0.373272	1	0	0	0	0	0	0	0	0	
0.528	0.259259	-1.35769	0.0967742	3.85715	0.933181	0.373272	1	0	0	0	0	0	0	0	0	
0.529	0.259259	-1.35769	0.0967742	3.85715	0.933181	0.373272	1	0	0	0	0	0	0	0	0	
0.53	0.259259	-1.35769	0.0967742	3.85715	0.933181	0.373272	1	0	0	0	0	0	0	0	0	
0.531	0.259259	-1.35769	0.0967742	3.85715	0.933181	0.373272	1	0	0	0	0	0	0	0	0	
0.532	0.259259	-1.35769	0.0967742	3.85715	0.933181	0.373272	1	0	0	0	0	0	0	0	0	
0.533	0.259259	-1.35769	0.0967742	3.85715	0.933181	0.373272	1	0	0	0	0	0	0	0	0	
0.534	0.259259	-1.35769	0.0967742	3.85715	0.933181	0.373272	1	0	0	0	0	0	0	0	0	
0.535	0.259259	-1.35769	0.0967742	3.85715	0.933181	0.373272	1	0	0	0	0	0	0	0	0	
0.536	0.259259	-1.35769	0.0967742	3.85715	0.933181	0.373272	1	0	0	0	0	0	0	0	0	
0.537	0.259259	-1.35769	0.0967742	3.85715	0.933181	0.373272	1	0	0	0	0	0	0	0	0	
0.538	0.259259	-1.35769	0.0967742	3.85715	0.933181	0.373272	1	0	0	0	0	0	0	0	0	
0.539	0.259259	-1.35769	0.0967742	3.85715	0.933181	0.373272	1	0	0	0	0	0	0	0	0	
0.54	0.259259	-1.35769	0.0967742	3.85715	0.933181	0.373272	1	0	0	0	0	0	0	0	0	
0.541	0.259259	-1.35769	0.0967742	3.85715	0.933181	0.373272	1	0	0	0	0	0	0	0	0	
0.542	0.259259	-1.35769	0.0967742	3.85715	0.933181	0.373272	1	0	0	0	0	0	0	0	0	
0.543	0.259259	-1.35769	0.0967742	3.85715	0.933181	0.373272	1	0	0	0	0	0	0	0	0	
0.544	0.259259	-1.35769	0.0967742	3.85715	0.933181	0.373272	1	0	0	0	0	0	0	0	0	
0.545	0.259259	-1.35769	0.0967742	3.85715	0.933181	0.373272	1	0	0	0	0	0	0	0	0	
0.546	0.259259	-1.35769	0.0967742	3.85715	0.933181	0.373272	1	0	0	0	0	0	0	0	0	
0.547	0.259259	-1.35769	0.0967742	3.85715	0.933181	0.373272	1	0	0	0	0	0	0	0	0	
0.548	0.259259	-1.35769	0.0967742	3.85715	0.933181	0.373272	1	0	0	0	0	0	0	0	0	
0.549	0.259259	-1.35769	0.0967742	3.85715	0.933181	0.373272	1	0	0	0	0	0	0	0	0	
0.55	0.259259	-1.35769	0.0967742	3.85715	0.933181	0.373272	1	0	0	0	0	0	0	0	0	
0.551	0.259259	-1.35769	0.0967742	3.85715	0.933181	0.373272	1	0	0	0	0	0	0	0	0	
0.552	0.259259	-1.35769	0.0967742	3.85715	0.933181	0.373272	1	0	0	0	0	0	0	0	0	
0.553	0.259259	-1.35769	0.0967742	3.85715	0.933181	0.373272	1	0	0	0	0	0	0	0	0	
0.554	0.259259	-1.35769	0.0967742	3.85715	0.933181	0.373272	1	0	0	0	0	0	0	0	0	
0.555	0.259259	-1.35769	0.0967742	3.85715	0.933181	0.373272	1	0	0	0	0	0	0	0	0	
0.556	0.259259	-1.35769	0.0967742	3.85715	0.933181	0.373272	1	0	0	0	0	0	0	0	0	
0.557	0.259259	-1.35769	0.0967742	3.85715	0.933181	0.373272	1	0	0	0	0	0	0	0	0	
0.558	0.259259	-1.35769	0.0967742	3.85715	0.933181	0.373272	1	0	0	0	0	0	0	0	0	
0.559	0.259259	-1.35769	0.0967742	3.85715	0.933181	0.373272	1	0	0	0	0	0	0	0	0	
0.56	0.259259	-1.35769	0.0967742	3.85715	0.933181	0.373272	1	0	0	0	0	0	0	0	0	
0.561	0.259259	-1.35769	0.0967742	3.85715	0.933181	0.373272	1	0	0	0	0	0	0	0	0	
0.562	0.259259	-1.35769	0.0967742	3.85715	0.933181	0.373272	1	0	0	0	0	0	0	0	0	
0.563	0.259259	-1.35769	0.0967742	3.85715	0.933181	0.373272	1	0	0	0	0	0	0	0	0	
0.564	0.259259	-1.35769	0.0967742	3.85715	0.933181	0.373272	1	0	0	0	0	0	0	0	0	
0.565	0.259259	-1.35769	0.0967742	3.85715	0.933181	0.373272	1	0	0	0	0	0	0	0	0	
0.566	0.259259	-1.35769	0.0967742	3.85715	0.933181	0.373272	1	0	0	0	0	0	0	0	0	
0.567	0.259259	-1.35769	0.0967742	3.85715	0.933181	0.373272	1	0	0	0	0	0	0	0	0	
0.568	0.259259	-1.35769	0.0967742	3.85715	0.933181	0.373272	1	0	0	0	0	0	0	0	0	
0.569	0.259259	-1.35769	0.0967742	3.85715	0.933181	0.373272	1	0	0	0	0	0	0	0	0	
0.57	0.259259	-1.35769	0.0967742	3.85715	0.933181	0.373272	1	0	0	0	0	0	0	0	0	
0.571	0.259259	-1.35769	0.0967742	3.85715	0.933181	0.373272	1	0	0	0	0	0	0	0	0	
0.572	0.259259	-1.35769	0.0967742	3.85715	0.933181	0.373272	1	0	0	0	0	0	0	0	0	
0.573	0.259259	-1.35769	0.0967742	3.85715	0.933181	0.373272	1	0	0	0	0	0	0	0	0	
0.574	0.259259	-1.35769	0.0967742	3.85715	0.933181	0.373272	1	0	0	0	0	0	0	0	0	
0.575	0.259259	-1.35769	0.0967742	3.85715	0.933181	0.373272	1	0	0	0	0	0	0	0	0	
0.576	0.259259	-1.35769	0.0967742	3.85715	0.933181	0.373272	1	0	0	0	0	0	0	0	0	
0.577	0.259259	-1.35769	0.0967742	3.85715	0.933181	0.373272	1	0	0	0	0	0	0	0	0	
0.578	0.259259	-1.35769	0.0967742	3.85715	0.933181	0.373272	1	0	0	0	0	0	0	0	0	
0.579	0.259259	-1.35769	0.0967742	3.85715	0.933181	0.373272	1	0	0	0	0	0	0	0	0	
0.58	0.259259	-1.35769	0.0967742	3.85715	0.933181	0.373272	1	0	0	0	0	0	0	0	0	
0.581	0.259259	-1.35769	0.0967742	3.85715	0.933181	0.373272	1	0	0	0	0	0	0	0	0	
0.582	0.259259	-1.35769	0.0967742	3.85715	0.933181	0.373272	1	0	0	0	0	0	0	0	0	
0.583	0.259259	-1.35769	0.0967742	3.85715	0.933181	0.373272	1	0	0	0	0	0	0	0	0	
0.584	0.259259	-1.35769	0.0967742	3.85715	0.933181	0.373272	1	0	0	0	0	0	0	0	0	
0.585	0.259259	-1.35769	0.0967742	3.85715	0.933181	0.373272	1	0	0	0	0	0	0	0	0	
0.586	0.259259	-1.35769	0.0967742	3.85715	0.933181	0.373272	1	0	0	0	0	0	0	0	0	
0.587	0.259259	-1.35769	0.0967742	3.85715	0.933181	0.373272	1	0	0	0	0	0	0	0	0	
0.588	0.259259	-1.35769	0.0967742	3.85715	0.933181	0.373272	1	0	0	0	0	0	0	0	0	
0.589	0.259259	-1.35769	0.0967742	3.85715	0.933181	0.373272	1	0	0	0	0	0	0	0	0	
0.59	0.259259	-1.35769	0.0967742	3.85715	0.933181	0.373272	1	0	0	0	0	0	0	0	0	
0.591	0.259259	-1.35769	0.0967742	3.85715	0.933181	0.373272	1	0	0	0	0	0	0	0	0	
0.592	0.259259	-1.35769	0.0967742	3.85715	0.933181	0.373272	1	0	0	0	0	0	0	0	0	
0.593	0.259259	-1.35769	0.0967742	3.85715	0.933181	0.373272	1	0	0	0	0	0	0	0	0	
0.594	0.259259	-1.35769	0.0967742	3.85715	0.933181	0.373272	1	0	0	0	0	0	0	0	0	
0.595	0.259259	-1.35769	0.0967742	3.85715	0.933181	0.373272	1	0	0	0	0	0	0	0	0	
0.596	0.259259	-1.35769	0.0967742	3.85715	0.933181	0.373272	1	0	0	0	0	0	0	0	0	
0.597	0.259259	-1.35769	0.0967742	3.85715	0.933181	0.373272	1	0	0	0	0	0	0	0	0	
0.598	0.259259	-1.35769	0.0967742	3.85715	0.933181	0.373272	1	0	0	0	0	0	0	0	0	
0.599	0.259259	-1.35769	0.0967742	3.85715	0.933181	0.373272	1	0	0	0	0	0	0	0	0	
0.6	0.259259	-1.35769	0.0967742	3.85715	0.933181	0.373272	1	0	0	0	0	0	0	0	0	
0.601	0.259259	-1.35769	0.0967742	3.85715	0.933181	0.373272	1	0	0	0	0	0	0	0	0	
0.602	0.259259	-1.35769	0.0967742	3.85715	0.933181	0.373272	1	0	0	0	0	0	0	0	0	
0.603	0.259259	-1.35769	0.0967742	3.85715	0.933181	0.373272	1	0	0	0	0	0	0	0	0	
0.604	0.259259	-1.35769	0.0967742	3.85715	0.933181	0.373272	1	0	0	0	0	0	0	0	0	
0.605	0.259259	-1.35769	0.0967742	3.85715	0.933181	0.373272	1	0	0	0	0	0	0	0	0	
0.606	0.259259	-1.35769	0.0967742	3.85715	0.933181	0.373272	1	0	0	0	0	0	0	0	0	
0.607	0.259259	-1.35769	0.0967742	3.85715	0.933181	0.373272	1	0	0	0	0	0	0	0	0	
0.608	0.259259	-1.35769	0.0967742	3.85715	0.933181	0.373272	1	0	0	0	0	0	0	0	0	
0.609	0.259259	-1.35769	0.0967742	3.85715	0.933181	0.373272	1	0	0	0	0	0	0	0	0	
0.61	0.259259	-1.35769	0.0967742	3.85715	0.933181	0.373272	1	0	0	0	0	0	0	0	0	
0.611	0.259259	-1.35769	0.0967742	3.85715	0.933181	0.373272	1	0	0	0	0	0	0	0	0	
0.612	0.259259	-1.35769	0.0967742	3.85715	0.933181	0.373272	1	0	0	0	0	0	0	0	0	
0.613	0.259259	-1.35769	0.0967742	3.85715	0.933181	0.373272	1	0	0	0	0	0	0	0	0	
0.614	0.259259	-1.35769	0.0967742	3.85715	0.933181	0.373272	1	0	0	0	0	0	0	0	0	
0.615	0.259259	-1.35769	0.0967742	3.85715	0.933181	0.373272	1	0	0	0	0	0	0	0	0	
0.616	0.259259	-1.35769	0.0967742	3.85715	0.933181	0.373272	1	0	0	0	0	0	0	0	0	
0.617	0.259259	-1.35769	0.0967742	3.85715	0.933181	0.373272	1	0	0	0	0	0	0	0	0	
0.618	0.259259	-1.35769	0.0967742	3.85715	0.933181	0.373272	1	0	0	0	0	0	0	0	0	
0.619	0.259259	-1.35769	0.0967742	3.85715	0.933181	0.373272	1	0	0	0	0	0	0	0	0	
0.62	0.259259	-1.35769	0.0967742	3.85715	0.933181	0.373272	1	0	0	0	0	0	0	0	0	
0.621	0.259259	-1.35769	0.0967742	3.85715	0.933181	0.373272	1	0	0	0	0	0	0	0	0	
0.622	0.259259	-1.35769	0.0967742	3.85715	0.933181	0.373272	1	0	0	0	0	0	0	0	0	
0.623	0.259259	-1.35769	0.0967742	3.85715	0.933181	0.373272	1	0	0	0	0	0	0	0	0	
0.624	0.259259	-1.35769	0.0967742	3.85715	0.933181	0.373272	1	0	0	0	0	0	0	0	0	
0.625	0.259259	-1.35769	0.0967742	3.85715	0.933181	0.373272	1	0	0	0	0	0	0	0	0	
0.626	0.259259	-1.35769	0.0967742	3.85715	0.933181	0.373272	1	0	0	0	0	0	0	0	0	
0.627	0.259259	-1.35769	0.0967742	3.85715	0.933181	0.373272	1	0	0	0	0	0	0	0	0	
0.628	0.259259	-1.35769	0.0967742	3.85715	0.933181	0.373272	1	0	0	0	0	0	0	0	0	
0.629	0.259259	-1.35769	0.0967742	3.85715	0.933181	0.373272	1	0	0	0	0	0	0	0	0	
0.63	0.259259	-1.35769	0.0967742	3.85715	0.933181	0.373272	1	0	0	0	0	0	0	0	0	
0.631	0.259259	-1.35769	0.0967742	3.85715	0.933181	0.373272	1	0	0	0	0	0	0	0	0	
0.632	0.259259	-1.35769	0.0967742	3.85715	0.933181	0.373272	1	0	0	0	0	0	0	0	0	
0.633	0.259259	-1.35769	0.0967742	3.85715	0.933181	0.373272	1	0	0	0	0	0	0	0	0	
0.634	0.259259	-1.35769	0.0967742	3.85715	0.933181	0.373272	1	0	0	0	0	0	0	0	0	
0.635	0.259259	-1.35769	0.0967742	3.85715	0.933181	0.373272	1	0	0	0	0	0	0	0	0	
0.636	0.259259	-1.35769	0.0967742	3.85715	0.933181	0.373272	1	0	0	0	0	0	0	0	0	
0.637	0.259259	-1.35769	0.0967742	3.85715	0.933181	0.373272	1	0	0	0	0	0	0	0	0	
0.638	0.259259	-1.35769	0.0967742	3.85715	0.933181	0.373272	1	0	0	0	0	0	0	0	0	
0.639	0.259259	-1.35769	0.0967742	3.85715	0.933181	0.373272	1	0	0	0	0	0	0	0	0	
0.64	0.259259	-1.35769	0.0967742	3.85715	0.933181	0.373272	1	0	0	0	0	0	0	0	0	
0.641	0.259259	-1.35769	0.0967742	3.85715	0.933181	0.373272	1	0	0	0	0	0	0	0	0	
0.642	0.259259	-1.35769	0.0967742	3.85715	0.933181	0.373272	1	0	0	0	0	0	0	0	0	
0.643	0.259259	-1.35769	0.0967742	3.85715	0.933181	0.373272	1	0	0	0	0	0	0	0	0	
0.644	0.259259	-1.35769	0.0967742	3.85715	0.933181	0.373272	1	0	0	0	0	0	0	0	0	
0.645	0.259259	-1.35769	0.0967742	3.85715	0.933181	0.373272	1	0	0	0	0	0	0	0	0	
0.646	0.259259	-1.35769	0.0967742	3.85715	0.933181	0.373272	1	0	0	0	0	0	0	0	0	
0.647	0.259259	-1.35769	0.0967742	3.85715	0.933181	0.373272	1	0	0	0	0	0	0	0	0	
0.648	0.259259	-1.35769	0.0967742	3.85715	0.933181	0.373272	1	0	0	0	0	0	0	0	0	
0.649	0.259259	-1.35769	0.0967742	3.85715	0.933181	0.373272	1	0	0	0	0	0	0	0	0	
0.65	0.259259	-1.35769	0.0967742	3.85715	0.933181	0.373272	1	0	0	0	0	0	0	0	0	
0.651	0.259259	-1.35769	0.0967742	3.85715	0.933181	0.373272	1	0	0	0	0	0	0	0	0	
0.652	0.259259	-1.35769	0.0967742	3.85715	0.933181	0.373272	1	0	0	0	0	0	0	0	0	
0.653	0.259259	-1.35769	0.0967742	3.85715	0.933181	0.373272	1	0	0	0	0	0	0	0	0	
0.654	0.259259	-1.35769	0.0967742	3.85715	0.933181	0.373272	1	0	0	0	0	0	0	0	0	
0.655	0.259259	-1.35769	0.0967742	3.85715	0.933181	0.373272	1	0	0	0	0	0	0	0	0	
0.656	0.259259	-1.35769	0.0967742	3.85715	0.933181	0.373272	1	0	0	0	0	0	0	0	0	
0.657	0.259259	-1.35769	0.0967742	3.85715	0.933181	0.373272	1	0	0	0	0	0	0	0	0	
0.658	0.259259	-1.35769	0.0967742	3.85715	0.933181	0.373272	1	0	0	0	0	0	0	0	0	
0.659	0.259259	-1.35769	0.0967742	3.85715	0.933181	0.373272	1	0	0	0	0	0	0	0	0	
0.66	0.259259	-1.35769	0.0967742	3.85715	0.933181	0.373272	1	0	0	0	0	0	0	0	0	
0.661	0.259259	-1.35769	0.0967742	3.85715	0.933181	0.373272	1	0	0	0	0	0	0	0	0	
0.662	0.259259	-1.35769	0.0967742	3.85715	0.933181	0.373272	1	0	0	0	0	0	0	0	0	
0.663	0.259259	-1.35769	0.0967742	3.85715	0.933181	0.373272	1	0	0	0	0	0	0	0	0	
0.664	0.259259	-1.35769	0.0967742	3.85715	0.933181	0.373272	1	0	0	0	0	0	0	0	0	
0.665	0.259259	-1.35769	0.0967742	3.85715	0.933181	0.373272	1	0	0	0	0	0	0	0	0	
0.666	0.259259	-1.35769	0.0967742	3.85715	0.933181	0.373272	1	0	0	0	0	0	0	0	0	
0.667	0.259259	-1.35769	0.0967742	3.85715	0.933181	0.373272	1	0	0	0	0	0	0	0	0	
0.668	0.259259	-1.35769	0.0967742	3.85715	0.933181	0.373272	1	0	0	0	0	0	0	0	0	
0.669	0.259259	-1.35769	0.0967742	3.85715	0.933181	0.373272	1	0	0	0	0	0	0	0	0	
0.67	0.259259	-1.35769	0.0967742	3.85715	0.933181	0.373272	1	0	0	0	0	0	0	0	0	
0.671	0.259259	-1.35769	0.0967742	3.85715	0.933181	0.373272	1	0	0	0	0	0	0	0	0	
0.672	0.259259	-1.35769	0.0967742	3.85715	0.933181	0.373272	1	0	0	0	0	0	0	0	0	
0.673	0.259259	-1.35769	0.0967742	3.85715	0.933181	0.373272	1	0	0	0	0	0	0	0	0	
0.674	0.259259	-1.35769	0.0967742	3.85715	0.933181	0.373272	1	0	0	0	0	0	0	0	0	
0.675	0.259259	-1.35769	0.0967742	3.85715	0.933181	0.373272	1	0	0	0	0	0	0	0	0	
0.676	0.259259	-1.35769	0.0967742	3.85715	0.933181	0.373272	1	0	0	0	0	0	0	0	0	
0.677	0.259259	-1.35769	0.0967742	3.85715	0.933181	0.373272	1	0	0	0	0	0	0	0	0	
0.678	0.259259	-1.35769	0.0967742	3.85715	0.933181	0.373272	1	0	0	0	0	0	0	0	0	
0.679	0.259259	-1.35769	0.0967742	3.85715	0.933181	0.373272	1	0	0	0	0	0	0	0	0	
0.68	0.259259	-1.35769	0.0967742	3.85715	0.933181	0.373272	1	0	0	0	0	0	0	0	0	
0.681	0.259259	-1.35769	0.0967742	3.85715	0.933181	0.373272	1	0	0	0	0	0	0	0	0	
0.682	0.259259	-1.35769	0.0967742	3.85715	0.933181	0.373272	1	0	0	0	0	0	0	0	0	
0.683	0.259259	-1.35769	0.0967742	3.85715	0.933181	0.373272	1	0	0	0	0	0	0	0	0	
0.684	0.259259	-1.35769	0.0967742	3.85715	0.933181	0.373272	1	0	0	0	0	0	0	0	0	
0.685	0.259259	-1.35769	0.0967742	3.85715	0.933181	0.373272	1	0	0	0	0	0	0	0	0	
0.686	0.259259	-1.35769	0.0967742	3.85715	0.933181	0.373272	1	0	0	0	0	0	0	0	0	
0.687	0.259259	-1.35769	0.0967742	3.85715	0.933181	0.373272	1	0	0	0	0	0	0	0	0	
0.688	0.259259	-1.35769	0.0967742	3.85715	0.933181	0.373272	1	0	0	0	0	0	0	0	0	
0.689	0.259259	-1.35769	0.0967742	3.85715	0.933181	0.373272	1	0	0	0	0	0	0	0	0	
0.69	0.259259	-1.35769	0.0967742	3.85715	0.933181	0.373272	1	0	0	0	0	0	0	0	0	
0.691	0.259259	-1.35769	0.0967742	3.85715	0.933181	0.373272	1	0	0	0	0	0	0	0	0	
0.692	0.259259	-1.35769	0.0967742	3.85715	0.933181	0.373272	1	0	0	0	0	0	0	0	0	
0.693	0.259259	-1.35769	0.0967742	3.85715	0.933181	0.373272	1	0	0	0	0	0	0	0	0	
0.694	0.259259	-1.35769	0.0967742	3.85715	0.933181	0.373272	1	0	0	0	0	0	0	0	0	
0.695	0.259259	-1.35769	0.0967742	3.85715	0.933181	0.373272	1	0	0	0	0	0	0	0	0	
0.696	0.259259	-1.35769	0.0967742	3.85715	0.933181	0.373272	1	0	0	0	0	0	0	0	0	
0.697	0.259259	-1.35769	0.0967742	3.85715	0.933181	0.373272	1	0	0	0	0	0	0	0	0	
0.698	0.259259	-1.35769	0.0967742	3.85715	0.933181	0.373272	1	0	0	0	0	0	0	0	0	
0.699	0.259259	-1.35769	0.0967742	3.85715	0.933181	0.373272	1	0	0	0	0	0	0	0	0	
0.7	0.259259	-1.35769	0.0967742	3.85715	0.933181	0.373272	1	0	0	0	0	0	0	0	0	
0.701	0.259259	-1.35769	0.0967742	3.85715	0.933181	0.373272	1	0	0	0	0	0	0	0	0	
0.702	0.259259	-1.35769	0.0967742	3.85715	0.933181	0.373272	1	0	0	0	0	0	0	0	0	
0.703	0.259259	-1.35769	0.0967742	3.85715	0.933181	0.373272	1	0	0	0	0	0	0	0	0	
0.704	0.259259	-1.35769	0.0967742	3.85715	0.933181	0.373272	1	0	0	0	0	0	0	0	0	
0.705	0.259259	-1.35769	0.0967742	3.85715	0.933181	0.373272	1	0	0	0	0	0	0	0	0	
0.706	0.259259	-1.35769	0.0967742	3.85715	0.933181	0.373272	1	0	0	0	0	0	0	0	0	
0.707	0.259259	-1.35769	0.0967742	3.85715	0.933181	0.373272	1	0	0	0	0	0	0	0	0	
0.708	0.259259	-1.35769	0.0967742	3.85715	0.933181	0.373272	1	0	0	0	0	0	0	0	0	
0.709	0.259259	-1.35769	0.0967742	3.85715	0.933181	0.373272	1	0	0	0	0	0	0	0	0	
0.71	0.259259	-1.35769	0.0967742	3.85715	0.933181	0.373272	1	0	0	0	0	0	0	0	0	
0.711	0.259259	-1.35769	0.0967742	3.85715	0.933181	0.373272	1	0	0	0	0	0	0	0	0	
0.712	0.259259	-1.35769	0.0967742	3.85715	0.933181	0.373272	1	0	0	0	0	0	0	0	0	
0.713	0.259259	-1.35769	0.0967742	3.85715	0.933181	0.373272	1	0	0	0	0	0	0	0	0	
0.714	0.259259	-1.35769	0.0967742	3.85715	0.933181	0.373272	1	0	0	0	0	0	0	0	0	
0.715	0.259259	-1.35769	0.0967742	3.85715	0.933181	0.373272	1	0	0	0	0	0	0	0	0	
0.716	0.259259	-1.35769	0.0967742	3.85715	0.933181	0.373272	1	0	0	0	0	0	0	0	0	
0.717	0.259259	-1.35769	0.0967742	3.85715	0.933181	0.373272	1	0	0	0	0	0	0	0	0	
0.718	0.259259	-1.35769	0.0967742	3.85715	0.933181	0.373272	1	0	0	0	0	0	0	0	0	
0.719	0.259259	-1.35769	0.0967742	3.85715	0.933181	0.373272	1	0	0	0	0	0	0	0	0	
0.72	0.259259	-1.35769	0.0967742	3.85715	0.933181	0.373272	1	0	0	0	0	0	0	0	0	
0.721	0.259259	-1.35769	0.0967742	3.85715	0.933181	0.373272	1	0	0	0	0	0	0	0	0	
0.722	0.259259	-1.35769	0.0967742	3.85715	0.933181	0.373272	1	0	0	0	0	0	0	0	0	
0.723	0.259259	-1.35769	0.0967742	3.85715	0.933181	0.373272	1	0	0	0	0	0	0	0	0	
0.724	0.259259	-1.35769	0.0967742	3.85715	0.933181	0.373272	1	0	0	0	0	0	0	0	0	
0.725	0.259259	-1.35769	0.0967742	3.85715	0.933181	0.373272	1	0	0	0	0	0	0	0	0	
0.726	0.259259	-1.35769	0.0967742	3.85715	0.933181	0.373272	1	0	0	0	0	0	0	0	0	
0.727	0.259259	-1.35769	0.0967742	3.85715	0.933181	0.373272	1	0	0	0	0	0	0	0	0	
0.728	0.259259	-1.35769	0.0967742	3.85715	0.933181	0.373272	1	0	0	0	0	0	0	0	0	
0.729	0.259259	-1.35769	0.0967742	3.85715	0.933181	0.373272	1	0	0	0	0	0	0	0	0	
0.73	0.259259	-1.35769	0.0967742	3.85715	0.933181	0.373272	1	0	0	0	0	0	0	0	0	
0.731	0.259259	-1.35769	0.0967742	3.85715	0.933181	0.373272	1	0	0	0	0	0	0	0	0	
0.732	0.259259	-1.35769	0.0967742	3.85715	0.933181	0.373272	1	0	0	0	0	0	0	0	0	
0.733	0.259259	-1.35769	0.0967742	3.85715	0.933181	0.373272	1	0	0	0	0	0	0	0	0	
0.734	0.259259	-1.35769	0.0967742	3.85715	0.933181	0.373272	1	0	0	0	0	0	0	0	0	
0.735	0.259259	-1.35769	0.0967742	3.85715	0.933181	0.373272	1	0	0	0	0	0	0	0	0	
0.736	0.259259	-1.35769	0.0967742	3.85715	0.933181	0.373272	1	0	0	0	0	0	0	0	0	
0.737	0.259259	-1.35769	0.0967742	3.85715	0.933181	0.373272	1	0	0	0	0	0	0	0	0	
0.738	0.259259	-1.35769	0.0967742	3.85715	0.933181	0.373272	1	0	0	0	0	0	0	0	0	
0.739	0.259259	-1.35769	0.0967742	3.85715	0.933181	0.373272	1	0	0	0	0	0	0	0	0	
0.74	0.259259	-1.35769	0.0967742	3.85715	0.933181	0.373272	1	0	0	0	0	0	0	0	0	
0.741	0.259259	-1.35769	0.0967742	3.85715	0.933181	0.373272	1	0	0	0	0	0	0	0	0	
0.742	0.259259	-1.35769	0.0967742	3.85715	0.933181	0.373272	1	0	0	0	0	0	0	0	0	
0.743	0.259259	-1.35769	0.0967742	3.85715	0.933181	0.373272	1	0	0	0	0	0	0	0	0	
0.744	0.259259	-1.35769	0.0967742	3.85715	0.933181	0.373272	1	0	0	0	0	0	0	0	0	
0.745	0.259259	-1.35769	0.0967742	3.85715	0.933181	0.373272	1	0	0	0	0	0	0	0	0	
0.746	0.259259	-1.35769	0.0967742	3.85715	0.933181	0.373272	1	0	0	0	0	0	0	0	0	
0.747	0.259259	-1.35769	0.0967742	3.85715	0.933181	0.373272	1	0	0	0	0	0	0	0	0	
0.748	0.259259	-1.35769	0.0967742	3.85715	0.933181	0.373272	1	0	0	0	0	0	0	0	0	
0.749	0.259259	-1.35769	0.0967742	3.85715	0.933181	0.373272	1	0	0	0	0	0	0	0	0	
0.75	0.259259	-1.35769	0.0967742	3.85715	0.933181	0.373272	1	0	0	0	0	0	0	0	0	
0.751	0.259259	-1.35769	0.0967742	3.85715	0.933181	0.373272	1	0	0	0	0	0	0	0	0	
0.752	0.259259	-1.35769	0.0967742	3.85715	0.933181	0.373272	1	0	0	0	0	0	0	0	0	
0.753	0.259259	-1.35769	0.0967742	3.85715	0.933181	0.373272	1	0	0	0	0	0	0	0	0	
0.754	0.259259	-1.35769	0.0967742	3.85715	0.933181	0.373272	1	0	0	0	0	0	0	0	0	
0.755	0.259259	-1.35769	0.0967742	3.85715	0.933181	0.373272	1	0	0	0	0	0	0	0	0	
0.756	0.259259	-1.35769	0.0967742	3.85715	0.933181	0.373272	1	0	0	0	0	0	0	0	0	
0.757	0.259259	-1.35769	0.0967742	3.85715	0.933181	0.373272	1	0	0	0	0	0	0	0	0	
0.758	0.259259	-1.35769	0.0967742	3.85715	0.933181	0.373272	1	0	0	0	0	0	0	0	0	
0.759	0.259259	-1.35769	0.0967742	3.85715	0.933181	0.373272	1	0	0	0	0	0	0	0	0	
0.76	0.259259	-1.35769	0.0967742	3.85715	0.933181	0.373272	1	0	0	0	0	0	0	0	0	
0.761	0.259259	-1.35769	0.0967742	3.85715	0.933181	0.373272	1	0	0	0	0	0	0	0	0	
0.762	0.259259	-1.35769	0.0967742	3.85715	0.933181	0.373272	1	0	0	0	0	0	0	0	0	
0.763	0.259259	-1.35769	0.0967742	3.85715	0.933181	0.373272	1	0	0	0	0	0	0	0	0	
0.764	0.259259	-1.35769	0.0967742	3.85715	0.933181	0.373272	1	0	0	0	0	0	0	0	0	
0.765	0.259259	-1.35769	0.0967742	3.85715	0.933181	0.373272	1	0	0	0	0	0	0	0	0	
0.766	0.259259	-1.35769	0.0967742	3.85715	0.933181	0.373272	1	0	0	0	0	0	0	0	0	
0.767	0.259259	-1.35769	0.0967742	3.85715	0.933181	0.373272	1	0	0	0	0	0	0	0	0	
0.768	0.259259	-1.35769	0.0967742	3.85715	0.933181	0.373272	1	0	0	0	0	0	0	0	0	
0.769	0.259259	-1.35769	0.0967742	3.85715	0.933181	0.373272	1	0	0	0	0	0	0	0	0	
0.77	0.259259	-1.35769	0.0967742	3.85715	0.933181	0.373272	1	0	0	0	0	0	0	0	0	
0.771	0.259259	-1.35769	0.0967742	3.85715	0.933181	0.373272	1	0	0	0	0	0	0	0	0	
0.772	0.259259	-1.35769	0.0967742	3.85715	0.933181	0.373272	1	0	0	0	0	0	0	0	0	
0.773	0.259259	-1.35769	0.0967742	3.85715	0.933181	0.373272	1	0	0	0	0	0	0	0	0	
0.774	0.259259	-1.35769	0.0967742	3.85715	0.933181	0.373272	1	0	0	0	0	0	0	0	0	
0.775	0.259259	-1.35769	0.0967742	3.85715	0.933181	0.373272	1	0	0	0	0	0	0	0	0	
0.776	0.259259	-1.35769	0.0967742	3.85715	0.933181	0.373272	1	0	0	0	0	0	0	0	0	
0.777	0.259259	-1.35769	0.0967742	3.85715	0.933181	0.373272	1	0	0	0	0	0	0	0	0	
0.778	0.259259	-1.35769	0.0967742	3.85715	0.933181	0.373272	1	0	0	0	0	0	0	0	0	
0.779	0.259259	-1.35769	0.0967742	3.85715	0.933181	0.373272	1	0	0	0	0	0	0	0	0	
0.78	0.259259	-1.35769	0.0967742	3.85715	0.933181	0.373272	1	0	0	0	0	0	0	0	0	
0.781	0.259259	-1.35769	0.0967742	3.85715	0.933181	0.373272	1	0	0	0	0	0	0	0	0	
0.782	0.259259	-1.35769	0.0967742	3.85715	0.933181	0.373272	1	0	0	0	0	0	0	0	0	
0.783	0.259259	-1.35769	0.0967742	3.85715	0.933181	0.373272	1	0	0	0	0	0	0	0	0	
0.784	0.259259	-1.35769	0.0967742	3.85715	0.933181	0.373272	1	0	0	0	0	0	0	0	0	
0.785	0.259259	-1.35769	0.0967742	3.85715	0.933181	0.373272	1	0	0	0	0	0	0	0	0	
0.786	0.259259	-1.35769	0.0967742	3.85715	0.933181	0.373272	1	0	0	0	0	0	0	0	0	
0.787	0.259259	-1.35769	0.0967742	3.85715	0.933181	0.373272	1	0	0	0	0	0	0	0	0	
0.788	0.259259	-1.35769	0.0967742	3.85715	0.933181	0.373272	1	0	0	0	0	0	0	0	0	
0.789	0.259259	-1.35769	0.0967742	3.85715	0.933181	0.373272	1	0	0	0	0	0	0	0	0	
0.79	0.259259	-1.35769	0.0967742	3.85715	0.933181	0.373272	1	0	0	0	0	0	0	0	0	
0.791	0.259259	-1.35769	0.0967742	3.85715	0.933181	0.373272	1	0	0	0	0	0	0	0	0	
0.792	0.259259	-1.35769	0.0967742	3.85715	0.933181	0.373272	1	0	0	0	0	0	0	0	0	
0.793	0.259259	-1.35769	0.0967742	3.85715	0.933181	0.373272	1	0	0	0	0	0	0	0	0	
0.794	0.259259	-1.35769	0.0967742	3.85715	0.933181	0.373272	1	0	0	0	0	0	0	0	0	
0.795	0.259259	-1.35769	0.0967742	3.85715	0.933181	0.373272	1	0	0	0	0	0	0	0	0	
0.796	0.259259	-1.35769	0.0967742	3.85715	0.933181	0.373272	1	0	0	0	0	0	0	0	0	
0.797	0.259259	-1.35769	0.0967742	3.85715	0.933181	0.373272	1	0	0	0	0	0	0	0	0	
0.798	0.259259	-1.35769	0.0967742	3.85715	0.933181	0.373272	1	0	0	0	0	0	0	0	0	
0.799	0.259259	-1.35769	0.0967742	3.85715	0.933181	0.373272	1	0	0	0	0	0	0	0	0	
0.8	0.259259	-1.35769	0.0967742	3.85715	0.933181	0.373272	1	0	0	0	0	0	0	0	0	
0.801	0.259259	-1.35769	0.0967742	3.85715	0.933181	0.373272	1	0	0	0	0	0	0	0	0	
0.802	0.259259	-1.35769	0.0967742	3.85715	0.933181	0.373272	1	0	0	0	0	0	0	0	0	
0.803	0.259259	-1.35769	0.0967742	3.85715	0.933181	0.373272	1	0	0	0	0	0	0	0	0	
0.804	0.259259	-1.35769	0.0967742	3.85715	0.933181	0.373272	1	0	0	0	0	0	0	0	0	
0.805	0.259259	-1.35769	0.0967742	3.85715	0.933181	0.373272	1	0	0	0	0	0	0	0	0	
0.806	0.259259	-1.35769	0.0967742	3.85715	0.933181	0.373272	1	0	0	0	0	0	0	0	0	
0.807	0.259259	-1.35769	0.0967742	3.85715	0.933181	0.373272	1	0	0	0	0	0	0	0	0	
0.808	0.259259	-1.35769	0.0967742	3.85715	0.933181	0.373272	1	0	0	0	0	0	0	0	0	
0.809	0.259259	-1.35769	0.0967742	3.85715	0.933181	0.373272	1	0	0	0	0	0	0	0	0	
0.81	0.259259	-1.35769	0.0967742	3.85715	0.933181	0.373272	1	0	0	0	0	0	0	0	0	
0.811	0.259259	-1.35769	0.0967742	3.85715	0.933181	0.373272	1	0	0	0	0	0	0	0	0	
0.812	0.259259	-1.35769	0.0967742	3.85715	0.933181	0.373272	1	0	0	0	0	0	0	0	0	
0.813	0.259259	-1.35769	0.0967742	3.85715	0.933181	0.373272	1	0	0	0	0	0	0	0	0	
0.814	0.259259	-1.35769	0.0967742	3.85715	0.933181	0.373272	1	0	0	0	0	0	0	0	0	
0.815	0.259259	-1.35769	0.0967742	3.85715	0.933181	0.373272	1	0	0	0	0	0	0	0	0	
0.816	0.259259	-1.35769	0.0967742	3.85715	0.933181	0.373272	1	0	0	0	0	0	0	0	0	
0.817	0.259259	-1.35769	0.0967742	3.85715	0.933181	0.373272	1	0	0	0	0	0	0	0	0	
0.818	0.259259	-1.35769	0.0967742	3.85715	0.933181	0.373272	1	0	0	0	0	0	0	0	0	
0.819	0.259259	-1.35769	0.0967742	3.85715	0.933181	0.373272	1	0	0	0	0	0	0	0	0	
0.82	0.259259	-1.35769	0.0967742	3.85715	0.933181	0.373272	1	0	0	0	0	0	0	0	0	
0.821	0.259259	-1.35769	0.0967742	3.85715	0.933181	0.373272	1	0	0	0	0	0	0	0	0	
0.822	0.259259	-1.35769	0.0967742	3.85715	0.933181	0.373272	1	0	0	0	0	0	0	0	0	
0.823	0.259259	-1.35769	0.0967742	3.85715	0.933181	0.373272	1	0	0	0	0	0	0	0	0	
0.824	0.259259	-1.35769	0.0967742	3.85715	0.933181	0.373272	1	0	0	0	0	0	0	0	0	
0.825	0.259259	-1.35769	0.0967742	3.85715	0.933181	0.373272	1	0	0	0	0	0	0	0	0	
0.826	0.259259	-1.35769	0.0967742	3.85715	0.933181	0.373272	1	0	0	0	0	0	0	0	0	
0.827	0.259259	-1.35769	0.0967742	3.85715	0.933181	0.373272	1	0	0	0	0	0	0	0	0	
0.828	0.259259	-1.35769	0.0967742	3.85715	0.933181	0.373272	1	0	0	0	0	0	0	0	0	
0.829	0.259259	-1.35769	0.0967742	3.85715	0.933181	0.373272	1	0	0	0	0	0	0	0	0	
0.83	0.259259	-1.35769	0.0967742	3.85715	0.933181	0.373272	1	0	0	0	0	0	0	0	0	
0.831	0.259259	-1.35769	0.0967742	3.85715	0.933181	0.373272	1	0	0	0	0	0	0	0	0	
0.832	0.259259	-1.35769	0.0967742	3.85715	0.933181	0.373272	1	0	0	0	0	0	0	0	0	
0.833	0.259259	-1.35769	0.0967742	3.85715	0.933181	0.373272	1	0	0	0	0	0	0	0	0	
0.834	0.259259	-1.35769	0.0967742	3.85715	0.933181	0.373272	1	0	0	0	0	0	0	0	0	
0.835	0.259259	-1.35769	0.0967742	3.85715	0.933181	0.373272	1	0	0	0	0	0	0	0	0	
0.836	0.259259	-1.35769	0.0967742	3.85715	0.933181	0.373272	1	0	0	0	0	0	0	0	0	
0.837	0.259259	-1.35769	0.0967742	3.85715	0.933181	0.373272	1	0	0	0	0	0	0	0	0	
0.838	0.259259	-1.35769	0.0967742	3.85715	0.933181	0.373272	1	0	0	0	0	0	0	0	0	
0.839	0.259259	-1.35769	0.0967742	3.85715	0.933181	0.373272	1	0	0	0	0	0	0	0	0	
0.84	0.259259	-1.35769	0.0967742	3.85715	0.933181	0.373272	1	0	0	0	0	0	0	0	0	
0.841	0.259259	-1.35769	0.0967742	3.85715	0.933181	0.373272	1	0	0	0	0	0	0	0	0	
0.842	0.259259	-1.35769	0.0967742	3.85715	0.933181	0.373272	1	0	0	0	0	0	0	0	0	
0.843	0.259259	-1.35769	0.0967742	3.85715	0.933181	0.373272	1	0	0	0	0	0	0	0	0	
0.844	0.259259	-1.35769	0.0967742	3.85715	0.933181	0.373272	1	0	0	0	0	0	0	0	0	
0.845	0.259259	-1.35769	0.0967742	3.85715	0.933181	0.373272	1	0	0	0	0	0	0	0	0	
0.846	0.259259	-1.35769	0.0967742	3.85715	0.933181	0.373272	1	0	0	0	0	0	0	0	0	
0.847	0.259259	-1.35769	0.0967742	3.85715	0.933181	0.373272	1	0	0	0	0	0	0	0	0	
0.848	0.259259	-1.35769	0.0967742	3.85715	0.933181	0.373272	1	0	0	0	0	0	0	0	0	
0.849	0.259259	-1.35769	0.0967742	3.85715	0.933181	0.373272	1	0	0	0	0	0	0	0	0	
0.85	0.259259	-1.35769	0.0967742	3.85715	0.933181	0.373272	1	0	0	0	0	0	0	0	0	
0.851	0.259259	-1.35769	0.0967742	3.85715	0.933181	0.373272	1	0	0	0	0	0	0	0	0	
0.852	0.259259	-1.35769	0.0967742	3.85715	0.933181	0.373272	1	0	0	0	0	0	0	0	0	
0.853	0.259259	-1.35769	0.0967742	3.85715	0.933181	0.373272	1	0	0	0	0	0	0	0	0	
0.854	0.259259	-1.35769	0.0967742	3.85715	0.933181	0.373272	1	0	0	0	0	0	0	0	0	
0.855	0.259259	-1.35769	0.0967742	3.85715	0.933181	0.373272	1	0	0	0	0	0	0	0	0	
0.856	0.259259	-1.35769	0.0967742	3.85715	0.933181	0.373272	1	0	0	0	0	0	0	0	0	
0.857	0.259259	-1.35769	0.0967742	3.85715	0.933181	0.373272	1	0	0	0	0	0	0	0	0	
0.858	0.259259	-1.35769	0.0967742	3.85715	0.933181	0.373272	1	0	0	0	0	0	0	0	0	
0.859	0.259259	-1.35769	0.0967742	3.85715	0.933181	0.373272	1	0	0	0	0	0	0	0	0	
0.86	0.259259	-1.35769	0.0967742	3.85715	0.933181	0.373272	1	0	0	0	0	0	0	0	0	
0.861	0.259259	-1.35769	0.0967742	3.85715	0.933181	0.373272	1	0	0	0	0	0	0	0	0	
0.862	0.259259	-1.35769	0.0967742	3.85715	0.933181	0.373272	1	0	0	0	0	0	0	0	0	
0.863	0.259259	-1.35769	0.0967742	3.85715	0.933181	0.373272	1	0	0	0	0	0	0	0	0	
0.864	0.259259	-1.35769	0.0967742	3.85715	0.933181	0.373272	1	0	0	0	0	0	0	0	0	
0.865	0.259259	-1.35769	0.0967742	3.85715	0.933181	0.373272	1	0	0	0	0	0	0	0	0	
0.866	0.259259	-1.35769	0.0967742	3.85715	0.933181	0.373272	1	0	0	0	0	0	0	0	0	
0.867	0.259259	-1.35769	0.0967742	3.85715	0.933181	0.373272	1	0	0	0	0	0	0	0	0	
0.868	0.259259	-1.35769	0.0967742	3.85715	0.933181	0.373272	1	0	0	0	0	0	0	0	0	
0.869	0.259259	-1.35769	0.0967742	3.85715	0.933181	0.373272	1	0	0	0	0	0	0	0	0	
0.87	0.259259	-1.35769	0.0967742	3.85715	0.933181	0.373272	1	0	0	0	0	0	0	0	0	
0.871	0.259259	-1.35769	0.0967742	3.85715	0.933181	0.373272	1	0	0	0	0	0	0	0	0	
0.872	0.259259	-1.35769	0.0967742	3.85715	0.933181	0.373272	1	0	0	0	0	0	0	0	0	
0.873	0.259259	-1.35769	0.0967742	3.85715	0.933181	0.373272	1	0	0	0	0	0	0	0	0	
0.874	0.259259	-1.35769	0.0967742	3.85715	0.933181	0.373272	1	0	0	0	0	0	0	0	0	
0.875	0.259259	-1.35769	0.0967742	3.85715	0.933181	0.373272	1	0	0	0	0	0	0	0	0	
0.876	0.259259	-1.35769	0.0967742	3.85715	0.933181	0.373272	1	0	0	0	0	0	0	0	0	
0.877	0.259259	-1.35769	0.0967742	3.85715	0.933181	0.373272	1	0	0	0	0	0	0	0	0	
0.878	0.259259	-1.35769	0.0967742	3.85715	0.933181	0.373272	1	0	0	0	0	0	0	0	0	
0.879	0.259259	-1.35769	0.0967742	3.85715	0.933181	0.373272	1	0	0	0	0	0	0	0	0	
0.88	0.259259	-1.35769	0.0967742	3.85715	0.933181	0.373272	1	0	0	0	0	0	0	0	0	
0.881	0.259259	-1.35769	0.0967742	3.85715	0.933181	0.373272	1	0	0	0	0	0	0	0	0	
0.882	0.259259	-1.35769	0.0967742	3.85715	0.933181	0.373272	1	0	0	0	0	0	0	0	0	
0.883	0.259259	-1.35769	0.0967742	3.85715	0.933181	0.373272	1	0	0	0	0	0	0	0	0	
0.884	0.259259	-1.35769	0.0967742	3.85715	0.933181	0.373272	1	0	0	0	0	0	0	0	0	
0.885	0.259259	-1.35769	0.0967742	3.85715	0.933181	0.373272	1	0	0	0	0	0	0	0	0	
0.886	0.259259	-1.35769	0.0967742	3.85715	0.933181	0.373272	1	0	0	0	0	0	0	0	0	
0.887	0.259259	-1.35769	0.0967742	3.85715	0.933181	0.373272	1	0	0	0	0	0	0	0	0	
0.888	0.259259	-1.35769	0.0967742	3.85715	0.933181	0.373272	1	0	0	0	0	0	0	0	0	
0.889	0.259259	-1.35769	0.0967742	3.85715	0.933181	0.373272	1	0	0	0	0	0	0	0	0	
0.89	0.259259	-1.35769	0.0967742	3.85715	0.933181	0.373272	1	0	0	0	0	0	0	0	0	
0.891	0.259259	-1.35769	0.0967742	3.85715	0.933181	0.373272	1	0	0	0	0	0	0	0	0	
0.892	0.259259	-1.35769	0.0967742	3.85715	0.933181	0.373272	1	0	0	0	0	0	0	0	0	
0.893	0.259259	-1.35769	0.0967742	3.85715	0.933181	0.373272	1	0	0	0	0	0	0	0	0	
0.894	0.259259	-1.35769	0.0967742	3.85715	0.933181	0.373272	1	0	0	0	0	0	0	0	0	
0.895	0.259259	-1.35769	0.0967742	3.85715	0.933181	0.373272	1	0	0	0	0	0	0	0	0	
0.896	0.259259	-1.35769	0.0967742	3.85715	0.933181	0.373272	1	0	0	0	0	0	0	0	0	
0.897	0.259259	-1.35769	0.0967742	3.85715	0.933181	0.373272	1	0	0	0	0	0	0	0	0	
0.898	0.259259	-1.35769	0.0967742	3.85715	0.933181	0.373272	1	0	0	0	0	0	0	0	0	
0.899	0.259259	-1.35769	0.0967742	3.85715	0.933181	0.373272	1	0	0	0	0	0	0	0	0	
0.9	0.259259	-1.35769	0.0967742	3.85715	0.933181	0.373272	1	0	0	0	0	0	0	0	0	
0.901	0.259259	-1.35769	0.0967742	3.85715	0.933181	0.373272	1	0	0	0	0	0	0	0	0	
0.902	0.259259	-1.35769	0.0967742	3.85715	0.933181	0.373272	1	0	0	0	0	0	0	0	0	
0.903	0.259259	-1.35769	0.0967742	3.85715	0.933181	0.373272	1	0	0	0	0	0	0	0	0	
0.904	0.259259	-1.35769	0.0967742	3.85715	0.933181	0.373272	1	0	0	0	0	0	0	0	0	
0.905	0.259259	-1.35769	0.0967742	3.85715	0.933181	0.373272	1	0	0	0	0	0	0	0	0	
0.906	0.259259	-1.35769	0.0967742	3.85715	0.933181	0.373272	1	0	0	0	0	0	0	0	0	
0.907	0.259259	-1.35769	0.0967742	3.85715	0.933181	0.373272	1	0	0	0	0	0	0	0	0	
0.908	0.259259	-1.35769	0.0967742	3.85715	0.933181	0.373272	1	0	0	0	0	0	0	0	0	
0.909	0.259259	-1.35769	0.0967742	3.85715	0.933181	0.373272	1	0	0	0	0	0	0	0	0	
0.91	0.259259	-1.35769	0.0967742	3.85715	0.933181	0.373272	1	0	0	0	0	0	0	0	0	
0.911	0.259259	-1.35769	0.0967742	3.85715	0.933181	0.373272	1	0	0	0	0	0	0	0	0	
0.912	0.259259	-1.35769	0.0967742	3.85715	0.933181	0.373272	1	0	0	0	0	0	0	0	0	
0.913	0.259259	-1.35769	0.0967742	3.85715	0.933181	0.373272	1	0	0	0	0	0	0	0	0	
0.914	0.259259	-1.35769	0.0967742	3.85715	0.933181	0.373272	1	0	0	0	0	0	0	0	0	
0.915	0.259259	-1.35769	0.0967742	3.85715	0.933181	0.373272	1	0	0	0	0	0	0	0	0	
0.916	0.259259	-1.35769	0.0967742	3.85715	0.933181	0.373272	1	0	0	0	0	0	0	0	0	
0.917	0.259259	-1.35769	0.0967742	3.85715	0.933181	0.373272	1	0	0	0	0	0	0	0	0	
0.918	0.259259	-1.35769	0.0967742	3.85715	0.933181	0.373272	1	0	0	0	0	0	0	0	0	
0.919	0.259259	-1.35769	0.0967742	3.85715	0.933181	0.373272	1	0	0	0	0	0	0	0	0	
0.92	0.259259	-1.35769	0.0967742	3.85715	0.933181	0.373272	1	0	0	0	0	0	0	0	0	
0.921	0.259259	-1.35769	0.0967742	3.85715	0.933181	0.373272	1	0	0	0	0	0	0	0	0	
0.922	0.259259	-1.35769	0.0967742	3.85715	0.933181	0.373272	1	0	0	0	0	0	0	0	0	
0.923	0.259259	-1.35769	0.0967742	3.85715	0.933181	0.373272	1	0	0	0	0	0	0	0	0	
0.924	0.259259	-1.35769	0.0967742	3.85715	0.933181	0.373272	1	0	0	0	0	0	0	0	0	
0.925	0.259259	-1.35769	0.0967742	3.85715	0.933181	0.373272	1	0	0	0	0	0	0	0	0	
0.926	0.259259	-1.35769	0.0967742	3.85715	0.933181	0.373272	1	0	0	0	0	0	0	0	0	
0.927	0.259259	-1.35769	0.0967742	3.85715	0.933181	0.373272	1	0	0	0	0	0	0	0	0	
0.928	0.259259	-1.35769	0.0967742	3.85715	0.933181	0.373272	1	0	0	0	0	0	0	0	0	
0.929	0.259259	-1.35769	0.0967742	3.85715	0.933181	0.373272	1	0	0	0	0	0	0	0	0	
0.93	0.259259	-1.35769	0.0967742	3.85715	0.933181	0.373272	1	0	0	0	0	0	0	0	0	
0.931	0.259259	-1.35769	0.0967742	3.85715	0.933181	0.373272	1	0	0	0	0	0	0	0	0	
0.932	0.259259	-1.35769	0.0967742	3.85715	0.933181	0.373272	1	0	0	0	0	0	0	0	0	
0.933	0.259259	-1.35769	0.0967742	3.85715	0.933181	0.373272	1	0	0	0	0	0	0	0	0	
0.934	0.259259	-1.35769	0.0967742	3.85715	0.933181	0.373272	1	0	0	0	0	0	0	0	0	
0.935	0.259259	-1.35769	0.0967742	3.85715	0.933181	0.373272	1	0	0	0	0	0	0	0	0	
0.936	0.259259	-1.35769	0.0967742	3.85715	0.933181	0.373272	1	0	0	0	0	0	0	0	0	
0.937	0.259259	-1.35769	0.0967742	3.85715	0.933181	0.373272	1	0	0	0	0	0	0	0	0	
0.938	0.259259	-1.35769	0.0967742	3.85715	0.933181	0.373272	1	0	0	0	0	0	0	0	0	
0.939	0.259259	-1.35769	0.0967742	3.85715	0.933181	0.373272	1	0	0	0	0	0	0	0	0	
0.94	0.259259	-1.35769	0.0967742	3.85715	0.933181	0.373272	1	0	0	0	0	0	0	0	0	
0.941	0.259259	-1.35769	0.0967742	3.85715	0.933181	0.373272	1	0	0	0	0	0	0	0	0	
0.942	0.259259	-1.35769	0.0967742	3.85715	0.933181	0.373272	1	0	0	0	0	0	0	0	0	
0.943	0.259259	-1.35769	0.0967742	3.85715	0.933181	0.373272	1	0	0	0	0	0	0	0	0	
0.944	0.259259	-1.35769	0.0967742	3.85715	0.933181	0.373272	1	0	0	0	0	0	0	0	0	
0.945	0.259259	-1.35769	0.0967742	3.85715	0.933181	0.373272	1	0	0	0	0	0	0	0	0	
0.946	0.259259	-1.35769	0.0967742	3.85715	0.933181	0.373272	1	0	0	0	0	0	0	0	0	
0.947	0.259259	-1.35769	0.0967742	3.85715	0.933181	0.373272	1	0	0	0	0	0	0	0	0	
0.948	0.259259	-1.35769	0.0967742	3.85715	0.933181	0.373272	1	0	0	0	0	0	0	0	0	
0.949	0.259259	-1.35769	0.0967742	3.85715	0.933181	0.373272	1	0	0	0	0	0	0	0	0	
0.95	0.259259	-1.35769	0.0967742	3.85715	0.933181	0.373272	1	0	0	0	0	0	0	0	0	
0.951	0.259259	-1.35769	0.0967742	3.85715	0.933181	0.373272	1	0	0	0	0	0	0	0	0	
0.952	0.259259	-1.35769	0.0967742	3.85715	0.933181	0.373272	1	0	0	0	0	0	0	0	0	
0.953	0.259259	-1.35769	0.0967742	3.85715	0.933181	0.373272	1	0	0	0	0	0	0	0	0	
0.954	0.259259	-1.35769	0.0967742	3.85715	0.933181	0.373272	1	0	0	0	0	0	0	0	0	
0.955	0.259259	-1.35769	0.0967742	3.85715	0.933181	0.373272	1	0	0	0	0	0	0	0	0	
0.956	0.259259	-1.35769	0.0967742	3.85715	0.933181	0.373272	1	0	0	0	0	0	0	0	0	
0.957	0.259259	-1.35769	0.0967742	3.85715	0.933181	0.373272	1	0	0	0	0	0	0	0	0	
0.958	0.259259	-1.35769	0.0967742	3.85715	0.933181	0.373272	1	0	0	0	0	0	0	0	0	
0.959	0.259259	-1.35769	0.0967742	3.85715	0.933181	0.373272	1	0	0	0	0	0	0	0	0	
0.96	0.259259	-1.35769	0.0967742	3.85715	0.933181	0.373272	1	0	0	0	0	0	0	0	0	
0.961	0.259259	-1.35769	0.0967742	3.85715	0.933181	0.373272	1	0	0	0	0	0	0	0	0	
0.962	0.259259	-1.35769	0.0967742	3.85715	0.933181	0.373272	1	0	0	0	0	0	0	0	0	
0.963	0.259259	-1.35769	0.0967742	3.85715	0.933181	0.373272	1	0	0	0	0	0	0	0	0	
0.964	0.259259	-1.35769	0.0967742	3.85715	0.933181	0.373272	1	0	0	0	0	0	0	0	0	
0.965	0.259259	-1.35769	0.0967742	3.85715	0.933181	0.373272	1	0	0	0	0	0	0	0	0	
0.966	0.259259	-1.35769	0.0967742	3.85715	0.933181	0.373272	1	0	0	0	0	0	0	0	0	
0.967	0.259259	-1.35769	0.0967742	3.85715	0.933181	0.373272	1	0	0	0	0	0	0	0	0	
0.968	0.259259	-1.35769	0.0967742	3.85715	0.933181	0.373272	1	0	0	0	0	0	0	0	0	
0.969	0.259259	-1.35769	0.0967742	3.85715	0.933181	0.373272	1	0	0	0	0	0	0	0	0	
0.97	0.259259	-1.35769	0.0967742	3.85715	0.933181	0.373272	1	0	0	0	0	0	0	0	0	
0.971	0.259259	-1.35769	0.0967742	3.85715	0.933181	0.373272	1	0	0	0	0	0	0	0	0	
0.972	0.259259	-1.35769	0.0967742	3.85715	0.933181	0.373272	1	0	0	0	0	0	0	0	0	
0.973	0.259259	-1.35769	0.0967742	3.85715	0.933181	0.373272	1	0	0	0	0	0	0	0	0	
0.974	0.259259	-1.35769	0.0967742	3.85715	0.933181	0.373272	1	0	0	0	0	0	0	0	0	
0.975	0.259259	-1.35769	0.0967742	3.85715	0.933181	0.373272	1	0	0	0	0	0	0	0	0	
0.976	0.259259	-1.35769	0.0967742	3.85715	0.933181	0.373272	1	0	0	0	0	0	0	0	0	
0.977	0.259259	-1.35769	0.0967742	3.85715	0.933181	0.373272	1	0	0	0	0	0	0	0	0	
0.978	0.259259	-1.35769	0.0967742	3.85715	0.933181	0.373272	1	0	0	0	0	0	0	0	0	
0.979	0.259259	-1.35769	0.0967742	3.85715	0.933181	0.373272	1	0	0	0	0	0	0	0	0	
0.98	0.259259	-1.35769	0.0967742	3.85715	0.933181	0.373272	1	0	0	0	0	0	0	0	0	
0.981	0.259259	-1.35769	0.0967742	3.85715	0.933181	0.373272	1	0	0	0	0	0	0	0	0	
0.982	0.259259	-1.35769	0.0967742	3.85715	0.933181	0.373272	1	0	0	0	0	0	0	0	0	
0.983	0.259259	-1.35769	0.0967742	3.85715	0.933181	0.373272	1	0	0	0	0	0	0	0	0	
0.984	0.259259	-1.35769	0.0967742	3.85715	0.933181	0.373272	1	0	0	0	0	0	0	0	0	
0.985	0.259259	-1.35769	0.0967742	3.85715	0.933181	0.373272	1	0	0	0	0	0	0	0	0	
0.986	0.259259	-1.35769	0.0967742	3.85715	0.933181	0.373272	1	0	0	0	0	0	0	0	0	
0.987	0.259259	-1.35769	0.0967742	3.85715	0.933181	0.373272	1	0	0	0	0	0	0	0	0	
0.988	0.259259	-1.35769	0.0967742	3.85715	0.933181	0.373272	1	0	0	0	0	0	0	0	0	
0.989	0.259259	-1.35769	0.0967742	3.85715	0.933181	0.373272	1	0	0	0	0	0	0	0	0	
0.99	0.259259	-1.35769	0.0967742	3.85715	0.933181	0.373272	1	0	0	0	0	0	0	0	0	
0.991	0.259259	-1.35769	0.0967742	3.85715	0.933181	0.373272	1	0	0	0	0	0	0	0	0	
0.992	0.259259	-1.35769	0.0967742	3.85715	0.933181	0.373272	1	0	0	0	0	0	0	0	0	
0.993	0.259259	-1.35769	0.0967742	3.85715	0.933181	0.373272	1	0	0	0	0	0	0	0	0	
0.994	0.259259	-1.35769	0.0967742	3.85715	0.933181	0.373272	1	0	0	0	0	0	0	0	0	
0.995	0.259259	-1.35769	0.0967742	3.85715	0.933181	0.373272	1	0	0	0	0	0	0	0	0	
0.996	0.259259	-1.35769	0.0967742	3.85715	0.933181	0.373272	1	0	0	0	0	0	0	0	0	
0.997	0.259259	-1.35769	0.0967742	3.85715	0.933181	0.373272	1	0	0	0	0	0	0	0	0	
0.998	0.259259	-1.35769	0.0967742	3.85715	0.933181	0.373272	1	0	0	0	0	0	0	0	0	
0.999	0.259259	-1.35769	0.0967742	3.85715	0.933181	0.373272	1	0	0	0	0	0	0	0	0	
1	0.259259	-1.35769	0.0967742	3.85715	0.933181	0.373272	1	0	0	0	0	0	0	0	0	
