|||||||||||||||||||||||||||||||||***SIMULATION: detonation***||||||||||||||||||||||||||||||||||
Sanpshot time = 1.2. Timestep = 2735. Run time = 4 seconds
No. of cells = 1000
#Position	 Density	 Velocity	 Pressure	 Specific_Volume I_Energy	 Temperature	 Species
-0.001	0.74016	0.0010675	1.89232	1.35106	6.39158	0	9.32503e-08	0	0	0	0	0	0	0	0	
0	0.740103	0.000357437	1.89235	1.35116	6.39217	0	9.65529e-08	0	0	0	0	0	0	0	0	
0.001	0.740103	-0.000357437	1.89235	1.35116	6.39217	2.55687	9.65529e-08	0	0	0	0	0	0	0	0	
0.002	0.74016	-0.0010675	1.89232	1.35106	6.39158	2.55663	9.32503e-08	0	0	0	0	0	0	0	0	
0.003	0.738896	-0.00177464	1.89226	1.35337	6.40233	2.56093	9.90418e-08	0	0	0	0	0	0	0	0	
0.004	0.739871	-0.00247693	1.89219	1.35159	6.39364	2.55746	9.80239e-08	0	0	0	0	0	0	0	0	
0.005	0.737374	-0.0031732	1.89209	1.35616	6.41497	2.56599	9.74584e-08	0	0	0	0	0	0	0	0	
0.006	0.73576	-0.00386204	1.89198	1.35914	6.42864	2.57146	8.84429e-08	0	0	0	0	0	0	0	0	
0.007	0.736044	-0.00454229	1.89184	1.35861	6.4257	2.57028	9.26336e-08	0	0	0	0	0	0	0	0	
0.008	0.737294	-0.00521305	1.89168	1.35631	6.41428	2.56571	9.27066e-08	0	0	0	0	0	0	0	0	
0.009	0.738949	-0.00587365	1.89151	1.35327	6.39933	2.55973	9.19923e-08	0	0	0	0	0	0	0	0	
0.01	0.740706	-0.00652365	1.89133	1.35006	6.38353	2.55341	8.98444e-08	0	0	0	0	0	0	0	0	
0.011	0.742313	-0.0071629	1.89113	1.34714	6.36903	2.54761	9.67846e-08	0	0	0	0	0	0	0	0	
0.012	0.743707	-0.00779153	1.89092	1.34462	6.35639	2.54256	9.41469e-08	0	0	0	0	0	0	0	0	
0.013	0.744845	-0.00840994	1.8907	1.34256	6.34594	2.53838	9.41879e-08	0	0	0	0	0	0	0	0	
0.014	0.745669	-0.00901879	1.89047	1.34108	6.33817	2.53527	9.26185e-08	0	0	0	0	0	0	0	0	
0.015	0.746211	-0.00961903	1.89023	1.3401	6.33278	2.53311	9.68131e-08	0	0	0	0	0	0	0	0	
0.016	0.746551	-0.0102118	1.88999	1.33949	6.32908	2.53163	9.58693e-08	0	0	0	0	0	0	0	0	
0.017	0.746734	-0.0107984	1.88974	1.33917	6.3267	2.53068	9.46896e-08	0	0	0	0	0	0	0	0	
0.018	0.746783	-0.0113803	1.88949	1.33908	6.32543	2.53017	9.60574e-08	0	0	0	0	0	0	0	0	
0.019	0.746735	-0.0119593	1.88923	1.33916	6.32496	2.52999	9.46679e-08	0	0	0	0	0	0	0	0	
0.02	0.746638	-0.0125368	1.88896	1.33934	6.3249	2.52996	9.22932e-08	0	0	0	0	0	0	0	0	
0.021	0.746531	-0.0131149	1.88869	1.33953	6.32489	2.52995	9.04308e-08	0	0	0	0	0	0	0	0	
0.022	0.746443	-0.0136952	1.88841	1.33969	6.32469	2.52988	8.99226e-08	0	0	0	0	0	0	0	0	
0.023	0.74639	-0.0142795	1.88812	1.33978	6.32417	2.52967	9.10316e-08	0	0	0	0	0	0	0	0	
0.024	0.74638	-0.0148697	1.88782	1.3398	6.32324	2.5293	9.33421e-08	0	0	0	0	0	0	0	0	
0.025	0.746417	-0.0154675	1.88751	1.33973	6.32189	2.52876	9.52634e-08	0	0	0	0	0	0	0	0	
0.026	0.746497	-0.0160746	1.88718	1.33959	6.32012	2.52805	9.46484e-08	0	0	0	0	0	0	0	0	
0.027	0.746614	-0.0166926	1.88684	1.33938	6.31801	2.5272	9.2541e-08	0	0	0	0	0	0	0	0	
0.028	0.746756	-0.0173231	1.88649	1.33913	6.31563	2.52625	9.36035e-08	0	0	0	0	0	0	0	0	
0.029	0.746912	-0.0179675	1.88613	1.33885	6.31308	2.52523	9.48142e-08	0	0	0	0	0	0	0	0	
0.03	0.747071	-0.0186268	1.88574	1.33856	6.31046	2.52418	9.25976e-08	0	0	0	0	0	0	0	0	
0.031	0.747222	-0.0193022	1.88534	1.33829	6.30784	2.52314	9.10969e-08	0	0	0	0	0	0	0	0	
0.032	0.74736	-0.0199942	1.88493	1.33804	6.30529	2.52211	9.12247e-08	0	0	0	0	0	0	0	0	
0.033	0.747485	-0.0207033	1.88449	1.33782	6.30277	2.52111	9.28547e-08	0	0	0	0	0	0	0	0	
0.034	0.747606	-0.0214294	1.88404	1.3376	6.30025	2.5201	9.35123e-08	0	0	0	0	0	0	0	0	
0.035	0.74773	-0.0221722	1.88357	1.33738	6.29762	2.51905	9.12867e-08	0	0	0	0	0	0	0	0	
0.036	0.747869	-0.022931	1.88308	1.33713	6.29482	2.51793	8.95012e-08	0	0	0	0	0	0	0	0	
0.037	0.748029	-0.0237044	1.88258	1.33685	6.29179	2.51671	8.8591e-08	0	0	0	0	0	0	0	0	
0.038	0.748214	-0.0244909	1.88205	1.33652	6.28848	2.51539	8.86156e-08	0	0	0	0	0	0	0	0	
0.039	0.748424	-0.0252885	1.88151	1.33614	6.28491	2.51396	8.94695e-08	0	0	0	0	0	0	0	0	
0.04	0.748659	-0.0260947	1.88095	1.33572	6.28108	2.51243	9.09057e-08	0	0	0	0	0	0	0	0	
0.041	0.748916	-0.026907	1.88038	1.33526	6.27701	2.51081	9.24988e-08	0	0	0	0	0	0	0	0	
0.042	0.749195	-0.0277225	1.8798	1.33477	6.27272	2.50909	9.36413e-08	0	0	0	0	0	0	0	0	
0.043	0.749495	-0.028538	1.8792	1.33423	6.26822	2.50729	9.38428e-08	0	0	0	0	0	0	0	0	
0.044	0.749815	-0.0293505	1.87859	1.33366	6.26352	2.50541	9.34375e-08	0	0	0	0	0	0	0	0	
0.045	0.750154	-0.0301569	1.87798	1.33306	6.25865	2.50346	9.36342e-08	0	0	0	0	0	0	0	0	
0.046	0.750508	-0.0309539	1.87737	1.33243	6.25365	2.50146	9.44339e-08	0	0	0	0	0	0	0	0	
0.047	0.75087	-0.0317386	1.87675	1.33179	6.24859	2.49944	9.39673e-08	0	0	0	0	0	0	0	0	
0.048	0.75123	-0.0325084	1.87614	1.33115	6.24356	2.49742	9.33315e-08	0	0	0	0	0	0	0	0	
0.049	0.75158	-0.0332605	1.87554	1.33053	6.23865	2.49546	9.36548e-08	0	0	0	0	0	0	0	0	
0.05	0.751909	-0.0339929	1.87495	1.32995	6.23395	2.49358	9.47983e-08	0	0	0	0	0	0	0	0	
0.051	0.752213	-0.0347036	1.87437	1.32941	6.22952	2.49181	9.68721e-08	0	0	0	0	0	0	0	0	
0.052	0.752493	-0.0353909	1.87382	1.32892	6.22537	2.49015	9.81932e-08	0	0	0	0	0	0	0	0	
0.053	0.752755	-0.0360538	1.87329	1.32845	6.22144	2.48858	9.85747e-08	0	0	0	0	0	0	0	0	
0.054	0.753012	-0.0366911	1.87279	1.328	6.21766	2.48707	9.80472e-08	0	0	0	0	0	0	0	0	
0.055	0.753277	-0.0373025	1.87232	1.32753	6.21391	2.48556	9.6603e-08	0	0	0	0	0	0	0	0	
0.056	0.753567	-0.0378876	1.87188	1.32702	6.21007	2.48403	9.44819e-08	0	0	0	0	0	0	0	0	
0.057	0.753893	-0.0384465	1.87148	1.32645	6.20606	2.48242	9.26891e-08	0	0	0	0	0	0	0	0	
0.058	0.75426	-0.0389793	1.87112	1.3258	6.20183	2.48073	9.24674e-08	0	0	0	0	0	0	0	0	
0.059	0.754667	-0.0394868	1.87079	1.32509	6.1974	2.47896	9.33649e-08	0	0	0	0	0	0	0	0	
0.06	0.755108	-0.0399695	1.8705	1.32431	6.19282	2.47713	9.35667e-08	0	0	0	0	0	0	0	0	
0.061	0.755575	-0.0404285	1.87025	1.32349	6.18816	2.47526	9.32462e-08	0	0	0	0	0	0	0	0	
0.062	0.756057	-0.0408648	1.87003	1.32265	6.18351	2.4734	9.31753e-08	0	0	0	0	0	0	0	0	
0.063	0.756545	-0.0412796	1.86985	1.3218	6.17893	2.47157	9.32011e-08	0	0	0	0	0	0	0	0	
0.064	0.75703	-0.0416744	1.86971	1.32095	6.17448	2.46979	9.28557e-08	0	0	0	0	0	0	0	0	
0.065	0.75751	-0.0420506	1.86959	1.32011	6.17019	2.46808	9.33472e-08	0	0	0	0	0	0	0	0	
0.066	0.757982	-0.0424098	1.86951	1.31929	6.16607	2.46643	9.46376e-08	0	0	0	0	0	0	0	0	
0.067	0.758449	-0.0427535	1.86945	1.31848	6.16208	2.46483	9.5517e-08	0	0	0	0	0	0	0	0	
0.068	0.758914	-0.0430833	1.86942	1.31767	6.1582	2.46328	9.60623e-08	0	0	0	0	0	0	0	0	
0.069	0.759383	-0.0434009	1.86941	1.31686	6.15438	2.46175	9.63693e-08	0	0	0	0	0	0	0	0	
0.07	0.759862	-0.0437078	1.86942	1.31603	6.15054	2.46022	9.62408e-08	0	0	0	0	0	0	0	0	
0.071	0.760357	-0.0440056	1.86946	1.31517	6.14665	2.45866	9.53186e-08	0	0	0	0	0	0	0	0	
0.072	0.760871	-0.0442959	1.86951	1.31428	6.14266	2.45706	9.3786e-08	0	0	0	0	0	0	0	0	
0.073	0.761406	-0.04458	1.86957	1.31336	6.13856	2.45542	9.26442e-08	0	0	0	0	0	0	0	0	
0.074	0.761961	-0.0448592	1.86965	1.3124	6.13435	2.45374	9.30118e-08	0	0	0	0	0	0	0	0	
0.075	0.762535	-0.0451347	1.86975	1.31142	6.13004	2.45202	9.44373e-08	0	0	0	0	0	0	0	0	
0.076	0.763122	-0.0454075	1.86985	1.31041	6.12567	2.45027	9.53073e-08	0	0	0	0	0	0	0	0	
0.077	0.763718	-0.0456783	1.86997	1.30938	6.12127	2.44851	9.51982e-08	0	0	0	0	0	0	0	0	
0.078	0.764319	-0.0459479	1.87009	1.30835	6.11687	2.44675	9.4195e-08	0	0	0	0	0	0	0	0	
0.079	0.764918	-0.0462167	1.87023	1.30733	6.1125	2.445	9.32523e-08	0	0	0	0	0	0	0	0	
0.08	0.765515	-0.0464849	1.87036	1.30631	6.10819	2.44328	9.3448e-08	0	0	0	0	0	0	0	0	
0.081	0.766106	-0.0467528	1.87051	1.3053	6.10394	2.44158	9.45148e-08	0	0	0	0	0	0	0	0	
0.082	0.766695	-0.0470204	1.87065	1.3043	6.09973	2.43989	9.53685e-08	0	0	0	0	0	0	0	0	
0.083	0.767284	-0.0472877	1.8708	1.3033	6.09552	2.43821	9.59788e-08	0	0	0	0	0	0	0	0	
0.084	0.767879	-0.0475547	1.87094	1.30229	6.09127	2.43651	9.61729e-08	0	0	0	0	0	0	0	0	
0.085	0.768488	-0.0478211	1.87109	1.30126	6.08691	2.43477	9.57467e-08	0	0	0	0	0	0	0	0	
0.086	0.769117	-0.048087	1.87123	1.30019	6.08239	2.43296	9.48431e-08	0	0	0	0	0	0	0	0	
0.087	0.769772	-0.0483521	1.87137	1.29909	6.07766	2.43107	9.41559e-08	0	0	0	0	0	0	0	0	
0.088	0.770457	-0.0486164	1.8715	1.29793	6.0727	2.42908	9.42436e-08	0	0	0	0	0	0	0	0	
0.089	0.771169	-0.0488796	1.87163	1.29673	6.0675	2.427	9.45497e-08	0	0	0	0	0	0	0	0	
0.09	0.771904	-0.0491416	1.87175	1.2955	6.06211	2.42484	9.43927e-08	0	0	0	0	0	0	0	0	
0.091	0.772654	-0.0494022	1.87186	1.29424	6.05659	2.42264	9.44388e-08	0	0	0	0	0	0	0	0	
0.092	0.773409	-0.0496613	1.87197	1.29298	6.05102	2.42041	9.47721e-08	0	0	0	0	0	0	0	0	
0.093	0.774161	-0.0499189	1.87206	1.29172	6.04547	2.41819	9.51564e-08	0	0	0	0	0	0	0	0	
0.094	0.774902	-0.050175	1.87216	1.29049	6.03998	2.41599	9.58019e-08	0	0	0	0	0	0	0	0	
0.095	0.775628	-0.0504296	1.87224	1.28928	6.03459	2.41384	9.63121e-08	0	0	0	0	0	0	0	0	
0.096	0.776337	-0.0506827	1.87232	1.2881	6.02933	2.41173	9.65148e-08	0	0	0	0	0	0	0	0	
0.097	0.777025	-0.0509347	1.87239	1.28696	6.02421	2.40969	9.62127e-08	0	0	0	0	0	0	0	0	
0.098	0.777691	-0.0511854	1.87245	1.28586	6.01927	2.40771	9.61345e-08	0	0	0	0	0	0	0	0	
0.099	0.77833	-0.0514352	1.87251	1.2848	6.01452	2.40581	9.57358e-08	0	0	0	0	0	0	0	0	
0.1	0.778939	-0.0516841	1.87257	1.2838	6.00999	2.404	9.42774e-08	0	0	0	0	0	0	0	0	
0.101	0.779515	-0.0519319	1.87262	1.28285	6.00571	2.40229	9.3004e-08	0	0	0	0	0	0	0	0	
0.102	0.780055	-0.0521788	1.87266	1.28196	6.00171	2.40068	9.33052e-08	0	0	0	0	0	0	0	0	
0.103	0.780558	-0.0524247	1.87271	1.28113	5.99798	2.39919	9.4919e-08	0	0	0	0	0	0	0	0	
0.104	0.781024	-0.0526695	1.87275	1.28037	5.99452	2.39781	9.60577e-08	0	0	0	0	0	0	0	0	
0.105	0.781453	-0.0529133	1.87278	1.27967	5.99135	2.39654	9.59716e-08	0	0	0	0	0	0	0	0	
0.106	0.781845	-0.0531558	1.87282	1.27903	5.98845	2.39538	9.52615e-08	0	0	0	0	0	0	0	0	
0.107	0.782202	-0.0533972	1.87285	1.27844	5.98582	2.39433	9.51487e-08	0	0	0	0	0	0	0	0	
0.108	0.782525	-0.0536372	1.87288	1.27791	5.98344	2.39338	9.50717e-08	0	0	0	0	0	0	0	0	
0.109	0.782815	-0.0538758	1.8729	1.27744	5.98131	2.39252	9.43676e-08	0	0	0	0	0	0	0	0	
0.11	0.783075	-0.0541127	1.87293	1.27702	5.9794	2.39176	9.3545e-08	0	0	0	0	0	0	0	0	
0.111	0.783307	-0.0543474	1.87295	1.27664	5.97771	2.39108	9.35197e-08	0	0	0	0	0	0	0	0	
0.112	0.783514	-0.0545796	1.87298	1.2763	5.9762	2.39048	9.34819e-08	0	0	0	0	0	0	0	0	
0.113	0.7837	-0.0548086	1.873	1.276	5.97486	2.38994	9.32098e-08	0	0	0	0	0	0	0	0	
0.114	0.783869	-0.055034	1.87303	1.27572	5.97366	2.38946	9.31668e-08	0	0	0	0	0	0	0	0	
0.115	0.784024	-0.0552549	1.87306	1.27547	5.97257	2.38903	9.32763e-08	0	0	0	0	0	0	0	0	
0.116	0.78417	-0.0554707	1.8731	1.27523	5.97159	2.38864	9.41065e-08	0	0	0	0	0	0	0	0	
0.117	0.784308	-0.0556805	1.87314	1.27501	5.97069	2.38827	9.53089e-08	0	0	0	0	0	0	0	0	
0.118	0.784442	-0.0558833	1.8732	1.27479	5.96986	2.38794	9.65623e-08	0	0	0	0	0	0	0	0	
0.119	0.784575	-0.0560778	1.87328	1.27458	5.96909	2.38763	9.67751e-08	0	0	0	0	0	0	0	0	
0.12	0.784709	-0.0562625	1.87337	1.27436	5.96837	2.38735	9.66676e-08	0	0	0	0	0	0	0	0	
0.121	0.784846	-0.0564357	1.87349	1.27414	5.96769	2.38708	9.67621e-08	0	0	0	0	0	0	0	0	
0.122	0.784989	-0.0565955	1.87363	1.2739	5.96706	2.38682	9.66727e-08	0	0	0	0	0	0	0	0	
0.123	0.785139	-0.0567397	1.8738	1.27366	5.96646	2.38658	9.65621e-08	0	0	0	0	0	0	0	0	
0.124	0.785295	-0.0568664	1.874	1.27341	5.96592	2.38637	9.58148e-08	0	0	0	0	0	0	0	0	
0.125	0.785458	-0.0569735	1.87424	1.27314	5.96544	2.38618	9.45934e-08	0	0	0	0	0	0	0	0	
0.126	0.785626	-0.057059	1.87452	1.27287	5.96506	2.38602	9.30129e-08	0	0	0	0	0	0	0	0	
0.127	0.785797	-0.0571208	1.87484	1.27259	5.96479	2.38592	9.24142e-08	0	0	0	0	0	0	0	0	
0.128	0.785969	-0.0571569	1.87521	1.27232	5.96466	2.38586	9.27973e-08	0	0	0	0	0	0	0	0	
0.129	0.78614	-0.0571652	1.87564	1.27204	5.9647	2.38588	9.36901e-08	0	0	0	0	0	0	0	0	
0.13	0.786311	-0.0571435	1.87611	1.27176	5.96491	2.38596	9.49945e-08	0	0	0	0	0	0	0	0	
0.131	0.786479	-0.0570896	1.87664	1.27149	5.96531	2.38612	9.55082e-08	0	0	0	0	0	0	0	0	
0.132	0.786646	-0.0570013	1.87722	1.27122	5.9659	2.38636	9.51242e-08	0	0	0	0	0	0	0	0	
0.133	0.786811	-0.0568769	1.87786	1.27095	5.96669	2.38668	9.45308e-08	0	0	0	0	0	0	0	0	
0.134	0.786976	-0.0567149	1.87856	1.27069	5.96767	2.38707	9.37867e-08	0	0	0	0	0	0	0	0	
0.135	0.787143	-0.0565143	1.87933	1.27042	5.96882	2.38753	9.33659e-08	0	0	0	0	0	0	0	0	
0.136	0.787312	-0.0562747	1.88015	1.27014	5.97015	2.38806	9.33825e-08	0	0	0	0	0	0	0	0	
0.137	0.787488	-0.0559963	1.88104	1.26986	5.97164	2.38866	9.40817e-08	0	0	0	0	0	0	0	0	
0.138	0.78767	-0.0556793	1.88199	1.26957	5.97327	2.38931	9.47e-08	0	0	0	0	0	0	0	0	
0.139	0.787861	-0.0553244	1.883	1.26926	5.97504	2.39002	9.46814e-08	0	0	0	0	0	0	0	0	
0.14	0.788062	-0.0549323	1.88407	1.26894	5.97692	2.39077	9.4359e-08	0	0	0	0	0	0	0	0	
0.141	0.788275	-0.0545039	1.88521	1.26859	5.97891	2.39156	9.39005e-08	0	0	0	0	0	0	0	0	
0.142	0.788499	-0.0540405	1.8864	1.26823	5.98098	2.39239	9.35863e-08	0	0	0	0	0	0	0	0	
0.143	0.788736	-0.0535438	1.88764	1.26785	5.98313	2.39325	9.3395e-08	0	0	0	0	0	0	0	0	
0.144	0.788983	-0.0530165	1.88893	1.26745	5.98535	2.39414	9.34078e-08	0	0	0	0	0	0	0	0	
0.145	0.78924	-0.0524616	1.89027	1.26704	5.98762	2.39505	9.3474e-08	0	0	0	0	0	0	0	0	
0.146	0.789507	-0.0518833	1.89164	1.26661	5.98995	2.39598	9.34573e-08	0	0	0	0	0	0	0	0	
0.147	0.789783	-0.0512859	1.89305	1.26617	5.9923	2.39692	9.30423e-08	0	0	0	0	0	0	0	0	
0.148	0.790069	-0.0506742	1.89448	1.26571	5.99465	2.39786	9.23105e-08	0	0	0	0	0	0	0	0	
0.149	0.790365	-0.050053	1.89592	1.26524	5.99697	2.39879	9.17131e-08	0	0	0	0	0	0	0	0	
0.15	0.790672	-0.0494271	1.89737	1.26475	5.99922	2.39969	9.13318e-08	0	0	0	0	0	0	0	0	
0.151	0.790989	-0.0488011	1.89881	1.26424	6.00136	2.40055	9.11436e-08	0	0	0	0	0	0	0	0	
0.152	0.791314	-0.0481795	1.90022	1.26372	6.00337	2.40135	9.12877e-08	0	0	0	0	0	0	0	0	
0.153	0.791644	-0.0475674	1.9016	1.26319	6.00523	2.40209	9.15912e-08	0	0	0	0	0	0	0	0	
0.154	0.791974	-0.0469701	1.90293	1.26267	6.00693	2.40277	9.16762e-08	0	0	0	0	0	0	0	0	
0.155	0.792295	-0.046393	1.9042	1.26216	6.00849	2.40339	9.14945e-08	0	0	0	0	0	0	0	0	
0.156	0.792601	-0.0458417	1.90539	1.26167	6.00992	2.40397	9.14094e-08	0	0	0	0	0	0	0	0	
0.157	0.792885	-0.0453219	1.90649	1.26122	6.01126	2.4045	9.15884e-08	0	0	0	0	0	0	0	0	
0.158	0.793137	-0.0448389	1.9075	1.26082	6.01252	2.40501	9.18056e-08	0	0	0	0	0	0	0	0	
0.159	0.793354	-0.044398	1.9084	1.26047	6.01372	2.40549	9.18563e-08	0	0	0	0	0	0	0	0	
0.16	0.793532	-0.0440047	1.9092	1.26019	6.01488	2.40595	9.18838e-08	0	0	0	0	0	0	0	0	
0.161	0.793668	-0.0436644	1.90989	1.25997	6.01602	2.40641	9.20717e-08	0	0	0	0	0	0	0	0	
0.162	0.793765	-0.0433823	1.91048	1.25982	6.01715	2.40686	9.23111e-08	0	0	0	0	0	0	0	0	
0.163	0.793825	-0.0431628	1.91098	1.25972	6.01828	2.40731	9.23072e-08	0	0	0	0	0	0	0	0	
0.164	0.793853	-0.0430081	1.91141	1.25968	6.01941	2.40776	9.19265e-08	0	0	0	0	0	0	0	0	
0.165	0.793854	-0.042918	1.91177	1.25968	6.02053	2.40821	9.14044e-08	0	0	0	0	0	0	0	0	
0.166	0.793836	-0.0428886	1.91209	1.25971	6.02167	2.40867	9.11205e-08	0	0	0	0	0	0	0	0	
0.167	0.793804	-0.0429124	1.91237	1.25976	6.02281	2.40912	9.12292e-08	0	0	0	0	0	0	0	0	
0.168	0.793767	-0.0429789	1.91265	1.25982	6.02396	2.40958	9.15547e-08	0	0	0	0	0	0	0	0	
0.169	0.793731	-0.043075	1.91293	1.25987	6.02512	2.41005	9.17715e-08	0	0	0	0	0	0	0	0	
0.17	0.793706	-0.043186	1.91325	1.25991	6.02631	2.41053	9.16352e-08	0	0	0	0	0	0	0	0	
0.171	0.793699	-0.0432955	1.91362	1.25992	6.02754	2.41102	9.11181e-08	0	0	0	0	0	0	0	0	
0.172	0.793721	-0.0433861	1.91408	1.25989	6.02883	2.41153	9.04611e-08	0	0	0	0	0	0	0	0	
0.173	0.793777	-0.0434385	1.91465	1.2598	6.0302	2.41208	9.00727e-08	0	0	0	0	0	0	0	0	
0.174	0.793877	-0.0434319	1.91536	1.25964	6.03166	2.41267	9.02915e-08	0	0	0	0	0	0	0	0	
0.175	0.794026	-0.0433448	1.91622	1.25941	6.03324	2.41329	9.11891e-08	0	0	0	0	0	0	0	0	
0.176	0.79423	-0.0431563	1.91725	1.25908	6.03494	2.41398	9.25606e-08	0	0	0	0	0	0	0	0	
0.177	0.794495	-0.0428474	1.91848	1.25866	6.03679	2.41471	9.40705e-08	0	0	0	0	0	0	0	0	
0.178	0.794829	-0.0424018	1.91992	1.25813	6.03878	2.41551	9.54238e-08	0	0	0	0	0	0	0	0	
0.179	0.795236	-0.0418064	1.92159	1.25749	6.04095	2.41638	9.64619e-08	0	0	0	0	0	0	0	0	
0.18	0.795723	-0.0410495	1.92351	1.25672	6.04328	2.41731	9.71669e-08	0	0	0	0	0	0	0	0	
0.181	0.79629	-0.0401196	1.92568	1.25582	6.04577	2.41831	9.76043e-08	0	0	0	0	0	0	0	0	
0.182	0.796941	-0.0390064	1.92809	1.2548	6.04842	2.41937	9.78277e-08	0	0	0	0	0	0	0	0	
0.183	0.797674	-0.0377035	1.93076	1.25364	6.05123	2.42049	9.78252e-08	0	0	0	0	0	0	0	0	
0.184	0.798493	-0.0362119	1.9337	1.25236	6.0542	2.42168	9.75388e-08	0	0	0	0	0	0	0	0	
0.185	0.7994	-0.0345391	1.9369	1.25094	6.05736	2.42294	9.69105e-08	0	0	0	0	0	0	0	0	
0.186	0.800396	-0.0326959	1.94039	1.24938	6.06071	2.42429	9.5911e-08	0	0	0	0	0	0	0	0	
0.187	0.801482	-0.0306946	1.94417	1.24769	6.06428	2.42571	9.45575e-08	0	0	0	0	0	0	0	0	
0.188	0.802658	-0.0285469	1.94824	1.24586	6.06808	2.42723	9.29265e-08	0	0	0	0	0	0	0	0	
0.189	0.803914	-0.0262574	1.95258	1.24391	6.0721	2.42884	9.11551e-08	0	0	0	0	0	0	0	0	
0.19	0.80524	-0.0238193	1.95716	1.24187	6.07632	2.43053	8.94174e-08	0	0	0	0	0	0	0	0	
0.191	0.806623	-0.0212258	1.96194	1.23974	6.08073	2.43229	8.78919e-08	0	0	0	0	0	0	0	0	
0.192	0.808065	-0.0184904	1.96694	1.23752	6.08533	2.43413	8.67287e-08	0	0	0	0	0	0	0	0	
0.193	0.809571	-0.0156407	1.97216	1.23522	6.09014	2.43606	8.60181e-08	0	0	0	0	0	0	0	0	
0.194	0.811138	-0.0126877	1.9776	1.23284	6.09516	2.43806	8.57764e-08	0	0	0	0	0	0	0	0	
0.195	0.812771	-0.00965144	1.98329	1.23036	6.1004	2.44016	8.59416e-08	0	0	0	0	0	0	0	0	
0.196	0.814432	-0.00649536	1.98908	1.22785	6.10574	2.4423	8.63842e-08	0	0	0	0	0	0	0	0	
0.197	0.816206	-0.00321355	1.99528	1.22518	6.11143	2.44457	8.69337e-08	0	0	0	0	0	0	0	0	
0.198	0.817985	-0.000428712	2.0015	1.22252	6.11715	2.44686	8.74235e-08	0	0	0	0	0	0	0	0	
0.199	0.820259	0.00532444	2.00942	1.21913	6.12434	2.44974	8.77409e-08	0	0	0	0	0	0	0	0	
0.2	0.823167	0.0109109	2.01953	1.21482	6.13342	2.45337	8.78615e-08	0	0	0	0	0	0	0	0	
0.201	0.826048	0.0162801	2.02956	1.21058	6.14239	2.45696	8.78468e-08	0	0	0	0	0	0	0	0	
0.202	0.828848	0.0215046	2.03934	1.20649	6.15111	2.46045	8.78127e-08	0	0	0	0	0	0	0	0	
0.203	0.831602	0.0266418	2.04896	1.2025	6.15968	2.46387	8.78741e-08	0	0	0	0	0	0	0	0	
0.204	0.834325	0.0317213	2.05849	1.19857	6.16813	2.46725	8.8085e-08	0	0	0	0	0	0	0	0	
0.205	0.837032	0.0367663	2.06798	1.1947	6.17652	2.47061	8.84048e-08	0	0	0	0	0	0	0	0	
0.206	0.839732	0.0417941	2.07745	1.19086	6.18486	2.47394	8.87139e-08	0	0	0	0	0	0	0	0	
0.207	0.842434	0.0468172	2.08694	1.18704	6.19318	2.47727	8.88726e-08	0	0	0	0	0	0	0	0	
0.208	0.845145	0.0518441	2.09647	1.18323	6.20151	2.4806	8.87934e-08	0	0	0	0	0	0	0	0	
0.209	0.847871	0.0568809	2.10606	1.17942	6.20986	2.48394	8.84869e-08	0	0	0	0	0	0	0	0	
0.21	0.850618	0.0619316	2.11573	1.17562	6.21823	2.48729	8.80554e-08	0	0	0	0	0	0	0	0	
0.211	0.853389	0.0669991	2.1255	1.1718	6.22664	2.49066	8.76386e-08	0	0	0	0	0	0	0	0	
0.212	0.856189	0.0720853	2.13537	1.16797	6.23509	2.49404	8.73425e-08	0	0	0	0	0	0	0	0	
0.213	0.85902	0.0771919	2.14535	1.16412	6.2436	2.49744	8.71933e-08	0	0	0	0	0	0	0	0	
0.214	0.861885	0.0823204	2.15546	1.16025	6.25216	2.50086	8.71414e-08	0	0	0	0	0	0	0	0	
0.215	0.864784	0.0874725	2.16569	1.15636	6.26077	2.50431	8.71075e-08	0	0	0	0	0	0	0	0	
0.216	0.867719	0.0926504	2.17605	1.15245	6.26944	2.50778	8.70363e-08	0	0	0	0	0	0	0	0	
0.217	0.870689	0.0978567	2.18653	1.14852	6.27817	2.51127	8.69217e-08	0	0	0	0	0	0	0	0	
0.218	0.873693	0.103094	2.19715	1.14457	6.28695	2.51478	8.67928e-08	0	0	0	0	0	0	0	0	
0.219	0.87673	0.108366	2.20789	1.1406	6.2958	2.51832	8.66782e-08	0	0	0	0	0	0	0	0	
0.22	0.8798	0.113676	2.21875	1.13662	6.3047	2.52188	8.65825e-08	0	0	0	0	0	0	0	0	
0.221	0.882899	0.119026	2.22973	1.13263	6.31367	2.52547	8.64912e-08	0	0	0	0	0	0	0	0	
0.222	0.886028	0.124419	2.24084	1.12863	6.3227	2.52908	8.63952e-08	0	0	0	0	0	0	0	0	
0.223	0.889186	0.129856	2.25206	1.12462	6.33179	2.53271	8.63099e-08	0	0	0	0	0	0	0	0	
0.224	0.892373	0.135341	2.26339	1.12061	6.34094	2.53638	8.62706e-08	0	0	0	0	0	0	0	0	
0.225	0.895587	0.140873	2.27485	1.11659	6.35016	2.54006	8.63093e-08	0	0	0	0	0	0	0	0	
0.226	0.89883	0.146453	2.28643	1.11256	6.35945	2.54378	8.64343e-08	0	0	0	0	0	0	0	0	
0.227	0.902103	0.152081	2.29813	1.10852	6.36882	2.54753	8.6626e-08	0	0	0	0	0	0	0	0	
0.228	0.905405	0.157758	2.30996	1.10448	6.37826	2.5513	8.68492e-08	0	0	0	0	0	0	0	0	
0.229	0.908736	0.163483	2.32193	1.10043	6.38779	2.55512	8.70638e-08	0	0	0	0	0	0	0	0	
0.23	0.912098	0.169256	2.33403	1.09637	6.39742	2.55897	8.72288e-08	0	0	0	0	0	0	0	0	
0.231	0.915489	0.175076	2.34628	1.09231	6.40716	2.56287	8.7302e-08	0	0	0	0	0	0	0	0	
0.232	0.918909	0.180945	2.35867	1.08825	6.41703	2.56681	8.72473e-08	0	0	0	0	0	0	0	0	
0.233	0.922356	0.186861	2.37121	1.08418	6.42704	2.57082	8.70479e-08	0	0	0	0	0	0	0	0	
0.234	0.925831	0.192825	2.3839	1.08011	6.4372	2.57488	8.67177e-08	0	0	0	0	0	0	0	0	
0.235	0.929333	0.198838	2.39676	1.07604	6.44751	2.57901	8.63011e-08	0	0	0	0	0	0	0	0	
0.236	0.932866	0.2049	2.40977	1.07197	6.45797	2.58319	8.58617e-08	0	0	0	0	0	0	0	0	
0.237	0.936434	0.21101	2.42295	1.06788	6.46855	2.58742	8.54669e-08	0	0	0	0	0	0	0	0	
0.238	0.940043	0.217171	2.4363	1.06378	6.47921	2.59168	8.5173e-08	0	0	0	0	0	0	0	0	
0.239	0.943703	0.223383	2.44981	1.05966	6.4899	2.59596	8.50155e-08	0	0	0	0	0	0	0	0	
0.24	0.947422	0.229645	2.46351	1.0555	6.50056	2.60022	8.50061e-08	0	0	0	0	0	0	0	0	
0.241	0.951209	0.235959	2.47738	1.05129	6.51113	2.60445	8.51338e-08	0	0	0	0	0	0	0	0	
0.242	0.955072	0.242326	2.49143	1.04704	6.52157	2.60863	8.53681e-08	0	0	0	0	0	0	0	0	
0.243	0.959014	0.248748	2.50566	1.04274	6.53186	2.61274	8.56632e-08	0	0	0	0	0	0	0	0	
0.244	0.963035	0.255227	2.52007	1.03838	6.54199	2.6168	8.59653e-08	0	0	0	0	0	0	0	0	
0.245	0.967132	0.261765	2.53466	1.03399	6.55199	2.6208	8.62281e-08	0	0	0	0	0	0	0	0	
0.246	0.971294	0.268365	2.54942	1.02955	6.56191	2.62477	8.64269e-08	0	0	0	0	0	0	0	0	
0.247	0.975513	0.275032	2.56436	1.0251	6.57182	2.62873	8.65623e-08	0	0	0	0	0	0	0	0	
0.248	0.979774	0.281769	2.57946	1.02064	6.58177	2.63271	8.66489e-08	0	0	0	0	0	0	0	0	
0.249	0.984067	0.288577	2.59473	1.01619	6.59185	2.63674	8.67e-08	0	0	0	0	0	0	0	0	
0.25	0.988381	0.295457	2.61016	1.01176	6.60211	2.64084	8.67221e-08	0	0	0	0	0	0	0	0	
0.251	0.99271	0.302407	2.62577	1.00734	6.61262	2.64505	8.67211e-08	0	0	0	0	0	0	0	0	
0.252	0.997054	0.309422	2.64156	1.00295	6.62341	2.64936	8.6708e-08	0	0	0	0	0	0	0	0	
0.253	1.00142	0.316494	2.65756	0.998587	6.63451	2.6538	8.66952e-08	0	0	0	0	0	0	0	0	
0.254	1.0058	0.323613	2.67379	0.994232	6.64593	2.65837	8.66898e-08	0	0	0	0	0	0	0	0	
0.255	1.01022	0.330765	2.69029	0.989881	6.65767	2.66307	8.66926e-08	0	0	0	0	0	0	0	0	
0.256	1.01469	0.337942	2.70708	0.985522	6.66972	2.66789	8.67013e-08	0	0	0	0	0	0	0	0	
0.257	1.01921	0.345135	2.72418	0.981148	6.68206	2.67282	8.67085e-08	0	0	0	0	0	0	0	0	
0.258	1.0238	0.352342	2.74161	0.976751	6.69467	2.67787	8.66947e-08	0	0	0	0	0	0	0	0	
0.259	1.02846	0.359566	2.75935	0.972332	6.70752	2.68301	8.66304e-08	0	0	0	0	0	0	0	0	
0.26	1.03317	0.366815	2.77741	0.967891	6.72057	2.68823	8.64984e-08	0	0	0	0	0	0	0	0	
0.261	1.03795	0.3741	2.79574	0.963434	6.73378	2.69351	8.63183e-08	0	0	0	0	0	0	0	0	
0.262	1.04279	0.381437	2.81433	0.958967	6.74711	2.69885	8.61502e-08	0	0	0	0	0	0	0	0	
0.263	1.04767	0.388837	2.83313	0.954495	6.76053	2.70421	8.60622e-08	0	0	0	0	0	0	0	0	
0.264	1.05261	0.396312	2.85214	0.950021	6.77399	2.70959	8.60815e-08	0	0	0	0	0	0	0	0	
0.265	1.05759	0.403867	2.87134	0.945545	6.78745	2.71498	8.61648e-08	0	0	0	0	0	0	0	0	
0.266	1.06263	0.411504	2.89072	0.941065	6.80088	2.72035	8.62138e-08	0	0	0	0	0	0	0	0	
0.267	1.06772	0.419222	2.91029	0.936574	6.81425	2.7257	8.61301e-08	0	0	0	0	0	0	0	0	
0.268	1.07288	0.427015	2.93006	0.932069	6.82756	2.73102	8.58658e-08	0	0	0	0	0	0	0	0	
0.269	1.07812	0.434879	2.95006	0.927544	6.84078	2.73631	8.54389e-08	0	0	0	0	0	0	0	0	
0.27	1.08343	0.442808	2.9703	0.922998	6.85395	2.74158	8.49178e-08	0	0	0	0	0	0	0	0	
0.271	1.08881	0.450797	2.99078	0.918432	6.86707	2.74683	8.441e-08	0	0	0	0	0	0	0	0	
0.272	1.09427	0.458846	3.01153	0.913849	6.8802	2.75208	8.4053e-08	0	0	0	0	0	0	0	0	
0.273	1.0998	0.466951	3.03254	0.909254	6.89338	2.75735	8.39808e-08	0	0	0	0	0	0	0	0	
0.274	1.10539	0.475114	3.05383	0.904655	6.90665	2.76266	8.42658e-08	0	0	0	0	0	0	0	0	
0.275	1.11104	0.483334	3.07539	0.900056	6.92006	2.76802	8.48823e-08	0	0	0	0	0	0	0	0	
0.276	1.11674	0.491613	3.09723	0.895463	6.93364	2.77346	8.57211e-08	0	0	0	0	0	0	0	0	
0.277	1.12249	0.499949	3.11936	0.890879	6.94742	2.77897	8.66286e-08	0	0	0	0	0	0	0	0	
0.278	1.12828	0.508344	3.14177	0.886305	6.96141	2.78456	8.74522e-08	0	0	0	0	0	0	0	0	
0.279	1.13412	0.516798	3.16447	0.881742	6.97561	2.79024	8.80914e-08	0	0	0	0	0	0	0	0	
0.28	1.14001	0.52531	3.18747	0.877187	6.99002	2.79601	8.85222e-08	0	0	0	0	0	0	0	0	
0.281	1.14595	0.53388	3.21078	0.872638	7.00462	2.80185	8.87612e-08	0	0	0	0	0	0	0	0	
0.282	1.15195	0.542508	3.2344	0.868094	7.0194	2.80776	8.88161e-08	0	0	0	0	0	0	0	0	
0.283	1.15801	0.551194	3.25833	0.863552	7.03436	2.81374	8.86938e-08	0	0	0	0	0	0	0	0	
0.284	1.16413	0.559939	3.2826	0.859012	7.04948	2.81979	8.84331e-08	0	0	0	0	0	0	0	0	
0.285	1.17031	0.568742	3.3072	0.854474	7.06479	2.82591	8.80598e-08	0	0	0	0	0	0	0	0	
0.286	1.17655	0.577607	3.33213	0.84994	7.08028	2.83211	8.75187e-08	0	0	0	0	0	0	0	0	
0.287	1.18286	0.586537	3.3574	0.845411	7.09596	2.83839	8.67659e-08	0	0	0	0	0	0	0	0	
0.288	1.18922	0.59554	3.383	0.840889	7.11182	2.84473	8.59245e-08	0	0	0	0	0	0	0	0	
0.289	1.19563	0.604633	3.40888	0.836378	7.12778	2.85111	8.52168e-08	0	0	0	0	0	0	0	0	
0.29	1.2021	0.613839	3.435	0.831878	7.14375	2.8575	8.47839e-08	0	0	0	0	0	0	0	0	
0.291	1.20862	0.623185	3.46128	0.827393	7.1596	2.86384	8.45656e-08	0	0	0	0	0	0	0	0	
0.292	1.21518	0.632697	3.48767	0.822923	7.17521	2.87009	8.42804e-08	0	0	0	0	0	0	0	0	
0.293	1.2218	0.642381	3.51416	0.818461	7.19052	2.87621	8.36829e-08	0	0	0	0	0	0	0	0	
0.294	1.22851	0.65221	3.54084	0.813993	7.20555	2.88222	8.30437e-08	0	0	0	0	0	0	0	0	
0.295	1.23535	0.662118	3.56793	0.809487	7.22047	2.88819	8.28246e-08	0	0	0	0	0	0	0	0	
0.296	1.24238	0.672006	3.59573	0.804904	7.23554	2.89422	8.29066e-08	0	0	0	0	0	0	0	0	
0.297	1.24967	0.681776	3.62458	0.800209	7.25105	2.90042	8.29398e-08	0	0	0	0	0	0	0	0	
0.298	1.25725	0.691372	3.65469	0.795388	7.26723	2.90689	8.33887e-08	0	0	0	0	0	0	0	0	
0.299	1.26509	0.70081	3.68606	0.790456	7.28417	2.91367	8.42387e-08	0	0	0	0	0	0	0	0	
0.3	1.27313	0.710183	3.71847	0.785463	7.30179	2.92072	8.44669e-08	0	0	0	0	0	0	0	0	
0.301	1.28128	0.719628	3.75154	0.780469	7.31991	2.92796	8.42358e-08	0	0	0	0	0	0	0	0	
0.302	1.28944	0.729276	3.78493	0.77553	7.33831	2.93532	8.56361e-08	0	0	0	0	0	0	0	0	
0.303	1.29757	0.739211	3.8184	0.770671	7.35683	2.94273	8.66126e-08	0	0	0	0	0	0	0	0	
0.304	1.30567	0.749453	3.85195	0.765888	7.37541	2.95017	8.54577e-08	0	0	0	0	0	0	0	0	
0.305	1.31379	0.759971	3.88572	0.761156	7.3941	2.95764	8.55211e-08	0	0	0	0	0	0	0	0	
0.306	1.32198	0.770718	3.91993	0.756441	7.41298	2.96519	9.02711e-08	0	0	0	0	0	0	0	0	
0.307	1.33029	0.781651	3.95479	0.751715	7.43219	2.97288	8.68424e-08	0	0	0	0	0	0	0	0	
0.308	1.33875	0.792754	3.99047	0.746967	7.45187	2.98075	8.29665e-08	0	0	0	0	0	0	0	0	
0.309	1.34735	0.80403	4.02706	0.742198	7.4722	2.98888	8.70201e-08	0	0	0	0	0	0	0	0	
0.31	1.3561	0.815498	4.06466	0.73741	7.4933	2.99732	9.63164e-08	0	0	0	0	0	0	0	0	
0.311	1.36502	0.827182	4.10335	0.732587	7.51516	3.00606	1.32393e-07	0	0	0	0	0	0	0	0	
0.312	1.37421	0.839115	4.14323	0.727692	7.53749	3.015	2.27857e-07	0	0	0	0	0	0	0	0	
0.313	1.38377	0.851338	4.18441	0.722664	7.55981	3.02392	4.02572e-07	0	0	0	0	0	0	0	0	
0.314	1.39385	0.863893	4.22706	0.717439	7.58163	3.03265	7.26391e-07	0	0	0	0	0	0	0	0	
0.315	1.40455	0.876825	4.2714	0.711971	7.60279	3.04112	1.32843e-06	0	0	0	0	0	0	0	0	
0.316	1.41591	0.890196	4.31772	0.706258	7.62355	3.04942	2.44607e-06	0	0	0	0	0	0	0	0	
0.317	1.42789	0.904103	4.36628	0.700332	7.64461	3.05784	4.51873e-06	0	0	0	0	0	0	0	0	
0.318	1.44043	0.918669	4.41743	0.694236	7.66686	3.06674	8.37187e-06	0	0	0	0	0	0	0	0	
0.319	1.45355	0.934015	4.4718	0.687972	7.69118	3.07647	1.55864e-05	0	0	0	0	0	0	0	0	
0.32	1.46738	0.950282	4.53027	0.681486	7.7183	3.08732	2.92678e-05	0	0	0	0	0	0	0	0	
0.321	1.48216	0.967731	4.59386	0.674692	7.74861	3.09944	5.56536e-05	0	0	0	0	0	0	0	0	
0.322	1.49819	0.986795	4.66376	0.667473	7.78233	3.11293	0.000107501	0	0	0	0	0	0	0	0	
0.323	1.51599	1.00803	4.74198	0.659635	7.81993	3.12797	0.000211631	0	0	0	0	0	0	0	0	
0.324	1.53645	1.03209	4.83212	0.650851	7.86248	3.14499	0.000426011	0	0	0	0	0	0	0	0	
0.325	1.56084	1.06009	4.93953	0.640679	7.91163	3.16465	0.000878759	0	0	0	0	0	0	0	0	
0.326	1.59098	1.09412	5.07159	0.628542	7.96928	3.18771	0.00186583	0	0	0	0	0	0	0	0	
0.327	1.63006	1.13754	5.24087	0.613475	8.03785	3.21514	0.00410452	0	0	0	0	0	0	0	0	
0.328	1.68451	1.19553	5.47207	0.593643	8.12114	3.24846	0.00940146	0	0	0	0	0	0	0	0	
0.329	1.76761	1.2771	5.81164	0.565736	8.21964	3.28785	0.02266	0	0	0	0	0	0	0	0	
0.33	1.90707	1.39918	6.34096	0.524365	8.31243	3.32497	0.0579942	0	0	0	0	0	0	0	0	
0.331	2.16154	1.58266	7.16977	0.462632	8.29242	3.31697	0.155846	0	0	0	0	0	0	0	0	
0.332	2.41136	1.67464	7.21395	0.414703	7.47911	2.99164	0.418649	0	0	0	0	0	0	0	0	
0.333	1.86591	1.13956	4.02844	0.535932	5.39743	2.15897	0.772228	0	0	0	0	0	0	0	0	
0.334	1.13622	0.232883	1.44869	0.880113	3.18753	1.27501	0.907602	0	0	0	0	0	0	0	0	
0.335	1.01813	0.0981997	1.19605	0.982195	2.93688	1.17475	0.910712	0	0	0	0	0	0	0	0	
0.336	1.01631	0.0963721	1.19182	0.983951	2.93172	1.17269	0.911394	0	0	0	0	0	0	0	0	
0.337	1.01635	0.0959181	1.19069	0.983912	2.92884	1.17154	0.912056	0	0	0	0	0	0	0	0	
0.338	1.01638	0.0954825	1.18961	0.983885	2.9261	1.17044	0.912691	0	0	0	0	0	0	0	0	
0.339	1.01637	0.0950536	1.18854	0.983893	2.9235	1.1694	0.913293	0	0	0	0	0	0	0	0	
0.34	1.01632	0.0946315	1.18749	0.983944	2.92106	1.16843	0.913859	0	0	0	0	0	0	0	0	
0.341	1.01622	0.0942162	1.18645	0.984036	2.91878	1.16751	0.91439	0	0	0	0	0	0	0	0	
0.342	1.01609	0.0938077	1.18543	0.984165	2.91665	1.16666	0.914889	0	0	0	0	0	0	0	0	
0.343	1.01593	0.0934062	1.18442	0.984324	2.91463	1.16585	0.915362	0	0	0	0	0	0	0	0	
0.344	1.01574	0.0930116	1.18342	0.984502	2.91271	1.16508	0.915815	0	0	0	0	0	0	0	0	
0.345	1.01555	0.0926237	1.18244	0.984689	2.91084	1.16434	0.916256	0	0	0	0	0	0	0	0	
0.346	1.01536	0.0922426	1.18147	0.984877	2.90901	1.1636	0.916691	0	0	0	0	0	0	0	0	
0.347	1.01517	0.0918681	1.18051	0.985058	2.90718	1.16287	0.917125	0	0	0	0	0	0	0	0	
0.348	1.01499	0.0914999	1.17957	0.985228	2.90535	1.16214	0.917562	0	0	0	0	0	0	0	0	
0.349	1.01483	0.091138	1.17863	0.985386	2.90352	1.16141	0.918001	0	0	0	0	0	0	0	0	
0.35	1.01468	0.0907821	1.17771	0.985533	2.90167	1.16067	0.918442	0	0	0	0	0	0	0	0	
0.351	1.01454	0.0904321	1.1768	0.98567	2.89983	1.15993	0.918885	0	0	0	0	0	0	0	0	
0.352	1.01441	0.0900878	1.17589	0.985795	2.89798	1.15919	0.919331	0	0	0	0	0	0	0	0	
0.353	1.0143	0.089749	1.175	0.985906	2.89611	1.15844	0.919782	0	0	0	0	0	0	0	0	
0.354	1.0142	0.0894155	1.17412	0.985996	2.8942	1.15768	0.920242	0	0	0	0	0	0	0	0	
0.355	1.01414	0.0890872	1.17325	0.986056	2.89223	1.15689	0.920716	0	0	0	0	0	0	0	0	
0.356	1.01412	0.0887638	1.17239	0.986081	2.89018	1.15607	0.921209	0	0	0	0	0	0	0	0	
0.357	1.01413	0.0884449	1.17154	0.986067	2.88805	1.15522	0.921721	0	0	0	0	0	0	0	0	
0.358	1.01418	0.0881304	1.1707	0.98602	2.88583	1.15433	0.922251	0	0	0	0	0	0	0	0	
0.359	1.01425	0.0878199	1.16987	0.985949	2.88358	1.15343	0.922792	0	0	0	0	0	0	0	0	
0.36	1.01433	0.0875135	1.16904	0.985868	2.88131	1.15252	0.923334	0	0	0	0	0	0	0	0	
0.361	1.01441	0.0872109	1.16823	0.985792	2.87908	1.15163	0.923869	0	0	0	0	0	0	0	0	
0.362	1.01447	0.0869121	1.16742	0.985732	2.87692	1.15077	0.924389	0	0	0	0	0	0	0	0	
0.363	1.01451	0.0866171	1.16663	0.985696	2.87485	1.14994	0.92489	0	0	0	0	0	0	0	0	
0.364	1.01452	0.0863259	1.16584	0.985685	2.87288	1.14915	0.92537	0	0	0	0	0	0	0	0	
0.365	1.01451	0.0860385	1.16506	0.985699	2.871	1.1484	0.92583	0	0	0	0	0	0	0	0	
0.366	1.01447	0.085755	1.16429	0.985732	2.86919	1.14768	0.926275	0	0	0	0	0	0	0	0	
0.367	1.01443	0.0854753	1.16353	0.985779	2.86745	1.14698	0.926706	0	0	0	0	0	0	0	0	
0.368	1.01437	0.0851994	1.16277	0.985835	2.86575	1.1463	0.927128	0	0	0	0	0	0	0	0	
0.369	1.01431	0.0849272	1.16202	0.985894	2.86408	1.14563	0.927544	0	0	0	0	0	0	0	0	
0.37	1.01425	0.0846586	1.16128	0.985952	2.86242	1.14497	0.927958	0	0	0	0	0	0	0	0	
0.371	1.01419	0.0843935	1.16055	0.986006	2.86078	1.14431	0.92837	0	0	0	0	0	0	0	0	
0.372	1.01414	0.0841319	1.15983	0.986057	2.85914	1.14366	0.928781	0	0	0	0	0	0	0	0	
0.373	1.01409	0.0838737	1.15911	0.986106	2.85751	1.14301	0.92919	0	0	0	0	0	0	0	0	
0.374	1.01404	0.0836187	1.1584	0.986156	2.85591	1.14236	0.929594	0	0	0	0	0	0	0	0	
0.375	1.01398	0.083367	1.1577	0.986208	2.85433	1.14173	0.929995	0	0	0	0	0	0	0	0	
0.376	1.01393	0.0831186	1.157	0.986259	2.85276	1.1411	0.930393	0	0	0	0	0	0	0	0	
0.377	1.01389	0.0828732	1.15631	0.9863	2.85118	1.14047	0.930794	0	0	0	0	0	0	0	0	
0.378	1.01387	0.0826309	1.15563	0.986323	2.84956	1.13982	0.931202	0	0	0	0	0	0	0	0	
0.379	1.01387	0.0823914	1.15495	0.986317	2.84788	1.13915	0.931625	0	0	0	0	0	0	0	0	
0.38	1.01391	0.0821547	1.15429	0.986277	2.84611	1.13845	0.932064	0	0	0	0	0	0	0	0	
0.381	1.01399	0.0819206	1.15362	0.986204	2.84427	1.13771	0.932521	0	0	0	0	0	0	0	0	
0.382	1.01409	0.0816888	1.15296	0.986106	2.84237	1.13695	0.932988	0	0	0	0	0	0	0	0	
0.383	1.0142	0.0814594	1.15231	0.986	2.84045	1.13618	0.933459	0	0	0	0	0	0	0	0	
0.384	1.0143	0.0812324	1.15167	0.985902	2.83858	1.13543	0.933921	0	0	0	0	0	0	0	0	
0.385	1.01438	0.0810077	1.15103	0.985825	2.83678	1.13471	0.934368	0	0	0	0	0	0	0	0	
0.386	1.01443	0.0807854	1.1504	0.985776	2.83508	1.13403	0.934795	0	0	0	0	0	0	0	0	
0.387	1.01445	0.0805656	1.14977	0.985752	2.83346	1.13339	0.935205	0	0	0	0	0	0	0	0	
0.388	1.01446	0.0803484	1.14914	0.985744	2.8319	1.13276	0.935603	0	0	0	0	0	0	0	0	
0.389	1.01447	0.0801337	1.14853	0.985738	2.83037	1.13215	0.935997	0	0	0	0	0	0	0	0	
0.39	1.01448	0.0799215	1.14791	0.985727	2.82883	1.13153	0.936391	0	0	0	0	0	0	0	0	
0.391	1.0145	0.0797119	1.14731	0.985707	2.82728	1.13091	0.936787	0	0	0	0	0	0	0	0	
0.392	1.01453	0.0795046	1.14671	0.985682	2.82572	1.13029	0.937184	0	0	0	0	0	0	0	0	
0.393	1.01455	0.0792997	1.14611	0.985654	2.82417	1.12967	0.93758	0	0	0	0	0	0	0	0	
0.394	1.01458	0.0790972	1.14552	0.985629	2.82264	1.12906	0.937973	0	0	0	0	0	0	0	0	
0.395	1.01461	0.078897	1.14493	0.985605	2.82112	1.12845	0.938362	0	0	0	0	0	0	0	0	
0.396	1.01463	0.0786991	1.14435	0.985581	2.81962	1.12785	0.938748	0	0	0	0	0	0	0	0	
0.397	1.01466	0.0785034	1.14377	0.985557	2.81813	1.12725	0.939133	0	0	0	0	0	0	0	0	
0.398	1.01468	0.07831	1.1432	0.985532	2.81665	1.12666	0.939516	0	0	0	0	0	0	0	0	
0.399	1.0147	0.0781188	1.14263	0.985514	2.81519	1.12608	0.939893	0	0	0	0	0	0	0	0	
0.4	1.01471	0.0779298	1.14207	0.985506	2.81378	1.12551	0.940262	0	0	0	0	0	0	0	0	
0.401	1.0147	0.0777431	1.14151	0.985514	2.81243	1.12497	0.94062	0	0	0	0	0	0	0	0	
0.402	1.01467	0.0775585	1.14095	0.985538	2.81113	1.12445	0.940968	0	0	0	0	0	0	0	0	
0.403	1.01464	0.0773763	1.1404	0.985572	2.80987	1.12395	0.941308	0	0	0	0	0	0	0	0	
0.404	1.0146	0.0771962	1.13985	0.985609	2.80863	1.12345	0.941644	0	0	0	0	0	0	0	0	
0.405	1.01457	0.0770184	1.13931	0.985638	2.80737	1.12295	0.941983	0	0	0	0	0	0	0	0	
0.406	1.01456	0.0768427	1.13878	0.985647	2.80608	1.12243	0.94233	0	0	0	0	0	0	0	0	
0.407	1.01458	0.076669	1.13824	0.985629	2.80471	1.12188	0.94269	0	0	0	0	0	0	0	0	
0.408	1.01463	0.0764971	1.13771	0.985578	2.80326	1.1213	0.943066	0	0	0	0	0	0	0	0	
0.409	1.01472	0.076327	1.13719	0.985492	2.80172	1.12069	0.943459	0	0	0	0	0	0	0	0	
0.41	1.01484	0.0761586	1.13666	0.985378	2.80011	1.12004	0.943864	0	0	0	0	0	0	0	0	
0.411	1.01497	0.0759916	1.13615	0.985248	2.79847	1.11939	0.944275	0	0	0	0	0	0	0	0	
0.412	1.0151	0.0758262	1.13563	0.985123	2.79684	1.11874	0.944683	0	0	0	0	0	0	0	0	
0.413	1.01521	0.0756623	1.13512	0.985021	2.7953	1.11812	0.945076	0	0	0	0	0	0	0	0	
0.414	1.01527	0.0755	1.13462	0.984959	2.79388	1.11755	0.945446	0	0	0	0	0	0	0	0	
0.415	1.01529	0.0753394	1.13411	0.984942	2.79259	1.11704	0.945792	0	0	0	0	0	0	0	0	
0.416	1.01527	0.0751808	1.13361	0.98496	2.79141	1.11656	0.946117	0	0	0	0	0	0	0	0	
0.417	1.01524	0.075024	1.13312	0.984993	2.79028	1.11611	0.946432	0	0	0	0	0	0	0	0	
0.418	1.01521	0.0748691	1.13263	0.985016	2.78914	1.11566	0.94675	0	0	0	0	0	0	0	0	
0.419	1.01522	0.0747161	1.13214	0.98501	2.78792	1.11517	0.947081	0	0	0	0	0	0	0	0	
0.42	1.01526	0.0745647	1.13165	0.984966	2.7866	1.11464	0.94743	0	0	0	0	0	0	0	0	
0.421	1.01534	0.0744148	1.13117	0.984889	2.7852	1.11408	0.947795	0	0	0	0	0	0	0	0	
0.422	1.01544	0.0742664	1.13069	0.984797	2.78376	1.1135	0.948165	0	0	0	0	0	0	0	0	
0.423	1.01553	0.0741193	1.13022	0.98471	2.78234	1.11294	0.948532	0	0	0	0	0	0	0	0	
0.424	1.0156	0.0739737	1.12975	0.984643	2.781	1.1124	0.948887	0	0	0	0	0	0	0	0	
0.425	1.01564	0.0738294	1.12928	0.984603	2.77973	1.11189	0.949227	0	0	0	0	0	0	0	0	
0.426	1.01566	0.0736866	1.12882	0.984585	2.77854	1.11142	0.949554	0	0	0	0	0	0	0	0	
0.427	1.01566	0.0735451	1.12835	0.984581	2.77739	1.11096	0.949872	0	0	0	0	0	0	0	0	
0.428	1.01566	0.0734051	1.1279	0.984585	2.77628	1.11051	0.950185	0	0	0	0	0	0	0	0	
0.429	1.01565	0.0732665	1.12744	0.984592	2.77518	1.11007	0.950495	0	0	0	0	0	0	0	0	
0.43	1.01564	0.0731292	1.12699	0.984605	2.77411	1.10964	0.950801	0	0	0	0	0	0	0	0	
0.431	1.01562	0.0729932	1.12655	0.984624	2.77306	1.10922	0.951102	0	0	0	0	0	0	0	0	
0.432	1.01559	0.0728584	1.1261	0.984646	2.77203	1.10881	0.9514	0	0	0	0	0	0	0	0	
0.433	1.01558	0.0727249	1.12566	0.984659	2.77098	1.10839	0.951701	0	0	0	0	0	0	0	0	
0.434	1.01559	0.0725925	1.12522	0.984646	2.76987	1.10795	0.952013	0	0	0	0	0	0	0	0	
0.435	1.01565	0.0724612	1.12479	0.984591	2.76865	1.10746	0.952343	0	0	0	0	0	0	0	0	
0.436	1.01576	0.0723307	1.12436	0.984486	2.76729	1.10692	0.952696	0	0	0	0	0	0	0	0	
0.437	1.01591	0.0722009	1.12393	0.984335	2.76582	1.10633	0.953068	0	0	0	0	0	0	0	0	
0.438	1.0161	0.0720718	1.12351	0.984158	2.76428	1.10571	0.953451	0	0	0	0	0	0	0	0	
0.439	1.01627	0.0719433	1.12309	0.983987	2.76276	1.1051	0.953831	0	0	0	0	0	0	0	0	
0.44	1.01641	0.0718156	1.12267	0.983854	2.76136	1.10454	0.954191	0	0	0	0	0	0	0	0	
0.441	1.01648	0.0716888	1.12226	0.983784	2.76014	1.10406	0.954521	0	0	0	0	0	0	0	0	
0.442	1.01648	0.0715632	1.12184	0.983788	2.75914	1.10366	0.954815	0	0	0	0	0	0	0	0	
0.443	1.01641	0.071439	1.12143	0.983856	2.75832	1.10333	0.955079	0	0	0	0	0	0	0	0	
0.444	1.0163	0.0713163	1.12103	0.983963	2.75762	1.10305	0.955323	0	0	0	0	0	0	0	0	
0.445	1.01618	0.0711954	1.12062	0.984076	2.75694	1.10278	0.955563	0	0	0	0	0	0	0	0	
0.446	1.01609	0.0710761	1.12022	0.984165	2.7562	1.10248	0.955813	0	0	0	0	0	0	0	0	
0.447	1.01604	0.0709585	1.11982	0.98421	2.75535	1.10214	0.956081	0	0	0	0	0	0	0	0	
0.448	1.01605	0.0708424	1.11942	0.984205	2.75435	1.10174	0.956372	0	0	0	0	0	0	0	0	
0.449	1.0161	0.0707276	1.11903	0.984153	2.75323	1.10129	0.956683	0	0	0	0	0	0	0	0	
0.45	1.01619	0.0706142	1.11863	0.984067	2.75202	1.10081	0.957009	0	0	0	0	0	0	0	0	
0.451	1.0163	0.0705019	1.11824	0.983959	2.75076	1.1003	0.957343	0	0	0	0	0	0	0	0	
0.452	1.01642	0.0703909	1.11785	0.983841	2.74946	1.09979	0.957681	0	0	0	0	0	0	0	0	
0.453	1.01655	0.070281	1.11746	0.983717	2.74816	1.09927	0.95802	0	0	0	0	0	0	0	0	
0.454	1.01668	0.0701722	1.11707	0.983589	2.74685	1.09874	0.958359	0	0	0	0	0	0	0	0	
0.455	1.01683	0.0700645	1.11669	0.983453	2.74553	1.09821	0.958701	0	0	0	0	0	0	0	0	
0.456	1.01698	0.0699578	1.1163	0.983305	2.74417	1.09767	0.959046	0	0	0	0	0	0	0	0	
0.457	1.01715	0.0698521	1.11592	0.98314	2.74277	1.09711	0.959397	0	0	0	0	0	0	0	0	
0.458	1.01734	0.0697474	1.11554	0.98296	2.74133	1.09653	0.959753	0	0	0	0	0	0	0	0	
0.459	1.01753	0.0696435	1.11516	0.982771	2.73987	1.09595	0.960112	0	0	0	0	0	0	0	0	
0.46	1.01772	0.0695404	1.11479	0.982589	2.73844	1.09538	0.960466	0	0	0	0	0	0	0	0	
0.461	1.01788	0.0694383	1.11441	0.982437	2.73709	1.09484	0.960806	0	0	0	0	0	0	0	0	
0.462	1.01798	0.0693371	1.11404	0.98234	2.7359	1.09436	0.961123	0	0	0	0	0	0	0	0	
0.463	1.018	0.069237	1.11366	0.982318	2.73493	1.09397	0.961407	0	0	0	0	0	0	0	0	
0.464	1.01793	0.0691382	1.11329	0.982382	2.7342	1.09368	0.961656	0	0	0	0	0	0	0	0	
0.465	1.01779	0.0690408	1.11293	0.982523	2.73369	1.09348	0.961872	0	0	0	0	0	0	0	0	
0.466	1.01759	0.0689449	1.11256	0.982718	2.73333	1.09333	0.962066	0	0	0	0	0	0	0	0	
0.467	1.01737	0.0688507	1.1122	0.982931	2.73303	1.09321	0.962252	0	0	0	0	0	0	0	0	
0.468	1.01717	0.0687578	1.11183	0.983121	2.73267	1.09307	0.962446	0	0	0	0	0	0	0	0	
0.469	1.01703	0.0686663	1.11148	0.983254	2.73216	1.09286	0.962662	0	0	0	0	0	0	0	0	
0.47	1.01698	0.0685757	1.11112	0.983305	2.73142	1.09257	0.962911	0	0	0	0	0	0	0	0	
0.471	1.01702	0.0684858	1.11076	0.983263	2.73043	1.09217	0.963196	0	0	0	0	0	0	0	0	
0.472	1.01716	0.0683963	1.11041	0.983131	2.72919	1.09168	0.963515	0	0	0	0	0	0	0	0	
0.473	1.01737	0.0683067	1.11006	0.982926	2.72776	1.0911	0.963863	0	0	0	0	0	0	0	0	
0.474	1.01763	0.0682169	1.10971	0.982678	2.72622	1.09049	0.964226	0	0	0	0	0	0	0	0	
0.475	1.01789	0.0681268	1.10936	0.982428	2.72467	1.08987	0.964588	0	0	0	0	0	0	0	0	
0.476	1.0181	0.0680363	1.10902	0.982218	2.72325	1.0893	0.964934	0	0	0	0	0	0	0	0	
0.477	1.01824	0.0679455	1.10868	0.982083	2.72204	1.08882	0.96525	0	0	0	0	0	0	0	0	
0.478	1.01829	0.0678547	1.10834	0.982038	2.72109	1.08844	0.965531	0	0	0	0	0	0	0	0	
0.479	1.01826	0.0677639	1.10801	0.98207	2.72036	1.08814	0.96578	0	0	0	0	0	0	0	0	
0.48	1.01818	0.0676734	1.10768	0.982144	2.71975	1.0879	0.966012	0	0	0	0	0	0	0	0	
0.481	1.01811	0.0675832	1.10735	0.982209	2.71913	1.08765	0.966246	0	0	0	0	0	0	0	0	
0.482	1.0181	0.0674933	1.10703	0.982217	2.71835	1.08734	0.9665	0	0	0	0	0	0	0	0	
0.483	1.01818	0.0674036	1.10671	0.982141	2.71735	1.08694	0.966783	0	0	0	0	0	0	0	0	
0.484	1.01835	0.067314	1.10639	0.981985	2.71613	1.08645	0.967095	0	0	0	0	0	0	0	0	
0.485	1.01856	0.0672245	1.10607	0.981783	2.71479	1.08592	0.967423	0	0	0	0	0	0	0	0	
0.486	1.01876	0.0671351	1.10575	0.981587	2.71348	1.08539	0.967748	0	0	0	0	0	0	0	0	
0.487	1.0189	0.0670459	1.10544	0.981454	2.71234	1.08494	0.968051	0	0	0	0	0	0	0	0	
0.488	1.01893	0.0669574	1.10513	0.981419	2.71148	1.08459	0.968318	0	0	0	0	0	0	0	0	
0.489	1.01886	0.0668698	1.10482	0.98149	2.71091	1.08436	0.968546	0	0	0	0	0	0	0	0	
0.49	1.0187	0.0667834	1.10451	0.981642	2.71057	1.08423	0.968746	0	0	0	0	0	0	0	0	
0.491	1.01851	0.0666983	1.1042	0.981826	2.71033	1.08413	0.968932	0	0	0	0	0	0	0	0	
0.492	1.01835	0.0666145	1.10389	0.981983	2.71001	1.08401	0.969128	0	0	0	0	0	0	0	0	
0.493	1.01827	0.066532	1.10359	0.98206	2.70948	1.08379	0.96935	0	0	0	0	0	0	0	0	
0.494	1.0183	0.0664504	1.10329	0.982025	2.70864	1.08346	0.969611	0	0	0	0	0	0	0	0	
0.495	1.01846	0.0663695	1.10299	0.981876	2.70749	1.083	0.96991	0	0	0	0	0	0	0	0	
0.496	1.01871	0.0662889	1.10269	0.981636	2.70609	1.08244	0.970239	0	0	0	0	0	0	0	0	
0.497	1.019	0.0662085	1.10239	0.98135	2.70457	1.08183	0.970583	0	0	0	0	0	0	0	0	
0.498	1.0193	0.0661282	1.10209	0.98107	2.70307	1.08123	0.970925	0	0	0	0	0	0	0	0	
0.499	1.01953	0.066048	1.10179	0.980841	2.70171	1.08069	0.971248	0	0	0	0	0	0	0	0	
0.5	1.01968	0.065968	1.1015	0.980701	2.7006	1.08024	0.971542	0	0	0	0	0	0	0	0	
0.501	1.01972	0.0658885	1.10121	0.980663	2.69979	1.07991	0.971801	0	0	0	0	0	0	0	0	
0.502	1.01965	0.0658097	1.10092	0.980724	2.69924	1.0797	0.972027	0	0	0	0	0	0	0	0	
0.503	1.01952	0.0657318	1.10063	0.980858	2.6989	1.07956	0.972229	0	0	0	0	0	0	0	0	
0.504	1.01935	0.0656549	1.10034	0.981021	2.69865	1.07946	0.972421	0	0	0	0	0	0	0	0	
0.505	1.01919	0.065579	1.10006	0.981168	2.69835	1.07934	0.972617	0	0	0	0	0	0	0	0	
0.506	1.0191	0.0655041	1.09977	0.981255	2.69789	1.07916	0.972832	0	0	0	0	0	0	0	0	
0.507	1.0191	0.06543	1.09949	0.981257	2.69721	1.07888	0.973073	0	0	0	0	0	0	0	0	
0.508	1.01919	0.0653566	1.09921	0.981168	2.69627	1.07851	0.973342	0	0	0	0	0	0	0	0	
0.509	1.01937	0.0652837	1.09893	0.980999	2.69512	1.07805	0.973635	0	0	0	0	0	0	0	0	
0.51	1.01961	0.0652111	1.09865	0.980772	2.69381	1.07752	0.973946	0	0	0	0	0	0	0	0	
0.511	1.01987	0.0651389	1.09837	0.980515	2.69242	1.07697	0.974264	0	0	0	0	0	0	0	0	
0.512	1.02014	0.0650669	1.09809	0.980254	2.69102	1.07641	0.974583	0	0	0	0	0	0	0	0	
0.513	1.02039	0.0649952	1.09781	0.980017	2.68969	1.07588	0.974893	0	0	0	0	0	0	0	0	
0.514	1.02058	0.064924	1.09754	0.979832	2.68851	1.0754	0.975187	0	0	0	0	0	0	0	0	
0.515	1.02069	0.0648533	1.09726	0.979726	2.68755	1.07502	0.975457	0	0	0	0	0	0	0	0	
0.516	1.0207	0.0647833	1.09699	0.979719	2.68686	1.07474	0.975698	0	0	0	0	0	0	0	0	
0.517	1.0206	0.0647143	1.09672	0.979816	2.68646	1.07458	0.975909	0	0	0	0	0	0	0	0	
0.518	1.02041	0.0646465	1.09645	0.979999	2.68629	1.07452	0.976095	0	0	0	0	0	0	0	0	
0.519	1.02017	0.06458	1.09618	0.980229	2.68626	1.0745	0.976268	0	0	0	0	0	0	0	0	
0.52	1.01993	0.0645147	1.09591	0.980455	2.68622	1.07449	0.976441	0	0	0	0	0	0	0	0	
0.521	1.01975	0.0644507	1.09564	0.980631	2.68605	1.07442	0.976629	0	0	0	0	0	0	0	0	
0.522	1.01966	0.0643877	1.09537	0.980722	2.68564	1.07426	0.97684	0	0	0	0	0	0	0	0	
0.523	1.01966	0.0643256	1.09511	0.980716	2.68497	1.07399	0.977078	0	0	0	0	0	0	0	0	
0.524	1.01976	0.064264	1.09484	0.980618	2.68405	1.07362	0.97734	0	0	0	0	0	0	0	0	
0.525	1.01994	0.0642029	1.09457	0.980452	2.68295	1.07318	0.977621	0	0	0	0	0	0	0	0	
0.526	1.02015	0.0641421	1.09431	0.980249	2.68174	1.0727	0.977912	0	0	0	0	0	0	0	0	
0.527	1.02037	0.0640816	1.09405	0.980039	2.68052	1.07221	0.978203	0	0	0	0	0	0	0	0	
0.528	1.02057	0.0640213	1.09379	0.979845	2.67935	1.07174	0.978489	0	0	0	0	0	0	0	0	
0.529	1.02074	0.0639612	1.09352	0.97968	2.67826	1.0713	0.978767	0	0	0	0	0	0	0	0	
0.53	1.02088	0.0639013	1.09326	0.979547	2.67726	1.0709	0.979036	0	0	0	0	0	0	0	0	
0.531	1.02099	0.0638418	1.093	0.979438	2.67633	1.07053	0.979297	0	0	0	0	0	0	0	0	
0.532	1.02109	0.0637825	1.09275	0.979346	2.67544	1.07018	0.979553	0	0	0	0	0	0	0	0	
0.533	1.02118	0.0637234	1.09249	0.97926	2.67458	1.06983	0.979806	0	0	0	0	0	0	0	0	
0.534	1.02127	0.0636644	1.09224	0.979177	2.67373	1.06949	0.980058	0	0	0	0	0	0	0	0	
0.535	1.02136	0.0636056	1.09198	0.97909	2.67287	1.06915	0.98031	0	0	0	0	0	0	0	0	
0.536	1.02145	0.0635467	1.09173	0.978999	2.67201	1.0688	0.980562	0	0	0	0	0	0	0	0	
0.537	1.02155	0.0634878	1.09148	0.978908	2.67114	1.06846	0.980814	0	0	0	0	0	0	0	0	
0.538	1.02162	0.0634288	1.09123	0.978833	2.67033	1.06813	0.981062	0	0	0	0	0	0	0	0	
0.539	1.02166	0.0633697	1.09098	0.978799	2.66963	1.06785	0.981299	0	0	0	0	0	0	0	0	
0.54	1.02165	0.0633107	1.09074	0.978813	2.66907	1.06763	0.981525	0	0	0	0	0	0	0	0	
0.541	1.02161	0.0632518	1.0905	0.97885	2.66858	1.06743	0.981745	0	0	0	0	0	0	0	0	
0.542	1.02159	0.0631931	1.09025	0.978863	2.66802	1.06721	0.98197	0	0	0	0	0	0	0	0	
0.543	1.02164	0.0631347	1.09001	0.978821	2.66732	1.06693	0.982206	0	0	0	0	0	0	0	0	
0.544	1.02173	0.0630765	1.08977	0.978732	2.66649	1.0666	0.982453	0	0	0	0	0	0	0	0	
0.545	1.02184	0.0630186	1.08954	0.978631	2.66563	1.06625	0.982702	0	0	0	0	0	0	0	0	
0.546	1.02192	0.0629612	1.0893	0.978546	2.66482	1.06593	0.982948	0	0	0	0	0	0	0	0	
0.547	1.02199	0.0629045	1.08906	0.978482	2.66407	1.06563	0.983189	0	0	0	0	0	0	0	0	
0.548	1.02204	0.0628486	1.08882	0.978438	2.66337	1.06535	0.983425	0	0	0	0	0	0	0	0	
0.549	1.02206	0.0627938	1.08859	0.978417	2.66273	1.06509	0.983657	0	0	0	0	0	0	0	0	
0.55	1.02206	0.0627403	1.08835	0.97842	2.66216	1.06486	0.983883	0	0	0	0	0	0	0	0	
0.551	1.02204	0.0626881	1.08811	0.978437	2.66163	1.06465	0.984106	0	0	0	0	0	0	0	0	
0.552	1.02202	0.0626374	1.08788	0.97845	2.66108	1.06443	0.98433	0	0	0	0	0	0	0	0	
0.553	1.02203	0.0625882	1.08764	0.978447	2.66049	1.0642	0.984557	0	0	0	0	0	0	0	0	
0.554	1.02204	0.0625406	1.0874	0.978435	2.65987	1.06395	0.984786	0	0	0	0	0	0	0	0	
0.555	1.02205	0.0624943	1.08716	0.978421	2.65925	1.0637	0.985016	0	0	0	0	0	0	0	0	
0.556	1.02208	0.0624494	1.08692	0.978402	2.65861	1.06345	0.985246	0	0	0	0	0	0	0	0	
0.557	1.0221	0.0624056	1.08668	0.978374	2.65795	1.06318	0.985478	0	0	0	0	0	0	0	0	
0.558	1.02212	0.0623627	1.08644	0.978361	2.65733	1.06293	0.985707	0	0	0	0	0	0	0	0	
0.559	1.02207	0.0623204	1.0862	0.978409	2.65688	1.06275	0.985926	0	0	0	0	0	0	0	0	
0.56	1.02194	0.0622785	1.08597	0.978528	2.65662	1.06265	0.986132	0	0	0	0	0	0	0	0	
0.561	1.02181	0.0622368	1.08573	0.978652	2.65638	1.06255	0.986336	0	0	0	0	0	0	0	0	
0.562	1.02177	0.062195	1.0855	0.97869	2.65591	1.06237	0.986555	0	0	0	0	0	0	0	0	
0.563	1.02186	0.0621527	1.08527	0.978608	2.65512	1.06205	0.986794	0	0	0	0	0	0	0	0	
0.564	1.02202	0.0621096	1.08504	0.978457	2.65415	1.06166	0.987045	0	0	0	0	0	0	0	0	
0.565	1.02217	0.0620655	1.08481	0.978309	2.6532	1.06128	0.987295	0	0	0	0	0	0	0	0	
0.566	1.02229	0.0620205	1.08459	0.978201	2.65236	1.06094	0.987539	0	0	0	0	0	0	0	0	
0.567	1.02236	0.0619746	1.08437	0.97813	2.65163	1.06065	0.987776	0	0	0	0	0	0	0	0	
0.568	1.02241	0.0619279	1.08415	0.978077	2.65095	1.06038	0.988008	0	0	0	0	0	0	0	0	
0.569	1.02247	0.0618804	1.08393	0.978026	2.65028	1.06011	0.98824	0	0	0	0	0	0	0	0	
0.57	1.02251	0.061832	1.08372	0.97799	2.64966	1.05986	0.98847	0	0	0	0	0	0	0	0	
0.571	1.02248	0.061783	1.08351	0.978011	2.6492	1.05968	0.988691	0	0	0	0	0	0	0	0	
0.572	1.02236	0.0617337	1.0833	0.978129	2.64901	1.0596	0.988898	0	0	0	0	0	0	0	0	
0.573	1.02215	0.0616847	1.08309	0.978329	2.64905	1.05962	0.989094	0	0	0	0	0	0	0	0	
0.574	1.0219	0.0616365	1.08288	0.978567	2.64919	1.05967	0.989285	0	0	0	0	0	0	0	0	
0.575	1.02167	0.06159	1.08268	0.978785	2.64927	1.05971	0.98948	0	0	0	0	0	0	0	0	
0.576	1.02156	0.0615455	1.08247	0.978896	2.64906	1.05962	0.989689	0	0	0	0	0	0	0	0	
0.577	1.02163	0.0615034	1.08226	0.978825	2.64836	1.05934	0.989924	0	0	0	0	0	0	0	0	
0.578	1.02187	0.0614634	1.08205	0.978594	2.64721	1.05889	0.990179	0	0	0	0	0	0	0	0	
0.579	1.02216	0.0614254	1.08183	0.978324	2.64596	1.05838	0.99044	0	0	0	0	0	0	0	0	
0.58	1.02238	0.0613888	1.08162	0.97811	2.64485	1.05794	0.990694	0	0	0	0	0	0	0	0	
0.581	1.02257	0.0613533	1.0814	0.977931	2.64384	1.05753	0.990942	0	0	0	0	0	0	0	0	
0.582	1.02278	0.061318	1.08118	0.97773	2.64276	1.05711	0.99119	0	0	0	0	0	0	0	0	
0.583	1.02299	0.0612824	1.08097	0.977526	2.64169	1.05667	0.991438	0	0	0	0	0	0	0	0	
0.584	1.02311	0.0612466	1.08075	0.977409	2.64085	1.05634	0.991675	0	0	0	0	0	0	0	0	
0.585	1.0231	0.0612106	1.08054	0.977424	2.64037	1.05615	0.991898	0	0	0	0	0	0	0	0	
0.586	1.02299	0.061175	1.08033	0.977528	2.64013	1.05605	0.99211	0	0	0	0	0	0	0	0	
0.587	1.02292	0.0611396	1.08012	0.977595	2.6398	1.05592	0.992327	0	0	0	0	0	0	0	0	
0.588	1.02296	0.0611041	1.07991	0.977558	2.63919	1.05568	0.992553	0	0	0	0	0	0	0	0	
0.589	1.02308	0.0610673	1.0797	0.977438	2.63836	1.05534	0.992787	0	0	0	0	0	0	0	0	
0.59	1.02319	0.0610281	1.0795	0.977337	2.6376	1.05504	0.99302	0	0	0	0	0	0	0	0	
0.591	1.02324	0.0609855	1.07931	0.977288	2.63698	1.05479	0.993247	0	0	0	0	0	0	0	0	
0.592	1.0233	0.0609392	1.07912	0.977235	2.63638	1.05455	0.993474	0	0	0	0	0	0	0	0	
0.593	1.02345	0.0608896	1.07893	0.977088	2.63553	1.05421	0.993707	0	0	0	0	0	0	0	0	
0.594	1.02363	0.0608388	1.07875	0.976917	2.63463	1.05385	0.993942	0	0	0	0	0	0	0	0	
0.595	1.0238	0.0607901	1.07857	0.976755	2.63375	1.0535	0.994175	0	0	0	0	0	0	0	0	
0.596	1.02391	0.0607473	1.07838	0.976644	2.63298	1.05319	0.994405	0	0	0	0	0	0	0	0	
0.597	1.02393	0.0607143	1.07817	0.976631	2.63245	1.05298	0.994628	0	0	0	0	0	0	0	0	
0.598	1.02398	0.060693	1.07795	0.976583	2.63178	1.05271	0.994853	0	0	0	0	0	0	0	0	
0.599	1.02396	0.0606826	1.07772	0.9766	2.63125	1.0525	0.995074	0	0	0	0	0	0	0	0	
0.6	1.02385	0.0606783	1.07747	0.976709	2.63095	1.05238	0.995291	0	0	0	0	0	0	0	0	
0.601	1.02367	0.0606723	1.07724	0.976873	2.6308	1.05232	0.995504	0	0	0	0	0	0	0	0	
0.602	1.02382	0.0606548	1.07701	0.976734	2.62989	1.05196	0.995733	0	0	0	0	0	0	0	0	
0.603	1.02409	0.0606181	1.07682	0.976479	2.62873	1.05149	0.995968	0	0	0	0	0	0	0	0	
0.604	1.02414	0.0605601	1.07666	0.976434	2.62822	1.05129	0.99619	0	0	0	0	0	0	0	0	
0.605	1.02423	0.0604865	1.07652	0.976341	2.62763	1.05105	0.996413	0	0	0	0	0	0	0	0	
0.606	1.02443	0.0604107	1.07639	0.976152	2.6268	1.05072	0.99664	0	0	0	0	0	0	0	0	
0.607	1.02448	0.0603503	1.07623	0.976101	2.62628	1.05051	0.996862	0	0	0	0	0	0	0	0	
0.608	1.02424	0.060322	1.07603	0.976338	2.62643	1.05057	0.997074	0	0	0	0	0	0	0	0	
0.609	1.02429	0.0603361	1.07577	0.976283	2.62564	1.05026	0.997297	0	0	0	0	0	0	0	0	
0.61	1.02472	0.0603856	1.07546	0.975878	2.62379	1.04952	0.997534	0	0	0	0	0	0	0	0	
0.611	1.02426	0.0604276	1.07516	0.976312	2.62422	1.04969	0.997744	0	0	0	0	0	0	0	0	
0.612	1.02413	0.0603903	1.07497	0.976441	2.62412	1.04965	0.99796	0	0	0	0	0	0	0	0	
0.613	1.02514	0.0602694	1.07491	0.975476	2.62138	1.04855	0.998202	0	0	0	0	0	0	0	0	
0.614	1.02432	0.0602052	1.07477	0.976257	2.62313	1.04925	0.998407	0	0	0	0	0	0	0	0	
0.615	1.02372	0.0602267	1.0745	0.976831	2.62402	1.04961	0.998617	0	0	0	0	0	0	0	0	
0.616	1.02455	0.0599166	1.07471	0.976037	2.62239	1.04896	0.998847	0	0	0	0	0	0	0	0	
0.617	1.0253	0.0592091	1.07542	0.975324	2.6222	1.04888	0.999073	0	0	0	0	0	0	0	0	
0.618	1.02434	0.0595566	1.07395	0.976236	2.62108	1.04843	0.999292	0	0	0	0	0	0	0	0	
0.619	1.02089	0.0601554	1.0675	0.979536	2.61415	1.04566	0.999517	0	0	0	0	0	0	0	0	
0.62	1.01056	0.0437657	1.05101	0.989551	2.60006	1.04003	0.999735	0	0	0	0	0	0	0	0	
0.621	0.947761	-0.0628836	0.961482	1.05512	2.53619	1.01448	0.999907	0	0	0	0	0	0	0	0	
0.622	0.802703	-0.219745	0.748231	1.24579	2.33035	0.93214	0.999987	0	0	0	0	0	0	0	0	
0.623	0.313908	-1.10659	0.174824	3.18565	1.39232	0.556926	1	0	0	0	0	0	0	0	0	
0.624	0.259259	-1.35769	0.0967742	3.85715	0.933181	0.373272	1	0	0	0	0	0	0	0	0	
0.625	0.259259	-1.35769	0.0967742	3.85715	0.933181	0.373272	1	0	0	0	0	0	0	0	0	
0.626	0.259259	-1.35769	0.0967742	3.85715	0.933181	0.373272	1	0	0	0	0	0	0	0	0	
0.627	0.259259	-1.35769	0.0967742	3.85715	0.933181	0.373272	1	0	0	0	0	0	0	0	0	
0.628	0.259259	-1.35769	0.0967742	3.85715	0.933181	0.373272	1	0	0	0	0	0	0	0	0	
0.629	0.259259	-1.35769	0.0967742	3.85715	0.933181	0.373272	1	0	0	0	0	0	0	0	0	
0.63	0.259259	-1.35769	0.0967742	3.85715	0.933181	0.373272	1	0	0	0	0	0	0	0	0	
0.631	0.259259	-1.35769	0.0967742	3.85715	0.933181	0.373272	1	0	0	0	0	0	0	0	0	
0.632	0.259259	-1.35769	0.0967742	3.85715	0.933181	0.373272	1	0	0	0	0	0	0	0	0	
0.633	0.259259	-1.35769	0.0967742	3.85715	0.933181	0.373272	1	0	0	0	0	0	0	0	0	
0.634	0.259259	-1.35769	0.0967742	3.85715	0.933181	0.373272	1	0	0	0	0	0	0	0	0	
0.635	0.259259	-1.35769	0.0967742	3.85715	0.933181	0.373272	1	0	0	0	0	0	0	0	0	
0.636	0.259259	-1.35769	0.0967742	3.85715	0.933181	0.373272	1	0	0	0	0	0	0	0	0	
0.637	0.259259	-1.35769	0.0967742	3.85715	0.933181	0.373272	1	0	0	0	0	0	0	0	0	
0.638	0.259259	-1.35769	0.0967742	3.85715	0.933181	0.373272	1	0	0	0	0	0	0	0	0	
0.639	0.259259	-1.35769	0.0967742	3.85715	0.933181	0.373272	1	0	0	0	0	0	0	0	0	
0.64	0.259259	-1.35769	0.0967742	3.85715	0.933181	0.373272	1	0	0	0	0	0	0	0	0	
0.641	0.259259	-1.35769	0.0967742	3.85715	0.933181	0.373272	1	0	0	0	0	0	0	0	0	
0.642	0.259259	-1.35769	0.0967742	3.85715	0.933181	0.373272	1	0	0	0	0	0	0	0	0	
0.643	0.259259	-1.35769	0.0967742	3.85715	0.933181	0.373272	1	0	0	0	0	0	0	0	0	
0.644	0.259259	-1.35769	0.0967742	3.85715	0.933181	0.373272	1	0	0	0	0	0	0	0	0	
0.645	0.259259	-1.35769	0.0967742	3.85715	0.933181	0.373272	1	0	0	0	0	0	0	0	0	
0.646	0.259259	-1.35769	0.0967742	3.85715	0.933181	0.373272	1	0	0	0	0	0	0	0	0	
0.647	0.259259	-1.35769	0.0967742	3.85715	0.933181	0.373272	1	0	0	0	0	0	0	0	0	
0.648	0.259259	-1.35769	0.0967742	3.85715	0.933181	0.373272	1	0	0	0	0	0	0	0	0	
0.649	0.259259	-1.35769	0.0967742	3.85715	0.933181	0.373272	1	0	0	0	0	0	0	0	0	
0.65	0.259259	-1.35769	0.0967742	3.85715	0.933181	0.373272	1	0	0	0	0	0	0	0	0	
0.651	0.259259	-1.35769	0.0967742	3.85715	0.933181	0.373272	1	0	0	0	0	0	0	0	0	
0.652	0.259259	-1.35769	0.0967742	3.85715	0.933181	0.373272	1	0	0	0	0	0	0	0	0	
0.653	0.259259	-1.35769	0.0967742	3.85715	0.933181	0.373272	1	0	0	0	0	0	0	0	0	
0.654	0.259259	-1.35769	0.0967742	3.85715	0.933181	0.373272	1	0	0	0	0	0	0	0	0	
0.655	0.259259	-1.35769	0.0967742	3.85715	0.933181	0.373272	1	0	0	0	0	0	0	0	0	
0.656	0.259259	-1.35769	0.0967742	3.85715	0.933181	0.373272	1	0	0	0	0	0	0	0	0	
0.657	0.259259	-1.35769	0.0967742	3.85715	0.933181	0.373272	1	0	0	0	0	0	0	0	0	
0.658	0.259259	-1.35769	0.0967742	3.85715	0.933181	0.373272	1	0	0	0	0	0	0	0	0	
0.659	0.259259	-1.35769	0.0967742	3.85715	0.933181	0.373272	1	0	0	0	0	0	0	0	0	
0.66	0.259259	-1.35769	0.0967742	3.85715	0.933181	0.373272	1	0	0	0	0	0	0	0	0	
0.661	0.259259	-1.35769	0.0967742	3.85715	0.933181	0.373272	1	0	0	0	0	0	0	0	0	
0.662	0.259259	-1.35769	0.0967742	3.85715	0.933181	0.373272	1	0	0	0	0	0	0	0	0	
0.663	0.259259	-1.35769	0.0967742	3.85715	0.933181	0.373272	1	0	0	0	0	0	0	0	0	
0.664	0.259259	-1.35769	0.0967742	3.85715	0.933181	0.373272	1	0	0	0	0	0	0	0	0	
0.665	0.259259	-1.35769	0.0967742	3.85715	0.933181	0.373272	1	0	0	0	0	0	0	0	0	
0.666	0.259259	-1.35769	0.0967742	3.85715	0.933181	0.373272	1	0	0	0	0	0	0	0	0	
0.667	0.259259	-1.35769	0.0967742	3.85715	0.933181	0.373272	1	0	0	0	0	0	0	0	0	
0.668	0.259259	-1.35769	0.0967742	3.85715	0.933181	0.373272	1	0	0	0	0	0	0	0	0	
0.669	0.259259	-1.35769	0.0967742	3.85715	0.933181	0.373272	1	0	0	0	0	0	0	0	0	
0.67	0.259259	-1.35769	0.0967742	3.85715	0.933181	0.373272	1	0	0	0	0	0	0	0	0	
0.671	0.259259	-1.35769	0.0967742	3.85715	0.933181	0.373272	1	0	0	0	0	0	0	0	0	
0.672	0.259259	-1.35769	0.0967742	3.85715	0.933181	0.373272	1	0	0	0	0	0	0	0	0	
0.673	0.259259	-1.35769	0.0967742	3.85715	0.933181	0.373272	1	0	0	0	0	0	0	0	0	
0.674	0.259259	-1.35769	0.0967742	3.85715	0.933181	0.373272	1	0	0	0	0	0	0	0	0	
0.675	0.259259	-1.35769	0.0967742	3.85715	0.933181	0.373272	1	0	0	0	0	0	0	0	0	
0.676	0.259259	-1.35769	0.0967742	3.85715	0.933181	0.373272	1	0	0	0	0	0	0	0	0	
0.677	0.259259	-1.35769	0.0967742	3.85715	0.933181	0.373272	1	0	0	0	0	0	0	0	0	
0.678	0.259259	-1.35769	0.0967742	3.85715	0.933181	0.373272	1	0	0	0	0	0	0	0	0	
0.679	0.259259	-1.35769	0.0967742	3.85715	0.933181	0.373272	1	0	0	0	0	0	0	0	0	
0.68	0.259259	-1.35769	0.0967742	3.85715	0.933181	0.373272	1	0	0	0	0	0	0	0	0	
0.681	0.259259	-1.35769	0.0967742	3.85715	0.933181	0.373272	1	0	0	0	0	0	0	0	0	
0.682	0.259259	-1.35769	0.0967742	3.85715	0.933181	0.373272	1	0	0	0	0	0	0	0	0	
0.683	0.259259	-1.35769	0.0967742	3.85715	0.933181	0.373272	1	0	0	0	0	0	0	0	0	
0.684	0.259259	-1.35769	0.0967742	3.85715	0.933181	0.373272	1	0	0	0	0	0	0	0	0	
0.685	0.259259	-1.35769	0.0967742	3.85715	0.933181	0.373272	1	0	0	0	0	0	0	0	0	
0.686	0.259259	-1.35769	0.0967742	3.85715	0.933181	0.373272	1	0	0	0	0	0	0	0	0	
0.687	0.259259	-1.35769	0.0967742	3.85715	0.933181	0.373272	1	0	0	0	0	0	0	0	0	
0.688	0.259259	-1.35769	0.0967742	3.85715	0.933181	0.373272	1	0	0	0	0	0	0	0	0	
0.689	0.259259	-1.35769	0.0967742	3.85715	0.933181	0.373272	1	0	0	0	0	0	0	0	0	
0.69	0.259259	-1.35769	0.0967742	3.85715	0.933181	0.373272	1	0	0	0	0	0	0	0	0	
0.691	0.259259	-1.35769	0.0967742	3.85715	0.933181	0.373272	1	0	0	0	0	0	0	0	0	
0.692	0.259259	-1.35769	0.0967742	3.85715	0.933181	0.373272	1	0	0	0	0	0	0	0	0	
0.693	0.259259	-1.35769	0.0967742	3.85715	0.933181	0.373272	1	0	0	0	0	0	0	0	0	
0.694	0.259259	-1.35769	0.0967742	3.85715	0.933181	0.373272	1	0	0	0	0	0	0	0	0	
0.695	0.259259	-1.35769	0.0967742	3.85715	0.933181	0.373272	1	0	0	0	0	0	0	0	0	
0.696	0.259259	-1.35769	0.0967742	3.85715	0.933181	0.373272	1	0	0	0	0	0	0	0	0	
0.697	0.259259	-1.35769	0.0967742	3.85715	0.933181	0.373272	1	0	0	0	0	0	0	0	0	
0.698	0.259259	-1.35769	0.0967742	3.85715	0.933181	0.373272	1	0	0	0	0	0	0	0	0	
0.699	0.259259	-1.35769	0.0967742	3.85715	0.933181	0.373272	1	0	0	0	0	0	0	0	0	
0.7	0.259259	-1.35769	0.0967742	3.85715	0.933181	0.373272	1	0	0	0	0	0	0	0	0	
0.701	0.259259	-1.35769	0.0967742	3.85715	0.933181	0.373272	1	0	0	0	0	0	0	0	0	
0.702	0.259259	-1.35769	0.0967742	3.85715	0.933181	0.373272	1	0	0	0	0	0	0	0	0	
0.703	0.259259	-1.35769	0.0967742	3.85715	0.933181	0.373272	1	0	0	0	0	0	0	0	0	
0.704	0.259259	-1.35769	0.0967742	3.85715	0.933181	0.373272	1	0	0	0	0	0	0	0	0	
0.705	0.259259	-1.35769	0.0967742	3.85715	0.933181	0.373272	1	0	0	0	0	0	0	0	0	
0.706	0.259259	-1.35769	0.0967742	3.85715	0.933181	0.373272	1	0	0	0	0	0	0	0	0	
0.707	0.259259	-1.35769	0.0967742	3.85715	0.933181	0.373272	1	0	0	0	0	0	0	0	0	
0.708	0.259259	-1.35769	0.0967742	3.85715	0.933181	0.373272	1	0	0	0	0	0	0	0	0	
0.709	0.259259	-1.35769	0.0967742	3.85715	0.933181	0.373272	1	0	0	0	0	0	0	0	0	
0.71	0.259259	-1.35769	0.0967742	3.85715	0.933181	0.373272	1	0	0	0	0	0	0	0	0	
0.711	0.259259	-1.35769	0.0967742	3.85715	0.933181	0.373272	1	0	0	0	0	0	0	0	0	
0.712	0.259259	-1.35769	0.0967742	3.85715	0.933181	0.373272	1	0	0	0	0	0	0	0	0	
0.713	0.259259	-1.35769	0.0967742	3.85715	0.933181	0.373272	1	0	0	0	0	0	0	0	0	
0.714	0.259259	-1.35769	0.0967742	3.85715	0.933181	0.373272	1	0	0	0	0	0	0	0	0	
0.715	0.259259	-1.35769	0.0967742	3.85715	0.933181	0.373272	1	0	0	0	0	0	0	0	0	
0.716	0.259259	-1.35769	0.0967742	3.85715	0.933181	0.373272	1	0	0	0	0	0	0	0	0	
0.717	0.259259	-1.35769	0.0967742	3.85715	0.933181	0.373272	1	0	0	0	0	0	0	0	0	
0.718	0.259259	-1.35769	0.0967742	3.85715	0.933181	0.373272	1	0	0	0	0	0	0	0	0	
0.719	0.259259	-1.35769	0.0967742	3.85715	0.933181	0.373272	1	0	0	0	0	0	0	0	0	
0.72	0.259259	-1.35769	0.0967742	3.85715	0.933181	0.373272	1	0	0	0	0	0	0	0	0	
0.721	0.259259	-1.35769	0.0967742	3.85715	0.933181	0.373272	1	0	0	0	0	0	0	0	0	
0.722	0.259259	-1.35769	0.0967742	3.85715	0.933181	0.373272	1	0	0	0	0	0	0	0	0	
0.723	0.259259	-1.35769	0.0967742	3.85715	0.933181	0.373272	1	0	0	0	0	0	0	0	0	
0.724	0.259259	-1.35769	0.0967742	3.85715	0.933181	0.373272	1	0	0	0	0	0	0	0	0	
0.725	0.259259	-1.35769	0.0967742	3.85715	0.933181	0.373272	1	0	0	0	0	0	0	0	0	
0.726	0.259259	-1.35769	0.0967742	3.85715	0.933181	0.373272	1	0	0	0	0	0	0	0	0	
0.727	0.259259	-1.35769	0.0967742	3.85715	0.933181	0.373272	1	0	0	0	0	0	0	0	0	
0.728	0.259259	-1.35769	0.0967742	3.85715	0.933181	0.373272	1	0	0	0	0	0	0	0	0	
0.729	0.259259	-1.35769	0.0967742	3.85715	0.933181	0.373272	1	0	0	0	0	0	0	0	0	
0.73	0.259259	-1.35769	0.0967742	3.85715	0.933181	0.373272	1	0	0	0	0	0	0	0	0	
0.731	0.259259	-1.35769	0.0967742	3.85715	0.933181	0.373272	1	0	0	0	0	0	0	0	0	
0.732	0.259259	-1.35769	0.0967742	3.85715	0.933181	0.373272	1	0	0	0	0	0	0	0	0	
0.733	0.259259	-1.35769	0.0967742	3.85715	0.933181	0.373272	1	0	0	0	0	0	0	0	0	
0.734	0.259259	-1.35769	0.0967742	3.85715	0.933181	0.373272	1	0	0	0	0	0	0	0	0	
0.735	0.259259	-1.35769	0.0967742	3.85715	0.933181	0.373272	1	0	0	0	0	0	0	0	0	
0.736	0.259259	-1.35769	0.0967742	3.85715	0.933181	0.373272	1	0	0	0	0	0	0	0	0	
0.737	0.259259	-1.35769	0.0967742	3.85715	0.933181	0.373272	1	0	0	0	0	0	0	0	0	
0.738	0.259259	-1.35769	0.0967742	3.85715	0.933181	0.373272	1	0	0	0	0	0	0	0	0	
0.739	0.259259	-1.35769	0.0967742	3.85715	0.933181	0.373272	1	0	0	0	0	0	0	0	0	
0.74	0.259259	-1.35769	0.0967742	3.85715	0.933181	0.373272	1	0	0	0	0	0	0	0	0	
0.741	0.259259	-1.35769	0.0967742	3.85715	0.933181	0.373272	1	0	0	0	0	0	0	0	0	
0.742	0.259259	-1.35769	0.0967742	3.85715	0.933181	0.373272	1	0	0	0	0	0	0	0	0	
0.743	0.259259	-1.35769	0.0967742	3.85715	0.933181	0.373272	1	0	0	0	0	0	0	0	0	
0.744	0.259259	-1.35769	0.0967742	3.85715	0.933181	0.373272	1	0	0	0	0	0	0	0	0	
0.745	0.259259	-1.35769	0.0967742	3.85715	0.933181	0.373272	1	0	0	0	0	0	0	0	0	
0.746	0.259259	-1.35769	0.0967742	3.85715	0.933181	0.373272	1	0	0	0	0	0	0	0	0	
0.747	0.259259	-1.35769	0.0967742	3.85715	0.933181	0.373272	1	0	0	0	0	0	0	0	0	
0.748	0.259259	-1.35769	0.0967742	3.85715	0.933181	0.373272	1	0	0	0	0	0	0	0	0	
0.749	0.259259	-1.35769	0.0967742	3.85715	0.933181	0.373272	1	0	0	0	0	0	0	0	0	
0.75	0.259259	-1.35769	0.0967742	3.85715	0.933181	0.373272	1	0	0	0	0	0	0	0	0	
0.751	0.259259	-1.35769	0.0967742	3.85715	0.933181	0.373272	1	0	0	0	0	0	0	0	0	
0.752	0.259259	-1.35769	0.0967742	3.85715	0.933181	0.373272	1	0	0	0	0	0	0	0	0	
0.753	0.259259	-1.35769	0.0967742	3.85715	0.933181	0.373272	1	0	0	0	0	0	0	0	0	
0.754	0.259259	-1.35769	0.0967742	3.85715	0.933181	0.373272	1	0	0	0	0	0	0	0	0	
0.755	0.259259	-1.35769	0.0967742	3.85715	0.933181	0.373272	1	0	0	0	0	0	0	0	0	
0.756	0.259259	-1.35769	0.0967742	3.85715	0.933181	0.373272	1	0	0	0	0	0	0	0	0	
0.757	0.259259	-1.35769	0.0967742	3.85715	0.933181	0.373272	1	0	0	0	0	0	0	0	0	
0.758	0.259259	-1.35769	0.0967742	3.85715	0.933181	0.373272	1	0	0	0	0	0	0	0	0	
0.759	0.259259	-1.35769	0.0967742	3.85715	0.933181	0.373272	1	0	0	0	0	0	0	0	0	
0.76	0.259259	-1.35769	0.0967742	3.85715	0.933181	0.373272	1	0	0	0	0	0	0	0	0	
0.761	0.259259	-1.35769	0.0967742	3.85715	0.933181	0.373272	1	0	0	0	0	0	0	0	0	
0.762	0.259259	-1.35769	0.0967742	3.85715	0.933181	0.373272	1	0	0	0	0	0	0	0	0	
0.763	0.259259	-1.35769	0.0967742	3.85715	0.933181	0.373272	1	0	0	0	0	0	0	0	0	
0.764	0.259259	-1.35769	0.0967742	3.85715	0.933181	0.373272	1	0	0	0	0	0	0	0	0	
0.765	0.259259	-1.35769	0.0967742	3.85715	0.933181	0.373272	1	0	0	0	0	0	0	0	0	
0.766	0.259259	-1.35769	0.0967742	3.85715	0.933181	0.373272	1	0	0	0	0	0	0	0	0	
0.767	0.259259	-1.35769	0.0967742	3.85715	0.933181	0.373272	1	0	0	0	0	0	0	0	0	
0.768	0.259259	-1.35769	0.0967742	3.85715	0.933181	0.373272	1	0	0	0	0	0	0	0	0	
0.769	0.259259	-1.35769	0.0967742	3.85715	0.933181	0.373272	1	0	0	0	0	0	0	0	0	
0.77	0.259259	-1.35769	0.0967742	3.85715	0.933181	0.373272	1	0	0	0	0	0	0	0	0	
0.771	0.259259	-1.35769	0.0967742	3.85715	0.933181	0.373272	1	0	0	0	0	0	0	0	0	
0.772	0.259259	-1.35769	0.0967742	3.85715	0.933181	0.373272	1	0	0	0	0	0	0	0	0	
0.773	0.259259	-1.35769	0.0967742	3.85715	0.933181	0.373272	1	0	0	0	0	0	0	0	0	
0.774	0.259259	-1.35769	0.0967742	3.85715	0.933181	0.373272	1	0	0	0	0	0	0	0	0	
0.775	0.259259	-1.35769	0.0967742	3.85715	0.933181	0.373272	1	0	0	0	0	0	0	0	0	
0.776	0.259259	-1.35769	0.0967742	3.85715	0.933181	0.373272	1	0	0	0	0	0	0	0	0	
0.777	0.259259	-1.35769	0.0967742	3.85715	0.933181	0.373272	1	0	0	0	0	0	0	0	0	
0.778	0.259259	-1.35769	0.0967742	3.85715	0.933181	0.373272	1	0	0	0	0	0	0	0	0	
0.779	0.259259	-1.35769	0.0967742	3.85715	0.933181	0.373272	1	0	0	0	0	0	0	0	0	
0.78	0.259259	-1.35769	0.0967742	3.85715	0.933181	0.373272	1	0	0	0	0	0	0	0	0	
0.781	0.259259	-1.35769	0.0967742	3.85715	0.933181	0.373272	1	0	0	0	0	0	0	0	0	
0.782	0.259259	-1.35769	0.0967742	3.85715	0.933181	0.373272	1	0	0	0	0	0	0	0	0	
0.783	0.259259	-1.35769	0.0967742	3.85715	0.933181	0.373272	1	0	0	0	0	0	0	0	0	
0.784	0.259259	-1.35769	0.0967742	3.85715	0.933181	0.373272	1	0	0	0	0	0	0	0	0	
0.785	0.259259	-1.35769	0.0967742	3.85715	0.933181	0.373272	1	0	0	0	0	0	0	0	0	
0.786	0.259259	-1.35769	0.0967742	3.85715	0.933181	0.373272	1	0	0	0	0	0	0	0	0	
0.787	0.259259	-1.35769	0.0967742	3.85715	0.933181	0.373272	1	0	0	0	0	0	0	0	0	
0.788	0.259259	-1.35769	0.0967742	3.85715	0.933181	0.373272	1	0	0	0	0	0	0	0	0	
0.789	0.259259	-1.35769	0.0967742	3.85715	0.933181	0.373272	1	0	0	0	0	0	0	0	0	
0.79	0.259259	-1.35769	0.0967742	3.85715	0.933181	0.373272	1	0	0	0	0	0	0	0	0	
0.791	0.259259	-1.35769	0.0967742	3.85715	0.933181	0.373272	1	0	0	0	0	0	0	0	0	
0.792	0.259259	-1.35769	0.0967742	3.85715	0.933181	0.373272	1	0	0	0	0	0	0	0	0	
0.793	0.259259	-1.35769	0.0967742	3.85715	0.933181	0.373272	1	0	0	0	0	0	0	0	0	
0.794	0.259259	-1.35769	0.0967742	3.85715	0.933181	0.373272	1	0	0	0	0	0	0	0	0	
0.795	0.259259	-1.35769	0.0967742	3.85715	0.933181	0.373272	1	0	0	0	0	0	0	0	0	
0.796	0.259259	-1.35769	0.0967742	3.85715	0.933181	0.373272	1	0	0	0	0	0	0	0	0	
0.797	0.259259	-1.35769	0.0967742	3.85715	0.933181	0.373272	1	0	0	0	0	0	0	0	0	
0.798	0.259259	-1.35769	0.0967742	3.85715	0.933181	0.373272	1	0	0	0	0	0	0	0	0	
0.799	0.259259	-1.35769	0.0967742	3.85715	0.933181	0.373272	1	0	0	0	0	0	0	0	0	
0.8	0.259259	-1.35769	0.0967742	3.85715	0.933181	0.373272	1	0	0	0	0	0	0	0	0	
0.801	0.259259	-1.35769	0.0967742	3.85715	0.933181	0.373272	1	0	0	0	0	0	0	0	0	
0.802	0.259259	-1.35769	0.0967742	3.85715	0.933181	0.373272	1	0	0	0	0	0	0	0	0	
0.803	0.259259	-1.35769	0.0967742	3.85715	0.933181	0.373272	1	0	0	0	0	0	0	0	0	
0.804	0.259259	-1.35769	0.0967742	3.85715	0.933181	0.373272	1	0	0	0	0	0	0	0	0	
0.805	0.259259	-1.35769	0.0967742	3.85715	0.933181	0.373272	1	0	0	0	0	0	0	0	0	
0.806	0.259259	-1.35769	0.0967742	3.85715	0.933181	0.373272	1	0	0	0	0	0	0	0	0	
0.807	0.259259	-1.35769	0.0967742	3.85715	0.933181	0.373272	1	0	0	0	0	0	0	0	0	
0.808	0.259259	-1.35769	0.0967742	3.85715	0.933181	0.373272	1	0	0	0	0	0	0	0	0	
0.809	0.259259	-1.35769	0.0967742	3.85715	0.933181	0.373272	1	0	0	0	0	0	0	0	0	
0.81	0.259259	-1.35769	0.0967742	3.85715	0.933181	0.373272	1	0	0	0	0	0	0	0	0	
0.811	0.259259	-1.35769	0.0967742	3.85715	0.933181	0.373272	1	0	0	0	0	0	0	0	0	
0.812	0.259259	-1.35769	0.0967742	3.85715	0.933181	0.373272	1	0	0	0	0	0	0	0	0	
0.813	0.259259	-1.35769	0.0967742	3.85715	0.933181	0.373272	1	0	0	0	0	0	0	0	0	
0.814	0.259259	-1.35769	0.0967742	3.85715	0.933181	0.373272	1	0	0	0	0	0	0	0	0	
0.815	0.259259	-1.35769	0.0967742	3.85715	0.933181	0.373272	1	0	0	0	0	0	0	0	0	
0.816	0.259259	-1.35769	0.0967742	3.85715	0.933181	0.373272	1	0	0	0	0	0	0	0	0	
0.817	0.259259	-1.35769	0.0967742	3.85715	0.933181	0.373272	1	0	0	0	0	0	0	0	0	
0.818	0.259259	-1.35769	0.0967742	3.85715	0.933181	0.373272	1	0	0	0	0	0	0	0	0	
0.819	0.259259	-1.35769	0.0967742	3.85715	0.933181	0.373272	1	0	0	0	0	0	0	0	0	
0.82	0.259259	-1.35769	0.0967742	3.85715	0.933181	0.373272	1	0	0	0	0	0	0	0	0	
0.821	0.259259	-1.35769	0.0967742	3.85715	0.933181	0.373272	1	0	0	0	0	0	0	0	0	
0.822	0.259259	-1.35769	0.0967742	3.85715	0.933181	0.373272	1	0	0	0	0	0	0	0	0	
0.823	0.259259	-1.35769	0.0967742	3.85715	0.933181	0.373272	1	0	0	0	0	0	0	0	0	
0.824	0.259259	-1.35769	0.0967742	3.85715	0.933181	0.373272	1	0	0	0	0	0	0	0	0	
0.825	0.259259	-1.35769	0.0967742	3.85715	0.933181	0.373272	1	0	0	0	0	0	0	0	0	
0.826	0.259259	-1.35769	0.0967742	3.85715	0.933181	0.373272	1	0	0	0	0	0	0	0	0	
0.827	0.259259	-1.35769	0.0967742	3.85715	0.933181	0.373272	1	0	0	0	0	0	0	0	0	
0.828	0.259259	-1.35769	0.0967742	3.85715	0.933181	0.373272	1	0	0	0	0	0	0	0	0	
0.829	0.259259	-1.35769	0.0967742	3.85715	0.933181	0.373272	1	0	0	0	0	0	0	0	0	
0.83	0.259259	-1.35769	0.0967742	3.85715	0.933181	0.373272	1	0	0	0	0	0	0	0	0	
0.831	0.259259	-1.35769	0.0967742	3.85715	0.933181	0.373272	1	0	0	0	0	0	0	0	0	
0.832	0.259259	-1.35769	0.0967742	3.85715	0.933181	0.373272	1	0	0	0	0	0	0	0	0	
0.833	0.259259	-1.35769	0.0967742	3.85715	0.933181	0.373272	1	0	0	0	0	0	0	0	0	
0.834	0.259259	-1.35769	0.0967742	3.85715	0.933181	0.373272	1	0	0	0	0	0	0	0	0	
0.835	0.259259	-1.35769	0.0967742	3.85715	0.933181	0.373272	1	0	0	0	0	0	0	0	0	
0.836	0.259259	-1.35769	0.0967742	3.85715	0.933181	0.373272	1	0	0	0	0	0	0	0	0	
0.837	0.259259	-1.35769	0.0967742	3.85715	0.933181	0.373272	1	0	0	0	0	0	0	0	0	
0.838	0.259259	-1.35769	0.0967742	3.85715	0.933181	0.373272	1	0	0	0	0	0	0	0	0	
0.839	0.259259	-1.35769	0.0967742	3.85715	0.933181	0.373272	1	0	0	0	0	0	0	0	0	
0.84	0.259259	-1.35769	0.0967742	3.85715	0.933181	0.373272	1	0	0	0	0	0	0	0	0	
0.841	0.259259	-1.35769	0.0967742	3.85715	0.933181	0.373272	1	0	0	0	0	0	0	0	0	
0.842	0.259259	-1.35769	0.0967742	3.85715	0.933181	0.373272	1	0	0	0	0	0	0	0	0	
0.843	0.259259	-1.35769	0.0967742	3.85715	0.933181	0.373272	1	0	0	0	0	0	0	0	0	
0.844	0.259259	-1.35769	0.0967742	3.85715	0.933181	0.373272	1	0	0	0	0	0	0	0	0	
0.845	0.259259	-1.35769	0.0967742	3.85715	0.933181	0.373272	1	0	0	0	0	0	0	0	0	
0.846	0.259259	-1.35769	0.0967742	3.85715	0.933181	0.373272	1	0	0	0	0	0	0	0	0	
0.847	0.259259	-1.35769	0.0967742	3.85715	0.933181	0.373272	1	0	0	0	0	0	0	0	0	
0.848	0.259259	-1.35769	0.0967742	3.85715	0.933181	0.373272	1	0	0	0	0	0	0	0	0	
0.849	0.259259	-1.35769	0.0967742	3.85715	0.933181	0.373272	1	0	0	0	0	0	0	0	0	
0.85	0.259259	-1.35769	0.0967742	3.85715	0.933181	0.373272	1	0	0	0	0	0	0	0	0	
0.851	0.259259	-1.35769	0.0967742	3.85715	0.933181	0.373272	1	0	0	0	0	0	0	0	0	
0.852	0.259259	-1.35769	0.0967742	3.85715	0.933181	0.373272	1	0	0	0	0	0	0	0	0	
0.853	0.259259	-1.35769	0.0967742	3.85715	0.933181	0.373272	1	0	0	0	0	0	0	0	0	
0.854	0.259259	-1.35769	0.0967742	3.85715	0.933181	0.373272	1	0	0	0	0	0	0	0	0	
0.855	0.259259	-1.35769	0.0967742	3.85715	0.933181	0.373272	1	0	0	0	0	0	0	0	0	
0.856	0.259259	-1.35769	0.0967742	3.85715	0.933181	0.373272	1	0	0	0	0	0	0	0	0	
0.857	0.259259	-1.35769	0.0967742	3.85715	0.933181	0.373272	1	0	0	0	0	0	0	0	0	
0.858	0.259259	-1.35769	0.0967742	3.85715	0.933181	0.373272	1	0	0	0	0	0	0	0	0	
0.859	0.259259	-1.35769	0.0967742	3.85715	0.933181	0.373272	1	0	0	0	0	0	0	0	0	
0.86	0.259259	-1.35769	0.0967742	3.85715	0.933181	0.373272	1	0	0	0	0	0	0	0	0	
0.861	0.259259	-1.35769	0.0967742	3.85715	0.933181	0.373272	1	0	0	0	0	0	0	0	0	
0.862	0.259259	-1.35769	0.0967742	3.85715	0.933181	0.373272	1	0	0	0	0	0	0	0	0	
0.863	0.259259	-1.35769	0.0967742	3.85715	0.933181	0.373272	1	0	0	0	0	0	0	0	0	
0.864	0.259259	-1.35769	0.0967742	3.85715	0.933181	0.373272	1	0	0	0	0	0	0	0	0	
0.865	0.259259	-1.35769	0.0967742	3.85715	0.933181	0.373272	1	0	0	0	0	0	0	0	0	
0.866	0.259259	-1.35769	0.0967742	3.85715	0.933181	0.373272	1	0	0	0	0	0	0	0	0	
0.867	0.259259	-1.35769	0.0967742	3.85715	0.933181	0.373272	1	0	0	0	0	0	0	0	0	
0.868	0.259259	-1.35769	0.0967742	3.85715	0.933181	0.373272	1	0	0	0	0	0	0	0	0	
0.869	0.259259	-1.35769	0.0967742	3.85715	0.933181	0.373272	1	0	0	0	0	0	0	0	0	
0.87	0.259259	-1.35769	0.0967742	3.85715	0.933181	0.373272	1	0	0	0	0	0	0	0	0	
0.871	0.259259	-1.35769	0.0967742	3.85715	0.933181	0.373272	1	0	0	0	0	0	0	0	0	
0.872	0.259259	-1.35769	0.0967742	3.85715	0.933181	0.373272	1	0	0	0	0	0	0	0	0	
0.873	0.259259	-1.35769	0.0967742	3.85715	0.933181	0.373272	1	0	0	0	0	0	0	0	0	
0.874	0.259259	-1.35769	0.0967742	3.85715	0.933181	0.373272	1	0	0	0	0	0	0	0	0	
0.875	0.259259	-1.35769	0.0967742	3.85715	0.933181	0.373272	1	0	0	0	0	0	0	0	0	
0.876	0.259259	-1.35769	0.0967742	3.85715	0.933181	0.373272	1	0	0	0	0	0	0	0	0	
0.877	0.259259	-1.35769	0.0967742	3.85715	0.933181	0.373272	1	0	0	0	0	0	0	0	0	
0.878	0.259259	-1.35769	0.0967742	3.85715	0.933181	0.373272	1	0	0	0	0	0	0	0	0	
0.879	0.259259	-1.35769	0.0967742	3.85715	0.933181	0.373272	1	0	0	0	0	0	0	0	0	
0.88	0.259259	-1.35769	0.0967742	3.85715	0.933181	0.373272	1	0	0	0	0	0	0	0	0	
0.881	0.259259	-1.35769	0.0967742	3.85715	0.933181	0.373272	1	0	0	0	0	0	0	0	0	
0.882	0.259259	-1.35769	0.0967742	3.85715	0.933181	0.373272	1	0	0	0	0	0	0	0	0	
0.883	0.259259	-1.35769	0.0967742	3.85715	0.933181	0.373272	1	0	0	0	0	0	0	0	0	
0.884	0.259259	-1.35769	0.0967742	3.85715	0.933181	0.373272	1	0	0	0	0	0	0	0	0	
0.885	0.259259	-1.35769	0.0967742	3.85715	0.933181	0.373272	1	0	0	0	0	0	0	0	0	
0.886	0.259259	-1.35769	0.0967742	3.85715	0.933181	0.373272	1	0	0	0	0	0	0	0	0	
0.887	0.259259	-1.35769	0.0967742	3.85715	0.933181	0.373272	1	0	0	0	0	0	0	0	0	
0.888	0.259259	-1.35769	0.0967742	3.85715	0.933181	0.373272	1	0	0	0	0	0	0	0	0	
0.889	0.259259	-1.35769	0.0967742	3.85715	0.933181	0.373272	1	0	0	0	0	0	0	0	0	
0.89	0.259259	-1.35769	0.0967742	3.85715	0.933181	0.373272	1	0	0	0	0	0	0	0	0	
0.891	0.259259	-1.35769	0.0967742	3.85715	0.933181	0.373272	1	0	0	0	0	0	0	0	0	
0.892	0.259259	-1.35769	0.0967742	3.85715	0.933181	0.373272	1	0	0	0	0	0	0	0	0	
0.893	0.259259	-1.35769	0.0967742	3.85715	0.933181	0.373272	1	0	0	0	0	0	0	0	0	
0.894	0.259259	-1.35769	0.0967742	3.85715	0.933181	0.373272	1	0	0	0	0	0	0	0	0	
0.895	0.259259	-1.35769	0.0967742	3.85715	0.933181	0.373272	1	0	0	0	0	0	0	0	0	
0.896	0.259259	-1.35769	0.0967742	3.85715	0.933181	0.373272	1	0	0	0	0	0	0	0	0	
0.897	0.259259	-1.35769	0.0967742	3.85715	0.933181	0.373272	1	0	0	0	0	0	0	0	0	
0.898	0.259259	-1.35769	0.0967742	3.85715	0.933181	0.373272	1	0	0	0	0	0	0	0	0	
0.899	0.259259	-1.35769	0.0967742	3.85715	0.933181	0.373272	1	0	0	0	0	0	0	0	0	
0.9	0.259259	-1.35769	0.0967742	3.85715	0.933181	0.373272	1	0	0	0	0	0	0	0	0	
0.901	0.259259	-1.35769	0.0967742	3.85715	0.933181	0.373272	1	0	0	0	0	0	0	0	0	
0.902	0.259259	-1.35769	0.0967742	3.85715	0.933181	0.373272	1	0	0	0	0	0	0	0	0	
0.903	0.259259	-1.35769	0.0967742	3.85715	0.933181	0.373272	1	0	0	0	0	0	0	0	0	
0.904	0.259259	-1.35769	0.0967742	3.85715	0.933181	0.373272	1	0	0	0	0	0	0	0	0	
0.905	0.259259	-1.35769	0.0967742	3.85715	0.933181	0.373272	1	0	0	0	0	0	0	0	0	
0.906	0.259259	-1.35769	0.0967742	3.85715	0.933181	0.373272	1	0	0	0	0	0	0	0	0	
0.907	0.259259	-1.35769	0.0967742	3.85715	0.933181	0.373272	1	0	0	0	0	0	0	0	0	
0.908	0.259259	-1.35769	0.0967742	3.85715	0.933181	0.373272	1	0	0	0	0	0	0	0	0	
0.909	0.259259	-1.35769	0.0967742	3.85715	0.933181	0.373272	1	0	0	0	0	0	0	0	0	
0.91	0.259259	-1.35769	0.0967742	3.85715	0.933181	0.373272	1	0	0	0	0	0	0	0	0	
0.911	0.259259	-1.35769	0.0967742	3.85715	0.933181	0.373272	1	0	0	0	0	0	0	0	0	
0.912	0.259259	-1.35769	0.0967742	3.85715	0.933181	0.373272	1	0	0	0	0	0	0	0	0	
0.913	0.259259	-1.35769	0.0967742	3.85715	0.933181	0.373272	1	0	0	0	0	0	0	0	0	
0.914	0.259259	-1.35769	0.0967742	3.85715	0.933181	0.373272	1	0	0	0	0	0	0	0	0	
0.915	0.259259	-1.35769	0.0967742	3.85715	0.933181	0.373272	1	0	0	0	0	0	0	0	0	
0.916	0.259259	-1.35769	0.0967742	3.85715	0.933181	0.373272	1	0	0	0	0	0	0	0	0	
0.917	0.259259	-1.35769	0.0967742	3.85715	0.933181	0.373272	1	0	0	0	0	0	0	0	0	
0.918	0.259259	-1.35769	0.0967742	3.85715	0.933181	0.373272	1	0	0	0	0	0	0	0	0	
0.919	0.259259	-1.35769	0.0967742	3.85715	0.933181	0.373272	1	0	0	0	0	0	0	0	0	
0.92	0.259259	-1.35769	0.0967742	3.85715	0.933181	0.373272	1	0	0	0	0	0	0	0	0	
0.921	0.259259	-1.35769	0.0967742	3.85715	0.933181	0.373272	1	0	0	0	0	0	0	0	0	
0.922	0.259259	-1.35769	0.0967742	3.85715	0.933181	0.373272	1	0	0	0	0	0	0	0	0	
0.923	0.259259	-1.35769	0.0967742	3.85715	0.933181	0.373272	1	0	0	0	0	0	0	0	0	
0.924	0.259259	-1.35769	0.0967742	3.85715	0.933181	0.373272	1	0	0	0	0	0	0	0	0	
0.925	0.259259	-1.35769	0.0967742	3.85715	0.933181	0.373272	1	0	0	0	0	0	0	0	0	
0.926	0.259259	-1.35769	0.0967742	3.85715	0.933181	0.373272	1	0	0	0	0	0	0	0	0	
0.927	0.259259	-1.35769	0.0967742	3.85715	0.933181	0.373272	1	0	0	0	0	0	0	0	0	
0.928	0.259259	-1.35769	0.0967742	3.85715	0.933181	0.373272	1	0	0	0	0	0	0	0	0	
0.929	0.259259	-1.35769	0.0967742	3.85715	0.933181	0.373272	1	0	0	0	0	0	0	0	0	
0.93	0.259259	-1.35769	0.0967742	3.85715	0.933181	0.373272	1	0	0	0	0	0	0	0	0	
0.931	0.259259	-1.35769	0.0967742	3.85715	0.933181	0.373272	1	0	0	0	0	0	0	0	0	
0.932	0.259259	-1.35769	0.0967742	3.85715	0.933181	0.373272	1	0	0	0	0	0	0	0	0	
0.933	0.259259	-1.35769	0.0967742	3.85715	0.933181	0.373272	1	0	0	0	0	0	0	0	0	
0.934	0.259259	-1.35769	0.0967742	3.85715	0.933181	0.373272	1	0	0	0	0	0	0	0	0	
0.935	0.259259	-1.35769	0.0967742	3.85715	0.933181	0.373272	1	0	0	0	0	0	0	0	0	
0.936	0.259259	-1.35769	0.0967742	3.85715	0.933181	0.373272	1	0	0	0	0	0	0	0	0	
0.937	0.259259	-1.35769	0.0967742	3.85715	0.933181	0.373272	1	0	0	0	0	0	0	0	0	
0.938	0.259259	-1.35769	0.0967742	3.85715	0.933181	0.373272	1	0	0	0	0	0	0	0	0	
0.939	0.259259	-1.35769	0.0967742	3.85715	0.933181	0.373272	1	0	0	0	0	0	0	0	0	
0.94	0.259259	-1.35769	0.0967742	3.85715	0.933181	0.373272	1	0	0	0	0	0	0	0	0	
0.941	0.259259	-1.35769	0.0967742	3.85715	0.933181	0.373272	1	0	0	0	0	0	0	0	0	
0.942	0.259259	-1.35769	0.0967742	3.85715	0.933181	0.373272	1	0	0	0	0	0	0	0	0	
0.943	0.259259	-1.35769	0.0967742	3.85715	0.933181	0.373272	1	0	0	0	0	0	0	0	0	
0.944	0.259259	-1.35769	0.0967742	3.85715	0.933181	0.373272	1	0	0	0	0	0	0	0	0	
0.945	0.259259	-1.35769	0.0967742	3.85715	0.933181	0.373272	1	0	0	0	0	0	0	0	0	
0.946	0.259259	-1.35769	0.0967742	3.85715	0.933181	0.373272	1	0	0	0	0	0	0	0	0	
0.947	0.259259	-1.35769	0.0967742	3.85715	0.933181	0.373272	1	0	0	0	0	0	0	0	0	
0.948	0.259259	-1.35769	0.0967742	3.85715	0.933181	0.373272	1	0	0	0	0	0	0	0	0	
0.949	0.259259	-1.35769	0.0967742	3.85715	0.933181	0.373272	1	0	0	0	0	0	0	0	0	
0.95	0.259259	-1.35769	0.0967742	3.85715	0.933181	0.373272	1	0	0	0	0	0	0	0	0	
0.951	0.259259	-1.35769	0.0967742	3.85715	0.933181	0.373272	1	0	0	0	0	0	0	0	0	
0.952	0.259259	-1.35769	0.0967742	3.85715	0.933181	0.373272	1	0	0	0	0	0	0	0	0	
0.953	0.259259	-1.35769	0.0967742	3.85715	0.933181	0.373272	1	0	0	0	0	0	0	0	0	
0.954	0.259259	-1.35769	0.0967742	3.85715	0.933181	0.373272	1	0	0	0	0	0	0	0	0	
0.955	0.259259	-1.35769	0.0967742	3.85715	0.933181	0.373272	1	0	0	0	0	0	0	0	0	
0.956	0.259259	-1.35769	0.0967742	3.85715	0.933181	0.373272	1	0	0	0	0	0	0	0	0	
0.957	0.259259	-1.35769	0.0967742	3.85715	0.933181	0.373272	1	0	0	0	0	0	0	0	0	
0.958	0.259259	-1.35769	0.0967742	3.85715	0.933181	0.373272	1	0	0	0	0	0	0	0	0	
0.959	0.259259	-1.35769	0.0967742	3.85715	0.933181	0.373272	1	0	0	0	0	0	0	0	0	
0.96	0.259259	-1.35769	0.0967742	3.85715	0.933181	0.373272	1	0	0	0	0	0	0	0	0	
0.961	0.259259	-1.35769	0.0967742	3.85715	0.933181	0.373272	1	0	0	0	0	0	0	0	0	
0.962	0.259259	-1.35769	0.0967742	3.85715	0.933181	0.373272	1	0	0	0	0	0	0	0	0	
0.963	0.259259	-1.35769	0.0967742	3.85715	0.933181	0.373272	1	0	0	0	0	0	0	0	0	
0.964	0.259259	-1.35769	0.0967742	3.85715	0.933181	0.373272	1	0	0	0	0	0	0	0	0	
0.965	0.259259	-1.35769	0.0967742	3.85715	0.933181	0.373272	1	0	0	0	0	0	0	0	0	
0.966	0.259259	-1.35769	0.0967742	3.85715	0.933181	0.373272	1	0	0	0	0	0	0	0	0	
0.967	0.259259	-1.35769	0.0967742	3.85715	0.933181	0.373272	1	0	0	0	0	0	0	0	0	
0.968	0.259259	-1.35769	0.0967742	3.85715	0.933181	0.373272	1	0	0	0	0	0	0	0	0	
0.969	0.259259	-1.35769	0.0967742	3.85715	0.933181	0.373272	1	0	0	0	0	0	0	0	0	
0.97	0.259259	-1.35769	0.0967742	3.85715	0.933181	0.373272	1	0	0	0	0	0	0	0	0	
0.971	0.259259	-1.35769	0.0967742	3.85715	0.933181	0.373272	1	0	0	0	0	0	0	0	0	
0.972	0.259259	-1.35769	0.0967742	3.85715	0.933181	0.373272	1	0	0	0	0	0	0	0	0	
0.973	0.259259	-1.35769	0.0967742	3.85715	0.933181	0.373272	1	0	0	0	0	0	0	0	0	
0.974	0.259259	-1.35769	0.0967742	3.85715	0.933181	0.373272	1	0	0	0	0	0	0	0	0	
0.975	0.259259	-1.35769	0.0967742	3.85715	0.933181	0.373272	1	0	0	0	0	0	0	0	0	
0.976	0.259259	-1.35769	0.0967742	3.85715	0.933181	0.373272	1	0	0	0	0	0	0	0	0	
0.977	0.259259	-1.35769	0.0967742	3.85715	0.933181	0.373272	1	0	0	0	0	0	0	0	0	
0.978	0.259259	-1.35769	0.0967742	3.85715	0.933181	0.373272	1	0	0	0	0	0	0	0	0	
0.979	0.259259	-1.35769	0.0967742	3.85715	0.933181	0.373272	1	0	0	0	0	0	0	0	0	
0.98	0.259259	-1.35769	0.0967742	3.85715	0.933181	0.373272	1	0	0	0	0	0	0	0	0	
0.981	0.259259	-1.35769	0.0967742	3.85715	0.933181	0.373272	1	0	0	0	0	0	0	0	0	
0.982	0.259259	-1.35769	0.0967742	3.85715	0.933181	0.373272	1	0	0	0	0	0	0	0	0	
0.983	0.259259	-1.35769	0.0967742	3.85715	0.933181	0.373272	1	0	0	0	0	0	0	0	0	
0.984	0.259259	-1.35769	0.0967742	3.85715	0.933181	0.373272	1	0	0	0	0	0	0	0	0	
0.985	0.259259	-1.35769	0.0967742	3.85715	0.933181	0.373272	1	0	0	0	0	0	0	0	0	
0.986	0.259259	-1.35769	0.0967742	3.85715	0.933181	0.373272	1	0	0	0	0	0	0	0	0	
0.987	0.259259	-1.35769	0.0967742	3.85715	0.933181	0.373272	1	0	0	0	0	0	0	0	0	
0.988	0.259259	-1.35769	0.0967742	3.85715	0.933181	0.373272	1	0	0	0	0	0	0	0	0	
0.989	0.259259	-1.35769	0.0967742	3.85715	0.933181	0.373272	1	0	0	0	0	0	0	0	0	
0.99	0.259259	-1.35769	0.0967742	3.85715	0.933181	0.373272	1	0	0	0	0	0	0	0	0	
0.991	0.259259	-1.35769	0.0967742	3.85715	0.933181	0.373272	1	0	0	0	0	0	0	0	0	
0.992	0.259259	-1.35769	0.0967742	3.85715	0.933181	0.373272	1	0	0	0	0	0	0	0	0	
0.993	0.259259	-1.35769	0.0967742	3.85715	0.933181	0.373272	1	0	0	0	0	0	0	0	0	
0.994	0.259259	-1.35769	0.0967742	3.85715	0.933181	0.373272	1	0	0	0	0	0	0	0	0	
0.995	0.259259	-1.35769	0.0967742	3.85715	0.933181	0.373272	1	0	0	0	0	0	0	0	0	
0.996	0.259259	-1.35769	0.0967742	3.85715	0.933181	0.373272	1	0	0	0	0	0	0	0	0	
0.997	0.259259	-1.35769	0.0967742	3.85715	0.933181	0.373272	1	0	0	0	0	0	0	0	0	
0.998	0.259259	-1.35769	0.0967742	3.85715	0.933181	0.373272	1	0	0	0	0	0	0	0	0	
0.999	0.259259	-1.35769	0.0967742	3.85715	0.933181	0.373272	1	0	0	0	0	0	0	0	0	
1	0.259259	-1.35769	0.0967742	3.85715	0.933181	0.373272	1	0	0	0	0	0	0	0	0	
