|||||||||||||||||||||||||||||||||***SIMULATION: detonation***||||||||||||||||||||||||||||||||||
Sanpshot time = 1.05. Timestep = 2286. Run time = 3 seconds
No. of cells = 1000
#Position	 Density	 Velocity	 Pressure	 Specific_Volume I_Energy	 Temperature	 Species
-0.001	0.840404	-0.0022875	1.27015	1.1899	3.7784	0	0.658113	0	0	0	0	0	0	0	0	
0	0.837388	-0.000787317	1.27027	1.19419	3.79236	0	0.653829	0	0	0	0	0	0	0	0	
0.001	0.837388	0.000787317	1.27027	1.19419	3.79236	1.51695	0.653829	0	0	0	0	0	0	0	0	
0.002	0.840404	0.0022875	1.27015	1.1899	3.7784	1.51136	0.658113	0	0	0	0	0	0	0	0	
0.003	0.820324	0.00422633	1.27053	1.21903	3.87203	1.54881	0.629214	0	0	0	0	0	0	0	0	
0.004	0.857661	0.00560686	1.26955	1.16596	3.70062	1.48025	0.681885	0	0	0	0	0	0	0	0	
0.005	0.797307	0.00799965	1.27068	1.25422	3.98428	1.59371	0.594198	0	0	0	0	0	0	0	0	
0.006	0.8006	0.0111104	1.27041	1.24906	3.96707	1.58683	0.599598	0	0	0	0	0	0	0	0	
0.007	0.820899	0.0137427	1.26932	1.21818	3.86563	1.54625	0.630879	0	0	0	0	0	0	0	0	
0.008	0.827092	0.0159037	1.26837	1.20905	3.83382	1.53353	0.640533	0	0	0	0	0	0	0	0	
0.009	0.841367	0.0176046	1.26719	1.18854	3.76526	1.5061	0.661438	0	0	0	0	0	0	0	0	
0.01	0.853146	0.0188499	1.26599	1.17213	3.70978	1.48391	0.678259	0	0	0	0	0	0	0	0	
0.011	0.856476	0.0198604	1.26496	1.16757	3.69233	1.47693	0.683392	0	0	0	0	0	0	0	0	
0.012	0.864057	0.0206751	1.26385	1.15733	3.65674	1.4627	0.694052	0	0	0	0	0	0	0	0	
0.013	0.867734	0.021341	1.26281	1.15243	3.63824	1.4553	0.69948	0	0	0	0	0	0	0	0	
0.014	0.865156	0.0220113	1.2619	1.15586	3.64645	1.45858	0.696757	0	0	0	0	0	0	0	0	
0.015	0.866079	0.022697	1.26094	1.15463	3.63981	1.45592	0.698572	0	0	0	0	0	0	0	0	
0.016	0.867103	0.0233691	1.25998	1.15327	3.63273	1.45309	0.700517	0	0	0	0	0	0	0	0	
0.017	0.86495	0.0240778	1.25907	1.15614	3.63915	1.45566	0.698341	0	0	0	0	0	0	0	0	
0.018	0.863467	0.0248439	1.25816	1.15812	3.64276	1.45711	0.697027	0	0	0	0	0	0	0	0	
0.019	0.862948	0.0256475	1.25723	1.15882	3.64224	1.4569	0.696975	0	0	0	0	0	0	0	0	
0.02	0.862629	0.0264742	1.25627	1.15925	3.64082	1.45633	0.697193	0	0	0	0	0	0	0	0	
0.021	0.862811	0.0273108	1.25529	1.159	3.63723	1.45489	0.698075	0	0	0	0	0	0	0	0	
0.022	0.862914	0.0281526	1.2543	1.15886	3.63392	1.45357	0.698868	0	0	0	0	0	0	0	0	
0.023	0.863509	0.0289908	1.25329	1.15807	3.62848	1.45139	0.700317	0	0	0	0	0	0	0	0	
0.024	0.864846	0.0298076	1.25225	1.15628	3.61986	1.44794	0.702748	0	0	0	0	0	0	0	0	
0.025	0.865872	0.0306001	1.25119	1.1549	3.61253	1.44501	0.704795	0	0	0	0	0	0	0	0	
0.026	0.866815	0.0313722	1.25013	1.15365	3.60553	1.44221	0.706751	0	0	0	0	0	0	0	0	
0.027	0.868234	0.0321175	1.24905	1.15176	3.59651	1.43861	0.709331	0	0	0	0	0	0	0	0	
0.028	0.869534	0.032834	1.24795	1.15004	3.58799	1.4352	0.711768	0	0	0	0	0	0	0	0	
0.029	0.870355	0.0335304	1.24686	1.14896	3.58146	1.43259	0.7136	0	0	0	0	0	0	0	0	
0.03	0.871016	0.0342144	1.24576	1.14808	3.57559	1.43024	0.715236	0	0	0	0	0	0	0	0	
0.031	0.871765	0.0348869	1.24465	1.1471	3.56934	1.42774	0.716985	0	0	0	0	0	0	0	0	
0.032	0.872716	0.0355445	1.24353	1.14585	3.56225	1.4249	0.718991	0	0	0	0	0	0	0	0	
0.033	0.873897	0.036182	1.2424	1.1443	3.5542	1.42168	0.721286	0	0	0	0	0	0	0	0	
0.034	0.875233	0.0367952	1.24126	1.14255	3.54551	1.41821	0.723771	0	0	0	0	0	0	0	0	
0.035	0.87667	0.0373812	1.24011	1.14068	3.53643	1.41457	0.726376	0	0	0	0	0	0	0	0	
0.036	0.878137	0.0379392	1.23896	1.13877	3.52724	1.4109	0.72901	0	0	0	0	0	0	0	0	
0.037	0.879568	0.0384699	1.2378	1.13692	3.51822	1.40729	0.731592	0	0	0	0	0	0	0	0	
0.038	0.880995	0.0389743	1.23665	1.13508	3.50923	1.40369	0.734159	0	0	0	0	0	0	0	0	
0.039	0.882447	0.0394527	1.23549	1.13321	3.50018	1.40007	0.736748	0	0	0	0	0	0	0	0	
0.04	0.88394	0.0399051	1.23433	1.1313	3.49099	1.39639	0.739375	0	0	0	0	0	0	0	0	
0.041	0.885549	0.0403302	1.23317	1.12924	3.48137	1.39255	0.74213	0	0	0	0	0	0	0	0	
0.042	0.88727	0.0407262	1.23201	1.12705	3.47135	1.38854	0.745005	0	0	0	0	0	0	0	0	
0.043	0.888938	0.0410936	1.23085	1.12494	3.46158	1.38463	0.747801	0	0	0	0	0	0	0	0	
0.044	0.890387	0.0414361	1.2297	1.12311	3.45272	1.38109	0.750324	0	0	0	0	0	0	0	0	
0.045	0.891546	0.0417595	1.22856	1.12165	3.44504	1.37801	0.752492	0	0	0	0	0	0	0	0	
0.046	0.892366	0.0420707	1.22743	1.12062	3.43871	1.37548	0.754253	0	0	0	0	0	0	0	0	
0.047	0.892816	0.042377	1.22632	1.12005	3.43385	1.37354	0.755573	0	0	0	0	0	0	0	0	
0.048	0.893019	0.0426845	1.22521	1.1198	3.42996	1.37199	0.7566	0	0	0	0	0	0	0	0	
0.049	0.89331	0.0429942	1.22411	1.11943	3.42576	1.37031	0.757724	0	0	0	0	0	0	0	0	
0.05	0.894027	0.0433008	1.22301	1.11853	3.41994	1.36797	0.759337	0	0	0	0	0	0	0	0	
0.051	0.895268	0.0435954	1.2219	1.11698	3.41211	1.36485	0.76155	0	0	0	0	0	0	0	0	
0.052	0.896854	0.0438702	1.2208	1.11501	3.403	1.3612	0.764149	0	0	0	0	0	0	0	0	
0.053	0.89848	0.0441224	1.2197	1.11299	3.39379	1.35752	0.766778	0	0	0	0	0	0	0	0	
0.054	0.899894	0.0443543	1.21861	1.11124	3.38543	1.35417	0.769152	0	0	0	0	0	0	0	0	
0.055	0.900992	0.0445709	1.21753	1.10989	3.3783	1.35132	0.771156	0	0	0	0	0	0	0	0	
0.056	0.901807	0.0447777	1.21646	1.10888	3.37229	1.34892	0.772828	0	0	0	0	0	0	0	0	
0.057	0.902435	0.044979	1.2154	1.10811	3.36701	1.3468	0.774282	0	0	0	0	0	0	0	0	
0.058	0.902981	0.045177	1.21435	1.10744	3.36207	1.34483	0.775635	0	0	0	0	0	0	0	0	
0.059	0.903525	0.0453724	1.21331	1.10678	3.35716	1.34286	0.77698	0	0	0	0	0	0	0	0	
0.06	0.904114	0.0455651	1.21228	1.10605	3.35211	1.34085	0.778368	0	0	0	0	0	0	0	0	
0.061	0.904768	0.045754	1.21125	1.10526	3.34685	1.33874	0.77982	0	0	0	0	0	0	0	0	
0.062	0.905488	0.0459382	1.21023	1.10438	3.34137	1.33655	0.78134	0	0	0	0	0	0	0	0	
0.063	0.906266	0.0461166	1.20921	1.10343	3.3357	1.33428	0.782915	0	0	0	0	0	0	0	0	
0.064	0.907084	0.0462887	1.2082	1.10243	3.32991	1.33196	0.784526	0	0	0	0	0	0	0	0	
0.065	0.907921	0.046454	1.2072	1.10142	3.32408	1.32963	0.78615	0	0	0	0	0	0	0	0	
0.066	0.908756	0.0466126	1.2062	1.10041	3.31828	1.32731	0.787765	0	0	0	0	0	0	0	0	
0.067	0.909575	0.0467646	1.20521	1.09942	3.31258	1.32503	0.789352	0	0	0	0	0	0	0	0	
0.068	0.910369	0.0469105	1.20423	1.09846	3.30699	1.3228	0.790906	0	0	0	0	0	0	0	0	
0.069	0.911139	0.0470508	1.20326	1.09753	3.30152	1.32061	0.792425	0	0	0	0	0	0	0	0	
0.07	0.911881	0.0471859	1.20229	1.09663	3.29618	1.31847	0.793906	0	0	0	0	0	0	0	0	
0.071	0.912564	0.0473165	1.20133	1.09581	3.29109	1.31644	0.795316	0	0	0	0	0	0	0	0	
0.072	0.913125	0.0474442	1.20038	1.09514	3.28646	1.31458	0.796589	0	0	0	0	0	0	0	0	
0.073	0.913509	0.0475709	1.19944	1.09468	3.2825	1.313	0.797666	0	0	0	0	0	0	0	0	
0.074	0.913742	0.0476991	1.1985	1.0944	3.27911	1.31164	0.798576	0	0	0	0	0	0	0	0	
0.075	0.913973	0.0478295	1.19758	1.09412	3.27574	1.3103	0.79948	0	0	0	0	0	0	0	0	
0.076	0.914426	0.0479604	1.19665	1.09358	3.2716	1.30864	0.800613	0	0	0	0	0	0	0	0	
0.077	0.915273	0.0480875	1.19573	1.09257	3.26606	1.30642	0.802155	0	0	0	0	0	0	0	0	
0.078	0.916526	0.0482055	1.19482	1.09108	3.25909	1.30364	0.804117	0	0	0	0	0	0	0	0	
0.079	0.918037	0.0483102	1.1939	1.08928	3.25124	1.3005	0.806338	0	0	0	0	0	0	0	0	
0.08	0.91958	0.0484004	1.19299	1.08745	3.24331	1.29733	0.80858	0	0	0	0	0	0	0	0	
0.081	0.920964	0.0484771	1.19209	1.08582	3.236	1.2944	0.810643	0	0	0	0	0	0	0	0	
0.082	0.922095	0.0485433	1.1912	1.08449	3.22961	1.29184	0.812434	0	0	0	0	0	0	0	0	
0.083	0.922979	0.0486021	1.19032	1.08345	3.22413	1.28965	0.813962	0	0	0	0	0	0	0	0	
0.084	0.923681	0.0486563	1.18945	1.08263	3.21932	1.28773	0.815294	0	0	0	0	0	0	0	0	
0.085	0.924276	0.0487076	1.18858	1.08193	3.21491	1.28596	0.81651	0	0	0	0	0	0	0	0	
0.086	0.924822	0.048757	1.18773	1.08129	3.2107	1.28428	0.817668	0	0	0	0	0	0	0	0	
0.087	0.92535	0.0488049	1.18688	1.08067	3.20657	1.28263	0.818801	0	0	0	0	0	0	0	0	
0.088	0.925875	0.0488513	1.18604	1.08006	3.20249	1.281	0.819923	0	0	0	0	0	0	0	0	
0.089	0.9264	0.0488963	1.18521	1.07945	3.19843	1.27937	0.82104	0	0	0	0	0	0	0	0	
0.09	0.926932	0.0489398	1.18439	1.07883	3.19437	1.27775	0.822157	0	0	0	0	0	0	0	0	
0.091	0.927474	0.0489817	1.18357	1.0782	3.1903	1.27612	0.823278	0	0	0	0	0	0	0	0	
0.092	0.928033	0.0490218	1.18276	1.07755	3.1862	1.27448	0.824409	0	0	0	0	0	0	0	0	
0.093	0.928609	0.0490599	1.18196	1.07688	3.18206	1.27282	0.825551	0	0	0	0	0	0	0	0	
0.094	0.929204	0.0490958	1.18116	1.07619	3.17788	1.27115	0.826704	0	0	0	0	0	0	0	0	
0.095	0.929805	0.0491294	1.18037	1.07549	3.17371	1.26948	0.827858	0	0	0	0	0	0	0	0	
0.096	0.930384	0.0491609	1.17959	1.07483	3.16963	1.26785	0.828983	0	0	0	0	0	0	0	0	
0.097	0.930892	0.0491907	1.17882	1.07424	3.16583	1.26633	0.830033	0	0	0	0	0	0	0	0	
0.098	0.931279	0.0492198	1.17805	1.07379	3.16245	1.26498	0.830959	0	0	0	0	0	0	0	0	
0.099	0.931531	0.0492497	1.17729	1.0735	3.15956	1.26382	0.831748	0	0	0	0	0	0	0	0	
0.1	0.931712	0.0492811	1.17654	1.07329	3.15693	1.26277	0.832461	0	0	0	0	0	0	0	0	
0.101	0.931948	0.0493142	1.17579	1.07302	3.15413	1.26165	0.833225	0	0	0	0	0	0	0	0	
0.102	0.932379	0.0493475	1.17505	1.07253	3.15069	1.26028	0.834172	0	0	0	0	0	0	0	0	
0.103	0.933076	0.0493788	1.17432	1.07172	3.14636	1.25855	0.835371	0	0	0	0	0	0	0	0	
0.104	0.934007	0.0494056	1.17359	1.07066	3.14127	1.25651	0.83679	0	0	0	0	0	0	0	0	
0.105	0.935055	0.0494264	1.17286	1.06946	3.1358	1.25432	0.838314	0	0	0	0	0	0	0	0	
0.106	0.936075	0.049441	1.17214	1.06829	3.13046	1.25218	0.839803	0	0	0	0	0	0	0	0	
0.107	0.936954	0.0494503	1.17142	1.06729	3.12561	1.25024	0.841152	0	0	0	0	0	0	0	0	
0.108	0.93765	0.0494558	1.17071	1.0665	3.1214	1.24856	0.842319	0	0	0	0	0	0	0	0	
0.109	0.938179	0.0494593	1.17001	1.06589	3.11777	1.24711	0.843324	0	0	0	0	0	0	0	0	
0.11	0.938601	0.049462	1.16931	1.06542	3.11451	1.24581	0.844221	0	0	0	0	0	0	0	0	
0.111	0.938983	0.0494645	1.16862	1.06498	3.11141	1.24456	0.845076	0	0	0	0	0	0	0	0	
0.112	0.939379	0.049467	1.16794	1.06453	3.10828	1.24331	0.845939	0	0	0	0	0	0	0	0	
0.113	0.939818	0.0494691	1.16726	1.06404	3.10502	1.24201	0.846838	0	0	0	0	0	0	0	0	
0.114	0.940304	0.0494705	1.16659	1.06349	3.10162	1.24065	0.847776	0	0	0	0	0	0	0	0	
0.115	0.940822	0.0494708	1.16592	1.0629	3.09813	1.23925	0.848738	0	0	0	0	0	0	0	0	
0.116	0.941343	0.0494699	1.16525	1.06231	3.09465	1.23786	0.849699	0	0	0	0	0	0	0	0	
0.117	0.941841	0.0494679	1.16459	1.06175	3.09127	1.23651	0.850633	0	0	0	0	0	0	0	0	
0.118	0.942293	0.049465	1.16394	1.06124	3.08805	1.23522	0.851522	0	0	0	0	0	0	0	0	
0.119	0.942693	0.0494616	1.16329	1.06079	3.08503	1.23401	0.852358	0	0	0	0	0	0	0	0	
0.12	0.943044	0.0494582	1.16265	1.0604	3.08217	1.23287	0.853146	0	0	0	0	0	0	0	0	
0.121	0.943359	0.049455	1.16201	1.06004	3.07945	1.23178	0.853896	0	0	0	0	0	0	0	0	
0.122	0.943651	0.0494522	1.16138	1.05971	3.07682	1.23073	0.854622	0	0	0	0	0	0	0	0	
0.123	0.943933	0.0494499	1.16075	1.0594	3.07424	1.2297	0.855335	0	0	0	0	0	0	0	0	
0.124	0.944222	0.0494481	1.16013	1.05907	3.07165	1.22866	0.85605	0	0	0	0	0	0	0	0	
0.125	0.944546	0.0494466	1.15951	1.05871	3.06896	1.22758	0.856794	0	0	0	0	0	0	0	0	
0.126	0.944942	0.0494448	1.15889	1.05827	3.06605	1.22642	0.857599	0	0	0	0	0	0	0	0	
0.127	0.945438	0.0494422	1.15828	1.05771	3.06282	1.22513	0.858489	0	0	0	0	0	0	0	0	
0.128	0.94604	0.0494378	1.15768	1.05704	3.05927	1.22371	0.85947	0	0	0	0	0	0	0	0	
0.129	0.94672	0.049431	1.15707	1.05628	3.05548	1.22219	0.860516	0	0	0	0	0	0	0	0	
0.13	0.947424	0.0494215	1.15648	1.05549	3.05163	1.22065	0.861578	0	0	0	0	0	0	0	0	
0.131	0.94809	0.0494093	1.15588	1.05475	3.04792	1.21917	0.862603	0	0	0	0	0	0	0	0	
0.132	0.948672	0.049395	1.15529	1.0541	3.0445	1.2178	0.863548	0	0	0	0	0	0	0	0	
0.133	0.949153	0.0493792	1.15471	1.05357	3.04142	1.21657	0.8644	0	0	0	0	0	0	0	0	
0.134	0.949546	0.0493628	1.15413	1.05313	3.03863	1.21545	0.86517	0	0	0	0	0	0	0	0	
0.135	0.949881	0.0493461	1.15355	1.05276	3.03605	1.21442	0.865886	0	0	0	0	0	0	0	0	
0.136	0.950194	0.0493295	1.15298	1.05242	3.03355	1.21342	0.86658	0	0	0	0	0	0	0	0	
0.137	0.950514	0.0493131	1.15242	1.05206	3.03104	1.21242	0.867275	0	0	0	0	0	0	0	0	
0.138	0.950853	0.0492967	1.15186	1.05169	3.02848	1.21139	0.867984	0	0	0	0	0	0	0	0	
0.139	0.95121	0.0492803	1.1513	1.05129	3.02588	1.21035	0.868705	0	0	0	0	0	0	0	0	
0.14	0.951576	0.0492637	1.15074	1.05089	3.02326	1.2093	0.86943	0	0	0	0	0	0	0	0	
0.141	0.951937	0.0492471	1.15019	1.05049	3.02067	1.20827	0.870149	0	0	0	0	0	0	0	0	
0.142	0.952288	0.0492304	1.14965	1.0501	3.01812	1.20725	0.870855	0	0	0	0	0	0	0	0	
0.143	0.952631	0.0492137	1.14911	1.04972	3.01561	1.20624	0.871551	0	0	0	0	0	0	0	0	
0.144	0.952974	0.0491971	1.14857	1.04935	3.01311	1.20525	0.872244	0	0	0	0	0	0	0	0	
0.145	0.953323	0.0491805	1.14803	1.04896	3.01061	1.20424	0.872939	0	0	0	0	0	0	0	0	
0.146	0.953677	0.0491639	1.1475	1.04857	3.0081	1.20324	0.873635	0	0	0	0	0	0	0	0	
0.147	0.954027	0.0491473	1.14697	1.04819	3.00561	1.20224	0.874325	0	0	0	0	0	0	0	0	
0.148	0.954362	0.0491308	1.14645	1.04782	3.00318	1.20127	0.874999	0	0	0	0	0	0	0	0	
0.149	0.954676	0.0491146	1.14593	1.04748	3.00083	1.20033	0.875653	0	0	0	0	0	0	0	0	
0.15	0.954981	0.0490986	1.14541	1.04714	2.99852	1.19941	0.876296	0	0	0	0	0	0	0	0	
0.151	0.955297	0.0490829	1.1449	1.0468	2.99618	1.19847	0.876945	0	0	0	0	0	0	0	0	
0.152	0.955647	0.0490673	1.14439	1.04641	2.99375	1.1975	0.87762	0	0	0	0	0	0	0	0	
0.153	0.956045	0.0490516	1.14388	1.04598	2.99118	1.19647	0.878332	0	0	0	0	0	0	0	0	
0.154	0.956488	0.0490354	1.14338	1.04549	2.98848	1.19539	0.879079	0	0	0	0	0	0	0	0	
0.155	0.956956	0.0490186	1.14288	1.04498	2.98571	1.19428	0.879843	0	0	0	0	0	0	0	0	
0.156	0.957421	0.0490011	1.14238	1.04447	2.98296	1.19318	0.880601	0	0	0	0	0	0	0	0	
0.157	0.957857	0.048983	1.14188	1.044	2.98031	1.19212	0.881332	0	0	0	0	0	0	0	0	
0.158	0.958249	0.0489646	1.14139	1.04357	2.97781	1.19113	0.882024	0	0	0	0	0	0	0	0	
0.159	0.958596	0.048946	1.14091	1.04319	2.97547	1.19019	0.882676	0	0	0	0	0	0	0	0	
0.16	0.95891	0.0489276	1.14042	1.04285	2.97323	1.18929	0.883298	0	0	0	0	0	0	0	0	
0.161	0.959211	0.0489094	1.13994	1.04252	2.97104	1.18842	0.883907	0	0	0	0	0	0	0	0	
0.162	0.959513	0.0488915	1.13947	1.0422	2.96887	1.18755	0.884514	0	0	0	0	0	0	0	0	
0.163	0.959822	0.0488737	1.13899	1.04186	2.96667	1.18667	0.885124	0	0	0	0	0	0	0	0	
0.164	0.960138	0.0488562	1.13852	1.04152	2.96448	1.18579	0.885736	0	0	0	0	0	0	0	0	
0.165	0.960452	0.0488388	1.13805	1.04118	2.96229	1.18492	0.886346	0	0	0	0	0	0	0	0	
0.166	0.960761	0.0488215	1.13759	1.04084	2.96013	1.18405	0.886948	0	0	0	0	0	0	0	0	
0.167	0.961064	0.0488044	1.13713	1.04051	2.95799	1.1832	0.887543	0	0	0	0	0	0	0	0	
0.168	0.961366	0.0487874	1.13667	1.04019	2.95587	1.18235	0.888134	0	0	0	0	0	0	0	0	
0.169	0.961673	0.0487705	1.13622	1.03985	2.95375	1.1815	0.888727	0	0	0	0	0	0	0	0	
0.17	0.961987	0.0487536	1.13576	1.03951	2.95161	1.18064	0.889323	0	0	0	0	0	0	0	0	
0.171	0.962311	0.0487367	1.13532	1.03917	2.94945	1.17978	0.889924	0	0	0	0	0	0	0	0	
0.172	0.962642	0.0487197	1.13487	1.03881	2.94728	1.17891	0.890528	0	0	0	0	0	0	0	0	
0.173	0.962978	0.0487025	1.13443	1.03845	2.9451	1.17804	0.891134	0	0	0	0	0	0	0	0	
0.174	0.963318	0.048685	1.13399	1.03808	2.94292	1.17717	0.89174	0	0	0	0	0	0	0	0	
0.175	0.963656	0.0486672	1.13355	1.03771	2.94076	1.1763	0.892343	0	0	0	0	0	0	0	0	
0.176	0.963987	0.0486491	1.13312	1.03736	2.93862	1.17545	0.892937	0	0	0	0	0	0	0	0	
0.177	0.964303	0.0486308	1.13269	1.03702	2.93655	1.17462	0.893516	0	0	0	0	0	0	0	0	
0.178	0.964596	0.0486122	1.13226	1.0367	2.93455	1.17382	0.894075	0	0	0	0	0	0	0	0	
0.179	0.964864	0.0485935	1.13184	1.03642	2.93264	1.17306	0.894613	0	0	0	0	0	0	0	0	
0.18	0.965113	0.0485748	1.13142	1.03615	2.93079	1.17232	0.895133	0	0	0	0	0	0	0	0	
0.181	0.965351	0.048556	1.131	1.03589	2.92899	1.1716	0.895643	0	0	0	0	0	0	0	0	
0.182	0.96559	0.0485373	1.13059	1.03564	2.9272	1.17088	0.896151	0	0	0	0	0	0	0	0	
0.183	0.965839	0.0485186	1.13018	1.03537	2.92538	1.17015	0.896665	0	0	0	0	0	0	0	0	
0.184	0.966107	0.0484997	1.12977	1.03508	2.92351	1.1694	0.897191	0	0	0	0	0	0	0	0	
0.185	0.966395	0.0484806	1.12936	1.03477	2.92159	1.16864	0.89773	0	0	0	0	0	0	0	0	
0.186	0.966702	0.0484613	1.12896	1.03445	2.91962	1.16785	0.898281	0	0	0	0	0	0	0	0	
0.187	0.967022	0.0484415	1.12856	1.0341	2.91762	1.16705	0.89884	0	0	0	0	0	0	0	0	
0.188	0.96735	0.0484214	1.12817	1.03375	2.91561	1.16624	0.899402	0	0	0	0	0	0	0	0	
0.189	0.967677	0.0484009	1.12777	1.0334	2.91361	1.16544	0.899962	0	0	0	0	0	0	0	0	
0.19	0.967999	0.0483801	1.12738	1.03306	2.91163	1.16465	0.900515	0	0	0	0	0	0	0	0	
0.191	0.96831	0.048359	1.12699	1.03273	2.90969	1.16387	0.901058	0	0	0	0	0	0	0	0	
0.192	0.968609	0.0483378	1.1266	1.03241	2.90779	1.16312	0.90159	0	0	0	0	0	0	0	0	
0.193	0.968894	0.0483166	1.12622	1.0321	2.90594	1.16238	0.902109	0	0	0	0	0	0	0	0	
0.194	0.969165	0.0482954	1.12584	1.03182	2.90414	1.16166	0.902617	0	0	0	0	0	0	0	0	
0.195	0.969423	0.0482745	1.12546	1.03154	2.90239	1.16096	0.903113	0	0	0	0	0	0	0	0	
0.196	0.969668	0.0482539	1.12508	1.03128	2.90068	1.16027	0.903598	0	0	0	0	0	0	0	0	
0.197	0.969904	0.0482337	1.1247	1.03103	2.89901	1.1596	0.904074	0	0	0	0	0	0	0	0	
0.198	0.970136	0.048214	1.12433	1.03078	2.89735	1.15894	0.904546	0	0	0	0	0	0	0	0	
0.199	0.970373	0.0481947	1.12395	1.03053	2.89568	1.15827	0.905021	0	0	0	0	0	0	0	0	
0.2	0.970624	0.048176	1.12358	1.03027	2.89397	1.15759	0.905503	0	0	0	0	0	0	0	0	
0.201	0.970894	0.0481577	1.12321	1.02998	2.89221	1.15688	0.905999	0	0	0	0	0	0	0	0	
0.202	0.971184	0.0481397	1.12284	1.02967	2.8904	1.15616	0.906507	0	0	0	0	0	0	0	0	
0.203	0.971487	0.048122	1.12248	1.02935	2.88855	1.15542	0.907023	0	0	0	0	0	0	0	0	
0.204	0.971792	0.0481046	1.12211	1.02903	2.8867	1.15468	0.90754	0	0	0	0	0	0	0	0	
0.205	0.972088	0.0480873	1.12174	1.02871	2.88488	1.15395	0.908048	0	0	0	0	0	0	0	0	
0.206	0.972369	0.0480704	1.12138	1.02842	2.88311	1.15325	0.908544	0	0	0	0	0	0	0	0	
0.207	0.972631	0.0480537	1.12102	1.02814	2.88141	1.15256	0.909025	0	0	0	0	0	0	0	0	
0.208	0.972876	0.0480374	1.12066	1.02788	2.87975	1.1519	0.909492	0	0	0	0	0	0	0	0	
0.209	0.97311	0.0480214	1.1203	1.02763	2.87814	1.15126	0.90995	0	0	0	0	0	0	0	0	
0.21	0.973337	0.0480057	1.11994	1.02739	2.87655	1.15062	0.910402	0	0	0	0	0	0	0	0	
0.211	0.973563	0.0479903	1.11958	1.02716	2.87497	1.14999	0.910851	0	0	0	0	0	0	0	0	
0.212	0.973789	0.047975	1.11923	1.02692	2.87339	1.14936	0.911299	0	0	0	0	0	0	0	0	
0.213	0.974018	0.0479599	1.11888	1.02668	2.87181	1.14872	0.911748	0	0	0	0	0	0	0	0	
0.214	0.97425	0.0479448	1.11853	1.02643	2.87022	1.14809	0.912197	0	0	0	0	0	0	0	0	
0.215	0.974484	0.0479297	1.11818	1.02618	2.86864	1.14746	0.912646	0	0	0	0	0	0	0	0	
0.216	0.974719	0.0479144	1.11783	1.02594	2.86706	1.14682	0.913095	0	0	0	0	0	0	0	0	
0.217	0.974955	0.047899	1.11748	1.02569	2.86548	1.14619	0.913542	0	0	0	0	0	0	0	0	
0.218	0.975187	0.0478833	1.11714	1.02544	2.86392	1.14557	0.913985	0	0	0	0	0	0	0	0	
0.219	0.975413	0.0478674	1.1168	1.02521	2.86238	1.14495	0.914422	0	0	0	0	0	0	0	0	
0.22	0.975625	0.0478513	1.11646	1.02498	2.86089	1.14436	0.914848	0	0	0	0	0	0	0	0	
0.221	0.975817	0.047835	1.11613	1.02478	2.85947	1.14379	0.915259	0	0	0	0	0	0	0	0	
0.222	0.975984	0.0478186	1.11579	1.02461	2.85812	1.14325	0.915651	0	0	0	0	0	0	0	0	
0.223	0.976132	0.0478021	1.11546	1.02445	2.85684	1.14274	0.916028	0	0	0	0	0	0	0	0	
0.224	0.976278	0.0477856	1.11513	1.0243	2.85557	1.14223	0.916403	0	0	0	0	0	0	0	0	
0.225	0.976448	0.0477691	1.1148	1.02412	2.85423	1.14169	0.916793	0	0	0	0	0	0	0	0	
0.226	0.976667	0.0477525	1.11448	1.02389	2.85276	1.1411	0.917214	0	0	0	0	0	0	0	0	
0.227	0.97695	0.0477355	1.11416	1.02359	2.85111	1.14044	0.917676	0	0	0	0	0	0	0	0	
0.228	0.97729	0.0477179	1.11383	1.02324	2.84929	1.13972	0.918175	0	0	0	0	0	0	0	0	
0.229	0.977667	0.0476996	1.11351	1.02284	2.84737	1.13895	0.918697	0	0	0	0	0	0	0	0	
0.23	0.978049	0.0476807	1.1132	1.02244	2.84545	1.13818	0.919221	0	0	0	0	0	0	0	0	
0.231	0.978404	0.0476611	1.11288	1.02207	2.84361	1.13744	0.919726	0	0	0	0	0	0	0	0	
0.232	0.978714	0.0476411	1.11256	1.02175	2.8419	1.13676	0.920199	0	0	0	0	0	0	0	0	
0.233	0.978971	0.0476208	1.11225	1.02148	2.84036	1.13614	0.920636	0	0	0	0	0	0	0	0	
0.234	0.979182	0.0476006	1.11194	1.02126	2.83895	1.13558	0.92104	0	0	0	0	0	0	0	0	
0.235	0.97936	0.0475806	1.11163	1.02108	2.83764	1.13506	0.921421	0	0	0	0	0	0	0	0	
0.236	0.979522	0.0475609	1.11132	1.02091	2.83639	1.13456	0.921791	0	0	0	0	0	0	0	0	
0.237	0.979681	0.0475416	1.11102	1.02074	2.83515	1.13406	0.922157	0	0	0	0	0	0	0	0	
0.238	0.979847	0.0475226	1.11071	1.02057	2.83389	1.13356	0.922527	0	0	0	0	0	0	0	0	
0.239	0.980024	0.047504	1.11041	1.02038	2.8326	1.13304	0.922903	0	0	0	0	0	0	0	0	
0.24	0.980214	0.0474857	1.1101	1.02019	2.83128	1.13251	0.923286	0	0	0	0	0	0	0	0	
0.241	0.980414	0.0474677	1.1098	1.01998	2.82993	1.13197	0.923674	0	0	0	0	0	0	0	0	
0.242	0.980622	0.0474499	1.1095	1.01976	2.82857	1.13143	0.924067	0	0	0	0	0	0	0	0	
0.243	0.980833	0.0474322	1.1092	1.01954	2.8272	1.13088	0.92446	0	0	0	0	0	0	0	0	
0.244	0.981043	0.0474147	1.10891	1.01932	2.82584	1.13033	0.924852	0	0	0	0	0	0	0	0	
0.245	0.981247	0.0473973	1.10861	1.01911	2.82449	1.1298	0.925238	0	0	0	0	0	0	0	0	
0.246	0.98144	0.0473801	1.10832	1.01891	2.82319	1.12928	0.925616	0	0	0	0	0	0	0	0	
0.247	0.981619	0.0473629	1.10802	1.01873	2.82193	1.12877	0.925985	0	0	0	0	0	0	0	0	
0.248	0.981787	0.0473459	1.10773	1.01855	2.8207	1.12828	0.926345	0	0	0	0	0	0	0	0	
0.249	0.981954	0.047329	1.10744	1.01838	2.81949	1.12779	0.926704	0	0	0	0	0	0	0	0	
0.25	0.982133	0.0473122	1.10715	1.01819	2.81824	1.1273	0.927068	0	0	0	0	0	0	0	0	
0.251	0.982335	0.0472954	1.10687	1.01798	2.81693	1.12677	0.927446	0	0	0	0	0	0	0	0	
0.252	0.982565	0.0472783	1.10658	1.01774	2.81555	1.12622	0.92784	0	0	0	0	0	0	0	0	
0.253	0.982819	0.047261	1.1063	1.01748	2.8141	1.12564	0.928248	0	0	0	0	0	0	0	0	
0.254	0.983086	0.0472434	1.10602	1.01721	2.81262	1.12505	0.928662	0	0	0	0	0	0	0	0	
0.255	0.983351	0.0472254	1.10574	1.01693	2.81115	1.12446	0.929073	0	0	0	0	0	0	0	0	
0.256	0.983603	0.047207	1.10546	1.01667	2.80973	1.12389	0.929476	0	0	0	0	0	0	0	0	
0.257	0.983836	0.0471884	1.10519	1.01643	2.80836	1.12334	0.929865	0	0	0	0	0	0	0	0	
0.258	0.98405	0.0471695	1.10491	1.01621	2.80705	1.12282	0.930241	0	0	0	0	0	0	0	0	
0.259	0.984249	0.0471504	1.10464	1.016	2.80579	1.12232	0.930607	0	0	0	0	0	0	0	0	
0.26	0.98444	0.0471312	1.10437	1.01581	2.80456	1.12182	0.930967	0	0	0	0	0	0	0	0	
0.261	0.984627	0.0471121	1.1041	1.01561	2.80334	1.12134	0.931323	0	0	0	0	0	0	0	0	
0.262	0.984814	0.0470929	1.10383	1.01542	2.80213	1.12085	0.931677	0	0	0	0	0	0	0	0	
0.263	0.985	0.0470737	1.10356	1.01523	2.80092	1.12037	0.932031	0	0	0	0	0	0	0	0	
0.264	0.985187	0.0470547	1.1033	1.01504	2.79972	1.11989	0.932383	0	0	0	0	0	0	0	0	
0.265	0.985375	0.0470358	1.10304	1.01484	2.79852	1.11941	0.932735	0	0	0	0	0	0	0	0	
0.266	0.985563	0.0470171	1.10277	1.01465	2.79732	1.11893	0.933086	0	0	0	0	0	0	0	0	
0.267	0.985748	0.0469987	1.10251	1.01446	2.79613	1.11845	0.933435	0	0	0	0	0	0	0	0	
0.268	0.985928	0.0469806	1.10225	1.01427	2.79495	1.11798	0.93378	0	0	0	0	0	0	0	0	
0.269	0.986096	0.046963	1.10199	1.0141	2.79382	1.11753	0.934117	0	0	0	0	0	0	0	0	
0.27	0.986245	0.0469459	1.10173	1.01395	2.79274	1.1171	0.934443	0	0	0	0	0	0	0	0	
0.271	0.986371	0.0469296	1.10147	1.01382	2.79173	1.11669	0.934754	0	0	0	0	0	0	0	0	
0.272	0.98648	0.046914	1.10121	1.01371	2.79076	1.11631	0.935054	0	0	0	0	0	0	0	0	
0.273	0.986586	0.0468994	1.10095	1.0136	2.78981	1.11592	0.935352	0	0	0	0	0	0	0	0	
0.274	0.986713	0.0468856	1.1007	1.01347	2.7888	1.11552	0.935662	0	0	0	0	0	0	0	0	
0.275	0.986884	0.0468726	1.10044	1.01329	2.78766	1.11506	0.935997	0	0	0	0	0	0	0	0	
0.276	0.987112	0.0468604	1.10018	1.01306	2.78636	1.11455	0.936364	0	0	0	0	0	0	0	0	
0.277	0.987392	0.0468486	1.09992	1.01277	2.78492	1.11397	0.93676	0	0	0	0	0	0	0	0	
0.278	0.987702	0.0468373	1.09967	1.01245	2.78339	1.11336	0.937173	0	0	0	0	0	0	0	0	
0.279	0.988015	0.0468263	1.09941	1.01213	2.78186	1.11274	0.937586	0	0	0	0	0	0	0	0	
0.28	0.988302	0.0468157	1.09915	1.01184	2.7804	1.11216	0.937985	0	0	0	0	0	0	0	0	
0.281	0.988549	0.0468055	1.09889	1.01158	2.77906	1.11162	0.93836	0	0	0	0	0	0	0	0	
0.282	0.98875	0.0467958	1.09864	1.01138	2.77784	1.11114	0.938709	0	0	0	0	0	0	0	0	
0.283	0.988913	0.0467867	1.09838	1.01121	2.77673	1.11069	0.939034	0	0	0	0	0	0	0	0	
0.284	0.98905	0.0467781	1.09812	1.01107	2.7757	1.11028	0.939345	0	0	0	0	0	0	0	0	
0.285	0.989173	0.04677	1.09787	1.01095	2.77471	1.10988	0.939647	0	0	0	0	0	0	0	0	
0.286	0.989295	0.0467625	1.09761	1.01082	2.77372	1.10949	0.939948	0	0	0	0	0	0	0	0	
0.287	0.989422	0.0467553	1.09736	1.01069	2.77272	1.10909	0.940251	0	0	0	0	0	0	0	0	
0.288	0.989558	0.0467483	1.0971	1.01055	2.7717	1.10868	0.940558	0	0	0	0	0	0	0	0	
0.289	0.989702	0.0467414	1.09685	1.01041	2.77066	1.10826	0.940868	0	0	0	0	0	0	0	0	
0.29	0.989853	0.0467345	1.0966	1.01025	2.7696	1.10784	0.941182	0	0	0	0	0	0	0	0	
0.291	0.990009	0.0467274	1.09635	1.01009	2.76854	1.10741	0.941498	0	0	0	0	0	0	0	0	
0.292	0.990167	0.0467201	1.0961	1.00993	2.76747	1.10699	0.941814	0	0	0	0	0	0	0	0	
0.293	0.990323	0.0467124	1.09585	1.00977	2.76641	1.10656	0.942128	0	0	0	0	0	0	0	0	
0.294	0.990471	0.0467043	1.09561	1.00962	2.76537	1.10615	0.942436	0	0	0	0	0	0	0	0	
0.295	0.990611	0.0466957	1.09537	1.00948	2.76437	1.10575	0.942739	0	0	0	0	0	0	0	0	
0.296	0.990745	0.0466866	1.09512	1.00934	2.76338	1.10535	0.943038	0	0	0	0	0	0	0	0	
0.297	0.990884	0.0466769	1.09488	1.0092	2.76239	1.10496	0.943339	0	0	0	0	0	0	0	0	
0.298	0.991041	0.0466665	1.09465	1.00904	2.76135	1.10454	0.943647	0	0	0	0	0	0	0	0	
0.299	0.991224	0.0466554	1.09441	1.00885	2.76025	1.1041	0.943969	0	0	0	0	0	0	0	0	
0.3	0.991433	0.0466435	1.09418	1.00864	2.75908	1.10363	0.944303	0	0	0	0	0	0	0	0	
0.301	0.99166	0.0466307	1.09394	1.00841	2.75786	1.10314	0.944645	0	0	0	0	0	0	0	0	
0.302	0.991889	0.046617	1.09371	1.00818	2.75664	1.10266	0.944987	0	0	0	0	0	0	0	0	
0.303	0.992107	0.0466024	1.09349	1.00796	2.75546	1.10219	0.945322	0	0	0	0	0	0	0	0	
0.304	0.992306	0.0465871	1.09326	1.00775	2.75434	1.10174	0.945646	0	0	0	0	0	0	0	0	
0.305	0.992484	0.0465712	1.09304	1.00757	2.75328	1.10131	0.945958	0	0	0	0	0	0	0	0	
0.306	0.992643	0.0465548	1.09281	1.00741	2.75228	1.10091	0.946259	0	0	0	0	0	0	0	0	
0.307	0.992786	0.046538	1.09259	1.00727	2.75133	1.10053	0.946551	0	0	0	0	0	0	0	0	
0.308	0.99292	0.0465209	1.09237	1.00713	2.7504	1.10016	0.946837	0	0	0	0	0	0	0	0	
0.309	0.993052	0.0465038	1.09215	1.007	2.74949	1.0998	0.947121	0	0	0	0	0	0	0	0	
0.31	0.993188	0.0464866	1.09194	1.00686	2.74856	1.09943	0.947407	0	0	0	0	0	0	0	0	
0.311	0.993334	0.0464696	1.09172	1.00671	2.74762	1.09905	0.947697	0	0	0	0	0	0	0	0	
0.312	0.993488	0.0464527	1.0915	1.00655	2.74665	1.09866	0.94799	0	0	0	0	0	0	0	0	
0.313	0.993651	0.0464362	1.09129	1.00639	2.74566	1.09826	0.948287	0	0	0	0	0	0	0	0	
0.314	0.993821	0.0464201	1.09107	1.00622	2.74464	1.09786	0.948588	0	0	0	0	0	0	0	0	
0.315	0.993998	0.0464045	1.09086	1.00604	2.74361	1.09745	0.948891	0	0	0	0	0	0	0	0	
0.316	0.994182	0.0463896	1.09064	1.00585	2.74257	1.09703	0.949197	0	0	0	0	0	0	0	0	
0.317	0.994369	0.0463752	1.09043	1.00566	2.74151	1.09661	0.949504	0	0	0	0	0	0	0	0	
0.318	0.994558	0.0463617	1.09021	1.00547	2.74045	1.09618	0.949812	0	0	0	0	0	0	0	0	
0.319	0.99475	0.0463488	1.09	1.00528	2.73938	1.09575	0.95012	0	0	0	0	0	0	0	0	
0.32	0.994944	0.0463368	1.08978	1.00508	2.73831	1.09532	0.950429	0	0	0	0	0	0	0	0	
0.321	0.995144	0.0463255	1.08957	1.00488	2.73721	1.09489	0.950741	0	0	0	0	0	0	0	0	
0.322	0.995355	0.0463149	1.08935	1.00467	2.73609	1.09444	0.951057	0	0	0	0	0	0	0	0	
0.323	0.995583	0.0463049	1.08914	1.00444	2.73492	1.09397	0.95138	0	0	0	0	0	0	0	0	
0.324	0.995832	0.0462954	1.08892	1.00419	2.73369	1.09348	0.951713	0	0	0	0	0	0	0	0	
0.325	0.996101	0.0462862	1.0887	1.00391	2.73241	1.09297	0.952054	0	0	0	0	0	0	0	0	
0.326	0.996385	0.0462772	1.08849	1.00363	2.73109	1.09244	0.952401	0	0	0	0	0	0	0	0	
0.327	0.99667	0.0462682	1.08827	1.00334	2.72977	1.09191	0.952748	0	0	0	0	0	0	0	0	
0.328	0.99694	0.0462591	1.08806	1.00307	2.72849	1.0914	0.953087	0	0	0	0	0	0	0	0	
0.329	0.997176	0.0462497	1.08784	1.00283	2.72731	1.09092	0.953409	0	0	0	0	0	0	0	0	
0.33	0.997363	0.0462402	1.08763	1.00264	2.72627	1.09051	0.953707	0	0	0	0	0	0	0	0	
0.331	0.997494	0.0462304	1.08742	1.00251	2.72538	1.09015	0.953979	0	0	0	0	0	0	0	0	
0.332	0.997575	0.0462203	1.08721	1.00243	2.72463	1.08985	0.954226	0	0	0	0	0	0	0	0	
0.333	0.997623	0.04621	1.087	1.00238	2.72398	1.08959	0.954458	0	0	0	0	0	0	0	0	
0.334	0.997657	0.0461995	1.08679	1.00235	2.72337	1.08935	0.954681	0	0	0	0	0	0	0	0	
0.335	0.997688	0.0461886	1.08659	1.00232	2.72277	1.08911	0.954904	0	0	0	0	0	0	0	0	
0.336	0.997725	0.0461773	1.08639	1.00228	2.72216	1.08886	0.955127	0	0	0	0	0	0	0	0	
0.337	0.997768	0.0461657	1.08619	1.00224	2.72154	1.08862	0.955354	0	0	0	0	0	0	0	0	
0.338	0.997821	0.0461536	1.08599	1.00218	2.7209	1.08836	0.955584	0	0	0	0	0	0	0	0	
0.339	0.997889	0.0461412	1.08579	1.00212	2.72022	1.08809	0.95582	0	0	0	0	0	0	0	0	
0.34	0.997976	0.0461284	1.08559	1.00203	2.71949	1.0878	0.956064	0	0	0	0	0	0	0	0	
0.341	0.998079	0.0461153	1.0854	1.00192	2.71872	1.08749	0.956315	0	0	0	0	0	0	0	0	
0.342	0.998187	0.046102	1.08521	1.00182	2.71795	1.08718	0.956568	0	0	0	0	0	0	0	0	
0.343	0.998285	0.0460885	1.08502	1.00172	2.7172	1.08688	0.956816	0	0	0	0	0	0	0	0	
0.344	0.998364	0.0460751	1.08483	1.00164	2.71651	1.0866	0.957055	0	0	0	0	0	0	0	0	
0.345	0.998432	0.0460619	1.08464	1.00157	2.71585	1.08634	0.957289	0	0	0	0	0	0	0	0	
0.346	0.998506	0.0460491	1.08445	1.0015	2.71517	1.08607	0.957525	0	0	0	0	0	0	0	0	
0.347	0.998612	0.0460367	1.08426	1.00139	2.71441	1.08576	0.957775	0	0	0	0	0	0	0	0	
0.348	0.998775	0.0460248	1.08407	1.00123	2.71349	1.0854	0.958048	0	0	0	0	0	0	0	0	
0.349	0.999001	0.0460134	1.08388	1.001	2.7124	1.08496	0.958348	0	0	0	0	0	0	0	0	
0.35	0.999277	0.0460025	1.08369	1.00072	2.71118	1.08447	0.958669	0	0	0	0	0	0	0	0	
0.351	0.99957	0.045992	1.0835	1.00043	2.70991	1.08396	0.958997	0	0	0	0	0	0	0	0	
0.352	0.999837	0.0459821	1.08331	1.00016	2.70871	1.08348	0.959314	0	0	0	0	0	0	0	0	
0.353	1.00005	0.045973	1.08312	0.999951	2.70766	1.08306	0.959607	0	0	0	0	0	0	0	0	
0.354	1.0002	0.0459648	1.08292	0.999803	2.70678	1.08271	0.959873	0	0	0	0	0	0	0	0	
0.355	1.0003	0.0459576	1.08273	0.999701	2.70602	1.08241	0.96012	0	0	0	0	0	0	0	0	
0.356	1.00039	0.0459515	1.08254	0.999614	2.7053	1.08212	0.960359	0	0	0	0	0	0	0	0	
0.357	1.00048	0.0459465	1.08234	0.999524	2.70457	1.08183	0.9606	0	0	0	0	0	0	0	0	
0.358	1.00057	0.0459425	1.08215	0.999427	2.70382	1.08153	0.960843	0	0	0	0	0	0	0	0	
0.359	1.00066	0.0459392	1.08195	0.999336	2.70309	1.08123	0.961084	0	0	0	0	0	0	0	0	
0.36	1.00074	0.0459368	1.08176	0.999261	2.70239	1.08096	0.961318	0	0	0	0	0	0	0	0	
0.361	1.0008	0.0459349	1.08156	0.999197	2.70173	1.08069	0.961548	0	0	0	0	0	0	0	0	
0.362	1.00087	0.0459335	1.08137	0.999126	2.70105	1.08042	0.96178	0	0	0	0	0	0	0	0	
0.363	1.00097	0.0459324	1.08117	0.999032	2.70031	1.08013	0.962021	0	0	0	0	0	0	0	0	
0.364	1.00109	0.0459312	1.08098	0.998914	2.69951	1.0798	0.962272	0	0	0	0	0	0	0	0	
0.365	1.00121	0.0459298	1.08078	0.998788	2.69869	1.07947	0.962525	0	0	0	0	0	0	0	0	
0.366	1.00132	0.0459279	1.08059	0.99868	2.69792	1.07917	0.96277	0	0	0	0	0	0	0	0	
0.367	1.0014	0.0459256	1.0804	0.998605	2.69724	1.0789	0.963003	0	0	0	0	0	0	0	0	
0.368	1.00144	0.0459226	1.08021	0.998559	2.69664	1.07866	0.963223	0	0	0	0	0	0	0	0	
0.369	1.00148	0.045919	1.08003	0.99852	2.69607	1.07843	0.963439	0	0	0	0	0	0	0	0	
0.37	1.00154	0.0459146	1.07984	0.998459	2.69545	1.07818	0.963663	0	0	0	0	0	0	0	0	
0.371	1.00165	0.0459092	1.07966	0.998351	2.6947	1.07788	0.963905	0	0	0	0	0	0	0	0	
0.372	1.00182	0.0459028	1.07948	0.998181	2.69379	1.07752	0.964169	0	0	0	0	0	0	0	0	
0.373	1.00206	0.0458952	1.0793	0.997947	2.69271	1.07709	0.964457	0	0	0	0	0	0	0	0	
0.374	1.00234	0.0458863	1.07912	0.997667	2.69152	1.07661	0.964762	0	0	0	0	0	0	0	0	
0.375	1.00263	0.0458762	1.07895	0.997377	2.6903	1.07612	0.96507	0	0	0	0	0	0	0	0	
0.376	1.00289	0.0458649	1.07878	0.997123	2.68918	1.07567	0.965363	0	0	0	0	0	0	0	0	
0.377	1.00306	0.0458527	1.07861	0.996948	2.68828	1.07531	0.965626	0	0	0	0	0	0	0	0	
0.378	1.00314	0.0458399	1.07844	0.996866	2.68764	1.07506	0.965853	0	0	0	0	0	0	0	0	
0.379	1.00316	0.0458266	1.07827	0.99685	2.68718	1.07487	0.966054	0	0	0	0	0	0	0	0	
0.38	1.00317	0.0458132	1.0781	0.996842	2.68674	1.0747	0.966252	0	0	0	0	0	0	0	0	
0.381	1.00323	0.0457996	1.07794	0.996783	2.68617	1.07447	0.966467	0	0	0	0	0	0	0	0	
0.382	1.00337	0.0457857	1.07777	0.996641	2.68538	1.07415	0.966712	0	0	0	0	0	0	0	0	
0.383	1.00358	0.0457715	1.07761	0.996436	2.68442	1.07377	0.96698	0	0	0	0	0	0	0	0	
0.384	1.00379	0.045757	1.07745	0.99622	2.68343	1.07337	0.967252	0	0	0	0	0	0	0	0	
0.385	1.00397	0.0457423	1.07728	0.996047	2.68256	1.07303	0.967508	0	0	0	0	0	0	0	0	
0.386	1.00408	0.0457275	1.07712	0.995939	2.68187	1.07275	0.96774	0	0	0	0	0	0	0	0	
0.387	1.00414	0.0457129	1.07696	0.995878	2.68131	1.07252	0.967956	0	0	0	0	0	0	0	0	
0.388	1.0042	0.0456986	1.0768	0.995813	2.68074	1.07229	0.968171	0	0	0	0	0	0	0	0	
0.389	1.00432	0.0456846	1.07664	0.995701	2.68004	1.07201	0.968403	0	0	0	0	0	0	0	0	
0.39	1.00449	0.045671	1.07648	0.995533	2.67919	1.07167	0.968654	0	0	0	0	0	0	0	0	
0.391	1.00468	0.0456579	1.07632	0.995341	2.67827	1.07131	0.968913	0	0	0	0	0	0	0	0	
0.392	1.00484	0.0456454	1.07616	0.995179	2.67744	1.07097	0.969162	0	0	0	0	0	0	0	0	
0.393	1.00494	0.0456339	1.076	0.995085	2.67678	1.07071	0.969389	0	0	0	0	0	0	0	0	
0.394	1.00497	0.0456237	1.07584	0.995057	2.6763	1.07052	0.969592	0	0	0	0	0	0	0	0	
0.395	1.00497	0.045615	1.07568	0.995058	2.6759	1.07036	0.969785	0	0	0	0	0	0	0	0	
0.396	1.00498	0.045608	1.07551	0.995045	2.67545	1.07018	0.969984	0	0	0	0	0	0	0	0	
0.397	1.00503	0.0456027	1.07534	0.994991	2.6749	1.06996	0.970195	0	0	0	0	0	0	0	0	
0.398	1.00513	0.0455991	1.07518	0.9949	2.67423	1.06969	0.97042	0	0	0	0	0	0	0	0	
0.399	1.00524	0.0455971	1.07501	0.994786	2.67351	1.0694	0.970653	0	0	0	0	0	0	0	0	
0.4	1.00537	0.0455967	1.07484	0.994658	2.67273	1.06909	0.97089	0	0	0	0	0	0	0	0	
0.401	1.00553	0.0455976	1.07466	0.994504	2.67189	1.06876	0.971136	0	0	0	0	0	0	0	0	
0.402	1.00573	0.0455997	1.07449	0.994306	2.67092	1.06837	0.971396	0	0	0	0	0	0	0	0	
0.403	1.00598	0.0456025	1.07431	0.994056	2.66982	1.06793	0.971672	0	0	0	0	0	0	0	0	
0.404	1.00626	0.0456059	1.07414	0.993778	2.66863	1.06745	0.971957	0	0	0	0	0	0	0	0	
0.405	1.00652	0.0456095	1.07396	0.993527	2.66752	1.06701	0.972233	0	0	0	0	0	0	0	0	
0.406	1.00668	0.0456131	1.07379	0.993365	2.66665	1.06666	0.97248	0	0	0	0	0	0	0	0	
0.407	1.00672	0.0456167	1.07361	0.993328	2.66612	1.06645	0.972688	0	0	0	0	0	0	0	0	
0.408	1.00664	0.0456203	1.07344	0.9934	2.66588	1.06635	0.972861	0	0	0	0	0	0	0	0	
0.409	1.00652	0.0456238	1.07326	0.993519	2.66577	1.06631	0.973018	0	0	0	0	0	0	0	0	
0.41	1.00644	0.0456269	1.07309	0.9936	2.66557	1.06623	0.973186	0	0	0	0	0	0	0	0	
0.411	1.00647	0.0456294	1.07293	0.993571	2.66507	1.06603	0.973387	0	0	0	0	0	0	0	0	
0.412	1.00664	0.0456308	1.07276	0.993401	2.6642	1.06568	0.973631	0	0	0	0	0	0	0	0	
0.413	1.00693	0.0456309	1.07259	0.993114	2.66302	1.06521	0.97391	0	0	0	0	0	0	0	0	
0.414	1.00727	0.0456295	1.07243	0.992787	2.66174	1.0647	0.974201	0	0	0	0	0	0	0	0	
0.415	1.00754	0.0456266	1.07227	0.992516	2.66062	1.06425	0.974475	0	0	0	0	0	0	0	0	
0.416	1.00769	0.0456223	1.07211	0.992371	2.65983	1.06393	0.974711	0	0	0	0	0	0	0	0	
0.417	1.0077	0.045617	1.07196	0.992357	2.65941	1.06376	0.974907	0	0	0	0	0	0	0	0	
0.418	1.00765	0.045611	1.0718	0.992411	2.65917	1.06367	0.975082	0	0	0	0	0	0	0	0	
0.419	1.00762	0.0456042	1.07165	0.992438	2.65887	1.06355	0.975263	0	0	0	0	0	0	0	0	
0.42	1.00768	0.0455968	1.0715	0.992374	2.65833	1.06333	0.97547	0	0	0	0	0	0	0	0	
0.421	1.00784	0.0455886	1.07135	0.992223	2.65756	1.06302	0.975701	0	0	0	0	0	0	0	0	
0.422	1.00801	0.0455798	1.07121	0.992051	2.65673	1.06269	0.97594	0	0	0	0	0	0	0	0	
0.423	1.00813	0.0455706	1.07106	0.991933	2.65605	1.06242	0.976162	0	0	0	0	0	0	0	0	
0.424	1.00816	0.0455611	1.07092	0.991904	2.65562	1.06225	0.97636	0	0	0	0	0	0	0	0	
0.425	1.00813	0.0455516	1.07077	0.991939	2.65535	1.06214	0.97654	0	0	0	0	0	0	0	0	
0.426	1.00809	0.0455424	1.07063	0.991973	2.65509	1.06204	0.976719	0	0	0	0	0	0	0	0	
0.427	1.00813	0.0455334	1.07049	0.991936	2.65463	1.06185	0.976917	0	0	0	0	0	0	0	0	
0.428	1.00828	0.0455246	1.07034	0.991784	2.65387	1.06155	0.977145	0	0	0	0	0	0	0	0	
0.429	1.00856	0.0455158	1.0702	0.991509	2.65278	1.06111	0.977407	0	0	0	0	0	0	0	0	
0.43	1.00894	0.0455068	1.07006	0.991143	2.65145	1.06058	0.977693	0	0	0	0	0	0	0	0	
0.431	1.00934	0.0454975	1.06991	0.990751	2.65005	1.06002	0.977985	0	0	0	0	0	0	0	0	
0.432	1.00967	0.0454879	1.06977	0.990421	2.64881	1.05952	0.97826	0	0	0	0	0	0	0	0	
0.433	1.00986	0.0454781	1.06963	0.990234	2.64796	1.05918	0.978498	0	0	0	0	0	0	0	0	
0.434	1.00987	0.0454684	1.06949	0.990228	2.64759	1.05904	0.978688	0	0	0	0	0	0	0	0	
0.435	1.00971	0.0454589	1.06935	0.990379	2.64764	1.05906	0.978838	0	0	0	0	0	0	0	0	
0.436	1.00949	0.0454498	1.06921	0.990603	2.6479	1.05916	0.978969	0	0	0	0	0	0	0	0	
0.437	1.00929	0.0454412	1.06907	0.990799	2.64807	1.05923	0.979106	0	0	0	0	0	0	0	0	
0.438	1.0092	0.0454328	1.06893	0.990884	2.64796	1.05918	0.979271	0	0	0	0	0	0	0	0	
0.439	1.00926	0.0454244	1.06879	0.990827	2.64746	1.05898	0.979472	0	0	0	0	0	0	0	0	
0.44	1.00944	0.045416	1.06865	0.99065	2.64665	1.05866	0.979702	0	0	0	0	0	0	0	0	
0.441	1.00968	0.0454076	1.06851	0.990415	2.64568	1.05827	0.979948	0	0	0	0	0	0	0	0	
0.442	1.00991	0.0453993	1.06837	0.990184	2.64472	1.05789	0.980192	0	0	0	0	0	0	0	0	
0.443	1.01011	0.0453915	1.06823	0.989991	2.64386	1.05754	0.980427	0	0	0	0	0	0	0	0	
0.444	1.01027	0.0453845	1.06809	0.989835	2.64309	1.05724	0.980653	0	0	0	0	0	0	0	0	
0.445	1.01041	0.0453787	1.06795	0.989698	2.64238	1.05695	0.980873	0	0	0	0	0	0	0	0	
0.446	1.01055	0.0453744	1.06781	0.989565	2.64167	1.05667	0.981093	0	0	0	0	0	0	0	0	
0.447	1.01069	0.045372	1.06766	0.989426	2.64094	1.05637	0.981313	0	0	0	0	0	0	0	0	
0.448	1.01084	0.0453716	1.06751	0.989277	2.64017	1.05607	0.981536	0	0	0	0	0	0	0	0	
0.449	1.01101	0.0453733	1.06736	0.989111	2.63935	1.05574	0.981763	0	0	0	0	0	0	0	0	
0.45	1.0112	0.0453771	1.06721	0.988921	2.63846	1.05538	0.981994	0	0	0	0	0	0	0	0	
0.451	1.01143	0.045383	1.06705	0.9887	2.63748	1.05499	0.982232	0	0	0	0	0	0	0	0	
0.452	1.01169	0.0453907	1.06689	0.988448	2.63641	1.05456	0.982477	0	0	0	0	0	0	0	0	
0.453	1.01196	0.0454	1.06673	0.98818	2.6353	1.05412	0.982724	0	0	0	0	0	0	0	0	
0.454	1.01221	0.0454105	1.06656	0.98794	2.63425	1.0537	0.982965	0	0	0	0	0	0	0	0	
0.455	1.01236	0.045422	1.0664	0.987786	2.63343	1.05337	0.983188	0	0	0	0	0	0	0	0	
0.456	1.01237	0.0454342	1.06623	0.987777	2.63299	1.0532	0.98338	0	0	0	0	0	0	0	0	
0.457	1.01221	0.0454468	1.06606	0.987934	2.633	1.0532	0.983538	0	0	0	0	0	0	0	0	
0.458	1.01192	0.0454596	1.0659	0.988223	2.63337	1.05335	0.98367	0	0	0	0	0	0	0	0	
0.459	1.01157	0.0454721	1.06574	0.988558	2.63385	1.05354	0.983791	0	0	0	0	0	0	0	0	
0.46	1.01129	0.0454837	1.06558	0.988832	2.63419	1.05368	0.983926	0	0	0	0	0	0	0	0	
0.461	1.01115	0.0454937	1.06542	0.98897	2.63417	1.05367	0.984087	0	0	0	0	0	0	0	0	
0.462	1.01118	0.0455014	1.06527	0.988946	2.63373	1.05349	0.984281	0	0	0	0	0	0	0	0	
0.463	1.01134	0.0455062	1.06512	0.988785	2.63293	1.05317	0.984502	0	0	0	0	0	0	0	0	
0.464	1.01159	0.0455079	1.06497	0.98854	2.63192	1.05277	0.984738	0	0	0	0	0	0	0	0	
0.465	1.01189	0.0455063	1.06483	0.988247	2.6308	1.05232	0.984982	0	0	0	0	0	0	0	0	
0.466	1.01224	0.0455017	1.0647	0.987909	2.62957	1.05183	0.985233	0	0	0	0	0	0	0	0	
0.467	1.01264	0.0454943	1.06457	0.987514	2.62819	1.05128	0.985493	0	0	0	0	0	0	0	0	
0.468	1.01307	0.0454849	1.06444	0.987094	2.62676	1.0507	0.985755	0	0	0	0	0	0	0	0	
0.469	1.01343	0.045474	1.06431	0.986745	2.62551	1.05021	0.986004	0	0	0	0	0	0	0	0	
0.47	1.01359	0.0454628	1.06419	0.986589	2.62479	1.04992	0.986218	0	0	0	0	0	0	0	0	
0.471	1.01348	0.0454523	1.06406	0.986696	2.62476	1.04991	0.986385	0	0	0	0	0	0	0	0	
0.472	1.01316	0.0454433	1.06394	0.98701	2.62529	1.05011	0.986517	0	0	0	0	0	0	0	0	
0.473	1.01281	0.0454364	1.06381	0.987356	2.62589	1.05036	0.986643	0	0	0	0	0	0	0	0	
0.474	1.01261	0.0454315	1.06368	0.987548	2.62608	1.05043	0.986795	0	0	0	0	0	0	0	0	
0.475	1.01267	0.0454281	1.06355	0.987488	2.6256	1.05024	0.98699	0	0	0	0	0	0	0	0	
0.476	1.01299	0.0454255	1.06341	0.987173	2.62444	1.04977	0.987227	0	0	0	0	0	0	0	0	
0.477	1.01351	0.0454228	1.06328	0.986668	2.62276	1.04911	0.987495	0	0	0	0	0	0	0	0	
0.478	1.01409	0.0454192	1.06315	0.986105	2.62094	1.04838	0.987771	0	0	0	0	0	0	0	0	
0.479	1.01456	0.0454144	1.06302	0.985652	2.61942	1.04777	0.988029	0	0	0	0	0	0	0	0	
0.48	1.01476	0.0454082	1.06289	0.985452	2.61857	1.04743	0.988246	0	0	0	0	0	0	0	0	
0.481	1.01465	0.0454011	1.06276	0.985566	2.61856	1.04742	0.988415	0	0	0	0	0	0	0	0	
0.482	1.01427	0.0453934	1.06264	0.985933	2.61923	1.04769	0.988546	0	0	0	0	0	0	0	0	
0.483	1.0138	0.0453858	1.06252	0.986384	2.62013	1.04805	0.988664	0	0	0	0	0	0	0	0	
0.484	1.01346	0.0453786	1.0624	0.98672	2.62072	1.04829	0.988799	0	0	0	0	0	0	0	0	
0.485	1.0133	0.0453722	1.06228	0.986873	2.62083	1.04833	0.988963	0	0	0	0	0	0	0	0	
0.486	1.01332	0.045367	1.06216	0.986858	2.62049	1.0482	0.989151	0	0	0	0	0	0	0	0	
0.487	1.01355	0.0453632	1.06203	0.986632	2.61959	1.04783	0.989369	0	0	0	0	0	0	0	0	
0.488	1.01403	0.0453609	1.0619	0.986164	2.61803	1.04721	0.989619	0	0	0	0	0	0	0	0	
0.489	1.01465	0.0453601	1.06178	0.985557	2.6161	1.04644	0.989888	0	0	0	0	0	0	0	0	
0.49	1.0152	0.0453608	1.06164	0.985024	2.61436	1.04574	0.990145	0	0	0	0	0	0	0	0	
0.491	1.01554	0.0453628	1.06151	0.984698	2.61316	1.04526	0.990375	0	0	0	0	0	0	0	0	
0.492	1.01568	0.045366	1.06137	0.984558	2.61246	1.04498	0.990579	0	0	0	0	0	0	0	0	
0.493	1.01571	0.0453696	1.06124	0.98453	2.61205	1.04482	0.990768	0	0	0	0	0	0	0	0	
0.494	1.01567	0.0453728	1.0611	0.98457	2.61182	1.04473	0.990949	0	0	0	0	0	0	0	0	
0.495	1.01553	0.0453749	1.06097	0.984711	2.61187	1.04475	0.991119	0	0	0	0	0	0	0	0	
0.496	1.01521	0.0453753	1.06084	0.985016	2.61236	1.04494	0.99127	0	0	0	0	0	0	0	0	
0.497	1.01481	0.045374	1.06072	0.985401	2.61308	1.04523	0.991413	0	0	0	0	0	0	0	0	
0.498	1.01456	0.0453709	1.06059	0.985647	2.61343	1.04537	0.991571	0	0	0	0	0	0	0	0	
0.499	1.01459	0.0453661	1.06048	0.985616	2.61306	1.04522	0.991761	0	0	0	0	0	0	0	0	
0.5	1.01486	0.04536	1.06036	0.985357	2.61208	1.04483	0.991975	0	0	0	0	0	0	0	0	
0.501	1.01521	0.0453533	1.06024	0.985018	2.6109	1.04436	0.992198	0	0	0	0	0	0	0	0	
0.502	1.01558	0.0453468	1.06013	0.984661	2.60967	1.04387	0.992422	0	0	0	0	0	0	0	0	
0.503	1.01596	0.0453414	1.06001	0.984291	2.6084	1.04336	0.992645	0	0	0	0	0	0	0	0	
0.504	1.0163	0.0453377	1.05989	0.983966	2.60724	1.0429	0.992863	0	0	0	0	0	0	0	0	
0.505	1.01652	0.0453362	1.05977	0.983753	2.60637	1.04255	0.993069	0	0	0	0	0	0	0	0	
0.506	1.01672	0.0453366	1.05964	0.983559	2.60555	1.04222	0.993272	0	0	0	0	0	0	0	0	
0.507	1.01697	0.0453386	1.05951	0.983316	2.60458	1.04183	0.993479	0	0	0	0	0	0	0	0	
0.508	1.01717	0.0453409	1.05938	0.983122	2.60375	1.0415	0.993681	0	0	0	0	0	0	0	0	
0.509	1.01721	0.0453426	1.05925	0.983083	2.60334	1.04133	0.993869	0	0	0	0	0	0	0	0	
0.51	1.01709	0.0453428	1.05913	0.983195	2.60332	1.04133	0.994045	0	0	0	0	0	0	0	0	
0.511	1.01669	0.0453411	1.05901	0.983586	2.60406	1.04162	0.994201	0	0	0	0	0	0	0	0	
0.512	1.01607	0.045338	1.05889	0.984186	2.60536	1.04215	0.994342	0	0	0	0	0	0	0	0	
0.513	1.01563	0.0453342	1.05878	0.984606	2.60619	1.04248	0.994498	0	0	0	0	0	0	0	0	
0.514	1.01564	0.0453308	1.05866	0.984596	2.60588	1.04235	0.994687	0	0	0	0	0	0	0	0	
0.515	1.01599	0.0453287	1.05854	0.984258	2.6047	1.04188	0.994899	0	0	0	0	0	0	0	0	
0.516	1.0161	0.045329	1.05842	0.984157	2.60414	1.04166	0.995097	0	0	0	0	0	0	0	0	
0.517	1.01625	0.0453326	1.0583	0.984007	2.60344	1.04137	0.995295	0	0	0	0	0	0	0	0	
0.518	1.0167	0.0453406	1.05817	0.983572	2.60196	1.04079	0.99551	0	0	0	0	0	0	0	0	
0.519	1.01716	0.0453546	1.05803	0.983125	2.60043	1.04017	0.995726	0	0	0	0	0	0	0	0	
0.52	1.01741	0.0453787	1.05787	0.982885	2.59942	1.03977	0.995929	0	0	0	0	0	0	0	0	
0.521	1.01741	0.0454211	1.05769	0.98289	2.59898	1.03959	0.996118	0	0	0	0	0	0	0	0	
0.522	1.01737	0.0454878	1.05747	0.982926	2.59854	1.03942	0.996305	0	0	0	0	0	0	0	0	
0.523	1.01746	0.0455652	1.05724	0.982836	2.59773	1.03909	0.9965	0	0	0	0	0	0	0	0	
0.524	1.01755	0.0456167	1.05705	0.982753	2.59704	1.03881	0.996693	0	0	0	0	0	0	0	0	
0.525	1.01754	0.0456162	1.05693	0.982759	2.59676	1.0387	0.99688	0	0	0	0	0	0	0	0	
0.526	1.01756	0.0455699	1.05687	0.982745	2.5966	1.03864	0.997066	0	0	0	0	0	0	0	0	
0.527	1.01779	0.0454732	1.0569	0.982521	2.59606	1.03842	0.997257	0	0	0	0	0	0	0	0	
0.528	1.01837	0.0453009	1.05703	0.981959	2.5949	1.03796	0.997458	0	0	0	0	0	0	0	0	
0.529	1.01865	0.0451245	1.05717	0.981691	2.59452	1.03781	0.997648	0	0	0	0	0	0	0	0	
0.53	1.01845	0.0451261	1.05705	0.981885	2.59474	1.0379	0.997829	0	0	0	0	0	0	0	0	
0.531	1.01824	0.0452269	1.05678	0.982084	2.59462	1.03785	0.998013	0	0	0	0	0	0	0	0	
0.532	1.01918	0.0450631	1.0569	0.981178	2.59252	1.03701	0.998218	0	0	0	0	0	0	0	0	
0.533	1.01972	0.0448482	1.0571	0.980662	2.59163	1.03665	0.998411	0	0	0	0	0	0	0	0	
0.534	1.0187	0.0453746	1.05621	0.981642	2.59206	1.03682	0.998588	0	0	0	0	0	0	0	0	
0.535	1.01734	0.0462236	1.05487	0.982954	2.59222	1.03689	0.998767	0	0	0	0	0	0	0	0	
0.536	1.01845	0.0449396	1.05662	0.981888	2.5937	1.03748	0.998952	0	0	0	0	0	0	0	0	
0.537	1.01688	0.0433681	1.05879	0.983403	2.60304	1.04122	0.999103	0	0	0	0	0	0	0	0	
0.538	1.02214	0.0464953	1.05404	0.978342	2.57803	1.03121	0.999372	0	0	0	0	0	0	0	0	
0.539	1.01486	0.0496306	1.04818	0.985354	2.58207	1.03283	0.999535	0	0	0	0	0	0	0	0	
0.54	1.01449	0.0374327	1.0499	0.985715	2.58725	1.0349	0.999711	0	0	0	0	0	0	0	0	
0.541	0.976284	-0.0473574	0.993658	1.02429	2.54449	1.0178	0.99988	0	0	0	0	0	0	0	0	
0.542	0.835665	-0.161706	0.787768	1.19665	2.35671	0.942685	0.999976	0	0	0	0	0	0	0	0	
0.543	0.387418	-0.860133	0.277858	2.58119	1.79301	0.717203	1	0	0	0	0	0	0	0	0	
0.544	0.259259	-1.35769	0.0967742	3.85715	0.933181	0.373272	1	0	0	0	0	0	0	0	0	
0.545	0.259259	-1.35769	0.0967742	3.85715	0.933181	0.373272	1	0	0	0	0	0	0	0	0	
0.546	0.259259	-1.35769	0.0967742	3.85715	0.933181	0.373272	1	0	0	0	0	0	0	0	0	
0.547	0.259259	-1.35769	0.0967742	3.85715	0.933181	0.373272	1	0	0	0	0	0	0	0	0	
0.548	0.259259	-1.35769	0.0967742	3.85715	0.933181	0.373272	1	0	0	0	0	0	0	0	0	
0.549	0.259259	-1.35769	0.0967742	3.85715	0.933181	0.373272	1	0	0	0	0	0	0	0	0	
0.55	0.259259	-1.35769	0.0967742	3.85715	0.933181	0.373272	1	0	0	0	0	0	0	0	0	
0.551	0.259259	-1.35769	0.0967742	3.85715	0.933181	0.373272	1	0	0	0	0	0	0	0	0	
0.552	0.259259	-1.35769	0.0967742	3.85715	0.933181	0.373272	1	0	0	0	0	0	0	0	0	
0.553	0.259259	-1.35769	0.0967742	3.85715	0.933181	0.373272	1	0	0	0	0	0	0	0	0	
0.554	0.259259	-1.35769	0.0967742	3.85715	0.933181	0.373272	1	0	0	0	0	0	0	0	0	
0.555	0.259259	-1.35769	0.0967742	3.85715	0.933181	0.373272	1	0	0	0	0	0	0	0	0	
0.556	0.259259	-1.35769	0.0967742	3.85715	0.933181	0.373272	1	0	0	0	0	0	0	0	0	
0.557	0.259259	-1.35769	0.0967742	3.85715	0.933181	0.373272	1	0	0	0	0	0	0	0	0	
0.558	0.259259	-1.35769	0.0967742	3.85715	0.933181	0.373272	1	0	0	0	0	0	0	0	0	
0.559	0.259259	-1.35769	0.0967742	3.85715	0.933181	0.373272	1	0	0	0	0	0	0	0	0	
0.56	0.259259	-1.35769	0.0967742	3.85715	0.933181	0.373272	1	0	0	0	0	0	0	0	0	
0.561	0.259259	-1.35769	0.0967742	3.85715	0.933181	0.373272	1	0	0	0	0	0	0	0	0	
0.562	0.259259	-1.35769	0.0967742	3.85715	0.933181	0.373272	1	0	0	0	0	0	0	0	0	
0.563	0.259259	-1.35769	0.0967742	3.85715	0.933181	0.373272	1	0	0	0	0	0	0	0	0	
0.564	0.259259	-1.35769	0.0967742	3.85715	0.933181	0.373272	1	0	0	0	0	0	0	0	0	
0.565	0.259259	-1.35769	0.0967742	3.85715	0.933181	0.373272	1	0	0	0	0	0	0	0	0	
0.566	0.259259	-1.35769	0.0967742	3.85715	0.933181	0.373272	1	0	0	0	0	0	0	0	0	
0.567	0.259259	-1.35769	0.0967742	3.85715	0.933181	0.373272	1	0	0	0	0	0	0	0	0	
0.568	0.259259	-1.35769	0.0967742	3.85715	0.933181	0.373272	1	0	0	0	0	0	0	0	0	
0.569	0.259259	-1.35769	0.0967742	3.85715	0.933181	0.373272	1	0	0	0	0	0	0	0	0	
0.57	0.259259	-1.35769	0.0967742	3.85715	0.933181	0.373272	1	0	0	0	0	0	0	0	0	
0.571	0.259259	-1.35769	0.0967742	3.85715	0.933181	0.373272	1	0	0	0	0	0	0	0	0	
0.572	0.259259	-1.35769	0.0967742	3.85715	0.933181	0.373272	1	0	0	0	0	0	0	0	0	
0.573	0.259259	-1.35769	0.0967742	3.85715	0.933181	0.373272	1	0	0	0	0	0	0	0	0	
0.574	0.259259	-1.35769	0.0967742	3.85715	0.933181	0.373272	1	0	0	0	0	0	0	0	0	
0.575	0.259259	-1.35769	0.0967742	3.85715	0.933181	0.373272	1	0	0	0	0	0	0	0	0	
0.576	0.259259	-1.35769	0.0967742	3.85715	0.933181	0.373272	1	0	0	0	0	0	0	0	0	
0.577	0.259259	-1.35769	0.0967742	3.85715	0.933181	0.373272	1	0	0	0	0	0	0	0	0	
0.578	0.259259	-1.35769	0.0967742	3.85715	0.933181	0.373272	1	0	0	0	0	0	0	0	0	
0.579	0.259259	-1.35769	0.0967742	3.85715	0.933181	0.373272	1	0	0	0	0	0	0	0	0	
0.58	0.259259	-1.35769	0.0967742	3.85715	0.933181	0.373272	1	0	0	0	0	0	0	0	0	
0.581	0.259259	-1.35769	0.0967742	3.85715	0.933181	0.373272	1	0	0	0	0	0	0	0	0	
0.582	0.259259	-1.35769	0.0967742	3.85715	0.933181	0.373272	1	0	0	0	0	0	0	0	0	
0.583	0.259259	-1.35769	0.0967742	3.85715	0.933181	0.373272	1	0	0	0	0	0	0	0	0	
0.584	0.259259	-1.35769	0.0967742	3.85715	0.933181	0.373272	1	0	0	0	0	0	0	0	0	
0.585	0.259259	-1.35769	0.0967742	3.85715	0.933181	0.373272	1	0	0	0	0	0	0	0	0	
0.586	0.259259	-1.35769	0.0967742	3.85715	0.933181	0.373272	1	0	0	0	0	0	0	0	0	
0.587	0.259259	-1.35769	0.0967742	3.85715	0.933181	0.373272	1	0	0	0	0	0	0	0	0	
0.588	0.259259	-1.35769	0.0967742	3.85715	0.933181	0.373272	1	0	0	0	0	0	0	0	0	
0.589	0.259259	-1.35769	0.0967742	3.85715	0.933181	0.373272	1	0	0	0	0	0	0	0	0	
0.59	0.259259	-1.35769	0.0967742	3.85715	0.933181	0.373272	1	0	0	0	0	0	0	0	0	
0.591	0.259259	-1.35769	0.0967742	3.85715	0.933181	0.373272	1	0	0	0	0	0	0	0	0	
0.592	0.259259	-1.35769	0.0967742	3.85715	0.933181	0.373272	1	0	0	0	0	0	0	0	0	
0.593	0.259259	-1.35769	0.0967742	3.85715	0.933181	0.373272	1	0	0	0	0	0	0	0	0	
0.594	0.259259	-1.35769	0.0967742	3.85715	0.933181	0.373272	1	0	0	0	0	0	0	0	0	
0.595	0.259259	-1.35769	0.0967742	3.85715	0.933181	0.373272	1	0	0	0	0	0	0	0	0	
0.596	0.259259	-1.35769	0.0967742	3.85715	0.933181	0.373272	1	0	0	0	0	0	0	0	0	
0.597	0.259259	-1.35769	0.0967742	3.85715	0.933181	0.373272	1	0	0	0	0	0	0	0	0	
0.598	0.259259	-1.35769	0.0967742	3.85715	0.933181	0.373272	1	0	0	0	0	0	0	0	0	
0.599	0.259259	-1.35769	0.0967742	3.85715	0.933181	0.373272	1	0	0	0	0	0	0	0	0	
0.6	0.259259	-1.35769	0.0967742	3.85715	0.933181	0.373272	1	0	0	0	0	0	0	0	0	
0.601	0.259259	-1.35769	0.0967742	3.85715	0.933181	0.373272	1	0	0	0	0	0	0	0	0	
0.602	0.259259	-1.35769	0.0967742	3.85715	0.933181	0.373272	1	0	0	0	0	0	0	0	0	
0.603	0.259259	-1.35769	0.0967742	3.85715	0.933181	0.373272	1	0	0	0	0	0	0	0	0	
0.604	0.259259	-1.35769	0.0967742	3.85715	0.933181	0.373272	1	0	0	0	0	0	0	0	0	
0.605	0.259259	-1.35769	0.0967742	3.85715	0.933181	0.373272	1	0	0	0	0	0	0	0	0	
0.606	0.259259	-1.35769	0.0967742	3.85715	0.933181	0.373272	1	0	0	0	0	0	0	0	0	
0.607	0.259259	-1.35769	0.0967742	3.85715	0.933181	0.373272	1	0	0	0	0	0	0	0	0	
0.608	0.259259	-1.35769	0.0967742	3.85715	0.933181	0.373272	1	0	0	0	0	0	0	0	0	
0.609	0.259259	-1.35769	0.0967742	3.85715	0.933181	0.373272	1	0	0	0	0	0	0	0	0	
0.61	0.259259	-1.35769	0.0967742	3.85715	0.933181	0.373272	1	0	0	0	0	0	0	0	0	
0.611	0.259259	-1.35769	0.0967742	3.85715	0.933181	0.373272	1	0	0	0	0	0	0	0	0	
0.612	0.259259	-1.35769	0.0967742	3.85715	0.933181	0.373272	1	0	0	0	0	0	0	0	0	
0.613	0.259259	-1.35769	0.0967742	3.85715	0.933181	0.373272	1	0	0	0	0	0	0	0	0	
0.614	0.259259	-1.35769	0.0967742	3.85715	0.933181	0.373272	1	0	0	0	0	0	0	0	0	
0.615	0.259259	-1.35769	0.0967742	3.85715	0.933181	0.373272	1	0	0	0	0	0	0	0	0	
0.616	0.259259	-1.35769	0.0967742	3.85715	0.933181	0.373272	1	0	0	0	0	0	0	0	0	
0.617	0.259259	-1.35769	0.0967742	3.85715	0.933181	0.373272	1	0	0	0	0	0	0	0	0	
0.618	0.259259	-1.35769	0.0967742	3.85715	0.933181	0.373272	1	0	0	0	0	0	0	0	0	
0.619	0.259259	-1.35769	0.0967742	3.85715	0.933181	0.373272	1	0	0	0	0	0	0	0	0	
0.62	0.259259	-1.35769	0.0967742	3.85715	0.933181	0.373272	1	0	0	0	0	0	0	0	0	
0.621	0.259259	-1.35769	0.0967742	3.85715	0.933181	0.373272	1	0	0	0	0	0	0	0	0	
0.622	0.259259	-1.35769	0.0967742	3.85715	0.933181	0.373272	1	0	0	0	0	0	0	0	0	
0.623	0.259259	-1.35769	0.0967742	3.85715	0.933181	0.373272	1	0	0	0	0	0	0	0	0	
0.624	0.259259	-1.35769	0.0967742	3.85715	0.933181	0.373272	1	0	0	0	0	0	0	0	0	
0.625	0.259259	-1.35769	0.0967742	3.85715	0.933181	0.373272	1	0	0	0	0	0	0	0	0	
0.626	0.259259	-1.35769	0.0967742	3.85715	0.933181	0.373272	1	0	0	0	0	0	0	0	0	
0.627	0.259259	-1.35769	0.0967742	3.85715	0.933181	0.373272	1	0	0	0	0	0	0	0	0	
0.628	0.259259	-1.35769	0.0967742	3.85715	0.933181	0.373272	1	0	0	0	0	0	0	0	0	
0.629	0.259259	-1.35769	0.0967742	3.85715	0.933181	0.373272	1	0	0	0	0	0	0	0	0	
0.63	0.259259	-1.35769	0.0967742	3.85715	0.933181	0.373272	1	0	0	0	0	0	0	0	0	
0.631	0.259259	-1.35769	0.0967742	3.85715	0.933181	0.373272	1	0	0	0	0	0	0	0	0	
0.632	0.259259	-1.35769	0.0967742	3.85715	0.933181	0.373272	1	0	0	0	0	0	0	0	0	
0.633	0.259259	-1.35769	0.0967742	3.85715	0.933181	0.373272	1	0	0	0	0	0	0	0	0	
0.634	0.259259	-1.35769	0.0967742	3.85715	0.933181	0.373272	1	0	0	0	0	0	0	0	0	
0.635	0.259259	-1.35769	0.0967742	3.85715	0.933181	0.373272	1	0	0	0	0	0	0	0	0	
0.636	0.259259	-1.35769	0.0967742	3.85715	0.933181	0.373272	1	0	0	0	0	0	0	0	0	
0.637	0.259259	-1.35769	0.0967742	3.85715	0.933181	0.373272	1	0	0	0	0	0	0	0	0	
0.638	0.259259	-1.35769	0.0967742	3.85715	0.933181	0.373272	1	0	0	0	0	0	0	0	0	
0.639	0.259259	-1.35769	0.0967742	3.85715	0.933181	0.373272	1	0	0	0	0	0	0	0	0	
0.64	0.259259	-1.35769	0.0967742	3.85715	0.933181	0.373272	1	0	0	0	0	0	0	0	0	
0.641	0.259259	-1.35769	0.0967742	3.85715	0.933181	0.373272	1	0	0	0	0	0	0	0	0	
0.642	0.259259	-1.35769	0.0967742	3.85715	0.933181	0.373272	1	0	0	0	0	0	0	0	0	
0.643	0.259259	-1.35769	0.0967742	3.85715	0.933181	0.373272	1	0	0	0	0	0	0	0	0	
0.644	0.259259	-1.35769	0.0967742	3.85715	0.933181	0.373272	1	0	0	0	0	0	0	0	0	
0.645	0.259259	-1.35769	0.0967742	3.85715	0.933181	0.373272	1	0	0	0	0	0	0	0	0	
0.646	0.259259	-1.35769	0.0967742	3.85715	0.933181	0.373272	1	0	0	0	0	0	0	0	0	
0.647	0.259259	-1.35769	0.0967742	3.85715	0.933181	0.373272	1	0	0	0	0	0	0	0	0	
0.648	0.259259	-1.35769	0.0967742	3.85715	0.933181	0.373272	1	0	0	0	0	0	0	0	0	
0.649	0.259259	-1.35769	0.0967742	3.85715	0.933181	0.373272	1	0	0	0	0	0	0	0	0	
0.65	0.259259	-1.35769	0.0967742	3.85715	0.933181	0.373272	1	0	0	0	0	0	0	0	0	
0.651	0.259259	-1.35769	0.0967742	3.85715	0.933181	0.373272	1	0	0	0	0	0	0	0	0	
0.652	0.259259	-1.35769	0.0967742	3.85715	0.933181	0.373272	1	0	0	0	0	0	0	0	0	
0.653	0.259259	-1.35769	0.0967742	3.85715	0.933181	0.373272	1	0	0	0	0	0	0	0	0	
0.654	0.259259	-1.35769	0.0967742	3.85715	0.933181	0.373272	1	0	0	0	0	0	0	0	0	
0.655	0.259259	-1.35769	0.0967742	3.85715	0.933181	0.373272	1	0	0	0	0	0	0	0	0	
0.656	0.259259	-1.35769	0.0967742	3.85715	0.933181	0.373272	1	0	0	0	0	0	0	0	0	
0.657	0.259259	-1.35769	0.0967742	3.85715	0.933181	0.373272	1	0	0	0	0	0	0	0	0	
0.658	0.259259	-1.35769	0.0967742	3.85715	0.933181	0.373272	1	0	0	0	0	0	0	0	0	
0.659	0.259259	-1.35769	0.0967742	3.85715	0.933181	0.373272	1	0	0	0	0	0	0	0	0	
0.66	0.259259	-1.35769	0.0967742	3.85715	0.933181	0.373272	1	0	0	0	0	0	0	0	0	
0.661	0.259259	-1.35769	0.0967742	3.85715	0.933181	0.373272	1	0	0	0	0	0	0	0	0	
0.662	0.259259	-1.35769	0.0967742	3.85715	0.933181	0.373272	1	0	0	0	0	0	0	0	0	
0.663	0.259259	-1.35769	0.0967742	3.85715	0.933181	0.373272	1	0	0	0	0	0	0	0	0	
0.664	0.259259	-1.35769	0.0967742	3.85715	0.933181	0.373272	1	0	0	0	0	0	0	0	0	
0.665	0.259259	-1.35769	0.0967742	3.85715	0.933181	0.373272	1	0	0	0	0	0	0	0	0	
0.666	0.259259	-1.35769	0.0967742	3.85715	0.933181	0.373272	1	0	0	0	0	0	0	0	0	
0.667	0.259259	-1.35769	0.0967742	3.85715	0.933181	0.373272	1	0	0	0	0	0	0	0	0	
0.668	0.259259	-1.35769	0.0967742	3.85715	0.933181	0.373272	1	0	0	0	0	0	0	0	0	
0.669	0.259259	-1.35769	0.0967742	3.85715	0.933181	0.373272	1	0	0	0	0	0	0	0	0	
0.67	0.259259	-1.35769	0.0967742	3.85715	0.933181	0.373272	1	0	0	0	0	0	0	0	0	
0.671	0.259259	-1.35769	0.0967742	3.85715	0.933181	0.373272	1	0	0	0	0	0	0	0	0	
0.672	0.259259	-1.35769	0.0967742	3.85715	0.933181	0.373272	1	0	0	0	0	0	0	0	0	
0.673	0.259259	-1.35769	0.0967742	3.85715	0.933181	0.373272	1	0	0	0	0	0	0	0	0	
0.674	0.259259	-1.35769	0.0967742	3.85715	0.933181	0.373272	1	0	0	0	0	0	0	0	0	
0.675	0.259259	-1.35769	0.0967742	3.85715	0.933181	0.373272	1	0	0	0	0	0	0	0	0	
0.676	0.259259	-1.35769	0.0967742	3.85715	0.933181	0.373272	1	0	0	0	0	0	0	0	0	
0.677	0.259259	-1.35769	0.0967742	3.85715	0.933181	0.373272	1	0	0	0	0	0	0	0	0	
0.678	0.259259	-1.35769	0.0967742	3.85715	0.933181	0.373272	1	0	0	0	0	0	0	0	0	
0.679	0.259259	-1.35769	0.0967742	3.85715	0.933181	0.373272	1	0	0	0	0	0	0	0	0	
0.68	0.259259	-1.35769	0.0967742	3.85715	0.933181	0.373272	1	0	0	0	0	0	0	0	0	
0.681	0.259259	-1.35769	0.0967742	3.85715	0.933181	0.373272	1	0	0	0	0	0	0	0	0	
0.682	0.259259	-1.35769	0.0967742	3.85715	0.933181	0.373272	1	0	0	0	0	0	0	0	0	
0.683	0.259259	-1.35769	0.0967742	3.85715	0.933181	0.373272	1	0	0	0	0	0	0	0	0	
0.684	0.259259	-1.35769	0.0967742	3.85715	0.933181	0.373272	1	0	0	0	0	0	0	0	0	
0.685	0.259259	-1.35769	0.0967742	3.85715	0.933181	0.373272	1	0	0	0	0	0	0	0	0	
0.686	0.259259	-1.35769	0.0967742	3.85715	0.933181	0.373272	1	0	0	0	0	0	0	0	0	
0.687	0.259259	-1.35769	0.0967742	3.85715	0.933181	0.373272	1	0	0	0	0	0	0	0	0	
0.688	0.259259	-1.35769	0.0967742	3.85715	0.933181	0.373272	1	0	0	0	0	0	0	0	0	
0.689	0.259259	-1.35769	0.0967742	3.85715	0.933181	0.373272	1	0	0	0	0	0	0	0	0	
0.69	0.259259	-1.35769	0.0967742	3.85715	0.933181	0.373272	1	0	0	0	0	0	0	0	0	
0.691	0.259259	-1.35769	0.0967742	3.85715	0.933181	0.373272	1	0	0	0	0	0	0	0	0	
0.692	0.259259	-1.35769	0.0967742	3.85715	0.933181	0.373272	1	0	0	0	0	0	0	0	0	
0.693	0.259259	-1.35769	0.0967742	3.85715	0.933181	0.373272	1	0	0	0	0	0	0	0	0	
0.694	0.259259	-1.35769	0.0967742	3.85715	0.933181	0.373272	1	0	0	0	0	0	0	0	0	
0.695	0.259259	-1.35769	0.0967742	3.85715	0.933181	0.373272	1	0	0	0	0	0	0	0	0	
0.696	0.259259	-1.35769	0.0967742	3.85715	0.933181	0.373272	1	0	0	0	0	0	0	0	0	
0.697	0.259259	-1.35769	0.0967742	3.85715	0.933181	0.373272	1	0	0	0	0	0	0	0	0	
0.698	0.259259	-1.35769	0.0967742	3.85715	0.933181	0.373272	1	0	0	0	0	0	0	0	0	
0.699	0.259259	-1.35769	0.0967742	3.85715	0.933181	0.373272	1	0	0	0	0	0	0	0	0	
0.7	0.259259	-1.35769	0.0967742	3.85715	0.933181	0.373272	1	0	0	0	0	0	0	0	0	
0.701	0.259259	-1.35769	0.0967742	3.85715	0.933181	0.373272	1	0	0	0	0	0	0	0	0	
0.702	0.259259	-1.35769	0.0967742	3.85715	0.933181	0.373272	1	0	0	0	0	0	0	0	0	
0.703	0.259259	-1.35769	0.0967742	3.85715	0.933181	0.373272	1	0	0	0	0	0	0	0	0	
0.704	0.259259	-1.35769	0.0967742	3.85715	0.933181	0.373272	1	0	0	0	0	0	0	0	0	
0.705	0.259259	-1.35769	0.0967742	3.85715	0.933181	0.373272	1	0	0	0	0	0	0	0	0	
0.706	0.259259	-1.35769	0.0967742	3.85715	0.933181	0.373272	1	0	0	0	0	0	0	0	0	
0.707	0.259259	-1.35769	0.0967742	3.85715	0.933181	0.373272	1	0	0	0	0	0	0	0	0	
0.708	0.259259	-1.35769	0.0967742	3.85715	0.933181	0.373272	1	0	0	0	0	0	0	0	0	
0.709	0.259259	-1.35769	0.0967742	3.85715	0.933181	0.373272	1	0	0	0	0	0	0	0	0	
0.71	0.259259	-1.35769	0.0967742	3.85715	0.933181	0.373272	1	0	0	0	0	0	0	0	0	
0.711	0.259259	-1.35769	0.0967742	3.85715	0.933181	0.373272	1	0	0	0	0	0	0	0	0	
0.712	0.259259	-1.35769	0.0967742	3.85715	0.933181	0.373272	1	0	0	0	0	0	0	0	0	
0.713	0.259259	-1.35769	0.0967742	3.85715	0.933181	0.373272	1	0	0	0	0	0	0	0	0	
0.714	0.259259	-1.35769	0.0967742	3.85715	0.933181	0.373272	1	0	0	0	0	0	0	0	0	
0.715	0.259259	-1.35769	0.0967742	3.85715	0.933181	0.373272	1	0	0	0	0	0	0	0	0	
0.716	0.259259	-1.35769	0.0967742	3.85715	0.933181	0.373272	1	0	0	0	0	0	0	0	0	
0.717	0.259259	-1.35769	0.0967742	3.85715	0.933181	0.373272	1	0	0	0	0	0	0	0	0	
0.718	0.259259	-1.35769	0.0967742	3.85715	0.933181	0.373272	1	0	0	0	0	0	0	0	0	
0.719	0.259259	-1.35769	0.0967742	3.85715	0.933181	0.373272	1	0	0	0	0	0	0	0	0	
0.72	0.259259	-1.35769	0.0967742	3.85715	0.933181	0.373272	1	0	0	0	0	0	0	0	0	
0.721	0.259259	-1.35769	0.0967742	3.85715	0.933181	0.373272	1	0	0	0	0	0	0	0	0	
0.722	0.259259	-1.35769	0.0967742	3.85715	0.933181	0.373272	1	0	0	0	0	0	0	0	0	
0.723	0.259259	-1.35769	0.0967742	3.85715	0.933181	0.373272	1	0	0	0	0	0	0	0	0	
0.724	0.259259	-1.35769	0.0967742	3.85715	0.933181	0.373272	1	0	0	0	0	0	0	0	0	
0.725	0.259259	-1.35769	0.0967742	3.85715	0.933181	0.373272	1	0	0	0	0	0	0	0	0	
0.726	0.259259	-1.35769	0.0967742	3.85715	0.933181	0.373272	1	0	0	0	0	0	0	0	0	
0.727	0.259259	-1.35769	0.0967742	3.85715	0.933181	0.373272	1	0	0	0	0	0	0	0	0	
0.728	0.259259	-1.35769	0.0967742	3.85715	0.933181	0.373272	1	0	0	0	0	0	0	0	0	
0.729	0.259259	-1.35769	0.0967742	3.85715	0.933181	0.373272	1	0	0	0	0	0	0	0	0	
0.73	0.259259	-1.35769	0.0967742	3.85715	0.933181	0.373272	1	0	0	0	0	0	0	0	0	
0.731	0.259259	-1.35769	0.0967742	3.85715	0.933181	0.373272	1	0	0	0	0	0	0	0	0	
0.732	0.259259	-1.35769	0.0967742	3.85715	0.933181	0.373272	1	0	0	0	0	0	0	0	0	
0.733	0.259259	-1.35769	0.0967742	3.85715	0.933181	0.373272	1	0	0	0	0	0	0	0	0	
0.734	0.259259	-1.35769	0.0967742	3.85715	0.933181	0.373272	1	0	0	0	0	0	0	0	0	
0.735	0.259259	-1.35769	0.0967742	3.85715	0.933181	0.373272	1	0	0	0	0	0	0	0	0	
0.736	0.259259	-1.35769	0.0967742	3.85715	0.933181	0.373272	1	0	0	0	0	0	0	0	0	
0.737	0.259259	-1.35769	0.0967742	3.85715	0.933181	0.373272	1	0	0	0	0	0	0	0	0	
0.738	0.259259	-1.35769	0.0967742	3.85715	0.933181	0.373272	1	0	0	0	0	0	0	0	0	
0.739	0.259259	-1.35769	0.0967742	3.85715	0.933181	0.373272	1	0	0	0	0	0	0	0	0	
0.74	0.259259	-1.35769	0.0967742	3.85715	0.933181	0.373272	1	0	0	0	0	0	0	0	0	
0.741	0.259259	-1.35769	0.0967742	3.85715	0.933181	0.373272	1	0	0	0	0	0	0	0	0	
0.742	0.259259	-1.35769	0.0967742	3.85715	0.933181	0.373272	1	0	0	0	0	0	0	0	0	
0.743	0.259259	-1.35769	0.0967742	3.85715	0.933181	0.373272	1	0	0	0	0	0	0	0	0	
0.744	0.259259	-1.35769	0.0967742	3.85715	0.933181	0.373272	1	0	0	0	0	0	0	0	0	
0.745	0.259259	-1.35769	0.0967742	3.85715	0.933181	0.373272	1	0	0	0	0	0	0	0	0	
0.746	0.259259	-1.35769	0.0967742	3.85715	0.933181	0.373272	1	0	0	0	0	0	0	0	0	
0.747	0.259259	-1.35769	0.0967742	3.85715	0.933181	0.373272	1	0	0	0	0	0	0	0	0	
0.748	0.259259	-1.35769	0.0967742	3.85715	0.933181	0.373272	1	0	0	0	0	0	0	0	0	
0.749	0.259259	-1.35769	0.0967742	3.85715	0.933181	0.373272	1	0	0	0	0	0	0	0	0	
0.75	0.259259	-1.35769	0.0967742	3.85715	0.933181	0.373272	1	0	0	0	0	0	0	0	0	
0.751	0.259259	-1.35769	0.0967742	3.85715	0.933181	0.373272	1	0	0	0	0	0	0	0	0	
0.752	0.259259	-1.35769	0.0967742	3.85715	0.933181	0.373272	1	0	0	0	0	0	0	0	0	
0.753	0.259259	-1.35769	0.0967742	3.85715	0.933181	0.373272	1	0	0	0	0	0	0	0	0	
0.754	0.259259	-1.35769	0.0967742	3.85715	0.933181	0.373272	1	0	0	0	0	0	0	0	0	
0.755	0.259259	-1.35769	0.0967742	3.85715	0.933181	0.373272	1	0	0	0	0	0	0	0	0	
0.756	0.259259	-1.35769	0.0967742	3.85715	0.933181	0.373272	1	0	0	0	0	0	0	0	0	
0.757	0.259259	-1.35769	0.0967742	3.85715	0.933181	0.373272	1	0	0	0	0	0	0	0	0	
0.758	0.259259	-1.35769	0.0967742	3.85715	0.933181	0.373272	1	0	0	0	0	0	0	0	0	
0.759	0.259259	-1.35769	0.0967742	3.85715	0.933181	0.373272	1	0	0	0	0	0	0	0	0	
0.76	0.259259	-1.35769	0.0967742	3.85715	0.933181	0.373272	1	0	0	0	0	0	0	0	0	
0.761	0.259259	-1.35769	0.0967742	3.85715	0.933181	0.373272	1	0	0	0	0	0	0	0	0	
0.762	0.259259	-1.35769	0.0967742	3.85715	0.933181	0.373272	1	0	0	0	0	0	0	0	0	
0.763	0.259259	-1.35769	0.0967742	3.85715	0.933181	0.373272	1	0	0	0	0	0	0	0	0	
0.764	0.259259	-1.35769	0.0967742	3.85715	0.933181	0.373272	1	0	0	0	0	0	0	0	0	
0.765	0.259259	-1.35769	0.0967742	3.85715	0.933181	0.373272	1	0	0	0	0	0	0	0	0	
0.766	0.259259	-1.35769	0.0967742	3.85715	0.933181	0.373272	1	0	0	0	0	0	0	0	0	
0.767	0.259259	-1.35769	0.0967742	3.85715	0.933181	0.373272	1	0	0	0	0	0	0	0	0	
0.768	0.259259	-1.35769	0.0967742	3.85715	0.933181	0.373272	1	0	0	0	0	0	0	0	0	
0.769	0.259259	-1.35769	0.0967742	3.85715	0.933181	0.373272	1	0	0	0	0	0	0	0	0	
0.77	0.259259	-1.35769	0.0967742	3.85715	0.933181	0.373272	1	0	0	0	0	0	0	0	0	
0.771	0.259259	-1.35769	0.0967742	3.85715	0.933181	0.373272	1	0	0	0	0	0	0	0	0	
0.772	0.259259	-1.35769	0.0967742	3.85715	0.933181	0.373272	1	0	0	0	0	0	0	0	0	
0.773	0.259259	-1.35769	0.0967742	3.85715	0.933181	0.373272	1	0	0	0	0	0	0	0	0	
0.774	0.259259	-1.35769	0.0967742	3.85715	0.933181	0.373272	1	0	0	0	0	0	0	0	0	
0.775	0.259259	-1.35769	0.0967742	3.85715	0.933181	0.373272	1	0	0	0	0	0	0	0	0	
0.776	0.259259	-1.35769	0.0967742	3.85715	0.933181	0.373272	1	0	0	0	0	0	0	0	0	
0.777	0.259259	-1.35769	0.0967742	3.85715	0.933181	0.373272	1	0	0	0	0	0	0	0	0	
0.778	0.259259	-1.35769	0.0967742	3.85715	0.933181	0.373272	1	0	0	0	0	0	0	0	0	
0.779	0.259259	-1.35769	0.0967742	3.85715	0.933181	0.373272	1	0	0	0	0	0	0	0	0	
0.78	0.259259	-1.35769	0.0967742	3.85715	0.933181	0.373272	1	0	0	0	0	0	0	0	0	
0.781	0.259259	-1.35769	0.0967742	3.85715	0.933181	0.373272	1	0	0	0	0	0	0	0	0	
0.782	0.259259	-1.35769	0.0967742	3.85715	0.933181	0.373272	1	0	0	0	0	0	0	0	0	
0.783	0.259259	-1.35769	0.0967742	3.85715	0.933181	0.373272	1	0	0	0	0	0	0	0	0	
0.784	0.259259	-1.35769	0.0967742	3.85715	0.933181	0.373272	1	0	0	0	0	0	0	0	0	
0.785	0.259259	-1.35769	0.0967742	3.85715	0.933181	0.373272	1	0	0	0	0	0	0	0	0	
0.786	0.259259	-1.35769	0.0967742	3.85715	0.933181	0.373272	1	0	0	0	0	0	0	0	0	
0.787	0.259259	-1.35769	0.0967742	3.85715	0.933181	0.373272	1	0	0	0	0	0	0	0	0	
0.788	0.259259	-1.35769	0.0967742	3.85715	0.933181	0.373272	1	0	0	0	0	0	0	0	0	
0.789	0.259259	-1.35769	0.0967742	3.85715	0.933181	0.373272	1	0	0	0	0	0	0	0	0	
0.79	0.259259	-1.35769	0.0967742	3.85715	0.933181	0.373272	1	0	0	0	0	0	0	0	0	
0.791	0.259259	-1.35769	0.0967742	3.85715	0.933181	0.373272	1	0	0	0	0	0	0	0	0	
0.792	0.259259	-1.35769	0.0967742	3.85715	0.933181	0.373272	1	0	0	0	0	0	0	0	0	
0.793	0.259259	-1.35769	0.0967742	3.85715	0.933181	0.373272	1	0	0	0	0	0	0	0	0	
0.794	0.259259	-1.35769	0.0967742	3.85715	0.933181	0.373272	1	0	0	0	0	0	0	0	0	
0.795	0.259259	-1.35769	0.0967742	3.85715	0.933181	0.373272	1	0	0	0	0	0	0	0	0	
0.796	0.259259	-1.35769	0.0967742	3.85715	0.933181	0.373272	1	0	0	0	0	0	0	0	0	
0.797	0.259259	-1.35769	0.0967742	3.85715	0.933181	0.373272	1	0	0	0	0	0	0	0	0	
0.798	0.259259	-1.35769	0.0967742	3.85715	0.933181	0.373272	1	0	0	0	0	0	0	0	0	
0.799	0.259259	-1.35769	0.0967742	3.85715	0.933181	0.373272	1	0	0	0	0	0	0	0	0	
0.8	0.259259	-1.35769	0.0967742	3.85715	0.933181	0.373272	1	0	0	0	0	0	0	0	0	
0.801	0.259259	-1.35769	0.0967742	3.85715	0.933181	0.373272	1	0	0	0	0	0	0	0	0	
0.802	0.259259	-1.35769	0.0967742	3.85715	0.933181	0.373272	1	0	0	0	0	0	0	0	0	
0.803	0.259259	-1.35769	0.0967742	3.85715	0.933181	0.373272	1	0	0	0	0	0	0	0	0	
0.804	0.259259	-1.35769	0.0967742	3.85715	0.933181	0.373272	1	0	0	0	0	0	0	0	0	
0.805	0.259259	-1.35769	0.0967742	3.85715	0.933181	0.373272	1	0	0	0	0	0	0	0	0	
0.806	0.259259	-1.35769	0.0967742	3.85715	0.933181	0.373272	1	0	0	0	0	0	0	0	0	
0.807	0.259259	-1.35769	0.0967742	3.85715	0.933181	0.373272	1	0	0	0	0	0	0	0	0	
0.808	0.259259	-1.35769	0.0967742	3.85715	0.933181	0.373272	1	0	0	0	0	0	0	0	0	
0.809	0.259259	-1.35769	0.0967742	3.85715	0.933181	0.373272	1	0	0	0	0	0	0	0	0	
0.81	0.259259	-1.35769	0.0967742	3.85715	0.933181	0.373272	1	0	0	0	0	0	0	0	0	
0.811	0.259259	-1.35769	0.0967742	3.85715	0.933181	0.373272	1	0	0	0	0	0	0	0	0	
0.812	0.259259	-1.35769	0.0967742	3.85715	0.933181	0.373272	1	0	0	0	0	0	0	0	0	
0.813	0.259259	-1.35769	0.0967742	3.85715	0.933181	0.373272	1	0	0	0	0	0	0	0	0	
0.814	0.259259	-1.35769	0.0967742	3.85715	0.933181	0.373272	1	0	0	0	0	0	0	0	0	
0.815	0.259259	-1.35769	0.0967742	3.85715	0.933181	0.373272	1	0	0	0	0	0	0	0	0	
0.816	0.259259	-1.35769	0.0967742	3.85715	0.933181	0.373272	1	0	0	0	0	0	0	0	0	
0.817	0.259259	-1.35769	0.0967742	3.85715	0.933181	0.373272	1	0	0	0	0	0	0	0	0	
0.818	0.259259	-1.35769	0.0967742	3.85715	0.933181	0.373272	1	0	0	0	0	0	0	0	0	
0.819	0.259259	-1.35769	0.0967742	3.85715	0.933181	0.373272	1	0	0	0	0	0	0	0	0	
0.82	0.259259	-1.35769	0.0967742	3.85715	0.933181	0.373272	1	0	0	0	0	0	0	0	0	
0.821	0.259259	-1.35769	0.0967742	3.85715	0.933181	0.373272	1	0	0	0	0	0	0	0	0	
0.822	0.259259	-1.35769	0.0967742	3.85715	0.933181	0.373272	1	0	0	0	0	0	0	0	0	
0.823	0.259259	-1.35769	0.0967742	3.85715	0.933181	0.373272	1	0	0	0	0	0	0	0	0	
0.824	0.259259	-1.35769	0.0967742	3.85715	0.933181	0.373272	1	0	0	0	0	0	0	0	0	
0.825	0.259259	-1.35769	0.0967742	3.85715	0.933181	0.373272	1	0	0	0	0	0	0	0	0	
0.826	0.259259	-1.35769	0.0967742	3.85715	0.933181	0.373272	1	0	0	0	0	0	0	0	0	
0.827	0.259259	-1.35769	0.0967742	3.85715	0.933181	0.373272	1	0	0	0	0	0	0	0	0	
0.828	0.259259	-1.35769	0.0967742	3.85715	0.933181	0.373272	1	0	0	0	0	0	0	0	0	
0.829	0.259259	-1.35769	0.0967742	3.85715	0.933181	0.373272	1	0	0	0	0	0	0	0	0	
0.83	0.259259	-1.35769	0.0967742	3.85715	0.933181	0.373272	1	0	0	0	0	0	0	0	0	
0.831	0.259259	-1.35769	0.0967742	3.85715	0.933181	0.373272	1	0	0	0	0	0	0	0	0	
0.832	0.259259	-1.35769	0.0967742	3.85715	0.933181	0.373272	1	0	0	0	0	0	0	0	0	
0.833	0.259259	-1.35769	0.0967742	3.85715	0.933181	0.373272	1	0	0	0	0	0	0	0	0	
0.834	0.259259	-1.35769	0.0967742	3.85715	0.933181	0.373272	1	0	0	0	0	0	0	0	0	
0.835	0.259259	-1.35769	0.0967742	3.85715	0.933181	0.373272	1	0	0	0	0	0	0	0	0	
0.836	0.259259	-1.35769	0.0967742	3.85715	0.933181	0.373272	1	0	0	0	0	0	0	0	0	
0.837	0.259259	-1.35769	0.0967742	3.85715	0.933181	0.373272	1	0	0	0	0	0	0	0	0	
0.838	0.259259	-1.35769	0.0967742	3.85715	0.933181	0.373272	1	0	0	0	0	0	0	0	0	
0.839	0.259259	-1.35769	0.0967742	3.85715	0.933181	0.373272	1	0	0	0	0	0	0	0	0	
0.84	0.259259	-1.35769	0.0967742	3.85715	0.933181	0.373272	1	0	0	0	0	0	0	0	0	
0.841	0.259259	-1.35769	0.0967742	3.85715	0.933181	0.373272	1	0	0	0	0	0	0	0	0	
0.842	0.259259	-1.35769	0.0967742	3.85715	0.933181	0.373272	1	0	0	0	0	0	0	0	0	
0.843	0.259259	-1.35769	0.0967742	3.85715	0.933181	0.373272	1	0	0	0	0	0	0	0	0	
0.844	0.259259	-1.35769	0.0967742	3.85715	0.933181	0.373272	1	0	0	0	0	0	0	0	0	
0.845	0.259259	-1.35769	0.0967742	3.85715	0.933181	0.373272	1	0	0	0	0	0	0	0	0	
0.846	0.259259	-1.35769	0.0967742	3.85715	0.933181	0.373272	1	0	0	0	0	0	0	0	0	
0.847	0.259259	-1.35769	0.0967742	3.85715	0.933181	0.373272	1	0	0	0	0	0	0	0	0	
0.848	0.259259	-1.35769	0.0967742	3.85715	0.933181	0.373272	1	0	0	0	0	0	0	0	0	
0.849	0.259259	-1.35769	0.0967742	3.85715	0.933181	0.373272	1	0	0	0	0	0	0	0	0	
0.85	0.259259	-1.35769	0.0967742	3.85715	0.933181	0.373272	1	0	0	0	0	0	0	0	0	
0.851	0.259259	-1.35769	0.0967742	3.85715	0.933181	0.373272	1	0	0	0	0	0	0	0	0	
0.852	0.259259	-1.35769	0.0967742	3.85715	0.933181	0.373272	1	0	0	0	0	0	0	0	0	
0.853	0.259259	-1.35769	0.0967742	3.85715	0.933181	0.373272	1	0	0	0	0	0	0	0	0	
0.854	0.259259	-1.35769	0.0967742	3.85715	0.933181	0.373272	1	0	0	0	0	0	0	0	0	
0.855	0.259259	-1.35769	0.0967742	3.85715	0.933181	0.373272	1	0	0	0	0	0	0	0	0	
0.856	0.259259	-1.35769	0.0967742	3.85715	0.933181	0.373272	1	0	0	0	0	0	0	0	0	
0.857	0.259259	-1.35769	0.0967742	3.85715	0.933181	0.373272	1	0	0	0	0	0	0	0	0	
0.858	0.259259	-1.35769	0.0967742	3.85715	0.933181	0.373272	1	0	0	0	0	0	0	0	0	
0.859	0.259259	-1.35769	0.0967742	3.85715	0.933181	0.373272	1	0	0	0	0	0	0	0	0	
0.86	0.259259	-1.35769	0.0967742	3.85715	0.933181	0.373272	1	0	0	0	0	0	0	0	0	
0.861	0.259259	-1.35769	0.0967742	3.85715	0.933181	0.373272	1	0	0	0	0	0	0	0	0	
0.862	0.259259	-1.35769	0.0967742	3.85715	0.933181	0.373272	1	0	0	0	0	0	0	0	0	
0.863	0.259259	-1.35769	0.0967742	3.85715	0.933181	0.373272	1	0	0	0	0	0	0	0	0	
0.864	0.259259	-1.35769	0.0967742	3.85715	0.933181	0.373272	1	0	0	0	0	0	0	0	0	
0.865	0.259259	-1.35769	0.0967742	3.85715	0.933181	0.373272	1	0	0	0	0	0	0	0	0	
0.866	0.259259	-1.35769	0.0967742	3.85715	0.933181	0.373272	1	0	0	0	0	0	0	0	0	
0.867	0.259259	-1.35769	0.0967742	3.85715	0.933181	0.373272	1	0	0	0	0	0	0	0	0	
0.868	0.259259	-1.35769	0.0967742	3.85715	0.933181	0.373272	1	0	0	0	0	0	0	0	0	
0.869	0.259259	-1.35769	0.0967742	3.85715	0.933181	0.373272	1	0	0	0	0	0	0	0	0	
0.87	0.259259	-1.35769	0.0967742	3.85715	0.933181	0.373272	1	0	0	0	0	0	0	0	0	
0.871	0.259259	-1.35769	0.0967742	3.85715	0.933181	0.373272	1	0	0	0	0	0	0	0	0	
0.872	0.259259	-1.35769	0.0967742	3.85715	0.933181	0.373272	1	0	0	0	0	0	0	0	0	
0.873	0.259259	-1.35769	0.0967742	3.85715	0.933181	0.373272	1	0	0	0	0	0	0	0	0	
0.874	0.259259	-1.35769	0.0967742	3.85715	0.933181	0.373272	1	0	0	0	0	0	0	0	0	
0.875	0.259259	-1.35769	0.0967742	3.85715	0.933181	0.373272	1	0	0	0	0	0	0	0	0	
0.876	0.259259	-1.35769	0.0967742	3.85715	0.933181	0.373272	1	0	0	0	0	0	0	0	0	
0.877	0.259259	-1.35769	0.0967742	3.85715	0.933181	0.373272	1	0	0	0	0	0	0	0	0	
0.878	0.259259	-1.35769	0.0967742	3.85715	0.933181	0.373272	1	0	0	0	0	0	0	0	0	
0.879	0.259259	-1.35769	0.0967742	3.85715	0.933181	0.373272	1	0	0	0	0	0	0	0	0	
0.88	0.259259	-1.35769	0.0967742	3.85715	0.933181	0.373272	1	0	0	0	0	0	0	0	0	
0.881	0.259259	-1.35769	0.0967742	3.85715	0.933181	0.373272	1	0	0	0	0	0	0	0	0	
0.882	0.259259	-1.35769	0.0967742	3.85715	0.933181	0.373272	1	0	0	0	0	0	0	0	0	
0.883	0.259259	-1.35769	0.0967742	3.85715	0.933181	0.373272	1	0	0	0	0	0	0	0	0	
0.884	0.259259	-1.35769	0.0967742	3.85715	0.933181	0.373272	1	0	0	0	0	0	0	0	0	
0.885	0.259259	-1.35769	0.0967742	3.85715	0.933181	0.373272	1	0	0	0	0	0	0	0	0	
0.886	0.259259	-1.35769	0.0967742	3.85715	0.933181	0.373272	1	0	0	0	0	0	0	0	0	
0.887	0.259259	-1.35769	0.0967742	3.85715	0.933181	0.373272	1	0	0	0	0	0	0	0	0	
0.888	0.259259	-1.35769	0.0967742	3.85715	0.933181	0.373272	1	0	0	0	0	0	0	0	0	
0.889	0.259259	-1.35769	0.0967742	3.85715	0.933181	0.373272	1	0	0	0	0	0	0	0	0	
0.89	0.259259	-1.35769	0.0967742	3.85715	0.933181	0.373272	1	0	0	0	0	0	0	0	0	
0.891	0.259259	-1.35769	0.0967742	3.85715	0.933181	0.373272	1	0	0	0	0	0	0	0	0	
0.892	0.259259	-1.35769	0.0967742	3.85715	0.933181	0.373272	1	0	0	0	0	0	0	0	0	
0.893	0.259259	-1.35769	0.0967742	3.85715	0.933181	0.373272	1	0	0	0	0	0	0	0	0	
0.894	0.259259	-1.35769	0.0967742	3.85715	0.933181	0.373272	1	0	0	0	0	0	0	0	0	
0.895	0.259259	-1.35769	0.0967742	3.85715	0.933181	0.373272	1	0	0	0	0	0	0	0	0	
0.896	0.259259	-1.35769	0.0967742	3.85715	0.933181	0.373272	1	0	0	0	0	0	0	0	0	
0.897	0.259259	-1.35769	0.0967742	3.85715	0.933181	0.373272	1	0	0	0	0	0	0	0	0	
0.898	0.259259	-1.35769	0.0967742	3.85715	0.933181	0.373272	1	0	0	0	0	0	0	0	0	
0.899	0.259259	-1.35769	0.0967742	3.85715	0.933181	0.373272	1	0	0	0	0	0	0	0	0	
0.9	0.259259	-1.35769	0.0967742	3.85715	0.933181	0.373272	1	0	0	0	0	0	0	0	0	
0.901	0.259259	-1.35769	0.0967742	3.85715	0.933181	0.373272	1	0	0	0	0	0	0	0	0	
0.902	0.259259	-1.35769	0.0967742	3.85715	0.933181	0.373272	1	0	0	0	0	0	0	0	0	
0.903	0.259259	-1.35769	0.0967742	3.85715	0.933181	0.373272	1	0	0	0	0	0	0	0	0	
0.904	0.259259	-1.35769	0.0967742	3.85715	0.933181	0.373272	1	0	0	0	0	0	0	0	0	
0.905	0.259259	-1.35769	0.0967742	3.85715	0.933181	0.373272	1	0	0	0	0	0	0	0	0	
0.906	0.259259	-1.35769	0.0967742	3.85715	0.933181	0.373272	1	0	0	0	0	0	0	0	0	
0.907	0.259259	-1.35769	0.0967742	3.85715	0.933181	0.373272	1	0	0	0	0	0	0	0	0	
0.908	0.259259	-1.35769	0.0967742	3.85715	0.933181	0.373272	1	0	0	0	0	0	0	0	0	
0.909	0.259259	-1.35769	0.0967742	3.85715	0.933181	0.373272	1	0	0	0	0	0	0	0	0	
0.91	0.259259	-1.35769	0.0967742	3.85715	0.933181	0.373272	1	0	0	0	0	0	0	0	0	
0.911	0.259259	-1.35769	0.0967742	3.85715	0.933181	0.373272	1	0	0	0	0	0	0	0	0	
0.912	0.259259	-1.35769	0.0967742	3.85715	0.933181	0.373272	1	0	0	0	0	0	0	0	0	
0.913	0.259259	-1.35769	0.0967742	3.85715	0.933181	0.373272	1	0	0	0	0	0	0	0	0	
0.914	0.259259	-1.35769	0.0967742	3.85715	0.933181	0.373272	1	0	0	0	0	0	0	0	0	
0.915	0.259259	-1.35769	0.0967742	3.85715	0.933181	0.373272	1	0	0	0	0	0	0	0	0	
0.916	0.259259	-1.35769	0.0967742	3.85715	0.933181	0.373272	1	0	0	0	0	0	0	0	0	
0.917	0.259259	-1.35769	0.0967742	3.85715	0.933181	0.373272	1	0	0	0	0	0	0	0	0	
0.918	0.259259	-1.35769	0.0967742	3.85715	0.933181	0.373272	1	0	0	0	0	0	0	0	0	
0.919	0.259259	-1.35769	0.0967742	3.85715	0.933181	0.373272	1	0	0	0	0	0	0	0	0	
0.92	0.259259	-1.35769	0.0967742	3.85715	0.933181	0.373272	1	0	0	0	0	0	0	0	0	
0.921	0.259259	-1.35769	0.0967742	3.85715	0.933181	0.373272	1	0	0	0	0	0	0	0	0	
0.922	0.259259	-1.35769	0.0967742	3.85715	0.933181	0.373272	1	0	0	0	0	0	0	0	0	
0.923	0.259259	-1.35769	0.0967742	3.85715	0.933181	0.373272	1	0	0	0	0	0	0	0	0	
0.924	0.259259	-1.35769	0.0967742	3.85715	0.933181	0.373272	1	0	0	0	0	0	0	0	0	
0.925	0.259259	-1.35769	0.0967742	3.85715	0.933181	0.373272	1	0	0	0	0	0	0	0	0	
0.926	0.259259	-1.35769	0.0967742	3.85715	0.933181	0.373272	1	0	0	0	0	0	0	0	0	
0.927	0.259259	-1.35769	0.0967742	3.85715	0.933181	0.373272	1	0	0	0	0	0	0	0	0	
0.928	0.259259	-1.35769	0.0967742	3.85715	0.933181	0.373272	1	0	0	0	0	0	0	0	0	
0.929	0.259259	-1.35769	0.0967742	3.85715	0.933181	0.373272	1	0	0	0	0	0	0	0	0	
0.93	0.259259	-1.35769	0.0967742	3.85715	0.933181	0.373272	1	0	0	0	0	0	0	0	0	
0.931	0.259259	-1.35769	0.0967742	3.85715	0.933181	0.373272	1	0	0	0	0	0	0	0	0	
0.932	0.259259	-1.35769	0.0967742	3.85715	0.933181	0.373272	1	0	0	0	0	0	0	0	0	
0.933	0.259259	-1.35769	0.0967742	3.85715	0.933181	0.373272	1	0	0	0	0	0	0	0	0	
0.934	0.259259	-1.35769	0.0967742	3.85715	0.933181	0.373272	1	0	0	0	0	0	0	0	0	
0.935	0.259259	-1.35769	0.0967742	3.85715	0.933181	0.373272	1	0	0	0	0	0	0	0	0	
0.936	0.259259	-1.35769	0.0967742	3.85715	0.933181	0.373272	1	0	0	0	0	0	0	0	0	
0.937	0.259259	-1.35769	0.0967742	3.85715	0.933181	0.373272	1	0	0	0	0	0	0	0	0	
0.938	0.259259	-1.35769	0.0967742	3.85715	0.933181	0.373272	1	0	0	0	0	0	0	0	0	
0.939	0.259259	-1.35769	0.0967742	3.85715	0.933181	0.373272	1	0	0	0	0	0	0	0	0	
0.94	0.259259	-1.35769	0.0967742	3.85715	0.933181	0.373272	1	0	0	0	0	0	0	0	0	
0.941	0.259259	-1.35769	0.0967742	3.85715	0.933181	0.373272	1	0	0	0	0	0	0	0	0	
0.942	0.259259	-1.35769	0.0967742	3.85715	0.933181	0.373272	1	0	0	0	0	0	0	0	0	
0.943	0.259259	-1.35769	0.0967742	3.85715	0.933181	0.373272	1	0	0	0	0	0	0	0	0	
0.944	0.259259	-1.35769	0.0967742	3.85715	0.933181	0.373272	1	0	0	0	0	0	0	0	0	
0.945	0.259259	-1.35769	0.0967742	3.85715	0.933181	0.373272	1	0	0	0	0	0	0	0	0	
0.946	0.259259	-1.35769	0.0967742	3.85715	0.933181	0.373272	1	0	0	0	0	0	0	0	0	
0.947	0.259259	-1.35769	0.0967742	3.85715	0.933181	0.373272	1	0	0	0	0	0	0	0	0	
0.948	0.259259	-1.35769	0.0967742	3.85715	0.933181	0.373272	1	0	0	0	0	0	0	0	0	
0.949	0.259259	-1.35769	0.0967742	3.85715	0.933181	0.373272	1	0	0	0	0	0	0	0	0	
0.95	0.259259	-1.35769	0.0967742	3.85715	0.933181	0.373272	1	0	0	0	0	0	0	0	0	
0.951	0.259259	-1.35769	0.0967742	3.85715	0.933181	0.373272	1	0	0	0	0	0	0	0	0	
0.952	0.259259	-1.35769	0.0967742	3.85715	0.933181	0.373272	1	0	0	0	0	0	0	0	0	
0.953	0.259259	-1.35769	0.0967742	3.85715	0.933181	0.373272	1	0	0	0	0	0	0	0	0	
0.954	0.259259	-1.35769	0.0967742	3.85715	0.933181	0.373272	1	0	0	0	0	0	0	0	0	
0.955	0.259259	-1.35769	0.0967742	3.85715	0.933181	0.373272	1	0	0	0	0	0	0	0	0	
0.956	0.259259	-1.35769	0.0967742	3.85715	0.933181	0.373272	1	0	0	0	0	0	0	0	0	
0.957	0.259259	-1.35769	0.0967742	3.85715	0.933181	0.373272	1	0	0	0	0	0	0	0	0	
0.958	0.259259	-1.35769	0.0967742	3.85715	0.933181	0.373272	1	0	0	0	0	0	0	0	0	
0.959	0.259259	-1.35769	0.0967742	3.85715	0.933181	0.373272	1	0	0	0	0	0	0	0	0	
0.96	0.259259	-1.35769	0.0967742	3.85715	0.933181	0.373272	1	0	0	0	0	0	0	0	0	
0.961	0.259259	-1.35769	0.0967742	3.85715	0.933181	0.373272	1	0	0	0	0	0	0	0	0	
0.962	0.259259	-1.35769	0.0967742	3.85715	0.933181	0.373272	1	0	0	0	0	0	0	0	0	
0.963	0.259259	-1.35769	0.0967742	3.85715	0.933181	0.373272	1	0	0	0	0	0	0	0	0	
0.964	0.259259	-1.35769	0.0967742	3.85715	0.933181	0.373272	1	0	0	0	0	0	0	0	0	
0.965	0.259259	-1.35769	0.0967742	3.85715	0.933181	0.373272	1	0	0	0	0	0	0	0	0	
0.966	0.259259	-1.35769	0.0967742	3.85715	0.933181	0.373272	1	0	0	0	0	0	0	0	0	
0.967	0.259259	-1.35769	0.0967742	3.85715	0.933181	0.373272	1	0	0	0	0	0	0	0	0	
0.968	0.259259	-1.35769	0.0967742	3.85715	0.933181	0.373272	1	0	0	0	0	0	0	0	0	
0.969	0.259259	-1.35769	0.0967742	3.85715	0.933181	0.373272	1	0	0	0	0	0	0	0	0	
0.97	0.259259	-1.35769	0.0967742	3.85715	0.933181	0.373272	1	0	0	0	0	0	0	0	0	
0.971	0.259259	-1.35769	0.0967742	3.85715	0.933181	0.373272	1	0	0	0	0	0	0	0	0	
0.972	0.259259	-1.35769	0.0967742	3.85715	0.933181	0.373272	1	0	0	0	0	0	0	0	0	
0.973	0.259259	-1.35769	0.0967742	3.85715	0.933181	0.373272	1	0	0	0	0	0	0	0	0	
0.974	0.259259	-1.35769	0.0967742	3.85715	0.933181	0.373272	1	0	0	0	0	0	0	0	0	
0.975	0.259259	-1.35769	0.0967742	3.85715	0.933181	0.373272	1	0	0	0	0	0	0	0	0	
0.976	0.259259	-1.35769	0.0967742	3.85715	0.933181	0.373272	1	0	0	0	0	0	0	0	0	
0.977	0.259259	-1.35769	0.0967742	3.85715	0.933181	0.373272	1	0	0	0	0	0	0	0	0	
0.978	0.259259	-1.35769	0.0967742	3.85715	0.933181	0.373272	1	0	0	0	0	0	0	0	0	
0.979	0.259259	-1.35769	0.0967742	3.85715	0.933181	0.373272	1	0	0	0	0	0	0	0	0	
0.98	0.259259	-1.35769	0.0967742	3.85715	0.933181	0.373272	1	0	0	0	0	0	0	0	0	
0.981	0.259259	-1.35769	0.0967742	3.85715	0.933181	0.373272	1	0	0	0	0	0	0	0	0	
0.982	0.259259	-1.35769	0.0967742	3.85715	0.933181	0.373272	1	0	0	0	0	0	0	0	0	
0.983	0.259259	-1.35769	0.0967742	3.85715	0.933181	0.373272	1	0	0	0	0	0	0	0	0	
0.984	0.259259	-1.35769	0.0967742	3.85715	0.933181	0.373272	1	0	0	0	0	0	0	0	0	
0.985	0.259259	-1.35769	0.0967742	3.85715	0.933181	0.373272	1	0	0	0	0	0	0	0	0	
0.986	0.259259	-1.35769	0.0967742	3.85715	0.933181	0.373272	1	0	0	0	0	0	0	0	0	
0.987	0.259259	-1.35769	0.0967742	3.85715	0.933181	0.373272	1	0	0	0	0	0	0	0	0	
0.988	0.259259	-1.35769	0.0967742	3.85715	0.933181	0.373272	1	0	0	0	0	0	0	0	0	
0.989	0.259259	-1.35769	0.0967742	3.85715	0.933181	0.373272	1	0	0	0	0	0	0	0	0	
0.99	0.259259	-1.35769	0.0967742	3.85715	0.933181	0.373272	1	0	0	0	0	0	0	0	0	
0.991	0.259259	-1.35769	0.0967742	3.85715	0.933181	0.373272	1	0	0	0	0	0	0	0	0	
0.992	0.259259	-1.35769	0.0967742	3.85715	0.933181	0.373272	1	0	0	0	0	0	0	0	0	
0.993	0.259259	-1.35769	0.0967742	3.85715	0.933181	0.373272	1	0	0	0	0	0	0	0	0	
0.994	0.259259	-1.35769	0.0967742	3.85715	0.933181	0.373272	1	0	0	0	0	0	0	0	0	
0.995	0.259259	-1.35769	0.0967742	3.85715	0.933181	0.373272	1	0	0	0	0	0	0	0	0	
0.996	0.259259	-1.35769	0.0967742	3.85715	0.933181	0.373272	1	0	0	0	0	0	0	0	0	
0.997	0.259259	-1.35769	0.0967742	3.85715	0.933181	0.373272	1	0	0	0	0	0	0	0	0	
0.998	0.259259	-1.35769	0.0967742	3.85715	0.933181	0.373272	1	0	0	0	0	0	0	0	0	
0.999	0.259259	-1.35769	0.0967742	3.85715	0.933181	0.373272	1	0	0	0	0	0	0	0	0	
1	0.259259	-1.35769	0.0967742	3.85715	0.933181	0.373272	1	0	0	0	0	0	0	0	0	
