|||||||||||||||||||||||||||||||||***SIMULATION: detonation***||||||||||||||||||||||||||||||||||
Sanpshot time = 0.9. Timestep = 1971. Run time = 3 seconds
No. of cells = 1000
#Position	 Density	 Velocity	 Pressure	 Specific_Volume I_Energy	 Temperature	 Species
-0.001	0.9147	-0.000406746	1.08335	1.09325	2.96095	0	0.872317	0	0	0	0	0	0	0	0	
0	0.914088	-0.000136354	1.08336	1.09399	2.96294	0	0.871774	0	0	0	0	0	0	0	0	
0.001	0.914088	0.000136354	1.08336	1.09399	2.96294	1.18518	0.871774	0	0	0	0	0	0	0	0	
0.002	0.9147	0.000406746	1.08335	1.09325	2.96095	1.18438	0.872317	0	0	0	0	0	0	0	0	
0.003	0.910451	0.000690785	1.08336	1.09836	2.9748	1.18992	0.868523	0	0	0	0	0	0	0	0	
0.004	0.920507	0.00094937	1.08333	1.08636	2.9422	1.17688	0.877393	0	0	0	0	0	0	0	0	
0.005	0.903147	0.00125036	1.08338	1.10724	2.99889	1.19956	0.861822	0	0	0	0	0	0	0	0	
0.006	0.909386	0.00156192	1.08335	1.09964	2.97825	1.1913	0.867557	0	0	0	0	0	0	0	0	
0.007	0.913707	0.00184933	1.08332	1.09444	2.96409	1.18564	0.871449	0	0	0	0	0	0	0	0	
0.008	0.912385	0.00213072	1.08331	1.09603	2.96835	1.18734	0.870284	0	0	0	0	0	0	0	0	
0.009	0.918116	0.00239368	1.08328	1.08919	2.94973	1.17989	0.875346	0	0	0	0	0	0	0	0	
0.01	0.919083	0.00264182	1.08326	1.08804	2.94657	1.17863	0.876208	0	0	0	0	0	0	0	0	
0.011	0.917912	0.00289007	1.08324	1.08943	2.95029	1.18011	0.8752	0	0	0	0	0	0	0	0	
0.012	0.922635	0.00312483	1.08321	1.08385	2.93509	1.17404	0.879288	0	0	0	0	0	0	0	0	
0.013	0.920455	0.0033576	1.08319	1.08642	2.942	1.1768	0.877425	0	0	0	0	0	0	0	0	
0.014	0.918658	0.00359902	1.08318	1.08854	2.94771	1.17909	0.875882	0	0	0	0	0	0	0	0	
0.015	0.922065	0.00383345	1.08314	1.08452	2.93673	1.17469	0.878838	0	0	0	0	0	0	0	0	
0.016	0.920405	0.0040672	1.08312	1.08648	2.94197	1.17679	0.877421	0	0	0	0	0	0	0	0	
0.017	0.918892	0.00430815	1.0831	1.08827	2.94676	1.1787	0.876128	0	0	0	0	0	0	0	0	
0.018	0.920317	0.00454783	1.08307	1.08658	2.94211	1.17684	0.877382	0	0	0	0	0	0	0	0	
0.019	0.919801	0.00478694	1.08304	1.08719	2.94369	1.17747	0.876953	0	0	0	0	0	0	0	0	
0.02	0.919836	0.00502664	1.08301	1.08715	2.94349	1.1774	0.877005	0	0	0	0	0	0	0	0	
0.021	0.920379	0.00526468	1.08298	1.08651	2.94166	1.17666	0.877502	0	0	0	0	0	0	0	0	
0.022	0.919952	0.00550311	1.08295	1.08701	2.94294	1.17718	0.877171	0	0	0	0	0	0	0	0	
0.023	0.921004	0.00573891	1.08291	1.08577	2.93948	1.17579	0.878135	0	0	0	0	0	0	0	0	
0.024	0.921481	0.00597135	1.08287	1.08521	2.93785	1.17514	0.878626	0	0	0	0	0	0	0	0	
0.025	0.920939	0.00620441	1.08283	1.08585	2.93948	1.17579	0.878259	0	0	0	0	0	0	0	0	
0.026	0.922048	0.00643494	1.08279	1.08454	2.93583	1.17433	0.879321	0	0	0	0	0	0	0	0	
0.027	0.922683	0.00666162	1.08275	1.0838	2.93369	1.17348	0.879983	0	0	0	0	0	0	0	0	
0.028	0.922228	0.00688836	1.0827	1.08433	2.93502	1.17401	0.879717	0	0	0	0	0	0	0	0	
0.029	0.922602	0.00711472	1.08266	1.08389	2.93371	1.17348	0.880161	0	0	0	0	0	0	0	0	
0.03	0.923084	0.00733913	1.08261	1.08332	2.93205	1.17282	0.880698	0	0	0	0	0	0	0	0	
0.031	0.923306	0.00756202	1.08256	1.08306	2.93121	1.17249	0.881015	0	0	0	0	0	0	0	0	
0.032	0.923892	0.0077827	1.08251	1.08238	2.92922	1.17169	0.881641	0	0	0	0	0	0	0	0	
0.033	0.924368	0.00800093	1.08246	1.08182	2.92757	1.17103	0.882173	0	0	0	0	0	0	0	0	
0.034	0.924798	0.00821697	1.08241	1.08132	2.92606	1.17043	0.882667	0	0	0	0	0	0	0	0	
0.035	0.92539	0.00843046	1.08235	1.08063	2.92404	1.16962	0.883297	0	0	0	0	0	0	0	0	
0.036	0.925756	0.0086418	1.0823	1.0802	2.92273	1.16909	0.883736	0	0	0	0	0	0	0	0	
0.037	0.926222	0.00885109	1.08224	1.07965	2.92111	1.16844	0.884259	0	0	0	0	0	0	0	0	
0.038	0.92686	0.00905772	1.08218	1.07891	2.91894	1.16757	0.884925	0	0	0	0	0	0	0	0	
0.039	0.927276	0.00926202	1.08212	1.07843	2.91746	1.16699	0.885406	0	0	0	0	0	0	0	0	
0.04	0.927921	0.00946369	1.08206	1.07768	2.91527	1.16611	0.886076	0	0	0	0	0	0	0	0	
0.041	0.92875	0.00966187	1.08199	1.07672	2.91249	1.165	0.886898	0	0	0	0	0	0	0	0	
0.042	0.929154	0.00985744	1.08193	1.07625	2.91105	1.16442	0.887367	0	0	0	0	0	0	0	0	
0.043	0.929415	0.0100515	1.08186	1.07595	2.91006	1.16402	0.887719	0	0	0	0	0	0	0	0	
0.044	0.929772	0.0102442	1.0818	1.07553	2.90876	1.16351	0.88815	0	0	0	0	0	0	0	0	
0.045	0.929939	0.0104359	1.08173	1.07534	2.90806	1.16323	0.888425	0	0	0	0	0	0	0	0	
0.046	0.92982	0.0106278	1.08166	1.07548	2.90825	1.1633	0.888467	0	0	0	0	0	0	0	0	
0.047	0.929798	0.0108201	1.08159	1.0755	2.90814	1.16325	0.888589	0	0	0	0	0	0	0	0	
0.048	0.930314	0.0110113	1.08152	1.07491	2.90633	1.16253	0.889151	0	0	0	0	0	0	0	0	
0.049	0.931224	0.0111992	1.08145	1.07386	2.90329	1.16132	0.890036	0	0	0	0	0	0	0	0	
0.05	0.932073	0.0113833	1.08137	1.07288	2.90045	1.16018	0.890869	0	0	0	0	0	0	0	0	
0.051	0.932694	0.0115641	1.0813	1.07216	2.89832	1.15933	0.891514	0	0	0	0	0	0	0	0	
0.052	0.933098	0.0117429	1.08122	1.0717	2.89686	1.15874	0.891984	0	0	0	0	0	0	0	0	
0.053	0.933337	0.0119203	1.08114	1.07142	2.89591	1.15836	0.892321	0	0	0	0	0	0	0	0	
0.054	0.933548	0.0120968	1.08107	1.07118	2.89505	1.15802	0.892635	0	0	0	0	0	0	0	0	
0.055	0.933786	0.0122725	1.08099	1.07091	2.8941	1.15764	0.892971	0	0	0	0	0	0	0	0	
0.056	0.934032	0.0124474	1.08091	1.07063	2.89313	1.15725	0.893314	0	0	0	0	0	0	0	0	
0.057	0.934324	0.0126212	1.08083	1.07029	2.89201	1.1568	0.893694	0	0	0	0	0	0	0	0	
0.058	0.934663	0.0127938	1.08075	1.0699	2.89074	1.1563	0.894111	0	0	0	0	0	0	0	0	
0.059	0.935009	0.0129651	1.08066	1.06951	2.88945	1.15578	0.894534	0	0	0	0	0	0	0	0	
0.06	0.935383	0.013135	1.08058	1.06908	2.88807	1.15523	0.894979	0	0	0	0	0	0	0	0	
0.061	0.93579	0.0133033	1.0805	1.06862	2.88659	1.15463	0.895451	0	0	0	0	0	0	0	0	
0.062	0.93619	0.01347	1.08041	1.06816	2.88513	1.15405	0.895917	0	0	0	0	0	0	0	0	
0.063	0.936584	0.0136352	1.08032	1.06771	2.88368	1.15347	0.896377	0	0	0	0	0	0	0	0	
0.064	0.936977	0.0137989	1.08024	1.06726	2.88224	1.1529	0.896836	0	0	0	0	0	0	0	0	
0.065	0.937345	0.0139611	1.08015	1.06684	2.88087	1.15235	0.897276	0	0	0	0	0	0	0	0	
0.066	0.937699	0.014122	1.08006	1.06644	2.87955	1.15182	0.897705	0	0	0	0	0	0	0	0	
0.067	0.938064	0.0142814	1.07997	1.06603	2.87819	1.15128	0.898142	0	0	0	0	0	0	0	0	
0.068	0.938425	0.0144395	1.07988	1.06562	2.87684	1.15074	0.898575	0	0	0	0	0	0	0	0	
0.069	0.938772	0.0145962	1.07979	1.06522	2.87554	1.15021	0.898997	0	0	0	0	0	0	0	0	
0.07	0.939014	0.0147519	1.0797	1.06495	2.87455	1.14982	0.899338	0	0	0	0	0	0	0	0	
0.071	0.939042	0.0149072	1.07961	1.06492	2.87422	1.14969	0.899513	0	0	0	0	0	0	0	0	
0.072	0.938962	0.0150627	1.07951	1.06501	2.87422	1.14969	0.899604	0	0	0	0	0	0	0	0	
0.073	0.939092	0.0152182	1.07942	1.06486	2.87358	1.14943	0.899856	0	0	0	0	0	0	0	0	
0.074	0.939671	0.0153722	1.07933	1.0642	2.87156	1.14862	0.900455	0	0	0	0	0	0	0	0	
0.075	0.940625	0.015523	1.07923	1.06312	2.86839	1.14735	0.901342	0	0	0	0	0	0	0	0	
0.076	0.941646	0.0156698	1.07913	1.06197	2.86502	1.14601	0.902278	0	0	0	0	0	0	0	0	
0.077	0.942463	0.015813	1.07904	1.06105	2.86228	1.14491	0.903058	0	0	0	0	0	0	0	0	
0.078	0.943009	0.0159534	1.07894	1.06044	2.86037	1.14415	0.903628	0	0	0	0	0	0	0	0	
0.079	0.943352	0.0160922	1.07884	1.06005	2.85907	1.14363	0.904044	0	0	0	0	0	0	0	0	
0.08	0.943612	0.0162297	1.07875	1.05976	2.85803	1.14321	0.904396	0	0	0	0	0	0	0	0	
0.081	0.94388	0.0163662	1.07865	1.05946	2.85696	1.14279	0.904753	0	0	0	0	0	0	0	0	
0.082	0.94418	0.0165016	1.07856	1.05912	2.8558	1.14232	0.905134	0	0	0	0	0	0	0	0	
0.083	0.944493	0.0166359	1.07846	1.05877	2.8546	1.14184	0.905524	0	0	0	0	0	0	0	0	
0.084	0.94481	0.0167691	1.07836	1.05841	2.85339	1.14135	0.905916	0	0	0	0	0	0	0	0	
0.085	0.945124	0.016901	1.07827	1.05806	2.85218	1.14087	0.906306	0	0	0	0	0	0	0	0	
0.086	0.945431	0.0170319	1.07817	1.05772	2.851	1.1404	0.906691	0	0	0	0	0	0	0	0	
0.087	0.945744	0.0171616	1.07807	1.05737	2.8498	1.13992	0.907079	0	0	0	0	0	0	0	0	
0.088	0.946071	0.0172902	1.07797	1.057	2.84856	1.13942	0.907477	0	0	0	0	0	0	0	0	
0.089	0.946407	0.0174177	1.07788	1.05663	2.84729	1.13891	0.907882	0	0	0	0	0	0	0	0	
0.09	0.946757	0.017544	1.07778	1.05624	2.84598	1.13839	0.908296	0	0	0	0	0	0	0	0	
0.091	0.947121	0.017669	1.07768	1.05583	2.84462	1.13785	0.90872	0	0	0	0	0	0	0	0	
0.092	0.94749	0.0177929	1.07758	1.05542	2.84326	1.1373	0.909147	0	0	0	0	0	0	0	0	
0.093	0.947856	0.0179155	1.07748	1.05501	2.8419	1.13676	0.909571	0	0	0	0	0	0	0	0	
0.094	0.94819	0.018037	1.07739	1.05464	2.84064	1.13625	0.909971	0	0	0	0	0	0	0	0	
0.095	0.948402	0.0181578	1.07729	1.05441	2.83974	1.1359	0.910283	0	0	0	0	0	0	0	0	
0.096	0.948428	0.0182783	1.07719	1.05438	2.8394	1.13576	0.910459	0	0	0	0	0	0	0	0	
0.097	0.948368	0.0183992	1.07709	1.05444	2.83932	1.13573	0.910573	0	0	0	0	0	0	0	0	
0.098	0.948467	0.0185202	1.07699	1.05433	2.83876	1.13551	0.910802	0	0	0	0	0	0	0	0	
0.099	0.948913	0.0186404	1.07689	1.05384	2.83716	1.13487	0.91128	0	0	0	0	0	0	0	0	
0.1	0.949666	0.0187585	1.07679	1.053	2.83465	1.13386	0.91198	0	0	0	0	0	0	0	0	
0.101	0.950511	0.018874	1.07668	1.05207	2.83186	1.13274	0.912744	0	0	0	0	0	0	0	0	
0.102	0.951231	0.0189869	1.07658	1.05127	2.82945	1.13178	0.913418	0	0	0	0	0	0	0	0	
0.103	0.951727	0.0190979	1.07648	1.05072	2.8277	1.13108	0.913932	0	0	0	0	0	0	0	0	
0.104	0.952024	0.0192078	1.07638	1.05039	2.82655	1.13062	0.914303	0	0	0	0	0	0	0	0	
0.105	0.952211	0.019317	1.07628	1.05019	2.82573	1.13029	0.914595	0	0	0	0	0	0	0	0	
0.106	0.952377	0.0194258	1.07617	1.05	2.82497	1.12999	0.914872	0	0	0	0	0	0	0	0	
0.107	0.952577	0.0195343	1.07607	1.04978	2.8241	1.12964	0.915172	0	0	0	0	0	0	0	0	
0.108	0.952834	0.0196421	1.07597	1.0495	2.82307	1.12923	0.915512	0	0	0	0	0	0	0	0	
0.109	0.95315	0.0197493	1.07586	1.04915	2.82187	1.12875	0.915892	0	0	0	0	0	0	0	0	
0.11	0.953509	0.0198554	1.07576	1.04876	2.82053	1.12821	0.916303	0	0	0	0	0	0	0	0	
0.111	0.953886	0.0199605	1.07566	1.04834	2.81914	1.12766	0.916725	0	0	0	0	0	0	0	0	
0.112	0.954258	0.0200646	1.07555	1.04793	2.81777	1.12711	0.917144	0	0	0	0	0	0	0	0	
0.113	0.954603	0.0201676	1.07545	1.04756	2.81648	1.12659	0.917542	0	0	0	0	0	0	0	0	
0.114	0.9549	0.0202698	1.07534	1.04723	2.81533	1.12613	0.917909	0	0	0	0	0	0	0	0	
0.115	0.955148	0.0203712	1.07524	1.04696	2.81433	1.12573	0.91824	0	0	0	0	0	0	0	0	
0.116	0.955361	0.0204721	1.07513	1.04673	2.81343	1.12537	0.918547	0	0	0	0	0	0	0	0	
0.117	0.955564	0.0205725	1.07503	1.0465	2.81255	1.12502	0.918847	0	0	0	0	0	0	0	0	
0.118	0.955777	0.0206723	1.07492	1.04627	2.81165	1.12466	0.919154	0	0	0	0	0	0	0	0	
0.119	0.955997	0.0207717	1.07482	1.04603	2.81073	1.12429	0.919465	0	0	0	0	0	0	0	0	
0.12	0.956208	0.0208705	1.07471	1.0458	2.80983	1.12393	0.91977	0	0	0	0	0	0	0	0	
0.121	0.956412	0.0209688	1.07461	1.04557	2.80896	1.12358	0.920069	0	0	0	0	0	0	0	0	
0.122	0.956648	0.0210666	1.0745	1.04532	2.80799	1.1232	0.92039	0	0	0	0	0	0	0	0	
0.123	0.95698	0.0211636	1.0744	1.04495	2.80674	1.1227	0.920775	0	0	0	0	0	0	0	0	
0.124	0.95744	0.0212595	1.07429	1.04445	2.80511	1.12204	0.921246	0	0	0	0	0	0	0	0	
0.125	0.957994	0.0213539	1.07418	1.04385	2.80321	1.12128	0.921778	0	0	0	0	0	0	0	0	
0.126	0.958549	0.0214467	1.07408	1.04324	2.80131	1.12052	0.922311	0	0	0	0	0	0	0	0	
0.127	0.959015	0.0215381	1.07397	1.04274	2.79967	1.11987	0.922784	0	0	0	0	0	0	0	0	
0.128	0.959355	0.0216284	1.07386	1.04237	2.79839	1.11936	0.923172	0	0	0	0	0	0	0	0	
0.129	0.959588	0.021718	1.07375	1.04211	2.79744	1.11897	0.923489	0	0	0	0	0	0	0	0	
0.13	0.959766	0.0218073	1.07365	1.04192	2.79664	1.11865	0.92377	0	0	0	0	0	0	0	0	
0.131	0.959943	0.0218962	1.07354	1.04173	2.79584	1.11834	0.924048	0	0	0	0	0	0	0	0	
0.132	0.96015	0.0219848	1.07343	1.0415	2.79496	1.11798	0.924347	0	0	0	0	0	0	0	0	
0.133	0.960397	0.022073	1.07332	1.04124	2.79395	1.11758	0.924672	0	0	0	0	0	0	0	0	
0.134	0.960678	0.0221606	1.07321	1.04093	2.79285	1.11714	0.925018	0	0	0	0	0	0	0	0	
0.135	0.960977	0.0222477	1.0731	1.04061	2.7917	1.11668	0.925376	0	0	0	0	0	0	0	0	
0.136	0.961271	0.0223341	1.07299	1.04029	2.79056	1.11622	0.925731	0	0	0	0	0	0	0	0	
0.137	0.961542	0.0224199	1.07288	1.04	2.78949	1.1158	0.926069	0	0	0	0	0	0	0	0	
0.138	0.961784	0.0225053	1.07277	1.03973	2.7885	1.1154	0.926389	0	0	0	0	0	0	0	0	
0.139	0.962011	0.0225903	1.07266	1.03949	2.78755	1.11502	0.926699	0	0	0	0	0	0	0	0	
0.14	0.962245	0.0226749	1.07255	1.03924	2.78659	1.11464	0.927013	0	0	0	0	0	0	0	0	
0.141	0.962505	0.0227589	1.07244	1.03896	2.78555	1.11422	0.927344	0	0	0	0	0	0	0	0	
0.142	0.962796	0.0228424	1.07233	1.03864	2.78441	1.11377	0.927694	0	0	0	0	0	0	0	0	
0.143	0.963093	0.0229253	1.07222	1.03832	2.78327	1.11331	0.928048	0	0	0	0	0	0	0	0	
0.144	0.963356	0.0230075	1.07211	1.03804	2.78222	1.11289	0.928379	0	0	0	0	0	0	0	0	
0.145	0.963563	0.0230892	1.07199	1.03781	2.78133	1.11253	0.928675	0	0	0	0	0	0	0	0	
0.146	0.963738	0.0231705	1.07188	1.03763	2.78053	1.11221	0.92895	0	0	0	0	0	0	0	0	
0.147	0.963935	0.0232513	1.07177	1.03741	2.77967	1.11187	0.929239	0	0	0	0	0	0	0	0	
0.148	0.964199	0.0233315	1.07166	1.03713	2.77862	1.11145	0.929569	0	0	0	0	0	0	0	0	
0.149	0.964538	0.0234108	1.07155	1.03677	2.77736	1.11094	0.929945	0	0	0	0	0	0	0	0	
0.15	0.964924	0.023489	1.07144	1.03635	2.77596	1.11038	0.930351	0	0	0	0	0	0	0	0	
0.151	0.965318	0.023566	1.07132	1.03593	2.77454	1.10981	0.93076	0	0	0	0	0	0	0	0	
0.152	0.965678	0.0236418	1.07121	1.03554	2.77321	1.10929	0.931147	0	0	0	0	0	0	0	0	
0.153	0.96598	0.0237166	1.0711	1.03522	2.77206	1.10883	0.931497	0	0	0	0	0	0	0	0	
0.154	0.966221	0.0237905	1.07099	1.03496	2.77109	1.10844	0.93181	0	0	0	0	0	0	0	0	
0.155	0.966421	0.0238636	1.07088	1.03475	2.77023	1.10809	0.932096	0	0	0	0	0	0	0	0	
0.156	0.966612	0.023936	1.07078	1.03454	2.7694	1.10776	0.932376	0	0	0	0	0	0	0	0	
0.157	0.966825	0.0240077	1.07067	1.03431	2.76852	1.10741	0.932669	0	0	0	0	0	0	0	0	
0.158	0.967073	0.0240785	1.07056	1.03405	2.76753	1.10701	0.932982	0	0	0	0	0	0	0	0	
0.159	0.967347	0.0241486	1.07045	1.03376	2.76647	1.10659	0.933311	0	0	0	0	0	0	0	0	
0.16	0.967622	0.0242178	1.07035	1.03346	2.76541	1.10616	0.93364	0	0	0	0	0	0	0	0	
0.161	0.967877	0.0242862	1.07024	1.03319	2.76441	1.10576	0.933956	0	0	0	0	0	0	0	0	
0.162	0.968109	0.0243539	1.07014	1.03294	2.76347	1.10539	0.934257	0	0	0	0	0	0	0	0	
0.163	0.968328	0.024421	1.07003	1.03271	2.76257	1.10503	0.934551	0	0	0	0	0	0	0	0	
0.164	0.968554	0.0244877	1.06993	1.03247	2.76166	1.10466	0.934848	0	0	0	0	0	0	0	0	
0.165	0.968799	0.0245539	1.06982	1.03221	2.76069	1.10428	0.935155	0	0	0	0	0	0	0	0	
0.166	0.969064	0.0246196	1.06972	1.03192	2.75967	1.10387	0.935475	0	0	0	0	0	0	0	0	
0.167	0.969336	0.024685	1.06961	1.03163	2.75862	1.10345	0.935798	0	0	0	0	0	0	0	0	
0.168	0.969603	0.0247499	1.06951	1.03135	2.75759	1.10304	0.936117	0	0	0	0	0	0	0	0	
0.169	0.969863	0.0248147	1.0694	1.03107	2.75658	1.10263	0.936432	0	0	0	0	0	0	0	0	
0.17	0.970126	0.0248792	1.0693	1.03079	2.75557	1.10223	0.936749	0	0	0	0	0	0	0	0	
0.171	0.970399	0.0249435	1.06919	1.0305	2.75452	1.10181	0.93707	0	0	0	0	0	0	0	0	
0.172	0.970671	0.0250077	1.06909	1.03022	2.75347	1.10139	0.937391	0	0	0	0	0	0	0	0	
0.173	0.970922	0.0250719	1.06898	1.02995	2.75249	1.10099	0.9377	0	0	0	0	0	0	0	0	
0.174	0.971138	0.025136	1.06887	1.02972	2.7516	1.10064	0.937988	0	0	0	0	0	0	0	0	
0.175	0.971324	0.0252003	1.06877	1.02952	2.75079	1.10032	0.938259	0	0	0	0	0	0	0	0	
0.176	0.971497	0.0252647	1.06866	1.02934	2.75003	1.10001	0.938521	0	0	0	0	0	0	0	0	
0.177	0.971673	0.0253292	1.06855	1.02915	2.74925	1.0997	0.938786	0	0	0	0	0	0	0	0	
0.178	0.971867	0.0253938	1.06844	1.02895	2.74842	1.09937	0.939061	0	0	0	0	0	0	0	0	
0.179	0.972083	0.0254584	1.06833	1.02872	2.74753	1.09901	0.939348	0	0	0	0	0	0	0	0	
0.18	0.972318	0.0255227	1.06822	1.02847	2.74658	1.09863	0.939645	0	0	0	0	0	0	0	0	
0.181	0.972569	0.0255869	1.06811	1.02821	2.74559	1.09824	0.939952	0	0	0	0	0	0	0	0	
0.182	0.972831	0.0256506	1.068	1.02793	2.74457	1.09783	0.940264	0	0	0	0	0	0	0	0	
0.183	0.9731	0.0257139	1.06789	1.02764	2.74352	1.09741	0.94058	0	0	0	0	0	0	0	0	
0.184	0.973365	0.0257766	1.06778	1.02736	2.74249	1.097	0.940893	0	0	0	0	0	0	0	0	
0.185	0.97362	0.0258388	1.06767	1.02709	2.74149	1.0966	0.941199	0	0	0	0	0	0	0	0	
0.186	0.973864	0.0259003	1.06756	1.02684	2.74053	1.09621	0.941499	0	0	0	0	0	0	0	0	
0.187	0.974098	0.0259612	1.06745	1.02659	2.73959	1.09583	0.941793	0	0	0	0	0	0	0	0	
0.188	0.974324	0.0260214	1.06734	1.02635	2.73867	1.09547	0.942082	0	0	0	0	0	0	0	0	
0.189	0.97454	0.026081	1.06723	1.02612	2.73779	1.09511	0.942365	0	0	0	0	0	0	0	0	
0.19	0.974749	0.02614	1.06712	1.02591	2.73692	1.09477	0.942643	0	0	0	0	0	0	0	0	
0.191	0.974952	0.0261984	1.06702	1.02569	2.73608	1.09443	0.942918	0	0	0	0	0	0	0	0	
0.192	0.975148	0.0262562	1.06691	1.02549	2.73525	1.0941	0.943188	0	0	0	0	0	0	0	0	
0.193	0.975334	0.0263135	1.0668	1.02529	2.73446	1.09378	0.943452	0	0	0	0	0	0	0	0	
0.194	0.975512	0.0263703	1.0667	1.0251	2.73368	1.09347	0.943712	0	0	0	0	0	0	0	0	
0.195	0.975699	0.0264267	1.06659	1.02491	2.73289	1.09316	0.943976	0	0	0	0	0	0	0	0	
0.196	0.975914	0.0264826	1.06648	1.02468	2.73202	1.09281	0.944255	0	0	0	0	0	0	0	0	
0.197	0.976166	0.0265381	1.06638	1.02442	2.73104	1.09242	0.944553	0	0	0	0	0	0	0	0	
0.198	0.976442	0.026593	1.06627	1.02413	2.73	1.092	0.944863	0	0	0	0	0	0	0	0	
0.199	0.976718	0.0266473	1.06617	1.02384	2.72895	1.09158	0.945173	0	0	0	0	0	0	0	0	
0.2	0.976976	0.0267012	1.06606	1.02357	2.72796	1.09119	0.945473	0	0	0	0	0	0	0	0	
0.201	0.977207	0.0267547	1.06596	1.02332	2.72705	1.09082	0.945758	0	0	0	0	0	0	0	0	
0.202	0.977414	0.0268077	1.06585	1.02311	2.7262	1.09048	0.94603	0	0	0	0	0	0	0	0	
0.203	0.977605	0.0268605	1.06575	1.02291	2.7254	1.09016	0.946294	0	0	0	0	0	0	0	0	
0.204	0.977791	0.0269128	1.06564	1.02271	2.72461	1.08984	0.946554	0	0	0	0	0	0	0	0	
0.205	0.97798	0.0269649	1.06554	1.02252	2.72382	1.08953	0.946815	0	0	0	0	0	0	0	0	
0.206	0.978173	0.0270164	1.06543	1.02231	2.72301	1.0892	0.947078	0	0	0	0	0	0	0	0	
0.207	0.97837	0.0270676	1.06533	1.02211	2.7222	1.08888	0.947342	0	0	0	0	0	0	0	0	
0.208	0.978572	0.0271182	1.06522	1.0219	2.72137	1.08855	0.947609	0	0	0	0	0	0	0	0	
0.209	0.978777	0.0271682	1.06512	1.02168	2.72053	1.08821	0.947877	0	0	0	0	0	0	0	0	
0.21	0.978983	0.0272176	1.06501	1.02147	2.71969	1.08788	0.948145	0	0	0	0	0	0	0	0	
0.211	0.979189	0.0272665	1.06491	1.02125	2.71886	1.08754	0.948412	0	0	0	0	0	0	0	0	
0.212	0.979395	0.0273146	1.06481	1.02104	2.71803	1.08721	0.948679	0	0	0	0	0	0	0	0	
0.213	0.979602	0.0273622	1.06471	1.02082	2.71719	1.08688	0.948946	0	0	0	0	0	0	0	0	
0.214	0.979808	0.0274092	1.06461	1.02061	2.71636	1.08655	0.949211	0	0	0	0	0	0	0	0	
0.215	0.98001	0.0274556	1.0645	1.0204	2.71554	1.08622	0.949475	0	0	0	0	0	0	0	0	
0.216	0.980202	0.0275016	1.0644	1.0202	2.71476	1.0859	0.949733	0	0	0	0	0	0	0	0	
0.217	0.98037	0.0275472	1.0643	1.02002	2.71403	1.08561	0.949978	0	0	0	0	0	0	0	0	
0.218	0.980497	0.0275926	1.0642	1.01989	2.71343	1.08537	0.950203	0	0	0	0	0	0	0	0	
0.219	0.980586	0.0276379	1.0641	1.0198	2.71292	1.08517	0.950409	0	0	0	0	0	0	0	0	
0.22	0.980672	0.0276833	1.064	1.01971	2.71243	1.08497	0.950612	0	0	0	0	0	0	0	0	
0.221	0.980813	0.0277289	1.0639	1.01956	2.71178	1.08471	0.950843	0	0	0	0	0	0	0	0	
0.222	0.981055	0.0277745	1.0638	1.01931	2.71086	1.08434	0.951123	0	0	0	0	0	0	0	0	
0.223	0.981401	0.0278199	1.0637	1.01895	2.70964	1.08386	0.951453	0	0	0	0	0	0	0	0	
0.224	0.981802	0.0278651	1.0636	1.01854	2.70828	1.08331	0.951811	0	0	0	0	0	0	0	0	
0.225	0.982188	0.02791	1.06349	1.01814	2.70695	1.08278	0.952161	0	0	0	0	0	0	0	0	
0.226	0.982507	0.0279549	1.06339	1.0178	2.70581	1.08232	0.952478	0	0	0	0	0	0	0	0	
0.227	0.982745	0.028	1.06329	1.01756	2.70489	1.08195	0.952756	0	0	0	0	0	0	0	0	
0.228	0.982915	0.0280453	1.06318	1.01738	2.70415	1.08166	0.953001	0	0	0	0	0	0	0	0	
0.229	0.983043	0.0280911	1.06308	1.01725	2.70353	1.08141	0.953225	0	0	0	0	0	0	0	0	
0.23	0.983155	0.0281374	1.06297	1.01713	2.70295	1.08118	0.953442	0	0	0	0	0	0	0	0	
0.231	0.983274	0.0281841	1.06286	1.01701	2.70236	1.08094	0.953661	0	0	0	0	0	0	0	0	
0.232	0.98341	0.0282313	1.06276	1.01687	2.70171	1.08068	0.953889	0	0	0	0	0	0	0	0	
0.233	0.983563	0.0282789	1.06265	1.01671	2.70102	1.08041	0.954124	0	0	0	0	0	0	0	0	
0.234	0.983728	0.0283267	1.06254	1.01654	2.70029	1.08011	0.954366	0	0	0	0	0	0	0	0	
0.235	0.983905	0.0283747	1.06243	1.01636	2.69952	1.07981	0.954612	0	0	0	0	0	0	0	0	
0.236	0.984092	0.0284229	1.06232	1.01617	2.69873	1.07949	0.954863	0	0	0	0	0	0	0	0	
0.237	0.984282	0.028471	1.06221	1.01597	2.69794	1.07917	0.955116	0	0	0	0	0	0	0	0	
0.238	0.984468	0.0285192	1.0621	1.01578	2.69715	1.07886	0.955366	0	0	0	0	0	0	0	0	
0.239	0.984652	0.0285673	1.06199	1.01559	2.69637	1.07855	0.955615	0	0	0	0	0	0	0	0	
0.24	0.984835	0.0286152	1.06188	1.0154	2.69559	1.07823	0.955863	0	0	0	0	0	0	0	0	
0.241	0.985016	0.028663	1.06177	1.01521	2.69482	1.07793	0.95611	0	0	0	0	0	0	0	0	
0.242	0.98518	0.0287104	1.06166	1.01504	2.69409	1.07764	0.956349	0	0	0	0	0	0	0	0	
0.243	0.985315	0.0287575	1.06156	1.0149	2.69344	1.07738	0.956574	0	0	0	0	0	0	0	0	
0.244	0.985428	0.0288043	1.06145	1.01479	2.69286	1.07714	0.956789	0	0	0	0	0	0	0	0	
0.245	0.985544	0.0288506	1.06134	1.01467	2.69227	1.07691	0.957005	0	0	0	0	0	0	0	0	
0.246	0.985701	0.0288964	1.06123	1.01451	2.69157	1.07663	0.957239	0	0	0	0	0	0	0	0	
0.247	0.985918	0.0289413	1.06113	1.01428	2.69071	1.07628	0.957498	0	0	0	0	0	0	0	0	
0.248	0.98618	0.0289853	1.06102	1.01401	2.68973	1.07589	0.957777	0	0	0	0	0	0	0	0	
0.249	0.986451	0.0290282	1.06092	1.01374	2.68873	1.07549	0.95806	0	0	0	0	0	0	0	0	
0.25	0.9867	0.0290699	1.06082	1.01348	2.68779	1.07512	0.958332	0	0	0	0	0	0	0	0	
0.251	0.986916	0.0291103	1.06072	1.01326	2.68695	1.07478	0.958588	0	0	0	0	0	0	0	0	
0.252	0.987101	0.0291497	1.06062	1.01307	2.68619	1.07448	0.95883	0	0	0	0	0	0	0	0	
0.253	0.987264	0.0291878	1.06052	1.0129	2.6855	1.0742	0.959062	0	0	0	0	0	0	0	0	
0.254	0.987416	0.0292249	1.06042	1.01274	2.68485	1.07394	0.959288	0	0	0	0	0	0	0	0	
0.255	0.987571	0.029261	1.06033	1.01259	2.68418	1.07367	0.959515	0	0	0	0	0	0	0	0	
0.256	0.98774	0.029296	1.06024	1.01241	2.68349	1.0734	0.959747	0	0	0	0	0	0	0	0	
0.257	0.987919	0.0293301	1.06014	1.01223	2.68277	1.07311	0.959982	0	0	0	0	0	0	0	0	
0.258	0.988098	0.0293633	1.06005	1.01205	2.68205	1.07282	0.960217	0	0	0	0	0	0	0	0	
0.259	0.988269	0.029396	1.05996	1.01187	2.68136	1.07254	0.960449	0	0	0	0	0	0	0	0	
0.26	0.988438	0.0294281	1.05987	1.0117	2.68067	1.07227	0.960679	0	0	0	0	0	0	0	0	
0.261	0.988612	0.02946	1.05978	1.01152	2.67997	1.07199	0.96091	0	0	0	0	0	0	0	0	
0.262	0.98879	0.0294919	1.05969	1.01134	2.67927	1.07171	0.961143	0	0	0	0	0	0	0	0	
0.263	0.988965	0.0295238	1.0596	1.01116	2.67856	1.07143	0.961375	0	0	0	0	0	0	0	0	
0.264	0.989137	0.0295562	1.05951	1.01098	2.67787	1.07115	0.961605	0	0	0	0	0	0	0	0	
0.265	0.989298	0.0295892	1.05942	1.01082	2.6772	1.07088	0.961831	0	0	0	0	0	0	0	0	
0.266	0.989431	0.0296229	1.05933	1.01068	2.67661	1.07064	0.962046	0	0	0	0	0	0	0	0	
0.267	0.989518	0.0296577	1.05923	1.01059	2.67613	1.07045	0.962242	0	0	0	0	0	0	0	0	
0.268	0.989567	0.0296937	1.05914	1.01054	2.67576	1.0703	0.962423	0	0	0	0	0	0	0	0	
0.269	0.989621	0.029731	1.05904	1.01049	2.67536	1.07015	0.962606	0	0	0	0	0	0	0	0	
0.27	0.989739	0.0297695	1.05894	1.01037	2.6748	1.06992	0.962814	0	0	0	0	0	0	0	0	
0.271	0.98996	0.029809	1.05884	1.01014	2.67394	1.06958	0.963064	0	0	0	0	0	0	0	0	
0.272	0.990281	0.0298492	1.05874	1.00981	2.67282	1.06913	0.963355	0	0	0	0	0	0	0	0	
0.273	0.990648	0.0298898	1.05863	1.00944	2.67156	1.06862	0.963663	0	0	0	0	0	0	0	0	
0.274	0.990988	0.0299307	1.05853	1.00909	2.67038	1.06815	0.963962	0	0	0	0	0	0	0	0	
0.275	0.991247	0.0299716	1.05842	1.00883	2.66942	1.06777	0.964227	0	0	0	0	0	0	0	0	
0.276	0.991417	0.0300126	1.05831	1.00866	2.66869	1.06748	0.964458	0	0	0	0	0	0	0	0	
0.277	0.991531	0.0300535	1.05821	1.00854	2.66811	1.06725	0.964666	0	0	0	0	0	0	0	0	
0.278	0.991628	0.030094	1.0581	1.00844	2.66759	1.06704	0.964867	0	0	0	0	0	0	0	0	
0.279	0.991724	0.030134	1.058	1.00834	2.66706	1.06683	0.965067	0	0	0	0	0	0	0	0	
0.28	0.991824	0.0301731	1.05789	1.00824	2.66653	1.06661	0.965268	0	0	0	0	0	0	0	0	
0.281	0.991933	0.030211	1.05779	1.00813	2.66598	1.06639	0.965472	0	0	0	0	0	0	0	0	
0.282	0.992063	0.0302477	1.05769	1.008	2.66538	1.06615	0.965683	0	0	0	0	0	0	0	0	
0.283	0.992215	0.0302828	1.05759	1.00785	2.66472	1.06589	0.965902	0	0	0	0	0	0	0	0	
0.284	0.992374	0.0303162	1.05749	1.00768	2.66405	1.06562	0.966123	0	0	0	0	0	0	0	0	
0.285	0.992527	0.030348	1.0574	1.00753	2.6634	1.06536	0.966341	0	0	0	0	0	0	0	0	
0.286	0.992676	0.0303781	1.05731	1.00738	2.66277	1.06511	0.966557	0	0	0	0	0	0	0	0	
0.287	0.992836	0.0304067	1.05722	1.00722	2.66211	1.06485	0.966776	0	0	0	0	0	0	0	0	
0.288	0.993009	0.0304339	1.05713	1.00704	2.66143	1.06457	0.966999	0	0	0	0	0	0	0	0	
0.289	0.993178	0.03046	1.05704	1.00687	2.66076	1.0643	0.967219	0	0	0	0	0	0	0	0	
0.29	0.993321	0.0304851	1.05696	1.00672	2.66016	1.06406	0.967431	0	0	0	0	0	0	0	0	
0.291	0.993433	0.0305098	1.05687	1.00661	2.65964	1.06386	0.96763	0	0	0	0	0	0	0	0	
0.292	0.99353	0.0305343	1.05678	1.00651	2.65917	1.06367	0.967824	0	0	0	0	0	0	0	0	
0.293	0.993648	0.030559	1.0567	1.00639	2.65864	1.06345	0.968025	0	0	0	0	0	0	0	0	
0.294	0.993821	0.0305843	1.05661	1.00622	2.65796	1.06318	0.968246	0	0	0	0	0	0	0	0	
0.295	0.994059	0.0306102	1.05652	1.00598	2.6571	1.06284	0.968489	0	0	0	0	0	0	0	0	
0.296	0.994332	0.0306369	1.05644	1.0057	2.65614	1.06246	0.968745	0	0	0	0	0	0	0	0	
0.297	0.994586	0.0306647	1.05634	1.00544	2.65523	1.06209	0.968995	0	0	0	0	0	0	0	0	
0.298	0.994782	0.0306939	1.05625	1.00525	2.65448	1.06179	0.969224	0	0	0	0	0	0	0	0	
0.299	0.994924	0.0307244	1.05615	1.0051	2.65385	1.06154	0.969435	0	0	0	0	0	0	0	0	
0.3	0.995047	0.0307564	1.05606	1.00498	2.65328	1.06131	0.969639	0	0	0	0	0	0	0	0	
0.301	0.995174	0.0307898	1.05596	1.00485	2.65269	1.06108	0.969845	0	0	0	0	0	0	0	0	
0.302	0.9953	0.0308244	1.05585	1.00472	2.6521	1.06084	0.97005	0	0	0	0	0	0	0	0	
0.303	0.995406	0.0308599	1.05575	1.00462	2.65156	1.06062	0.970249	0	0	0	0	0	0	0	0	
0.304	0.995497	0.0308961	1.05565	1.00452	2.65106	1.06042	0.970443	0	0	0	0	0	0	0	0	
0.305	0.995601	0.0309325	1.05554	1.00442	2.65052	1.06021	0.970642	0	0	0	0	0	0	0	0	
0.306	0.99574	0.0309687	1.05544	1.00428	2.64989	1.05995	0.970851	0	0	0	0	0	0	0	0	
0.307	0.995903	0.0310044	1.05534	1.00411	2.64919	1.05968	0.971068	0	0	0	0	0	0	0	0	
0.308	0.996062	0.0310391	1.05523	1.00395	2.64852	1.05941	0.971283	0	0	0	0	0	0	0	0	
0.309	0.996205	0.0310727	1.05513	1.00381	2.64788	1.05915	0.971493	0	0	0	0	0	0	0	0	
0.31	0.99635	0.0311049	1.05504	1.00366	2.64725	1.0589	0.971702	0	0	0	0	0	0	0	0	
0.311	0.996519	0.0311357	1.05494	1.00349	2.64656	1.05863	0.971918	0	0	0	0	0	0	0	0	
0.312	0.996707	0.031165	1.05485	1.0033	2.64583	1.05833	0.972139	0	0	0	0	0	0	0	0	
0.313	0.996888	0.0311929	1.05476	1.00312	2.64512	1.05805	0.972358	0	0	0	0	0	0	0	0	
0.314	0.997053	0.0312196	1.05467	1.00296	2.64446	1.05778	0.972571	0	0	0	0	0	0	0	0	
0.315	0.997218	0.0312455	1.05458	1.00279	2.6438	1.05752	0.972782	0	0	0	0	0	0	0	0	
0.316	0.997395	0.0312708	1.05449	1.00261	2.64311	1.05724	0.972997	0	0	0	0	0	0	0	0	
0.317	0.997582	0.031296	1.0544	1.00242	2.64239	1.05696	0.973215	0	0	0	0	0	0	0	0	
0.318	0.997777	0.0313214	1.05431	1.00223	2.64166	1.05666	0.973434	0	0	0	0	0	0	0	0	
0.319	0.997994	0.0313474	1.05422	1.00201	2.64086	1.05634	0.97366	0	0	0	0	0	0	0	0	
0.32	0.99825	0.0313742	1.05413	1.00175	2.63996	1.05598	0.973898	0	0	0	0	0	0	0	0	
0.321	0.998535	0.031402	1.05404	1.00147	2.63897	1.05559	0.974143	0	0	0	0	0	0	0	0	
0.322	0.998822	0.0314311	1.05395	1.00118	2.63798	1.05519	0.97439	0	0	0	0	0	0	0	0	
0.323	0.999085	0.0314614	1.05385	1.00092	2.63704	1.05482	0.974629	0	0	0	0	0	0	0	0	
0.324	0.999309	0.0314931	1.05375	1.00069	2.6362	1.05448	0.974856	0	0	0	0	0	0	0	0	
0.325	0.999475	0.0315261	1.05365	1.00053	2.63552	1.05421	0.975066	0	0	0	0	0	0	0	0	
0.326	0.999561	0.0315602	1.05355	1.00044	2.63504	1.05401	0.975252	0	0	0	0	0	0	0	0	
0.327	0.999563	0.0315954	1.05345	1.00044	2.63477	1.05391	0.975415	0	0	0	0	0	0	0	0	
0.328	0.999523	0.0316313	1.05335	1.00048	2.63462	1.05385	0.975565	0	0	0	0	0	0	0	0	
0.329	0.999506	0.0316676	1.05324	1.00049	2.6344	1.05376	0.975722	0	0	0	0	0	0	0	0	
0.33	0.999559	0.0317038	1.05314	1.00044	2.63401	1.0536	0.975899	0	0	0	0	0	0	0	0	
0.331	0.999664	0.0317395	1.05304	1.00034	2.63348	1.05339	0.976091	0	0	0	0	0	0	0	0	
0.332	0.999758	0.0317741	1.05294	1.00024	2.63297	1.05319	0.97628	0	0	0	0	0	0	0	0	
0.333	0.9998	0.0318075	1.05284	1.0002	2.63262	1.05305	0.976454	0	0	0	0	0	0	0	0	
0.334	0.999816	0.0318394	1.05274	1.00018	2.63233	1.05293	0.97662	0	0	0	0	0	0	0	0	
0.335	0.999882	0.0318695	1.05265	1.00012	2.63193	1.05277	0.976799	0	0	0	0	0	0	0	0	
0.336	1.00004	0.0318977	1.05256	0.999963	2.63129	1.05252	0.977002	0	0	0	0	0	0	0	0	
0.337	1.00024	0.0319236	1.05247	0.999758	2.63053	1.05221	0.977218	0	0	0	0	0	0	0	0	
0.338	1.0004	0.0319473	1.05238	0.999596	2.62989	1.05196	0.977422	0	0	0	0	0	0	0	0	
0.339	1.00047	0.0319689	1.0523	0.999535	2.62953	1.05181	0.977599	0	0	0	0	0	0	0	0	
0.34	1.00045	0.0319887	1.05222	0.999548	2.62937	1.05175	0.977755	0	0	0	0	0	0	0	0	
0.341	1.00045	0.0320067	1.05215	0.999554	2.62919	1.05168	0.977912	0	0	0	0	0	0	0	0	
0.342	1.00052	0.032023	1.05207	0.999485	2.62882	1.05153	0.978088	0	0	0	0	0	0	0	0	
0.343	1.00068	0.0320379	1.052	0.999317	2.6282	1.05128	0.97829	0	0	0	0	0	0	0	0	
0.344	1.00095	0.0320512	1.05193	0.999048	2.62732	1.05093	0.978517	0	0	0	0	0	0	0	0	
0.345	1.00132	0.0320631	1.05186	0.998681	2.62619	1.05048	0.978768	0	0	0	0	0	0	0	0	
0.346	1.00174	0.032074	1.0518	0.998261	2.62491	1.04997	0.979032	0	0	0	0	0	0	0	0	
0.347	1.00211	0.0320841	1.05173	0.997894	2.62378	1.04951	0.979282	0	0	0	0	0	0	0	0	
0.348	1.00231	0.0320941	1.05166	0.997695	2.62309	1.04924	0.97949	0	0	0	0	0	0	0	0	
0.349	1.00232	0.0321049	1.05159	0.997687	2.6229	1.04916	0.979649	0	0	0	0	0	0	0	0	
0.35	1.00223	0.032117	1.05152	0.997775	2.62296	1.04918	0.979785	0	0	0	0	0	0	0	0	
0.351	1.00221	0.032131	1.05145	0.9978	2.62285	1.04914	0.979936	0	0	0	0	0	0	0	0	
0.352	1.00234	0.0321472	1.05138	0.997664	2.62231	1.04892	0.980126	0	0	0	0	0	0	0	0	
0.353	1.0026	0.032166	1.0513	0.997408	2.62144	1.04857	0.980347	0	0	0	0	0	0	0	0	
0.354	1.00283	0.0321875	1.05122	0.997176	2.62062	1.04825	0.980563	0	0	0	0	0	0	0	0	
0.355	1.00292	0.0322123	1.05113	0.99709	2.62018	1.04807	0.980745	0	0	0	0	0	0	0	0	
0.356	1.00286	0.0322406	1.05104	0.997149	2.6201	1.04804	0.980894	0	0	0	0	0	0	0	0	
0.357	1.00278	0.0322727	1.05094	0.997225	2.62006	1.04802	0.981039	0	0	0	0	0	0	0	0	
0.358	1.00284	0.0323081	1.05084	0.997167	2.61965	1.04786	0.981214	0	0	0	0	0	0	0	0	
0.359	1.00308	0.0323463	1.05073	0.996934	2.61877	1.04751	0.981431	0	0	0	0	0	0	0	0	
0.36	1.00337	0.0323868	1.05062	0.996639	2.61772	1.04709	0.981663	0	0	0	0	0	0	0	0	
0.361	1.00356	0.0324289	1.05051	0.99645	2.61695	1.04678	0.981872	0	0	0	0	0	0	0	0	
0.362	1.00357	0.0324722	1.05039	0.996447	2.61665	1.04666	0.98204	0	0	0	0	0	0	0	0	
0.363	1.00345	0.0325163	1.05028	0.996566	2.61668	1.04667	0.98218	0	0	0	0	0	0	0	0	
0.364	1.00334	0.0325604	1.05016	0.996669	2.61667	1.04667	0.982323	0	0	0	0	0	0	0	0	
0.365	1.00336	0.0326038	1.05005	0.996654	2.61634	1.04654	0.982491	0	0	0	0	0	0	0	0	
0.366	1.0035	0.0326456	1.04994	0.996508	2.61569	1.04627	0.982687	0	0	0	0	0	0	0	0	
0.367	1.00372	0.0326853	1.04983	0.996292	2.61485	1.04594	0.982899	0	0	0	0	0	0	0	0	
0.368	1.00396	0.0327223	1.04973	0.996054	2.61396	1.04558	0.983114	0	0	0	0	0	0	0	0	
0.369	1.00425	0.0327563	1.04963	0.99577	2.61296	1.04519	0.983337	0	0	0	0	0	0	0	0	
0.37	1.00462	0.0327869	1.04953	0.995401	2.61176	1.0447	0.983576	0	0	0	0	0	0	0	0	
0.371	1.00501	0.0328142	1.04944	0.995019	2.61052	1.04421	0.983817	0	0	0	0	0	0	0	0	
0.372	1.00523	0.0328382	1.04935	0.994799	2.60973	1.04389	0.984025	0	0	0	0	0	0	0	0	
0.373	1.00517	0.0328594	1.04926	0.994856	2.60967	1.04387	0.984176	0	0	0	0	0	0	0	0	
0.374	1.0049	0.0328784	1.04918	0.995122	2.61017	1.04407	0.984284	0	0	0	0	0	0	0	0	
0.375	1.00464	0.0328955	1.04911	0.995386	2.61067	1.04427	0.984392	0	0	0	0	0	0	0	0	
0.376	1.00459	0.0329107	1.04904	0.995428	2.6106	1.04424	0.984542	0	0	0	0	0	0	0	0	
0.377	1.00489	0.032924	1.04896	0.995135	2.60965	1.04386	0.984757	0	0	0	0	0	0	0	0	
0.378	1.00544	0.0329352	1.0489	0.994593	2.60806	1.04322	0.985019	0	0	0	0	0	0	0	0	
0.379	1.00596	0.0329446	1.04883	0.994074	2.60653	1.04261	0.985277	0	0	0	0	0	0	0	0	
0.38	1.0062	0.0329528	1.04876	0.993842	2.60576	1.04231	0.985482	0	0	0	0	0	0	0	0	
0.381	1.00609	0.0329608	1.0487	0.993945	2.60587	1.04235	0.985624	0	0	0	0	0	0	0	0	
0.382	1.00584	0.0329694	1.04863	0.994198	2.60637	1.04255	0.985737	0	0	0	0	0	0	0	0	
0.383	1.00568	0.0329793	1.04857	0.994354	2.60662	1.04265	0.985868	0	0	0	0	0	0	0	0	
0.384	1.00578	0.0329905	1.0485	0.994254	2.60619	1.04248	0.986044	0	0	0	0	0	0	0	0	
0.385	1.00616	0.0330034	1.04843	0.993873	2.60502	1.04201	0.98627	0	0	0	0	0	0	0	0	
0.386	1.00669	0.0330179	1.04836	0.993358	2.60348	1.04139	0.986521	0	0	0	0	0	0	0	0	
0.387	1.00707	0.0330345	1.04828	0.99298	2.6023	1.04092	0.986749	0	0	0	0	0	0	0	0	
0.388	1.0071	0.0330538	1.0482	0.992946	2.60201	1.0408	0.986919	0	0	0	0	0	0	0	0	
0.389	1.0068	0.0330763	1.04811	0.993242	2.60258	1.04103	0.987033	0	0	0	0	0	0	0	0	
0.39	1.00645	0.0331022	1.04802	0.993589	2.60326	1.04131	0.987138	0	0	0	0	0	0	0	0	
0.391	1.00639	0.0331309	1.04793	0.993651	2.6032	1.04128	0.98729	0	0	0	0	0	0	0	0	
0.392	1.00667	0.0331617	1.04784	0.993377	2.60225	1.0409	0.987497	0	0	0	0	0	0	0	0	
0.393	1.00703	0.0331937	1.04774	0.99302	2.60107	1.04043	0.987719	0	0	0	0	0	0	0	0	
0.394	1.00723	0.0332265	1.04764	0.992824	2.60031	1.04012	0.987916	0	0	0	0	0	0	0	0	
0.395	1.00724	0.0332595	1.04754	0.992812	2.60003	1.04001	0.988084	0	0	0	0	0	0	0	0	
0.396	1.00721	0.0332925	1.04744	0.992838	2.59985	1.03994	0.988244	0	0	0	0	0	0	0	0	
0.397	1.0073	0.0333248	1.04735	0.992751	2.59938	1.03975	0.988421	0	0	0	0	0	0	0	0	
0.398	1.00758	0.0333558	1.04725	0.992479	2.59843	1.03937	0.988624	0	0	0	0	0	0	0	0	
0.399	1.00804	0.0333847	1.04716	0.992021	2.597	1.0388	0.988854	0	0	0	0	0	0	0	0	
0.4	1.00858	0.0334112	1.04706	0.991493	2.59539	1.03816	0.989094	0	0	0	0	0	0	0	0	
0.401	1.0089	0.0334354	1.04698	0.991175	2.59434	1.03774	0.989303	0	0	0	0	0	0	0	0	
0.402	1.00879	0.0334577	1.04689	0.991287	2.59442	1.03777	0.989452	0	0	0	0	0	0	0	0	
0.403	1.00833	0.0334786	1.04681	0.991738	2.5954	1.03816	0.989553	0	0	0	0	0	0	0	0	
0.404	1.00786	0.0334987	1.04673	0.992201	2.59641	1.03857	0.989652	0	0	0	0	0	0	0	0	
0.405	1.00766	0.0335177	1.04665	0.992402	2.59675	1.0387	0.989787	0	0	0	0	0	0	0	0	
0.406	1.00779	0.0335355	1.04658	0.992268	2.59621	1.03848	0.989966	0	0	0	0	0	0	0	0	
0.407	1.00819	0.0335519	1.0465	0.991875	2.595	1.038	0.99018	0	0	0	0	0	0	0	0	
0.408	1.00875	0.0335667	1.04643	0.991324	2.59338	1.03735	0.990413	0	0	0	0	0	0	0	0	
0.409	1.00941	0.0335799	1.04636	0.990681	2.59152	1.03661	0.990656	0	0	0	0	0	0	0	0	
0.41	1.00997	0.0335917	1.04629	0.990131	2.58991	1.03596	0.990887	0	0	0	0	0	0	0	0	
0.411	1.01009	0.0336025	1.04622	0.990009	2.58942	1.03577	0.991065	0	0	0	0	0	0	0	0	
0.412	1.00969	0.0336132	1.04615	0.990408	2.59029	1.03612	0.991182	0	0	0	0	0	0	0	0	
0.413	1.00908	0.0336242	1.04609	0.991005	2.59169	1.03668	0.991274	0	0	0	0	0	0	0	0	
0.414	1.00868	0.0336358	1.04602	0.99139	2.59253	1.03701	0.991391	0	0	0	0	0	0	0	0	
0.415	1.00886	0.0336475	1.04595	0.991216	2.59191	1.03677	0.991571	0	0	0	0	0	0	0	0	
0.416	1.00962	0.033659	1.04589	0.99047	2.5898	1.03592	0.991815	0	0	0	0	0	0	0	0	
0.417	1.01044	0.0336703	1.04582	0.989664	2.58752	1.03501	0.992065	0	0	0	0	0	0	0	0	
0.418	1.01067	0.0336824	1.04575	0.989441	2.58676	1.03471	0.992255	0	0	0	0	0	0	0	0	
0.419	1.01025	0.0336966	1.04568	0.989855	2.58767	1.03507	0.992377	0	0	0	0	0	0	0	0	
0.42	1.00968	0.0337137	1.0456	0.990409	2.58893	1.03557	0.992485	0	0	0	0	0	0	0	0	
0.421	1.00942	0.0337333	1.04552	0.990664	2.58941	1.03576	0.992622	0	0	0	0	0	0	0	0	
0.422	1.00955	0.0337541	1.04545	0.990537	2.58888	1.03555	0.992798	0	0	0	0	0	0	0	0	
0.423	1.00993	0.0337739	1.04537	0.990168	2.58772	1.03509	0.992998	0	0	0	0	0	0	0	0	
0.424	1.0104	0.03379	1.04529	0.989707	2.58634	1.03453	0.993205	0	0	0	0	0	0	0	0	
0.425	1.01089	0.0337999	1.04523	0.989224	2.58491	1.03396	0.993413	0	0	0	0	0	0	0	0	
0.426	1.01141	0.033802	1.04517	0.988722	2.58347	1.03339	0.993619	0	0	0	0	0	0	0	0	
0.427	1.01197	0.0337965	1.04513	0.988174	2.58192	1.03277	0.993827	0	0	0	0	0	0	0	0	
0.428	1.01231	0.0337862	1.04509	0.987839	2.58095	1.03238	0.994016	0	0	0	0	0	0	0	0	
0.429	1.01219	0.0337768	1.04505	0.987954	2.58116	1.03246	0.994169	0	0	0	0	0	0	0	0	
0.43	1.01151	0.0337754	1.045	0.988618	2.58277	1.03311	0.99428	0	0	0	0	0	0	0	0	
0.431	1.01074	0.0337888	1.04493	0.989371	2.58457	1.03383	0.994386	0	0	0	0	0	0	0	0	
0.432	1.0104	0.0338208	1.04484	0.989707	2.58521	1.03409	0.994526	0	0	0	0	0	0	0	0	
0.433	1.01054	0.0338719	1.04472	0.989574	2.58457	1.03383	0.994704	0	0	0	0	0	0	0	0	
0.434	1.01091	0.0339391	1.04457	0.989207	2.58325	1.0333	0.994899	0	0	0	0	0	0	0	0	
0.435	1.01131	0.0340166	1.04441	0.988812	2.58182	1.03273	0.995096	0	0	0	0	0	0	0	0	
0.436	1.01167	0.0340974	1.04425	0.988461	2.58049	1.0322	0.995289	0	0	0	0	0	0	0	0	
0.437	1.012	0.0341745	1.04409	0.988145	2.57927	1.03171	0.995478	0	0	0	0	0	0	0	0	
0.438	1.01227	0.0342425	1.04394	0.987878	2.5782	1.03128	0.995663	0	0	0	0	0	0	0	0	
0.439	1.01145	0.0342994	1.04381	0.988675	2.57996	1.03198	0.995786	0	0	0	0	0	0	0	0	
0.44	1.01164	0.034344	1.04369	0.988494	2.57921	1.03168	0.995962	0	0	0	0	0	0	0	0	
0.441	1.01214	0.0343755	1.0436	0.988002	2.57769	1.03108	0.996155	0	0	0	0	0	0	0	0	
0.442	1.01228	0.0343969	1.04352	0.987869	2.57714	1.03086	0.996329	0	0	0	0	0	0	0	0	
0.443	1.01229	0.0344135	1.04344	0.987857	2.57693	1.03077	0.996495	0	0	0	0	0	0	0	0	
0.444	1.01241	0.0344269	1.04337	0.987742	2.57646	1.03058	0.996665	0	0	0	0	0	0	0	0	
0.445	1.01264	0.0344328	1.04331	0.987522	2.57574	1.0303	0.996839	0	0	0	0	0	0	0	0	
0.446	1.01291	0.0344355	1.04326	0.987255	2.57491	1.02996	0.997015	0	0	0	0	0	0	0	0	
0.447	1.01319	0.0344505	1.04319	0.986984	2.57402	1.02961	0.997191	0	0	0	0	0	0	0	0	
0.448	1.01348	0.0344725	1.0431	0.986704	2.57309	1.02924	0.997366	0	0	0	0	0	0	0	0	
0.449	1.01382	0.0344657	1.04306	0.986368	2.57211	1.02884	0.997541	0	0	0	0	0	0	0	0	
0.45	1.01423	0.0344422	1.04305	0.985968	2.57102	1.02841	0.997717	0	0	0	0	0	0	0	0	
0.451	1.01461	0.0344917	1.04292	0.985599	2.56976	1.0279	0.997892	0	0	0	0	0	0	0	0	
0.452	1.01382	0.0345853	1.04274	0.986369	2.5713	1.02852	0.998036	0	0	0	0	0	0	0	0	
0.453	1.01315	0.0345047	1.0428	0.987024	2.57318	1.02927	0.998184	0	0	0	0	0	0	0	0	
0.454	1.01319	0.0343205	1.04302	0.986986	2.57361	1.02945	0.998349	0	0	0	0	0	0	0	0	
0.455	1.01191	0.034545	1.04265	0.988233	2.57595	1.03038	0.998496	0	0	0	0	0	0	0	0	
0.456	1.0117	0.0350777	1.04184	0.988431	2.57446	1.02978	0.998672	0	0	0	0	0	0	0	0	
0.457	1.01293	0.0345588	1.04254	0.987231	2.57306	1.02922	0.998853	0	0	0	0	0	0	0	0	
0.458	1.01466	0.033345	1.04424	0.985552	2.57287	1.02915	0.999028	0	0	0	0	0	0	0	0	
0.459	1.0137	0.0346441	1.04232	0.986483	2.57058	1.02823	0.999199	0	0	0	0	0	0	0	0	
0.46	1.01112	0.0374665	1.03818	0.989006	2.56691	1.02676	0.999369	0	0	0	0	0	0	0	0	
0.461	1.01349	0.0348478	1.04119	0.986691	2.56834	1.02733	0.999538	0	0	0	0	0	0	0	0	
0.462	1.01942	0.0229987	1.04929	0.980947	2.57326	1.0293	0.999703	0	0	0	0	0	0	0	0	
0.463	0.980056	-0.0124558	0.992257	1.02035	2.53112	1.01245	0.999862	0	0	0	0	0	0	0	0	
0.464	0.864493	-0.127775	0.823708	1.15675	2.38206	0.952823	0.999966	0	0	0	0	0	0	0	0	
0.465	0.546086	-0.547581	0.464946	1.83122	2.12854	0.851416	0.999998	0	0	0	0	0	0	0	0	
0.466	0.259259	-1.35769	0.0967742	3.85715	0.933181	0.373272	1	0	0	0	0	0	0	0	0	
0.467	0.259259	-1.35769	0.0967742	3.85715	0.933181	0.373272	1	0	0	0	0	0	0	0	0	
0.468	0.259259	-1.35769	0.0967742	3.85715	0.933181	0.373272	1	0	0	0	0	0	0	0	0	
0.469	0.259259	-1.35769	0.0967742	3.85715	0.933181	0.373272	1	0	0	0	0	0	0	0	0	
0.47	0.259259	-1.35769	0.0967742	3.85715	0.933181	0.373272	1	0	0	0	0	0	0	0	0	
0.471	0.259259	-1.35769	0.0967742	3.85715	0.933181	0.373272	1	0	0	0	0	0	0	0	0	
0.472	0.259259	-1.35769	0.0967742	3.85715	0.933181	0.373272	1	0	0	0	0	0	0	0	0	
0.473	0.259259	-1.35769	0.0967742	3.85715	0.933181	0.373272	1	0	0	0	0	0	0	0	0	
0.474	0.259259	-1.35769	0.0967742	3.85715	0.933181	0.373272	1	0	0	0	0	0	0	0	0	
0.475	0.259259	-1.35769	0.0967742	3.85715	0.933181	0.373272	1	0	0	0	0	0	0	0	0	
0.476	0.259259	-1.35769	0.0967742	3.85715	0.933181	0.373272	1	0	0	0	0	0	0	0	0	
0.477	0.259259	-1.35769	0.0967742	3.85715	0.933181	0.373272	1	0	0	0	0	0	0	0	0	
0.478	0.259259	-1.35769	0.0967742	3.85715	0.933181	0.373272	1	0	0	0	0	0	0	0	0	
0.479	0.259259	-1.35769	0.0967742	3.85715	0.933181	0.373272	1	0	0	0	0	0	0	0	0	
0.48	0.259259	-1.35769	0.0967742	3.85715	0.933181	0.373272	1	0	0	0	0	0	0	0	0	
0.481	0.259259	-1.35769	0.0967742	3.85715	0.933181	0.373272	1	0	0	0	0	0	0	0	0	
0.482	0.259259	-1.35769	0.0967742	3.85715	0.933181	0.373272	1	0	0	0	0	0	0	0	0	
0.483	0.259259	-1.35769	0.0967742	3.85715	0.933181	0.373272	1	0	0	0	0	0	0	0	0	
0.484	0.259259	-1.35769	0.0967742	3.85715	0.933181	0.373272	1	0	0	0	0	0	0	0	0	
0.485	0.259259	-1.35769	0.0967742	3.85715	0.933181	0.373272	1	0	0	0	0	0	0	0	0	
0.486	0.259259	-1.35769	0.0967742	3.85715	0.933181	0.373272	1	0	0	0	0	0	0	0	0	
0.487	0.259259	-1.35769	0.0967742	3.85715	0.933181	0.373272	1	0	0	0	0	0	0	0	0	
0.488	0.259259	-1.35769	0.0967742	3.85715	0.933181	0.373272	1	0	0	0	0	0	0	0	0	
0.489	0.259259	-1.35769	0.0967742	3.85715	0.933181	0.373272	1	0	0	0	0	0	0	0	0	
0.49	0.259259	-1.35769	0.0967742	3.85715	0.933181	0.373272	1	0	0	0	0	0	0	0	0	
0.491	0.259259	-1.35769	0.0967742	3.85715	0.933181	0.373272	1	0	0	0	0	0	0	0	0	
0.492	0.259259	-1.35769	0.0967742	3.85715	0.933181	0.373272	1	0	0	0	0	0	0	0	0	
0.493	0.259259	-1.35769	0.0967742	3.85715	0.933181	0.373272	1	0	0	0	0	0	0	0	0	
0.494	0.259259	-1.35769	0.0967742	3.85715	0.933181	0.373272	1	0	0	0	0	0	0	0	0	
0.495	0.259259	-1.35769	0.0967742	3.85715	0.933181	0.373272	1	0	0	0	0	0	0	0	0	
0.496	0.259259	-1.35769	0.0967742	3.85715	0.933181	0.373272	1	0	0	0	0	0	0	0	0	
0.497	0.259259	-1.35769	0.0967742	3.85715	0.933181	0.373272	1	0	0	0	0	0	0	0	0	
0.498	0.259259	-1.35769	0.0967742	3.85715	0.933181	0.373272	1	0	0	0	0	0	0	0	0	
0.499	0.259259	-1.35769	0.0967742	3.85715	0.933181	0.373272	1	0	0	0	0	0	0	0	0	
0.5	0.259259	-1.35769	0.0967742	3.85715	0.933181	0.373272	1	0	0	0	0	0	0	0	0	
0.501	0.259259	-1.35769	0.0967742	3.85715	0.933181	0.373272	1	0	0	0	0	0	0	0	0	
0.502	0.259259	-1.35769	0.0967742	3.85715	0.933181	0.373272	1	0	0	0	0	0	0	0	0	
0.503	0.259259	-1.35769	0.0967742	3.85715	0.933181	0.373272	1	0	0	0	0	0	0	0	0	
0.504	0.259259	-1.35769	0.0967742	3.85715	0.933181	0.373272	1	0	0	0	0	0	0	0	0	
0.505	0.259259	-1.35769	0.0967742	3.85715	0.933181	0.373272	1	0	0	0	0	0	0	0	0	
0.506	0.259259	-1.35769	0.0967742	3.85715	0.933181	0.373272	1	0	0	0	0	0	0	0	0	
0.507	0.259259	-1.35769	0.0967742	3.85715	0.933181	0.373272	1	0	0	0	0	0	0	0	0	
0.508	0.259259	-1.35769	0.0967742	3.85715	0.933181	0.373272	1	0	0	0	0	0	0	0	0	
0.509	0.259259	-1.35769	0.0967742	3.85715	0.933181	0.373272	1	0	0	0	0	0	0	0	0	
0.51	0.259259	-1.35769	0.0967742	3.85715	0.933181	0.373272	1	0	0	0	0	0	0	0	0	
0.511	0.259259	-1.35769	0.0967742	3.85715	0.933181	0.373272	1	0	0	0	0	0	0	0	0	
0.512	0.259259	-1.35769	0.0967742	3.85715	0.933181	0.373272	1	0	0	0	0	0	0	0	0	
0.513	0.259259	-1.35769	0.0967742	3.85715	0.933181	0.373272	1	0	0	0	0	0	0	0	0	
0.514	0.259259	-1.35769	0.0967742	3.85715	0.933181	0.373272	1	0	0	0	0	0	0	0	0	
0.515	0.259259	-1.35769	0.0967742	3.85715	0.933181	0.373272	1	0	0	0	0	0	0	0	0	
0.516	0.259259	-1.35769	0.0967742	3.85715	0.933181	0.373272	1	0	0	0	0	0	0	0	0	
0.517	0.259259	-1.35769	0.0967742	3.85715	0.933181	0.373272	1	0	0	0	0	0	0	0	0	
0.518	0.259259	-1.35769	0.0967742	3.85715	0.933181	0.373272	1	0	0	0	0	0	0	0	0	
0.519	0.259259	-1.35769	0.0967742	3.85715	0.933181	0.373272	1	0	0	0	0	0	0	0	0	
0.52	0.259259	-1.35769	0.0967742	3.85715	0.933181	0.373272	1	0	0	0	0	0	0	0	0	
0.521	0.259259	-1.35769	0.0967742	3.85715	0.933181	0.373272	1	0	0	0	0	0	0	0	0	
0.522	0.259259	-1.35769	0.0967742	3.85715	0.933181	0.373272	1	0	0	0	0	0	0	0	0	
0.523	0.259259	-1.35769	0.0967742	3.85715	0.933181	0.373272	1	0	0	0	0	0	0	0	0	
0.524	0.259259	-1.35769	0.0967742	3.85715	0.933181	0.373272	1	0	0	0	0	0	0	0	0	
0.525	0.259259	-1.35769	0.0967742	3.85715	0.933181	0.373272	1	0	0	0	0	0	0	0	0	
0.526	0.259259	-1.35769	0.0967742	3.85715	0.933181	0.373272	1	0	0	0	0	0	0	0	0	
0.527	0.259259	-1.35769	0.0967742	3.85715	0.933181	0.373272	1	0	0	0	0	0	0	0	0	
0.528	0.259259	-1.35769	0.0967742	3.85715	0.933181	0.373272	1	0	0	0	0	0	0	0	0	
0.529	0.259259	-1.35769	0.0967742	3.85715	0.933181	0.373272	1	0	0	0	0	0	0	0	0	
0.53	0.259259	-1.35769	0.0967742	3.85715	0.933181	0.373272	1	0	0	0	0	0	0	0	0	
0.531	0.259259	-1.35769	0.0967742	3.85715	0.933181	0.373272	1	0	0	0	0	0	0	0	0	
0.532	0.259259	-1.35769	0.0967742	3.85715	0.933181	0.373272	1	0	0	0	0	0	0	0	0	
0.533	0.259259	-1.35769	0.0967742	3.85715	0.933181	0.373272	1	0	0	0	0	0	0	0	0	
0.534	0.259259	-1.35769	0.0967742	3.85715	0.933181	0.373272	1	0	0	0	0	0	0	0	0	
0.535	0.259259	-1.35769	0.0967742	3.85715	0.933181	0.373272	1	0	0	0	0	0	0	0	0	
0.536	0.259259	-1.35769	0.0967742	3.85715	0.933181	0.373272	1	0	0	0	0	0	0	0	0	
0.537	0.259259	-1.35769	0.0967742	3.85715	0.933181	0.373272	1	0	0	0	0	0	0	0	0	
0.538	0.259259	-1.35769	0.0967742	3.85715	0.933181	0.373272	1	0	0	0	0	0	0	0	0	
0.539	0.259259	-1.35769	0.0967742	3.85715	0.933181	0.373272	1	0	0	0	0	0	0	0	0	
0.54	0.259259	-1.35769	0.0967742	3.85715	0.933181	0.373272	1	0	0	0	0	0	0	0	0	
0.541	0.259259	-1.35769	0.0967742	3.85715	0.933181	0.373272	1	0	0	0	0	0	0	0	0	
0.542	0.259259	-1.35769	0.0967742	3.85715	0.933181	0.373272	1	0	0	0	0	0	0	0	0	
0.543	0.259259	-1.35769	0.0967742	3.85715	0.933181	0.373272	1	0	0	0	0	0	0	0	0	
0.544	0.259259	-1.35769	0.0967742	3.85715	0.933181	0.373272	1	0	0	0	0	0	0	0	0	
0.545	0.259259	-1.35769	0.0967742	3.85715	0.933181	0.373272	1	0	0	0	0	0	0	0	0	
0.546	0.259259	-1.35769	0.0967742	3.85715	0.933181	0.373272	1	0	0	0	0	0	0	0	0	
0.547	0.259259	-1.35769	0.0967742	3.85715	0.933181	0.373272	1	0	0	0	0	0	0	0	0	
0.548	0.259259	-1.35769	0.0967742	3.85715	0.933181	0.373272	1	0	0	0	0	0	0	0	0	
0.549	0.259259	-1.35769	0.0967742	3.85715	0.933181	0.373272	1	0	0	0	0	0	0	0	0	
0.55	0.259259	-1.35769	0.0967742	3.85715	0.933181	0.373272	1	0	0	0	0	0	0	0	0	
0.551	0.259259	-1.35769	0.0967742	3.85715	0.933181	0.373272	1	0	0	0	0	0	0	0	0	
0.552	0.259259	-1.35769	0.0967742	3.85715	0.933181	0.373272	1	0	0	0	0	0	0	0	0	
0.553	0.259259	-1.35769	0.0967742	3.85715	0.933181	0.373272	1	0	0	0	0	0	0	0	0	
0.554	0.259259	-1.35769	0.0967742	3.85715	0.933181	0.373272	1	0	0	0	0	0	0	0	0	
0.555	0.259259	-1.35769	0.0967742	3.85715	0.933181	0.373272	1	0	0	0	0	0	0	0	0	
0.556	0.259259	-1.35769	0.0967742	3.85715	0.933181	0.373272	1	0	0	0	0	0	0	0	0	
0.557	0.259259	-1.35769	0.0967742	3.85715	0.933181	0.373272	1	0	0	0	0	0	0	0	0	
0.558	0.259259	-1.35769	0.0967742	3.85715	0.933181	0.373272	1	0	0	0	0	0	0	0	0	
0.559	0.259259	-1.35769	0.0967742	3.85715	0.933181	0.373272	1	0	0	0	0	0	0	0	0	
0.56	0.259259	-1.35769	0.0967742	3.85715	0.933181	0.373272	1	0	0	0	0	0	0	0	0	
0.561	0.259259	-1.35769	0.0967742	3.85715	0.933181	0.373272	1	0	0	0	0	0	0	0	0	
0.562	0.259259	-1.35769	0.0967742	3.85715	0.933181	0.373272	1	0	0	0	0	0	0	0	0	
0.563	0.259259	-1.35769	0.0967742	3.85715	0.933181	0.373272	1	0	0	0	0	0	0	0	0	
0.564	0.259259	-1.35769	0.0967742	3.85715	0.933181	0.373272	1	0	0	0	0	0	0	0	0	
0.565	0.259259	-1.35769	0.0967742	3.85715	0.933181	0.373272	1	0	0	0	0	0	0	0	0	
0.566	0.259259	-1.35769	0.0967742	3.85715	0.933181	0.373272	1	0	0	0	0	0	0	0	0	
0.567	0.259259	-1.35769	0.0967742	3.85715	0.933181	0.373272	1	0	0	0	0	0	0	0	0	
0.568	0.259259	-1.35769	0.0967742	3.85715	0.933181	0.373272	1	0	0	0	0	0	0	0	0	
0.569	0.259259	-1.35769	0.0967742	3.85715	0.933181	0.373272	1	0	0	0	0	0	0	0	0	
0.57	0.259259	-1.35769	0.0967742	3.85715	0.933181	0.373272	1	0	0	0	0	0	0	0	0	
0.571	0.259259	-1.35769	0.0967742	3.85715	0.933181	0.373272	1	0	0	0	0	0	0	0	0	
0.572	0.259259	-1.35769	0.0967742	3.85715	0.933181	0.373272	1	0	0	0	0	0	0	0	0	
0.573	0.259259	-1.35769	0.0967742	3.85715	0.933181	0.373272	1	0	0	0	0	0	0	0	0	
0.574	0.259259	-1.35769	0.0967742	3.85715	0.933181	0.373272	1	0	0	0	0	0	0	0	0	
0.575	0.259259	-1.35769	0.0967742	3.85715	0.933181	0.373272	1	0	0	0	0	0	0	0	0	
0.576	0.259259	-1.35769	0.0967742	3.85715	0.933181	0.373272	1	0	0	0	0	0	0	0	0	
0.577	0.259259	-1.35769	0.0967742	3.85715	0.933181	0.373272	1	0	0	0	0	0	0	0	0	
0.578	0.259259	-1.35769	0.0967742	3.85715	0.933181	0.373272	1	0	0	0	0	0	0	0	0	
0.579	0.259259	-1.35769	0.0967742	3.85715	0.933181	0.373272	1	0	0	0	0	0	0	0	0	
0.58	0.259259	-1.35769	0.0967742	3.85715	0.933181	0.373272	1	0	0	0	0	0	0	0	0	
0.581	0.259259	-1.35769	0.0967742	3.85715	0.933181	0.373272	1	0	0	0	0	0	0	0	0	
0.582	0.259259	-1.35769	0.0967742	3.85715	0.933181	0.373272	1	0	0	0	0	0	0	0	0	
0.583	0.259259	-1.35769	0.0967742	3.85715	0.933181	0.373272	1	0	0	0	0	0	0	0	0	
0.584	0.259259	-1.35769	0.0967742	3.85715	0.933181	0.373272	1	0	0	0	0	0	0	0	0	
0.585	0.259259	-1.35769	0.0967742	3.85715	0.933181	0.373272	1	0	0	0	0	0	0	0	0	
0.586	0.259259	-1.35769	0.0967742	3.85715	0.933181	0.373272	1	0	0	0	0	0	0	0	0	
0.587	0.259259	-1.35769	0.0967742	3.85715	0.933181	0.373272	1	0	0	0	0	0	0	0	0	
0.588	0.259259	-1.35769	0.0967742	3.85715	0.933181	0.373272	1	0	0	0	0	0	0	0	0	
0.589	0.259259	-1.35769	0.0967742	3.85715	0.933181	0.373272	1	0	0	0	0	0	0	0	0	
0.59	0.259259	-1.35769	0.0967742	3.85715	0.933181	0.373272	1	0	0	0	0	0	0	0	0	
0.591	0.259259	-1.35769	0.0967742	3.85715	0.933181	0.373272	1	0	0	0	0	0	0	0	0	
0.592	0.259259	-1.35769	0.0967742	3.85715	0.933181	0.373272	1	0	0	0	0	0	0	0	0	
0.593	0.259259	-1.35769	0.0967742	3.85715	0.933181	0.373272	1	0	0	0	0	0	0	0	0	
0.594	0.259259	-1.35769	0.0967742	3.85715	0.933181	0.373272	1	0	0	0	0	0	0	0	0	
0.595	0.259259	-1.35769	0.0967742	3.85715	0.933181	0.373272	1	0	0	0	0	0	0	0	0	
0.596	0.259259	-1.35769	0.0967742	3.85715	0.933181	0.373272	1	0	0	0	0	0	0	0	0	
0.597	0.259259	-1.35769	0.0967742	3.85715	0.933181	0.373272	1	0	0	0	0	0	0	0	0	
0.598	0.259259	-1.35769	0.0967742	3.85715	0.933181	0.373272	1	0	0	0	0	0	0	0	0	
0.599	0.259259	-1.35769	0.0967742	3.85715	0.933181	0.373272	1	0	0	0	0	0	0	0	0	
0.6	0.259259	-1.35769	0.0967742	3.85715	0.933181	0.373272	1	0	0	0	0	0	0	0	0	
0.601	0.259259	-1.35769	0.0967742	3.85715	0.933181	0.373272	1	0	0	0	0	0	0	0	0	
0.602	0.259259	-1.35769	0.0967742	3.85715	0.933181	0.373272	1	0	0	0	0	0	0	0	0	
0.603	0.259259	-1.35769	0.0967742	3.85715	0.933181	0.373272	1	0	0	0	0	0	0	0	0	
0.604	0.259259	-1.35769	0.0967742	3.85715	0.933181	0.373272	1	0	0	0	0	0	0	0	0	
0.605	0.259259	-1.35769	0.0967742	3.85715	0.933181	0.373272	1	0	0	0	0	0	0	0	0	
0.606	0.259259	-1.35769	0.0967742	3.85715	0.933181	0.373272	1	0	0	0	0	0	0	0	0	
0.607	0.259259	-1.35769	0.0967742	3.85715	0.933181	0.373272	1	0	0	0	0	0	0	0	0	
0.608	0.259259	-1.35769	0.0967742	3.85715	0.933181	0.373272	1	0	0	0	0	0	0	0	0	
0.609	0.259259	-1.35769	0.0967742	3.85715	0.933181	0.373272	1	0	0	0	0	0	0	0	0	
0.61	0.259259	-1.35769	0.0967742	3.85715	0.933181	0.373272	1	0	0	0	0	0	0	0	0	
0.611	0.259259	-1.35769	0.0967742	3.85715	0.933181	0.373272	1	0	0	0	0	0	0	0	0	
0.612	0.259259	-1.35769	0.0967742	3.85715	0.933181	0.373272	1	0	0	0	0	0	0	0	0	
0.613	0.259259	-1.35769	0.0967742	3.85715	0.933181	0.373272	1	0	0	0	0	0	0	0	0	
0.614	0.259259	-1.35769	0.0967742	3.85715	0.933181	0.373272	1	0	0	0	0	0	0	0	0	
0.615	0.259259	-1.35769	0.0967742	3.85715	0.933181	0.373272	1	0	0	0	0	0	0	0	0	
0.616	0.259259	-1.35769	0.0967742	3.85715	0.933181	0.373272	1	0	0	0	0	0	0	0	0	
0.617	0.259259	-1.35769	0.0967742	3.85715	0.933181	0.373272	1	0	0	0	0	0	0	0	0	
0.618	0.259259	-1.35769	0.0967742	3.85715	0.933181	0.373272	1	0	0	0	0	0	0	0	0	
0.619	0.259259	-1.35769	0.0967742	3.85715	0.933181	0.373272	1	0	0	0	0	0	0	0	0	
0.62	0.259259	-1.35769	0.0967742	3.85715	0.933181	0.373272	1	0	0	0	0	0	0	0	0	
0.621	0.259259	-1.35769	0.0967742	3.85715	0.933181	0.373272	1	0	0	0	0	0	0	0	0	
0.622	0.259259	-1.35769	0.0967742	3.85715	0.933181	0.373272	1	0	0	0	0	0	0	0	0	
0.623	0.259259	-1.35769	0.0967742	3.85715	0.933181	0.373272	1	0	0	0	0	0	0	0	0	
0.624	0.259259	-1.35769	0.0967742	3.85715	0.933181	0.373272	1	0	0	0	0	0	0	0	0	
0.625	0.259259	-1.35769	0.0967742	3.85715	0.933181	0.373272	1	0	0	0	0	0	0	0	0	
0.626	0.259259	-1.35769	0.0967742	3.85715	0.933181	0.373272	1	0	0	0	0	0	0	0	0	
0.627	0.259259	-1.35769	0.0967742	3.85715	0.933181	0.373272	1	0	0	0	0	0	0	0	0	
0.628	0.259259	-1.35769	0.0967742	3.85715	0.933181	0.373272	1	0	0	0	0	0	0	0	0	
0.629	0.259259	-1.35769	0.0967742	3.85715	0.933181	0.373272	1	0	0	0	0	0	0	0	0	
0.63	0.259259	-1.35769	0.0967742	3.85715	0.933181	0.373272	1	0	0	0	0	0	0	0	0	
0.631	0.259259	-1.35769	0.0967742	3.85715	0.933181	0.373272	1	0	0	0	0	0	0	0	0	
0.632	0.259259	-1.35769	0.0967742	3.85715	0.933181	0.373272	1	0	0	0	0	0	0	0	0	
0.633	0.259259	-1.35769	0.0967742	3.85715	0.933181	0.373272	1	0	0	0	0	0	0	0	0	
0.634	0.259259	-1.35769	0.0967742	3.85715	0.933181	0.373272	1	0	0	0	0	0	0	0	0	
0.635	0.259259	-1.35769	0.0967742	3.85715	0.933181	0.373272	1	0	0	0	0	0	0	0	0	
0.636	0.259259	-1.35769	0.0967742	3.85715	0.933181	0.373272	1	0	0	0	0	0	0	0	0	
0.637	0.259259	-1.35769	0.0967742	3.85715	0.933181	0.373272	1	0	0	0	0	0	0	0	0	
0.638	0.259259	-1.35769	0.0967742	3.85715	0.933181	0.373272	1	0	0	0	0	0	0	0	0	
0.639	0.259259	-1.35769	0.0967742	3.85715	0.933181	0.373272	1	0	0	0	0	0	0	0	0	
0.64	0.259259	-1.35769	0.0967742	3.85715	0.933181	0.373272	1	0	0	0	0	0	0	0	0	
0.641	0.259259	-1.35769	0.0967742	3.85715	0.933181	0.373272	1	0	0	0	0	0	0	0	0	
0.642	0.259259	-1.35769	0.0967742	3.85715	0.933181	0.373272	1	0	0	0	0	0	0	0	0	
0.643	0.259259	-1.35769	0.0967742	3.85715	0.933181	0.373272	1	0	0	0	0	0	0	0	0	
0.644	0.259259	-1.35769	0.0967742	3.85715	0.933181	0.373272	1	0	0	0	0	0	0	0	0	
0.645	0.259259	-1.35769	0.0967742	3.85715	0.933181	0.373272	1	0	0	0	0	0	0	0	0	
0.646	0.259259	-1.35769	0.0967742	3.85715	0.933181	0.373272	1	0	0	0	0	0	0	0	0	
0.647	0.259259	-1.35769	0.0967742	3.85715	0.933181	0.373272	1	0	0	0	0	0	0	0	0	
0.648	0.259259	-1.35769	0.0967742	3.85715	0.933181	0.373272	1	0	0	0	0	0	0	0	0	
0.649	0.259259	-1.35769	0.0967742	3.85715	0.933181	0.373272	1	0	0	0	0	0	0	0	0	
0.65	0.259259	-1.35769	0.0967742	3.85715	0.933181	0.373272	1	0	0	0	0	0	0	0	0	
0.651	0.259259	-1.35769	0.0967742	3.85715	0.933181	0.373272	1	0	0	0	0	0	0	0	0	
0.652	0.259259	-1.35769	0.0967742	3.85715	0.933181	0.373272	1	0	0	0	0	0	0	0	0	
0.653	0.259259	-1.35769	0.0967742	3.85715	0.933181	0.373272	1	0	0	0	0	0	0	0	0	
0.654	0.259259	-1.35769	0.0967742	3.85715	0.933181	0.373272	1	0	0	0	0	0	0	0	0	
0.655	0.259259	-1.35769	0.0967742	3.85715	0.933181	0.373272	1	0	0	0	0	0	0	0	0	
0.656	0.259259	-1.35769	0.0967742	3.85715	0.933181	0.373272	1	0	0	0	0	0	0	0	0	
0.657	0.259259	-1.35769	0.0967742	3.85715	0.933181	0.373272	1	0	0	0	0	0	0	0	0	
0.658	0.259259	-1.35769	0.0967742	3.85715	0.933181	0.373272	1	0	0	0	0	0	0	0	0	
0.659	0.259259	-1.35769	0.0967742	3.85715	0.933181	0.373272	1	0	0	0	0	0	0	0	0	
0.66	0.259259	-1.35769	0.0967742	3.85715	0.933181	0.373272	1	0	0	0	0	0	0	0	0	
0.661	0.259259	-1.35769	0.0967742	3.85715	0.933181	0.373272	1	0	0	0	0	0	0	0	0	
0.662	0.259259	-1.35769	0.0967742	3.85715	0.933181	0.373272	1	0	0	0	0	0	0	0	0	
0.663	0.259259	-1.35769	0.0967742	3.85715	0.933181	0.373272	1	0	0	0	0	0	0	0	0	
0.664	0.259259	-1.35769	0.0967742	3.85715	0.933181	0.373272	1	0	0	0	0	0	0	0	0	
0.665	0.259259	-1.35769	0.0967742	3.85715	0.933181	0.373272	1	0	0	0	0	0	0	0	0	
0.666	0.259259	-1.35769	0.0967742	3.85715	0.933181	0.373272	1	0	0	0	0	0	0	0	0	
0.667	0.259259	-1.35769	0.0967742	3.85715	0.933181	0.373272	1	0	0	0	0	0	0	0	0	
0.668	0.259259	-1.35769	0.0967742	3.85715	0.933181	0.373272	1	0	0	0	0	0	0	0	0	
0.669	0.259259	-1.35769	0.0967742	3.85715	0.933181	0.373272	1	0	0	0	0	0	0	0	0	
0.67	0.259259	-1.35769	0.0967742	3.85715	0.933181	0.373272	1	0	0	0	0	0	0	0	0	
0.671	0.259259	-1.35769	0.0967742	3.85715	0.933181	0.373272	1	0	0	0	0	0	0	0	0	
0.672	0.259259	-1.35769	0.0967742	3.85715	0.933181	0.373272	1	0	0	0	0	0	0	0	0	
0.673	0.259259	-1.35769	0.0967742	3.85715	0.933181	0.373272	1	0	0	0	0	0	0	0	0	
0.674	0.259259	-1.35769	0.0967742	3.85715	0.933181	0.373272	1	0	0	0	0	0	0	0	0	
0.675	0.259259	-1.35769	0.0967742	3.85715	0.933181	0.373272	1	0	0	0	0	0	0	0	0	
0.676	0.259259	-1.35769	0.0967742	3.85715	0.933181	0.373272	1	0	0	0	0	0	0	0	0	
0.677	0.259259	-1.35769	0.0967742	3.85715	0.933181	0.373272	1	0	0	0	0	0	0	0	0	
0.678	0.259259	-1.35769	0.0967742	3.85715	0.933181	0.373272	1	0	0	0	0	0	0	0	0	
0.679	0.259259	-1.35769	0.0967742	3.85715	0.933181	0.373272	1	0	0	0	0	0	0	0	0	
0.68	0.259259	-1.35769	0.0967742	3.85715	0.933181	0.373272	1	0	0	0	0	0	0	0	0	
0.681	0.259259	-1.35769	0.0967742	3.85715	0.933181	0.373272	1	0	0	0	0	0	0	0	0	
0.682	0.259259	-1.35769	0.0967742	3.85715	0.933181	0.373272	1	0	0	0	0	0	0	0	0	
0.683	0.259259	-1.35769	0.0967742	3.85715	0.933181	0.373272	1	0	0	0	0	0	0	0	0	
0.684	0.259259	-1.35769	0.0967742	3.85715	0.933181	0.373272	1	0	0	0	0	0	0	0	0	
0.685	0.259259	-1.35769	0.0967742	3.85715	0.933181	0.373272	1	0	0	0	0	0	0	0	0	
0.686	0.259259	-1.35769	0.0967742	3.85715	0.933181	0.373272	1	0	0	0	0	0	0	0	0	
0.687	0.259259	-1.35769	0.0967742	3.85715	0.933181	0.373272	1	0	0	0	0	0	0	0	0	
0.688	0.259259	-1.35769	0.0967742	3.85715	0.933181	0.373272	1	0	0	0	0	0	0	0	0	
0.689	0.259259	-1.35769	0.0967742	3.85715	0.933181	0.373272	1	0	0	0	0	0	0	0	0	
0.69	0.259259	-1.35769	0.0967742	3.85715	0.933181	0.373272	1	0	0	0	0	0	0	0	0	
0.691	0.259259	-1.35769	0.0967742	3.85715	0.933181	0.373272	1	0	0	0	0	0	0	0	0	
0.692	0.259259	-1.35769	0.0967742	3.85715	0.933181	0.373272	1	0	0	0	0	0	0	0	0	
0.693	0.259259	-1.35769	0.0967742	3.85715	0.933181	0.373272	1	0	0	0	0	0	0	0	0	
0.694	0.259259	-1.35769	0.0967742	3.85715	0.933181	0.373272	1	0	0	0	0	0	0	0	0	
0.695	0.259259	-1.35769	0.0967742	3.85715	0.933181	0.373272	1	0	0	0	0	0	0	0	0	
0.696	0.259259	-1.35769	0.0967742	3.85715	0.933181	0.373272	1	0	0	0	0	0	0	0	0	
0.697	0.259259	-1.35769	0.0967742	3.85715	0.933181	0.373272	1	0	0	0	0	0	0	0	0	
0.698	0.259259	-1.35769	0.0967742	3.85715	0.933181	0.373272	1	0	0	0	0	0	0	0	0	
0.699	0.259259	-1.35769	0.0967742	3.85715	0.933181	0.373272	1	0	0	0	0	0	0	0	0	
0.7	0.259259	-1.35769	0.0967742	3.85715	0.933181	0.373272	1	0	0	0	0	0	0	0	0	
0.701	0.259259	-1.35769	0.0967742	3.85715	0.933181	0.373272	1	0	0	0	0	0	0	0	0	
0.702	0.259259	-1.35769	0.0967742	3.85715	0.933181	0.373272	1	0	0	0	0	0	0	0	0	
0.703	0.259259	-1.35769	0.0967742	3.85715	0.933181	0.373272	1	0	0	0	0	0	0	0	0	
0.704	0.259259	-1.35769	0.0967742	3.85715	0.933181	0.373272	1	0	0	0	0	0	0	0	0	
0.705	0.259259	-1.35769	0.0967742	3.85715	0.933181	0.373272	1	0	0	0	0	0	0	0	0	
0.706	0.259259	-1.35769	0.0967742	3.85715	0.933181	0.373272	1	0	0	0	0	0	0	0	0	
0.707	0.259259	-1.35769	0.0967742	3.85715	0.933181	0.373272	1	0	0	0	0	0	0	0	0	
0.708	0.259259	-1.35769	0.0967742	3.85715	0.933181	0.373272	1	0	0	0	0	0	0	0	0	
0.709	0.259259	-1.35769	0.0967742	3.85715	0.933181	0.373272	1	0	0	0	0	0	0	0	0	
0.71	0.259259	-1.35769	0.0967742	3.85715	0.933181	0.373272	1	0	0	0	0	0	0	0	0	
0.711	0.259259	-1.35769	0.0967742	3.85715	0.933181	0.373272	1	0	0	0	0	0	0	0	0	
0.712	0.259259	-1.35769	0.0967742	3.85715	0.933181	0.373272	1	0	0	0	0	0	0	0	0	
0.713	0.259259	-1.35769	0.0967742	3.85715	0.933181	0.373272	1	0	0	0	0	0	0	0	0	
0.714	0.259259	-1.35769	0.0967742	3.85715	0.933181	0.373272	1	0	0	0	0	0	0	0	0	
0.715	0.259259	-1.35769	0.0967742	3.85715	0.933181	0.373272	1	0	0	0	0	0	0	0	0	
0.716	0.259259	-1.35769	0.0967742	3.85715	0.933181	0.373272	1	0	0	0	0	0	0	0	0	
0.717	0.259259	-1.35769	0.0967742	3.85715	0.933181	0.373272	1	0	0	0	0	0	0	0	0	
0.718	0.259259	-1.35769	0.0967742	3.85715	0.933181	0.373272	1	0	0	0	0	0	0	0	0	
0.719	0.259259	-1.35769	0.0967742	3.85715	0.933181	0.373272	1	0	0	0	0	0	0	0	0	
0.72	0.259259	-1.35769	0.0967742	3.85715	0.933181	0.373272	1	0	0	0	0	0	0	0	0	
0.721	0.259259	-1.35769	0.0967742	3.85715	0.933181	0.373272	1	0	0	0	0	0	0	0	0	
0.722	0.259259	-1.35769	0.0967742	3.85715	0.933181	0.373272	1	0	0	0	0	0	0	0	0	
0.723	0.259259	-1.35769	0.0967742	3.85715	0.933181	0.373272	1	0	0	0	0	0	0	0	0	
0.724	0.259259	-1.35769	0.0967742	3.85715	0.933181	0.373272	1	0	0	0	0	0	0	0	0	
0.725	0.259259	-1.35769	0.0967742	3.85715	0.933181	0.373272	1	0	0	0	0	0	0	0	0	
0.726	0.259259	-1.35769	0.0967742	3.85715	0.933181	0.373272	1	0	0	0	0	0	0	0	0	
0.727	0.259259	-1.35769	0.0967742	3.85715	0.933181	0.373272	1	0	0	0	0	0	0	0	0	
0.728	0.259259	-1.35769	0.0967742	3.85715	0.933181	0.373272	1	0	0	0	0	0	0	0	0	
0.729	0.259259	-1.35769	0.0967742	3.85715	0.933181	0.373272	1	0	0	0	0	0	0	0	0	
0.73	0.259259	-1.35769	0.0967742	3.85715	0.933181	0.373272	1	0	0	0	0	0	0	0	0	
0.731	0.259259	-1.35769	0.0967742	3.85715	0.933181	0.373272	1	0	0	0	0	0	0	0	0	
0.732	0.259259	-1.35769	0.0967742	3.85715	0.933181	0.373272	1	0	0	0	0	0	0	0	0	
0.733	0.259259	-1.35769	0.0967742	3.85715	0.933181	0.373272	1	0	0	0	0	0	0	0	0	
0.734	0.259259	-1.35769	0.0967742	3.85715	0.933181	0.373272	1	0	0	0	0	0	0	0	0	
0.735	0.259259	-1.35769	0.0967742	3.85715	0.933181	0.373272	1	0	0	0	0	0	0	0	0	
0.736	0.259259	-1.35769	0.0967742	3.85715	0.933181	0.373272	1	0	0	0	0	0	0	0	0	
0.737	0.259259	-1.35769	0.0967742	3.85715	0.933181	0.373272	1	0	0	0	0	0	0	0	0	
0.738	0.259259	-1.35769	0.0967742	3.85715	0.933181	0.373272	1	0	0	0	0	0	0	0	0	
0.739	0.259259	-1.35769	0.0967742	3.85715	0.933181	0.373272	1	0	0	0	0	0	0	0	0	
0.74	0.259259	-1.35769	0.0967742	3.85715	0.933181	0.373272	1	0	0	0	0	0	0	0	0	
0.741	0.259259	-1.35769	0.0967742	3.85715	0.933181	0.373272	1	0	0	0	0	0	0	0	0	
0.742	0.259259	-1.35769	0.0967742	3.85715	0.933181	0.373272	1	0	0	0	0	0	0	0	0	
0.743	0.259259	-1.35769	0.0967742	3.85715	0.933181	0.373272	1	0	0	0	0	0	0	0	0	
0.744	0.259259	-1.35769	0.0967742	3.85715	0.933181	0.373272	1	0	0	0	0	0	0	0	0	
0.745	0.259259	-1.35769	0.0967742	3.85715	0.933181	0.373272	1	0	0	0	0	0	0	0	0	
0.746	0.259259	-1.35769	0.0967742	3.85715	0.933181	0.373272	1	0	0	0	0	0	0	0	0	
0.747	0.259259	-1.35769	0.0967742	3.85715	0.933181	0.373272	1	0	0	0	0	0	0	0	0	
0.748	0.259259	-1.35769	0.0967742	3.85715	0.933181	0.373272	1	0	0	0	0	0	0	0	0	
0.749	0.259259	-1.35769	0.0967742	3.85715	0.933181	0.373272	1	0	0	0	0	0	0	0	0	
0.75	0.259259	-1.35769	0.0967742	3.85715	0.933181	0.373272	1	0	0	0	0	0	0	0	0	
0.751	0.259259	-1.35769	0.0967742	3.85715	0.933181	0.373272	1	0	0	0	0	0	0	0	0	
0.752	0.259259	-1.35769	0.0967742	3.85715	0.933181	0.373272	1	0	0	0	0	0	0	0	0	
0.753	0.259259	-1.35769	0.0967742	3.85715	0.933181	0.373272	1	0	0	0	0	0	0	0	0	
0.754	0.259259	-1.35769	0.0967742	3.85715	0.933181	0.373272	1	0	0	0	0	0	0	0	0	
0.755	0.259259	-1.35769	0.0967742	3.85715	0.933181	0.373272	1	0	0	0	0	0	0	0	0	
0.756	0.259259	-1.35769	0.0967742	3.85715	0.933181	0.373272	1	0	0	0	0	0	0	0	0	
0.757	0.259259	-1.35769	0.0967742	3.85715	0.933181	0.373272	1	0	0	0	0	0	0	0	0	
0.758	0.259259	-1.35769	0.0967742	3.85715	0.933181	0.373272	1	0	0	0	0	0	0	0	0	
0.759	0.259259	-1.35769	0.0967742	3.85715	0.933181	0.373272	1	0	0	0	0	0	0	0	0	
0.76	0.259259	-1.35769	0.0967742	3.85715	0.933181	0.373272	1	0	0	0	0	0	0	0	0	
0.761	0.259259	-1.35769	0.0967742	3.85715	0.933181	0.373272	1	0	0	0	0	0	0	0	0	
0.762	0.259259	-1.35769	0.0967742	3.85715	0.933181	0.373272	1	0	0	0	0	0	0	0	0	
0.763	0.259259	-1.35769	0.0967742	3.85715	0.933181	0.373272	1	0	0	0	0	0	0	0	0	
0.764	0.259259	-1.35769	0.0967742	3.85715	0.933181	0.373272	1	0	0	0	0	0	0	0	0	
0.765	0.259259	-1.35769	0.0967742	3.85715	0.933181	0.373272	1	0	0	0	0	0	0	0	0	
0.766	0.259259	-1.35769	0.0967742	3.85715	0.933181	0.373272	1	0	0	0	0	0	0	0	0	
0.767	0.259259	-1.35769	0.0967742	3.85715	0.933181	0.373272	1	0	0	0	0	0	0	0	0	
0.768	0.259259	-1.35769	0.0967742	3.85715	0.933181	0.373272	1	0	0	0	0	0	0	0	0	
0.769	0.259259	-1.35769	0.0967742	3.85715	0.933181	0.373272	1	0	0	0	0	0	0	0	0	
0.77	0.259259	-1.35769	0.0967742	3.85715	0.933181	0.373272	1	0	0	0	0	0	0	0	0	
0.771	0.259259	-1.35769	0.0967742	3.85715	0.933181	0.373272	1	0	0	0	0	0	0	0	0	
0.772	0.259259	-1.35769	0.0967742	3.85715	0.933181	0.373272	1	0	0	0	0	0	0	0	0	
0.773	0.259259	-1.35769	0.0967742	3.85715	0.933181	0.373272	1	0	0	0	0	0	0	0	0	
0.774	0.259259	-1.35769	0.0967742	3.85715	0.933181	0.373272	1	0	0	0	0	0	0	0	0	
0.775	0.259259	-1.35769	0.0967742	3.85715	0.933181	0.373272	1	0	0	0	0	0	0	0	0	
0.776	0.259259	-1.35769	0.0967742	3.85715	0.933181	0.373272	1	0	0	0	0	0	0	0	0	
0.777	0.259259	-1.35769	0.0967742	3.85715	0.933181	0.373272	1	0	0	0	0	0	0	0	0	
0.778	0.259259	-1.35769	0.0967742	3.85715	0.933181	0.373272	1	0	0	0	0	0	0	0	0	
0.779	0.259259	-1.35769	0.0967742	3.85715	0.933181	0.373272	1	0	0	0	0	0	0	0	0	
0.78	0.259259	-1.35769	0.0967742	3.85715	0.933181	0.373272	1	0	0	0	0	0	0	0	0	
0.781	0.259259	-1.35769	0.0967742	3.85715	0.933181	0.373272	1	0	0	0	0	0	0	0	0	
0.782	0.259259	-1.35769	0.0967742	3.85715	0.933181	0.373272	1	0	0	0	0	0	0	0	0	
0.783	0.259259	-1.35769	0.0967742	3.85715	0.933181	0.373272	1	0	0	0	0	0	0	0	0	
0.784	0.259259	-1.35769	0.0967742	3.85715	0.933181	0.373272	1	0	0	0	0	0	0	0	0	
0.785	0.259259	-1.35769	0.0967742	3.85715	0.933181	0.373272	1	0	0	0	0	0	0	0	0	
0.786	0.259259	-1.35769	0.0967742	3.85715	0.933181	0.373272	1	0	0	0	0	0	0	0	0	
0.787	0.259259	-1.35769	0.0967742	3.85715	0.933181	0.373272	1	0	0	0	0	0	0	0	0	
0.788	0.259259	-1.35769	0.0967742	3.85715	0.933181	0.373272	1	0	0	0	0	0	0	0	0	
0.789	0.259259	-1.35769	0.0967742	3.85715	0.933181	0.373272	1	0	0	0	0	0	0	0	0	
0.79	0.259259	-1.35769	0.0967742	3.85715	0.933181	0.373272	1	0	0	0	0	0	0	0	0	
0.791	0.259259	-1.35769	0.0967742	3.85715	0.933181	0.373272	1	0	0	0	0	0	0	0	0	
0.792	0.259259	-1.35769	0.0967742	3.85715	0.933181	0.373272	1	0	0	0	0	0	0	0	0	
0.793	0.259259	-1.35769	0.0967742	3.85715	0.933181	0.373272	1	0	0	0	0	0	0	0	0	
0.794	0.259259	-1.35769	0.0967742	3.85715	0.933181	0.373272	1	0	0	0	0	0	0	0	0	
0.795	0.259259	-1.35769	0.0967742	3.85715	0.933181	0.373272	1	0	0	0	0	0	0	0	0	
0.796	0.259259	-1.35769	0.0967742	3.85715	0.933181	0.373272	1	0	0	0	0	0	0	0	0	
0.797	0.259259	-1.35769	0.0967742	3.85715	0.933181	0.373272	1	0	0	0	0	0	0	0	0	
0.798	0.259259	-1.35769	0.0967742	3.85715	0.933181	0.373272	1	0	0	0	0	0	0	0	0	
0.799	0.259259	-1.35769	0.0967742	3.85715	0.933181	0.373272	1	0	0	0	0	0	0	0	0	
0.8	0.259259	-1.35769	0.0967742	3.85715	0.933181	0.373272	1	0	0	0	0	0	0	0	0	
0.801	0.259259	-1.35769	0.0967742	3.85715	0.933181	0.373272	1	0	0	0	0	0	0	0	0	
0.802	0.259259	-1.35769	0.0967742	3.85715	0.933181	0.373272	1	0	0	0	0	0	0	0	0	
0.803	0.259259	-1.35769	0.0967742	3.85715	0.933181	0.373272	1	0	0	0	0	0	0	0	0	
0.804	0.259259	-1.35769	0.0967742	3.85715	0.933181	0.373272	1	0	0	0	0	0	0	0	0	
0.805	0.259259	-1.35769	0.0967742	3.85715	0.933181	0.373272	1	0	0	0	0	0	0	0	0	
0.806	0.259259	-1.35769	0.0967742	3.85715	0.933181	0.373272	1	0	0	0	0	0	0	0	0	
0.807	0.259259	-1.35769	0.0967742	3.85715	0.933181	0.373272	1	0	0	0	0	0	0	0	0	
0.808	0.259259	-1.35769	0.0967742	3.85715	0.933181	0.373272	1	0	0	0	0	0	0	0	0	
0.809	0.259259	-1.35769	0.0967742	3.85715	0.933181	0.373272	1	0	0	0	0	0	0	0	0	
0.81	0.259259	-1.35769	0.0967742	3.85715	0.933181	0.373272	1	0	0	0	0	0	0	0	0	
0.811	0.259259	-1.35769	0.0967742	3.85715	0.933181	0.373272	1	0	0	0	0	0	0	0	0	
0.812	0.259259	-1.35769	0.0967742	3.85715	0.933181	0.373272	1	0	0	0	0	0	0	0	0	
0.813	0.259259	-1.35769	0.0967742	3.85715	0.933181	0.373272	1	0	0	0	0	0	0	0	0	
0.814	0.259259	-1.35769	0.0967742	3.85715	0.933181	0.373272	1	0	0	0	0	0	0	0	0	
0.815	0.259259	-1.35769	0.0967742	3.85715	0.933181	0.373272	1	0	0	0	0	0	0	0	0	
0.816	0.259259	-1.35769	0.0967742	3.85715	0.933181	0.373272	1	0	0	0	0	0	0	0	0	
0.817	0.259259	-1.35769	0.0967742	3.85715	0.933181	0.373272	1	0	0	0	0	0	0	0	0	
0.818	0.259259	-1.35769	0.0967742	3.85715	0.933181	0.373272	1	0	0	0	0	0	0	0	0	
0.819	0.259259	-1.35769	0.0967742	3.85715	0.933181	0.373272	1	0	0	0	0	0	0	0	0	
0.82	0.259259	-1.35769	0.0967742	3.85715	0.933181	0.373272	1	0	0	0	0	0	0	0	0	
0.821	0.259259	-1.35769	0.0967742	3.85715	0.933181	0.373272	1	0	0	0	0	0	0	0	0	
0.822	0.259259	-1.35769	0.0967742	3.85715	0.933181	0.373272	1	0	0	0	0	0	0	0	0	
0.823	0.259259	-1.35769	0.0967742	3.85715	0.933181	0.373272	1	0	0	0	0	0	0	0	0	
0.824	0.259259	-1.35769	0.0967742	3.85715	0.933181	0.373272	1	0	0	0	0	0	0	0	0	
0.825	0.259259	-1.35769	0.0967742	3.85715	0.933181	0.373272	1	0	0	0	0	0	0	0	0	
0.826	0.259259	-1.35769	0.0967742	3.85715	0.933181	0.373272	1	0	0	0	0	0	0	0	0	
0.827	0.259259	-1.35769	0.0967742	3.85715	0.933181	0.373272	1	0	0	0	0	0	0	0	0	
0.828	0.259259	-1.35769	0.0967742	3.85715	0.933181	0.373272	1	0	0	0	0	0	0	0	0	
0.829	0.259259	-1.35769	0.0967742	3.85715	0.933181	0.373272	1	0	0	0	0	0	0	0	0	
0.83	0.259259	-1.35769	0.0967742	3.85715	0.933181	0.373272	1	0	0	0	0	0	0	0	0	
0.831	0.259259	-1.35769	0.0967742	3.85715	0.933181	0.373272	1	0	0	0	0	0	0	0	0	
0.832	0.259259	-1.35769	0.0967742	3.85715	0.933181	0.373272	1	0	0	0	0	0	0	0	0	
0.833	0.259259	-1.35769	0.0967742	3.85715	0.933181	0.373272	1	0	0	0	0	0	0	0	0	
0.834	0.259259	-1.35769	0.0967742	3.85715	0.933181	0.373272	1	0	0	0	0	0	0	0	0	
0.835	0.259259	-1.35769	0.0967742	3.85715	0.933181	0.373272	1	0	0	0	0	0	0	0	0	
0.836	0.259259	-1.35769	0.0967742	3.85715	0.933181	0.373272	1	0	0	0	0	0	0	0	0	
0.837	0.259259	-1.35769	0.0967742	3.85715	0.933181	0.373272	1	0	0	0	0	0	0	0	0	
0.838	0.259259	-1.35769	0.0967742	3.85715	0.933181	0.373272	1	0	0	0	0	0	0	0	0	
0.839	0.259259	-1.35769	0.0967742	3.85715	0.933181	0.373272	1	0	0	0	0	0	0	0	0	
0.84	0.259259	-1.35769	0.0967742	3.85715	0.933181	0.373272	1	0	0	0	0	0	0	0	0	
0.841	0.259259	-1.35769	0.0967742	3.85715	0.933181	0.373272	1	0	0	0	0	0	0	0	0	
0.842	0.259259	-1.35769	0.0967742	3.85715	0.933181	0.373272	1	0	0	0	0	0	0	0	0	
0.843	0.259259	-1.35769	0.0967742	3.85715	0.933181	0.373272	1	0	0	0	0	0	0	0	0	
0.844	0.259259	-1.35769	0.0967742	3.85715	0.933181	0.373272	1	0	0	0	0	0	0	0	0	
0.845	0.259259	-1.35769	0.0967742	3.85715	0.933181	0.373272	1	0	0	0	0	0	0	0	0	
0.846	0.259259	-1.35769	0.0967742	3.85715	0.933181	0.373272	1	0	0	0	0	0	0	0	0	
0.847	0.259259	-1.35769	0.0967742	3.85715	0.933181	0.373272	1	0	0	0	0	0	0	0	0	
0.848	0.259259	-1.35769	0.0967742	3.85715	0.933181	0.373272	1	0	0	0	0	0	0	0	0	
0.849	0.259259	-1.35769	0.0967742	3.85715	0.933181	0.373272	1	0	0	0	0	0	0	0	0	
0.85	0.259259	-1.35769	0.0967742	3.85715	0.933181	0.373272	1	0	0	0	0	0	0	0	0	
0.851	0.259259	-1.35769	0.0967742	3.85715	0.933181	0.373272	1	0	0	0	0	0	0	0	0	
0.852	0.259259	-1.35769	0.0967742	3.85715	0.933181	0.373272	1	0	0	0	0	0	0	0	0	
0.853	0.259259	-1.35769	0.0967742	3.85715	0.933181	0.373272	1	0	0	0	0	0	0	0	0	
0.854	0.259259	-1.35769	0.0967742	3.85715	0.933181	0.373272	1	0	0	0	0	0	0	0	0	
0.855	0.259259	-1.35769	0.0967742	3.85715	0.933181	0.373272	1	0	0	0	0	0	0	0	0	
0.856	0.259259	-1.35769	0.0967742	3.85715	0.933181	0.373272	1	0	0	0	0	0	0	0	0	
0.857	0.259259	-1.35769	0.0967742	3.85715	0.933181	0.373272	1	0	0	0	0	0	0	0	0	
0.858	0.259259	-1.35769	0.0967742	3.85715	0.933181	0.373272	1	0	0	0	0	0	0	0	0	
0.859	0.259259	-1.35769	0.0967742	3.85715	0.933181	0.373272	1	0	0	0	0	0	0	0	0	
0.86	0.259259	-1.35769	0.0967742	3.85715	0.933181	0.373272	1	0	0	0	0	0	0	0	0	
0.861	0.259259	-1.35769	0.0967742	3.85715	0.933181	0.373272	1	0	0	0	0	0	0	0	0	
0.862	0.259259	-1.35769	0.0967742	3.85715	0.933181	0.373272	1	0	0	0	0	0	0	0	0	
0.863	0.259259	-1.35769	0.0967742	3.85715	0.933181	0.373272	1	0	0	0	0	0	0	0	0	
0.864	0.259259	-1.35769	0.0967742	3.85715	0.933181	0.373272	1	0	0	0	0	0	0	0	0	
0.865	0.259259	-1.35769	0.0967742	3.85715	0.933181	0.373272	1	0	0	0	0	0	0	0	0	
0.866	0.259259	-1.35769	0.0967742	3.85715	0.933181	0.373272	1	0	0	0	0	0	0	0	0	
0.867	0.259259	-1.35769	0.0967742	3.85715	0.933181	0.373272	1	0	0	0	0	0	0	0	0	
0.868	0.259259	-1.35769	0.0967742	3.85715	0.933181	0.373272	1	0	0	0	0	0	0	0	0	
0.869	0.259259	-1.35769	0.0967742	3.85715	0.933181	0.373272	1	0	0	0	0	0	0	0	0	
0.87	0.259259	-1.35769	0.0967742	3.85715	0.933181	0.373272	1	0	0	0	0	0	0	0	0	
0.871	0.259259	-1.35769	0.0967742	3.85715	0.933181	0.373272	1	0	0	0	0	0	0	0	0	
0.872	0.259259	-1.35769	0.0967742	3.85715	0.933181	0.373272	1	0	0	0	0	0	0	0	0	
0.873	0.259259	-1.35769	0.0967742	3.85715	0.933181	0.373272	1	0	0	0	0	0	0	0	0	
0.874	0.259259	-1.35769	0.0967742	3.85715	0.933181	0.373272	1	0	0	0	0	0	0	0	0	
0.875	0.259259	-1.35769	0.0967742	3.85715	0.933181	0.373272	1	0	0	0	0	0	0	0	0	
0.876	0.259259	-1.35769	0.0967742	3.85715	0.933181	0.373272	1	0	0	0	0	0	0	0	0	
0.877	0.259259	-1.35769	0.0967742	3.85715	0.933181	0.373272	1	0	0	0	0	0	0	0	0	
0.878	0.259259	-1.35769	0.0967742	3.85715	0.933181	0.373272	1	0	0	0	0	0	0	0	0	
0.879	0.259259	-1.35769	0.0967742	3.85715	0.933181	0.373272	1	0	0	0	0	0	0	0	0	
0.88	0.259259	-1.35769	0.0967742	3.85715	0.933181	0.373272	1	0	0	0	0	0	0	0	0	
0.881	0.259259	-1.35769	0.0967742	3.85715	0.933181	0.373272	1	0	0	0	0	0	0	0	0	
0.882	0.259259	-1.35769	0.0967742	3.85715	0.933181	0.373272	1	0	0	0	0	0	0	0	0	
0.883	0.259259	-1.35769	0.0967742	3.85715	0.933181	0.373272	1	0	0	0	0	0	0	0	0	
0.884	0.259259	-1.35769	0.0967742	3.85715	0.933181	0.373272	1	0	0	0	0	0	0	0	0	
0.885	0.259259	-1.35769	0.0967742	3.85715	0.933181	0.373272	1	0	0	0	0	0	0	0	0	
0.886	0.259259	-1.35769	0.0967742	3.85715	0.933181	0.373272	1	0	0	0	0	0	0	0	0	
0.887	0.259259	-1.35769	0.0967742	3.85715	0.933181	0.373272	1	0	0	0	0	0	0	0	0	
0.888	0.259259	-1.35769	0.0967742	3.85715	0.933181	0.373272	1	0	0	0	0	0	0	0	0	
0.889	0.259259	-1.35769	0.0967742	3.85715	0.933181	0.373272	1	0	0	0	0	0	0	0	0	
0.89	0.259259	-1.35769	0.0967742	3.85715	0.933181	0.373272	1	0	0	0	0	0	0	0	0	
0.891	0.259259	-1.35769	0.0967742	3.85715	0.933181	0.373272	1	0	0	0	0	0	0	0	0	
0.892	0.259259	-1.35769	0.0967742	3.85715	0.933181	0.373272	1	0	0	0	0	0	0	0	0	
0.893	0.259259	-1.35769	0.0967742	3.85715	0.933181	0.373272	1	0	0	0	0	0	0	0	0	
0.894	0.259259	-1.35769	0.0967742	3.85715	0.933181	0.373272	1	0	0	0	0	0	0	0	0	
0.895	0.259259	-1.35769	0.0967742	3.85715	0.933181	0.373272	1	0	0	0	0	0	0	0	0	
0.896	0.259259	-1.35769	0.0967742	3.85715	0.933181	0.373272	1	0	0	0	0	0	0	0	0	
0.897	0.259259	-1.35769	0.0967742	3.85715	0.933181	0.373272	1	0	0	0	0	0	0	0	0	
0.898	0.259259	-1.35769	0.0967742	3.85715	0.933181	0.373272	1	0	0	0	0	0	0	0	0	
0.899	0.259259	-1.35769	0.0967742	3.85715	0.933181	0.373272	1	0	0	0	0	0	0	0	0	
0.9	0.259259	-1.35769	0.0967742	3.85715	0.933181	0.373272	1	0	0	0	0	0	0	0	0	
0.901	0.259259	-1.35769	0.0967742	3.85715	0.933181	0.373272	1	0	0	0	0	0	0	0	0	
0.902	0.259259	-1.35769	0.0967742	3.85715	0.933181	0.373272	1	0	0	0	0	0	0	0	0	
0.903	0.259259	-1.35769	0.0967742	3.85715	0.933181	0.373272	1	0	0	0	0	0	0	0	0	
0.904	0.259259	-1.35769	0.0967742	3.85715	0.933181	0.373272	1	0	0	0	0	0	0	0	0	
0.905	0.259259	-1.35769	0.0967742	3.85715	0.933181	0.373272	1	0	0	0	0	0	0	0	0	
0.906	0.259259	-1.35769	0.0967742	3.85715	0.933181	0.373272	1	0	0	0	0	0	0	0	0	
0.907	0.259259	-1.35769	0.0967742	3.85715	0.933181	0.373272	1	0	0	0	0	0	0	0	0	
0.908	0.259259	-1.35769	0.0967742	3.85715	0.933181	0.373272	1	0	0	0	0	0	0	0	0	
0.909	0.259259	-1.35769	0.0967742	3.85715	0.933181	0.373272	1	0	0	0	0	0	0	0	0	
0.91	0.259259	-1.35769	0.0967742	3.85715	0.933181	0.373272	1	0	0	0	0	0	0	0	0	
0.911	0.259259	-1.35769	0.0967742	3.85715	0.933181	0.373272	1	0	0	0	0	0	0	0	0	
0.912	0.259259	-1.35769	0.0967742	3.85715	0.933181	0.373272	1	0	0	0	0	0	0	0	0	
0.913	0.259259	-1.35769	0.0967742	3.85715	0.933181	0.373272	1	0	0	0	0	0	0	0	0	
0.914	0.259259	-1.35769	0.0967742	3.85715	0.933181	0.373272	1	0	0	0	0	0	0	0	0	
0.915	0.259259	-1.35769	0.0967742	3.85715	0.933181	0.373272	1	0	0	0	0	0	0	0	0	
0.916	0.259259	-1.35769	0.0967742	3.85715	0.933181	0.373272	1	0	0	0	0	0	0	0	0	
0.917	0.259259	-1.35769	0.0967742	3.85715	0.933181	0.373272	1	0	0	0	0	0	0	0	0	
0.918	0.259259	-1.35769	0.0967742	3.85715	0.933181	0.373272	1	0	0	0	0	0	0	0	0	
0.919	0.259259	-1.35769	0.0967742	3.85715	0.933181	0.373272	1	0	0	0	0	0	0	0	0	
0.92	0.259259	-1.35769	0.0967742	3.85715	0.933181	0.373272	1	0	0	0	0	0	0	0	0	
0.921	0.259259	-1.35769	0.0967742	3.85715	0.933181	0.373272	1	0	0	0	0	0	0	0	0	
0.922	0.259259	-1.35769	0.0967742	3.85715	0.933181	0.373272	1	0	0	0	0	0	0	0	0	
0.923	0.259259	-1.35769	0.0967742	3.85715	0.933181	0.373272	1	0	0	0	0	0	0	0	0	
0.924	0.259259	-1.35769	0.0967742	3.85715	0.933181	0.373272	1	0	0	0	0	0	0	0	0	
0.925	0.259259	-1.35769	0.0967742	3.85715	0.933181	0.373272	1	0	0	0	0	0	0	0	0	
0.926	0.259259	-1.35769	0.0967742	3.85715	0.933181	0.373272	1	0	0	0	0	0	0	0	0	
0.927	0.259259	-1.35769	0.0967742	3.85715	0.933181	0.373272	1	0	0	0	0	0	0	0	0	
0.928	0.259259	-1.35769	0.0967742	3.85715	0.933181	0.373272	1	0	0	0	0	0	0	0	0	
0.929	0.259259	-1.35769	0.0967742	3.85715	0.933181	0.373272	1	0	0	0	0	0	0	0	0	
0.93	0.259259	-1.35769	0.0967742	3.85715	0.933181	0.373272	1	0	0	0	0	0	0	0	0	
0.931	0.259259	-1.35769	0.0967742	3.85715	0.933181	0.373272	1	0	0	0	0	0	0	0	0	
0.932	0.259259	-1.35769	0.0967742	3.85715	0.933181	0.373272	1	0	0	0	0	0	0	0	0	
0.933	0.259259	-1.35769	0.0967742	3.85715	0.933181	0.373272	1	0	0	0	0	0	0	0	0	
0.934	0.259259	-1.35769	0.0967742	3.85715	0.933181	0.373272	1	0	0	0	0	0	0	0	0	
0.935	0.259259	-1.35769	0.0967742	3.85715	0.933181	0.373272	1	0	0	0	0	0	0	0	0	
0.936	0.259259	-1.35769	0.0967742	3.85715	0.933181	0.373272	1	0	0	0	0	0	0	0	0	
0.937	0.259259	-1.35769	0.0967742	3.85715	0.933181	0.373272	1	0	0	0	0	0	0	0	0	
0.938	0.259259	-1.35769	0.0967742	3.85715	0.933181	0.373272	1	0	0	0	0	0	0	0	0	
0.939	0.259259	-1.35769	0.0967742	3.85715	0.933181	0.373272	1	0	0	0	0	0	0	0	0	
0.94	0.259259	-1.35769	0.0967742	3.85715	0.933181	0.373272	1	0	0	0	0	0	0	0	0	
0.941	0.259259	-1.35769	0.0967742	3.85715	0.933181	0.373272	1	0	0	0	0	0	0	0	0	
0.942	0.259259	-1.35769	0.0967742	3.85715	0.933181	0.373272	1	0	0	0	0	0	0	0	0	
0.943	0.259259	-1.35769	0.0967742	3.85715	0.933181	0.373272	1	0	0	0	0	0	0	0	0	
0.944	0.259259	-1.35769	0.0967742	3.85715	0.933181	0.373272	1	0	0	0	0	0	0	0	0	
0.945	0.259259	-1.35769	0.0967742	3.85715	0.933181	0.373272	1	0	0	0	0	0	0	0	0	
0.946	0.259259	-1.35769	0.0967742	3.85715	0.933181	0.373272	1	0	0	0	0	0	0	0	0	
0.947	0.259259	-1.35769	0.0967742	3.85715	0.933181	0.373272	1	0	0	0	0	0	0	0	0	
0.948	0.259259	-1.35769	0.0967742	3.85715	0.933181	0.373272	1	0	0	0	0	0	0	0	0	
0.949	0.259259	-1.35769	0.0967742	3.85715	0.933181	0.373272	1	0	0	0	0	0	0	0	0	
0.95	0.259259	-1.35769	0.0967742	3.85715	0.933181	0.373272	1	0	0	0	0	0	0	0	0	
0.951	0.259259	-1.35769	0.0967742	3.85715	0.933181	0.373272	1	0	0	0	0	0	0	0	0	
0.952	0.259259	-1.35769	0.0967742	3.85715	0.933181	0.373272	1	0	0	0	0	0	0	0	0	
0.953	0.259259	-1.35769	0.0967742	3.85715	0.933181	0.373272	1	0	0	0	0	0	0	0	0	
0.954	0.259259	-1.35769	0.0967742	3.85715	0.933181	0.373272	1	0	0	0	0	0	0	0	0	
0.955	0.259259	-1.35769	0.0967742	3.85715	0.933181	0.373272	1	0	0	0	0	0	0	0	0	
0.956	0.259259	-1.35769	0.0967742	3.85715	0.933181	0.373272	1	0	0	0	0	0	0	0	0	
0.957	0.259259	-1.35769	0.0967742	3.85715	0.933181	0.373272	1	0	0	0	0	0	0	0	0	
0.958	0.259259	-1.35769	0.0967742	3.85715	0.933181	0.373272	1	0	0	0	0	0	0	0	0	
0.959	0.259259	-1.35769	0.0967742	3.85715	0.933181	0.373272	1	0	0	0	0	0	0	0	0	
0.96	0.259259	-1.35769	0.0967742	3.85715	0.933181	0.373272	1	0	0	0	0	0	0	0	0	
0.961	0.259259	-1.35769	0.0967742	3.85715	0.933181	0.373272	1	0	0	0	0	0	0	0	0	
0.962	0.259259	-1.35769	0.0967742	3.85715	0.933181	0.373272	1	0	0	0	0	0	0	0	0	
0.963	0.259259	-1.35769	0.0967742	3.85715	0.933181	0.373272	1	0	0	0	0	0	0	0	0	
0.964	0.259259	-1.35769	0.0967742	3.85715	0.933181	0.373272	1	0	0	0	0	0	0	0	0	
0.965	0.259259	-1.35769	0.0967742	3.85715	0.933181	0.373272	1	0	0	0	0	0	0	0	0	
0.966	0.259259	-1.35769	0.0967742	3.85715	0.933181	0.373272	1	0	0	0	0	0	0	0	0	
0.967	0.259259	-1.35769	0.0967742	3.85715	0.933181	0.373272	1	0	0	0	0	0	0	0	0	
0.968	0.259259	-1.35769	0.0967742	3.85715	0.933181	0.373272	1	0	0	0	0	0	0	0	0	
0.969	0.259259	-1.35769	0.0967742	3.85715	0.933181	0.373272	1	0	0	0	0	0	0	0	0	
0.97	0.259259	-1.35769	0.0967742	3.85715	0.933181	0.373272	1	0	0	0	0	0	0	0	0	
0.971	0.259259	-1.35769	0.0967742	3.85715	0.933181	0.373272	1	0	0	0	0	0	0	0	0	
0.972	0.259259	-1.35769	0.0967742	3.85715	0.933181	0.373272	1	0	0	0	0	0	0	0	0	
0.973	0.259259	-1.35769	0.0967742	3.85715	0.933181	0.373272	1	0	0	0	0	0	0	0	0	
0.974	0.259259	-1.35769	0.0967742	3.85715	0.933181	0.373272	1	0	0	0	0	0	0	0	0	
0.975	0.259259	-1.35769	0.0967742	3.85715	0.933181	0.373272	1	0	0	0	0	0	0	0	0	
0.976	0.259259	-1.35769	0.0967742	3.85715	0.933181	0.373272	1	0	0	0	0	0	0	0	0	
0.977	0.259259	-1.35769	0.0967742	3.85715	0.933181	0.373272	1	0	0	0	0	0	0	0	0	
0.978	0.259259	-1.35769	0.0967742	3.85715	0.933181	0.373272	1	0	0	0	0	0	0	0	0	
0.979	0.259259	-1.35769	0.0967742	3.85715	0.933181	0.373272	1	0	0	0	0	0	0	0	0	
0.98	0.259259	-1.35769	0.0967742	3.85715	0.933181	0.373272	1	0	0	0	0	0	0	0	0	
0.981	0.259259	-1.35769	0.0967742	3.85715	0.933181	0.373272	1	0	0	0	0	0	0	0	0	
0.982	0.259259	-1.35769	0.0967742	3.85715	0.933181	0.373272	1	0	0	0	0	0	0	0	0	
0.983	0.259259	-1.35769	0.0967742	3.85715	0.933181	0.373272	1	0	0	0	0	0	0	0	0	
0.984	0.259259	-1.35769	0.0967742	3.85715	0.933181	0.373272	1	0	0	0	0	0	0	0	0	
0.985	0.259259	-1.35769	0.0967742	3.85715	0.933181	0.373272	1	0	0	0	0	0	0	0	0	
0.986	0.259259	-1.35769	0.0967742	3.85715	0.933181	0.373272	1	0	0	0	0	0	0	0	0	
0.987	0.259259	-1.35769	0.0967742	3.85715	0.933181	0.373272	1	0	0	0	0	0	0	0	0	
0.988	0.259259	-1.35769	0.0967742	3.85715	0.933181	0.373272	1	0	0	0	0	0	0	0	0	
0.989	0.259259	-1.35769	0.0967742	3.85715	0.933181	0.373272	1	0	0	0	0	0	0	0	0	
0.99	0.259259	-1.35769	0.0967742	3.85715	0.933181	0.373272	1	0	0	0	0	0	0	0	0	
0.991	0.259259	-1.35769	0.0967742	3.85715	0.933181	0.373272	1	0	0	0	0	0	0	0	0	
0.992	0.259259	-1.35769	0.0967742	3.85715	0.933181	0.373272	1	0	0	0	0	0	0	0	0	
0.993	0.259259	-1.35769	0.0967742	3.85715	0.933181	0.373272	1	0	0	0	0	0	0	0	0	
0.994	0.259259	-1.35769	0.0967742	3.85715	0.933181	0.373272	1	0	0	0	0	0	0	0	0	
0.995	0.259259	-1.35769	0.0967742	3.85715	0.933181	0.373272	1	0	0	0	0	0	0	0	0	
0.996	0.259259	-1.35769	0.0967742	3.85715	0.933181	0.373272	1	0	0	0	0	0	0	0	0	
0.997	0.259259	-1.35769	0.0967742	3.85715	0.933181	0.373272	1	0	0	0	0	0	0	0	0	
0.998	0.259259	-1.35769	0.0967742	3.85715	0.933181	0.373272	1	0	0	0	0	0	0	0	0	
0.999	0.259259	-1.35769	0.0967742	3.85715	0.933181	0.373272	1	0	0	0	0	0	0	0	0	
1	0.259259	-1.35769	0.0967742	3.85715	0.933181	0.373272	1	0	0	0	0	0	0	0	0	
