|||||||||||||||||||||||||||||||||***SIMULATION: detonation***||||||||||||||||||||||||||||||||||
Sanpshot time = 1.39. Timestep = 3451. Run time = 6 seconds
No. of cells = 1000
#Position	 Density	 Velocity	 Pressure	 Specific_Volume I_Energy	 Temperature	 Species
-0.001	0.777815	0.000215339	2.02889	1.28565	6.52111	0	9.37908e-08	0	0	0	0	0	0	0	0	
0	0.777863	7.14739e-05	2.02888	1.28557	6.52068	0	9.64061e-08	0	0	0	0	0	0	0	0	
0.001	0.777863	-7.14739e-05	2.02888	1.28557	6.52068	2.60827	9.64061e-08	0	0	0	0	0	0	0	0	
0.002	0.777815	-0.000215339	2.02889	1.28565	6.52111	2.60844	9.37908e-08	0	0	0	0	0	0	0	0	
0.003	0.776733	-0.000358994	2.0289	1.28744	6.53024	2.61209	9.88838e-08	0	0	0	0	0	0	0	0	
0.004	0.777172	-0.000502248	2.02892	1.28672	6.52661	2.61064	9.77389e-08	0	0	0	0	0	0	0	0	
0.005	0.774735	-0.000645026	2.02894	1.29076	6.54722	2.61889	9.56037e-08	0	0	0	0	0	0	0	0	
0.006	0.773587	-0.000787148	2.02897	1.29268	6.55703	2.62281	8.95251e-08	0	0	0	0	0	0	0	0	
0.007	0.774293	-0.000928471	2.029	1.2915	6.55115	2.62046	9.26056e-08	0	0	0	0	0	0	0	0	
0.008	0.775887	-0.00106889	2.02904	1.28885	6.5378	2.61512	9.23955e-08	0	0	0	0	0	0	0	0	
0.009	0.777804	-0.0012083	2.02908	1.28567	6.52181	2.60872	9.17486e-08	0	0	0	0	0	0	0	0	
0.01	0.779723	-0.00134662	2.02911	1.28251	6.50589	2.60235	9.23181e-08	0	0	0	0	0	0	0	0	
0.011	0.781434	-0.00148379	2.02915	1.2797	6.49177	2.59671	9.56511e-08	0	0	0	0	0	0	0	0	
0.012	0.78287	-0.00161974	2.02919	1.27735	6.47998	2.59199	9.40739e-08	0	0	0	0	0	0	0	0	
0.013	0.783989	-0.00175446	2.02923	1.27553	6.47086	2.58834	9.40164e-08	0	0	0	0	0	0	0	0	
0.014	0.784781	-0.00188792	2.02927	1.27424	6.46445	2.58578	9.45398e-08	0	0	0	0	0	0	0	0	
0.015	0.785307	-0.00202013	2.0293	1.27339	6.46022	2.58409	9.61442e-08	0	0	0	0	0	0	0	0	
0.016	0.785636	-0.00215112	2.02933	1.27285	6.45761	2.58304	9.53827e-08	0	0	0	0	0	0	0	0	
0.017	0.785813	-0.00228094	2.02936	1.27257	6.45624	2.5825	9.49912e-08	0	0	0	0	0	0	0	0	
0.018	0.785878	-0.00240967	2.02938	1.27246	6.45578	2.58231	9.4526e-08	0	0	0	0	0	0	0	0	
0.019	0.785879	-0.00253739	2.0294	1.27246	6.45582	2.58233	9.272e-08	0	0	0	0	0	0	0	0	
0.02	0.785864	-0.00266421	2.02941	1.27248	6.45598	2.58239	9.1137e-08	0	0	0	0	0	0	0	0	
0.021	0.785867	-0.00279028	2.02941	1.27248	6.45597	2.58239	9.07078e-08	0	0	0	0	0	0	0	0	
0.022	0.78591	-0.00291573	2.02941	1.27241	6.45562	2.58225	9.15728e-08	0	0	0	0	0	0	0	0	
0.023	0.786002	-0.00304074	2.02941	1.27226	6.45484	2.58194	9.31173e-08	0	0	0	0	0	0	0	0	
0.024	0.786146	-0.00316547	2.02939	1.27203	6.45361	2.58144	9.42447e-08	0	0	0	0	0	0	0	0	
0.025	0.786339	-0.00329012	2.02937	1.27172	6.45197	2.58079	9.42216e-08	0	0	0	0	0	0	0	0	
0.026	0.786571	-0.00341488	2.02935	1.27134	6.44998	2.57999	9.35719e-08	0	0	0	0	0	0	0	0	
0.027	0.786832	-0.00353996	2.02932	1.27092	6.44775	2.5791	9.3367e-08	0	0	0	0	0	0	0	0	
0.028	0.787108	-0.00366557	2.02928	1.27047	6.44538	2.57815	9.33448e-08	0	0	0	0	0	0	0	0	
0.029	0.787389	-0.00379191	2.02925	1.27002	6.44296	2.57718	9.25814e-08	0	0	0	0	0	0	0	0	
0.03	0.787666	-0.00391919	2.0292	1.26957	6.44056	2.57622	9.18071e-08	0	0	0	0	0	0	0	0	
0.031	0.787938	-0.0040476	2.02916	1.26914	6.4382	2.57528	9.18733e-08	0	0	0	0	0	0	0	0	
0.032	0.788209	-0.00417736	2.02912	1.2687	6.43584	2.57434	9.21358e-08	0	0	0	0	0	0	0	0	
0.033	0.788488	-0.00430863	2.02907	1.26825	6.43342	2.57337	9.17248e-08	0	0	0	0	0	0	0	0	
0.034	0.788785	-0.00444158	2.02902	1.26777	6.43085	2.57234	9.05536e-08	0	0	0	0	0	0	0	0	
0.035	0.789108	-0.00457637	2.02898	1.26725	6.42807	2.57123	8.9503e-08	0	0	0	0	0	0	0	0	
0.036	0.789464	-0.00471313	2.02893	1.26668	6.42503	2.57001	8.92819e-08	0	0	0	0	0	0	0	0	
0.037	0.789854	-0.00485196	2.02889	1.26606	6.42172	2.56869	8.98317e-08	0	0	0	0	0	0	0	0	
0.038	0.790279	-0.00499295	2.02885	1.26538	6.41814	2.56726	9.08883e-08	0	0	0	0	0	0	0	0	
0.039	0.790738	-0.00513614	2.02882	1.26464	6.41431	2.56573	9.2078e-08	0	0	0	0	0	0	0	0	
0.04	0.791227	-0.00528155	2.02878	1.26386	6.41025	2.5641	9.30339e-08	0	0	0	0	0	0	0	0	
0.041	0.791745	-0.00542918	2.02876	1.26303	6.40597	2.56239	9.35606e-08	0	0	0	0	0	0	0	0	
0.042	0.79229	-0.00557898	2.02874	1.26216	6.40149	2.5606	9.37381e-08	0	0	0	0	0	0	0	0	
0.043	0.792856	-0.00573085	2.02872	1.26126	6.39687	2.55875	9.38117e-08	0	0	0	0	0	0	0	0	
0.044	0.793436	-0.00588467	2.02871	1.26034	6.39216	2.55686	9.39263e-08	0	0	0	0	0	0	0	0	
0.045	0.794022	-0.0060403	2.0287	1.25941	6.38743	2.55497	9.40564e-08	0	0	0	0	0	0	0	0	
0.046	0.794602	-0.00619754	2.0287	1.25849	6.38276	2.55311	9.42653e-08	0	0	0	0	0	0	0	0	
0.047	0.795166	-0.00635616	2.02871	1.2576	6.37825	2.5513	9.4805e-08	0	0	0	0	0	0	0	0	
0.048	0.795707	-0.0065159	2.02872	1.25674	6.37395	2.54958	9.57497e-08	0	0	0	0	0	0	0	0	
0.049	0.796221	-0.00667649	2.02873	1.25593	6.36987	2.54795	9.67624e-08	0	0	0	0	0	0	0	0	
0.05	0.796712	-0.00683763	2.02875	1.25516	6.366	2.5464	9.73656e-08	0	0	0	0	0	0	0	0	
0.051	0.797189	-0.00699898	2.02877	1.25441	6.36226	2.5449	9.72529e-08	0	0	0	0	0	0	0	0	
0.052	0.797663	-0.00716021	2.02879	1.25366	6.35854	2.54342	9.645e-08	0	0	0	0	0	0	0	0	
0.053	0.798147	-0.00732099	2.02881	1.2529	6.35476	2.5419	9.52674e-08	0	0	0	0	0	0	0	0	
0.054	0.798652	-0.00748096	2.02884	1.25211	6.35081	2.54032	9.41224e-08	0	0	0	0	0	0	0	0	
0.055	0.799184	-0.00763978	2.02886	1.25128	6.34665	2.53866	9.33749e-08	0	0	0	0	0	0	0	0	
0.056	0.799743	-0.00779715	2.02888	1.2504	6.34228	2.53691	9.31305e-08	0	0	0	0	0	0	0	0	
0.057	0.800325	-0.00795274	2.0289	1.24949	6.33773	2.53509	9.31944e-08	0	0	0	0	0	0	0	0	
0.058	0.80092	-0.00810627	2.02891	1.24856	6.33306	2.53322	9.32899e-08	0	0	0	0	0	0	0	0	
0.059	0.80152	-0.00825748	2.02892	1.24763	6.32835	2.53134	9.33259e-08	0	0	0	0	0	0	0	0	
0.06	0.802115	-0.00840616	2.02892	1.2467	6.32367	2.52947	9.34082e-08	0	0	0	0	0	0	0	0	
0.061	0.802698	-0.00855211	2.02892	1.2458	6.31907	2.52763	9.36566e-08	0	0	0	0	0	0	0	0	
0.062	0.803267	-0.0086952	2.02891	1.24492	6.31457	2.52583	9.41019e-08	0	0	0	0	0	0	0	0	
0.063	0.803821	-0.0088353	2.0289	1.24406	6.31017	2.52407	9.46817e-08	0	0	0	0	0	0	0	0	
0.064	0.804362	-0.00897237	2.02887	1.24322	6.30585	2.52234	9.52335e-08	0	0	0	0	0	0	0	0	
0.065	0.804896	-0.0091064	2.02884	1.2424	6.30157	2.52063	9.55538e-08	0	0	0	0	0	0	0	0	
0.066	0.805428	-0.00923739	2.0288	1.24158	6.29729	2.51891	9.55254e-08	0	0	0	0	0	0	0	0	
0.067	0.805964	-0.00936545	2.02876	1.24075	6.29295	2.51718	9.51754e-08	0	0	0	0	0	0	0	0	
0.068	0.80651	-0.00949066	2.0287	1.23991	6.28852	2.51541	9.4647e-08	0	0	0	0	0	0	0	0	
0.069	0.807067	-0.0096132	2.02864	1.23905	6.28397	2.51359	9.41603e-08	0	0	0	0	0	0	0	0	
0.07	0.807638	-0.00973326	2.02856	1.23818	6.27931	2.51172	9.39257e-08	0	0	0	0	0	0	0	0	
0.071	0.80822	-0.00985106	2.02848	1.23729	6.27454	2.50982	9.40027e-08	0	0	0	0	0	0	0	0	
0.072	0.808812	-0.00996686	2.0284	1.23638	6.26968	2.50787	9.42437e-08	0	0	0	0	0	0	0	0	
0.073	0.809409	-0.0100809	2.02831	1.23547	6.26478	2.50591	9.44168e-08	0	0	0	0	0	0	0	0	
0.074	0.810007	-0.0101936	2.02821	1.23456	6.25985	2.50394	9.44153e-08	0	0	0	0	0	0	0	0	
0.075	0.810604	-0.0103052	2.0281	1.23365	6.25492	2.50197	9.43429e-08	0	0	0	0	0	0	0	0	
0.076	0.811198	-0.0104161	2.028	1.23275	6.25001	2.5	9.43896e-08	0	0	0	0	0	0	0	0	
0.077	0.811789	-0.0105265	2.02789	1.23185	6.24512	2.49805	9.46404e-08	0	0	0	0	0	0	0	0	
0.078	0.812382	-0.0106369	2.02778	1.23095	6.24022	2.49609	9.50023e-08	0	0	0	0	0	0	0	0	
0.079	0.81298	-0.0107477	2.02766	1.23004	6.23528	2.49411	9.52881e-08	0	0	0	0	0	0	0	0	
0.08	0.813589	-0.010859	2.02755	1.22912	6.23025	2.4921	9.5361e-08	0	0	0	0	0	0	0	0	
0.081	0.814217	-0.0109714	2.02743	1.22817	6.2251	2.49004	9.52139e-08	0	0	0	0	0	0	0	0	
0.082	0.814868	-0.011085	2.02732	1.22719	6.21978	2.48791	9.49478e-08	0	0	0	0	0	0	0	0	
0.083	0.815546	-0.0112002	2.02721	1.22617	6.21427	2.48571	9.46989e-08	0	0	0	0	0	0	0	0	
0.084	0.816252	-0.0113173	2.0271	1.22511	6.20857	2.48343	9.45692e-08	0	0	0	0	0	0	0	0	
0.085	0.816982	-0.0114364	2.027	1.22402	6.2027	2.48108	9.45896e-08	0	0	0	0	0	0	0	0	
0.086	0.817732	-0.0115578	2.0269	1.22289	6.19671	2.47868	9.47334e-08	0	0	0	0	0	0	0	0	
0.087	0.818493	-0.0116816	2.0268	1.22176	6.19065	2.47626	9.49604e-08	0	0	0	0	0	0	0	0	
0.088	0.819259	-0.011808	2.02671	1.22062	6.18459	2.47384	9.5238e-08	0	0	0	0	0	0	0	0	
0.089	0.82002	-0.011937	2.02663	1.21948	6.17859	2.47143	9.55249e-08	0	0	0	0	0	0	0	0	
0.09	0.820771	-0.0120686	2.02655	1.21837	6.17269	2.46908	9.57549e-08	0	0	0	0	0	0	0	0	
0.091	0.821506	-0.0122029	2.02647	1.21728	6.16694	2.46678	9.5854e-08	0	0	0	0	0	0	0	0	
0.092	0.822219	-0.0123398	2.0264	1.21622	6.16138	2.46455	9.57765e-08	0	0	0	0	0	0	0	0	
0.093	0.822908	-0.0124791	2.02634	1.2152	6.15603	2.46241	9.553e-08	0	0	0	0	0	0	0	0	
0.094	0.823568	-0.0126208	2.02628	1.21423	6.15092	2.46037	9.51806e-08	0	0	0	0	0	0	0	0	
0.095	0.824195	-0.0127647	2.02622	1.21331	6.14607	2.45843	9.48384e-08	0	0	0	0	0	0	0	0	
0.096	0.824786	-0.0129105	2.02617	1.21244	6.14151	2.4566	9.46219e-08	0	0	0	0	0	0	0	0	
0.097	0.825339	-0.013058	2.02612	1.21162	6.13724	2.4549	9.46042e-08	0	0	0	0	0	0	0	0	
0.098	0.825852	-0.0132071	2.02608	1.21087	6.13329	2.45332	9.47633e-08	0	0	0	0	0	0	0	0	
0.099	0.826325	-0.0133573	2.02603	1.21018	6.12964	2.45186	9.49781e-08	0	0	0	0	0	0	0	0	
0.1	0.826756	-0.0135085	2.02599	1.20955	6.12631	2.45052	9.50966e-08	0	0	0	0	0	0	0	0	
0.101	0.827147	-0.0136604	2.02594	1.20897	6.12327	2.44931	9.50308e-08	0	0	0	0	0	0	0	0	
0.102	0.8275	-0.0138126	2.02589	1.20846	6.12053	2.44821	9.47978e-08	0	0	0	0	0	0	0	0	
0.103	0.827814	-0.0139651	2.02584	1.208	6.11805	2.44722	9.44784e-08	0	0	0	0	0	0	0	0	
0.104	0.828094	-0.0141175	2.02579	1.20759	6.11583	2.44633	9.41566e-08	0	0	0	0	0	0	0	0	
0.105	0.82834	-0.0142696	2.02574	1.20723	6.11384	2.44554	9.38944e-08	0	0	0	0	0	0	0	0	
0.106	0.828557	-0.0144212	2.02568	1.20692	6.11205	2.44482	9.37395e-08	0	0	0	0	0	0	0	0	
0.107	0.828748	-0.0145722	2.02561	1.20664	6.11045	2.44418	9.37295e-08	0	0	0	0	0	0	0	0	
0.108	0.828915	-0.0147225	2.02554	1.2064	6.109	2.4436	9.3885e-08	0	0	0	0	0	0	0	0	
0.109	0.829062	-0.014872	2.02546	1.20618	6.10768	2.44307	9.42033e-08	0	0	0	0	0	0	0	0	
0.11	0.829192	-0.0150206	2.02537	1.20599	6.10647	2.44259	9.46542e-08	0	0	0	0	0	0	0	0	
0.111	0.829307	-0.0151684	2.02528	1.20583	6.10534	2.44213	9.51737e-08	0	0	0	0	0	0	0	0	
0.112	0.829411	-0.0153152	2.02518	1.20567	6.10427	2.44171	9.56671e-08	0	0	0	0	0	0	0	0	
0.113	0.829505	-0.0154613	2.02507	1.20554	6.10326	2.4413	9.60337e-08	0	0	0	0	0	0	0	0	
0.114	0.829591	-0.0156066	2.02496	1.20541	6.10228	2.44091	9.62012e-08	0	0	0	0	0	0	0	0	
0.115	0.829669	-0.0157513	2.02484	1.2053	6.10134	2.44054	9.61455e-08	0	0	0	0	0	0	0	0	
0.116	0.82974	-0.0158954	2.02471	1.2052	6.10043	2.44017	9.58871e-08	0	0	0	0	0	0	0	0	
0.117	0.829804	-0.0160392	2.02457	1.2051	6.09956	2.43982	9.5475e-08	0	0	0	0	0	0	0	0	
0.118	0.829858	-0.0161828	2.02443	1.20503	6.09873	2.43949	9.49793e-08	0	0	0	0	0	0	0	0	
0.119	0.829902	-0.0163263	2.02429	1.20496	6.09796	2.43918	9.44911e-08	0	0	0	0	0	0	0	0	
0.12	0.829934	-0.0164699	2.02413	1.20492	6.09727	2.43891	9.41119e-08	0	0	0	0	0	0	0	0	
0.121	0.829951	-0.0166138	2.02398	1.20489	6.09668	2.43867	9.392e-08	0	0	0	0	0	0	0	0	
0.122	0.829951	-0.0167582	2.02382	1.20489	6.0962	2.43848	9.39308e-08	0	0	0	0	0	0	0	0	
0.123	0.829933	-0.0169033	2.02366	1.20492	6.09585	2.43834	9.40821e-08	0	0	0	0	0	0	0	0	
0.124	0.829895	-0.0170491	2.02349	1.20497	6.09563	2.43825	9.42623e-08	0	0	0	0	0	0	0	0	
0.125	0.829837	-0.017196	2.02333	1.20506	6.09556	2.43822	9.43687e-08	0	0	0	0	0	0	0	0	
0.126	0.829759	-0.0173439	2.02316	1.20517	6.09564	2.43825	9.4358e-08	0	0	0	0	0	0	0	0	
0.127	0.829663	-0.0174931	2.023	1.20531	6.09585	2.43834	9.42584e-08	0	0	0	0	0	0	0	0	
0.128	0.829549	-0.0176437	2.02284	1.20547	6.0962	2.43848	9.4139e-08	0	0	0	0	0	0	0	0	
0.129	0.829419	-0.0177957	2.02268	1.20566	6.09667	2.43867	9.40608e-08	0	0	0	0	0	0	0	0	
0.13	0.829276	-0.0179493	2.02252	1.20587	6.09725	2.4389	9.40416e-08	0	0	0	0	0	0	0	0	
0.131	0.82912	-0.0181045	2.02237	1.2061	6.09792	2.43917	9.40529e-08	0	0	0	0	0	0	0	0	
0.132	0.828955	-0.0182613	2.02222	1.20634	6.09869	2.43947	9.40453e-08	0	0	0	0	0	0	0	0	
0.133	0.828782	-0.0184198	2.02207	1.20659	6.09952	2.43981	9.39803e-08	0	0	0	0	0	0	0	0	
0.134	0.828604	-0.0185798	2.02193	1.20685	6.10041	2.44016	9.38491e-08	0	0	0	0	0	0	0	0	
0.135	0.828421	-0.0187415	2.02179	1.20712	6.10134	2.44054	9.36692e-08	0	0	0	0	0	0	0	0	
0.136	0.828236	-0.0189046	2.02166	1.20738	6.1023	2.44092	9.34646e-08	0	0	0	0	0	0	0	0	
0.137	0.828051	-0.0190692	2.02153	1.20766	6.10329	2.44132	9.32473e-08	0	0	0	0	0	0	0	0	
0.138	0.827867	-0.0192351	2.02141	1.20792	6.10428	2.44171	9.30132e-08	0	0	0	0	0	0	0	0	
0.139	0.827686	-0.0194021	2.02129	1.20819	6.10526	2.4421	9.27531e-08	0	0	0	0	0	0	0	0	
0.14	0.82751	-0.0195701	2.02118	1.20845	6.10622	2.44249	9.24678e-08	0	0	0	0	0	0	0	0	
0.141	0.827341	-0.019739	2.02107	1.20869	6.10713	2.44285	9.2176e-08	0	0	0	0	0	0	0	0	
0.142	0.827183	-0.0199085	2.02097	1.20892	6.10798	2.44319	9.19108e-08	0	0	0	0	0	0	0	0	
0.143	0.827036	-0.0200784	2.02086	1.20914	6.10875	2.4435	9.17053e-08	0	0	0	0	0	0	0	0	
0.144	0.826901	-0.0202486	2.02076	1.20933	6.10944	2.44378	9.1578e-08	0	0	0	0	0	0	0	0	
0.145	0.826779	-0.0204188	2.02066	1.20951	6.11005	2.44402	9.15267e-08	0	0	0	0	0	0	0	0	
0.146	0.826668	-0.0205889	2.02056	1.20968	6.11057	2.44423	9.15329e-08	0	0	0	0	0	0	0	0	
0.147	0.826566	-0.0207586	2.02047	1.20982	6.11102	2.44441	9.15732e-08	0	0	0	0	0	0	0	0	
0.148	0.82647	-0.0209278	2.02037	1.20996	6.11143	2.44457	9.163e-08	0	0	0	0	0	0	0	0	
0.149	0.826377	-0.0210962	2.02027	1.2101	6.11182	2.44473	9.16941e-08	0	0	0	0	0	0	0	0	
0.15	0.826283	-0.0212638	2.02016	1.21024	6.1122	2.44488	9.17611e-08	0	0	0	0	0	0	0	0	
0.151	0.826185	-0.0214305	2.02006	1.21038	6.11261	2.44504	9.18248e-08	0	0	0	0	0	0	0	0	
0.152	0.826081	-0.021596	2.01995	1.21054	6.11306	2.44522	9.18745e-08	0	0	0	0	0	0	0	0	
0.153	0.825968	-0.0217604	2.01984	1.2107	6.11356	2.44542	9.1897e-08	0	0	0	0	0	0	0	0	
0.154	0.825846	-0.0219236	2.01973	1.21088	6.11411	2.44564	9.1882e-08	0	0	0	0	0	0	0	0	
0.155	0.825714	-0.0220855	2.01961	1.21107	6.11473	2.44589	9.18265e-08	0	0	0	0	0	0	0	0	
0.156	0.825573	-0.0222462	2.01948	1.21128	6.11539	2.44616	9.17376e-08	0	0	0	0	0	0	0	0	
0.157	0.825424	-0.0224057	2.01935	1.2115	6.11611	2.44644	9.16304e-08	0	0	0	0	0	0	0	0	
0.158	0.825268	-0.022564	2.01922	1.21173	6.11686	2.44674	9.15227e-08	0	0	0	0	0	0	0	0	
0.159	0.825107	-0.0227212	2.01908	1.21196	6.11763	2.44705	9.14284e-08	0	0	0	0	0	0	0	0	
0.16	0.824942	-0.0228774	2.01894	1.21221	6.11842	2.44737	9.13539e-08	0	0	0	0	0	0	0	0	
0.161	0.824775	-0.0230328	2.01879	1.21245	6.11921	2.44768	9.13027e-08	0	0	0	0	0	0	0	0	
0.162	0.824607	-0.0231875	2.01864	1.2127	6.12	2.448	9.12862e-08	0	0	0	0	0	0	0	0	
0.163	0.824439	-0.0233415	2.01848	1.21295	6.12076	2.44831	9.13336e-08	0	0	0	0	0	0	0	0	
0.164	0.824273	-0.0234952	2.01832	1.21319	6.12151	2.4486	9.14912e-08	0	0	0	0	0	0	0	0	
0.165	0.824109	-0.0236486	2.01815	1.21343	6.12223	2.44889	9.18079e-08	0	0	0	0	0	0	0	0	
0.166	0.823948	-0.0238021	2.01799	1.21367	6.12291	2.44917	9.2313e-08	0	0	0	0	0	0	0	0	
0.167	0.823791	-0.0239556	2.01782	1.2139	6.12356	2.44943	9.29965e-08	0	0	0	0	0	0	0	0	
0.168	0.823639	-0.0241096	2.01764	1.21412	6.12417	2.44967	9.38047e-08	0	0	0	0	0	0	0	0	
0.169	0.823492	-0.024264	2.01747	1.21434	6.12473	2.44989	9.46501e-08	0	0	0	0	0	0	0	0	
0.17	0.823351	-0.0244193	2.01729	1.21455	6.12524	2.4501	9.54332e-08	0	0	0	0	0	0	0	0	
0.171	0.823216	-0.0245754	2.01711	1.21475	6.1257	2.45028	9.60643e-08	0	0	0	0	0	0	0	0	
0.172	0.82309	-0.0247328	2.01693	1.21493	6.1261	2.45044	9.64767e-08	0	0	0	0	0	0	0	0	
0.173	0.82297	-0.0248914	2.01675	1.21511	6.12644	2.45058	9.66303e-08	0	0	0	0	0	0	0	0	
0.174	0.822859	-0.0250515	2.01657	1.21528	6.12672	2.45069	9.65079e-08	0	0	0	0	0	0	0	0	
0.175	0.822755	-0.0252131	2.01639	1.21543	6.12695	2.45078	9.61088e-08	0	0	0	0	0	0	0	0	
0.176	0.822658	-0.0253766	2.01621	1.21557	6.12713	2.45085	9.54469e-08	0	0	0	0	0	0	0	0	
0.177	0.822567	-0.0255419	2.01603	1.21571	6.12726	2.4509	9.45513e-08	0	0	0	0	0	0	0	0	
0.178	0.822481	-0.0257091	2.01586	1.21583	6.12736	2.45094	9.34692e-08	0	0	0	0	0	0	0	0	
0.179	0.822399	-0.0258783	2.01568	1.21595	6.12743	2.45097	9.22669e-08	0	0	0	0	0	0	0	0	
0.18	0.822319	-0.0260496	2.0155	1.21607	6.12749	2.451	9.10262e-08	0	0	0	0	0	0	0	0	
0.181	0.822241	-0.0262229	2.01533	1.21619	6.12754	2.45102	8.98364e-08	0	0	0	0	0	0	0	0	
0.182	0.822162	-0.0263983	2.01515	1.2163	6.1276	2.45104	8.87819e-08	0	0	0	0	0	0	0	0	
0.183	0.822083	-0.0265756	2.01498	1.21642	6.12766	2.45106	8.79301e-08	0	0	0	0	0	0	0	0	
0.184	0.822003	-0.0267549	2.0148	1.21654	6.12773	2.45109	8.73208e-08	0	0	0	0	0	0	0	0	
0.185	0.82192	-0.0269361	2.01463	1.21666	6.12781	2.45113	8.6961e-08	0	0	0	0	0	0	0	0	
0.186	0.821836	-0.0271191	2.01446	1.21679	6.12791	2.45117	8.68264e-08	0	0	0	0	0	0	0	0	
0.187	0.821751	-0.0273038	2.01428	1.21691	6.12803	2.45121	8.68682e-08	0	0	0	0	0	0	0	0	
0.188	0.821663	-0.02749	2.01411	1.21704	6.12815	2.45126	8.70256e-08	0	0	0	0	0	0	0	0	
0.189	0.821574	-0.0276776	2.01393	1.21718	6.12828	2.45131	8.72389e-08	0	0	0	0	0	0	0	0	
0.19	0.821484	-0.0278665	2.01376	1.21731	6.12841	2.45136	8.74605e-08	0	0	0	0	0	0	0	0	
0.191	0.821394	-0.0280565	2.01358	1.21744	6.12855	2.45142	8.76615e-08	0	0	0	0	0	0	0	0	
0.192	0.821302	-0.0282476	2.0134	1.21758	6.12868	2.45147	8.78316e-08	0	0	0	0	0	0	0	0	
0.193	0.82121	-0.0284395	2.01322	1.21772	6.12882	2.45153	8.79738e-08	0	0	0	0	0	0	0	0	
0.194	0.821118	-0.0286321	2.01303	1.21785	6.12894	2.45158	8.80952e-08	0	0	0	0	0	0	0	0	
0.195	0.821025	-0.0288253	2.01285	1.21799	6.12906	2.45163	8.81993e-08	0	0	0	0	0	0	0	0	
0.196	0.820932	-0.0290191	2.01265	1.21813	6.12918	2.45167	8.82811e-08	0	0	0	0	0	0	0	0	
0.197	0.820839	-0.0292132	2.01246	1.21827	6.12928	2.45171	8.83278e-08	0	0	0	0	0	0	0	0	
0.198	0.820746	-0.0294076	2.01226	1.2184	6.12937	2.45175	8.83246e-08	0	0	0	0	0	0	0	0	
0.199	0.820653	-0.0296023	2.01206	1.21854	6.12944	2.45178	8.82617e-08	0	0	0	0	0	0	0	0	
0.2	0.820561	-0.0297972	2.01185	1.21868	6.12951	2.4518	8.81397e-08	0	0	0	0	0	0	0	0	
0.201	0.820469	-0.0299923	2.01164	1.21882	6.12955	2.45182	8.79711e-08	0	0	0	0	0	0	0	0	
0.202	0.820378	-0.0301874	2.01143	1.21895	6.12958	2.45183	8.77769e-08	0	0	0	0	0	0	0	0	
0.203	0.820287	-0.0303827	2.01121	1.21909	6.12959	2.45184	8.758e-08	0	0	0	0	0	0	0	0	
0.204	0.820197	-0.0305781	2.01099	1.21922	6.12959	2.45183	8.73988e-08	0	0	0	0	0	0	0	0	
0.205	0.820109	-0.0307736	2.01076	1.21935	6.12956	2.45182	8.72428e-08	0	0	0	0	0	0	0	0	
0.206	0.820021	-0.0309693	2.01053	1.21948	6.12951	2.4518	8.71127e-08	0	0	0	0	0	0	0	0	
0.207	0.819934	-0.0311652	2.0103	1.21961	6.12945	2.45178	8.70028e-08	0	0	0	0	0	0	0	0	
0.208	0.819849	-0.0313613	2.01006	1.21974	6.12936	2.45175	8.69056e-08	0	0	0	0	0	0	0	0	
0.209	0.819764	-0.0315577	2.00982	1.21986	6.12927	2.45171	8.68153e-08	0	0	0	0	0	0	0	0	
0.21	0.819679	-0.0317545	2.00958	1.21999	6.12915	2.45166	8.67297e-08	0	0	0	0	0	0	0	0	
0.211	0.819595	-0.0319516	2.00933	1.22011	6.12903	2.45161	8.665e-08	0	0	0	0	0	0	0	0	
0.212	0.819511	-0.0321493	2.00908	1.22024	6.1289	2.45156	8.65801e-08	0	0	0	0	0	0	0	0	
0.213	0.819427	-0.0323475	2.00883	1.22037	6.12876	2.4515	8.65251e-08	0	0	0	0	0	0	0	0	
0.214	0.819342	-0.0325463	2.00857	1.22049	6.12862	2.45145	8.64901e-08	0	0	0	0	0	0	0	0	
0.215	0.819257	-0.0327457	2.00832	1.22062	6.12847	2.45139	8.64798e-08	0	0	0	0	0	0	0	0	
0.216	0.819171	-0.032946	2.00806	1.22075	6.12833	2.45133	8.64966e-08	0	0	0	0	0	0	0	0	
0.217	0.819084	-0.033147	2.0078	1.22088	6.12819	2.45128	8.65407e-08	0	0	0	0	0	0	0	0	
0.218	0.818996	-0.0333489	2.00754	1.22101	6.12806	2.45122	8.6608e-08	0	0	0	0	0	0	0	0	
0.219	0.818905	-0.0335518	2.00728	1.22114	6.12793	2.45117	8.66903e-08	0	0	0	0	0	0	0	0	
0.22	0.818813	-0.0337557	2.00702	1.22128	6.12783	2.45113	8.67754e-08	0	0	0	0	0	0	0	0	
0.221	0.818718	-0.0339607	2.00675	1.22142	6.12773	2.45109	8.68486e-08	0	0	0	0	0	0	0	0	
0.222	0.81862	-0.0341669	2.00649	1.22157	6.12766	2.45106	8.68946e-08	0	0	0	0	0	0	0	0	
0.223	0.818519	-0.0343742	2.00623	1.22172	6.12762	2.45105	8.69e-08	0	0	0	0	0	0	0	0	
0.224	0.818413	-0.0345829	2.00596	1.22188	6.1276	2.45104	8.68556e-08	0	0	0	0	0	0	0	0	
0.225	0.818304	-0.0347929	2.0057	1.22204	6.12761	2.45104	8.67584e-08	0	0	0	0	0	0	0	0	
0.226	0.818191	-0.0350043	2.00543	1.22221	6.12765	2.45106	8.6612e-08	0	0	0	0	0	0	0	0	
0.227	0.818075	-0.0352173	2.00517	1.22238	6.12771	2.45108	8.64265e-08	0	0	0	0	0	0	0	0	
0.228	0.817956	-0.0354317	2.0049	1.22256	6.12779	2.45112	8.62178e-08	0	0	0	0	0	0	0	0	
0.229	0.817837	-0.0356477	2.00464	1.22274	6.12787	2.45115	8.6005e-08	0	0	0	0	0	0	0	0	
0.23	0.817719	-0.0358654	2.00437	1.22291	6.12795	2.45118	8.58079e-08	0	0	0	0	0	0	0	0	
0.231	0.817604	-0.0360848	2.00411	1.22309	6.12799	2.4512	8.56444e-08	0	0	0	0	0	0	0	0	
0.232	0.817496	-0.036306	2.00384	1.22325	6.12799	2.4512	8.55282e-08	0	0	0	0	0	0	0	0	
0.233	0.817397	-0.0365289	2.00358	1.2234	6.12792	2.45117	8.54674e-08	0	0	0	0	0	0	0	0	
0.234	0.817309	-0.0367537	2.00331	1.22353	6.12776	2.45111	8.54635e-08	0	0	0	0	0	0	0	0	
0.235	0.817233	-0.0369804	2.00304	1.22364	6.12751	2.451	8.55124e-08	0	0	0	0	0	0	0	0	
0.236	0.817172	-0.0372089	2.00277	1.22373	6.12714	2.45086	8.56049e-08	0	0	0	0	0	0	0	0	
0.237	0.817126	-0.0374393	2.0025	1.2238	6.12667	2.45067	8.5729e-08	0	0	0	0	0	0	0	0	
0.238	0.817093	-0.0376717	2.00223	1.22385	6.12608	2.45043	8.58712e-08	0	0	0	0	0	0	0	0	
0.239	0.817072	-0.037906	2.00196	1.22388	6.1254	2.45016	8.60187e-08	0	0	0	0	0	0	0	0	
0.24	0.817061	-0.0381421	2.00168	1.2239	6.12465	2.44986	8.61607e-08	0	0	0	0	0	0	0	0	
0.241	0.817056	-0.0383802	2.00141	1.22391	6.12383	2.44953	8.62892e-08	0	0	0	0	0	0	0	0	
0.242	0.817055	-0.0386201	2.00113	1.22391	6.12299	2.44919	8.63992e-08	0	0	0	0	0	0	0	0	
0.243	0.817054	-0.0388618	2.00085	1.22391	6.12213	2.44885	8.64887e-08	0	0	0	0	0	0	0	0	
0.244	0.817049	-0.0391053	2.00056	1.22392	6.1213	2.44852	8.65579e-08	0	0	0	0	0	0	0	0	
0.245	0.817038	-0.0393505	2.00027	1.22393	6.1205	2.4482	8.66086e-08	0	0	0	0	0	0	0	0	
0.246	0.817017	-0.0395973	1.99998	1.22397	6.11977	2.44791	8.66436e-08	0	0	0	0	0	0	0	0	
0.247	0.816984	-0.0398456	1.99969	1.22401	6.11911	2.44764	8.66659e-08	0	0	0	0	0	0	0	0	
0.248	0.816939	-0.0400955	1.99939	1.22408	6.11853	2.44741	8.66781e-08	0	0	0	0	0	0	0	0	
0.249	0.816881	-0.0403467	1.99908	1.22417	6.11804	2.44722	8.66823e-08	0	0	0	0	0	0	0	0	
0.25	0.816808	-0.0405993	1.99877	1.22428	6.11764	2.44705	8.66799e-08	0	0	0	0	0	0	0	0	
0.251	0.816722	-0.0408531	1.99846	1.22441	6.11732	2.44693	8.66714e-08	0	0	0	0	0	0	0	0	
0.252	0.816624	-0.0411082	1.99814	1.22455	6.11708	2.44683	8.66564e-08	0	0	0	0	0	0	0	0	
0.253	0.816514	-0.0413644	1.99782	1.22472	6.11692	2.44677	8.66344e-08	0	0	0	0	0	0	0	0	
0.254	0.816394	-0.0416218	1.99749	1.2249	6.11681	2.44673	8.66047e-08	0	0	0	0	0	0	0	0	
0.255	0.816265	-0.0418803	1.99716	1.22509	6.11676	2.4467	8.6567e-08	0	0	0	0	0	0	0	0	
0.256	0.816129	-0.0421399	1.99682	1.2253	6.11674	2.4467	8.65217e-08	0	0	0	0	0	0	0	0	
0.257	0.815987	-0.0424007	1.99647	1.22551	6.11675	2.4467	8.64697e-08	0	0	0	0	0	0	0	0	
0.258	0.81584	-0.0426628	1.99612	1.22573	6.11677	2.44671	8.64128e-08	0	0	0	0	0	0	0	0	
0.259	0.81569	-0.0429263	1.99577	1.22596	6.1168	2.44672	8.63524e-08	0	0	0	0	0	0	0	0	
0.26	0.815539	-0.0431912	1.99541	1.22618	6.11683	2.44673	8.62895e-08	0	0	0	0	0	0	0	0	
0.261	0.815388	-0.0434578	1.99504	1.22641	6.11684	2.44674	8.6224e-08	0	0	0	0	0	0	0	0	
0.262	0.815238	-0.0437263	1.99467	1.22664	6.11683	2.44673	8.61543e-08	0	0	0	0	0	0	0	0	
0.263	0.81509	-0.0439969	1.99429	1.22686	6.11678	2.44671	8.60777e-08	0	0	0	0	0	0	0	0	
0.264	0.814945	-0.0442697	1.99391	1.22708	6.1167	2.44668	8.5991e-08	0	0	0	0	0	0	0	0	
0.265	0.814805	-0.0445452	1.99352	1.22729	6.11657	2.44663	8.58914e-08	0	0	0	0	0	0	0	0	
0.266	0.814669	-0.0448236	1.99313	1.22749	6.11639	2.44656	8.57779e-08	0	0	0	0	0	0	0	0	
0.267	0.81454	-0.0451051	1.99274	1.22769	6.11615	2.44646	8.5652e-08	0	0	0	0	0	0	0	0	
0.268	0.814415	-0.0453901	1.99234	1.22787	6.11586	2.44634	8.55185e-08	0	0	0	0	0	0	0	0	
0.269	0.814297	-0.0456789	1.99194	1.22805	6.11552	2.44621	8.53858e-08	0	0	0	0	0	0	0	0	
0.27	0.814184	-0.0459717	1.99153	1.22822	6.11512	2.44605	8.52649e-08	0	0	0	0	0	0	0	0	
0.271	0.814076	-0.0462688	1.99112	1.22839	6.11467	2.44587	8.51684e-08	0	0	0	0	0	0	0	0	
0.272	0.813972	-0.0465705	1.99071	1.22854	6.11419	2.44567	8.5109e-08	0	0	0	0	0	0	0	0	
0.273	0.81387	-0.046877	1.99029	1.2287	6.11367	2.44547	8.50978e-08	0	0	0	0	0	0	0	0	
0.274	0.813771	-0.0471884	1.98987	1.22885	6.11312	2.44525	8.51426e-08	0	0	0	0	0	0	0	0	
0.275	0.813672	-0.047505	1.98945	1.229	6.11256	2.44502	8.52471e-08	0	0	0	0	0	0	0	0	
0.276	0.813572	-0.0478269	1.98902	1.22915	6.11198	2.44479	8.54101e-08	0	0	0	0	0	0	0	0	
0.277	0.81347	-0.0481541	1.98858	1.2293	6.11141	2.44456	8.56255e-08	0	0	0	0	0	0	0	0	
0.278	0.813365	-0.0484867	1.98814	1.22946	6.11085	2.44434	8.5883e-08	0	0	0	0	0	0	0	0	
0.279	0.813257	-0.0488247	1.98769	1.22962	6.11029	2.44412	8.61691e-08	0	0	0	0	0	0	0	0	
0.28	0.813143	-0.0491682	1.98724	1.2298	6.10975	2.4439	8.64684e-08	0	0	0	0	0	0	0	0	
0.281	0.813024	-0.0495169	1.98678	1.22998	6.10924	2.44369	8.67651e-08	0	0	0	0	0	0	0	0	
0.282	0.812899	-0.049871	1.98632	1.23016	6.10874	2.4435	8.70438e-08	0	0	0	0	0	0	0	0	
0.283	0.812768	-0.0502302	1.98584	1.23036	6.10827	2.44331	8.72908e-08	0	0	0	0	0	0	0	0	
0.284	0.812631	-0.0505944	1.98536	1.23057	6.10781	2.44313	8.7495e-08	0	0	0	0	0	0	0	0	
0.285	0.812486	-0.0509636	1.98487	1.23079	6.10738	2.44295	8.76476e-08	0	0	0	0	0	0	0	0	
0.286	0.812335	-0.0513375	1.98436	1.23102	6.10697	2.44279	8.77432e-08	0	0	0	0	0	0	0	0	
0.287	0.812178	-0.051716	1.98385	1.23126	6.10658	2.44263	8.77788e-08	0	0	0	0	0	0	0	0	
0.288	0.812014	-0.052099	1.98333	1.23151	6.1062	2.44248	8.77546e-08	0	0	0	0	0	0	0	0	
0.289	0.811843	-0.0524863	1.98279	1.23176	6.10584	2.44233	8.76727e-08	0	0	0	0	0	0	0	0	
0.29	0.811667	-0.0528777	1.98225	1.23203	6.10548	2.44219	8.75376e-08	0	0	0	0	0	0	0	0	
0.291	0.811485	-0.0532732	1.98169	1.23231	6.10512	2.44205	8.73552e-08	0	0	0	0	0	0	0	0	
0.292	0.811298	-0.0536726	1.98111	1.23259	6.10477	2.44191	8.71328e-08	0	0	0	0	0	0	0	0	
0.293	0.811107	-0.0540759	1.98053	1.23288	6.1044	2.44176	8.68784e-08	0	0	0	0	0	0	0	0	
0.294	0.810912	-0.0544829	1.97993	1.23318	6.10402	2.44161	8.66004e-08	0	0	0	0	0	0	0	0	
0.295	0.810714	-0.0548936	1.97932	1.23348	6.10362	2.44145	8.63069e-08	0	0	0	0	0	0	0	0	
0.296	0.810514	-0.0553081	1.97869	1.23378	6.10319	2.44128	8.60061e-08	0	0	0	0	0	0	0	0	
0.297	0.810314	-0.0557262	1.97805	1.23409	6.10273	2.44109	8.57056e-08	0	0	0	0	0	0	0	0	
0.298	0.810113	-0.0561481	1.9774	1.2344	6.10223	2.44089	8.54122e-08	0	0	0	0	0	0	0	0	
0.299	0.809912	-0.0565738	1.97673	1.2347	6.10168	2.44067	8.51323e-08	0	0	0	0	0	0	0	0	
0.3	0.809713	-0.0570033	1.97605	1.23501	6.10108	2.44043	8.48716e-08	0	0	0	0	0	0	0	0	
0.301	0.809515	-0.0574369	1.97536	1.23531	6.10043	2.44017	8.46353e-08	0	0	0	0	0	0	0	0	
0.302	0.809319	-0.0578746	1.97465	1.23561	6.09973	2.43989	8.44277e-08	0	0	0	0	0	0	0	0	
0.303	0.809125	-0.0583166	1.97393	1.2359	6.09897	2.43959	8.42528e-08	0	0	0	0	0	0	0	0	
0.304	0.808933	-0.058763	1.9732	1.2362	6.09817	2.43927	8.41135e-08	0	0	0	0	0	0	0	0	
0.305	0.808742	-0.059214	1.97246	1.23649	6.09732	2.43893	8.40121e-08	0	0	0	0	0	0	0	0	
0.306	0.808551	-0.0596699	1.97171	1.23678	6.09643	2.43857	8.39497e-08	0	0	0	0	0	0	0	0	
0.307	0.80836	-0.0601308	1.97095	1.23707	6.09552	2.43821	8.39267e-08	0	0	0	0	0	0	0	0	
0.308	0.808168	-0.0605968	1.97018	1.23737	6.09458	2.43783	8.39424e-08	0	0	0	0	0	0	0	0	
0.309	0.807975	-0.0610683	1.9694	1.23766	6.09363	2.43745	8.39949e-08	0	0	0	0	0	0	0	0	
0.31	0.807778	-0.0615452	1.96861	1.23796	6.09268	2.43707	8.40819e-08	0	0	0	0	0	0	0	0	
0.311	0.807578	-0.0620278	1.96782	1.23827	6.09174	2.43669	8.41999e-08	0	0	0	0	0	0	0	0	
0.312	0.807374	-0.0625161	1.96702	1.23858	6.0908	2.43632	8.43453e-08	0	0	0	0	0	0	0	0	
0.313	0.807165	-0.0630102	1.96622	1.2389	6.08989	2.43596	8.45139e-08	0	0	0	0	0	0	0	0	
0.314	0.806951	-0.0635099	1.96541	1.23923	6.08901	2.4356	8.47014e-08	0	0	0	0	0	0	0	0	
0.315	0.806732	-0.0640153	1.9646	1.23957	6.08816	2.43526	8.49033e-08	0	0	0	0	0	0	0	0	
0.316	0.806507	-0.0645262	1.96379	1.23992	6.08734	2.43494	8.51153e-08	0	0	0	0	0	0	0	0	
0.317	0.806276	-0.0650424	1.96298	1.24027	6.08656	2.43462	8.53329e-08	0	0	0	0	0	0	0	0	
0.318	0.80604	-0.0655635	1.96217	1.24063	6.08582	2.43433	8.55516e-08	0	0	0	0	0	0	0	0	
0.319	0.805798	-0.0660891	1.96135	1.24101	6.08513	2.43405	8.57668e-08	0	0	0	0	0	0	0	0	
0.32	0.805552	-0.0666189	1.96054	1.24139	6.08448	2.43379	8.59739e-08	0	0	0	0	0	0	0	0	
0.321	0.805301	-0.0671521	1.95974	1.24177	6.08386	2.43354	8.61676e-08	0	0	0	0	0	0	0	0	
0.322	0.805047	-0.0676883	1.95893	1.24216	6.08328	2.43331	8.63429e-08	0	0	0	0	0	0	0	0	
0.323	0.80479	-0.0682266	1.95813	1.24256	6.08274	2.4331	8.64944e-08	0	0	0	0	0	0	0	0	
0.324	0.804531	-0.0687663	1.95733	1.24296	6.08222	2.43289	8.66174e-08	0	0	0	0	0	0	0	0	
0.325	0.804271	-0.0693066	1.95654	1.24336	6.08173	2.43269	8.67072e-08	0	0	0	0	0	0	0	0	
0.326	0.804012	-0.0698464	1.95576	1.24376	6.08125	2.4325	8.67607e-08	0	0	0	0	0	0	0	0	
0.327	0.803755	-0.0703849	1.95498	1.24416	6.08077	2.43231	8.67761e-08	0	0	0	0	0	0	0	0	
0.328	0.803501	-0.0709211	1.95421	1.24455	6.08029	2.43212	8.67531e-08	0	0	0	0	0	0	0	0	
0.329	0.803252	-0.0714539	1.95345	1.24494	6.0798	2.43192	8.6694e-08	0	0	0	0	0	0	0	0	
0.33	0.80301	-0.0719824	1.95269	1.24531	6.07929	2.43171	8.66028e-08	0	0	0	0	0	0	0	0	
0.331	0.802776	-0.0725055	1.95194	1.24568	6.07874	2.4315	8.64855e-08	0	0	0	0	0	0	0	0	
0.332	0.80255	-0.0730221	1.95121	1.24603	6.07815	2.43126	8.63497e-08	0	0	0	0	0	0	0	0	
0.333	0.802335	-0.0735314	1.95048	1.24636	6.07752	2.43101	8.62039e-08	0	0	0	0	0	0	0	0	
0.334	0.80213	-0.0740324	1.94977	1.24668	6.07684	2.43074	8.60565e-08	0	0	0	0	0	0	0	0	
0.335	0.801936	-0.0745242	1.94906	1.24698	6.07611	2.43045	8.59158e-08	0	0	0	0	0	0	0	0	
0.336	0.801753	-0.0750059	1.94837	1.24727	6.07534	2.43013	8.57885e-08	0	0	0	0	0	0	0	0	
0.337	0.801581	-0.0754768	1.94769	1.24753	6.07451	2.42981	8.56793e-08	0	0	0	0	0	0	0	0	
0.338	0.801419	-0.0759362	1.94702	1.24779	6.07365	2.42946	8.55907e-08	0	0	0	0	0	0	0	0	
0.339	0.801267	-0.0763835	1.94636	1.24802	6.07276	2.4291	8.55228e-08	0	0	0	0	0	0	0	0	
0.34	0.801123	-0.0768181	1.94572	1.24825	6.07185	2.42874	8.54731e-08	0	0	0	0	0	0	0	0	
0.341	0.800986	-0.0772396	1.94509	1.24846	6.07093	2.42837	8.54372e-08	0	0	0	0	0	0	0	0	
0.342	0.800854	-0.0776476	1.94448	1.24867	6.07001	2.428	8.54095e-08	0	0	0	0	0	0	0	0	
0.343	0.800727	-0.0780418	1.94388	1.24887	6.0691	2.42764	8.53835e-08	0	0	0	0	0	0	0	0	
0.344	0.800602	-0.078422	1.94329	1.24906	6.06822	2.42729	8.53528e-08	0	0	0	0	0	0	0	0	
0.345	0.800479	-0.0787882	1.94272	1.24925	6.06737	2.42695	8.5312e-08	0	0	0	0	0	0	0	0	
0.346	0.800357	-0.0791403	1.94217	1.24944	6.06657	2.42663	8.52571e-08	0	0	0	0	0	0	0	0	
0.347	0.800233	-0.0794784	1.94163	1.24964	6.06582	2.42633	8.51861e-08	0	0	0	0	0	0	0	0	
0.348	0.800108	-0.0798028	1.94111	1.24983	6.06514	2.42605	8.50992e-08	0	0	0	0	0	0	0	0	
0.349	0.799982	-0.0801136	1.9406	1.25003	6.06451	2.42581	8.49989e-08	0	0	0	0	0	0	0	0	
0.35	0.799852	-0.0804114	1.94011	1.25023	6.06396	2.42558	8.48896e-08	0	0	0	0	0	0	0	0	
0.351	0.799721	-0.0806965	1.93964	1.25044	6.06348	2.42539	8.47773e-08	0	0	0	0	0	0	0	0	
0.352	0.799587	-0.0809695	1.93918	1.25065	6.06306	2.42523	8.46691e-08	0	0	0	0	0	0	0	0	
0.353	0.799451	-0.081231	1.93874	1.25086	6.06272	2.42509	8.45727e-08	0	0	0	0	0	0	0	0	
0.354	0.799313	-0.0814816	1.93831	1.25107	6.06244	2.42497	8.44953e-08	0	0	0	0	0	0	0	0	
0.355	0.799175	-0.0817222	1.93791	1.25129	6.06221	2.42489	8.44437e-08	0	0	0	0	0	0	0	0	
0.356	0.799037	-0.0819535	1.93752	1.25151	6.06205	2.42482	8.4423e-08	0	0	0	0	0	0	0	0	
0.357	0.7989	-0.0821762	1.93715	1.25172	6.06192	2.42477	8.4437e-08	0	0	0	0	0	0	0	0	
0.358	0.798766	-0.0823912	1.9368	1.25193	6.06184	2.42473	8.44872e-08	0	0	0	0	0	0	0	0	
0.359	0.798635	-0.0825993	1.93646	1.25214	6.06178	2.42471	8.45733e-08	0	0	0	0	0	0	0	0	
0.36	0.79851	-0.0828013	1.93614	1.25233	6.06174	2.42469	8.4693e-08	0	0	0	0	0	0	0	0	
0.361	0.798391	-0.0829981	1.93584	1.25252	6.0617	2.42468	8.48419e-08	0	0	0	0	0	0	0	0	
0.362	0.79828	-0.0831902	1.93556	1.25269	6.06166	2.42466	8.50146e-08	0	0	0	0	0	0	0	0	
0.363	0.798179	-0.0833786	1.9353	1.25285	6.0616	2.42464	8.52043e-08	0	0	0	0	0	0	0	0	
0.364	0.798088	-0.0835637	1.93505	1.25299	6.06152	2.42461	8.54035e-08	0	0	0	0	0	0	0	0	
0.365	0.798009	-0.0837463	1.93482	1.25312	6.0614	2.42456	8.56047e-08	0	0	0	0	0	0	0	0	
0.366	0.797942	-0.0839267	1.93461	1.25322	6.06124	2.4245	8.58003e-08	0	0	0	0	0	0	0	0	
0.367	0.797888	-0.0841054	1.93441	1.25331	6.06103	2.42441	8.59833e-08	0	0	0	0	0	0	0	0	
0.368	0.797847	-0.0842827	1.93423	1.25337	6.06077	2.42431	8.61475e-08	0	0	0	0	0	0	0	0	
0.369	0.797819	-0.0844588	1.93406	1.25342	6.06047	2.42419	8.62873e-08	0	0	0	0	0	0	0	0	
0.37	0.797804	-0.0846337	1.93391	1.25344	6.06011	2.42404	8.63984e-08	0	0	0	0	0	0	0	0	
0.371	0.7978	-0.0848075	1.93377	1.25345	6.05971	2.42388	8.64775e-08	0	0	0	0	0	0	0	0	
0.372	0.797807	-0.0849799	1.93365	1.25344	6.05927	2.42371	8.65223e-08	0	0	0	0	0	0	0	0	
0.373	0.797822	-0.0851508	1.93354	1.25341	6.0588	2.42352	8.65314e-08	0	0	0	0	0	0	0	0	
0.374	0.797845	-0.0853198	1.93343	1.25338	6.0583	2.42332	8.65042e-08	0	0	0	0	0	0	0	0	
0.375	0.797874	-0.0854864	1.93334	1.25333	6.05779	2.42312	8.64413e-08	0	0	0	0	0	0	0	0	
0.376	0.797906	-0.0856501	1.93326	1.25328	6.05729	2.42291	8.63437e-08	0	0	0	0	0	0	0	0	
0.377	0.79794	-0.0858103	1.93318	1.25323	6.05679	2.42272	8.62133e-08	0	0	0	0	0	0	0	0	
0.378	0.797974	-0.0859664	1.93311	1.25317	6.05631	2.42252	8.60523e-08	0	0	0	0	0	0	0	0	
0.379	0.798006	-0.0861178	1.93305	1.25312	6.05587	2.42235	8.58638e-08	0	0	0	0	0	0	0	0	
0.38	0.798035	-0.0862639	1.93299	1.25308	6.05546	2.42219	8.56511e-08	0	0	0	0	0	0	0	0	
0.381	0.798059	-0.086404	1.93293	1.25304	6.05511	2.42204	8.54176e-08	0	0	0	0	0	0	0	0	
0.382	0.798077	-0.0865375	1.93288	1.25301	6.05481	2.42192	8.5167e-08	0	0	0	0	0	0	0	0	
0.383	0.798088	-0.0866638	1.93283	1.25299	6.05458	2.42183	8.49033e-08	0	0	0	0	0	0	0	0	
0.384	0.798093	-0.0867823	1.93279	1.25299	6.05441	2.42176	8.463e-08	0	0	0	0	0	0	0	0	
0.385	0.79809	-0.0868925	1.93275	1.25299	6.0543	2.42172	8.43506e-08	0	0	0	0	0	0	0	0	
0.386	0.798079	-0.0869938	1.93271	1.25301	6.05427	2.42171	8.40684e-08	0	0	0	0	0	0	0	0	
0.387	0.798061	-0.0870857	1.93268	1.25304	6.0543	2.42172	8.37867e-08	0	0	0	0	0	0	0	0	
0.388	0.798037	-0.0871678	1.93265	1.25308	6.0544	2.42176	8.35083e-08	0	0	0	0	0	0	0	0	
0.389	0.798006	-0.0872396	1.93263	1.25312	6.05456	2.42182	8.32361e-08	0	0	0	0	0	0	0	0	
0.39	0.797971	-0.0873007	1.93261	1.25318	6.05477	2.42191	8.2973e-08	0	0	0	0	0	0	0	0	
0.391	0.797932	-0.0873507	1.9326	1.25324	6.05503	2.42201	8.27218e-08	0	0	0	0	0	0	0	0	
0.392	0.797892	-0.0873892	1.9326	1.2533	6.05533	2.42213	8.24854e-08	0	0	0	0	0	0	0	0	
0.393	0.79785	-0.0874159	1.9326	1.25337	6.05566	2.42226	8.2267e-08	0	0	0	0	0	0	0	0	
0.394	0.79781	-0.0874306	1.93262	1.25343	6.05601	2.4224	8.20697e-08	0	0	0	0	0	0	0	0	
0.395	0.797772	-0.0874329	1.93264	1.25349	6.05637	2.42255	8.18967e-08	0	0	0	0	0	0	0	0	
0.396	0.797739	-0.0874227	1.93268	1.25354	6.05674	2.4227	8.1751e-08	0	0	0	0	0	0	0	0	
0.397	0.797712	-0.0873998	1.93273	1.25358	6.0571	2.42284	8.16354e-08	0	0	0	0	0	0	0	0	
0.398	0.797693	-0.0873642	1.93279	1.25361	6.05744	2.42298	8.15522e-08	0	0	0	0	0	0	0	0	
0.399	0.797684	-0.0873157	1.93287	1.25363	6.05776	2.4231	8.15029e-08	0	0	0	0	0	0	0	0	
0.4	0.797685	-0.0872544	1.93297	1.25363	6.05805	2.42322	8.14886e-08	0	0	0	0	0	0	0	0	
0.401	0.797698	-0.0871804	1.93308	1.25361	6.05831	2.42333	8.15091e-08	0	0	0	0	0	0	0	0	
0.402	0.797724	-0.0870938	1.93322	1.25357	6.05854	2.42342	8.15635e-08	0	0	0	0	0	0	0	0	
0.403	0.797764	-0.086995	1.93337	1.2535	6.05873	2.42349	8.165e-08	0	0	0	0	0	0	0	0	
0.404	0.797817	-0.0868841	1.93355	1.25342	6.05889	2.42355	8.1766e-08	0	0	0	0	0	0	0	0	
0.405	0.797884	-0.0867615	1.93376	1.25331	6.05901	2.42361	8.1908e-08	0	0	0	0	0	0	0	0	
0.406	0.797966	-0.0866274	1.93399	1.25319	6.05912	2.42365	8.20723e-08	0	0	0	0	0	0	0	0	
0.407	0.798061	-0.0864823	1.93424	1.25304	6.0592	2.42368	8.22548e-08	0	0	0	0	0	0	0	0	
0.408	0.798169	-0.0863264	1.93453	1.25287	6.05927	2.42371	8.2451e-08	0	0	0	0	0	0	0	0	
0.409	0.798288	-0.0861601	1.93484	1.25268	6.05935	2.42374	8.26568e-08	0	0	0	0	0	0	0	0	
0.41	0.798419	-0.0859836	1.93519	1.25247	6.05943	2.42377	8.28682e-08	0	0	0	0	0	0	0	0	
0.411	0.79856	-0.0857973	1.93556	1.25225	6.05952	2.42381	8.30813e-08	0	0	0	0	0	0	0	0	
0.412	0.79871	-0.0856013	1.93596	1.25202	6.05965	2.42386	8.32927e-08	0	0	0	0	0	0	0	0	
0.413	0.798868	-0.0853959	1.93639	1.25177	6.05981	2.42392	8.34994e-08	0	0	0	0	0	0	0	0	
0.414	0.799032	-0.0851813	1.93686	1.25151	6.06001	2.424	8.36986e-08	0	0	0	0	0	0	0	0	
0.415	0.799202	-0.0849578	1.93735	1.25125	6.06026	2.4241	8.38882e-08	0	0	0	0	0	0	0	0	
0.416	0.799376	-0.0847254	1.93787	1.25098	6.06057	2.42423	8.40664e-08	0	0	0	0	0	0	0	0	
0.417	0.799554	-0.0844842	1.93842	1.2507	6.06093	2.42437	8.42318e-08	0	0	0	0	0	0	0	0	
0.418	0.799734	-0.0842343	1.93899	1.25042	6.06136	2.42454	8.43835e-08	0	0	0	0	0	0	0	0	
0.419	0.799917	-0.0839754	1.93959	1.25013	6.06185	2.42474	8.4521e-08	0	0	0	0	0	0	0	0	
0.42	0.800102	-0.0837075	1.94022	1.24984	6.06241	2.42496	8.46443e-08	0	0	0	0	0	0	0	0	
0.421	0.800287	-0.0834303	1.94086	1.24955	6.06303	2.42521	8.47538e-08	0	0	0	0	0	0	0	0	
0.422	0.800473	-0.0831434	1.94153	1.24926	6.0637	2.42548	8.48503e-08	0	0	0	0	0	0	0	0	
0.423	0.80066	-0.0828469	1.94222	1.24897	6.06442	2.42577	8.49347e-08	0	0	0	0	0	0	0	0	
0.424	0.800847	-0.0825403	1.94292	1.24868	6.0652	2.42608	8.50084e-08	0	0	0	0	0	0	0	0	
0.425	0.801035	-0.0822236	1.94363	1.24838	6.06601	2.4264	8.50727e-08	0	0	0	0	0	0	0	0	
0.426	0.801224	-0.0818967	1.94436	1.24809	6.06686	2.42674	8.5129e-08	0	0	0	0	0	0	0	0	
0.427	0.801415	-0.0815595	1.94511	1.24779	6.06773	2.42709	8.51786e-08	0	0	0	0	0	0	0	0	
0.428	0.801607	-0.0812119	1.94586	1.24749	6.06862	2.42745	8.52227e-08	0	0	0	0	0	0	0	0	
0.429	0.801802	-0.0808537	1.94662	1.24719	6.06952	2.42781	8.52623e-08	0	0	0	0	0	0	0	0	
0.43	0.802	-0.0804848	1.94739	1.24688	6.07041	2.42817	8.52982e-08	0	0	0	0	0	0	0	0	
0.431	0.802202	-0.080105	1.94817	1.24657	6.0713	2.42852	8.53311e-08	0	0	0	0	0	0	0	0	
0.432	0.802408	-0.0797142	1.94895	1.24625	6.07218	2.42887	8.53614e-08	0	0	0	0	0	0	0	0	
0.433	0.802619	-0.0793122	1.94973	1.24592	6.07303	2.42921	8.53893e-08	0	0	0	0	0	0	0	0	
0.434	0.802836	-0.0788991	1.95052	1.24559	6.07386	2.42954	8.5415e-08	0	0	0	0	0	0	0	0	
0.435	0.803058	-0.0784747	1.95132	1.24524	6.07465	2.42986	8.54387e-08	0	0	0	0	0	0	0	0	
0.436	0.803286	-0.0780391	1.95212	1.24489	6.07542	2.43017	8.54604e-08	0	0	0	0	0	0	0	0	
0.437	0.803521	-0.0775922	1.95293	1.24452	6.07615	2.43046	8.54801e-08	0	0	0	0	0	0	0	0	
0.438	0.803763	-0.0771341	1.95374	1.24415	6.07685	2.43074	8.54978e-08	0	0	0	0	0	0	0	0	
0.439	0.804012	-0.0766647	1.95456	1.24376	6.07752	2.43101	8.55135e-08	0	0	0	0	0	0	0	0	
0.44	0.804268	-0.0761836	1.95539	1.24337	6.07816	2.43126	8.5527e-08	0	0	0	0	0	0	0	0	
0.441	0.804531	-0.0756908	1.95623	1.24296	6.07878	2.43151	8.55382e-08	0	0	0	0	0	0	0	0	
0.442	0.8048	-0.075186	1.95708	1.24254	6.07939	2.43176	8.55467e-08	0	0	0	0	0	0	0	0	
0.443	0.805076	-0.0746687	1.95794	1.24212	6.07998	2.43199	8.55523e-08	0	0	0	0	0	0	0	0	
0.444	0.805359	-0.0741387	1.95882	1.24168	6.08058	2.43223	8.55544e-08	0	0	0	0	0	0	0	0	
0.445	0.805647	-0.0735956	1.95971	1.24124	6.08118	2.43247	8.55525e-08	0	0	0	0	0	0	0	0	
0.446	0.805942	-0.0730389	1.96063	1.24078	6.0818	2.43272	8.5546e-08	0	0	0	0	0	0	0	0	
0.447	0.806243	-0.0724684	1.96157	1.24032	6.08244	2.43297	8.55341e-08	0	0	0	0	0	0	0	0	
0.448	0.80655	-0.0718836	1.96253	1.23985	6.08311	2.43324	8.55163e-08	0	0	0	0	0	0	0	0	
0.449	0.806863	-0.0712843	1.96352	1.23937	6.08382	2.43353	8.54919e-08	0	0	0	0	0	0	0	0	
0.45	0.807183	-0.0706703	1.96455	1.23888	6.08458	2.43383	8.54603e-08	0	0	0	0	0	0	0	0	
0.451	0.80751	-0.0700411	1.96561	1.23837	6.0854	2.43416	8.54211e-08	0	0	0	0	0	0	0	0	
0.452	0.807845	-0.0693961	1.96671	1.23786	6.08627	2.43451	8.53738e-08	0	0	0	0	0	0	0	0	
0.453	0.808188	-0.0687346	1.96784	1.23734	6.08721	2.43488	8.53183e-08	0	0	0	0	0	0	0	0	
0.454	0.80854	-0.0680559	1.96903	1.2368	6.08822	2.43529	8.52546e-08	0	0	0	0	0	0	0	0	
0.455	0.808902	-0.0673589	1.97026	1.23624	6.08929	2.43572	8.51826e-08	0	0	0	0	0	0	0	0	
0.456	0.809273	-0.066643	1.97153	1.23568	6.09044	2.43618	8.51028e-08	0	0	0	0	0	0	0	0	
0.457	0.809656	-0.0659074	1.97286	1.23509	6.09166	2.43666	8.50157e-08	0	0	0	0	0	0	0	0	
0.458	0.810052	-0.0651516	1.97424	1.23449	6.09295	2.43718	8.49221e-08	0	0	0	0	0	0	0	0	
0.459	0.810461	-0.0643752	1.97568	1.23387	6.09431	2.43772	8.48228e-08	0	0	0	0	0	0	0	0	
0.46	0.810885	-0.0635778	1.97718	1.23322	6.09574	2.4383	8.47191e-08	0	0	0	0	0	0	0	0	
0.461	0.811326	-0.0627589	1.97874	1.23255	6.09724	2.4389	8.46122e-08	0	0	0	0	0	0	0	0	
0.462	0.811783	-0.0619178	1.98036	1.23186	6.0988	2.43952	8.45035e-08	0	0	0	0	0	0	0	0	
0.463	0.812258	-0.0610536	1.98205	1.23114	6.10042	2.44017	8.43946e-08	0	0	0	0	0	0	0	0	
0.464	0.812751	-0.060165	1.9838	1.23039	6.1021	2.44084	8.42868e-08	0	0	0	0	0	0	0	0	
0.465	0.813264	-0.0592504	1.98561	1.22961	6.10383	2.44153	8.41816e-08	0	0	0	0	0	0	0	0	
0.466	0.813794	-0.0583083	1.98748	1.22881	6.1056	2.44224	8.40801e-08	0	0	0	0	0	0	0	0	
0.467	0.814344	-0.0573373	1.98941	1.22798	6.10741	2.44296	8.39832e-08	0	0	0	0	0	0	0	0	
0.468	0.814913	-0.0563362	1.99141	1.22712	6.10926	2.4437	8.38914e-08	0	0	0	0	0	0	0	0	
0.469	0.815502	-0.0553045	1.99346	1.22624	6.11114	2.44445	8.38051e-08	0	0	0	0	0	0	0	0	
0.47	0.81611	-0.054242	1.99557	1.22533	6.11305	2.44522	8.37239e-08	0	0	0	0	0	0	0	0	
0.471	0.816737	-0.0531487	1.99773	1.22438	6.11499	2.44599	8.36475e-08	0	0	0	0	0	0	0	0	
0.472	0.817384	-0.0520243	1.99996	1.22341	6.11695	2.44678	8.35749e-08	0	0	0	0	0	0	0	0	
0.473	0.81805	-0.0508687	2.00224	1.22242	6.11895	2.44758	8.35051e-08	0	0	0	0	0	0	0	0	
0.474	0.818735	-0.0496812	2.00458	1.2214	6.12097	2.44839	8.34369e-08	0	0	0	0	0	0	0	0	
0.475	0.819436	-0.0484615	2.00697	1.22035	6.12302	2.44921	8.33694e-08	0	0	0	0	0	0	0	0	
0.476	0.820155	-0.0472091	2.00941	1.21928	6.1251	2.45004	8.33013e-08	0	0	0	0	0	0	0	0	
0.477	0.820889	-0.0459241	2.0119	1.21819	6.1272	2.45088	8.32318e-08	0	0	0	0	0	0	0	0	
0.478	0.821638	-0.0446068	2.01444	1.21708	6.12934	2.45173	8.31604e-08	0	0	0	0	0	0	0	0	
0.479	0.822401	-0.0432579	2.01702	1.21595	6.1315	2.4526	8.30869e-08	0	0	0	0	0	0	0	0	
0.48	0.823178	-0.0418779	2.01965	1.2148	6.1337	2.45348	8.30115e-08	0	0	0	0	0	0	0	0	
0.481	0.823967	-0.0404679	2.02233	1.21364	6.13594	2.45438	8.29345e-08	0	0	0	0	0	0	0	0	
0.482	0.824769	-0.0390291	2.02504	1.21246	6.13822	2.45529	8.28567e-08	0	0	0	0	0	0	0	0	
0.483	0.825582	-0.0375627	2.02781	1.21127	6.14054	2.45621	8.27792e-08	0	0	0	0	0	0	0	0	
0.484	0.826405	-0.0360697	2.03061	1.21006	6.1429	2.45716	8.27031e-08	0	0	0	0	0	0	0	0	
0.485	0.827239	-0.03455	2.03345	1.20884	6.1453	2.45812	8.26295e-08	0	0	0	0	0	0	0	0	
0.486	0.82808	-0.0330025	2.03633	1.20761	6.14774	2.4591	8.25599e-08	0	0	0	0	0	0	0	0	
0.487	0.828927	-0.0314263	2.03923	1.20638	6.15022	2.46009	8.24951e-08	0	0	0	0	0	0	0	0	
0.488	0.829779	-0.029822	2.04216	1.20514	6.15273	2.46109	8.24364e-08	0	0	0	0	0	0	0	0	
0.489	0.830638	-0.0281923	2.04512	1.20389	6.15527	2.46211	8.23844e-08	0	0	0	0	0	0	0	0	
0.49	0.831503	-0.026541	2.04811	1.20264	6.15786	2.46314	8.23397e-08	0	0	0	0	0	0	0	0	
0.491	0.832377	-0.0248724	2.05114	1.20138	6.16049	2.46419	8.23028e-08	0	0	0	0	0	0	0	0	
0.492	0.83326	-0.0231906	2.0542	1.20011	6.16316	2.46526	8.22739e-08	0	0	0	0	0	0	0	0	
0.493	0.834151	-0.0214971	2.05731	1.19882	6.16587	2.46635	8.22531e-08	0	0	0	0	0	0	0	0	
0.494	0.835048	-0.0197898	2.06043	1.19754	6.16861	2.46744	8.22404e-08	0	0	0	0	0	0	0	0	
0.495	0.835948	-0.0180639	2.06358	1.19625	6.17137	2.46855	8.22356e-08	0	0	0	0	0	0	0	0	
0.496	0.83685	-0.0163183	2.06673	1.19496	6.17414	2.46966	8.22386e-08	0	0	0	0	0	0	0	0	
0.497	0.837755	-0.0145584	2.0699	1.19367	6.17693	2.47077	8.22493e-08	0	0	0	0	0	0	0	0	
0.498	0.838668	-0.0127914	2.0731	1.19237	6.17974	2.4719	8.22675e-08	0	0	0	0	0	0	0	0	
0.499	0.83959	-0.0110235	2.07633	1.19106	6.18258	2.47303	8.22931e-08	0	0	0	0	0	0	0	0	
0.5	0.840517	-0.00925344	2.07959	1.18974	6.18544	2.47417	8.23258e-08	0	0	0	0	0	0	0	0	
0.501	0.841454	-0.00748256	2.08287	1.18842	6.18831	2.47533	8.23656e-08	0	0	0	0	0	0	0	0	
0.502	0.842395	-0.00571836	2.08617	1.18709	6.19119	2.47648	8.2412e-08	0	0	0	0	0	0	0	0	
0.503	0.843332	-0.003929	2.08946	1.18577	6.19406	2.47762	8.24647e-08	0	0	0	0	0	0	0	0	
0.504	0.84432	-0.00218997	2.09292	1.18439	6.19706	2.47882	8.25233e-08	0	0	0	0	0	0	0	0	
0.505	0.84524	-0.000752352	2.09614	1.1831	6.19985	2.47994	8.25873e-08	0	0	0	0	0	0	0	0	
0.506	0.846368	0.00208309	2.10009	1.18152	6.20324	2.4813	8.26559e-08	0	0	0	0	0	0	0	0	
0.507	0.847906	0.00501623	2.10546	1.17938	6.20782	2.48313	8.27286e-08	0	0	0	0	0	0	0	0	
0.508	0.8495	0.00789712	2.11102	1.17716	6.21254	2.48502	8.28047e-08	0	0	0	0	0	0	0	0	
0.509	0.851054	0.0106911	2.11645	1.17501	6.21713	2.48685	8.28835e-08	0	0	0	0	0	0	0	0	
0.51	0.852583	0.0134231	2.12178	1.17291	6.22163	2.48865	8.29645e-08	0	0	0	0	0	0	0	0	
0.511	0.854089	0.0160998	2.12704	1.17084	6.22605	2.49042	8.30471e-08	0	0	0	0	0	0	0	0	
0.512	0.855576	0.0187277	2.13223	1.1688	6.23041	2.49216	8.31309e-08	0	0	0	0	0	0	0	0	
0.513	0.857047	0.0213139	2.13737	1.1668	6.2347	2.49388	8.32156e-08	0	0	0	0	0	0	0	0	
0.514	0.858503	0.0238653	2.14246	1.16482	6.23894	2.49557	8.33012e-08	0	0	0	0	0	0	0	0	
0.515	0.859949	0.0263874	2.14751	1.16286	6.24313	2.49725	8.33875e-08	0	0	0	0	0	0	0	0	
0.516	0.861384	0.0288851	2.15253	1.16092	6.24729	2.49892	8.34745e-08	0	0	0	0	0	0	0	0	
0.517	0.86281	0.0313624	2.15751	1.159	6.25142	2.50057	8.35625e-08	0	0	0	0	0	0	0	0	
0.518	0.864228	0.033823	2.16248	1.1571	6.25552	2.50221	8.36515e-08	0	0	0	0	0	0	0	0	
0.519	0.865639	0.0362702	2.16742	1.15522	6.25959	2.50384	8.37414e-08	0	0	0	0	0	0	0	0	
0.52	0.867044	0.0387068	2.17234	1.15334	6.26364	2.50546	8.38322e-08	0	0	0	0	0	0	0	0	
0.521	0.868442	0.0411355	2.17724	1.15149	6.26767	2.50707	8.39239e-08	0	0	0	0	0	0	0	0	
0.522	0.869834	0.0435586	2.18213	1.14964	6.27169	2.50868	8.4016e-08	0	0	0	0	0	0	0	0	
0.523	0.871221	0.0459782	2.187	1.14781	6.27569	2.51028	8.41083e-08	0	0	0	0	0	0	0	0	
0.524	0.872603	0.0483959	2.19187	1.146	6.27968	2.51187	8.42001e-08	0	0	0	0	0	0	0	0	
0.525	0.87398	0.0508132	2.19672	1.14419	6.28366	2.51346	8.42908e-08	0	0	0	0	0	0	0	0	
0.526	0.875353	0.0532315	2.20156	1.1424	6.28763	2.51505	8.43797e-08	0	0	0	0	0	0	0	0	
0.527	0.876722	0.0556518	2.20639	1.14061	6.29158	2.51663	8.44662e-08	0	0	0	0	0	0	0	0	
0.528	0.878088	0.0580749	2.21121	1.13884	6.29553	2.51821	8.45495e-08	0	0	0	0	0	0	0	0	
0.529	0.879451	0.0605017	2.21603	1.13707	6.29947	2.51979	8.46288e-08	0	0	0	0	0	0	0	0	
0.53	0.880811	0.0629327	2.22084	1.13532	6.3034	2.52136	8.47036e-08	0	0	0	0	0	0	0	0	
0.531	0.88217	0.0653682	2.22565	1.13357	6.30732	2.52293	8.47731e-08	0	0	0	0	0	0	0	0	
0.532	0.883528	0.0678088	2.23046	1.13183	6.31123	2.52449	8.48369e-08	0	0	0	0	0	0	0	0	
0.533	0.884885	0.0702544	2.23526	1.13009	6.31512	2.52605	8.48943e-08	0	0	0	0	0	0	0	0	
0.534	0.886242	0.0727054	2.24007	1.12836	6.31901	2.5276	8.49451e-08	0	0	0	0	0	0	0	0	
0.535	0.8876	0.0751616	2.24487	1.12663	6.32288	2.52915	8.49886e-08	0	0	0	0	0	0	0	0	
0.536	0.888958	0.077623	2.24968	1.12491	6.32674	2.5307	8.50245e-08	0	0	0	0	0	0	0	0	
0.537	0.890318	0.0800895	2.25449	1.12319	6.33059	2.53223	8.50524e-08	0	0	0	0	0	0	0	0	
0.538	0.891681	0.0825606	2.25931	1.12148	6.33442	2.53377	8.50717e-08	0	0	0	0	0	0	0	0	
0.539	0.893045	0.0850362	2.26414	1.11976	6.33825	2.5353	8.50822e-08	0	0	0	0	0	0	0	0	
0.54	0.894413	0.0875155	2.26897	1.11805	6.34207	2.53683	8.50832e-08	0	0	0	0	0	0	0	0	
0.541	0.895784	0.0899981	2.27382	1.11634	6.34589	2.53836	8.50743e-08	0	0	0	0	0	0	0	0	
0.542	0.897158	0.0924834	2.27868	1.11463	6.3497	2.53988	8.50549e-08	0	0	0	0	0	0	0	0	
0.543	0.898537	0.0949705	2.28355	1.11292	6.35352	2.54141	8.50246e-08	0	0	0	0	0	0	0	0	
0.544	0.899919	0.0974587	2.28844	1.11121	6.35735	2.54294	8.49829e-08	0	0	0	0	0	0	0	0	
0.545	0.901306	0.0999471	2.29335	1.1095	6.36118	2.54447	8.49296e-08	0	0	0	0	0	0	0	0	
0.546	0.902697	0.102435	2.29828	1.10779	6.36503	2.54601	8.48645e-08	0	0	0	0	0	0	0	0	
0.547	0.904093	0.104921	2.30323	1.10608	6.36891	2.54756	8.47877e-08	0	0	0	0	0	0	0	0	
0.548	0.905494	0.107405	2.30821	1.10437	6.3728	2.54912	8.46993e-08	0	0	0	0	0	0	0	0	
0.549	0.906899	0.109886	2.31322	1.10266	6.37673	2.55069	8.46e-08	0	0	0	0	0	0	0	0	
0.55	0.90831	0.112364	2.31826	1.10095	6.38068	2.55227	8.44905e-08	0	0	0	0	0	0	0	0	
0.551	0.909726	0.114837	2.32332	1.09923	6.38468	2.55387	8.4372e-08	0	0	0	0	0	0	0	0	
0.552	0.911147	0.117306	2.32842	1.09752	6.38871	2.55548	8.42458e-08	0	0	0	0	0	0	0	0	
0.553	0.912573	0.11977	2.33355	1.0958	6.39277	2.55711	8.41133e-08	0	0	0	0	0	0	0	0	
0.554	0.914005	0.12223	2.33871	1.09409	6.39688	2.55875	8.39763e-08	0	0	0	0	0	0	0	0	
0.555	0.915442	0.124686	2.34391	1.09237	6.40102	2.56041	8.38363e-08	0	0	0	0	0	0	0	0	
0.556	0.916884	0.127138	2.34913	1.09065	6.4052	2.56208	8.36951e-08	0	0	0	0	0	0	0	0	
0.557	0.918331	0.129588	2.35438	1.08893	6.40941	2.56377	8.35543e-08	0	0	0	0	0	0	0	0	
0.558	0.919783	0.132035	2.35967	1.08721	6.41365	2.56546	8.34152e-08	0	0	0	0	0	0	0	0	
0.559	0.92124	0.134481	2.36497	1.08549	6.41791	2.56717	8.32792e-08	0	0	0	0	0	0	0	0	
0.56	0.922701	0.136928	2.37031	1.08377	6.42219	2.56888	8.31473e-08	0	0	0	0	0	0	0	0	
0.561	0.924168	0.139376	2.37566	1.08205	6.42648	2.57059	8.30203e-08	0	0	0	0	0	0	0	0	
0.562	0.92564	0.141827	2.38103	1.08033	6.43078	2.57231	8.28987e-08	0	0	0	0	0	0	0	0	
0.563	0.927116	0.144281	2.38642	1.07861	6.43507	2.57403	8.27829e-08	0	0	0	0	0	0	0	0	
0.564	0.928597	0.146741	2.39183	1.07689	6.43935	2.57574	8.26731e-08	0	0	0	0	0	0	0	0	
0.565	0.930083	0.149207	2.39724	1.07517	6.44362	2.57745	8.25693e-08	0	0	0	0	0	0	0	0	
0.566	0.931573	0.151679	2.40267	1.07345	6.44788	2.57915	8.24714e-08	0	0	0	0	0	0	0	0	
0.567	0.933068	0.15416	2.4081	1.07173	6.45211	2.58085	8.23793e-08	0	0	0	0	0	0	0	0	
0.568	0.934566	0.156649	2.41355	1.07001	6.45632	2.58253	8.22927e-08	0	0	0	0	0	0	0	0	
0.569	0.936069	0.159147	2.41899	1.0683	6.46051	2.5842	8.22116e-08	0	0	0	0	0	0	0	0	
0.57	0.937576	0.161655	2.42445	1.06658	6.46467	2.58587	8.21356e-08	0	0	0	0	0	0	0	0	
0.571	0.939086	0.164172	2.42991	1.06487	6.46881	2.58752	8.20649e-08	0	0	0	0	0	0	0	0	
0.572	0.940599	0.166699	2.43537	1.06315	6.47292	2.58917	8.19995e-08	0	0	0	0	0	0	0	0	
0.573	0.942114	0.169235	2.44084	1.06144	6.47702	2.59081	8.19395e-08	0	0	0	0	0	0	0	0	
0.574	0.943632	0.171781	2.44631	1.05974	6.48111	2.59244	8.18853e-08	0	0	0	0	0	0	0	0	
0.575	0.945151	0.174336	2.45179	1.05803	6.48519	2.59407	8.18374e-08	0	0	0	0	0	0	0	0	
0.576	0.946671	0.176901	2.45728	1.05633	6.48926	2.5957	8.17964e-08	0	0	0	0	0	0	0	0	
0.577	0.948191	0.179474	2.46277	1.05464	6.49334	2.59734	8.17629e-08	0	0	0	0	0	0	0	0	
0.578	0.949711	0.182055	2.46827	1.05295	6.49742	2.59897	8.17376e-08	0	0	0	0	0	0	0	0	
0.579	0.951229	0.184645	2.47378	1.05127	6.50153	2.60061	8.17212e-08	0	0	0	0	0	0	0	0	
0.58	0.952747	0.187242	2.47929	1.0496	6.50565	2.60226	8.17141e-08	0	0	0	0	0	0	0	0	
0.581	0.954262	0.189847	2.48482	1.04793	6.50979	2.60392	8.17167e-08	0	0	0	0	0	0	0	0	
0.582	0.955776	0.192458	2.49036	1.04627	6.51396	2.60559	8.17291e-08	0	0	0	0	0	0	0	0	
0.583	0.957287	0.195077	2.4959	1.04462	6.51817	2.60727	8.17511e-08	0	0	0	0	0	0	0	0	
0.584	0.958796	0.197701	2.50146	1.04297	6.5224	2.60896	8.17821e-08	0	0	0	0	0	0	0	0	
0.585	0.960304	0.200331	2.50704	1.04134	6.52667	2.61067	8.18212e-08	0	0	0	0	0	0	0	0	
0.586	0.961811	0.202965	2.51262	1.03971	6.53097	2.61239	8.18674e-08	0	0	0	0	0	0	0	0	
0.587	0.963317	0.205604	2.51823	1.03808	6.5353	2.61412	8.19193e-08	0	0	0	0	0	0	0	0	
0.588	0.964825	0.208247	2.52385	1.03646	6.53966	2.61586	8.19753e-08	0	0	0	0	0	0	0	0	
0.589	0.966334	0.210893	2.52949	1.03484	6.54403	2.61761	8.20339e-08	0	0	0	0	0	0	0	0	
0.59	0.967846	0.213541	2.53515	1.03322	6.54843	2.61937	8.20936e-08	0	0	0	0	0	0	0	0	
0.591	0.969362	0.216192	2.54083	1.03161	6.55284	2.62113	8.21528e-08	0	0	0	0	0	0	0	0	
0.592	0.970883	0.218844	2.54653	1.02999	6.55725	2.6229	8.22103e-08	0	0	0	0	0	0	0	0	
0.593	0.97241	0.2215	2.55225	1.02837	6.56166	2.62466	8.22649e-08	0	0	0	0	0	0	0	0	
0.594	0.973944	0.224159	2.55799	1.02675	6.56605	2.62642	8.23159e-08	0	0	0	0	0	0	0	0	
0.595	0.975484	0.226823	2.56374	1.02513	6.57043	2.62817	8.23625e-08	0	0	0	0	0	0	0	0	
0.596	0.977029	0.229495	2.5695	1.02351	6.57478	2.62991	8.24044e-08	0	0	0	0	0	0	0	0	
0.597	0.978578	0.232178	2.57526	1.02189	6.57909	2.63164	8.24413e-08	0	0	0	0	0	0	0	0	
0.598	0.980129	0.234878	2.58102	1.02027	6.58336	2.63334	8.2473e-08	0	0	0	0	0	0	0	0	
0.599	0.981677	0.2376	2.58674	1.01866	6.58756	2.63502	8.24996e-08	0	0	0	0	0	0	0	0	
0.6	0.983218	0.240352	2.59243	1.01707	6.59169	2.63668	8.25212e-08	0	0	0	0	0	0	0	0	
0.601	0.984745	0.243144	2.59805	1.01549	6.59574	2.63829	8.25378e-08	0	0	0	0	0	0	0	0	
0.602	0.986251	0.245988	2.60358	1.01394	6.59968	2.63987	8.25497e-08	0	0	0	0	0	0	0	0	
0.603	0.987726	0.248897	2.60898	1.01243	6.60351	2.6414	8.25572e-08	0	0	0	0	0	0	0	0	
0.604	0.989162	0.251884	2.61424	1.01096	6.60721	2.64288	8.25608e-08	0	0	0	0	0	0	0	0	
0.605	0.990545	0.254968	2.6193	1.00954	6.61075	2.6443	8.25613e-08	0	0	0	0	0	0	0	0	
0.606	0.991865	0.258166	2.62412	1.0082	6.61411	2.64565	8.25598e-08	0	0	0	0	0	0	0	0	
0.607	0.993107	0.261496	2.62867	1.00694	6.61728	2.64691	8.25575e-08	0	0	0	0	0	0	0	0	
0.608	0.994258	0.264979	2.63288	1.00577	6.62022	2.64809	8.25562e-08	0	0	0	0	0	0	0	0	
0.609	0.995305	0.268636	2.63673	1.00472	6.62291	2.64916	8.25578e-08	0	0	0	0	0	0	0	0	
0.61	0.996232	0.272487	2.64014	1.00378	6.62532	2.65013	8.25644e-08	0	0	0	0	0	0	0	0	
0.611	0.997027	0.276552	2.64309	1.00298	6.62742	2.65097	8.25782e-08	0	0	0	0	0	0	0	0	
0.612	0.997677	0.28085	2.64552	1.00233	6.62919	2.65168	8.26013e-08	0	0	0	0	0	0	0	0	
0.613	0.998169	0.285399	2.64738	1.00183	6.63059	2.65224	8.26356e-08	0	0	0	0	0	0	0	0	
0.614	0.998494	0.290216	2.64865	1.00151	6.6316	2.65264	8.26824e-08	0	0	0	0	0	0	0	0	
0.615	0.998643	0.295315	2.64928	1.00136	6.63219	2.65288	8.27427e-08	0	0	0	0	0	0	0	0	
0.616	0.998608	0.300709	2.64924	1.00139	6.63234	2.65294	8.28163e-08	0	0	0	0	0	0	0	0	
0.617	0.998383	0.306406	2.64852	1.00162	6.63203	2.65281	8.29027e-08	0	0	0	0	0	0	0	0	
0.618	0.997965	0.312416	2.6471	1.00204	6.63123	2.65249	8.30003e-08	0	0	0	0	0	0	0	0	
0.619	0.997352	0.318742	2.64495	1.00266	6.62994	2.65198	8.31069e-08	0	0	0	0	0	0	0	0	
0.62	0.996543	0.325387	2.64209	1.00347	6.62814	2.65126	8.32196e-08	0	0	0	0	0	0	0	0	
0.621	0.99554	0.33235	2.63851	1.00448	6.62582	2.65033	8.33351e-08	0	0	0	0	0	0	0	0	
0.622	0.994345	0.33963	2.63421	1.00569	6.62299	2.64919	8.34499e-08	0	0	0	0	0	0	0	0	
0.623	0.992962	0.347222	2.62922	1.00709	6.61963	2.64785	8.35603e-08	0	0	0	0	0	0	0	0	
0.624	0.991396	0.35512	2.62353	1.00868	6.61575	2.6463	8.3663e-08	0	0	0	0	0	0	0	0	
0.625	0.989654	0.363316	2.61719	1.01045	6.61137	2.64455	8.3755e-08	0	0	0	0	0	0	0	0	
0.626	0.98774	0.371801	2.6102	1.01241	6.6065	2.6426	8.38339e-08	0	0	0	0	0	0	0	0	
0.627	0.985663	0.380564	2.6026	1.01455	6.60114	2.64046	8.38977e-08	0	0	0	0	0	0	0	0	
0.628	0.98343	0.389595	2.59442	1.01685	6.59532	2.63813	8.39453e-08	0	0	0	0	0	0	0	0	
0.629	0.981048	0.398882	2.58568	1.01932	6.58907	2.63563	8.39761e-08	0	0	0	0	0	0	0	0	
0.63	0.978524	0.408412	2.57641	1.02195	6.5824	2.63296	8.39902e-08	0	0	0	0	0	0	0	0	
0.631	0.975866	0.418171	2.56666	1.02473	6.57534	2.63014	8.39883e-08	0	0	0	0	0	0	0	0	
0.632	0.973083	0.428148	2.55645	1.02766	6.56792	2.62717	8.39714e-08	0	0	0	0	0	0	0	0	
0.633	0.970181	0.438329	2.54582	1.03074	6.56017	2.62407	8.39411e-08	0	0	0	0	0	0	0	0	
0.634	0.967168	0.448699	2.5348	1.03395	6.55211	2.62085	8.3899e-08	0	0	0	0	0	0	0	0	
0.635	0.964052	0.459247	2.52342	1.03729	6.54378	2.61751	8.38468e-08	0	0	0	0	0	0	0	0	
0.636	0.960841	0.469958	2.51172	1.04076	6.53521	2.61408	8.37865e-08	0	0	0	0	0	0	0	0	
0.637	0.957542	0.48082	2.49973	1.04434	6.52642	2.61057	8.372e-08	0	0	0	0	0	0	0	0	
0.638	0.954163	0.491818	2.48748	1.04804	6.51743	2.60697	8.3649e-08	0	0	0	0	0	0	0	0	
0.639	0.950713	0.50294	2.475	1.05184	6.50828	2.60331	8.35751e-08	0	0	0	0	0	0	0	0	
0.64	0.947198	0.514172	2.46233	1.05574	6.49898	2.59959	8.34998e-08	0	0	0	0	0	0	0	0	
0.641	0.943629	0.5255	2.4495	1.05974	6.48957	2.59583	8.34243e-08	0	0	0	0	0	0	0	0	
0.642	0.940013	0.536911	2.43653	1.06382	6.48005	2.59202	8.33496e-08	0	0	0	0	0	0	0	0	
0.643	0.93636	0.548391	2.42347	1.06797	6.47046	2.58818	8.32766e-08	0	0	0	0	0	0	0	0	
0.644	0.932678	0.559924	2.41034	1.07218	6.46081	2.58433	8.32057e-08	0	0	0	0	0	0	0	0	
0.645	0.928979	0.571496	2.39718	1.07645	6.45112	2.58045	8.31372e-08	0	0	0	0	0	0	0	0	
0.646	0.925273	0.583089	2.38403	1.08076	6.44142	2.57657	8.30712e-08	0	0	0	0	0	0	0	0	
0.647	0.921571	0.594686	2.37091	1.0851	6.43172	2.57269	8.30077e-08	0	0	0	0	0	0	0	0	
0.648	0.917884	0.606268	2.35788	1.08946	6.42204	2.56882	8.29465e-08	0	0	0	0	0	0	0	0	
0.649	0.914227	0.617815	2.34496	1.09382	6.41242	2.56497	8.28872e-08	0	0	0	0	0	0	0	0	
0.65	0.910613	0.629302	2.33222	1.09816	6.40288	2.56115	8.28297e-08	0	0	0	0	0	0	0	0	
0.651	0.907058	0.640703	2.31969	1.10247	6.39346	2.55738	8.27737e-08	0	0	0	0	0	0	0	0	
0.652	0.903579	0.651991	2.30745	1.10671	6.38419	2.55368	8.2719e-08	0	0	0	0	0	0	0	0	
0.653	0.900194	0.663131	2.29554	1.11087	6.37513	2.55005	8.26657e-08	0	0	0	0	0	0	0	0	
0.654	0.896925	0.674086	2.28404	1.11492	6.36632	2.54653	8.26141e-08	0	0	0	0	0	0	0	0	
0.655	0.893795	0.684814	2.27304	1.11882	6.35783	2.54313	8.25646e-08	0	0	0	0	0	0	0	0	
0.656	0.890831	0.695269	2.26262	1.12255	6.34974	2.5399	8.25179e-08	0	0	0	0	0	0	0	0	
0.657	0.888059	0.705396	2.25287	1.12605	6.34212	2.53685	8.24749e-08	0	0	0	0	0	0	0	0	
0.658	0.885513	0.715138	2.24391	1.12929	6.33507	2.53403	8.24364e-08	0	0	0	0	0	0	0	0	
0.659	0.883226	0.724431	2.23587	1.13221	6.32869	2.53147	8.24039e-08	0	0	0	0	0	0	0	0	
0.66	0.881234	0.733207	2.22885	1.13477	6.32309	2.52923	8.23784e-08	0	0	0	0	0	0	0	0	
0.661	0.879574	0.741396	2.22299	1.13691	6.31838	2.52735	8.23613e-08	0	0	0	0	0	0	0	0	
0.662	0.878283	0.74893	2.21843	1.13859	6.31468	2.52587	8.23537e-08	0	0	0	0	0	0	0	0	
0.663	0.877394	0.755744	2.21528	1.13974	6.3121	2.52484	8.23568e-08	0	0	0	0	0	0	0	0	
0.664	0.876935	0.761785	2.21364	1.14034	6.31073	2.52429	8.23715e-08	0	0	0	0	0	0	0	0	
0.665	0.876926	0.767016	2.21358	1.14035	6.31064	2.52425	8.23985e-08	0	0	0	0	0	0	0	0	
0.666	0.877375	0.771423	2.21514	1.13976	6.31185	2.52474	8.24382e-08	0	0	0	0	0	0	0	0	
0.667	0.878275	0.775017	2.21829	1.1386	6.31435	2.52574	8.24908e-08	0	0	0	0	0	0	0	0	
0.668	0.879602	0.777843	2.22296	1.13688	6.31809	2.52724	8.25559e-08	0	0	0	0	0	0	0	0	
0.669	0.881316	0.779975	2.22901	1.13467	6.32296	2.52918	8.26329e-08	0	0	0	0	0	0	0	0	
0.67	0.883364	0.781514	2.23625	1.13204	6.3288	2.53152	8.27207e-08	0	0	0	0	0	0	0	0	
0.671	0.88568	0.782578	2.24447	1.12908	6.33543	2.53417	8.28179e-08	0	0	0	0	0	0	0	0	
0.672	0.888195	0.783294	2.25341	1.12588	6.34266	2.53706	8.29224e-08	0	0	0	0	0	0	0	0	
0.673	0.89084	0.783787	2.26283	1.12254	6.35028	2.54011	8.30319e-08	0	0	0	0	0	0	0	0	
0.674	0.893554	0.78417	2.27253	1.11913	6.35813	2.54325	8.31437e-08	0	0	0	0	0	0	0	0	
0.675	0.896284	0.784535	2.28232	1.11572	6.36605	2.54642	8.32547e-08	0	0	0	0	0	0	0	0	
0.676	0.898992	0.784952	2.29204	1.11236	6.37393	2.54957	8.33615e-08	0	0	0	0	0	0	0	0	
0.677	0.901651	0.785468	2.30163	1.10908	6.3817	2.55268	8.34608e-08	0	0	0	0	0	0	0	0	
0.678	0.904248	0.786106	2.31101	1.10589	6.38931	2.55572	8.35489e-08	0	0	0	0	0	0	0	0	
0.679	0.906778	0.786874	2.32017	1.10281	6.39675	2.5587	8.36224e-08	0	0	0	0	0	0	0	0	
0.68	0.909246	0.787765	2.32913	1.09981	6.40402	2.56161	8.36782e-08	0	0	0	0	0	0	0	0	
0.681	0.911658	0.788767	2.33791	1.0969	6.41113	2.56445	8.37132e-08	0	0	0	0	0	0	0	0	
0.682	0.914026	0.789863	2.34653	1.09406	6.41812	2.56725	8.3725e-08	0	0	0	0	0	0	0	0	
0.683	0.916357	0.791038	2.35503	1.09128	6.42498	2.56999	8.37119e-08	0	0	0	0	0	0	0	0	
0.684	0.918661	0.79228	2.36344	1.08854	6.43174	2.5727	8.36727e-08	0	0	0	0	0	0	0	0	
0.685	0.92094	0.793582	2.37175	1.08585	6.43841	2.57536	8.36071e-08	0	0	0	0	0	0	0	0	
0.686	0.923197	0.794941	2.37999	1.08319	6.44497	2.57799	8.35154e-08	0	0	0	0	0	0	0	0	
0.687	0.925432	0.796359	2.38814	1.08058	6.45142	2.58057	8.3399e-08	0	0	0	0	0	0	0	0	
0.688	0.927644	0.79784	2.3962	1.078	6.45776	2.5831	8.32599e-08	0	0	0	0	0	0	0	0	
0.689	0.929828	0.799387	2.40415	1.07547	6.46397	2.58559	8.31009e-08	0	0	0	0	0	0	0	0	
0.69	0.931984	0.801006	2.41199	1.07298	6.47005	2.58802	8.29253e-08	0	0	0	0	0	0	0	0	
0.691	0.934109	0.802696	2.41971	1.07054	6.47599	2.5904	8.27371e-08	0	0	0	0	0	0	0	0	
0.692	0.936205	0.804457	2.42732	1.06814	6.48181	2.59272	8.25402e-08	0	0	0	0	0	0	0	0	
0.693	0.938273	0.806285	2.43482	1.06579	6.48751	2.595	8.23391e-08	0	0	0	0	0	0	0	0	
0.694	0.940315	0.808172	2.44222	1.06347	6.4931	2.59724	8.21379e-08	0	0	0	0	0	0	0	0	
0.695	0.942335	0.810111	2.44955	1.06119	6.49861	2.59944	8.19408e-08	0	0	0	0	0	0	0	0	
0.696	0.944337	0.812095	2.45681	1.05894	6.50406	2.60162	8.17514e-08	0	0	0	0	0	0	0	0	
0.697	0.946321	0.814118	2.46401	1.05672	6.50946	2.60378	8.1573e-08	0	0	0	0	0	0	0	0	
0.698	0.94829	0.816176	2.47118	1.05453	6.51482	2.60593	8.14084e-08	0	0	0	0	0	0	0	0	
0.699	0.950241	0.818269	2.47829	1.05236	6.52017	2.60807	8.12599e-08	0	0	0	0	0	0	0	0	
0.7	0.952171	0.8204	2.48535	1.05023	6.52549	2.6102	8.11291e-08	0	0	0	0	0	0	0	0	
0.701	0.954077	0.822575	2.49235	1.04813	6.53079	2.61232	8.10172e-08	0	0	0	0	0	0	0	0	
0.702	0.955953	0.8248	2.49927	1.04608	6.53606	2.61442	8.09249e-08	0	0	0	0	0	0	0	0	
0.703	0.957795	0.827082	2.50609	1.04406	6.5413	2.61652	8.08525e-08	0	0	0	0	0	0	0	0	
0.704	0.9596	0.829423	2.51281	1.0421	6.5465	2.6186	8.07997e-08	0	0	0	0	0	0	0	0	
0.705	0.961367	0.831824	2.51942	1.04019	6.55167	2.62067	8.07662e-08	0	0	0	0	0	0	0	0	
0.706	0.9631	0.83428	2.52594	1.03831	6.55681	2.62272	8.07511e-08	0	0	0	0	0	0	0	0	
0.707	0.964805	0.83678	2.53239	1.03648	6.56193	2.62477	8.07533e-08	0	0	0	0	0	0	0	0	
0.708	0.966492	0.839308	2.53881	1.03467	6.56706	2.62683	8.07716e-08	0	0	0	0	0	0	0	0	
0.709	0.968175	0.841843	2.54523	1.03287	6.57223	2.62889	8.08043e-08	0	0	0	0	0	0	0	0	
0.71	0.969868	0.844364	2.5517	1.03107	6.57746	2.63098	8.08494e-08	0	0	0	0	0	0	0	0	
0.711	0.971584	0.846848	2.55829	1.02925	6.58277	2.63311	8.09046e-08	0	0	0	0	0	0	0	0	
0.712	0.973339	0.849275	2.56502	1.02739	6.5882	2.63528	8.09672e-08	0	0	0	0	0	0	0	0	
0.713	0.975141	0.851634	2.57193	1.02549	6.59375	2.6375	8.10343e-08	0	0	0	0	0	0	0	0	
0.714	0.976996	0.853916	2.57904	1.02355	6.59942	2.63977	8.11026e-08	0	0	0	0	0	0	0	0	
0.715	0.978905	0.856123	2.58635	1.02155	6.6052	2.64208	8.11687e-08	0	0	0	0	0	0	0	0	
0.716	0.980865	0.858264	2.59383	1.01951	6.61107	2.64443	8.1229e-08	0	0	0	0	0	0	0	0	
0.717	0.982868	0.860353	2.60145	1.01743	6.617	2.6468	8.128e-08	0	0	0	0	0	0	0	0	
0.718	0.984904	0.862411	2.60919	1.01533	6.62294	2.64918	8.13186e-08	0	0	0	0	0	0	0	0	
0.719	0.986962	0.864455	2.61698	1.01321	6.62887	2.65155	8.13419e-08	0	0	0	0	0	0	0	0	
0.72	0.98903	0.866504	2.62479	1.01109	6.63476	2.6539	8.13478e-08	0	0	0	0	0	0	0	0	
0.721	0.991102	0.868571	2.6326	1.00898	6.64057	2.65623	8.1335e-08	0	0	0	0	0	0	0	0	
0.722	0.993172	0.870664	2.64037	1.00688	6.64632	2.65853	8.13032e-08	0	0	0	0	0	0	0	0	
0.723	0.995237	0.872786	2.64812	1.00479	6.65198	2.66079	8.12532e-08	0	0	0	0	0	0	0	0	
0.724	0.997297	0.874933	2.65584	1.00271	6.65759	2.66304	8.11869e-08	0	0	0	0	0	0	0	0	
0.725	0.999354	0.877102	2.66354	1.00065	6.66315	2.66526	8.11073e-08	0	0	0	0	0	0	0	0	
0.726	1.00141	0.879285	2.67124	0.998591	6.66869	2.66747	8.10185e-08	0	0	0	0	0	0	0	0	
0.727	1.00347	0.881478	2.67895	0.996544	6.67422	2.66969	8.09252e-08	0	0	0	0	0	0	0	0	
0.728	1.00552	0.883679	2.68667	0.994506	6.67977	2.67191	8.08329e-08	0	0	0	0	0	0	0	0	
0.729	1.00758	0.885891	2.6944	0.99248	6.68533	2.67413	8.07476e-08	0	0	0	0	0	0	0	0	
0.73	1.00962	0.888117	2.70212	0.99047	6.69092	2.67637	8.0675e-08	0	0	0	0	0	0	0	0	
0.731	1.01165	0.890365	2.70983	0.988481	6.69654	2.67861	8.06208e-08	0	0	0	0	0	0	0	0	
0.732	1.01366	0.892641	2.7175	0.986519	6.70217	2.68087	8.05902e-08	0	0	0	0	0	0	0	0	
0.733	1.01565	0.894951	2.72512	0.984588	6.70781	2.68313	8.05874e-08	0	0	0	0	0	0	0	0	
0.734	1.01761	0.897299	2.73269	0.982691	6.71347	2.68539	8.0616e-08	0	0	0	0	0	0	0	0	
0.735	1.01955	0.899685	2.74019	0.980827	6.71914	2.68766	8.06783e-08	0	0	0	0	0	0	0	0	
0.736	1.02146	0.902106	2.74765	0.978995	6.72484	2.68993	8.0776e-08	0	0	0	0	0	0	0	0	
0.737	1.02334	0.904556	2.75506	0.977191	6.73055	2.69222	8.09096e-08	0	0	0	0	0	0	0	0	
0.738	1.02521	0.907029	2.76245	0.975409	6.7363	2.69452	8.10793e-08	0	0	0	0	0	0	0	0	
0.739	1.02707	0.909519	2.76983	0.973646	6.74208	2.69683	8.12847e-08	0	0	0	0	0	0	0	0	
0.74	1.02891	0.912018	2.77721	0.971898	6.74792	2.69917	8.15255e-08	0	0	0	0	0	0	0	0	
0.741	1.03075	0.914523	2.78461	0.970163	6.75381	2.70152	8.18014e-08	0	0	0	0	0	0	0	0	
0.742	1.03259	0.917034	2.79202	0.968442	6.75977	2.70391	8.21123e-08	0	0	0	0	0	0	0	0	
0.743	1.03441	0.919551	2.79945	0.966738	6.76584	2.70633	8.24584e-08	0	0	0	0	0	0	0	0	
0.744	1.0362	0.922079	2.80688	0.965062	6.77203	2.70881	8.284e-08	0	0	0	0	0	0	0	0	
0.745	1.03796	0.924624	2.8143	0.963426	6.77841	2.71136	8.32573e-08	0	0	0	0	0	0	0	0	
0.746	1.03966	0.927193	2.82168	0.961849	6.78508	2.71403	8.37098e-08	0	0	0	0	0	0	0	0	
0.747	1.04128	0.929796	2.82902	0.960358	6.79217	2.71687	8.41961e-08	0	0	0	0	0	0	0	0	
0.748	1.04277	0.932438	2.83628	0.958984	6.79987	2.71995	8.47131e-08	0	0	0	0	0	0	0	0	
0.749	1.0441	0.935121	2.84347	0.957766	6.80845	2.72338	8.52552e-08	0	0	0	0	0	0	0	0	
0.75	1.0452	0.93784	2.8506	0.956751	6.81829	2.72732	8.58147e-08	0	0	0	0	0	0	0	0	
0.751	1.04603	0.940581	2.8577	0.955993	6.82984	2.73194	8.63804e-08	0	0	0	0	0	0	0	0	
0.752	1.04651	0.943323	2.86481	0.955553	6.8437	2.73748	8.69384e-08	0	0	0	0	0	0	0	0	
0.753	1.04657	0.946036	2.87201	0.955505	6.86055	2.74422	8.74718e-08	0	0	0	0	0	0	0	0	
0.754	1.0461	0.948689	2.87937	0.955934	6.88122	2.75249	8.7961e-08	0	0	0	0	0	0	0	0	
0.755	1.04499	0.951253	2.88695	0.956943	6.90662	2.76265	8.83846e-08	0	0	0	0	0	0	0	0	
0.756	1.04313	0.953715	2.89479	0.958652	6.93775	2.7751	8.87198e-08	0	0	0	0	0	0	0	0	
0.757	1.04036	0.956074	2.90288	0.961205	6.97564	2.79026	8.89434e-08	0	0	0	0	0	0	0	0	
0.758	1.03653	0.958354	2.91114	0.96476	7.02139	2.80856	8.90329e-08	0	0	0	0	0	0	0	0	
0.759	1.03147	0.960593	2.91949	0.969491	7.07605	2.83042	8.89668e-08	0	0	0	0	0	0	0	0	
0.76	1.02504	0.962841	2.92779	0.975573	7.14068	2.85627	8.87262e-08	0	0	0	0	0	0	0	0	
0.761	1.01711	0.965148	2.9359	0.983176	7.21626	2.8865	8.82948e-08	0	0	0	0	0	0	0	0	
0.762	1.00761	0.967558	2.94371	0.992448	7.30369	2.92148	8.76598e-08	0	0	0	0	0	0	0	0	
0.763	0.996502	0.970101	2.95113	1.00351	7.40372	2.96149	8.68123e-08	0	0	0	0	0	0	0	0	
0.764	0.983823	0.972791	2.95812	1.01644	7.51689	3.00676	8.57476e-08	0	0	0	0	0	0	0	0	
0.765	0.969671	0.975627	2.96468	1.03128	7.64352	3.05741	8.44657e-08	0	0	0	0	0	0	0	0	
0.766	0.954202	0.978595	2.97083	1.048	7.78356	3.11342	8.29711e-08	0	0	0	0	0	0	0	0	
0.767	0.937632	0.981673	2.97663	1.06652	7.93657	3.17463	8.12735e-08	0	0	0	0	0	0	0	0	
0.768	0.920224	0.984831	2.98215	1.08669	8.10169	3.24068	7.93882e-08	0	0	0	0	0	0	0	0	
0.769	0.902276	0.988037	2.98745	1.10831	8.27754	3.31102	7.73364e-08	0	0	0	0	0	0	0	0	
0.77	0.884112	0.991255	2.99262	1.13108	8.46223	3.38489	7.51455e-08	0	0	0	0	0	0	0	0	
0.771	0.866065	0.994447	2.99776	1.15465	8.65339	3.46136	7.28497e-08	0	0	0	0	0	0	0	0	
0.772	0.848464	0.997572	3.00295	1.1786	8.84819	3.53928	7.04899e-08	0	0	0	0	0	0	0	0	
0.773	0.831618	1.00059	3.00827	1.20247	9.04344	3.61737	6.81127e-08	0	0	0	0	0	0	0	0	
0.774	0.815805	1.00347	3.01381	1.22578	9.2357	3.69428	6.57699e-08	0	0	0	0	0	0	0	0	
0.775	0.801258	1.00619	3.01962	1.24804	9.42149	3.7686	6.35155e-08	0	0	0	0	0	0	0	0	
0.776	0.788161	1.00874	3.02573	1.26878	9.59744	3.83897	6.14038e-08	0	0	0	0	0	0	0	0	
0.777	0.776639	1.0111	3.03215	1.2876	9.76049	3.9042	5.94852e-08	0	0	0	0	0	0	0	0	
0.778	0.766763	1.0133	3.03887	1.30418	9.90811	3.96324	5.78027e-08	0	0	0	0	0	0	0	0	
0.779	0.758549	1.01534	3.04585	1.31831	10.0384	4.01537	5.63878e-08	0	0	0	0	0	0	0	0	
0.78	0.751965	1.01726	3.05306	1.32985	10.1503	4.06011	5.52578e-08	0	0	0	0	0	0	0	0	
0.781	0.746933	1.01909	3.06043	1.33881	10.2433	4.09733	5.44137e-08	0	0	0	0	0	0	0	0	
0.782	0.743345	1.02085	3.06792	1.34527	10.318	4.12718	5.38398e-08	0	0	0	0	0	0	0	0	
0.783	0.741063	1.02258	3.07548	1.34941	10.3752	4.15009	5.35052e-08	0	0	0	0	0	0	0	0	
0.784	0.739934	1.0243	3.08306	1.35147	10.4167	4.16667	5.33669e-08	0	0	0	0	0	0	0	0	
0.785	0.739793	1.02605	3.0906	1.35173	10.4441	4.17765	5.33741e-08	0	0	0	0	0	0	0	0	
0.786	0.740469	1.02786	3.09803	1.3505	10.4597	4.18387	5.34734e-08	0	0	0	0	0	0	0	0	
0.787	0.741797	1.02978	3.10528	1.34808	10.4654	4.18615	5.36142e-08	0	0	0	0	0	0	0	0	
0.788	0.74362	1.03183	3.11226	1.34477	10.4632	4.18529	5.37536e-08	0	0	0	0	0	0	0	0	
0.789	0.745795	1.03405	3.11892	1.34085	10.455	4.182	5.386e-08	0	0	0	0	0	0	0	0	
0.79	0.748196	1.03648	3.12517	1.33655	10.4424	4.17694	5.39159e-08	0	0	0	0	0	0	0	0	
0.791	0.750721	1.03913	3.13099	1.33205	10.4266	4.17065	5.39181e-08	0	0	0	0	0	0	0	0	
0.792	0.753289	1.04201	3.13636	1.32751	10.4089	4.16356	5.38769e-08	0	0	0	0	0	0	0	0	
0.793	0.755843	1.04509	3.14132	1.32303	10.3901	4.15605	5.38136e-08	0	0	0	0	0	0	0	0	
0.794	0.758346	1.04836	3.14591	1.31866	10.3709	4.14838	5.37567e-08	0	0	0	0	0	0	0	0	
0.795	0.760778	1.05178	3.1502	1.31444	10.3519	4.14076	5.37372e-08	0	0	0	0	0	0	0	0	
0.796	0.763131	1.05531	3.15427	1.31039	10.3333	4.13333	5.37837e-08	0	0	0	0	0	0	0	0	
0.797	0.765408	1.05891	3.15821	1.30649	10.3155	4.12618	5.39175e-08	0	0	0	0	0	0	0	0	
0.798	0.767613	1.06256	3.16208	1.30274	10.2984	4.11937	5.41484e-08	0	0	0	0	0	0	0	0	
0.799	0.769756	1.06622	3.16595	1.29911	10.2823	4.11293	5.44716e-08	0	0	0	0	0	0	0	0	
0.8	0.771845	1.06987	3.16986	1.2956	10.2672	4.10686	5.48663e-08	0	0	0	0	0	0	0	0	
0.801	0.77389	1.07349	3.17387	1.29217	10.253	4.10119	5.52973e-08	0	0	0	0	0	0	0	0	
0.802	0.775903	1.07705	3.17803	1.28882	10.2398	4.09591	5.57183e-08	0	0	0	0	0	0	0	0	
0.803	0.777898	1.08051	3.18243	1.28551	10.2277	4.09107	5.60781e-08	0	0	0	0	0	0	0	0	
0.804	0.779897	1.08382	3.18719	1.28222	10.2167	4.08668	5.63288e-08	0	0	0	0	0	0	0	0	
0.805	0.781923	1.08692	3.19245	1.2789	10.2071	4.08282	5.64336e-08	0	0	0	0	0	0	0	0	
0.806	0.784001	1.08974	3.19837	1.27551	10.1989	4.07954	5.63728e-08	0	0	0	0	0	0	0	0	
0.807	0.786152	1.09223	3.20505	1.27202	10.1922	4.07688	5.61475e-08	0	0	0	0	0	0	0	0	
0.808	0.78838	1.09438	3.21252	1.26842	10.1871	4.07483	5.5778e-08	0	0	0	0	0	0	0	0	
0.809	0.790671	1.09623	3.22069	1.26475	10.1834	4.07336	5.52999e-08	0	0	0	0	0	0	0	0	
0.81	0.792986	1.0979	3.22932	1.26106	10.1809	4.07235	5.47562e-08	0	0	0	0	0	0	0	0	
0.811	0.795274	1.09954	3.23808	1.25743	10.1791	4.07166	5.41899e-08	0	0	0	0	0	0	0	0	
0.812	0.797477	1.10129	3.24663	1.25395	10.1778	4.07113	5.36378e-08	0	0	0	0	0	0	0	0	
0.813	0.799551	1.10328	3.25468	1.2507	10.1766	4.07064	5.31258e-08	0	0	0	0	0	0	0	0	
0.814	0.801475	1.10557	3.26211	1.2477	10.1753	4.07013	5.26682e-08	0	0	0	0	0	0	0	0	
0.815	0.803255	1.10814	3.26892	1.24494	10.174	4.0696	5.22699e-08	0	0	0	0	0	0	0	0	
0.816	0.804921	1.11091	3.27533	1.24236	10.1728	4.06913	5.19318e-08	0	0	0	0	0	0	0	0	
0.817	0.806527	1.11374	3.28163	1.23988	10.1721	4.06884	5.16572e-08	0	0	0	0	0	0	0	0	
0.818	0.808133	1.11649	3.28815	1.23742	10.1721	4.06883	5.14586e-08	0	0	0	0	0	0	0	0	
0.819	0.809794	1.11904	3.29519	1.23488	10.1729	4.06917	5.13636e-08	0	0	0	0	0	0	0	0	
0.82	0.811546	1.12133	3.30284	1.23222	10.1745	4.06981	5.14163e-08	0	0	0	0	0	0	0	0	
0.821	0.813389	1.12343	3.31099	1.22942	10.1765	4.07061	5.16768e-08	0	0	0	0	0	0	0	0	
0.822	0.815291	1.12549	3.31927	1.22656	10.1782	4.07127	5.22151e-08	0	0	0	0	0	0	0	0	
0.823	0.817201	1.12771	3.32723	1.22369	10.1787	4.07149	5.30985e-08	0	0	0	0	0	0	0	0	
0.824	0.819076	1.13026	3.33449	1.22089	10.1776	4.07104	5.43699e-08	0	0	0	0	0	0	0	0	
0.825	0.820899	1.13318	3.34093	1.21818	10.1746	4.06984	5.60166e-08	0	0	0	0	0	0	0	0	
0.826	0.822675	1.13641	3.34669	1.21555	10.1702	4.06806	5.79409e-08	0	0	0	0	0	0	0	0	
0.827	0.824412	1.13982	3.35209	1.21299	10.1651	4.06603	5.99422e-08	0	0	0	0	0	0	0	0	
0.828	0.826101	1.14327	3.35743	1.21051	10.1605	4.06419	6.17241e-08	0	0	0	0	0	0	0	0	
0.829	0.827714	1.14666	3.36295	1.20815	10.1574	4.06294	6.29356e-08	0	0	0	0	0	0	0	0	
0.83	0.829217	1.14995	3.36876	1.20596	10.1564	4.06258	6.32503e-08	0	0	0	0	0	0	0	0	
0.831	0.830593	1.15313	3.37485	1.20396	10.158	4.06318	6.24808e-08	0	0	0	0	0	0	0	0	
0.832	0.831859	1.15624	3.38119	1.20213	10.1615	4.06462	6.07027e-08	0	0	0	0	0	0	0	0	
0.833	0.833072	1.15928	3.38771	1.20038	10.1663	4.06653	5.834e-08	0	0	0	0	0	0	0	0	
0.834	0.834319	1.16229	3.39439	1.19858	10.1711	4.06845	5.61414e-08	0	0	0	0	0	0	0	0	
0.835	0.835703	1.16527	3.40117	1.1966	10.1746	4.06983	5.49752e-08	0	0	0	0	0	0	0	0	
0.836	0.837323	1.16823	3.40804	1.19428	10.1754	4.07017	5.54752e-08	0	0	0	0	0	0	0	0	
0.837	0.83925	1.17119	3.415	1.19154	10.1728	4.06911	5.76635e-08	0	0	0	0	0	0	0	0	
0.838	0.841489	1.17414	3.42205	1.18837	10.1667	4.06667	6.09181e-08	0	0	0	0	0	0	0	0	
0.839	0.843929	1.17712	3.42911	1.18493	10.1582	4.06326	6.41491e-08	0	0	0	0	0	0	0	0	
0.84	0.846407	1.18009	3.43625	1.18147	10.1495	4.05981	6.67005e-08	0	0	0	0	0	0	0	0	
0.841	0.848738	1.18299	3.44364	1.17822	10.1434	4.05737	6.78184e-08	0	0	0	0	0	0	0	0	
0.842	0.850676	1.18605	3.45072	1.17554	10.1411	4.05644	6.91016e-08	0	0	0	0	0	0	0	0	
0.843	0.852239	1.18919	3.45768	1.17338	10.1429	4.05718	6.78167e-08	0	0	0	0	0	0	0	0	
0.844	0.853808	1.19171	3.4662	1.17122	10.1492	4.05969	7.33323e-08	0	0	0	0	0	0	0	0	
0.845	0.855046	1.19488	3.47323	1.16953	10.1551	4.06204	6.25924e-08	0	0	0	0	0	0	0	0	
0.846	0.855717	1.19937	3.47714	1.16861	10.1586	4.06342	1.13274e-07	0	0	0	0	0	0	0	0	
0.847	0.858395	1.19987	3.49084	1.16496	10.1668	4.06671	1.62652e-06	0	0	0	0	0	0	0	0	
0.848	0.860435	1.20128	3.50273	1.1622	10.1772	4.07089	1.52449e-05	0	0	0	0	0	0	0	0	
0.849	0.858145	1.21731	3.48234	1.1653	10.145	4.05799	0.000233618	0	0	0	0	0	0	0	0	
0.85	0.866205	1.21442	3.53622	1.15446	10.2061	4.08243	0.00210301	0	0	0	0	0	0	0	0	
0.851	0.909724	1.24855	3.69744	1.09923	10.1609	4.06435	0.0321318	0	0	0	0	0	0	0	0	
0.852	0.873825	1.15393	3.24297	1.14439	9.27808	3.71123	0.265632	0	0	0	0	0	0	0	0	
0.853	0.429026	-0.627638	0.517881	2.33086	3.01777	1.20711	0.95087	0	0	0	0	0	0	0	0	
0.854	0.259259	-1.35769	0.0967742	3.85715	0.933181	0.373272	1	0	0	0	0	0	0	0	0	
0.855	0.259259	-1.35769	0.0967742	3.85715	0.933181	0.373272	1	0	0	0	0	0	0	0	0	
0.856	0.259259	-1.35769	0.0967742	3.85715	0.933181	0.373272	1	0	0	0	0	0	0	0	0	
0.857	0.259259	-1.35769	0.0967742	3.85715	0.933181	0.373272	1	0	0	0	0	0	0	0	0	
0.858	0.259259	-1.35769	0.0967742	3.85715	0.933181	0.373272	1	0	0	0	0	0	0	0	0	
0.859	0.259259	-1.35769	0.0967742	3.85715	0.933181	0.373272	1	0	0	0	0	0	0	0	0	
0.86	0.259259	-1.35769	0.0967742	3.85715	0.933181	0.373272	1	0	0	0	0	0	0	0	0	
0.861	0.259259	-1.35769	0.0967742	3.85715	0.933181	0.373272	1	0	0	0	0	0	0	0	0	
0.862	0.259259	-1.35769	0.0967742	3.85715	0.933181	0.373272	1	0	0	0	0	0	0	0	0	
0.863	0.259259	-1.35769	0.0967742	3.85715	0.933181	0.373272	1	0	0	0	0	0	0	0	0	
0.864	0.259259	-1.35769	0.0967742	3.85715	0.933181	0.373272	1	0	0	0	0	0	0	0	0	
0.865	0.259259	-1.35769	0.0967742	3.85715	0.933181	0.373272	1	0	0	0	0	0	0	0	0	
0.866	0.259259	-1.35769	0.0967742	3.85715	0.933181	0.373272	1	0	0	0	0	0	0	0	0	
0.867	0.259259	-1.35769	0.0967742	3.85715	0.933181	0.373272	1	0	0	0	0	0	0	0	0	
0.868	0.259259	-1.35769	0.0967742	3.85715	0.933181	0.373272	1	0	0	0	0	0	0	0	0	
0.869	0.259259	-1.35769	0.0967742	3.85715	0.933181	0.373272	1	0	0	0	0	0	0	0	0	
0.87	0.259259	-1.35769	0.0967742	3.85715	0.933181	0.373272	1	0	0	0	0	0	0	0	0	
0.871	0.259259	-1.35769	0.0967742	3.85715	0.933181	0.373272	1	0	0	0	0	0	0	0	0	
0.872	0.259259	-1.35769	0.0967742	3.85715	0.933181	0.373272	1	0	0	0	0	0	0	0	0	
0.873	0.259259	-1.35769	0.0967742	3.85715	0.933181	0.373272	1	0	0	0	0	0	0	0	0	
0.874	0.259259	-1.35769	0.0967742	3.85715	0.933181	0.373272	1	0	0	0	0	0	0	0	0	
0.875	0.259259	-1.35769	0.0967742	3.85715	0.933181	0.373272	1	0	0	0	0	0	0	0	0	
0.876	0.259259	-1.35769	0.0967742	3.85715	0.933181	0.373272	1	0	0	0	0	0	0	0	0	
0.877	0.259259	-1.35769	0.0967742	3.85715	0.933181	0.373272	1	0	0	0	0	0	0	0	0	
0.878	0.259259	-1.35769	0.0967742	3.85715	0.933181	0.373272	1	0	0	0	0	0	0	0	0	
0.879	0.259259	-1.35769	0.0967742	3.85715	0.933181	0.373272	1	0	0	0	0	0	0	0	0	
0.88	0.259259	-1.35769	0.0967742	3.85715	0.933181	0.373272	1	0	0	0	0	0	0	0	0	
0.881	0.259259	-1.35769	0.0967742	3.85715	0.933181	0.373272	1	0	0	0	0	0	0	0	0	
0.882	0.259259	-1.35769	0.0967742	3.85715	0.933181	0.373272	1	0	0	0	0	0	0	0	0	
0.883	0.259259	-1.35769	0.0967742	3.85715	0.933181	0.373272	1	0	0	0	0	0	0	0	0	
0.884	0.259259	-1.35769	0.0967742	3.85715	0.933181	0.373272	1	0	0	0	0	0	0	0	0	
0.885	0.259259	-1.35769	0.0967742	3.85715	0.933181	0.373272	1	0	0	0	0	0	0	0	0	
0.886	0.259259	-1.35769	0.0967742	3.85715	0.933181	0.373272	1	0	0	0	0	0	0	0	0	
0.887	0.259259	-1.35769	0.0967742	3.85715	0.933181	0.373272	1	0	0	0	0	0	0	0	0	
0.888	0.259259	-1.35769	0.0967742	3.85715	0.933181	0.373272	1	0	0	0	0	0	0	0	0	
0.889	0.259259	-1.35769	0.0967742	3.85715	0.933181	0.373272	1	0	0	0	0	0	0	0	0	
0.89	0.259259	-1.35769	0.0967742	3.85715	0.933181	0.373272	1	0	0	0	0	0	0	0	0	
0.891	0.259259	-1.35769	0.0967742	3.85715	0.933181	0.373272	1	0	0	0	0	0	0	0	0	
0.892	0.259259	-1.35769	0.0967742	3.85715	0.933181	0.373272	1	0	0	0	0	0	0	0	0	
0.893	0.259259	-1.35769	0.0967742	3.85715	0.933181	0.373272	1	0	0	0	0	0	0	0	0	
0.894	0.259259	-1.35769	0.0967742	3.85715	0.933181	0.373272	1	0	0	0	0	0	0	0	0	
0.895	0.259259	-1.35769	0.0967742	3.85715	0.933181	0.373272	1	0	0	0	0	0	0	0	0	
0.896	0.259259	-1.35769	0.0967742	3.85715	0.933181	0.373272	1	0	0	0	0	0	0	0	0	
0.897	0.259259	-1.35769	0.0967742	3.85715	0.933181	0.373272	1	0	0	0	0	0	0	0	0	
0.898	0.259259	-1.35769	0.0967742	3.85715	0.933181	0.373272	1	0	0	0	0	0	0	0	0	
0.899	0.259259	-1.35769	0.0967742	3.85715	0.933181	0.373272	1	0	0	0	0	0	0	0	0	
0.9	0.259259	-1.35769	0.0967742	3.85715	0.933181	0.373272	1	0	0	0	0	0	0	0	0	
0.901	0.259259	-1.35769	0.0967742	3.85715	0.933181	0.373272	1	0	0	0	0	0	0	0	0	
0.902	0.259259	-1.35769	0.0967742	3.85715	0.933181	0.373272	1	0	0	0	0	0	0	0	0	
0.903	0.259259	-1.35769	0.0967742	3.85715	0.933181	0.373272	1	0	0	0	0	0	0	0	0	
0.904	0.259259	-1.35769	0.0967742	3.85715	0.933181	0.373272	1	0	0	0	0	0	0	0	0	
0.905	0.259259	-1.35769	0.0967742	3.85715	0.933181	0.373272	1	0	0	0	0	0	0	0	0	
0.906	0.259259	-1.35769	0.0967742	3.85715	0.933181	0.373272	1	0	0	0	0	0	0	0	0	
0.907	0.259259	-1.35769	0.0967742	3.85715	0.933181	0.373272	1	0	0	0	0	0	0	0	0	
0.908	0.259259	-1.35769	0.0967742	3.85715	0.933181	0.373272	1	0	0	0	0	0	0	0	0	
0.909	0.259259	-1.35769	0.0967742	3.85715	0.933181	0.373272	1	0	0	0	0	0	0	0	0	
0.91	0.259259	-1.35769	0.0967742	3.85715	0.933181	0.373272	1	0	0	0	0	0	0	0	0	
0.911	0.259259	-1.35769	0.0967742	3.85715	0.933181	0.373272	1	0	0	0	0	0	0	0	0	
0.912	0.259259	-1.35769	0.0967742	3.85715	0.933181	0.373272	1	0	0	0	0	0	0	0	0	
0.913	0.259259	-1.35769	0.0967742	3.85715	0.933181	0.373272	1	0	0	0	0	0	0	0	0	
0.914	0.259259	-1.35769	0.0967742	3.85715	0.933181	0.373272	1	0	0	0	0	0	0	0	0	
0.915	0.259259	-1.35769	0.0967742	3.85715	0.933181	0.373272	1	0	0	0	0	0	0	0	0	
0.916	0.259259	-1.35769	0.0967742	3.85715	0.933181	0.373272	1	0	0	0	0	0	0	0	0	
0.917	0.259259	-1.35769	0.0967742	3.85715	0.933181	0.373272	1	0	0	0	0	0	0	0	0	
0.918	0.259259	-1.35769	0.0967742	3.85715	0.933181	0.373272	1	0	0	0	0	0	0	0	0	
0.919	0.259259	-1.35769	0.0967742	3.85715	0.933181	0.373272	1	0	0	0	0	0	0	0	0	
0.92	0.259259	-1.35769	0.0967742	3.85715	0.933181	0.373272	1	0	0	0	0	0	0	0	0	
0.921	0.259259	-1.35769	0.0967742	3.85715	0.933181	0.373272	1	0	0	0	0	0	0	0	0	
0.922	0.259259	-1.35769	0.0967742	3.85715	0.933181	0.373272	1	0	0	0	0	0	0	0	0	
0.923	0.259259	-1.35769	0.0967742	3.85715	0.933181	0.373272	1	0	0	0	0	0	0	0	0	
0.924	0.259259	-1.35769	0.0967742	3.85715	0.933181	0.373272	1	0	0	0	0	0	0	0	0	
0.925	0.259259	-1.35769	0.0967742	3.85715	0.933181	0.373272	1	0	0	0	0	0	0	0	0	
0.926	0.259259	-1.35769	0.0967742	3.85715	0.933181	0.373272	1	0	0	0	0	0	0	0	0	
0.927	0.259259	-1.35769	0.0967742	3.85715	0.933181	0.373272	1	0	0	0	0	0	0	0	0	
0.928	0.259259	-1.35769	0.0967742	3.85715	0.933181	0.373272	1	0	0	0	0	0	0	0	0	
0.929	0.259259	-1.35769	0.0967742	3.85715	0.933181	0.373272	1	0	0	0	0	0	0	0	0	
0.93	0.259259	-1.35769	0.0967742	3.85715	0.933181	0.373272	1	0	0	0	0	0	0	0	0	
0.931	0.259259	-1.35769	0.0967742	3.85715	0.933181	0.373272	1	0	0	0	0	0	0	0	0	
0.932	0.259259	-1.35769	0.0967742	3.85715	0.933181	0.373272	1	0	0	0	0	0	0	0	0	
0.933	0.259259	-1.35769	0.0967742	3.85715	0.933181	0.373272	1	0	0	0	0	0	0	0	0	
0.934	0.259259	-1.35769	0.0967742	3.85715	0.933181	0.373272	1	0	0	0	0	0	0	0	0	
0.935	0.259259	-1.35769	0.0967742	3.85715	0.933181	0.373272	1	0	0	0	0	0	0	0	0	
0.936	0.259259	-1.35769	0.0967742	3.85715	0.933181	0.373272	1	0	0	0	0	0	0	0	0	
0.937	0.259259	-1.35769	0.0967742	3.85715	0.933181	0.373272	1	0	0	0	0	0	0	0	0	
0.938	0.259259	-1.35769	0.0967742	3.85715	0.933181	0.373272	1	0	0	0	0	0	0	0	0	
0.939	0.259259	-1.35769	0.0967742	3.85715	0.933181	0.373272	1	0	0	0	0	0	0	0	0	
0.94	0.259259	-1.35769	0.0967742	3.85715	0.933181	0.373272	1	0	0	0	0	0	0	0	0	
0.941	0.259259	-1.35769	0.0967742	3.85715	0.933181	0.373272	1	0	0	0	0	0	0	0	0	
0.942	0.259259	-1.35769	0.0967742	3.85715	0.933181	0.373272	1	0	0	0	0	0	0	0	0	
0.943	0.259259	-1.35769	0.0967742	3.85715	0.933181	0.373272	1	0	0	0	0	0	0	0	0	
0.944	0.259259	-1.35769	0.0967742	3.85715	0.933181	0.373272	1	0	0	0	0	0	0	0	0	
0.945	0.259259	-1.35769	0.0967742	3.85715	0.933181	0.373272	1	0	0	0	0	0	0	0	0	
0.946	0.259259	-1.35769	0.0967742	3.85715	0.933181	0.373272	1	0	0	0	0	0	0	0	0	
0.947	0.259259	-1.35769	0.0967742	3.85715	0.933181	0.373272	1	0	0	0	0	0	0	0	0	
0.948	0.259259	-1.35769	0.0967742	3.85715	0.933181	0.373272	1	0	0	0	0	0	0	0	0	
0.949	0.259259	-1.35769	0.0967742	3.85715	0.933181	0.373272	1	0	0	0	0	0	0	0	0	
0.95	0.259259	-1.35769	0.0967742	3.85715	0.933181	0.373272	1	0	0	0	0	0	0	0	0	
0.951	0.259259	-1.35769	0.0967742	3.85715	0.933181	0.373272	1	0	0	0	0	0	0	0	0	
0.952	0.259259	-1.35769	0.0967742	3.85715	0.933181	0.373272	1	0	0	0	0	0	0	0	0	
0.953	0.259259	-1.35769	0.0967742	3.85715	0.933181	0.373272	1	0	0	0	0	0	0	0	0	
0.954	0.259259	-1.35769	0.0967742	3.85715	0.933181	0.373272	1	0	0	0	0	0	0	0	0	
0.955	0.259259	-1.35769	0.0967742	3.85715	0.933181	0.373272	1	0	0	0	0	0	0	0	0	
0.956	0.259259	-1.35769	0.0967742	3.85715	0.933181	0.373272	1	0	0	0	0	0	0	0	0	
0.957	0.259259	-1.35769	0.0967742	3.85715	0.933181	0.373272	1	0	0	0	0	0	0	0	0	
0.958	0.259259	-1.35769	0.0967742	3.85715	0.933181	0.373272	1	0	0	0	0	0	0	0	0	
0.959	0.259259	-1.35769	0.0967742	3.85715	0.933181	0.373272	1	0	0	0	0	0	0	0	0	
0.96	0.259259	-1.35769	0.0967742	3.85715	0.933181	0.373272	1	0	0	0	0	0	0	0	0	
0.961	0.259259	-1.35769	0.0967742	3.85715	0.933181	0.373272	1	0	0	0	0	0	0	0	0	
0.962	0.259259	-1.35769	0.0967742	3.85715	0.933181	0.373272	1	0	0	0	0	0	0	0	0	
0.963	0.259259	-1.35769	0.0967742	3.85715	0.933181	0.373272	1	0	0	0	0	0	0	0	0	
0.964	0.259259	-1.35769	0.0967742	3.85715	0.933181	0.373272	1	0	0	0	0	0	0	0	0	
0.965	0.259259	-1.35769	0.0967742	3.85715	0.933181	0.373272	1	0	0	0	0	0	0	0	0	
0.966	0.259259	-1.35769	0.0967742	3.85715	0.933181	0.373272	1	0	0	0	0	0	0	0	0	
0.967	0.259259	-1.35769	0.0967742	3.85715	0.933181	0.373272	1	0	0	0	0	0	0	0	0	
0.968	0.259259	-1.35769	0.0967742	3.85715	0.933181	0.373272	1	0	0	0	0	0	0	0	0	
0.969	0.259259	-1.35769	0.0967742	3.85715	0.933181	0.373272	1	0	0	0	0	0	0	0	0	
0.97	0.259259	-1.35769	0.0967742	3.85715	0.933181	0.373272	1	0	0	0	0	0	0	0	0	
0.971	0.259259	-1.35769	0.0967742	3.85715	0.933181	0.373272	1	0	0	0	0	0	0	0	0	
0.972	0.259259	-1.35769	0.0967742	3.85715	0.933181	0.373272	1	0	0	0	0	0	0	0	0	
0.973	0.259259	-1.35769	0.0967742	3.85715	0.933181	0.373272	1	0	0	0	0	0	0	0	0	
0.974	0.259259	-1.35769	0.0967742	3.85715	0.933181	0.373272	1	0	0	0	0	0	0	0	0	
0.975	0.259259	-1.35769	0.0967742	3.85715	0.933181	0.373272	1	0	0	0	0	0	0	0	0	
0.976	0.259259	-1.35769	0.0967742	3.85715	0.933181	0.373272	1	0	0	0	0	0	0	0	0	
0.977	0.259259	-1.35769	0.0967742	3.85715	0.933181	0.373272	1	0	0	0	0	0	0	0	0	
0.978	0.259259	-1.35769	0.0967742	3.85715	0.933181	0.373272	1	0	0	0	0	0	0	0	0	
0.979	0.259259	-1.35769	0.0967742	3.85715	0.933181	0.373272	1	0	0	0	0	0	0	0	0	
0.98	0.259259	-1.35769	0.0967742	3.85715	0.933181	0.373272	1	0	0	0	0	0	0	0	0	
0.981	0.259259	-1.35769	0.0967742	3.85715	0.933181	0.373272	1	0	0	0	0	0	0	0	0	
0.982	0.259259	-1.35769	0.0967742	3.85715	0.933181	0.373272	1	0	0	0	0	0	0	0	0	
0.983	0.259259	-1.35769	0.0967742	3.85715	0.933181	0.373272	1	0	0	0	0	0	0	0	0	
0.984	0.259259	-1.35769	0.0967742	3.85715	0.933181	0.373272	1	0	0	0	0	0	0	0	0	
0.985	0.259259	-1.35769	0.0967742	3.85715	0.933181	0.373272	1	0	0	0	0	0	0	0	0	
0.986	0.259259	-1.35769	0.0967742	3.85715	0.933181	0.373272	1	0	0	0	0	0	0	0	0	
0.987	0.259259	-1.35769	0.0967742	3.85715	0.933181	0.373272	1	0	0	0	0	0	0	0	0	
0.988	0.259259	-1.35769	0.0967742	3.85715	0.933181	0.373272	1	0	0	0	0	0	0	0	0	
0.989	0.259259	-1.35769	0.0967742	3.85715	0.933181	0.373272	1	0	0	0	0	0	0	0	0	
0.99	0.259259	-1.35769	0.0967742	3.85715	0.933181	0.373272	1	0	0	0	0	0	0	0	0	
0.991	0.259259	-1.35769	0.0967742	3.85715	0.933181	0.373272	1	0	0	0	0	0	0	0	0	
0.992	0.259259	-1.35769	0.0967742	3.85715	0.933181	0.373272	1	0	0	0	0	0	0	0	0	
0.993	0.259259	-1.35769	0.0967742	3.85715	0.933181	0.373272	1	0	0	0	0	0	0	0	0	
0.994	0.259259	-1.35769	0.0967742	3.85715	0.933181	0.373272	1	0	0	0	0	0	0	0	0	
0.995	0.259259	-1.35769	0.0967742	3.85715	0.933181	0.373272	1	0	0	0	0	0	0	0	0	
0.996	0.259259	-1.35769	0.0967742	3.85715	0.933181	0.373272	1	0	0	0	0	0	0	0	0	
0.997	0.259259	-1.35769	0.0967742	3.85715	0.933181	0.373272	1	0	0	0	0	0	0	0	0	
0.998	0.259259	-1.35769	0.0967742	3.85715	0.933181	0.373272	1	0	0	0	0	0	0	0	0	
0.999	0.259259	-1.35769	0.0967742	3.85715	0.933181	0.373272	1	0	0	0	0	0	0	0	0	
1	0.259259	-1.35769	0.0967742	3.85715	0.933181	0.373272	1	0	0	0	0	0	0	0	0	
