|||||||||||||||||||||||||||||||||***SIMULATION: detonation***||||||||||||||||||||||||||||||||||
Sanpshot time = 1.29. Timestep = 3074. Run time = 5 seconds
No. of cells = 1000
#Position	 Density	 Velocity	 Pressure	 Specific_Volume I_Energy	 Temperature	 Species
-0.001	0.764442	0.000336648	1.98008	1.30814	6.47557	0	9.36098e-08	0	0	0	0	0	0	0	0	
0	0.764456	0.000112609	1.98009	1.30812	6.47548	0	9.64535e-08	0	0	0	0	0	0	0	0	
0.001	0.764456	-0.000112609	1.98009	1.30812	6.47548	2.59019	9.64535e-08	0	0	0	0	0	0	0	0	
0.002	0.764442	-0.000336648	1.98008	1.30814	6.47557	2.59023	9.36098e-08	0	0	0	0	0	0	0	0	
0.003	0.763305	-0.000560396	1.98007	1.31009	6.48517	2.59407	9.89414e-08	0	0	0	0	0	0	0	0	
0.004	0.763923	-0.000783621	1.98004	1.30903	6.47986	2.59194	9.78726e-08	0	0	0	0	0	0	0	0	
0.005	0.761451	-0.00100629	1.98002	1.31328	6.50081	2.60032	9.61706e-08	0	0	0	0	0	0	0	0	
0.006	0.760134	-0.0012283	1.97998	1.31556	6.51196	2.60478	8.91842e-08	0	0	0	0	0	0	0	0	
0.007	0.760689	-0.00144959	1.97994	1.3146	6.50708	2.60283	9.26267e-08	0	0	0	0	0	0	0	0	
0.008	0.76216	-0.0016702	1.9799	1.31206	6.49438	2.59775	9.2497e-08	0	0	0	0	0	0	0	0	
0.009	0.763985	-0.0018902	1.97985	1.30893	6.4787	2.59148	9.17046e-08	0	0	0	0	0	0	0	0	
0.01	0.765846	-0.00210972	1.9798	1.30575	6.46278	2.58511	9.16505e-08	0	0	0	0	0	0	0	0	
0.011	0.767521	-0.00232897	1.97974	1.3029	6.4485	2.5794	9.59841e-08	0	0	0	0	0	0	0	0	
0.012	0.768945	-0.00254822	1.97968	1.30048	6.43637	2.57455	9.4098e-08	0	0	0	0	0	0	0	0	
0.013	0.77007	-0.00276779	1.97962	1.29858	6.42677	2.57071	9.39374e-08	0	0	0	0	0	0	0	0	
0.014	0.770872	-0.00298806	1.97956	1.29723	6.41988	2.56795	9.40654e-08	0	0	0	0	0	0	0	0	
0.015	0.771405	-0.00320945	1.9795	1.29634	6.41525	2.5661	9.63575e-08	0	0	0	0	0	0	0	0	
0.016	0.771741	-0.0034324	1.97945	1.29577	6.41227	2.56491	9.54952e-08	0	0	0	0	0	0	0	0	
0.017	0.771923	-0.00365736	1.97939	1.29547	6.41058	2.56423	9.50581e-08	0	0	0	0	0	0	0	0	
0.018	0.771986	-0.0038848	1.97934	1.29536	6.40989	2.56396	9.50978e-08	0	0	0	0	0	0	0	0	
0.019	0.771977	-0.00411512	1.97929	1.29538	6.40982	2.56393	9.33098e-08	0	0	0	0	0	0	0	0	
0.02	0.771943	-0.00434872	1.97925	1.29543	6.40997	2.56399	9.13745e-08	0	0	0	0	0	0	0	0	
0.021	0.771921	-0.00458591	1.97921	1.29547	6.41003	2.56401	9.04493e-08	0	0	0	0	0	0	0	0	
0.022	0.771935	-0.00482695	1.97918	1.29545	6.40982	2.56393	9.09562e-08	0	0	0	0	0	0	0	0	
0.023	0.771998	-0.005072	1.97916	1.29534	6.40922	2.56369	9.25608e-08	0	0	0	0	0	0	0	0	
0.024	0.772115	-0.00532112	1.97914	1.29514	6.40819	2.56328	9.41792e-08	0	0	0	0	0	0	0	0	
0.025	0.772285	-0.00557428	1.97913	1.29486	6.40675	2.5627	9.45528e-08	0	0	0	0	0	0	0	0	
0.026	0.7725	-0.00583134	1.97913	1.2945	6.40495	2.56198	9.37056e-08	0	0	0	0	0	0	0	0	
0.027	0.772751	-0.00609206	1.97913	1.29408	6.40287	2.56115	9.32775e-08	0	0	0	0	0	0	0	0	
0.028	0.773024	-0.00635609	1.97913	1.29362	6.40062	2.56025	9.36945e-08	0	0	0	0	0	0	0	0	
0.029	0.773308	-0.00662302	1.97914	1.29315	6.3983	2.55932	9.31029e-08	0	0	0	0	0	0	0	0	
0.03	0.773593	-0.00689237	1.97915	1.29267	6.39598	2.55839	9.18269e-08	0	0	0	0	0	0	0	0	
0.031	0.773872	-0.00716358	1.97917	1.2922	6.39372	2.55749	9.16348e-08	0	0	0	0	0	0	0	0	
0.032	0.774146	-0.00743609	1.97918	1.29175	6.39149	2.5566	9.22135e-08	0	0	0	0	0	0	0	0	
0.033	0.774422	-0.0077093	1.97919	1.29129	6.38924	2.5557	9.23941e-08	0	0	0	0	0	0	0	0	
0.034	0.774709	-0.00798263	1.9792	1.29081	6.3869	2.55476	9.13346e-08	0	0	0	0	0	0	0	0	
0.035	0.775016	-0.00825553	1.9792	1.2903	6.38438	2.55375	8.97994e-08	0	0	0	0	0	0	0	0	
0.036	0.775349	-0.00852748	1.9792	1.28974	6.38163	2.55265	8.90558e-08	0	0	0	0	0	0	0	0	
0.037	0.775714	-0.00879802	1.97919	1.28914	6.3786	2.55144	8.91935e-08	0	0	0	0	0	0	0	0	
0.038	0.776109	-0.00906677	1.97917	1.28848	6.37531	2.55012	9.00539e-08	0	0	0	0	0	0	0	0	
0.039	0.776534	-0.00933343	1.97915	1.28777	6.37174	2.5487	9.13171e-08	0	0	0	0	0	0	0	0	
0.04	0.776986	-0.00959776	1.97912	1.28702	6.36793	2.54717	9.25588e-08	0	0	0	0	0	0	0	0	
0.041	0.777463	-0.00985963	1.97907	1.28623	6.36388	2.54555	9.33924e-08	0	0	0	0	0	0	0	0	
0.042	0.777964	-0.010119	1.97902	1.28541	6.35962	2.54385	9.3698e-08	0	0	0	0	0	0	0	0	
0.043	0.778486	-0.0103758	1.97896	1.28455	6.35516	2.54206	9.37288e-08	0	0	0	0	0	0	0	0	
0.044	0.779023	-0.0106302	1.97889	1.28366	6.35055	2.54022	9.38268e-08	0	0	0	0	0	0	0	0	
0.045	0.779569	-0.0108822	1.97881	1.28276	6.34584	2.53834	9.3982e-08	0	0	0	0	0	0	0	0	
0.046	0.780114	-0.0111322	1.97872	1.28186	6.34112	2.53645	9.39924e-08	0	0	0	0	0	0	0	0	
0.047	0.780647	-0.0113802	1.97862	1.28099	6.33647	2.53459	9.40996e-08	0	0	0	0	0	0	0	0	
0.048	0.781158	-0.0116266	1.97851	1.28015	6.33197	2.53279	9.47868e-08	0	0	0	0	0	0	0	0	
0.049	0.78164	-0.0118715	1.97839	1.27936	6.32769	2.53108	9.59761e-08	0	0	0	0	0	0	0	0	
0.05	0.782092	-0.0121153	1.97827	1.27862	6.32364	2.52946	9.71579e-08	0	0	0	0	0	0	0	0	
0.051	0.782517	-0.0123582	1.97813	1.27793	6.31978	2.52791	9.77627e-08	0	0	0	0	0	0	0	0	
0.052	0.782925	-0.0126004	1.97799	1.27726	6.31604	2.52642	9.74913e-08	0	0	0	0	0	0	0	0	
0.053	0.783329	-0.0128422	1.97785	1.2766	6.31232	2.52493	9.64856e-08	0	0	0	0	0	0	0	0	
0.054	0.783744	-0.0130838	1.9777	1.27593	6.3085	2.5234	9.50903e-08	0	0	0	0	0	0	0	0	
0.055	0.78418	-0.0133255	1.97754	1.27522	6.3045	2.5218	9.3812e-08	0	0	0	0	0	0	0	0	
0.056	0.784642	-0.0135674	1.97738	1.27447	6.30027	2.52011	9.31095e-08	0	0	0	0	0	0	0	0	
0.057	0.785132	-0.0138098	1.97722	1.27367	6.29582	2.51833	9.30503e-08	0	0	0	0	0	0	0	0	
0.058	0.785644	-0.0140527	1.97705	1.27284	6.29119	2.51647	9.32505e-08	0	0	0	0	0	0	0	0	
0.059	0.786171	-0.0142964	1.97689	1.27199	6.28644	2.51458	9.33211e-08	0	0	0	0	0	0	0	0	
0.06	0.786703	-0.014541	1.97672	1.27113	6.28165	2.51266	9.32644e-08	0	0	0	0	0	0	0	0	
0.061	0.78723	-0.0147867	1.97655	1.27028	6.27691	2.51076	9.32873e-08	0	0	0	0	0	0	0	0	
0.062	0.787747	-0.0150335	1.97638	1.26944	6.27225	2.5089	9.35001e-08	0	0	0	0	0	0	0	0	
0.063	0.78825	-0.0152817	1.97621	1.26863	6.26771	2.50708	9.39581e-08	0	0	0	0	0	0	0	0	
0.064	0.78874	-0.0155313	1.97604	1.26785	6.26329	2.50532	9.46428e-08	0	0	0	0	0	0	0	0	
0.065	0.789218	-0.0157825	1.97588	1.26708	6.25897	2.50359	9.53374e-08	0	0	0	0	0	0	0	0	
0.066	0.789691	-0.0160352	1.97571	1.26632	6.25471	2.50188	9.57508e-08	0	0	0	0	0	0	0	0	
0.067	0.790164	-0.0162895	1.97555	1.26556	6.25045	2.50018	9.5761e-08	0	0	0	0	0	0	0	0	
0.068	0.790643	-0.0165455	1.97539	1.26479	6.24616	2.49847	9.53824e-08	0	0	0	0	0	0	0	0	
0.069	0.791135	-0.0168031	1.97524	1.26401	6.24179	2.49672	9.47219e-08	0	0	0	0	0	0	0	0	
0.07	0.791642	-0.0170624	1.97509	1.2632	6.23732	2.49493	9.4049e-08	0	0	0	0	0	0	0	0	
0.071	0.792166	-0.0173231	1.97494	1.26236	6.23273	2.49309	9.37079e-08	0	0	0	0	0	0	0	0	
0.072	0.792706	-0.0175854	1.9748	1.2615	6.22803	2.49121	9.38539e-08	0	0	0	0	0	0	0	0	
0.073	0.793258	-0.017849	1.97466	1.26062	6.22325	2.4893	9.42731e-08	0	0	0	0	0	0	0	0	
0.074	0.793818	-0.0181138	1.97452	1.25973	6.21842	2.48737	9.45549e-08	0	0	0	0	0	0	0	0	
0.075	0.794383	-0.0183797	1.97438	1.25884	6.21357	2.48543	9.44867e-08	0	0	0	0	0	0	0	0	
0.076	0.794948	-0.0186465	1.97424	1.25794	6.20872	2.48349	9.42383e-08	0	0	0	0	0	0	0	0	
0.077	0.79551	-0.0189141	1.97411	1.25705	6.20391	2.48156	9.4152e-08	0	0	0	0	0	0	0	0	
0.078	0.79607	-0.0191823	1.97397	1.25617	6.19912	2.47965	9.44156e-08	0	0	0	0	0	0	0	0	
0.079	0.796627	-0.019451	1.97384	1.25529	6.19436	2.47774	9.49194e-08	0	0	0	0	0	0	0	0	
0.08	0.797187	-0.0197201	1.9737	1.25441	6.18958	2.47583	9.53728e-08	0	0	0	0	0	0	0	0	
0.081	0.797754	-0.0199895	1.97356	1.25352	6.18474	2.4739	9.55505e-08	0	0	0	0	0	0	0	0	
0.082	0.798335	-0.020259	1.97342	1.25261	6.17979	2.47192	9.54145e-08	0	0	0	0	0	0	0	0	
0.083	0.798936	-0.0205287	1.97327	1.25167	6.17469	2.46987	9.50737e-08	0	0	0	0	0	0	0	0	
0.084	0.799561	-0.0207985	1.97312	1.25069	6.16939	2.46775	9.47099e-08	0	0	0	0	0	0	0	0	
0.085	0.800213	-0.0210685	1.97296	1.24967	6.16387	2.46555	9.44887e-08	0	0	0	0	0	0	0	0	
0.086	0.800889	-0.0213386	1.9728	1.24861	6.15816	2.46327	9.44623e-08	0	0	0	0	0	0	0	0	
0.087	0.801586	-0.0216088	1.97263	1.24753	6.15229	2.46091	9.45744e-08	0	0	0	0	0	0	0	0	
0.088	0.802296	-0.0218792	1.97246	1.24642	6.1463	2.45852	9.47647e-08	0	0	0	0	0	0	0	0	
0.089	0.80301	-0.0221499	1.97228	1.24531	6.14027	2.45611	9.50301e-08	0	0	0	0	0	0	0	0	
0.09	0.803721	-0.0224208	1.97209	1.24421	6.13425	2.4537	9.53688e-08	0	0	0	0	0	0	0	0	
0.091	0.80442	-0.0226921	1.97189	1.24313	6.1283	2.45132	9.57148e-08	0	0	0	0	0	0	0	0	
0.092	0.805103	-0.0229637	1.97169	1.24208	6.12246	2.44899	9.59626e-08	0	0	0	0	0	0	0	0	
0.093	0.805765	-0.0232357	1.97147	1.24106	6.11677	2.44671	9.6023e-08	0	0	0	0	0	0	0	0	
0.094	0.806402	-0.0235082	1.97125	1.24008	6.11126	2.4445	9.58552e-08	0	0	0	0	0	0	0	0	
0.095	0.807009	-0.0237811	1.97102	1.23914	6.10594	2.44238	9.54862e-08	0	0	0	0	0	0	0	0	
0.096	0.807585	-0.0240544	1.97078	1.23826	6.10085	2.44034	9.5009e-08	0	0	0	0	0	0	0	0	
0.097	0.808125	-0.0243282	1.97053	1.23743	6.09601	2.4384	9.45741e-08	0	0	0	0	0	0	0	0	
0.098	0.808627	-0.0246025	1.97028	1.23666	6.09144	2.43657	9.4363e-08	0	0	0	0	0	0	0	0	
0.099	0.809089	-0.0248773	1.97002	1.23596	6.08715	2.43486	9.44863e-08	0	0	0	0	0	0	0	0	
0.1	0.809509	-0.0251527	1.96975	1.23532	6.08316	2.43326	9.48565e-08	0	0	0	0	0	0	0	0	
0.101	0.809888	-0.0254289	1.96947	1.23474	6.07947	2.43179	9.52079e-08	0	0	0	0	0	0	0	0	
0.102	0.810226	-0.0257058	1.96919	1.23422	6.07606	2.43042	9.53096e-08	0	0	0	0	0	0	0	0	
0.103	0.810525	-0.0259838	1.96891	1.23377	6.07294	2.42918	9.51337e-08	0	0	0	0	0	0	0	0	
0.104	0.810786	-0.0262629	1.96862	1.23337	6.0701	2.42804	9.48011e-08	0	0	0	0	0	0	0	0	
0.105	0.811011	-0.0265435	1.96833	1.23303	6.06751	2.427	9.44264e-08	0	0	0	0	0	0	0	0	
0.106	0.811202	-0.0268258	1.96803	1.23274	6.06517	2.42607	9.40646e-08	0	0	0	0	0	0	0	0	
0.107	0.811364	-0.0271101	1.96774	1.23249	6.06305	2.42522	9.37617e-08	0	0	0	0	0	0	0	0	
0.108	0.811498	-0.0273968	1.96744	1.23229	6.06114	2.42445	9.35778e-08	0	0	0	0	0	0	0	0	
0.109	0.811609	-0.0276862	1.96715	1.23212	6.0594	2.42376	9.35539e-08	0	0	0	0	0	0	0	0	
0.11	0.811701	-0.0279786	1.96685	1.23198	6.05782	2.42313	9.37031e-08	0	0	0	0	0	0	0	0	
0.111	0.811776	-0.0282745	1.96656	1.23187	6.05636	2.42254	9.40372e-08	0	0	0	0	0	0	0	0	
0.112	0.811837	-0.028574	1.96627	1.23177	6.05501	2.42201	9.45536e-08	0	0	0	0	0	0	0	0	
0.113	0.811889	-0.0288776	1.96599	1.2317	6.05375	2.4215	9.51859e-08	0	0	0	0	0	0	0	0	
0.114	0.811932	-0.0291854	1.96571	1.23163	6.05256	2.42102	9.57979e-08	0	0	0	0	0	0	0	0	
0.115	0.81197	-0.0294977	1.96543	1.23157	6.05142	2.42057	9.62446e-08	0	0	0	0	0	0	0	0	
0.116	0.812003	-0.0298145	1.96515	1.23152	6.05033	2.42013	9.64424e-08	0	0	0	0	0	0	0	0	
0.117	0.812032	-0.030136	1.96488	1.23148	6.04927	2.41971	9.63898e-08	0	0	0	0	0	0	0	0	
0.118	0.812057	-0.0304622	1.96461	1.23144	6.04824	2.4193	9.61252e-08	0	0	0	0	0	0	0	0	
0.119	0.812078	-0.0307931	1.96433	1.23141	6.04725	2.4189	9.56808e-08	0	0	0	0	0	0	0	0	
0.12	0.812093	-0.0311286	1.96406	1.23139	6.04629	2.41852	9.5094e-08	0	0	0	0	0	0	0	0	
0.121	0.812101	-0.0314685	1.96379	1.23137	6.04539	2.41816	9.44572e-08	0	0	0	0	0	0	0	0	
0.122	0.812097	-0.0318127	1.96351	1.23138	6.04456	2.41782	9.39273e-08	0	0	0	0	0	0	0	0	
0.123	0.812081	-0.032161	1.96323	1.2314	6.04382	2.41753	9.36607e-08	0	0	0	0	0	0	0	0	
0.124	0.812048	-0.0325132	1.96294	1.23145	6.04318	2.41727	9.37182e-08	0	0	0	0	0	0	0	0	
0.125	0.811996	-0.0328692	1.96264	1.23153	6.04265	2.41706	9.40123e-08	0	0	0	0	0	0	0	0	
0.126	0.811923	-0.0332287	1.96234	1.23164	6.04226	2.4169	9.43488e-08	0	0	0	0	0	0	0	0	
0.127	0.811828	-0.0335916	1.96202	1.23179	6.04199	2.4168	9.45406e-08	0	0	0	0	0	0	0	0	
0.128	0.811711	-0.0339577	1.9617	1.23197	6.04186	2.41675	9.45107e-08	0	0	0	0	0	0	0	0	
0.129	0.811571	-0.0343269	1.96136	1.23218	6.04186	2.41674	9.43177e-08	0	0	0	0	0	0	0	0	
0.13	0.81141	-0.0346989	1.96101	1.23242	6.04198	2.41679	9.40982e-08	0	0	0	0	0	0	0	0	
0.131	0.811228	-0.0350739	1.96064	1.2327	6.04221	2.41688	9.39745e-08	0	0	0	0	0	0	0	0	
0.132	0.811027	-0.0354516	1.96026	1.233	6.04253	2.41701	9.39852e-08	0	0	0	0	0	0	0	0	
0.133	0.810808	-0.0358319	1.95987	1.23334	6.04294	2.41718	9.40782e-08	0	0	0	0	0	0	0	0	
0.134	0.810574	-0.0362149	1.95945	1.23369	6.04341	2.41737	9.41554e-08	0	0	0	0	0	0	0	0	
0.135	0.810325	-0.0366004	1.95902	1.23407	6.04395	2.41758	9.41362e-08	0	0	0	0	0	0	0	0	
0.136	0.810064	-0.0369883	1.95858	1.23447	6.04452	2.41781	9.40039e-08	0	0	0	0	0	0	0	0	
0.137	0.809793	-0.0373787	1.95812	1.23488	6.04512	2.41805	9.38032e-08	0	0	0	0	0	0	0	0	
0.138	0.809512	-0.0377713	1.95764	1.23531	6.04574	2.4183	9.35939e-08	0	0	0	0	0	0	0	0	
0.139	0.809224	-0.0381662	1.95715	1.23575	6.04637	2.41855	9.34045e-08	0	0	0	0	0	0	0	0	
0.14	0.808929	-0.0385632	1.95664	1.2362	6.047	2.4188	9.32197e-08	0	0	0	0	0	0	0	0	
0.141	0.80863	-0.0389624	1.95611	1.23666	6.04762	2.41905	9.3001e-08	0	0	0	0	0	0	0	0	
0.142	0.808328	-0.0393638	1.95557	1.23712	6.04821	2.41928	9.27197e-08	0	0	0	0	0	0	0	0	
0.143	0.808026	-0.0397673	1.95502	1.23758	6.04875	2.4195	9.23819e-08	0	0	0	0	0	0	0	0	
0.144	0.807727	-0.0401732	1.95445	1.23804	6.04923	2.41969	9.20332e-08	0	0	0	0	0	0	0	0	
0.145	0.807433	-0.0405816	1.95387	1.23849	6.04963	2.41985	9.17379e-08	0	0	0	0	0	0	0	0	
0.146	0.807148	-0.0409928	1.95328	1.23893	6.04993	2.41997	9.15453e-08	0	0	0	0	0	0	0	0	
0.147	0.806872	-0.0414072	1.95267	1.23935	6.05013	2.42005	9.1465e-08	0	0	0	0	0	0	0	0	
0.148	0.806606	-0.0418252	1.95206	1.23976	6.05023	2.42009	9.1469e-08	0	0	0	0	0	0	0	0	
0.149	0.806349	-0.0422474	1.95144	1.24016	6.05023	2.42009	9.15142e-08	0	0	0	0	0	0	0	0	
0.15	0.806099	-0.0426745	1.95081	1.24054	6.05016	2.42006	9.15683e-08	0	0	0	0	0	0	0	0	
0.151	0.805853	-0.0431071	1.95018	1.24092	6.05004	2.42001	9.16225e-08	0	0	0	0	0	0	0	0	
0.152	0.805609	-0.043546	1.94954	1.2413	6.04989	2.41996	9.16851e-08	0	0	0	0	0	0	0	0	
0.153	0.805363	-0.0439922	1.9489	1.24168	6.04975	2.4199	9.17635e-08	0	0	0	0	0	0	0	0	
0.154	0.805112	-0.0444463	1.94825	1.24206	6.04963	2.41985	9.18504e-08	0	0	0	0	0	0	0	0	
0.155	0.804855	-0.0449091	1.94761	1.24246	6.04956	2.41983	9.19259e-08	0	0	0	0	0	0	0	0	
0.156	0.80459	-0.0453815	1.94696	1.24287	6.04955	2.41982	9.19683e-08	0	0	0	0	0	0	0	0	
0.157	0.804316	-0.0458641	1.94632	1.24329	6.04961	2.41984	9.19604e-08	0	0	0	0	0	0	0	0	
0.158	0.804034	-0.0463574	1.94567	1.24373	6.04973	2.41989	9.18936e-08	0	0	0	0	0	0	0	0	
0.159	0.803744	-0.0468618	1.94503	1.24418	6.04991	2.41996	9.17747e-08	0	0	0	0	0	0	0	0	
0.16	0.803447	-0.0473776	1.94439	1.24464	6.05014	2.42006	9.16315e-08	0	0	0	0	0	0	0	0	
0.161	0.803145	-0.0479047	1.94374	1.2451	6.05041	2.42016	9.15033e-08	0	0	0	0	0	0	0	0	
0.162	0.802839	-0.0484431	1.9431	1.24558	6.05071	2.42028	9.14151e-08	0	0	0	0	0	0	0	0	
0.163	0.80253	-0.0489924	1.94245	1.24606	6.05103	2.42041	9.1359e-08	0	0	0	0	0	0	0	0	
0.164	0.802219	-0.0495521	1.9418	1.24654	6.05135	2.42054	9.13014e-08	0	0	0	0	0	0	0	0	
0.165	0.801907	-0.0501215	1.94115	1.24703	6.05166	2.42066	9.1218e-08	0	0	0	0	0	0	0	0	
0.166	0.801595	-0.0506998	1.94049	1.24751	6.05196	2.42078	9.11301e-08	0	0	0	0	0	0	0	0	
0.167	0.801284	-0.0512859	1.93982	1.248	6.05223	2.42089	9.11137e-08	0	0	0	0	0	0	0	0	
0.168	0.800972	-0.0518789	1.93914	1.24848	6.05247	2.42099	9.1273e-08	0	0	0	0	0	0	0	0	
0.169	0.800661	-0.0524774	1.93846	1.24897	6.05267	2.42107	9.16913e-08	0	0	0	0	0	0	0	0	
0.17	0.800351	-0.0530803	1.93776	1.24945	6.05284	2.42114	9.23878e-08	0	0	0	0	0	0	0	0	
0.171	0.800043	-0.0536862	1.93705	1.24993	6.05296	2.42118	9.33031e-08	0	0	0	0	0	0	0	0	
0.172	0.799735	-0.0542939	1.93633	1.25041	6.05303	2.42121	9.43187e-08	0	0	0	0	0	0	0	0	
0.173	0.79943	-0.054902	1.9356	1.25089	6.05305	2.42122	9.52977e-08	0	0	0	0	0	0	0	0	
0.174	0.799128	-0.0555093	1.93485	1.25136	6.05301	2.4212	9.61243e-08	0	0	0	0	0	0	0	0	
0.175	0.79883	-0.0561145	1.9341	1.25183	6.0529	2.42116	9.67244e-08	0	0	0	0	0	0	0	0	
0.176	0.798536	-0.0567165	1.93333	1.25229	6.05273	2.42109	9.7063e-08	0	0	0	0	0	0	0	0	
0.177	0.798248	-0.057314	1.93256	1.25274	6.05249	2.421	9.71287e-08	0	0	0	0	0	0	0	0	
0.178	0.797965	-0.0579059	1.93177	1.25319	6.05219	2.42088	9.69181e-08	0	0	0	0	0	0	0	0	
0.179	0.797688	-0.0584912	1.93099	1.25362	6.05183	2.42073	9.64291e-08	0	0	0	0	0	0	0	0	
0.18	0.797417	-0.0590689	1.9302	1.25405	6.05141	2.42056	9.56658e-08	0	0	0	0	0	0	0	0	
0.181	0.79715	-0.059638	1.92941	1.25447	6.05095	2.42038	9.46492e-08	0	0	0	0	0	0	0	0	
0.182	0.796889	-0.0601976	1.92862	1.25488	6.05046	2.42018	9.34257e-08	0	0	0	0	0	0	0	0	
0.183	0.796631	-0.0607468	1.92783	1.25529	6.04995	2.41998	9.20708e-08	0	0	0	0	0	0	0	0	
0.184	0.796377	-0.0612847	1.92705	1.25569	6.04944	2.41978	9.06829e-08	0	0	0	0	0	0	0	0	
0.185	0.796126	-0.0618107	1.92628	1.25608	6.04893	2.41957	8.93711e-08	0	0	0	0	0	0	0	0	
0.186	0.795877	-0.062324	1.92553	1.25648	6.04844	2.41938	8.8238e-08	0	0	0	0	0	0	0	0	
0.187	0.795631	-0.062824	1.92478	1.25686	6.04797	2.41919	8.73634e-08	0	0	0	0	0	0	0	0	
0.188	0.795389	-0.0633102	1.92405	1.25725	6.04752	2.41901	8.67898e-08	0	0	0	0	0	0	0	0	
0.189	0.795149	-0.0637821	1.92334	1.25763	6.04711	2.41884	8.6517e-08	0	0	0	0	0	0	0	0	
0.19	0.794914	-0.0642395	1.92265	1.258	6.04673	2.41869	8.65035e-08	0	0	0	0	0	0	0	0	
0.191	0.794684	-0.0646823	1.92199	1.25836	6.04639	2.41855	8.6677e-08	0	0	0	0	0	0	0	0	
0.192	0.794459	-0.0651105	1.92134	1.25872	6.04607	2.41843	8.69519e-08	0	0	0	0	0	0	0	0	
0.193	0.794241	-0.0655243	1.92073	1.25906	6.04579	2.41832	8.72477e-08	0	0	0	0	0	0	0	0	
0.194	0.79403	-0.065924	1.92014	1.2594	6.04554	2.41822	8.75065e-08	0	0	0	0	0	0	0	0	
0.195	0.793828	-0.0663103	1.91958	1.25972	6.04532	2.41813	8.77027e-08	0	0	0	0	0	0	0	0	
0.196	0.793635	-0.0666837	1.91905	1.26003	6.04513	2.41805	8.7842e-08	0	0	0	0	0	0	0	0	
0.197	0.793451	-0.0670452	1.91855	1.26032	6.04496	2.41798	8.79509e-08	0	0	0	0	0	0	0	0	
0.198	0.793278	-0.0673956	1.91809	1.26059	6.04482	2.41793	8.80596e-08	0	0	0	0	0	0	0	0	
0.199	0.793115	-0.0677359	1.91766	1.26085	6.04471	2.41788	8.81847e-08	0	0	0	0	0	0	0	0	
0.2	0.792963	-0.0680672	1.91727	1.26109	6.04462	2.41785	8.83199e-08	0	0	0	0	0	0	0	0	
0.201	0.792823	-0.0683906	1.91691	1.26132	6.04456	2.41783	8.8437e-08	0	0	0	0	0	0	0	0	
0.202	0.792694	-0.0687069	1.91658	1.26152	6.04453	2.41781	8.84979e-08	0	0	0	0	0	0	0	0	
0.203	0.792576	-0.069017	1.9163	1.26171	6.04452	2.41781	8.84714e-08	0	0	0	0	0	0	0	0	
0.204	0.79247	-0.0693217	1.91604	1.26188	6.04453	2.41781	8.83479e-08	0	0	0	0	0	0	0	0	
0.205	0.792375	-0.0696216	1.91582	1.26203	6.04456	2.41782	8.81443e-08	0	0	0	0	0	0	0	0	
0.206	0.79229	-0.0699171	1.91563	1.26216	6.0446	2.41784	8.78975e-08	0	0	0	0	0	0	0	0	
0.207	0.792216	-0.0702085	1.91547	1.26228	6.04466	2.41786	8.76507e-08	0	0	0	0	0	0	0	0	
0.208	0.792152	-0.0704958	1.91534	1.26238	6.04473	2.41789	8.74376e-08	0	0	0	0	0	0	0	0	
0.209	0.792097	-0.0707789	1.91523	1.26247	6.0448	2.41792	8.7273e-08	0	0	0	0	0	0	0	0	
0.21	0.792051	-0.0710576	1.91514	1.26255	6.04488	2.41795	8.71526e-08	0	0	0	0	0	0	0	0	
0.211	0.792011	-0.0713315	1.91507	1.26261	6.04496	2.41798	8.70599e-08	0	0	0	0	0	0	0	0	
0.212	0.791979	-0.0716	1.91502	1.26266	6.04504	2.41802	8.69769e-08	0	0	0	0	0	0	0	0	
0.213	0.791951	-0.0718626	1.91497	1.2627	6.04511	2.41804	8.6892e-08	0	0	0	0	0	0	0	0	
0.214	0.791928	-0.0721186	1.91494	1.26274	6.04518	2.41807	8.68018e-08	0	0	0	0	0	0	0	0	
0.215	0.791907	-0.0723673	1.91491	1.26277	6.04524	2.4181	8.67095e-08	0	0	0	0	0	0	0	0	
0.216	0.791889	-0.0726082	1.91488	1.2628	6.0453	2.41812	8.66204e-08	0	0	0	0	0	0	0	0	
0.217	0.79187	-0.0728408	1.91485	1.26283	6.04535	2.41814	8.65398e-08	0	0	0	0	0	0	0	0	
0.218	0.791852	-0.0730646	1.91482	1.26286	6.04539	2.41816	8.64723e-08	0	0	0	0	0	0	0	0	
0.219	0.791832	-0.0732793	1.91478	1.26289	6.04543	2.41817	8.64237e-08	0	0	0	0	0	0	0	0	
0.22	0.791809	-0.0734847	1.91474	1.26293	6.04546	2.41818	8.64012e-08	0	0	0	0	0	0	0	0	
0.221	0.791784	-0.0736809	1.91469	1.26297	6.04549	2.41819	8.64119e-08	0	0	0	0	0	0	0	0	
0.222	0.791756	-0.0738678	1.91463	1.26301	6.04551	2.4182	8.64604e-08	0	0	0	0	0	0	0	0	
0.223	0.791725	-0.0740456	1.91456	1.26307	6.04552	2.41821	8.65457e-08	0	0	0	0	0	0	0	0	
0.224	0.791689	-0.0742146	1.91447	1.26312	6.04554	2.41822	8.66594e-08	0	0	0	0	0	0	0	0	
0.225	0.791648	-0.0743752	1.91438	1.26319	6.04556	2.41822	8.67867e-08	0	0	0	0	0	0	0	0	
0.226	0.791603	-0.0745278	1.91428	1.26326	6.04558	2.41823	8.69085e-08	0	0	0	0	0	0	0	0	
0.227	0.791552	-0.0746728	1.91416	1.26334	6.04561	2.41824	8.70038e-08	0	0	0	0	0	0	0	0	
0.228	0.791495	-0.0748106	1.91404	1.26343	6.04566	2.41826	8.70533e-08	0	0	0	0	0	0	0	0	
0.229	0.791432	-0.0749416	1.91391	1.26353	6.04572	2.41829	8.70417e-08	0	0	0	0	0	0	0	0	
0.23	0.791362	-0.0750665	1.91377	1.26364	6.04581	2.41833	8.69609e-08	0	0	0	0	0	0	0	0	
0.231	0.791286	-0.0751854	1.91362	1.26377	6.04593	2.41837	8.68111e-08	0	0	0	0	0	0	0	0	
0.232	0.791203	-0.0752989	1.91347	1.2639	6.04608	2.41843	8.6602e-08	0	0	0	0	0	0	0	0	
0.233	0.791114	-0.0754074	1.91331	1.26404	6.04625	2.4185	8.63516e-08	0	0	0	0	0	0	0	0	
0.234	0.791022	-0.0755111	1.91315	1.26419	6.04644	2.41858	8.60838e-08	0	0	0	0	0	0	0	0	
0.235	0.790927	-0.0756103	1.91298	1.26434	6.04664	2.41866	8.58249e-08	0	0	0	0	0	0	0	0	
0.236	0.790834	-0.0757055	1.91281	1.26449	6.04683	2.41873	8.55995e-08	0	0	0	0	0	0	0	0	
0.237	0.790744	-0.0757968	1.91265	1.26463	6.04699	2.4188	8.5428e-08	0	0	0	0	0	0	0	0	
0.238	0.790662	-0.0758846	1.91248	1.26476	6.0471	2.41884	8.53232e-08	0	0	0	0	0	0	0	0	
0.239	0.790591	-0.0759692	1.91232	1.26488	6.04713	2.41885	8.52903e-08	0	0	0	0	0	0	0	0	
0.24	0.790534	-0.0760508	1.91217	1.26497	6.04708	2.41883	8.53262e-08	0	0	0	0	0	0	0	0	
0.241	0.790494	-0.0761297	1.91202	1.26503	6.04692	2.41877	8.54209e-08	0	0	0	0	0	0	0	0	
0.242	0.790473	-0.0762063	1.91189	1.26506	6.04665	2.41866	8.55597e-08	0	0	0	0	0	0	0	0	
0.243	0.790472	-0.0762808	1.91176	1.26507	6.04627	2.41851	8.57254e-08	0	0	0	0	0	0	0	0	
0.244	0.790491	-0.0763535	1.91166	1.26504	6.04579	2.41832	8.59009e-08	0	0	0	0	0	0	0	0	
0.245	0.790529	-0.0764245	1.91157	1.26498	6.04523	2.41809	8.60714e-08	0	0	0	0	0	0	0	0	
0.246	0.790584	-0.076494	1.91151	1.26489	6.0446	2.41784	8.6226e-08	0	0	0	0	0	0	0	0	
0.247	0.790653	-0.0765618	1.91147	1.26478	6.04394	2.41758	8.63581e-08	0	0	0	0	0	0	0	0	
0.248	0.790734	-0.0766278	1.91145	1.26465	6.04327	2.41731	8.6465e-08	0	0	0	0	0	0	0	0	
0.249	0.790824	-0.0766916	1.91146	1.2645	6.04263	2.41705	8.6547e-08	0	0	0	0	0	0	0	0	
0.25	0.790919	-0.0767527	1.91151	1.26435	6.04205	2.41682	8.66065e-08	0	0	0	0	0	0	0	0	
0.251	0.791017	-0.0768102	1.91158	1.26419	6.04154	2.41662	8.66471e-08	0	0	0	0	0	0	0	0	
0.252	0.791116	-0.076863	1.91169	1.26404	6.04113	2.41645	8.66727e-08	0	0	0	0	0	0	0	0	
0.253	0.791215	-0.0769101	1.91184	1.26388	6.04084	2.41634	8.66873e-08	0	0	0	0	0	0	0	0	
0.254	0.791311	-0.0769498	1.91202	1.26373	6.04067	2.41627	8.66944e-08	0	0	0	0	0	0	0	0	
0.255	0.791405	-0.0769805	1.91223	1.26358	6.04063	2.41625	8.66967e-08	0	0	0	0	0	0	0	0	
0.256	0.791497	-0.0770006	1.91248	1.26343	6.04072	2.41629	8.66957e-08	0	0	0	0	0	0	0	0	
0.257	0.791586	-0.0770082	1.91277	1.26329	6.04094	2.41637	8.66917e-08	0	0	0	0	0	0	0	0	
0.258	0.791675	-0.0770015	1.91309	1.26314	6.04127	2.41651	8.66836e-08	0	0	0	0	0	0	0	0	
0.259	0.791764	-0.0769787	1.91344	1.263	6.0417	2.41668	8.66693e-08	0	0	0	0	0	0	0	0	
0.26	0.791854	-0.0769379	1.91383	1.26286	6.04224	2.41689	8.66462e-08	0	0	0	0	0	0	0	0	
0.261	0.791946	-0.0768777	1.91425	1.26271	6.04285	2.41714	8.66123e-08	0	0	0	0	0	0	0	0	
0.262	0.792042	-0.0767964	1.9147	1.26256	6.04354	2.41742	8.65669e-08	0	0	0	0	0	0	0	0	
0.263	0.792142	-0.0766927	1.91518	1.2624	6.04429	2.41772	8.65115e-08	0	0	0	0	0	0	0	0	
0.264	0.792248	-0.0765655	1.91569	1.26223	6.04509	2.41804	8.64492e-08	0	0	0	0	0	0	0	0	
0.265	0.79236	-0.0764137	1.91622	1.26205	6.04593	2.41837	8.63847e-08	0	0	0	0	0	0	0	0	
0.266	0.79248	-0.0762367	1.91679	1.26186	6.0468	2.41872	8.63223e-08	0	0	0	0	0	0	0	0	
0.267	0.792608	-0.0760341	1.91738	1.26166	6.04769	2.41908	8.62645e-08	0	0	0	0	0	0	0	0	
0.268	0.792745	-0.0758059	1.918	1.26144	6.04859	2.41943	8.62109e-08	0	0	0	0	0	0	0	0	
0.269	0.792893	-0.0755523	1.91864	1.2612	6.04948	2.41979	8.61574e-08	0	0	0	0	0	0	0	0	
0.27	0.793051	-0.0752738	1.9193	1.26095	6.05037	2.42015	8.60973e-08	0	0	0	0	0	0	0	0	
0.271	0.793222	-0.0749712	1.91999	1.26068	6.05124	2.4205	8.60224e-08	0	0	0	0	0	0	0	0	
0.272	0.793405	-0.0746457	1.9207	1.26039	6.05208	2.42083	8.59254e-08	0	0	0	0	0	0	0	0	
0.273	0.793601	-0.0742984	1.92143	1.26008	6.05289	2.42116	8.58022e-08	0	0	0	0	0	0	0	0	
0.274	0.79381	-0.0739309	1.92218	1.25975	6.05366	2.42146	8.56533e-08	0	0	0	0	0	0	0	0	
0.275	0.794032	-0.0735444	1.92295	1.2594	6.05439	2.42176	8.54851e-08	0	0	0	0	0	0	0	0	
0.276	0.794266	-0.0731408	1.92374	1.25902	6.05509	2.42204	8.53095e-08	0	0	0	0	0	0	0	0	
0.277	0.794511	-0.0727217	1.92454	1.25864	6.05574	2.4223	8.51428e-08	0	0	0	0	0	0	0	0	
0.278	0.794766	-0.0722889	1.92536	1.25823	6.05636	2.42255	8.50036e-08	0	0	0	0	0	0	0	0	
0.279	0.79503	-0.0718442	1.92618	1.25781	6.05695	2.42278	8.49104e-08	0	0	0	0	0	0	0	0	
0.28	0.795301	-0.0713895	1.92702	1.25739	6.05752	2.42301	8.48787e-08	0	0	0	0	0	0	0	0	
0.281	0.795576	-0.070927	1.92787	1.25695	6.05808	2.42323	8.49194e-08	0	0	0	0	0	0	0	0	
0.282	0.795855	-0.0704586	1.92872	1.25651	6.05863	2.42345	8.50365e-08	0	0	0	0	0	0	0	0	
0.283	0.796135	-0.0699862	1.92957	1.25607	6.05918	2.42367	8.52275e-08	0	0	0	0	0	0	0	0	
0.284	0.796414	-0.0695117	1.93043	1.25563	6.05974	2.4239	8.54832e-08	0	0	0	0	0	0	0	0	
0.285	0.796692	-0.0690368	1.93128	1.25519	6.06032	2.42413	8.57893e-08	0	0	0	0	0	0	0	0	
0.286	0.796967	-0.0685633	1.93214	1.25476	6.06091	2.42436	8.6128e-08	0	0	0	0	0	0	0	0	
0.287	0.797238	-0.0680925	1.93299	1.25433	6.06153	2.42461	8.64799e-08	0	0	0	0	0	0	0	0	
0.288	0.797505	-0.0676259	1.93384	1.25391	6.06217	2.42487	8.68258e-08	0	0	0	0	0	0	0	0	
0.289	0.797766	-0.0671648	1.93469	1.2535	6.06284	2.42513	8.71483e-08	0	0	0	0	0	0	0	0	
0.29	0.798023	-0.0667101	1.93554	1.2531	6.06353	2.42541	8.74322e-08	0	0	0	0	0	0	0	0	
0.291	0.798275	-0.0662627	1.93638	1.2527	6.06426	2.4257	8.76658e-08	0	0	0	0	0	0	0	0	
0.292	0.798523	-0.065823	1.93722	1.25231	6.06502	2.42601	8.78404e-08	0	0	0	0	0	0	0	0	
0.293	0.798768	-0.0653912	1.93807	1.25193	6.0658	2.42632	8.79508e-08	0	0	0	0	0	0	0	0	
0.294	0.799009	-0.0649671	1.93891	1.25155	6.06662	2.42665	8.79944e-08	0	0	0	0	0	0	0	0	
0.295	0.799249	-0.0645501	1.93977	1.25117	6.06747	2.42699	8.79715e-08	0	0	0	0	0	0	0	0	
0.296	0.799489	-0.0641388	1.94063	1.2508	6.06835	2.42734	8.78852e-08	0	0	0	0	0	0	0	0	
0.297	0.799729	-0.0637315	1.9415	1.25042	6.06926	2.4277	8.77404e-08	0	0	0	0	0	0	0	0	
0.298	0.799971	-0.063326	1.94239	1.25004	6.0702	2.42808	8.7544e-08	0	0	0	0	0	0	0	0	
0.299	0.800218	-0.0629199	1.9433	1.24966	6.07117	2.42847	8.73044e-08	0	0	0	0	0	0	0	0	
0.3	0.80047	-0.0625101	1.94424	1.24927	6.07218	2.42887	8.70306e-08	0	0	0	0	0	0	0	0	
0.301	0.800731	-0.0620935	1.9452	1.24886	6.07321	2.42928	8.67319e-08	0	0	0	0	0	0	0	0	
0.302	0.801002	-0.0616666	1.9462	1.24844	6.07426	2.42971	8.64173e-08	0	0	0	0	0	0	0	0	
0.303	0.801287	-0.0612251	1.94724	1.24799	6.07534	2.43014	8.60953e-08	0	0	0	0	0	0	0	0	
0.304	0.801588	-0.0607644	1.94832	1.24752	6.07644	2.43058	8.57734e-08	0	0	0	0	0	0	0	0	
0.305	0.801906	-0.0602794	1.94945	1.24703	6.07755	2.43102	8.54583e-08	0	0	0	0	0	0	0	0	
0.306	0.802245	-0.0597647	1.95063	1.2465	6.07867	2.43147	8.51561e-08	0	0	0	0	0	0	0	0	
0.307	0.802606	-0.0592155	1.95187	1.24594	6.0798	2.43192	8.48725e-08	0	0	0	0	0	0	0	0	
0.308	0.802992	-0.0586272	1.95318	1.24534	6.08094	2.43238	8.46127e-08	0	0	0	0	0	0	0	0	
0.309	0.803405	-0.057996	1.95455	1.2447	6.0821	2.43284	8.43816e-08	0	0	0	0	0	0	0	0	
0.31	0.803846	-0.057318	1.95601	1.24402	6.08327	2.43331	8.41836e-08	0	0	0	0	0	0	0	0	
0.311	0.804318	-0.0565894	1.95754	1.24329	6.08447	2.43379	8.40227e-08	0	0	0	0	0	0	0	0	
0.312	0.804819	-0.0558061	1.95915	1.24252	6.0857	2.43428	8.39019e-08	0	0	0	0	0	0	0	0	
0.313	0.805351	-0.0549641	1.96086	1.2417	6.08697	2.43479	8.38233e-08	0	0	0	0	0	0	0	0	
0.314	0.805912	-0.0540595	1.96266	1.24083	6.0883	2.43532	8.37877e-08	0	0	0	0	0	0	0	0	
0.315	0.806504	-0.0530898	1.96454	1.23992	6.08969	2.43588	8.37948e-08	0	0	0	0	0	0	0	0	
0.316	0.807126	-0.0520537	1.96653	1.23896	6.09116	2.43647	8.38428e-08	0	0	0	0	0	0	0	0	
0.317	0.807778	-0.0509512	1.96863	1.23796	6.09273	2.43709	8.39291e-08	0	0	0	0	0	0	0	0	
0.318	0.808461	-0.0497831	1.97083	1.23692	6.09439	2.43776	8.405e-08	0	0	0	0	0	0	0	0	
0.319	0.809174	-0.0485498	1.97315	1.23583	6.09618	2.43847	8.42012e-08	0	0	0	0	0	0	0	0	
0.32	0.809917	-0.0472509	1.97558	1.23469	6.09809	2.43924	8.4378e-08	0	0	0	0	0	0	0	0	
0.321	0.810688	-0.0458848	1.97812	1.23352	6.10013	2.44005	8.45755e-08	0	0	0	0	0	0	0	0	
0.322	0.811485	-0.0444504	1.98077	1.23231	6.1023	2.44092	8.47892e-08	0	0	0	0	0	0	0	0	
0.323	0.812308	-0.0429478	1.98353	1.23106	6.10461	2.44184	8.50145e-08	0	0	0	0	0	0	0	0	
0.324	0.813157	-0.0413793	1.98639	1.22977	6.10704	2.44282	8.52474e-08	0	0	0	0	0	0	0	0	
0.325	0.814032	-0.0397487	1.98937	1.22845	6.10962	2.44385	8.5484e-08	0	0	0	0	0	0	0	0	
0.326	0.814934	-0.0380591	1.99246	1.22709	6.11234	2.44494	8.57201e-08	0	0	0	0	0	0	0	0	
0.327	0.81586	-0.0363119	1.99566	1.2257	6.1152	2.44608	8.59514e-08	0	0	0	0	0	0	0	0	
0.328	0.816809	-0.034507	1.99896	1.22428	6.11819	2.44728	8.61726e-08	0	0	0	0	0	0	0	0	
0.329	0.817781	-0.032646	2.00235	1.22282	6.1213	2.44852	8.63778e-08	0	0	0	0	0	0	0	0	
0.33	0.818776	-0.0307322	2.00585	1.22134	6.12453	2.44981	8.65602e-08	0	0	0	0	0	0	0	0	
0.331	0.819793	-0.0287686	2.00943	1.21982	6.12787	2.45115	8.67127e-08	0	0	0	0	0	0	0	0	
0.332	0.820831	-0.0267556	2.01311	1.21828	6.13131	2.45252	8.6828e-08	0	0	0	0	0	0	0	0	
0.333	0.821889	-0.024693	2.01686	1.21671	6.13482	2.45393	8.68999e-08	0	0	0	0	0	0	0	0	
0.334	0.822968	-0.0225843	2.02068	1.21511	6.1384	2.45536	8.69242e-08	0	0	0	0	0	0	0	0	
0.335	0.824072	-0.0204386	2.0246	1.21349	6.14205	2.45682	8.68989e-08	0	0	0	0	0	0	0	0	
0.336	0.825209	-0.0182686	2.02861	1.21181	6.14576	2.4583	8.68255e-08	0	0	0	0	0	0	0	0	
0.337	0.826375	-0.0160787	2.03272	1.2101	6.14951	2.4598	8.6709e-08	0	0	0	0	0	0	0	0	
0.338	0.827565	-0.0138571	2.03689	1.20836	6.15326	2.4613	8.65575e-08	0	0	0	0	0	0	0	0	
0.339	0.828769	-0.0115922	2.04108	1.20661	6.15697	2.46279	8.63821e-08	0	0	0	0	0	0	0	0	
0.34	0.829992	-0.00928907	2.04531	1.20483	6.16064	2.46426	8.61956e-08	0	0	0	0	0	0	0	0	
0.341	0.83125	-0.00698107	2.04963	1.20301	6.16431	2.46572	8.6011e-08	0	0	0	0	0	0	0	0	
0.342	0.832517	-0.00465804	2.05395	1.20118	6.16789	2.46716	8.58408e-08	0	0	0	0	0	0	0	0	
0.343	0.833847	-0.00229009	2.05845	1.19926	6.17156	2.46862	8.56948e-08	0	0	0	0	0	0	0	0	
0.344	0.83519	-0.000294779	2.06297	1.19733	6.17516	2.47006	8.55796e-08	0	0	0	0	0	0	0	0	
0.345	0.836893	0.00374024	2.06871	1.1949	6.17973	2.47189	8.54977e-08	0	0	0	0	0	0	0	0	
0.346	0.839033	0.00762823	2.07594	1.19185	6.18551	2.47421	8.54473e-08	0	0	0	0	0	0	0	0	
0.347	0.841168	0.0113908	2.08314	1.18882	6.19122	2.47649	8.54227e-08	0	0	0	0	0	0	0	0	
0.348	0.843267	0.0150714	2.09021	1.18586	6.19677	2.47871	8.54153e-08	0	0	0	0	0	0	0	0	
0.349	0.845338	0.0186865	2.09719	1.18296	6.20222	2.48089	8.54147e-08	0	0	0	0	0	0	0	0	
0.35	0.847381	0.022243	2.10408	1.18011	6.20759	2.48303	8.54096e-08	0	0	0	0	0	0	0	0	
0.351	0.849398	0.0257496	2.11089	1.1773	6.2129	2.48516	8.53901e-08	0	0	0	0	0	0	0	0	
0.352	0.851391	0.0292154	2.11764	1.17455	6.21819	2.48727	8.53483e-08	0	0	0	0	0	0	0	0	
0.353	0.853363	0.0326485	2.12435	1.17183	6.22347	2.48939	8.52794e-08	0	0	0	0	0	0	0	0	
0.354	0.855315	0.0360562	2.13102	1.16916	6.22876	2.4915	8.51824e-08	0	0	0	0	0	0	0	0	
0.355	0.857249	0.0394444	2.13766	1.16652	6.23408	2.49363	8.50605e-08	0	0	0	0	0	0	0	0	
0.356	0.859166	0.0428181	2.14429	1.16392	6.23945	2.49578	8.49202e-08	0	0	0	0	0	0	0	0	
0.357	0.861068	0.0461817	2.1509	1.16135	6.24486	2.49794	8.47711e-08	0	0	0	0	0	0	0	0	
0.358	0.862957	0.0495387	2.1575	1.15881	6.25033	2.50013	8.46246e-08	0	0	0	0	0	0	0	0	
0.359	0.864834	0.0528921	2.16411	1.15629	6.25585	2.50234	8.44931e-08	0	0	0	0	0	0	0	0	
0.36	0.866702	0.0562444	2.17072	1.1538	6.26143	2.50457	8.43885e-08	0	0	0	0	0	0	0	0	
0.361	0.868561	0.0595977	2.17733	1.15133	6.26706	2.50682	8.43213e-08	0	0	0	0	0	0	0	0	
0.362	0.870415	0.0629536	2.18396	1.14888	6.27274	2.5091	8.42994e-08	0	0	0	0	0	0	0	0	
0.363	0.872267	0.0663135	2.19059	1.14644	6.27845	2.51138	8.43278e-08	0	0	0	0	0	0	0	0	
0.364	0.874117	0.0696786	2.19725	1.14401	6.2842	2.51368	8.44078e-08	0	0	0	0	0	0	0	0	
0.365	0.87597	0.0730496	2.20393	1.14159	6.28996	2.51598	8.45374e-08	0	0	0	0	0	0	0	0	
0.366	0.877829	0.0764273	2.21063	1.13917	6.29572	2.51829	8.47109e-08	0	0	0	0	0	0	0	0	
0.367	0.879696	0.0798123	2.21735	1.13676	6.30147	2.52059	8.49202e-08	0	0	0	0	0	0	0	0	
0.368	0.881574	0.0832049	2.2241	1.13434	6.30718	2.52287	8.51548e-08	0	0	0	0	0	0	0	0	
0.369	0.883466	0.0866055	2.23088	1.13191	6.31286	2.52514	8.54031e-08	0	0	0	0	0	0	0	0	
0.37	0.885374	0.0900144	2.23769	1.12947	6.31847	2.52739	8.56532e-08	0	0	0	0	0	0	0	0	
0.371	0.887302	0.0934317	2.24453	1.12701	6.32402	2.52961	8.58935e-08	0	0	0	0	0	0	0	0	
0.372	0.889249	0.0968577	2.2514	1.12454	6.32949	2.5318	8.61135e-08	0	0	0	0	0	0	0	0	
0.373	0.891218	0.100293	2.25831	1.12206	6.33489	2.53395	8.63043e-08	0	0	0	0	0	0	0	0	
0.374	0.893209	0.103736	2.26525	1.11956	6.3402	2.53608	8.64584e-08	0	0	0	0	0	0	0	0	
0.375	0.895221	0.107189	2.27223	1.11704	6.34545	2.53818	8.65704e-08	0	0	0	0	0	0	0	0	
0.376	0.897253	0.110651	2.27925	1.11451	6.35063	2.54025	8.66365e-08	0	0	0	0	0	0	0	0	
0.377	0.899304	0.114122	2.2863	1.11197	6.35576	2.5423	8.66542e-08	0	0	0	0	0	0	0	0	
0.378	0.901371	0.117602	2.2934	1.10942	6.36085	2.54434	8.66229e-08	0	0	0	0	0	0	0	0	
0.379	0.903453	0.121092	2.30053	1.10686	6.36594	2.54638	8.65429e-08	0	0	0	0	0	0	0	0	
0.38	0.905546	0.12459	2.3077	1.10431	6.37103	2.54841	8.64158e-08	0	0	0	0	0	0	0	0	
0.381	0.907647	0.128098	2.31492	1.10175	6.37616	2.55046	8.62446e-08	0	0	0	0	0	0	0	0	
0.382	0.909755	0.131615	2.32218	1.0992	6.38133	2.55253	8.6033e-08	0	0	0	0	0	0	0	0	
0.383	0.911865	0.135142	2.32948	1.09665	6.38657	2.55463	8.5786e-08	0	0	0	0	0	0	0	0	
0.384	0.913977	0.138677	2.33682	1.09412	6.39189	2.55676	8.55093e-08	0	0	0	0	0	0	0	0	
0.385	0.916088	0.142222	2.3442	1.0916	6.39731	2.55893	8.52087e-08	0	0	0	0	0	0	0	0	
0.386	0.918197	0.145776	2.35163	1.08909	6.40285	2.56114	8.48904e-08	0	0	0	0	0	0	0	0	
0.387	0.920302	0.149338	2.3591	1.0866	6.4085	2.5634	8.45602e-08	0	0	0	0	0	0	0	0	
0.388	0.922404	0.15291	2.36662	1.08412	6.41427	2.56571	8.42237e-08	0	0	0	0	0	0	0	0	
0.389	0.924502	0.156491	2.37418	1.08166	6.42016	2.56806	8.38856e-08	0	0	0	0	0	0	0	0	
0.39	0.926596	0.160081	2.38179	1.07922	6.42617	2.57047	8.35503e-08	0	0	0	0	0	0	0	0	
0.391	0.928688	0.16368	2.38944	1.07679	6.43229	2.57292	8.32217e-08	0	0	0	0	0	0	0	0	
0.392	0.930779	0.167288	2.39713	1.07437	6.43851	2.57541	8.29036e-08	0	0	0	0	0	0	0	0	
0.393	0.93287	0.170905	2.40487	1.07196	6.44482	2.57793	8.26003e-08	0	0	0	0	0	0	0	0	
0.394	0.934965	0.174532	2.41266	1.06956	6.45121	2.58048	8.23163e-08	0	0	0	0	0	0	0	0	
0.395	0.937065	0.178168	2.42049	1.06716	6.45764	2.58306	8.20569e-08	0	0	0	0	0	0	0	0	
0.396	0.939174	0.181814	2.42837	1.06477	6.46411	2.58565	8.18282e-08	0	0	0	0	0	0	0	0	
0.397	0.941294	0.185469	2.4363	1.06237	6.4706	2.58824	8.16365e-08	0	0	0	0	0	0	0	0	
0.398	0.943429	0.189134	2.44427	1.05996	6.47708	2.59083	8.14879e-08	0	0	0	0	0	0	0	0	
0.399	0.945581	0.192808	2.45228	1.05755	6.48354	2.59341	8.13881e-08	0	0	0	0	0	0	0	0	
0.4	0.947753	0.196492	2.46035	1.05513	6.48995	2.59598	8.13412e-08	0	0	0	0	0	0	0	0	
0.401	0.949948	0.200186	2.46846	1.05269	6.4963	2.59852	8.13492e-08	0	0	0	0	0	0	0	0	
0.402	0.952167	0.203889	2.47662	1.05024	6.50259	2.60103	8.14121e-08	0	0	0	0	0	0	0	0	
0.403	0.954411	0.207601	2.48483	1.04777	6.5088	2.60352	8.15269e-08	0	0	0	0	0	0	0	0	
0.404	0.95668	0.211323	2.49308	1.04528	6.51494	2.60598	8.16887e-08	0	0	0	0	0	0	0	0	
0.405	0.958974	0.215054	2.50139	1.04278	6.52101	2.6084	8.18904e-08	0	0	0	0	0	0	0	0	
0.406	0.961292	0.218795	2.50975	1.04027	6.52701	2.61081	8.21239e-08	0	0	0	0	0	0	0	0	
0.407	0.963632	0.222546	2.51815	1.03774	6.53297	2.61319	8.23805e-08	0	0	0	0	0	0	0	0	
0.408	0.965991	0.226307	2.52661	1.03521	6.5389	2.61556	8.26516e-08	0	0	0	0	0	0	0	0	
0.409	0.968366	0.230078	2.53511	1.03267	6.54482	2.61793	8.29293e-08	0	0	0	0	0	0	0	0	
0.41	0.970754	0.23386	2.54366	1.03013	6.55074	2.6203	8.32066e-08	0	0	0	0	0	0	0	0	
0.411	0.973153	0.237653	2.55226	1.02759	6.55669	2.62268	8.34772e-08	0	0	0	0	0	0	0	0	
0.412	0.975558	0.241457	2.56091	1.02505	6.56269	2.62507	8.37362e-08	0	0	0	0	0	0	0	0	
0.413	0.977966	0.245273	2.5696	1.02253	6.56874	2.6275	8.3979e-08	0	0	0	0	0	0	0	0	
0.414	0.980376	0.249103	2.57834	1.02002	6.57487	2.62995	8.42021e-08	0	0	0	0	0	0	0	0	
0.415	0.982785	0.252945	2.58712	1.01752	6.58109	2.63244	8.44029e-08	0	0	0	0	0	0	0	0	
0.416	0.985192	0.256802	2.59594	1.01503	6.5874	2.63496	8.45795e-08	0	0	0	0	0	0	0	0	
0.417	0.987595	0.260674	2.6048	1.01256	6.5938	2.63752	8.47312e-08	0	0	0	0	0	0	0	0	
0.418	0.989994	0.264561	2.6137	1.01011	6.60029	2.64012	8.48588e-08	0	0	0	0	0	0	0	0	
0.419	0.99239	0.268464	2.62264	1.00767	6.60687	2.64275	8.4964e-08	0	0	0	0	0	0	0	0	
0.42	0.994782	0.272383	2.63161	1.00525	6.61353	2.64541	8.50499e-08	0	0	0	0	0	0	0	0	
0.421	0.997173	0.276318	2.64062	1.00284	6.62026	2.6481	8.51201e-08	0	0	0	0	0	0	0	0	
0.422	0.999564	0.28027	2.64966	1.00044	6.62704	2.65082	8.51784e-08	0	0	0	0	0	0	0	0	
0.423	1.00196	0.284237	2.65874	0.998046	6.63387	2.65355	8.52284e-08	0	0	0	0	0	0	0	0	
0.424	1.00436	0.288219	2.66786	0.995661	6.64072	2.65629	8.52729e-08	0	0	0	0	0	0	0	0	
0.425	1.00677	0.292215	2.67703	0.993278	6.64757	2.65903	8.5314e-08	0	0	0	0	0	0	0	0	
0.426	1.00919	0.296222	2.68624	0.990892	6.65443	2.66177	8.53525e-08	0	0	0	0	0	0	0	0	
0.427	1.01163	0.300238	2.6955	0.988501	6.66126	2.6645	8.53886e-08	0	0	0	0	0	0	0	0	
0.428	1.0141	0.304261	2.70482	0.986101	6.66805	2.66722	8.54222e-08	0	0	0	0	0	0	0	0	
0.429	1.01658	0.30829	2.7142	0.983688	6.67481	2.66992	8.54527e-08	0	0	0	0	0	0	0	0	
0.43	1.0191	0.312321	2.72365	0.98126	6.68152	2.67261	8.54798e-08	0	0	0	0	0	0	0	0	
0.431	1.02164	0.316352	2.73317	0.978816	6.68818	2.67527	8.55037e-08	0	0	0	0	0	0	0	0	
0.432	1.02422	0.320383	2.74277	0.976355	6.69479	2.67792	8.55244e-08	0	0	0	0	0	0	0	0	
0.433	1.02682	0.324413	2.75245	0.973876	6.70136	2.68055	8.55424e-08	0	0	0	0	0	0	0	0	
0.434	1.02946	0.32844	2.76221	0.971383	6.70791	2.68316	8.55577e-08	0	0	0	0	0	0	0	0	
0.435	1.03212	0.332467	2.77205	0.968876	6.71443	2.68577	8.55702e-08	0	0	0	0	0	0	0	0	
0.436	1.03481	0.336493	2.78196	0.96636	6.72095	2.68838	8.55792e-08	0	0	0	0	0	0	0	0	
0.437	1.03752	0.340522	2.79195	0.963839	6.72748	2.69099	8.55833e-08	0	0	0	0	0	0	0	0	
0.438	1.04024	0.344555	2.80201	0.961316	6.73403	2.69361	8.55807e-08	0	0	0	0	0	0	0	0	
0.439	1.04297	0.348596	2.81212	0.958796	6.74063	2.69625	8.55693e-08	0	0	0	0	0	0	0	0	
0.44	1.04572	0.352645	2.82229	0.956283	6.74727	2.69891	8.55466e-08	0	0	0	0	0	0	0	0	
0.441	1.04846	0.356707	2.83251	0.953781	6.75398	2.70159	8.55107e-08	0	0	0	0	0	0	0	0	
0.442	1.0512	0.360783	2.84277	0.951291	6.76076	2.70431	8.54598e-08	0	0	0	0	0	0	0	0	
0.443	1.05394	0.364873	2.85308	0.948816	6.76762	2.70705	8.53928e-08	0	0	0	0	0	0	0	0	
0.444	1.05668	0.36898	2.86342	0.946358	6.77456	2.70982	8.5309e-08	0	0	0	0	0	0	0	0	
0.445	1.05942	0.373104	2.8738	0.943916	6.78157	2.71263	8.52086e-08	0	0	0	0	0	0	0	0	
0.446	1.06215	0.377245	2.88422	0.94149	6.78866	2.71546	8.50919e-08	0	0	0	0	0	0	0	0	
0.447	1.06487	0.381401	2.89467	0.939079	6.79582	2.71833	8.49601e-08	0	0	0	0	0	0	0	0	
0.448	1.0676	0.385574	2.90517	0.936682	6.80304	2.72122	8.48146e-08	0	0	0	0	0	0	0	0	
0.449	1.07033	0.389761	2.9157	0.934295	6.81031	2.72413	8.4658e-08	0	0	0	0	0	0	0	0	
0.45	1.07306	0.393961	2.92628	0.931917	6.81763	2.72705	8.44937e-08	0	0	0	0	0	0	0	0	
0.451	1.07579	0.398175	2.9369	0.929545	6.82496	2.72998	8.43263e-08	0	0	0	0	0	0	0	0	
0.452	1.07854	0.402401	2.94757	0.927177	6.8323	2.73292	8.41613e-08	0	0	0	0	0	0	0	0	
0.453	1.0813	0.406638	2.95829	0.924811	6.83965	2.73586	8.40048e-08	0	0	0	0	0	0	0	0	
0.454	1.08408	0.410887	2.96906	0.922443	6.84697	2.73879	8.38623e-08	0	0	0	0	0	0	0	0	
0.455	1.08687	0.415146	2.97988	0.920073	6.85426	2.74171	8.37381e-08	0	0	0	0	0	0	0	0	
0.456	1.08968	0.419416	2.99075	0.917699	6.86152	2.74461	8.36339e-08	0	0	0	0	0	0	0	0	
0.457	1.09251	0.423697	3.00167	0.915322	6.86873	2.74749	8.35486e-08	0	0	0	0	0	0	0	0	
0.458	1.09536	0.427988	3.01264	0.912939	6.8759	2.75036	8.34783e-08	0	0	0	0	0	0	0	0	
0.459	1.09823	0.432291	3.02366	0.910554	6.88302	2.75321	8.34164e-08	0	0	0	0	0	0	0	0	
0.46	1.10112	0.436607	3.03473	0.908166	6.8901	2.75604	8.33549e-08	0	0	0	0	0	0	0	0	
0.461	1.10402	0.440936	3.04584	0.905778	6.89715	2.75886	8.32864e-08	0	0	0	0	0	0	0	0	
0.462	1.10694	0.445278	3.057	0.903392	6.90418	2.76167	8.32048e-08	0	0	0	0	0	0	0	0	
0.463	1.10987	0.449636	3.0682	0.90101	6.9112	2.76448	8.31065e-08	0	0	0	0	0	0	0	0	
0.464	1.1128	0.454009	3.07944	0.898634	6.91822	2.76729	8.29918e-08	0	0	0	0	0	0	0	0	
0.465	1.11574	0.458398	3.09071	0.896266	6.92526	2.7701	8.28636e-08	0	0	0	0	0	0	0	0	
0.466	1.11868	0.462802	3.10203	0.893907	6.93232	2.77293	8.2728e-08	0	0	0	0	0	0	0	0	
0.467	1.12163	0.467218	3.1134	0.891558	6.93943	2.77577	8.25926e-08	0	0	0	0	0	0	0	0	
0.468	1.12458	0.471644	3.12481	0.889217	6.94659	2.77864	8.24652e-08	0	0	0	0	0	0	0	0	
0.469	1.12754	0.476077	3.1363	0.886883	6.95382	2.78153	8.2353e-08	0	0	0	0	0	0	0	0	
0.47	1.13051	0.48051	3.14786	0.884554	6.96112	2.78445	8.22614e-08	0	0	0	0	0	0	0	0	
0.471	1.1335	0.484938	3.15951	0.882226	6.96851	2.7874	8.21932e-08	0	0	0	0	0	0	0	0	
0.472	1.1365	0.489357	3.17127	0.879898	6.97599	2.79039	8.21487e-08	0	0	0	0	0	0	0	0	
0.473	1.13952	0.493761	3.18315	0.877564	6.98355	2.79342	8.21259e-08	0	0	0	0	0	0	0	0	
0.474	1.14256	0.498149	3.19516	0.875225	6.99121	2.79649	8.21215e-08	0	0	0	0	0	0	0	0	
0.475	1.14564	0.502519	3.2073	0.872878	6.99895	2.79958	8.21314e-08	0	0	0	0	0	0	0	0	
0.476	1.14873	0.506874	3.21957	0.870524	7.00677	2.80271	8.21523e-08	0	0	0	0	0	0	0	0	
0.477	1.15186	0.511218	3.23195	0.868163	7.01464	2.80586	8.21819e-08	0	0	0	0	0	0	0	0	
0.478	1.155	0.515557	3.24443	0.865799	7.02255	2.80902	8.22202e-08	0	0	0	0	0	0	0	0	
0.479	1.15817	0.519899	3.25699	0.863434	7.03048	2.81219	8.22691e-08	0	0	0	0	0	0	0	0	
0.48	1.16134	0.52425	3.26961	0.861071	7.03842	2.81537	8.23316e-08	0	0	0	0	0	0	0	0	
0.481	1.16453	0.528618	3.28227	0.858714	7.04633	2.81853	8.24113e-08	0	0	0	0	0	0	0	0	
0.482	1.16773	0.533008	3.29497	0.856364	7.05423	2.82169	8.25104e-08	0	0	0	0	0	0	0	0	
0.483	1.17093	0.537423	3.30768	0.854023	7.06208	2.82483	8.26285e-08	0	0	0	0	0	0	0	0	
0.484	1.17413	0.541865	3.32041	0.851691	7.0699	2.82796	8.27622e-08	0	0	0	0	0	0	0	0	
0.485	1.17734	0.546333	3.33315	0.849369	7.07769	2.83108	8.29049e-08	0	0	0	0	0	0	0	0	
0.486	1.18056	0.550825	3.34592	0.847055	7.08545	2.83418	8.30486e-08	0	0	0	0	0	0	0	0	
0.487	1.18379	0.555337	3.35872	0.844747	7.09318	2.83727	8.31852e-08	0	0	0	0	0	0	0	0	
0.488	1.18702	0.559867	3.37156	0.842446	7.1009	2.84036	8.33092e-08	0	0	0	0	0	0	0	0	
0.489	1.19027	0.56441	3.38446	0.840148	7.10861	2.84344	8.34193e-08	0	0	0	0	0	0	0	0	
0.49	1.19353	0.568965	3.39741	0.837853	7.11633	2.84653	8.35185e-08	0	0	0	0	0	0	0	0	
0.491	1.1968	0.573529	3.41043	0.835561	7.12406	2.84962	8.36136e-08	0	0	0	0	0	0	0	0	
0.492	1.20009	0.5781	3.42352	0.833271	7.1318	2.85272	8.37133e-08	0	0	0	0	0	0	0	0	
0.493	1.20339	0.582679	3.43668	0.830984	7.13957	2.85583	8.38256e-08	0	0	0	0	0	0	0	0	
0.494	1.20671	0.587265	3.44992	0.828701	7.14737	2.85895	8.39556e-08	0	0	0	0	0	0	0	0	
0.495	1.21004	0.59186	3.46322	0.826421	7.15521	2.86208	8.41041e-08	0	0	0	0	0	0	0	0	
0.496	1.21337	0.596464	3.4766	0.824148	7.16308	2.86523	8.42667e-08	0	0	0	0	0	0	0	0	
0.497	1.21672	0.601079	3.49004	0.821881	7.17099	2.8684	8.44347e-08	0	0	0	0	0	0	0	0	
0.498	1.22008	0.605705	3.50355	0.819622	7.17895	2.87158	8.45977e-08	0	0	0	0	0	0	0	0	
0.499	1.22344	0.610344	3.51711	0.81737	7.18696	2.87478	8.47454e-08	0	0	0	0	0	0	0	0	
0.5	1.2268	0.614997	3.53074	0.815127	7.195	2.878	8.48713e-08	0	0	0	0	0	0	0	0	
0.501	1.23017	0.619666	3.54441	0.812893	7.20307	2.88123	8.49735e-08	0	0	0	0	0	0	0	0	
0.502	1.23355	0.624353	3.55814	0.810665	7.21115	2.88446	8.5055e-08	0	0	0	0	0	0	0	0	
0.503	1.23694	0.629061	3.57191	0.808445	7.21922	2.88769	8.51213e-08	0	0	0	0	0	0	0	0	
0.504	1.24034	0.633794	3.5857	0.806231	7.22726	2.8909	8.51775e-08	0	0	0	0	0	0	0	0	
0.505	1.24375	0.638556	3.59952	0.804023	7.23524	2.8941	8.52253e-08	0	0	0	0	0	0	0	0	
0.506	1.24716	0.64335	3.61334	0.801823	7.24315	2.89726	8.52625e-08	0	0	0	0	0	0	0	0	
0.507	1.25058	0.648179	3.62717	0.799629	7.25097	2.90039	8.52839e-08	0	0	0	0	0	0	0	0	
0.508	1.25401	0.653042	3.641	0.797442	7.25871	2.90348	8.5285e-08	0	0	0	0	0	0	0	0	
0.509	1.25745	0.657933	3.65485	0.795259	7.26638	2.90655	8.52646e-08	0	0	0	0	0	0	0	0	
0.51	1.26091	0.662842	3.66876	0.793077	7.27402	2.90961	8.52249e-08	0	0	0	0	0	0	0	0	
0.511	1.2644	0.66775	3.68278	0.790891	7.28169	2.91268	8.517e-08	0	0	0	0	0	0	0	0	
0.512	1.26792	0.672638	3.69697	0.788692	7.28944	2.91578	8.51004e-08	0	0	0	0	0	0	0	0	
0.513	1.2715	0.677485	3.71141	0.786475	7.29733	2.91893	8.501e-08	0	0	0	0	0	0	0	0	
0.514	1.27513	0.682273	3.72614	0.784233	7.30541	2.92217	8.48846e-08	0	0	0	0	0	0	0	0	
0.515	1.27883	0.686993	3.74121	0.781965	7.31373	2.92549	8.47065e-08	0	0	0	0	0	0	0	0	
0.516	1.28259	0.691649	3.7566	0.779673	7.32229	2.92892	8.44621e-08	0	0	0	0	0	0	0	0	
0.517	1.2864	0.696254	3.77227	0.777364	7.33108	2.93243	8.41515e-08	0	0	0	0	0	0	0	0	
0.518	1.29024	0.700832	3.78817	0.775051	7.34006	2.93602	8.37933e-08	0	0	0	0	0	0	0	0	
0.519	1.29409	0.705411	3.8042	0.772745	7.34919	2.93968	8.34233e-08	0	0	0	0	0	0	0	0	
0.52	1.29793	0.710018	3.82029	0.770458	7.35843	2.94337	8.30854e-08	0	0	0	0	0	0	0	0	
0.521	1.30175	0.714673	3.83636	0.768199	7.36772	2.94709	8.28182e-08	0	0	0	0	0	0	0	0	
0.522	1.30554	0.719391	3.85239	0.765969	7.37702	2.95081	8.26408e-08	0	0	0	0	0	0	0	0	
0.523	1.3093	0.724173	3.86836	0.763766	7.3863	2.95452	8.25451e-08	0	0	0	0	0	0	0	0	
0.524	1.31305	0.729017	3.88428	0.761586	7.39553	2.95821	8.2498e-08	0	0	0	0	0	0	0	0	
0.525	1.3168	0.733915	3.90018	0.759418	7.40467	2.96187	8.24529e-08	0	0	0	0	0	0	0	0	
0.526	1.32056	0.738855	3.9161	0.757252	7.4137	2.96548	8.23685e-08	0	0	0	0	0	0	0	0	
0.527	1.32436	0.74383	3.93207	0.75508	7.42257	2.96903	8.22272e-08	0	0	0	0	0	0	0	0	
0.528	1.32821	0.748832	3.94811	0.752894	7.43128	2.97251	8.20444e-08	0	0	0	0	0	0	0	0	
0.529	1.33211	0.753857	3.96425	0.750691	7.43982	2.97593	8.18634e-08	0	0	0	0	0	0	0	0	
0.53	1.33606	0.758903	3.98049	0.748471	7.4482	2.97928	8.17352e-08	0	0	0	0	0	0	0	0	
0.531	1.34006	0.763967	3.99684	0.746236	7.45647	2.98259	8.16908e-08	0	0	0	0	0	0	0	0	
0.532	1.3441	0.769051	4.01331	0.743991	7.46468	2.98587	8.17203e-08	0	0	0	0	0	0	0	0	
0.533	1.34818	0.774154	4.02991	0.741743	7.4729	2.98916	8.17713e-08	0	0	0	0	0	0	0	0	
0.534	1.35227	0.779276	4.04665	0.739496	7.4812	2.99248	8.17713e-08	0	0	0	0	0	0	0	0	
0.535	1.35638	0.784417	4.06351	0.737257	7.48963	2.99585	8.16655e-08	0	0	0	0	0	0	0	0	
0.536	1.36049	0.789577	4.08053	0.735027	7.49825	2.9993	8.14511e-08	0	0	0	0	0	0	0	0	
0.537	1.36461	0.794756	4.09769	0.73281	7.50707	3.00283	8.11881e-08	0	0	0	0	0	0	0	0	
0.538	1.36873	0.799955	4.11501	0.730605	7.51612	3.00645	8.09823e-08	0	0	0	0	0	0	0	0	
0.539	1.37285	0.805174	4.1325	0.728412	7.52541	3.01016	8.09459e-08	0	0	0	0	0	0	0	0	
0.54	1.37697	0.810412	4.15016	0.72623	7.53492	3.01397	8.11516e-08	0	0	0	0	0	0	0	0	
0.541	1.3811	0.815672	4.168	0.724059	7.54469	3.01788	8.15939e-08	0	0	0	0	0	0	0	0	
0.542	1.38524	0.820955	4.18602	0.721899	7.5547	3.02188	8.21714e-08	0	0	0	0	0	0	0	0	
0.543	1.38937	0.826267	4.20422	0.71975	7.56496	3.02598	8.27103e-08	0	0	0	0	0	0	0	0	
0.544	1.39351	0.831618	4.22257	0.717613	7.57542	3.03017	8.30378e-08	0	0	0	0	0	0	0	0	
0.545	1.39764	0.83703	4.241	0.715491	7.586	3.0344	8.3074e-08	0	0	0	0	0	0	0	0	
0.546	1.40177	0.842538	4.25943	0.713385	7.59653	3.03861	8.28823e-08	0	0	0	0	0	0	0	0	
0.547	1.40588	0.848185	4.2777	0.711299	7.60682	3.04273	8.26306e-08	0	0	0	0	0	0	0	0	
0.548	1.40997	0.85401	4.2957	0.709232	7.61663	3.04665	8.24806e-08	0	0	0	0	0	0	0	0	
0.549	1.41408	0.860023	4.31342	0.707174	7.62584	3.05034	8.24889e-08	0	0	0	0	0	0	0	0	
0.55	1.41825	0.866173	4.33103	0.705095	7.63447	3.05379	8.25689e-08	0	0	0	0	0	0	0	0	
0.551	1.42258	0.872344	4.34897	0.702947	7.64274	3.0571	8.25383e-08	0	0	0	0	0	0	0	0	
0.552	1.4272	0.878371	4.36785	0.700671	7.65106	3.06043	8.23201e-08	0	0	0	0	0	0	0	0	
0.553	1.4322	0.88411	4.3882	0.698224	7.65987	3.06395	8.21248e-08	0	0	0	0	0	0	0	0	
0.554	1.4376	0.889515	4.41024	0.695605	7.66947	3.06779	8.22673e-08	0	0	0	0	0	0	0	0	
0.555	1.44328	0.894682	4.4337	0.692866	7.67989	3.07196	8.28656e-08	0	0	0	0	0	0	0	0	
0.556	1.44907	0.899815	4.45789	0.690098	7.69095	3.07638	8.36632e-08	0	0	0	0	0	0	0	0	
0.557	1.45478	0.905135	4.48208	0.687391	7.70235	3.08094	8.4053e-08	0	0	0	0	0	0	0	0	
0.558	1.46029	0.910785	4.50581	0.684794	7.71387	3.08555	8.38019e-08	0	0	0	0	0	0	0	0	
0.559	1.46561	0.916795	4.52899	0.682309	7.72544	3.09017	8.28604e-08	0	0	0	0	0	0	0	0	
0.56	1.47081	0.923107	4.55191	0.679899	7.7371	3.09484	8.09947e-08	0	0	0	0	0	0	0	0	
0.561	1.47598	0.92963	4.57495	0.677514	7.74898	3.09959	7.9202e-08	0	0	0	0	0	0	0	0	
0.562	1.48123	0.936288	4.59847	0.675113	7.76121	3.10448	8.02215e-08	0	0	0	0	0	0	0	0	
0.563	1.4866	0.943055	4.62267	0.672677	7.77392	3.10957	8.13367e-08	0	0	0	0	0	0	0	0	
0.564	1.49207	0.949944	4.64763	0.67021	7.78722	3.11489	8.02178e-08	0	0	0	0	0	0	0	0	
0.565	1.49764	0.956988	4.67337	0.667716	7.80122	3.12049	8.15307e-08	0	0	0	0	0	0	0	0	
0.566	1.50334	0.964206	4.69999	0.665187	7.81592	3.12637	9.07054e-08	0	0	0	0	0	0	0	0	
0.567	1.50923	0.971627	4.72757	0.66259	7.8311	3.13244	8.46573e-08	0	0	0	0	0	0	0	0	
0.568	1.51543	0.979304	4.75619	0.65988	7.84628	3.13851	8.77955e-08	0	0	0	0	0	0	0	0	
0.569	1.52207	0.987296	4.78591	0.657002	7.86088	3.14435	1.4195e-07	0	0	0	0	0	0	0	0	
0.57	1.52929	0.995624	4.81704	0.653899	7.87465	3.14986	2.93754e-07	0	0	0	0	0	0	0	0	
0.571	1.53718	1.00431	4.85	0.650544	7.88785	3.15514	6.09678e-07	0	0	0	0	0	0	0	0	
0.572	1.54566	1.01347	4.88495	0.646971	7.90106	3.16042	1.26399e-06	0	0	0	0	0	0	0	0	
0.573	1.55462	1.02329	4.92198	0.643245	7.91511	3.16604	2.61795e-06	0	0	0	0	0	0	0	0	
0.574	1.56406	1.03384	4.96186	0.639363	7.93108	3.17243	5.42777e-06	0	0	0	0	0	0	0	0	
0.575	1.57421	1.04514	5.00601	0.63524	7.95004	3.18001	1.13015e-05	0	0	0	0	0	0	0	0	
0.576	1.58523	1.0575	5.0552	0.630824	7.97236	3.18894	2.37408e-05	0	0	0	0	0	0	0	0	
0.577	1.59718	1.07162	5.10959	0.626102	7.99781	3.19913	5.04832e-05	0	0	0	0	0	0	0	0	
0.578	1.61068	1.08794	5.17156	0.620856	8.02698	3.21079	0.000109003	0	0	0	0	0	0	0	0	
0.579	1.62711	1.10662	5.24699	0.614588	8.06185	3.22474	0.000240079	0	0	0	0	0	0	0	0	
0.58	1.64771	1.12887	5.3412	0.606905	8.104	3.2416	0.000539765	0	0	0	0	0	0	0	0	
0.581	1.6735	1.15773	5.45826	0.597549	8.15395	3.26158	0.00124291	0	0	0	0	0	0	0	0	
0.582	1.70788	1.19659	5.61207	0.585521	8.21497	3.28599	0.00296054	0	0	0	0	0	0	0	0	
0.583	1.75905	1.2494	5.83661	0.568488	8.29512	3.31805	0.0073181	0	0	0	0	0	0	0	0	
0.584	1.84123	1.32616	6.18469	0.543114	8.39749	3.359	0.0189473	0	0	0	0	0	0	0	0	
0.585	1.98287	1.44848	6.74158	0.504318	8.49975	3.3999	0.0522828	0	0	0	0	0	0	0	0	
0.586	2.2518	1.64241	7.6448	0.444089	8.48742	3.39497	0.152392	0	0	0	0	0	0	0	0	
0.587	2.52843	1.73879	7.67781	0.395502	7.59147	3.03659	0.441157	0	0	0	0	0	0	0	0	
0.588	1.90228	1.14361	4.00415	0.525685	5.26231	2.10492	0.835289	0	0	0	0	0	0	0	0	
0.589	1.14773	0.214428	1.3584	0.871285	2.95888	1.18355	0.976146	0	0	0	0	0	0	0	0	
0.59	1.0312	0.0798758	1.11545	0.969747	2.70427	1.08171	0.979155	0	0	0	0	0	0	0	0	
0.591	1.02963	0.0786797	1.11268	0.971222	2.70165	1.08066	0.979437	0	0	0	0	0	0	0	0	
0.592	1.02961	0.0785524	1.11229	0.971243	2.70077	1.08031	0.979711	0	0	0	0	0	0	0	0	
0.593	1.02959	0.0784334	1.11192	0.971261	2.69992	1.07997	0.979983	0	0	0	0	0	0	0	0	
0.594	1.02958	0.078316	1.11155	0.971274	2.69905	1.07962	0.980256	0	0	0	0	0	0	0	0	
0.595	1.02958	0.0782002	1.11118	0.971274	2.69816	1.07926	0.98053	0	0	0	0	0	0	0	0	
0.596	1.02959	0.078086	1.11082	0.971259	2.69723	1.07889	0.980808	0	0	0	0	0	0	0	0	
0.597	1.02963	0.0779731	1.11045	0.971226	2.69625	1.0785	0.981089	0	0	0	0	0	0	0	0	
0.598	1.02968	0.0778615	1.11009	0.971178	2.69523	1.07809	0.981373	0	0	0	0	0	0	0	0	
0.599	1.02974	0.0777508	1.10973	0.971118	2.69419	1.07767	0.981659	0	0	0	0	0	0	0	0	
0.6	1.02981	0.0776409	1.10936	0.971056	2.69314	1.07726	0.981944	0	0	0	0	0	0	0	0	
0.601	1.02986	0.0775317	1.10901	0.971002	2.69212	1.07685	0.982227	0	0	0	0	0	0	0	0	
0.602	1.0299	0.077423	1.10865	0.970967	2.69116	1.07646	0.982505	0	0	0	0	0	0	0	0	
0.603	1.02991	0.077315	1.1083	0.970956	2.69027	1.07611	0.982776	0	0	0	0	0	0	0	0	
0.604	1.0299	0.0772078	1.10795	0.970969	2.68946	1.07578	0.983042	0	0	0	0	0	0	0	0	
0.605	1.02987	0.0771014	1.1076	0.970993	2.68868	1.07547	0.983305	0	0	0	0	0	0	0	0	
0.606	1.02985	0.0769959	1.10725	0.971014	2.68789	1.07516	0.983567	0	0	0	0	0	0	0	0	
0.607	1.02985	0.0768913	1.10691	0.971019	2.68706	1.07483	0.983833	0	0	0	0	0	0	0	0	
0.608	1.02986	0.0767875	1.10656	0.971004	2.68619	1.07448	0.984101	0	0	0	0	0	0	0	0	
0.609	1.02989	0.0766844	1.10622	0.970978	2.68529	1.07412	0.984371	0	0	0	0	0	0	0	0	
0.61	1.02992	0.0765818	1.10588	0.97095	2.68439	1.07376	0.984641	0	0	0	0	0	0	0	0	
0.611	1.02994	0.0764795	1.10555	0.970929	2.68351	1.07341	0.984909	0	0	0	0	0	0	0	0	
0.612	1.02995	0.0763774	1.10521	0.970916	2.68267	1.07307	0.985175	0	0	0	0	0	0	0	0	
0.613	1.02996	0.0762754	1.10488	0.970909	2.68184	1.07274	0.985439	0	0	0	0	0	0	0	0	
0.614	1.02997	0.0761737	1.10455	0.970901	2.68103	1.07241	0.985703	0	0	0	0	0	0	0	0	
0.615	1.02998	0.0760725	1.10423	0.970894	2.68021	1.07209	0.985966	0	0	0	0	0	0	0	0	
0.616	1.02998	0.0759722	1.1039	0.970894	2.67943	1.07177	0.986227	0	0	0	0	0	0	0	0	
0.617	1.02995	0.0758732	1.10358	0.970918	2.67871	1.07148	0.986484	0	0	0	0	0	0	0	0	
0.618	1.02989	0.0757758	1.10325	0.970974	2.67808	1.07123	0.986735	0	0	0	0	0	0	0	0	
0.619	1.02981	0.0756801	1.10293	0.971052	2.67751	1.071	0.986983	0	0	0	0	0	0	0	0	
0.62	1.02973	0.0755861	1.10261	0.971124	2.67692	1.07077	0.987231	0	0	0	0	0	0	0	0	
0.621	1.0297	0.0754935	1.10229	0.971155	2.67623	1.07049	0.987485	0	0	0	0	0	0	0	0	
0.622	1.02972	0.0754016	1.10197	0.971138	2.67541	1.07016	0.987747	0	0	0	0	0	0	0	0	
0.623	1.02975	0.0753101	1.10165	0.971106	2.67455	1.06982	0.988012	0	0	0	0	0	0	0	0	
0.624	1.02976	0.0752188	1.10133	0.9711	2.67376	1.06951	0.988272	0	0	0	0	0	0	0	0	
0.625	1.02973	0.0751279	1.10102	0.971129	2.67308	1.06923	0.988526	0	0	0	0	0	0	0	0	
0.626	1.02969	0.0750379	1.10071	0.971162	2.67242	1.06897	0.98878	0	0	0	0	0	0	0	0	
0.627	1.02971	0.0749495	1.1004	0.971148	2.67162	1.06865	0.989039	0	0	0	0	0	0	0	0	
0.628	1.02979	0.0748636	1.10008	0.971068	2.67064	1.06826	0.989307	0	0	0	0	0	0	0	0	
0.629	1.02991	0.0747807	1.09977	0.970959	2.66958	1.06783	0.989579	0	0	0	0	0	0	0	0	
0.63	1.02997	0.0747011	1.09945	0.970899	2.66864	1.06745	0.989846	0	0	0	0	0	0	0	0	
0.631	1.02993	0.0746245	1.09913	0.970944	2.66798	1.06719	0.990098	0	0	0	0	0	0	0	0	
0.632	1.0298	0.07455	1.09881	0.971066	2.66754	1.06702	0.99034	0	0	0	0	0	0	0	0	
0.633	1.02968	0.0744759	1.09849	0.971177	2.66707	1.06683	0.990583	0	0	0	0	0	0	0	0	
0.634	1.02965	0.0744003	1.09818	0.971204	2.66639	1.06655	0.990835	0	0	0	0	0	0	0	0	
0.635	1.02969	0.0743216	1.09787	0.971163	2.66553	1.06621	0.991095	0	0	0	0	0	0	0	0	
0.636	1.02971	0.0742394	1.09757	0.971143	2.66475	1.0659	0.991353	0	0	0	0	0	0	0	0	
0.637	1.02965	0.0741543	1.09728	0.971202	2.6642	1.06568	0.991601	0	0	0	0	0	0	0	0	
0.638	1.02958	0.0740681	1.09699	0.971274	2.6637	1.06548	0.991848	0	0	0	0	0	0	0	0	
0.639	1.02961	0.0739824	1.09671	0.971238	2.6629	1.06516	0.992104	0	0	0	0	0	0	0	0	
0.64	1.02974	0.0738986	1.09642	0.971121	2.66189	1.06475	0.99237	0	0	0	0	0	0	0	0	
0.641	1.02977	0.0738169	1.09613	0.971088	2.66109	1.06444	0.992627	0	0	0	0	0	0	0	0	
0.642	1.02965	0.0737362	1.09584	0.971203	2.66071	1.06429	0.992871	0	0	0	0	0	0	0	0	
0.643	1.02953	0.0736539	1.09556	0.971316	2.66034	1.06413	0.993113	0	0	0	0	0	0	0	0	
0.644	1.02959	0.0735668	1.09529	0.971262	2.65953	1.06381	0.993369	0	0	0	0	0	0	0	0	
0.645	1.02971	0.0734725	1.09503	0.97115	2.65859	1.06343	0.99363	0	0	0	0	0	0	0	0	
0.646	1.02968	0.0733709	1.09478	0.971175	2.65806	1.06322	0.99388	0	0	0	0	0	0	0	0	
0.647	1.02955	0.073265	1.09454	0.971295	2.65781	1.06312	0.994122	0	0	0	0	0	0	0	0	
0.648	1.02959	0.0731598	1.0943	0.97126	2.65714	1.06285	0.994374	0	0	0	0	0	0	0	0	
0.649	1.0298	0.0730623	1.09406	0.971058	2.65598	1.06239	0.994639	0	0	0	0	0	0	0	0	
0.65	1.02985	0.0729795	1.09379	0.971017	2.65522	1.06209	0.994895	0	0	0	0	0	0	0	0	
0.651	1.02966	0.0729165	1.0935	0.971198	2.65501	1.062	0.995136	0	0	0	0	0	0	0	0	
0.652	1.02962	0.0728727	1.09318	0.971229	2.65432	1.06173	0.995387	0	0	0	0	0	0	0	0	
0.653	1.02983	0.0728407	1.09284	0.971037	2.65298	1.06119	0.995651	0	0	0	0	0	0	0	0	
0.654	1.0298	0.0728086	1.09251	0.97106	2.65223	1.06089	0.995904	0	0	0	0	0	0	0	0	
0.655	1.02949	0.0727628	1.0922	0.971352	2.65227	1.06091	0.996142	0	0	0	0	0	0	0	0	
0.656	1.02953	0.072692	1.09193	0.971316	2.65151	1.06061	0.996394	0	0	0	0	0	0	0	0	
0.657	1.02979	0.072593	1.0917	0.971075	2.6503	1.06012	0.996655	0	0	0	0	0	0	0	0	
0.658	1.02958	0.0724765	1.0915	0.971268	2.65035	1.06014	0.996898	0	0	0	0	0	0	0	0	
0.659	1.02927	0.072361	1.0913	0.971563	2.65067	1.06027	0.997135	0	0	0	0	0	0	0	0	
0.66	1.02951	0.0722532	1.09109	0.97134	2.64956	1.05982	0.997392	0	0	0	0	0	0	0	0	
0.661	1.02987	0.0721524	1.09088	0.970999	2.6481	1.05924	0.997653	0	0	0	0	0	0	0	0	
0.662	1.02951	0.0721004	1.09059	0.971337	2.64832	1.05933	0.997896	0	0	0	0	0	0	0	0	
0.663	1.02969	0.0721672	1.09013	0.971168	2.64674	1.0587	0.998153	0	0	0	0	0	0	0	0	
0.664	1.02998	0.0722699	1.08961	0.970891	2.64474	1.05789	0.998415	0	0	0	0	0	0	0	0	
0.665	1.02975	0.0721999	1.08935	0.971108	2.64468	1.05787	0.998661	0	0	0	0	0	0	0	0	
0.666	1.02842	0.0722501	1.08884	0.972361	2.64687	1.05875	0.998895	0	0	0	0	0	0	0	0	
0.667	1.02846	0.0729847	1.08683	0.972323	2.64189	1.05675	0.99916	0	0	0	0	0	0	0	0	
0.668	1.02654	0.071799	1.08405	0.97415	2.64007	1.05603	0.999411	0	0	0	0	0	0	0	0	
0.669	1.02119	0.0561238	1.07816	0.979248	2.63947	1.05579	0.999646	0	0	0	0	0	0	0	0	
0.67	0.969395	-0.0277753	0.999276	1.03157	2.57706	1.03082	0.999866	0	0	0	0	0	0	0	0	
0.671	0.826198	-0.171341	0.784189	1.21036	2.37289	0.949154	0.99998	0	0	0	0	0	0	0	0	
0.672	0.397442	-0.840603	0.285589	2.51609	1.79642	0.718567	1	0	0	0	0	0	0	0	0	
0.673	0.259259	-1.35769	0.0967742	3.85715	0.933181	0.373272	1	0	0	0	0	0	0	0	0	
0.674	0.259259	-1.35769	0.0967742	3.85715	0.933181	0.373272	1	0	0	0	0	0	0	0	0	
0.675	0.259259	-1.35769	0.0967742	3.85715	0.933181	0.373272	1	0	0	0	0	0	0	0	0	
0.676	0.259259	-1.35769	0.0967742	3.85715	0.933181	0.373272	1	0	0	0	0	0	0	0	0	
0.677	0.259259	-1.35769	0.0967742	3.85715	0.933181	0.373272	1	0	0	0	0	0	0	0	0	
0.678	0.259259	-1.35769	0.0967742	3.85715	0.933181	0.373272	1	0	0	0	0	0	0	0	0	
0.679	0.259259	-1.35769	0.0967742	3.85715	0.933181	0.373272	1	0	0	0	0	0	0	0	0	
0.68	0.259259	-1.35769	0.0967742	3.85715	0.933181	0.373272	1	0	0	0	0	0	0	0	0	
0.681	0.259259	-1.35769	0.0967742	3.85715	0.933181	0.373272	1	0	0	0	0	0	0	0	0	
0.682	0.259259	-1.35769	0.0967742	3.85715	0.933181	0.373272	1	0	0	0	0	0	0	0	0	
0.683	0.259259	-1.35769	0.0967742	3.85715	0.933181	0.373272	1	0	0	0	0	0	0	0	0	
0.684	0.259259	-1.35769	0.0967742	3.85715	0.933181	0.373272	1	0	0	0	0	0	0	0	0	
0.685	0.259259	-1.35769	0.0967742	3.85715	0.933181	0.373272	1	0	0	0	0	0	0	0	0	
0.686	0.259259	-1.35769	0.0967742	3.85715	0.933181	0.373272	1	0	0	0	0	0	0	0	0	
0.687	0.259259	-1.35769	0.0967742	3.85715	0.933181	0.373272	1	0	0	0	0	0	0	0	0	
0.688	0.259259	-1.35769	0.0967742	3.85715	0.933181	0.373272	1	0	0	0	0	0	0	0	0	
0.689	0.259259	-1.35769	0.0967742	3.85715	0.933181	0.373272	1	0	0	0	0	0	0	0	0	
0.69	0.259259	-1.35769	0.0967742	3.85715	0.933181	0.373272	1	0	0	0	0	0	0	0	0	
0.691	0.259259	-1.35769	0.0967742	3.85715	0.933181	0.373272	1	0	0	0	0	0	0	0	0	
0.692	0.259259	-1.35769	0.0967742	3.85715	0.933181	0.373272	1	0	0	0	0	0	0	0	0	
0.693	0.259259	-1.35769	0.0967742	3.85715	0.933181	0.373272	1	0	0	0	0	0	0	0	0	
0.694	0.259259	-1.35769	0.0967742	3.85715	0.933181	0.373272	1	0	0	0	0	0	0	0	0	
0.695	0.259259	-1.35769	0.0967742	3.85715	0.933181	0.373272	1	0	0	0	0	0	0	0	0	
0.696	0.259259	-1.35769	0.0967742	3.85715	0.933181	0.373272	1	0	0	0	0	0	0	0	0	
0.697	0.259259	-1.35769	0.0967742	3.85715	0.933181	0.373272	1	0	0	0	0	0	0	0	0	
0.698	0.259259	-1.35769	0.0967742	3.85715	0.933181	0.373272	1	0	0	0	0	0	0	0	0	
0.699	0.259259	-1.35769	0.0967742	3.85715	0.933181	0.373272	1	0	0	0	0	0	0	0	0	
0.7	0.259259	-1.35769	0.0967742	3.85715	0.933181	0.373272	1	0	0	0	0	0	0	0	0	
0.701	0.259259	-1.35769	0.0967742	3.85715	0.933181	0.373272	1	0	0	0	0	0	0	0	0	
0.702	0.259259	-1.35769	0.0967742	3.85715	0.933181	0.373272	1	0	0	0	0	0	0	0	0	
0.703	0.259259	-1.35769	0.0967742	3.85715	0.933181	0.373272	1	0	0	0	0	0	0	0	0	
0.704	0.259259	-1.35769	0.0967742	3.85715	0.933181	0.373272	1	0	0	0	0	0	0	0	0	
0.705	0.259259	-1.35769	0.0967742	3.85715	0.933181	0.373272	1	0	0	0	0	0	0	0	0	
0.706	0.259259	-1.35769	0.0967742	3.85715	0.933181	0.373272	1	0	0	0	0	0	0	0	0	
0.707	0.259259	-1.35769	0.0967742	3.85715	0.933181	0.373272	1	0	0	0	0	0	0	0	0	
0.708	0.259259	-1.35769	0.0967742	3.85715	0.933181	0.373272	1	0	0	0	0	0	0	0	0	
0.709	0.259259	-1.35769	0.0967742	3.85715	0.933181	0.373272	1	0	0	0	0	0	0	0	0	
0.71	0.259259	-1.35769	0.0967742	3.85715	0.933181	0.373272	1	0	0	0	0	0	0	0	0	
0.711	0.259259	-1.35769	0.0967742	3.85715	0.933181	0.373272	1	0	0	0	0	0	0	0	0	
0.712	0.259259	-1.35769	0.0967742	3.85715	0.933181	0.373272	1	0	0	0	0	0	0	0	0	
0.713	0.259259	-1.35769	0.0967742	3.85715	0.933181	0.373272	1	0	0	0	0	0	0	0	0	
0.714	0.259259	-1.35769	0.0967742	3.85715	0.933181	0.373272	1	0	0	0	0	0	0	0	0	
0.715	0.259259	-1.35769	0.0967742	3.85715	0.933181	0.373272	1	0	0	0	0	0	0	0	0	
0.716	0.259259	-1.35769	0.0967742	3.85715	0.933181	0.373272	1	0	0	0	0	0	0	0	0	
0.717	0.259259	-1.35769	0.0967742	3.85715	0.933181	0.373272	1	0	0	0	0	0	0	0	0	
0.718	0.259259	-1.35769	0.0967742	3.85715	0.933181	0.373272	1	0	0	0	0	0	0	0	0	
0.719	0.259259	-1.35769	0.0967742	3.85715	0.933181	0.373272	1	0	0	0	0	0	0	0	0	
0.72	0.259259	-1.35769	0.0967742	3.85715	0.933181	0.373272	1	0	0	0	0	0	0	0	0	
0.721	0.259259	-1.35769	0.0967742	3.85715	0.933181	0.373272	1	0	0	0	0	0	0	0	0	
0.722	0.259259	-1.35769	0.0967742	3.85715	0.933181	0.373272	1	0	0	0	0	0	0	0	0	
0.723	0.259259	-1.35769	0.0967742	3.85715	0.933181	0.373272	1	0	0	0	0	0	0	0	0	
0.724	0.259259	-1.35769	0.0967742	3.85715	0.933181	0.373272	1	0	0	0	0	0	0	0	0	
0.725	0.259259	-1.35769	0.0967742	3.85715	0.933181	0.373272	1	0	0	0	0	0	0	0	0	
0.726	0.259259	-1.35769	0.0967742	3.85715	0.933181	0.373272	1	0	0	0	0	0	0	0	0	
0.727	0.259259	-1.35769	0.0967742	3.85715	0.933181	0.373272	1	0	0	0	0	0	0	0	0	
0.728	0.259259	-1.35769	0.0967742	3.85715	0.933181	0.373272	1	0	0	0	0	0	0	0	0	
0.729	0.259259	-1.35769	0.0967742	3.85715	0.933181	0.373272	1	0	0	0	0	0	0	0	0	
0.73	0.259259	-1.35769	0.0967742	3.85715	0.933181	0.373272	1	0	0	0	0	0	0	0	0	
0.731	0.259259	-1.35769	0.0967742	3.85715	0.933181	0.373272	1	0	0	0	0	0	0	0	0	
0.732	0.259259	-1.35769	0.0967742	3.85715	0.933181	0.373272	1	0	0	0	0	0	0	0	0	
0.733	0.259259	-1.35769	0.0967742	3.85715	0.933181	0.373272	1	0	0	0	0	0	0	0	0	
0.734	0.259259	-1.35769	0.0967742	3.85715	0.933181	0.373272	1	0	0	0	0	0	0	0	0	
0.735	0.259259	-1.35769	0.0967742	3.85715	0.933181	0.373272	1	0	0	0	0	0	0	0	0	
0.736	0.259259	-1.35769	0.0967742	3.85715	0.933181	0.373272	1	0	0	0	0	0	0	0	0	
0.737	0.259259	-1.35769	0.0967742	3.85715	0.933181	0.373272	1	0	0	0	0	0	0	0	0	
0.738	0.259259	-1.35769	0.0967742	3.85715	0.933181	0.373272	1	0	0	0	0	0	0	0	0	
0.739	0.259259	-1.35769	0.0967742	3.85715	0.933181	0.373272	1	0	0	0	0	0	0	0	0	
0.74	0.259259	-1.35769	0.0967742	3.85715	0.933181	0.373272	1	0	0	0	0	0	0	0	0	
0.741	0.259259	-1.35769	0.0967742	3.85715	0.933181	0.373272	1	0	0	0	0	0	0	0	0	
0.742	0.259259	-1.35769	0.0967742	3.85715	0.933181	0.373272	1	0	0	0	0	0	0	0	0	
0.743	0.259259	-1.35769	0.0967742	3.85715	0.933181	0.373272	1	0	0	0	0	0	0	0	0	
0.744	0.259259	-1.35769	0.0967742	3.85715	0.933181	0.373272	1	0	0	0	0	0	0	0	0	
0.745	0.259259	-1.35769	0.0967742	3.85715	0.933181	0.373272	1	0	0	0	0	0	0	0	0	
0.746	0.259259	-1.35769	0.0967742	3.85715	0.933181	0.373272	1	0	0	0	0	0	0	0	0	
0.747	0.259259	-1.35769	0.0967742	3.85715	0.933181	0.373272	1	0	0	0	0	0	0	0	0	
0.748	0.259259	-1.35769	0.0967742	3.85715	0.933181	0.373272	1	0	0	0	0	0	0	0	0	
0.749	0.259259	-1.35769	0.0967742	3.85715	0.933181	0.373272	1	0	0	0	0	0	0	0	0	
0.75	0.259259	-1.35769	0.0967742	3.85715	0.933181	0.373272	1	0	0	0	0	0	0	0	0	
0.751	0.259259	-1.35769	0.0967742	3.85715	0.933181	0.373272	1	0	0	0	0	0	0	0	0	
0.752	0.259259	-1.35769	0.0967742	3.85715	0.933181	0.373272	1	0	0	0	0	0	0	0	0	
0.753	0.259259	-1.35769	0.0967742	3.85715	0.933181	0.373272	1	0	0	0	0	0	0	0	0	
0.754	0.259259	-1.35769	0.0967742	3.85715	0.933181	0.373272	1	0	0	0	0	0	0	0	0	
0.755	0.259259	-1.35769	0.0967742	3.85715	0.933181	0.373272	1	0	0	0	0	0	0	0	0	
0.756	0.259259	-1.35769	0.0967742	3.85715	0.933181	0.373272	1	0	0	0	0	0	0	0	0	
0.757	0.259259	-1.35769	0.0967742	3.85715	0.933181	0.373272	1	0	0	0	0	0	0	0	0	
0.758	0.259259	-1.35769	0.0967742	3.85715	0.933181	0.373272	1	0	0	0	0	0	0	0	0	
0.759	0.259259	-1.35769	0.0967742	3.85715	0.933181	0.373272	1	0	0	0	0	0	0	0	0	
0.76	0.259259	-1.35769	0.0967742	3.85715	0.933181	0.373272	1	0	0	0	0	0	0	0	0	
0.761	0.259259	-1.35769	0.0967742	3.85715	0.933181	0.373272	1	0	0	0	0	0	0	0	0	
0.762	0.259259	-1.35769	0.0967742	3.85715	0.933181	0.373272	1	0	0	0	0	0	0	0	0	
0.763	0.259259	-1.35769	0.0967742	3.85715	0.933181	0.373272	1	0	0	0	0	0	0	0	0	
0.764	0.259259	-1.35769	0.0967742	3.85715	0.933181	0.373272	1	0	0	0	0	0	0	0	0	
0.765	0.259259	-1.35769	0.0967742	3.85715	0.933181	0.373272	1	0	0	0	0	0	0	0	0	
0.766	0.259259	-1.35769	0.0967742	3.85715	0.933181	0.373272	1	0	0	0	0	0	0	0	0	
0.767	0.259259	-1.35769	0.0967742	3.85715	0.933181	0.373272	1	0	0	0	0	0	0	0	0	
0.768	0.259259	-1.35769	0.0967742	3.85715	0.933181	0.373272	1	0	0	0	0	0	0	0	0	
0.769	0.259259	-1.35769	0.0967742	3.85715	0.933181	0.373272	1	0	0	0	0	0	0	0	0	
0.77	0.259259	-1.35769	0.0967742	3.85715	0.933181	0.373272	1	0	0	0	0	0	0	0	0	
0.771	0.259259	-1.35769	0.0967742	3.85715	0.933181	0.373272	1	0	0	0	0	0	0	0	0	
0.772	0.259259	-1.35769	0.0967742	3.85715	0.933181	0.373272	1	0	0	0	0	0	0	0	0	
0.773	0.259259	-1.35769	0.0967742	3.85715	0.933181	0.373272	1	0	0	0	0	0	0	0	0	
0.774	0.259259	-1.35769	0.0967742	3.85715	0.933181	0.373272	1	0	0	0	0	0	0	0	0	
0.775	0.259259	-1.35769	0.0967742	3.85715	0.933181	0.373272	1	0	0	0	0	0	0	0	0	
0.776	0.259259	-1.35769	0.0967742	3.85715	0.933181	0.373272	1	0	0	0	0	0	0	0	0	
0.777	0.259259	-1.35769	0.0967742	3.85715	0.933181	0.373272	1	0	0	0	0	0	0	0	0	
0.778	0.259259	-1.35769	0.0967742	3.85715	0.933181	0.373272	1	0	0	0	0	0	0	0	0	
0.779	0.259259	-1.35769	0.0967742	3.85715	0.933181	0.373272	1	0	0	0	0	0	0	0	0	
0.78	0.259259	-1.35769	0.0967742	3.85715	0.933181	0.373272	1	0	0	0	0	0	0	0	0	
0.781	0.259259	-1.35769	0.0967742	3.85715	0.933181	0.373272	1	0	0	0	0	0	0	0	0	
0.782	0.259259	-1.35769	0.0967742	3.85715	0.933181	0.373272	1	0	0	0	0	0	0	0	0	
0.783	0.259259	-1.35769	0.0967742	3.85715	0.933181	0.373272	1	0	0	0	0	0	0	0	0	
0.784	0.259259	-1.35769	0.0967742	3.85715	0.933181	0.373272	1	0	0	0	0	0	0	0	0	
0.785	0.259259	-1.35769	0.0967742	3.85715	0.933181	0.373272	1	0	0	0	0	0	0	0	0	
0.786	0.259259	-1.35769	0.0967742	3.85715	0.933181	0.373272	1	0	0	0	0	0	0	0	0	
0.787	0.259259	-1.35769	0.0967742	3.85715	0.933181	0.373272	1	0	0	0	0	0	0	0	0	
0.788	0.259259	-1.35769	0.0967742	3.85715	0.933181	0.373272	1	0	0	0	0	0	0	0	0	
0.789	0.259259	-1.35769	0.0967742	3.85715	0.933181	0.373272	1	0	0	0	0	0	0	0	0	
0.79	0.259259	-1.35769	0.0967742	3.85715	0.933181	0.373272	1	0	0	0	0	0	0	0	0	
0.791	0.259259	-1.35769	0.0967742	3.85715	0.933181	0.373272	1	0	0	0	0	0	0	0	0	
0.792	0.259259	-1.35769	0.0967742	3.85715	0.933181	0.373272	1	0	0	0	0	0	0	0	0	
0.793	0.259259	-1.35769	0.0967742	3.85715	0.933181	0.373272	1	0	0	0	0	0	0	0	0	
0.794	0.259259	-1.35769	0.0967742	3.85715	0.933181	0.373272	1	0	0	0	0	0	0	0	0	
0.795	0.259259	-1.35769	0.0967742	3.85715	0.933181	0.373272	1	0	0	0	0	0	0	0	0	
0.796	0.259259	-1.35769	0.0967742	3.85715	0.933181	0.373272	1	0	0	0	0	0	0	0	0	
0.797	0.259259	-1.35769	0.0967742	3.85715	0.933181	0.373272	1	0	0	0	0	0	0	0	0	
0.798	0.259259	-1.35769	0.0967742	3.85715	0.933181	0.373272	1	0	0	0	0	0	0	0	0	
0.799	0.259259	-1.35769	0.0967742	3.85715	0.933181	0.373272	1	0	0	0	0	0	0	0	0	
0.8	0.259259	-1.35769	0.0967742	3.85715	0.933181	0.373272	1	0	0	0	0	0	0	0	0	
0.801	0.259259	-1.35769	0.0967742	3.85715	0.933181	0.373272	1	0	0	0	0	0	0	0	0	
0.802	0.259259	-1.35769	0.0967742	3.85715	0.933181	0.373272	1	0	0	0	0	0	0	0	0	
0.803	0.259259	-1.35769	0.0967742	3.85715	0.933181	0.373272	1	0	0	0	0	0	0	0	0	
0.804	0.259259	-1.35769	0.0967742	3.85715	0.933181	0.373272	1	0	0	0	0	0	0	0	0	
0.805	0.259259	-1.35769	0.0967742	3.85715	0.933181	0.373272	1	0	0	0	0	0	0	0	0	
0.806	0.259259	-1.35769	0.0967742	3.85715	0.933181	0.373272	1	0	0	0	0	0	0	0	0	
0.807	0.259259	-1.35769	0.0967742	3.85715	0.933181	0.373272	1	0	0	0	0	0	0	0	0	
0.808	0.259259	-1.35769	0.0967742	3.85715	0.933181	0.373272	1	0	0	0	0	0	0	0	0	
0.809	0.259259	-1.35769	0.0967742	3.85715	0.933181	0.373272	1	0	0	0	0	0	0	0	0	
0.81	0.259259	-1.35769	0.0967742	3.85715	0.933181	0.373272	1	0	0	0	0	0	0	0	0	
0.811	0.259259	-1.35769	0.0967742	3.85715	0.933181	0.373272	1	0	0	0	0	0	0	0	0	
0.812	0.259259	-1.35769	0.0967742	3.85715	0.933181	0.373272	1	0	0	0	0	0	0	0	0	
0.813	0.259259	-1.35769	0.0967742	3.85715	0.933181	0.373272	1	0	0	0	0	0	0	0	0	
0.814	0.259259	-1.35769	0.0967742	3.85715	0.933181	0.373272	1	0	0	0	0	0	0	0	0	
0.815	0.259259	-1.35769	0.0967742	3.85715	0.933181	0.373272	1	0	0	0	0	0	0	0	0	
0.816	0.259259	-1.35769	0.0967742	3.85715	0.933181	0.373272	1	0	0	0	0	0	0	0	0	
0.817	0.259259	-1.35769	0.0967742	3.85715	0.933181	0.373272	1	0	0	0	0	0	0	0	0	
0.818	0.259259	-1.35769	0.0967742	3.85715	0.933181	0.373272	1	0	0	0	0	0	0	0	0	
0.819	0.259259	-1.35769	0.0967742	3.85715	0.933181	0.373272	1	0	0	0	0	0	0	0	0	
0.82	0.259259	-1.35769	0.0967742	3.85715	0.933181	0.373272	1	0	0	0	0	0	0	0	0	
0.821	0.259259	-1.35769	0.0967742	3.85715	0.933181	0.373272	1	0	0	0	0	0	0	0	0	
0.822	0.259259	-1.35769	0.0967742	3.85715	0.933181	0.373272	1	0	0	0	0	0	0	0	0	
0.823	0.259259	-1.35769	0.0967742	3.85715	0.933181	0.373272	1	0	0	0	0	0	0	0	0	
0.824	0.259259	-1.35769	0.0967742	3.85715	0.933181	0.373272	1	0	0	0	0	0	0	0	0	
0.825	0.259259	-1.35769	0.0967742	3.85715	0.933181	0.373272	1	0	0	0	0	0	0	0	0	
0.826	0.259259	-1.35769	0.0967742	3.85715	0.933181	0.373272	1	0	0	0	0	0	0	0	0	
0.827	0.259259	-1.35769	0.0967742	3.85715	0.933181	0.373272	1	0	0	0	0	0	0	0	0	
0.828	0.259259	-1.35769	0.0967742	3.85715	0.933181	0.373272	1	0	0	0	0	0	0	0	0	
0.829	0.259259	-1.35769	0.0967742	3.85715	0.933181	0.373272	1	0	0	0	0	0	0	0	0	
0.83	0.259259	-1.35769	0.0967742	3.85715	0.933181	0.373272	1	0	0	0	0	0	0	0	0	
0.831	0.259259	-1.35769	0.0967742	3.85715	0.933181	0.373272	1	0	0	0	0	0	0	0	0	
0.832	0.259259	-1.35769	0.0967742	3.85715	0.933181	0.373272	1	0	0	0	0	0	0	0	0	
0.833	0.259259	-1.35769	0.0967742	3.85715	0.933181	0.373272	1	0	0	0	0	0	0	0	0	
0.834	0.259259	-1.35769	0.0967742	3.85715	0.933181	0.373272	1	0	0	0	0	0	0	0	0	
0.835	0.259259	-1.35769	0.0967742	3.85715	0.933181	0.373272	1	0	0	0	0	0	0	0	0	
0.836	0.259259	-1.35769	0.0967742	3.85715	0.933181	0.373272	1	0	0	0	0	0	0	0	0	
0.837	0.259259	-1.35769	0.0967742	3.85715	0.933181	0.373272	1	0	0	0	0	0	0	0	0	
0.838	0.259259	-1.35769	0.0967742	3.85715	0.933181	0.373272	1	0	0	0	0	0	0	0	0	
0.839	0.259259	-1.35769	0.0967742	3.85715	0.933181	0.373272	1	0	0	0	0	0	0	0	0	
0.84	0.259259	-1.35769	0.0967742	3.85715	0.933181	0.373272	1	0	0	0	0	0	0	0	0	
0.841	0.259259	-1.35769	0.0967742	3.85715	0.933181	0.373272	1	0	0	0	0	0	0	0	0	
0.842	0.259259	-1.35769	0.0967742	3.85715	0.933181	0.373272	1	0	0	0	0	0	0	0	0	
0.843	0.259259	-1.35769	0.0967742	3.85715	0.933181	0.373272	1	0	0	0	0	0	0	0	0	
0.844	0.259259	-1.35769	0.0967742	3.85715	0.933181	0.373272	1	0	0	0	0	0	0	0	0	
0.845	0.259259	-1.35769	0.0967742	3.85715	0.933181	0.373272	1	0	0	0	0	0	0	0	0	
0.846	0.259259	-1.35769	0.0967742	3.85715	0.933181	0.373272	1	0	0	0	0	0	0	0	0	
0.847	0.259259	-1.35769	0.0967742	3.85715	0.933181	0.373272	1	0	0	0	0	0	0	0	0	
0.848	0.259259	-1.35769	0.0967742	3.85715	0.933181	0.373272	1	0	0	0	0	0	0	0	0	
0.849	0.259259	-1.35769	0.0967742	3.85715	0.933181	0.373272	1	0	0	0	0	0	0	0	0	
0.85	0.259259	-1.35769	0.0967742	3.85715	0.933181	0.373272	1	0	0	0	0	0	0	0	0	
0.851	0.259259	-1.35769	0.0967742	3.85715	0.933181	0.373272	1	0	0	0	0	0	0	0	0	
0.852	0.259259	-1.35769	0.0967742	3.85715	0.933181	0.373272	1	0	0	0	0	0	0	0	0	
0.853	0.259259	-1.35769	0.0967742	3.85715	0.933181	0.373272	1	0	0	0	0	0	0	0	0	
0.854	0.259259	-1.35769	0.0967742	3.85715	0.933181	0.373272	1	0	0	0	0	0	0	0	0	
0.855	0.259259	-1.35769	0.0967742	3.85715	0.933181	0.373272	1	0	0	0	0	0	0	0	0	
0.856	0.259259	-1.35769	0.0967742	3.85715	0.933181	0.373272	1	0	0	0	0	0	0	0	0	
0.857	0.259259	-1.35769	0.0967742	3.85715	0.933181	0.373272	1	0	0	0	0	0	0	0	0	
0.858	0.259259	-1.35769	0.0967742	3.85715	0.933181	0.373272	1	0	0	0	0	0	0	0	0	
0.859	0.259259	-1.35769	0.0967742	3.85715	0.933181	0.373272	1	0	0	0	0	0	0	0	0	
0.86	0.259259	-1.35769	0.0967742	3.85715	0.933181	0.373272	1	0	0	0	0	0	0	0	0	
0.861	0.259259	-1.35769	0.0967742	3.85715	0.933181	0.373272	1	0	0	0	0	0	0	0	0	
0.862	0.259259	-1.35769	0.0967742	3.85715	0.933181	0.373272	1	0	0	0	0	0	0	0	0	
0.863	0.259259	-1.35769	0.0967742	3.85715	0.933181	0.373272	1	0	0	0	0	0	0	0	0	
0.864	0.259259	-1.35769	0.0967742	3.85715	0.933181	0.373272	1	0	0	0	0	0	0	0	0	
0.865	0.259259	-1.35769	0.0967742	3.85715	0.933181	0.373272	1	0	0	0	0	0	0	0	0	
0.866	0.259259	-1.35769	0.0967742	3.85715	0.933181	0.373272	1	0	0	0	0	0	0	0	0	
0.867	0.259259	-1.35769	0.0967742	3.85715	0.933181	0.373272	1	0	0	0	0	0	0	0	0	
0.868	0.259259	-1.35769	0.0967742	3.85715	0.933181	0.373272	1	0	0	0	0	0	0	0	0	
0.869	0.259259	-1.35769	0.0967742	3.85715	0.933181	0.373272	1	0	0	0	0	0	0	0	0	
0.87	0.259259	-1.35769	0.0967742	3.85715	0.933181	0.373272	1	0	0	0	0	0	0	0	0	
0.871	0.259259	-1.35769	0.0967742	3.85715	0.933181	0.373272	1	0	0	0	0	0	0	0	0	
0.872	0.259259	-1.35769	0.0967742	3.85715	0.933181	0.373272	1	0	0	0	0	0	0	0	0	
0.873	0.259259	-1.35769	0.0967742	3.85715	0.933181	0.373272	1	0	0	0	0	0	0	0	0	
0.874	0.259259	-1.35769	0.0967742	3.85715	0.933181	0.373272	1	0	0	0	0	0	0	0	0	
0.875	0.259259	-1.35769	0.0967742	3.85715	0.933181	0.373272	1	0	0	0	0	0	0	0	0	
0.876	0.259259	-1.35769	0.0967742	3.85715	0.933181	0.373272	1	0	0	0	0	0	0	0	0	
0.877	0.259259	-1.35769	0.0967742	3.85715	0.933181	0.373272	1	0	0	0	0	0	0	0	0	
0.878	0.259259	-1.35769	0.0967742	3.85715	0.933181	0.373272	1	0	0	0	0	0	0	0	0	
0.879	0.259259	-1.35769	0.0967742	3.85715	0.933181	0.373272	1	0	0	0	0	0	0	0	0	
0.88	0.259259	-1.35769	0.0967742	3.85715	0.933181	0.373272	1	0	0	0	0	0	0	0	0	
0.881	0.259259	-1.35769	0.0967742	3.85715	0.933181	0.373272	1	0	0	0	0	0	0	0	0	
0.882	0.259259	-1.35769	0.0967742	3.85715	0.933181	0.373272	1	0	0	0	0	0	0	0	0	
0.883	0.259259	-1.35769	0.0967742	3.85715	0.933181	0.373272	1	0	0	0	0	0	0	0	0	
0.884	0.259259	-1.35769	0.0967742	3.85715	0.933181	0.373272	1	0	0	0	0	0	0	0	0	
0.885	0.259259	-1.35769	0.0967742	3.85715	0.933181	0.373272	1	0	0	0	0	0	0	0	0	
0.886	0.259259	-1.35769	0.0967742	3.85715	0.933181	0.373272	1	0	0	0	0	0	0	0	0	
0.887	0.259259	-1.35769	0.0967742	3.85715	0.933181	0.373272	1	0	0	0	0	0	0	0	0	
0.888	0.259259	-1.35769	0.0967742	3.85715	0.933181	0.373272	1	0	0	0	0	0	0	0	0	
0.889	0.259259	-1.35769	0.0967742	3.85715	0.933181	0.373272	1	0	0	0	0	0	0	0	0	
0.89	0.259259	-1.35769	0.0967742	3.85715	0.933181	0.373272	1	0	0	0	0	0	0	0	0	
0.891	0.259259	-1.35769	0.0967742	3.85715	0.933181	0.373272	1	0	0	0	0	0	0	0	0	
0.892	0.259259	-1.35769	0.0967742	3.85715	0.933181	0.373272	1	0	0	0	0	0	0	0	0	
0.893	0.259259	-1.35769	0.0967742	3.85715	0.933181	0.373272	1	0	0	0	0	0	0	0	0	
0.894	0.259259	-1.35769	0.0967742	3.85715	0.933181	0.373272	1	0	0	0	0	0	0	0	0	
0.895	0.259259	-1.35769	0.0967742	3.85715	0.933181	0.373272	1	0	0	0	0	0	0	0	0	
0.896	0.259259	-1.35769	0.0967742	3.85715	0.933181	0.373272	1	0	0	0	0	0	0	0	0	
0.897	0.259259	-1.35769	0.0967742	3.85715	0.933181	0.373272	1	0	0	0	0	0	0	0	0	
0.898	0.259259	-1.35769	0.0967742	3.85715	0.933181	0.373272	1	0	0	0	0	0	0	0	0	
0.899	0.259259	-1.35769	0.0967742	3.85715	0.933181	0.373272	1	0	0	0	0	0	0	0	0	
0.9	0.259259	-1.35769	0.0967742	3.85715	0.933181	0.373272	1	0	0	0	0	0	0	0	0	
0.901	0.259259	-1.35769	0.0967742	3.85715	0.933181	0.373272	1	0	0	0	0	0	0	0	0	
0.902	0.259259	-1.35769	0.0967742	3.85715	0.933181	0.373272	1	0	0	0	0	0	0	0	0	
0.903	0.259259	-1.35769	0.0967742	3.85715	0.933181	0.373272	1	0	0	0	0	0	0	0	0	
0.904	0.259259	-1.35769	0.0967742	3.85715	0.933181	0.373272	1	0	0	0	0	0	0	0	0	
0.905	0.259259	-1.35769	0.0967742	3.85715	0.933181	0.373272	1	0	0	0	0	0	0	0	0	
0.906	0.259259	-1.35769	0.0967742	3.85715	0.933181	0.373272	1	0	0	0	0	0	0	0	0	
0.907	0.259259	-1.35769	0.0967742	3.85715	0.933181	0.373272	1	0	0	0	0	0	0	0	0	
0.908	0.259259	-1.35769	0.0967742	3.85715	0.933181	0.373272	1	0	0	0	0	0	0	0	0	
0.909	0.259259	-1.35769	0.0967742	3.85715	0.933181	0.373272	1	0	0	0	0	0	0	0	0	
0.91	0.259259	-1.35769	0.0967742	3.85715	0.933181	0.373272	1	0	0	0	0	0	0	0	0	
0.911	0.259259	-1.35769	0.0967742	3.85715	0.933181	0.373272	1	0	0	0	0	0	0	0	0	
0.912	0.259259	-1.35769	0.0967742	3.85715	0.933181	0.373272	1	0	0	0	0	0	0	0	0	
0.913	0.259259	-1.35769	0.0967742	3.85715	0.933181	0.373272	1	0	0	0	0	0	0	0	0	
0.914	0.259259	-1.35769	0.0967742	3.85715	0.933181	0.373272	1	0	0	0	0	0	0	0	0	
0.915	0.259259	-1.35769	0.0967742	3.85715	0.933181	0.373272	1	0	0	0	0	0	0	0	0	
0.916	0.259259	-1.35769	0.0967742	3.85715	0.933181	0.373272	1	0	0	0	0	0	0	0	0	
0.917	0.259259	-1.35769	0.0967742	3.85715	0.933181	0.373272	1	0	0	0	0	0	0	0	0	
0.918	0.259259	-1.35769	0.0967742	3.85715	0.933181	0.373272	1	0	0	0	0	0	0	0	0	
0.919	0.259259	-1.35769	0.0967742	3.85715	0.933181	0.373272	1	0	0	0	0	0	0	0	0	
0.92	0.259259	-1.35769	0.0967742	3.85715	0.933181	0.373272	1	0	0	0	0	0	0	0	0	
0.921	0.259259	-1.35769	0.0967742	3.85715	0.933181	0.373272	1	0	0	0	0	0	0	0	0	
0.922	0.259259	-1.35769	0.0967742	3.85715	0.933181	0.373272	1	0	0	0	0	0	0	0	0	
0.923	0.259259	-1.35769	0.0967742	3.85715	0.933181	0.373272	1	0	0	0	0	0	0	0	0	
0.924	0.259259	-1.35769	0.0967742	3.85715	0.933181	0.373272	1	0	0	0	0	0	0	0	0	
0.925	0.259259	-1.35769	0.0967742	3.85715	0.933181	0.373272	1	0	0	0	0	0	0	0	0	
0.926	0.259259	-1.35769	0.0967742	3.85715	0.933181	0.373272	1	0	0	0	0	0	0	0	0	
0.927	0.259259	-1.35769	0.0967742	3.85715	0.933181	0.373272	1	0	0	0	0	0	0	0	0	
0.928	0.259259	-1.35769	0.0967742	3.85715	0.933181	0.373272	1	0	0	0	0	0	0	0	0	
0.929	0.259259	-1.35769	0.0967742	3.85715	0.933181	0.373272	1	0	0	0	0	0	0	0	0	
0.93	0.259259	-1.35769	0.0967742	3.85715	0.933181	0.373272	1	0	0	0	0	0	0	0	0	
0.931	0.259259	-1.35769	0.0967742	3.85715	0.933181	0.373272	1	0	0	0	0	0	0	0	0	
0.932	0.259259	-1.35769	0.0967742	3.85715	0.933181	0.373272	1	0	0	0	0	0	0	0	0	
0.933	0.259259	-1.35769	0.0967742	3.85715	0.933181	0.373272	1	0	0	0	0	0	0	0	0	
0.934	0.259259	-1.35769	0.0967742	3.85715	0.933181	0.373272	1	0	0	0	0	0	0	0	0	
0.935	0.259259	-1.35769	0.0967742	3.85715	0.933181	0.373272	1	0	0	0	0	0	0	0	0	
0.936	0.259259	-1.35769	0.0967742	3.85715	0.933181	0.373272	1	0	0	0	0	0	0	0	0	
0.937	0.259259	-1.35769	0.0967742	3.85715	0.933181	0.373272	1	0	0	0	0	0	0	0	0	
0.938	0.259259	-1.35769	0.0967742	3.85715	0.933181	0.373272	1	0	0	0	0	0	0	0	0	
0.939	0.259259	-1.35769	0.0967742	3.85715	0.933181	0.373272	1	0	0	0	0	0	0	0	0	
0.94	0.259259	-1.35769	0.0967742	3.85715	0.933181	0.373272	1	0	0	0	0	0	0	0	0	
0.941	0.259259	-1.35769	0.0967742	3.85715	0.933181	0.373272	1	0	0	0	0	0	0	0	0	
0.942	0.259259	-1.35769	0.0967742	3.85715	0.933181	0.373272	1	0	0	0	0	0	0	0	0	
0.943	0.259259	-1.35769	0.0967742	3.85715	0.933181	0.373272	1	0	0	0	0	0	0	0	0	
0.944	0.259259	-1.35769	0.0967742	3.85715	0.933181	0.373272	1	0	0	0	0	0	0	0	0	
0.945	0.259259	-1.35769	0.0967742	3.85715	0.933181	0.373272	1	0	0	0	0	0	0	0	0	
0.946	0.259259	-1.35769	0.0967742	3.85715	0.933181	0.373272	1	0	0	0	0	0	0	0	0	
0.947	0.259259	-1.35769	0.0967742	3.85715	0.933181	0.373272	1	0	0	0	0	0	0	0	0	
0.948	0.259259	-1.35769	0.0967742	3.85715	0.933181	0.373272	1	0	0	0	0	0	0	0	0	
0.949	0.259259	-1.35769	0.0967742	3.85715	0.933181	0.373272	1	0	0	0	0	0	0	0	0	
0.95	0.259259	-1.35769	0.0967742	3.85715	0.933181	0.373272	1	0	0	0	0	0	0	0	0	
0.951	0.259259	-1.35769	0.0967742	3.85715	0.933181	0.373272	1	0	0	0	0	0	0	0	0	
0.952	0.259259	-1.35769	0.0967742	3.85715	0.933181	0.373272	1	0	0	0	0	0	0	0	0	
0.953	0.259259	-1.35769	0.0967742	3.85715	0.933181	0.373272	1	0	0	0	0	0	0	0	0	
0.954	0.259259	-1.35769	0.0967742	3.85715	0.933181	0.373272	1	0	0	0	0	0	0	0	0	
0.955	0.259259	-1.35769	0.0967742	3.85715	0.933181	0.373272	1	0	0	0	0	0	0	0	0	
0.956	0.259259	-1.35769	0.0967742	3.85715	0.933181	0.373272	1	0	0	0	0	0	0	0	0	
0.957	0.259259	-1.35769	0.0967742	3.85715	0.933181	0.373272	1	0	0	0	0	0	0	0	0	
0.958	0.259259	-1.35769	0.0967742	3.85715	0.933181	0.373272	1	0	0	0	0	0	0	0	0	
0.959	0.259259	-1.35769	0.0967742	3.85715	0.933181	0.373272	1	0	0	0	0	0	0	0	0	
0.96	0.259259	-1.35769	0.0967742	3.85715	0.933181	0.373272	1	0	0	0	0	0	0	0	0	
0.961	0.259259	-1.35769	0.0967742	3.85715	0.933181	0.373272	1	0	0	0	0	0	0	0	0	
0.962	0.259259	-1.35769	0.0967742	3.85715	0.933181	0.373272	1	0	0	0	0	0	0	0	0	
0.963	0.259259	-1.35769	0.0967742	3.85715	0.933181	0.373272	1	0	0	0	0	0	0	0	0	
0.964	0.259259	-1.35769	0.0967742	3.85715	0.933181	0.373272	1	0	0	0	0	0	0	0	0	
0.965	0.259259	-1.35769	0.0967742	3.85715	0.933181	0.373272	1	0	0	0	0	0	0	0	0	
0.966	0.259259	-1.35769	0.0967742	3.85715	0.933181	0.373272	1	0	0	0	0	0	0	0	0	
0.967	0.259259	-1.35769	0.0967742	3.85715	0.933181	0.373272	1	0	0	0	0	0	0	0	0	
0.968	0.259259	-1.35769	0.0967742	3.85715	0.933181	0.373272	1	0	0	0	0	0	0	0	0	
0.969	0.259259	-1.35769	0.0967742	3.85715	0.933181	0.373272	1	0	0	0	0	0	0	0	0	
0.97	0.259259	-1.35769	0.0967742	3.85715	0.933181	0.373272	1	0	0	0	0	0	0	0	0	
0.971	0.259259	-1.35769	0.0967742	3.85715	0.933181	0.373272	1	0	0	0	0	0	0	0	0	
0.972	0.259259	-1.35769	0.0967742	3.85715	0.933181	0.373272	1	0	0	0	0	0	0	0	0	
0.973	0.259259	-1.35769	0.0967742	3.85715	0.933181	0.373272	1	0	0	0	0	0	0	0	0	
0.974	0.259259	-1.35769	0.0967742	3.85715	0.933181	0.373272	1	0	0	0	0	0	0	0	0	
0.975	0.259259	-1.35769	0.0967742	3.85715	0.933181	0.373272	1	0	0	0	0	0	0	0	0	
0.976	0.259259	-1.35769	0.0967742	3.85715	0.933181	0.373272	1	0	0	0	0	0	0	0	0	
0.977	0.259259	-1.35769	0.0967742	3.85715	0.933181	0.373272	1	0	0	0	0	0	0	0	0	
0.978	0.259259	-1.35769	0.0967742	3.85715	0.933181	0.373272	1	0	0	0	0	0	0	0	0	
0.979	0.259259	-1.35769	0.0967742	3.85715	0.933181	0.373272	1	0	0	0	0	0	0	0	0	
0.98	0.259259	-1.35769	0.0967742	3.85715	0.933181	0.373272	1	0	0	0	0	0	0	0	0	
0.981	0.259259	-1.35769	0.0967742	3.85715	0.933181	0.373272	1	0	0	0	0	0	0	0	0	
0.982	0.259259	-1.35769	0.0967742	3.85715	0.933181	0.373272	1	0	0	0	0	0	0	0	0	
0.983	0.259259	-1.35769	0.0967742	3.85715	0.933181	0.373272	1	0	0	0	0	0	0	0	0	
0.984	0.259259	-1.35769	0.0967742	3.85715	0.933181	0.373272	1	0	0	0	0	0	0	0	0	
0.985	0.259259	-1.35769	0.0967742	3.85715	0.933181	0.373272	1	0	0	0	0	0	0	0	0	
0.986	0.259259	-1.35769	0.0967742	3.85715	0.933181	0.373272	1	0	0	0	0	0	0	0	0	
0.987	0.259259	-1.35769	0.0967742	3.85715	0.933181	0.373272	1	0	0	0	0	0	0	0	0	
0.988	0.259259	-1.35769	0.0967742	3.85715	0.933181	0.373272	1	0	0	0	0	0	0	0	0	
0.989	0.259259	-1.35769	0.0967742	3.85715	0.933181	0.373272	1	0	0	0	0	0	0	0	0	
0.99	0.259259	-1.35769	0.0967742	3.85715	0.933181	0.373272	1	0	0	0	0	0	0	0	0	
0.991	0.259259	-1.35769	0.0967742	3.85715	0.933181	0.373272	1	0	0	0	0	0	0	0	0	
0.992	0.259259	-1.35769	0.0967742	3.85715	0.933181	0.373272	1	0	0	0	0	0	0	0	0	
0.993	0.259259	-1.35769	0.0967742	3.85715	0.933181	0.373272	1	0	0	0	0	0	0	0	0	
0.994	0.259259	-1.35769	0.0967742	3.85715	0.933181	0.373272	1	0	0	0	0	0	0	0	0	
0.995	0.259259	-1.35769	0.0967742	3.85715	0.933181	0.373272	1	0	0	0	0	0	0	0	0	
0.996	0.259259	-1.35769	0.0967742	3.85715	0.933181	0.373272	1	0	0	0	0	0	0	0	0	
0.997	0.259259	-1.35769	0.0967742	3.85715	0.933181	0.373272	1	0	0	0	0	0	0	0	0	
0.998	0.259259	-1.35769	0.0967742	3.85715	0.933181	0.373272	1	0	0	0	0	0	0	0	0	
0.999	0.259259	-1.35769	0.0967742	3.85715	0.933181	0.373272	1	0	0	0	0	0	0	0	0	
1	0.259259	-1.35769	0.0967742	3.85715	0.933181	0.373272	1	0	0	0	0	0	0	0	0	
