|||||||||||||||||||||||||||||||||***SIMULATION: detonation***||||||||||||||||||||||||||||||||||
Sanpshot time = 1.24. Timestep = 2884. Run time = 5 seconds
No. of cells = 1000
#Position	 Density	 Velocity	 Pressure	 Specific_Volume I_Energy	 Temperature	 Species
-0.001	0.753435	0.000486977	1.94016	1.32726	6.43771	0	9.34519e-08	0	0	0	0	0	0	0	0	
0	0.753413	0.000162261	1.94016	1.32729	6.4379	0	9.64964e-08	0	0	0	0	0	0	0	0	
0.001	0.753413	-0.000162261	1.94016	1.32729	6.4379	2.57516	9.64964e-08	0	0	0	0	0	0	0	0	
0.002	0.753435	-0.000486977	1.94016	1.32726	6.43771	2.57509	9.34519e-08	0	0	0	0	0	0	0	0	
0.003	0.752255	-0.000812574	1.94016	1.32934	6.44781	2.57912	9.89872e-08	0	0	0	0	0	0	0	0	
0.004	0.753042	-0.00113941	1.94016	1.32795	6.44107	2.57643	9.79585e-08	0	0	0	0	0	0	0	0	
0.005	0.750569	-0.00146811	1.94016	1.33232	6.46229	2.58492	9.67081e-08	0	0	0	0	0	0	0	0	
0.006	0.749137	-0.00179907	1.94016	1.33487	6.47464	2.58986	8.88697e-08	0	0	0	0	0	0	0	0	
0.007	0.749592	-0.0021327	1.94015	1.33406	6.4707	2.58828	9.26356e-08	0	0	0	0	0	0	0	0	
0.008	0.75099	-0.00246944	1.94015	1.33158	6.45864	2.58346	9.25927e-08	0	0	0	0	0	0	0	0	
0.009	0.752768	-0.00280969	1.94014	1.32843	6.44337	2.57735	9.17588e-08	0	0	0	0	0	0	0	0	
0.01	0.754612	-0.00315381	1.94014	1.32518	6.42759	2.57104	9.09474e-08	0	0	0	0	0	0	0	0	
0.011	0.75629	-0.0035021	1.94012	1.32224	6.4133	2.56532	9.63086e-08	0	0	0	0	0	0	0	0	
0.012	0.757734	-0.00385481	1.94011	1.31973	6.40102	2.56041	9.4128e-08	0	0	0	0	0	0	0	0	
0.013	0.758897	-0.00421211	1.94009	1.3177	6.39114	2.55646	9.39626e-08	0	0	0	0	0	0	0	0	
0.014	0.75974	-0.00457407	1.94006	1.31624	6.38397	2.55359	9.35282e-08	0	0	0	0	0	0	0	0	
0.015	0.760308	-0.0049407	1.94003	1.31526	6.3791	2.55164	9.65536e-08	0	0	0	0	0	0	0	0	
0.016	0.760676	-0.00531187	1.94	1.31462	6.3759	2.55036	9.56156e-08	0	0	0	0	0	0	0	0	
0.017	0.760886	-0.00568739	1.93996	1.31426	6.37401	2.5496	9.49854e-08	0	0	0	0	0	0	0	0	
0.018	0.760968	-0.00606696	1.93991	1.31411	6.37316	2.54926	9.55505e-08	0	0	0	0	0	0	0	0	
0.019	0.760965	-0.0064502	1.93985	1.31412	6.37301	2.5492	9.38755e-08	0	0	0	0	0	0	0	0	
0.02	0.760924	-0.00683665	1.93979	1.31419	6.37315	2.54926	9.17035e-08	0	0	0	0	0	0	0	0	
0.021	0.760884	-0.00722576	1.93972	1.31426	6.37326	2.5493	9.03547e-08	0	0	0	0	0	0	0	0	
0.022	0.760871	-0.00761698	1.93965	1.31428	6.37312	2.54925	9.04587e-08	0	0	0	0	0	0	0	0	
0.023	0.760898	-0.00800967	1.93957	1.31424	6.37262	2.54905	9.19568e-08	0	0	0	0	0	0	0	0	
0.024	0.760974	-0.00840323	1.93948	1.3141	6.3717	2.54868	9.3961e-08	0	0	0	0	0	0	0	0	
0.025	0.7611	-0.008797	1.93939	1.31389	6.37034	2.54814	9.48788e-08	0	0	0	0	0	0	0	0	
0.026	0.761269	-0.00919039	1.93929	1.3136	6.36859	2.54744	9.39475e-08	0	0	0	0	0	0	0	0	
0.027	0.761474	-0.00958283	1.93918	1.31324	6.36654	2.54661	9.30354e-08	0	0	0	0	0	0	0	0	
0.028	0.761703	-0.00997378	1.93907	1.31285	6.36426	2.54571	9.385e-08	0	0	0	0	0	0	0	0	
0.029	0.761945	-0.0103628	1.93896	1.31243	6.36188	2.54475	9.37353e-08	0	0	0	0	0	0	0	0	
0.03	0.762188	-0.0107495	1.93884	1.31201	6.35947	2.54379	9.20022e-08	0	0	0	0	0	0	0	0	
0.031	0.762424	-0.0111336	1.93872	1.31161	6.3571	2.54284	9.13531e-08	0	0	0	0	0	0	0	0	
0.032	0.762653	-0.0115148	1.9386	1.31121	6.35479	2.54192	9.19815e-08	0	0	0	0	0	0	0	0	
0.033	0.762879	-0.0118931	1.93848	1.31082	6.3525	2.541	9.28134e-08	0	0	0	0	0	0	0	0	
0.034	0.76311	-0.0122684	1.93835	1.31043	6.35016	2.54006	9.21829e-08	0	0	0	0	0	0	0	0	
0.035	0.763358	-0.0126408	1.93822	1.31	6.34768	2.53907	9.02946e-08	0	0	0	0	0	0	0	0	
0.036	0.763629	-0.0130104	1.93809	1.30954	6.34499	2.538	8.90932e-08	0	0	0	0	0	0	0	0	
0.037	0.76393	-0.0133774	1.93795	1.30902	6.34205	2.53682	8.88049e-08	0	0	0	0	0	0	0	0	
0.038	0.764262	-0.0137421	1.93782	1.30845	6.33885	2.53554	8.93689e-08	0	0	0	0	0	0	0	0	
0.039	0.764625	-0.0141048	1.93768	1.30783	6.33539	2.53416	9.05544e-08	0	0	0	0	0	0	0	0	
0.04	0.765016	-0.0144661	1.93754	1.30716	6.33169	2.53267	9.19754e-08	0	0	0	0	0	0	0	0	
0.041	0.765435	-0.0148263	1.93739	1.30645	6.32775	2.5311	9.31449e-08	0	0	0	0	0	0	0	0	
0.042	0.765878	-0.0151859	1.93724	1.30569	6.3236	2.52944	9.36905e-08	0	0	0	0	0	0	0	0	
0.043	0.766344	-0.0155456	1.93709	1.3049	6.31925	2.5277	9.36916e-08	0	0	0	0	0	0	0	0	
0.044	0.76683	-0.0159059	1.93693	1.30407	6.31472	2.52589	9.36883e-08	0	0	0	0	0	0	0	0	
0.045	0.767331	-0.0162674	1.93676	1.30322	6.31006	2.52402	9.39665e-08	0	0	0	0	0	0	0	0	
0.046	0.767838	-0.0166308	1.93659	1.30236	6.30532	2.52213	9.40544e-08	0	0	0	0	0	0	0	0	
0.047	0.768342	-0.0169967	1.9364	1.3015	6.30059	2.52024	9.3778e-08	0	0	0	0	0	0	0	0	
0.048	0.768831	-0.0173658	1.93621	1.30068	6.29597	2.51839	9.39885e-08	0	0	0	0	0	0	0	0	
0.049	0.769294	-0.0177387	1.93601	1.29989	6.29153	2.51661	9.50021e-08	0	0	0	0	0	0	0	0	
0.05	0.769726	-0.0181161	1.93581	1.29916	6.28732	2.51493	9.64662e-08	0	0	0	0	0	0	0	0	
0.051	0.770126	-0.0184985	1.93558	1.29849	6.28334	2.51333	9.77317e-08	0	0	0	0	0	0	0	0	
0.052	0.7705	-0.0188867	1.93535	1.29786	6.27954	2.51182	9.81025e-08	0	0	0	0	0	0	0	0	
0.053	0.770857	-0.019281	1.93511	1.29726	6.27584	2.51034	9.75635e-08	0	0	0	0	0	0	0	0	
0.054	0.771213	-0.0196819	1.93486	1.29666	6.27212	2.50885	9.62765e-08	0	0	0	0	0	0	0	0	
0.055	0.77158	-0.0200899	1.93459	1.29604	6.26827	2.50731	9.46322e-08	0	0	0	0	0	0	0	0	
0.056	0.771969	-0.0205051	1.93431	1.29539	6.26421	2.50568	9.32979e-08	0	0	0	0	0	0	0	0	
0.057	0.772384	-0.0209279	1.93402	1.29469	6.25991	2.50396	9.28409e-08	0	0	0	0	0	0	0	0	
0.058	0.772823	-0.0213584	1.93372	1.29396	6.25536	2.50215	9.31161e-08	0	0	0	0	0	0	0	0	
0.059	0.773281	-0.0217965	1.9334	1.29319	6.25064	2.50025	9.33871e-08	0	0	0	0	0	0	0	0	
0.06	0.773749	-0.0222422	1.93307	1.29241	6.2458	2.49832	9.33126e-08	0	0	0	0	0	0	0	0	
0.061	0.774217	-0.0226953	1.93273	1.29163	6.24093	2.49637	9.3193e-08	0	0	0	0	0	0	0	0	
0.062	0.774675	-0.0231554	1.93238	1.29086	6.2361	2.49444	9.32022e-08	0	0	0	0	0	0	0	0	
0.063	0.775119	-0.0236223	1.93202	1.29012	6.23136	2.49255	9.33697e-08	0	0	0	0	0	0	0	0	
0.064	0.775545	-0.0240954	1.93165	1.28942	6.22674	2.4907	9.38746e-08	0	0	0	0	0	0	0	0	
0.065	0.775953	-0.0245743	1.93127	1.28874	6.22224	2.48889	9.47435e-08	0	0	0	0	0	0	0	0	
0.066	0.776347	-0.0250584	1.93087	1.28808	6.21782	2.48713	9.55373e-08	0	0	0	0	0	0	0	0	
0.067	0.776731	-0.025547	1.93047	1.28745	6.21346	2.48538	9.5954e-08	0	0	0	0	0	0	0	0	
0.068	0.777113	-0.0260397	1.93007	1.28681	6.2091	2.48364	9.59773e-08	0	0	0	0	0	0	0	0	
0.069	0.777498	-0.0265357	1.92965	1.28618	6.20468	2.48187	9.55486e-08	0	0	0	0	0	0	0	0	
0.07	0.777893	-0.0270347	1.92923	1.28552	6.20018	2.48007	9.47102e-08	0	0	0	0	0	0	0	0	
0.071	0.7783	-0.027536	1.9288	1.28485	6.19556	2.47822	9.38085e-08	0	0	0	0	0	0	0	0	
0.072	0.778722	-0.0280392	1.92837	1.28416	6.19081	2.47632	9.33918e-08	0	0	0	0	0	0	0	0	
0.073	0.779156	-0.0285439	1.92793	1.28344	6.18595	2.47438	9.37227e-08	0	0	0	0	0	0	0	0	
0.074	0.779601	-0.0290499	1.92748	1.28271	6.18099	2.47239	9.4423e-08	0	0	0	0	0	0	0	0	
0.075	0.780053	-0.0295569	1.92703	1.28196	6.17597	2.47039	9.48025e-08	0	0	0	0	0	0	0	0	
0.076	0.780506	-0.0300648	1.92658	1.28122	6.17092	2.46837	9.45849e-08	0	0	0	0	0	0	0	0	
0.077	0.780957	-0.0305736	1.92611	1.28048	6.16587	2.46635	9.40964e-08	0	0	0	0	0	0	0	0	
0.078	0.781403	-0.0310832	1.92565	1.27975	6.16086	2.46434	9.3865e-08	0	0	0	0	0	0	0	0	
0.079	0.781842	-0.0315939	1.92517	1.27903	6.15588	2.46235	9.41952e-08	0	0	0	0	0	0	0	0	
0.08	0.782275	-0.0321057	1.92469	1.27832	6.15093	2.46037	9.48895e-08	0	0	0	0	0	0	0	0	
0.081	0.782705	-0.0326189	1.92419	1.27762	6.14597	2.45839	9.54983e-08	0	0	0	0	0	0	0	0	
0.082	0.783138	-0.0331337	1.92369	1.27691	6.14097	2.45639	9.57545e-08	0	0	0	0	0	0	0	0	
0.083	0.783579	-0.0336505	1.92318	1.2762	6.13587	2.45435	9.56217e-08	0	0	0	0	0	0	0	0	
0.084	0.784035	-0.0341694	1.92265	1.27545	6.13062	2.45225	9.51821e-08	0	0	0	0	0	0	0	0	
0.085	0.784512	-0.0346909	1.92211	1.27468	6.12517	2.45007	9.46802e-08	0	0	0	0	0	0	0	0	
0.086	0.785012	-0.0352153	1.92155	1.27387	6.11948	2.44779	9.43887e-08	0	0	0	0	0	0	0	0	
0.087	0.785534	-0.035743	1.92097	1.27302	6.11358	2.44543	9.43772e-08	0	0	0	0	0	0	0	0	
0.088	0.786075	-0.0362743	1.92037	1.27214	6.10747	2.44299	9.44909e-08	0	0	0	0	0	0	0	0	
0.089	0.786627	-0.0368098	1.91975	1.27125	6.10123	2.44049	9.46169e-08	0	0	0	0	0	0	0	0	
0.09	0.787181	-0.03735	1.91912	1.27036	6.0949	2.43796	9.48323e-08	0	0	0	0	0	0	0	0	
0.091	0.78773	-0.0378953	1.91846	1.26947	6.08855	2.43542	9.51984e-08	0	0	0	0	0	0	0	0	
0.092	0.788266	-0.0384466	1.91777	1.26861	6.08225	2.4329	9.56299e-08	0	0	0	0	0	0	0	0	
0.093	0.788783	-0.0390046	1.91707	1.26778	6.07604	2.43041	9.60088e-08	0	0	0	0	0	0	0	0	
0.094	0.789278	-0.0395699	1.91635	1.26698	6.06994	2.42798	9.62082e-08	0	0	0	0	0	0	0	0	
0.095	0.789748	-0.0401435	1.91561	1.26623	6.06399	2.4256	9.61423e-08	0	0	0	0	0	0	0	0	
0.096	0.790191	-0.0407262	1.91486	1.26552	6.05821	2.42328	9.5826e-08	0	0	0	0	0	0	0	0	
0.097	0.790603	-0.0413187	1.91409	1.26486	6.05263	2.42105	9.53036e-08	0	0	0	0	0	0	0	0	
0.098	0.790982	-0.0419217	1.91332	1.26425	6.04728	2.41891	9.46489e-08	0	0	0	0	0	0	0	0	
0.099	0.791327	-0.0425357	1.91254	1.2637	6.04218	2.41687	9.40977e-08	0	0	0	0	0	0	0	0	
0.1	0.791636	-0.043161	1.91176	1.26321	6.03736	2.41495	9.40444e-08	0	0	0	0	0	0	0	0	
0.101	0.791909	-0.0437975	1.91098	1.26277	6.03283	2.41313	9.4579e-08	0	0	0	0	0	0	0	0	
0.102	0.792146	-0.044445	1.91021	1.26239	6.0286	2.41144	9.5262e-08	0	0	0	0	0	0	0	0	
0.103	0.792348	-0.0451026	1.90945	1.26207	6.02466	2.40987	9.55767e-08	0	0	0	0	0	0	0	0	
0.104	0.792517	-0.0457692	1.90871	1.2618	6.02102	2.40841	9.54292e-08	0	0	0	0	0	0	0	0	
0.105	0.792655	-0.0464432	1.90798	1.26158	6.01767	2.40707	9.50815e-08	0	0	0	0	0	0	0	0	
0.106	0.792765	-0.0471226	1.90727	1.26141	6.0146	2.40584	9.47219e-08	0	0	0	0	0	0	0	0	
0.107	0.792848	-0.0478051	1.90657	1.26128	6.0118	2.40472	9.43276e-08	0	0	0	0	0	0	0	0	
0.108	0.792906	-0.0484879	1.90591	1.26118	6.00924	2.4037	9.38955e-08	0	0	0	0	0	0	0	0	
0.109	0.792944	-0.0491682	1.90526	1.26112	6.00692	2.40277	9.35697e-08	0	0	0	0	0	0	0	0	
0.11	0.792964	-0.0498428	1.90464	1.26109	6.00481	2.40192	9.34275e-08	0	0	0	0	0	0	0	0	
0.111	0.792968	-0.0505085	1.90404	1.26108	6.00289	2.40115	9.3411e-08	0	0	0	0	0	0	0	0	
0.112	0.792962	-0.0511623	1.90346	1.2611	6.00112	2.40045	9.35208e-08	0	0	0	0	0	0	0	0	
0.113	0.792946	-0.051801	1.90291	1.26112	5.99949	2.3998	9.38728e-08	0	0	0	0	0	0	0	0	
0.114	0.792925	-0.052422	1.90238	1.26115	5.99798	2.39919	9.45099e-08	0	0	0	0	0	0	0	0	
0.115	0.7929	-0.0530226	1.90187	1.26119	5.99656	2.39862	9.53204e-08	0	0	0	0	0	0	0	0	
0.116	0.792874	-0.0536009	1.90138	1.26123	5.99522	2.39809	9.60689e-08	0	0	0	0	0	0	0	0	
0.117	0.792848	-0.0541551	1.90091	1.26128	5.99394	2.39758	9.6528e-08	0	0	0	0	0	0	0	0	
0.118	0.792823	-0.0546841	1.90047	1.26132	5.99272	2.39709	9.66587e-08	0	0	0	0	0	0	0	0	
0.119	0.7928	-0.0551871	1.90004	1.26135	5.99155	2.39662	9.65758e-08	0	0	0	0	0	0	0	0	
0.12	0.792781	-0.0556639	1.89964	1.26138	5.99042	2.39617	9.63541e-08	0	0	0	0	0	0	0	0	
0.121	0.792765	-0.0561145	1.89925	1.26141	5.98933	2.39573	9.59238e-08	0	0	0	0	0	0	0	0	
0.122	0.792751	-0.0565395	1.89889	1.26143	5.98829	2.39532	9.52337e-08	0	0	0	0	0	0	0	0	
0.123	0.792738	-0.0569397	1.89855	1.26145	5.98732	2.39493	9.43737e-08	0	0	0	0	0	0	0	0	
0.124	0.792722	-0.0573163	1.89823	1.26148	5.98643	2.39457	9.35978e-08	0	0	0	0	0	0	0	0	
0.125	0.792702	-0.0576704	1.89793	1.26151	5.98565	2.39426	9.32244e-08	0	0	0	0	0	0	0	0	
0.126	0.792674	-0.0580034	1.89766	1.26155	5.98498	2.39399	9.3397e-08	0	0	0	0	0	0	0	0	
0.127	0.792637	-0.058317	1.8974	1.26161	5.98446	2.39378	9.39583e-08	0	0	0	0	0	0	0	0	
0.128	0.792589	-0.0586125	1.89717	1.26169	5.98408	2.39363	9.45501e-08	0	0	0	0	0	0	0	0	
0.129	0.792529	-0.0588914	1.89695	1.26178	5.98386	2.39354	9.48588e-08	0	0	0	0	0	0	0	0	
0.13	0.792456	-0.0591552	1.89676	1.2619	5.9838	2.39352	9.47586e-08	0	0	0	0	0	0	0	0	
0.131	0.79237	-0.0594051	1.89658	1.26204	5.98389	2.39355	9.43759e-08	0	0	0	0	0	0	0	0	
0.132	0.792271	-0.0596424	1.89642	1.26219	5.98412	2.39365	9.39802e-08	0	0	0	0	0	0	0	0	
0.133	0.792161	-0.0598683	1.89627	1.26237	5.98449	2.3938	9.37748e-08	0	0	0	0	0	0	0	0	
0.134	0.79204	-0.0600839	1.89614	1.26256	5.98498	2.39399	9.38321e-08	0	0	0	0	0	0	0	0	
0.135	0.791909	-0.0602902	1.89601	1.26277	5.98558	2.39423	9.40779e-08	0	0	0	0	0	0	0	0	
0.136	0.791771	-0.0604882	1.8959	1.26299	5.98627	2.39451	9.43132e-08	0	0	0	0	0	0	0	0	
0.137	0.791625	-0.0606789	1.8958	1.26322	5.98705	2.39482	9.43543e-08	0	0	0	0	0	0	0	0	
0.138	0.791475	-0.0608634	1.8957	1.26346	5.98788	2.39515	9.41713e-08	0	0	0	0	0	0	0	0	
0.139	0.79132	-0.0610426	1.89561	1.26371	5.98877	2.39551	9.3889e-08	0	0	0	0	0	0	0	0	
0.14	0.791163	-0.0612176	1.89553	1.26396	5.9897	2.39588	9.36386e-08	0	0	0	0	0	0	0	0	
0.141	0.791004	-0.0613895	1.89546	1.26422	5.99066	2.39627	9.34734e-08	0	0	0	0	0	0	0	0	
0.142	0.790845	-0.0615593	1.89539	1.26447	5.99165	2.39666	9.33712e-08	0	0	0	0	0	0	0	0	
0.143	0.790685	-0.0617282	1.89532	1.26473	5.99266	2.39706	9.32548e-08	0	0	0	0	0	0	0	0	
0.144	0.790527	-0.0618971	1.89526	1.26498	5.99367	2.39747	9.3036e-08	0	0	0	0	0	0	0	0	
0.145	0.790373	-0.062067	1.89521	1.26523	5.99467	2.39787	9.26703e-08	0	0	0	0	0	0	0	0	
0.146	0.790225	-0.0622388	1.89516	1.26546	5.99564	2.39826	9.22067e-08	0	0	0	0	0	0	0	0	
0.147	0.790086	-0.0624132	1.89512	1.26568	5.99657	2.39863	9.17697e-08	0	0	0	0	0	0	0	0	
0.148	0.78996	-0.0625909	1.89509	1.26589	5.99742	2.39897	9.14773e-08	0	0	0	0	0	0	0	0	
0.149	0.789848	-0.0627721	1.89506	1.26607	5.99818	2.39927	9.13657e-08	0	0	0	0	0	0	0	0	
0.15	0.789751	-0.0629573	1.89504	1.26622	5.99884	2.39954	9.13949e-08	0	0	0	0	0	0	0	0	
0.151	0.78967	-0.0631465	1.89502	1.26635	5.99941	2.39976	9.14849e-08	0	0	0	0	0	0	0	0	
0.152	0.789601	-0.0633395	1.89501	1.26646	5.99989	2.39996	9.15516e-08	0	0	0	0	0	0	0	0	
0.153	0.789543	-0.0635362	1.895	1.26656	6.00031	2.40012	9.1568e-08	0	0	0	0	0	0	0	0	
0.154	0.789491	-0.0637361	1.89499	1.26664	6.00068	2.40027	9.15851e-08	0	0	0	0	0	0	0	0	
0.155	0.789441	-0.0639388	1.89499	1.26672	6.00105	2.40042	9.1658e-08	0	0	0	0	0	0	0	0	
0.156	0.789389	-0.0641435	1.89499	1.2668	6.00144	2.40058	9.17759e-08	0	0	0	0	0	0	0	0	
0.157	0.789332	-0.0643498	1.89499	1.26689	6.00186	2.40074	9.18911e-08	0	0	0	0	0	0	0	0	
0.158	0.789268	-0.0645568	1.89498	1.267	6.00234	2.40094	9.19847e-08	0	0	0	0	0	0	0	0	
0.159	0.789195	-0.0647639	1.89498	1.26711	6.00288	2.40115	9.20591e-08	0	0	0	0	0	0	0	0	
0.16	0.789111	-0.0649705	1.89497	1.26725	6.00349	2.4014	9.20826e-08	0	0	0	0	0	0	0	0	
0.161	0.789018	-0.0651758	1.89496	1.2674	6.00417	2.40167	9.19953e-08	0	0	0	0	0	0	0	0	
0.162	0.788916	-0.0653793	1.89494	1.26756	6.0049	2.40196	9.17856e-08	0	0	0	0	0	0	0	0	
0.163	0.788806	-0.0655804	1.89493	1.26774	6.00568	2.40227	9.15383e-08	0	0	0	0	0	0	0	0	
0.164	0.788689	-0.0657788	1.89491	1.26793	6.00651	2.4026	9.13796e-08	0	0	0	0	0	0	0	0	
0.165	0.788568	-0.065974	1.89488	1.26812	6.00735	2.40294	9.13679e-08	0	0	0	0	0	0	0	0	
0.166	0.788444	-0.0661657	1.89486	1.26832	6.00822	2.40329	9.14367e-08	0	0	0	0	0	0	0	0	
0.167	0.78832	-0.0663536	1.89483	1.26852	6.00908	2.40363	9.14467e-08	0	0	0	0	0	0	0	0	
0.168	0.788196	-0.0665374	1.89481	1.26872	6.00994	2.40398	9.12971e-08	0	0	0	0	0	0	0	0	
0.169	0.788074	-0.0667166	1.89478	1.26892	6.01079	2.40432	9.10102e-08	0	0	0	0	0	0	0	0	
0.17	0.787955	-0.0668908	1.89476	1.26911	6.01163	2.40465	9.07392e-08	0	0	0	0	0	0	0	0	
0.171	0.78784	-0.0670594	1.89474	1.26929	6.01245	2.40498	9.06998e-08	0	0	0	0	0	0	0	0	
0.172	0.78773	-0.0672216	1.89473	1.26947	6.01325	2.4053	9.10622e-08	0	0	0	0	0	0	0	0	
0.173	0.787626	-0.0673765	1.89472	1.26964	6.01402	2.40561	9.1863e-08	0	0	0	0	0	0	0	0	
0.174	0.787528	-0.0675231	1.89472	1.2698	6.01477	2.40591	9.29888e-08	0	0	0	0	0	0	0	0	
0.175	0.787438	-0.0676601	1.89473	1.26994	6.0155	2.4062	9.42357e-08	0	0	0	0	0	0	0	0	
0.176	0.787356	-0.0677861	1.89475	1.27007	6.0162	2.40648	9.54e-08	0	0	0	0	0	0	0	0	
0.177	0.787283	-0.0678998	1.89479	1.27019	6.01686	2.40674	9.63452e-08	0	0	0	0	0	0	0	0	
0.178	0.787221	-0.0679995	1.89484	1.27029	6.01749	2.40699	9.70178e-08	0	0	0	0	0	0	0	0	
0.179	0.787172	-0.0680837	1.8949	1.27037	6.01807	2.40723	9.74209e-08	0	0	0	0	0	0	0	0	
0.18	0.787136	-0.0681511	1.89498	1.27043	6.0186	2.40744	9.75711e-08	0	0	0	0	0	0	0	0	
0.181	0.787114	-0.0682001	1.89509	1.27046	6.0191	2.40764	9.74676e-08	0	0	0	0	0	0	0	0	
0.182	0.787106	-0.0682296	1.89521	1.27048	6.01955	2.40782	9.70875e-08	0	0	0	0	0	0	0	0	
0.183	0.787113	-0.0682385	1.89536	1.27046	6.01997	2.40799	9.64039e-08	0	0	0	0	0	0	0	0	
0.184	0.787135	-0.0682257	1.89554	1.27043	6.02038	2.40815	9.54104e-08	0	0	0	0	0	0	0	0	
0.185	0.787171	-0.0681906	1.89575	1.27037	6.02078	2.40831	9.41368e-08	0	0	0	0	0	0	0	0	
0.186	0.787221	-0.0681325	1.896	1.27029	6.02119	2.40848	9.2656e-08	0	0	0	0	0	0	0	0	
0.187	0.787284	-0.0680511	1.89629	1.27019	6.02162	2.40865	9.10795e-08	0	0	0	0	0	0	0	0	
0.188	0.78736	-0.0679461	1.89662	1.27007	6.02209	2.40884	8.95434e-08	0	0	0	0	0	0	0	0	
0.189	0.78745	-0.0678175	1.897	1.26992	6.0226	2.40904	8.81859e-08	0	0	0	0	0	0	0	0	
0.19	0.787552	-0.0676652	1.89743	1.26976	6.02317	2.40927	8.71224e-08	0	0	0	0	0	0	0	0	
0.191	0.787668	-0.0674897	1.8979	1.26957	6.02381	2.40952	8.64251e-08	0	0	0	0	0	0	0	0	
0.192	0.787798	-0.067291	1.89844	1.26936	6.02451	2.4098	8.611e-08	0	0	0	0	0	0	0	0	
0.193	0.787943	-0.0670697	1.89903	1.26913	6.02528	2.41011	8.61353e-08	0	0	0	0	0	0	0	0	
0.194	0.788102	-0.0668261	1.89968	1.26887	6.02612	2.41045	8.64099e-08	0	0	0	0	0	0	0	0	
0.195	0.788278	-0.0665609	1.90039	1.26859	6.02702	2.41081	8.68138e-08	0	0	0	0	0	0	0	0	
0.196	0.788469	-0.0662746	1.90115	1.26828	6.02799	2.41119	8.72255e-08	0	0	0	0	0	0	0	0	
0.197	0.788677	-0.0659677	1.90198	1.26795	6.02901	2.4116	8.7552e-08	0	0	0	0	0	0	0	0	
0.198	0.788901	-0.0656409	1.90286	1.26759	6.03009	2.41204	8.77511e-08	0	0	0	0	0	0	0	0	
0.199	0.78914	-0.0652947	1.90379	1.2672	6.03122	2.41249	8.78383e-08	0	0	0	0	0	0	0	0	
0.2	0.789394	-0.0649295	1.90477	1.26679	6.03239	2.41296	8.78728e-08	0	0	0	0	0	0	0	0	
0.201	0.789662	-0.064546	1.9058	1.26637	6.0336	2.41344	8.79274e-08	0	0	0	0	0	0	0	0	
0.202	0.789941	-0.0641446	1.90687	1.26592	6.03484	2.41394	8.80541e-08	0	0	0	0	0	0	0	0	
0.203	0.790231	-0.063726	1.90797	1.26545	6.0361	2.41444	8.82571e-08	0	0	0	0	0	0	0	0	
0.204	0.79053	-0.0632915	1.90909	1.26497	6.03739	2.41496	8.84883e-08	0	0	0	0	0	0	0	0	
0.205	0.790835	-0.0628425	1.91024	1.26449	6.03869	2.41547	8.86675e-08	0	0	0	0	0	0	0	0	
0.206	0.791146	-0.0623809	1.9114	1.26399	6.03999	2.416	8.87184e-08	0	0	0	0	0	0	0	0	
0.207	0.79146	-0.061909	1.91258	1.26349	6.04129	2.41652	8.8605e-08	0	0	0	0	0	0	0	0	
0.208	0.791775	-0.0614294	1.91375	1.26298	6.04259	2.41704	8.83472e-08	0	0	0	0	0	0	0	0	
0.209	0.792091	-0.0609449	1.91492	1.26248	6.04387	2.41755	8.80121e-08	0	0	0	0	0	0	0	0	
0.21	0.792406	-0.0604582	1.91608	1.26198	6.04513	2.41805	8.76826e-08	0	0	0	0	0	0	0	0	
0.211	0.792717	-0.0599724	1.91722	1.26148	6.04635	2.41854	8.74228e-08	0	0	0	0	0	0	0	0	
0.212	0.793025	-0.0594906	1.91834	1.261	6.04754	2.41902	8.72552e-08	0	0	0	0	0	0	0	0	
0.213	0.793326	-0.0590163	1.91943	1.26052	6.0487	2.41948	8.71613e-08	0	0	0	0	0	0	0	0	
0.214	0.79362	-0.0585526	1.9205	1.26005	6.0498	2.41992	8.71006e-08	0	0	0	0	0	0	0	0	
0.215	0.793907	-0.0581027	1.92153	1.25959	6.05086	2.42034	8.70365e-08	0	0	0	0	0	0	0	0	
0.216	0.794184	-0.0576692	1.92252	1.25915	6.05187	2.42075	8.69522e-08	0	0	0	0	0	0	0	0	
0.217	0.794452	-0.0572539	1.92347	1.25873	6.05283	2.42113	8.68514e-08	0	0	0	0	0	0	0	0	
0.218	0.794708	-0.056858	1.92438	1.25832	6.05374	2.42149	8.67474e-08	0	0	0	0	0	0	0	0	
0.219	0.794952	-0.0564817	1.92525	1.25794	6.05459	2.42184	8.66499e-08	0	0	0	0	0	0	0	0	
0.22	0.795184	-0.0561246	1.92607	1.25757	6.0554	2.42216	8.65606e-08	0	0	0	0	0	0	0	0	
0.221	0.795404	-0.0557858	1.92684	1.25722	6.05617	2.42247	8.64774e-08	0	0	0	0	0	0	0	0	
0.222	0.795612	-0.0554635	1.92758	1.25689	6.0569	2.42276	8.64026e-08	0	0	0	0	0	0	0	0	
0.223	0.795808	-0.0551548	1.92827	1.25658	6.05759	2.42304	8.6347e-08	0	0	0	0	0	0	0	0	
0.224	0.795994	-0.0548562	1.92893	1.25629	6.05826	2.4233	8.63271e-08	0	0	0	0	0	0	0	0	
0.225	0.796172	-0.0545631	1.92957	1.25601	6.0589	2.42356	8.63569e-08	0	0	0	0	0	0	0	0	
0.226	0.796345	-0.0542704	1.93019	1.25574	6.05953	2.42381	8.64412e-08	0	0	0	0	0	0	0	0	
0.227	0.796514	-0.0539723	1.9308	1.25547	6.06016	2.42406	8.65725e-08	0	0	0	0	0	0	0	0	
0.228	0.796682	-0.0536629	1.93141	1.25521	6.0608	2.42432	8.67336e-08	0	0	0	0	0	0	0	0	
0.229	0.796855	-0.0533355	1.93204	1.25493	6.06146	2.42459	8.69011e-08	0	0	0	0	0	0	0	0	
0.23	0.797033	-0.0529833	1.9327	1.25465	6.06217	2.42487	8.70491e-08	0	0	0	0	0	0	0	0	
0.231	0.797223	-0.0525989	1.93341	1.25435	6.06295	2.42518	8.71515e-08	0	0	0	0	0	0	0	0	
0.232	0.797428	-0.0521757	1.93418	1.25403	6.0638	2.42552	8.71852e-08	0	0	0	0	0	0	0	0	
0.233	0.797652	-0.0517072	1.93503	1.25368	6.06476	2.4259	8.7134e-08	0	0	0	0	0	0	0	0	
0.234	0.7979	-0.0511879	1.93598	1.25329	6.06585	2.42634	8.69926e-08	0	0	0	0	0	0	0	0	
0.235	0.798177	-0.0506119	1.93704	1.25286	6.06708	2.42683	8.67689e-08	0	0	0	0	0	0	0	0	
0.236	0.798487	-0.0499732	1.93824	1.25237	6.06848	2.42739	8.64835e-08	0	0	0	0	0	0	0	0	
0.237	0.798836	-0.0492655	1.93959	1.25182	6.07004	2.42802	8.61664e-08	0	0	0	0	0	0	0	0	
0.238	0.799228	-0.0484831	1.94109	1.25121	6.07177	2.42871	8.58518e-08	0	0	0	0	0	0	0	0	
0.239	0.79967	-0.0476218	1.94277	1.25052	6.07365	2.42946	8.55727e-08	0	0	0	0	0	0	0	0	
0.24	0.800169	-0.0466793	1.94463	1.24974	6.07568	2.43027	8.53559e-08	0	0	0	0	0	0	0	0	
0.241	0.800732	-0.0456546	1.94669	1.24886	6.07784	2.43114	8.52194e-08	0	0	0	0	0	0	0	0	
0.242	0.801365	-0.0445465	1.94895	1.24787	6.08011	2.43204	8.51709e-08	0	0	0	0	0	0	0	0	
0.243	0.802073	-0.0433523	1.95143	1.24677	6.08246	2.43298	8.52074e-08	0	0	0	0	0	0	0	0	
0.244	0.802857	-0.042067	1.95411	1.24555	6.08487	2.43395	8.53169e-08	0	0	0	0	0	0	0	0	
0.245	0.803716	-0.0406841	1.95699	1.24422	6.08731	2.43492	8.54802e-08	0	0	0	0	0	0	0	0	
0.246	0.804649	-0.0391988	1.96005	1.24278	6.08977	2.43591	8.56746e-08	0	0	0	0	0	0	0	0	
0.247	0.805653	-0.03761	1.96329	1.24123	6.09225	2.4369	8.58776e-08	0	0	0	0	0	0	0	0	
0.248	0.806725	-0.0359197	1.96672	1.23958	6.09477	2.43791	8.60704e-08	0	0	0	0	0	0	0	0	
0.249	0.807864	-0.0341315	1.97033	1.23783	6.09734	2.43893	8.62406e-08	0	0	0	0	0	0	0	0	
0.25	0.809062	-0.0322483	1.97411	1.236	6.09998	2.43999	8.63816e-08	0	0	0	0	0	0	0	0	
0.251	0.810313	-0.0302729	1.97805	1.23409	6.10274	2.4411	8.6492e-08	0	0	0	0	0	0	0	0	
0.252	0.811613	-0.02821	1.98216	1.23212	6.10564	2.44225	8.65736e-08	0	0	0	0	0	0	0	0	
0.253	0.812954	-0.026065	1.98643	1.23008	6.10869	2.44348	8.66301e-08	0	0	0	0	0	0	0	0	
0.254	0.814327	-0.0238372	1.99084	1.22801	6.11192	2.44477	8.6666e-08	0	0	0	0	0	0	0	0	
0.255	0.815719	-0.0215182	1.99535	1.22591	6.11532	2.44613	8.66863e-08	0	0	0	0	0	0	0	0	
0.256	0.817122	-0.0191029	1.99995	1.22381	6.11888	2.44755	8.66958e-08	0	0	0	0	0	0	0	0	
0.257	0.818539	-0.0166037	2.00465	1.22169	6.12264	2.44906	8.6699e-08	0	0	0	0	0	0	0	0	
0.258	0.819971	-0.0140359	2.00945	1.21956	6.12659	2.45063	8.66994e-08	0	0	0	0	0	0	0	0	
0.259	0.821426	-0.0114114	2.01438	1.21739	6.13075	2.4523	8.66987e-08	0	0	0	0	0	0	0	0	
0.26	0.822935	-0.00878659	2.01956	1.21516	6.13522	2.45409	8.66971e-08	0	0	0	0	0	0	0	0	
0.261	0.824409	-0.00610378	2.02465	1.21299	6.13971	2.45589	8.66923e-08	0	0	0	0	0	0	0	0	
0.262	0.82587	-0.00322375	2.02975	1.21084	6.14427	2.45771	8.668e-08	0	0	0	0	0	0	0	0	
0.263	0.827354	-0.000782706	2.03496	1.20867	6.149	2.4596	8.66555e-08	0	0	0	0	0	0	0	0	
0.264	0.829294	0.00400908	2.04177	1.20584	6.15515	2.46206	8.66151e-08	0	0	0	0	0	0	0	0	
0.265	0.831733	0.00871198	2.05033	1.20231	6.16283	2.46513	8.65586e-08	0	0	0	0	0	0	0	0	
0.266	0.834158	0.0132821	2.05887	1.19881	6.17051	2.4682	8.64893e-08	0	0	0	0	0	0	0	0	
0.267	0.836526	0.017741	2.06724	1.19542	6.17804	2.47121	8.64142e-08	0	0	0	0	0	0	0	0	
0.268	0.838843	0.0221084	2.07544	1.19212	6.18542	2.47417	8.63418e-08	0	0	0	0	0	0	0	0	
0.269	0.841125	0.0264112	2.08353	1.18888	6.19269	2.47708	8.62785e-08	0	0	0	0	0	0	0	0	
0.27	0.843383	0.0306675	2.09155	1.1857	6.19987	2.47995	8.62262e-08	0	0	0	0	0	0	0	0	
0.271	0.845627	0.0348904	2.09951	1.18255	6.20696	2.48279	8.61804e-08	0	0	0	0	0	0	0	0	
0.272	0.847863	0.0390902	2.10744	1.17944	6.21398	2.48559	8.61311e-08	0	0	0	0	0	0	0	0	
0.273	0.850097	0.0432749	2.11535	1.17634	6.22091	2.48836	8.60649e-08	0	0	0	0	0	0	0	0	
0.274	0.852334	0.0474512	2.12326	1.17325	6.22777	2.49111	8.5969e-08	0	0	0	0	0	0	0	0	
0.275	0.854578	0.0516244	2.13117	1.17017	6.23455	2.49382	8.58351e-08	0	0	0	0	0	0	0	0	
0.276	0.856834	0.0557983	2.13909	1.16709	6.24126	2.49651	8.56627e-08	0	0	0	0	0	0	0	0	
0.277	0.859105	0.0599756	2.14704	1.164	6.24791	2.49916	8.54606e-08	0	0	0	0	0	0	0	0	
0.278	0.861394	0.0641577	2.15503	1.16091	6.2545	2.5018	8.52471e-08	0	0	0	0	0	0	0	0	
0.279	0.863702	0.0683452	2.16307	1.15781	6.26105	2.50442	8.50472e-08	0	0	0	0	0	0	0	0	
0.28	0.866031	0.0725374	2.17116	1.15469	6.26756	2.50703	8.48892e-08	0	0	0	0	0	0	0	0	
0.281	0.868383	0.0767334	2.17932	1.15157	6.27407	2.50963	8.47997e-08	0	0	0	0	0	0	0	0	
0.282	0.870758	0.0809317	2.18755	1.14842	6.28059	2.51224	8.47994e-08	0	0	0	0	0	0	0	0	
0.283	0.873158	0.0851307	2.19587	1.14527	6.28714	2.51486	8.48995e-08	0	0	0	0	0	0	0	0	
0.284	0.875581	0.0893289	2.20427	1.1421	6.29374	2.5175	8.50999e-08	0	0	0	0	0	0	0	0	
0.285	0.878028	0.0935256	2.21278	1.13892	6.30041	2.52016	8.53895e-08	0	0	0	0	0	0	0	0	
0.286	0.880499	0.0977204	2.22138	1.13572	6.30716	2.52286	8.57481e-08	0	0	0	0	0	0	0	0	
0.287	0.882993	0.101914	2.23009	1.13251	6.314	2.5256	8.61497e-08	0	0	0	0	0	0	0	0	
0.288	0.885508	0.106108	2.23889	1.1293	6.32093	2.52837	8.65657e-08	0	0	0	0	0	0	0	0	
0.289	0.888043	0.110306	2.2478	1.12607	6.32796	2.53119	8.69682e-08	0	0	0	0	0	0	0	0	
0.29	0.890595	0.11451	2.2568	1.12284	6.33509	2.53404	8.73326e-08	0	0	0	0	0	0	0	0	
0.291	0.893164	0.118725	2.26589	1.11961	6.34231	2.53692	8.76389e-08	0	0	0	0	0	0	0	0	
0.292	0.895747	0.122955	2.27506	1.11639	6.34961	2.53984	8.78722e-08	0	0	0	0	0	0	0	0	
0.293	0.898342	0.127206	2.2843	1.11316	6.35699	2.5428	8.80228e-08	0	0	0	0	0	0	0	0	
0.294	0.900947	0.131481	2.29361	1.10994	6.36443	2.54577	8.80856e-08	0	0	0	0	0	0	0	0	
0.295	0.903559	0.135785	2.30297	1.10673	6.37194	2.54878	8.80601e-08	0	0	0	0	0	0	0	0	
0.296	0.906178	0.140121	2.31238	1.10354	6.3795	2.5518	8.79496e-08	0	0	0	0	0	0	0	0	
0.297	0.908803	0.144493	2.32185	1.10035	6.3871	2.55484	8.77616e-08	0	0	0	0	0	0	0	0	
0.298	0.911434	0.1489	2.33135	1.09717	6.39474	2.5579	8.75066e-08	0	0	0	0	0	0	0	0	
0.299	0.91407	0.153346	2.3409	1.09401	6.40241	2.56096	8.71981e-08	0	0	0	0	0	0	0	0	
0.3	0.916714	0.157829	2.35049	1.09085	6.4101	2.56404	8.68505e-08	0	0	0	0	0	0	0	0	
0.301	0.919368	0.162349	2.36013	1.0877	6.41781	2.56712	8.64784e-08	0	0	0	0	0	0	0	0	
0.302	0.922034	0.166906	2.36982	1.08456	6.42552	2.57021	8.60951e-08	0	0	0	0	0	0	0	0	
0.303	0.924714	0.171498	2.37955	1.08141	6.43321	2.57329	8.57123e-08	0	0	0	0	0	0	0	0	
0.304	0.927414	0.176123	2.38935	1.07827	6.44089	2.57636	8.53399e-08	0	0	0	0	0	0	0	0	
0.305	0.930134	0.180779	2.3992	1.07511	6.44854	2.57942	8.49865e-08	0	0	0	0	0	0	0	0	
0.306	0.932879	0.185466	2.40912	1.07195	6.45615	2.58246	8.46604e-08	0	0	0	0	0	0	0	0	
0.307	0.93565	0.190182	2.41911	1.06878	6.46371	2.58548	8.43697e-08	0	0	0	0	0	0	0	0	
0.308	0.938449	0.194925	2.42917	1.06559	6.47123	2.58849	8.41221e-08	0	0	0	0	0	0	0	0	
0.309	0.941277	0.199695	2.43931	1.06239	6.47871	2.59149	8.39254e-08	0	0	0	0	0	0	0	0	
0.31	0.944133	0.204491	2.44952	1.05917	6.48617	2.59447	8.37855e-08	0	0	0	0	0	0	0	0	
0.311	0.947015	0.209312	2.45982	1.05595	6.4936	2.59744	8.37069e-08	0	0	0	0	0	0	0	0	
0.312	0.949923	0.214159	2.47019	1.05272	6.50103	2.60041	8.36911e-08	0	0	0	0	0	0	0	0	
0.313	0.952853	0.219031	2.48065	1.04948	6.50848	2.60339	8.37371e-08	0	0	0	0	0	0	0	0	
0.314	0.955803	0.223928	2.49119	1.04624	6.51597	2.60639	8.3841e-08	0	0	0	0	0	0	0	0	
0.315	0.95877	0.228853	2.50182	1.043	6.52351	2.6094	8.39967e-08	0	0	0	0	0	0	0	0	
0.316	0.96175	0.233805	2.51252	1.03977	6.53111	2.61244	8.41964e-08	0	0	0	0	0	0	0	0	
0.317	0.964743	0.238785	2.5233	1.03655	6.5388	2.61552	8.44314e-08	0	0	0	0	0	0	0	0	
0.318	0.967745	0.243795	2.53416	1.03333	6.54657	2.61863	8.46927e-08	0	0	0	0	0	0	0	0	
0.319	0.970755	0.248835	2.5451	1.03013	6.55444	2.62178	8.49719e-08	0	0	0	0	0	0	0	0	
0.32	0.973773	0.253904	2.55612	1.02693	6.56241	2.62496	8.52621e-08	0	0	0	0	0	0	0	0	
0.321	0.976798	0.259002	2.56722	1.02375	6.57049	2.6282	8.55572e-08	0	0	0	0	0	0	0	0	
0.322	0.979831	0.264127	2.5784	1.02058	6.57868	2.63147	8.58521e-08	0	0	0	0	0	0	0	0	
0.323	0.982875	0.269276	2.58967	1.01742	6.58699	2.6348	8.61412e-08	0	0	0	0	0	0	0	0	
0.324	0.985932	0.274444	2.60105	1.01427	6.59542	2.63817	8.64167e-08	0	0	0	0	0	0	0	0	
0.325	0.989006	0.279627	2.61255	1.01112	6.60397	2.64159	8.66675e-08	0	0	0	0	0	0	0	0	
0.326	0.992101	0.284818	2.62417	1.00796	6.61266	2.64506	8.6879e-08	0	0	0	0	0	0	0	0	
0.327	0.995224	0.290012	2.63594	1.0048	6.62146	2.64859	8.70339e-08	0	0	0	0	0	0	0	0	
0.328	0.998379	0.295204	2.64786	1.00162	6.63039	2.65216	8.71152e-08	0	0	0	0	0	0	0	0	
0.329	1.00157	0.300391	2.65994	0.998429	6.63941	2.65576	8.71096e-08	0	0	0	0	0	0	0	0	
0.33	1.00481	0.30557	2.6722	0.995211	6.6485	2.6594	8.70112e-08	0	0	0	0	0	0	0	0	
0.331	1.0081	0.310743	2.68462	0.991966	6.65764	2.66306	8.68249e-08	0	0	0	0	0	0	0	0	
0.332	1.01144	0.315912	2.69721	0.988691	6.66678	2.66671	8.65673e-08	0	0	0	0	0	0	0	0	
0.333	1.01483	0.321083	2.70996	0.985385	6.67588	2.67035	8.62657e-08	0	0	0	0	0	0	0	0	
0.334	1.01828	0.326261	2.72285	0.98205	6.68492	2.67397	8.59546e-08	0	0	0	0	0	0	0	0	
0.335	1.02178	0.331455	2.73586	0.978687	6.69387	2.67755	8.56705e-08	0	0	0	0	0	0	0	0	
0.336	1.02532	0.336672	2.74898	0.975303	6.70271	2.68108	8.5446e-08	0	0	0	0	0	0	0	0	
0.337	1.02891	0.34192	2.76219	0.971902	6.71144	2.68458	8.5303e-08	0	0	0	0	0	0	0	0	
0.338	1.03253	0.347203	2.77547	0.968493	6.72007	2.68803	8.5249e-08	0	0	0	0	0	0	0	0	
0.339	1.03618	0.352528	2.78883	0.965082	6.72862	2.69145	8.52744e-08	0	0	0	0	0	0	0	0	
0.34	1.03985	0.357894	2.80225	0.961676	6.73714	2.69486	8.53542e-08	0	0	0	0	0	0	0	0	
0.341	1.04353	0.363305	2.81573	0.958281	6.74565	2.69826	8.54525e-08	0	0	0	0	0	0	0	0	
0.342	1.04723	0.368758	2.82927	0.954904	6.7542	2.70168	8.55294e-08	0	0	0	0	0	0	0	0	
0.343	1.05092	0.374253	2.84287	0.951549	6.76284	2.70513	8.55493e-08	0	0	0	0	0	0	0	0	
0.344	1.05461	0.379786	2.85655	0.948217	6.77158	2.70863	8.54881e-08	0	0	0	0	0	0	0	0	
0.345	1.0583	0.385355	2.87031	0.944912	6.78046	2.71219	8.53374e-08	0	0	0	0	0	0	0	0	
0.346	1.06199	0.390957	2.88414	0.941632	6.78951	2.7158	8.51066e-08	0	0	0	0	0	0	0	0	
0.347	1.06567	0.396589	2.89807	0.938379	6.79872	2.71949	8.48205e-08	0	0	0	0	0	0	0	0	
0.348	1.06935	0.402249	2.9121	0.935149	6.80811	2.72324	8.45156e-08	0	0	0	0	0	0	0	0	
0.349	1.07303	0.407934	2.92622	0.931941	6.81767	2.72707	8.42335e-08	0	0	0	0	0	0	0	0	
0.35	1.07671	0.413643	2.94046	0.928754	6.8274	2.73096	8.4015e-08	0	0	0	0	0	0	0	0	
0.351	1.0804	0.419375	2.9548	0.925583	6.83728	2.73491	8.38943e-08	0	0	0	0	0	0	0	0	
0.352	1.0841	0.425127	2.96926	0.922425	6.8473	2.73892	8.38941e-08	0	0	0	0	0	0	0	0	
0.353	1.08781	0.430898	2.98384	0.919277	6.85743	2.74297	8.40231e-08	0	0	0	0	0	0	0	0	
0.354	1.09154	0.436688	2.99853	0.916134	6.86765	2.74706	8.42752e-08	0	0	0	0	0	0	0	0	
0.355	1.0953	0.442495	3.01336	0.912989	6.8779	2.75116	8.46301e-08	0	0	0	0	0	0	0	0	
0.356	1.0991	0.44832	3.0283	0.909837	6.88815	2.75526	8.50562e-08	0	0	0	0	0	0	0	0	
0.357	1.10294	0.454163	3.04337	0.906671	6.89835	2.75934	8.55144e-08	0	0	0	0	0	0	0	0	
0.358	1.10682	0.460025	3.05857	0.903485	6.90843	2.76337	8.59634e-08	0	0	0	0	0	0	0	0	
0.359	1.11077	0.465909	3.07388	0.900277	6.91836	2.76734	8.63651e-08	0	0	0	0	0	0	0	0	
0.36	1.11477	0.471817	3.08931	0.897043	6.9281	2.77124	8.66902e-08	0	0	0	0	0	0	0	0	
0.361	1.11884	0.477755	3.10483	0.893785	6.93763	2.77505	8.69218e-08	0	0	0	0	0	0	0	0	
0.362	1.12296	0.483724	3.12045	0.890506	6.94695	2.77878	8.70556e-08	0	0	0	0	0	0	0	0	
0.363	1.12713	0.48973	3.13615	0.887212	6.95608	2.78243	8.70961e-08	0	0	0	0	0	0	0	0	
0.364	1.13134	0.495773	3.15194	0.88391	6.96507	2.78603	8.7051e-08	0	0	0	0	0	0	0	0	
0.365	1.13558	0.501852	3.16781	0.880607	6.974	2.7896	8.69249e-08	0	0	0	0	0	0	0	0	
0.366	1.13985	0.507962	3.18378	0.877311	6.98292	2.79317	8.67179e-08	0	0	0	0	0	0	0	0	
0.367	1.14413	0.514093	3.19988	0.874026	6.99195	2.79678	8.64272e-08	0	0	0	0	0	0	0	0	
0.368	1.14843	0.520235	3.21614	0.870752	7.00115	2.80046	8.6054e-08	0	0	0	0	0	0	0	0	
0.369	1.15275	0.526374	3.23259	0.86749	7.0106	2.80424	8.56085e-08	0	0	0	0	0	0	0	0	
0.37	1.15709	0.532498	3.24927	0.864238	7.02036	2.80814	8.51125e-08	0	0	0	0	0	0	0	0	
0.371	1.16145	0.538597	3.26621	0.860995	7.03047	2.81219	8.45958e-08	0	0	0	0	0	0	0	0	
0.372	1.16583	0.544668	3.28342	0.857758	7.04095	2.81638	8.40886e-08	0	0	0	0	0	0	0	0	
0.373	1.17023	0.550715	3.30089	0.85453	7.05178	2.82071	8.36124e-08	0	0	0	0	0	0	0	0	
0.374	1.17466	0.556748	3.31861	0.851314	7.06294	2.82517	8.31738e-08	0	0	0	0	0	0	0	0	
0.375	1.17909	0.562781	3.33652	0.848114	7.07438	2.82975	8.27658e-08	0	0	0	0	0	0	0	0	
0.376	1.18352	0.56883	3.3546	0.844936	7.08605	2.83442	8.2374e-08	0	0	0	0	0	0	0	0	
0.377	1.18796	0.574911	3.37279	0.841782	7.0979	2.83916	8.19864e-08	0	0	0	0	0	0	0	0	
0.378	1.19239	0.581037	3.39107	0.838655	7.10985	2.84394	8.16013e-08	0	0	0	0	0	0	0	0	
0.379	1.19682	0.587215	3.40942	0.83555	7.12184	2.84874	8.12305e-08	0	0	0	0	0	0	0	0	
0.38	1.20126	0.593449	3.42782	0.83246	7.1338	2.85352	8.08993e-08	0	0	0	0	0	0	0	0	
0.381	1.20573	0.599737	3.44628	0.829375	7.14564	2.85826	8.06453e-08	0	0	0	0	0	0	0	0	
0.382	1.21024	0.606075	3.46481	0.826284	7.1573	2.86292	8.05147e-08	0	0	0	0	0	0	0	0	
0.383	1.21481	0.612457	3.48344	0.823175	7.16871	2.86749	8.05539e-08	0	0	0	0	0	0	0	0	
0.384	1.21945	0.618877	3.50219	0.82004	7.17984	2.87194	8.07928e-08	0	0	0	0	0	0	0	0	
0.385	1.22418	0.625331	3.52107	0.816873	7.19066	2.87627	8.12253e-08	0	0	0	0	0	0	0	0	
0.386	1.22899	0.631815	3.5401	0.813674	7.20121	2.88049	8.17981e-08	0	0	0	0	0	0	0	0	
0.387	1.23388	0.638327	3.55928	0.81045	7.21155	2.88462	8.24213e-08	0	0	0	0	0	0	0	0	
0.388	1.23884	0.644866	3.57863	0.807207	7.22175	2.8887	8.29984e-08	0	0	0	0	0	0	0	0	
0.389	1.24384	0.651432	3.59815	0.803959	7.23192	2.89277	8.34621e-08	0	0	0	0	0	0	0	0	
0.39	1.24888	0.658025	3.61785	0.800716	7.24217	2.89687	8.37985e-08	0	0	0	0	0	0	0	0	
0.391	1.25393	0.664648	3.63772	0.79749	7.25261	2.90104	8.40491e-08	0	0	0	0	0	0	0	0	
0.392	1.25899	0.671301	3.65776	0.794288	7.2633	2.90532	8.42884e-08	0	0	0	0	0	0	0	0	
0.393	1.26404	0.677985	3.67799	0.791115	7.27429	2.90971	8.45836e-08	0	0	0	0	0	0	0	0	
0.394	1.26908	0.684701	3.6984	0.787974	7.2856	2.91424	8.49495e-08	0	0	0	0	0	0	0	0	
0.395	1.27411	0.691449	3.71899	0.784861	7.29723	2.91889	8.53227e-08	0	0	0	0	0	0	0	0	
0.396	1.27914	0.698228	3.73979	0.781773	7.30917	2.92367	8.55838e-08	0	0	0	0	0	0	0	0	
0.397	1.28418	0.705039	3.76079	0.778706	7.32137	2.92855	8.56294e-08	0	0	0	0	0	0	0	0	
0.398	1.28924	0.711878	3.78201	0.775653	7.33381	2.93353	8.54506e-08	0	0	0	0	0	0	0	0	
0.399	1.29432	0.718747	3.80346	0.772609	7.34647	2.93859	8.51582e-08	0	0	0	0	0	0	0	0	
0.4	1.29942	0.725645	3.82515	0.769571	7.35932	2.94373	8.4926e-08	0	0	0	0	0	0	0	0	
0.401	1.30457	0.732577	3.84708	0.766535	7.37231	2.94892	8.48907e-08	0	0	0	0	0	0	0	0	
0.402	1.30976	0.73955	3.86924	0.763496	7.38538	2.95415	8.50837e-08	0	0	0	0	0	0	0	0	
0.403	1.31501	0.746575	3.89161	0.760449	7.39842	2.95937	8.54264e-08	0	0	0	0	0	0	0	0	
0.404	1.32032	0.753669	3.91414	0.757389	7.41133	2.96453	8.57791e-08	0	0	0	0	0	0	0	0	
0.405	1.32572	0.760843	3.93683	0.754309	7.42396	2.96958	8.60087e-08	0	0	0	0	0	0	0	0	
0.406	1.3312	0.768103	3.95965	0.7512	7.43624	2.97449	8.60096e-08	0	0	0	0	0	0	0	0	
0.407	1.3368	0.775438	3.98268	0.748052	7.44814	2.97926	8.57122e-08	0	0	0	0	0	0	0	0	
0.408	1.34254	0.782823	4.00602	0.744855	7.45975	2.9839	8.52326e-08	0	0	0	0	0	0	0	0	
0.409	1.34844	0.790221	4.0298	0.741599	7.47124	2.9885	8.49435e-08	0	0	0	0	0	0	0	0	
0.41	1.35449	0.7976	4.05417	0.738284	7.48283	2.99313	8.51334e-08	0	0	0	0	0	0	0	0	
0.411	1.3607	0.804947	4.0792	0.734918	7.4947	2.99788	8.57513e-08	0	0	0	0	0	0	0	0	
0.412	1.36701	0.812281	4.10488	0.731522	7.50701	3.0028	8.63711e-08	0	0	0	0	0	0	0	0	
0.413	1.3734	0.819646	4.13109	0.72812	7.51981	3.00792	8.63111e-08	0	0	0	0	0	0	0	0	
0.414	1.37981	0.82709	4.15771	0.724735	7.53309	3.01324	8.54279e-08	0	0	0	0	0	0	0	0	
0.415	1.38623	0.834657	4.18465	0.721381	7.54682	3.01873	8.50229e-08	0	0	0	0	0	0	0	0	
0.416	1.39264	0.842371	4.21187	0.718059	7.56093	3.02437	8.56108e-08	0	0	0	0	0	0	0	0	
0.417	1.39907	0.850243	4.23939	0.71476	7.57538	3.03015	8.59912e-08	0	0	0	0	0	0	0	0	
0.418	1.40554	0.858275	4.26728	0.711473	7.59013	3.03605	8.64647e-08	0	0	0	0	0	0	0	0	
0.419	1.41207	0.866462	4.29562	0.708179	7.60517	3.04207	8.51168e-08	0	0	0	0	0	0	0	0	
0.42	1.41871	0.874797	4.32453	0.704864	7.62052	3.04821	8.17949e-08	0	0	0	0	0	0	0	0	
0.421	1.42548	0.88328	4.35411	0.701516	7.6362	3.05448	8.16398e-08	0	0	0	0	0	0	0	0	
0.422	1.43241	0.891926	4.38445	0.698126	7.65225	3.0609	8.86633e-08	0	0	0	0	0	0	0	0	
0.423	1.43949	0.900757	4.4156	0.694689	7.66868	3.06747	8.34773e-08	0	0	0	0	0	0	0	0	
0.424	1.44679	0.909793	4.44769	0.691187	7.68546	3.07418	8.28618e-08	0	0	0	0	0	0	0	0	
0.425	1.45435	0.919056	4.48084	0.687593	7.70248	3.08099	9.56427e-08	0	0	0	0	0	0	0	0	
0.426	1.46224	0.928588	4.51516	0.683882	7.7196	3.08784	1.78451e-07	0	0	0	0	0	0	0	0	
0.427	1.47052	0.938445	4.55078	0.680031	7.73668	3.09467	3.41697e-07	0	0	0	0	0	0	0	0	
0.428	1.47925	0.948674	4.58793	0.676019	7.75381	3.10152	6.59911e-07	0	0	0	0	0	0	0	0	
0.429	1.48848	0.959308	4.62698	0.671825	7.7713	3.10852	1.28293e-06	0	0	0	0	0	0	0	0	
0.43	1.49824	0.97043	4.66827	0.667449	7.78958	3.11583	2.50876e-06	0	0	0	0	0	0	0	0	
0.431	1.50852	0.982205	4.71204	0.662903	7.80906	3.12362	4.93862e-06	0	0	0	0	0	0	0	0	
0.432	1.51937	0.994791	4.75879	0.658166	7.83019	3.13208	9.80298e-06	0	0	0	0	0	0	0	0	
0.433	1.53106	1.00827	4.80972	0.653143	7.85359	3.14143	1.96562e-05	0	0	0	0	0	0	0	0	
0.434	1.54389	1.02285	4.86619	0.647716	7.87977	3.15191	3.99176e-05	0	0	0	0	0	0	0	0	
0.435	1.55806	1.0391	4.92901	0.641823	7.90887	3.16355	8.22682e-05	0	0	0	0	0	0	0	0	
0.436	1.57394	1.0578	4.99961	0.635348	7.94124	3.17649	0.000172341	0	0	0	0	0	0	0	0	
0.437	1.59259	1.0795	5.08255	0.62791	7.97846	3.19138	0.000368359	0	0	0	0	0	0	0	0	
0.438	1.61574	1.10504	5.18536	0.618911	8.02319	3.20928	0.000805456	0	0	0	0	0	0	0	0	
0.439	1.64529	1.13682	5.31597	0.607795	8.07755	3.23102	0.0018042	0	0	0	0	0	0	0	0	
0.44	1.68425	1.1793	5.48606	0.593735	8.14316	3.25726	0.00417511	0	0	0	0	0	0	0	0	
0.441	1.74021	1.23827	5.72448	0.574644	8.22385	3.28954	0.0100781	0	0	0	0	0	0	0	0	
0.442	1.82977	1.32311	6.09026	0.546518	8.32108	3.32843	0.0255121	0	0	0	0	0	0	0	0	
0.443	1.98704	1.45344	6.67859	0.503262	8.40269	3.36108	0.0685491	0	0	0	0	0	0	0	0	
0.444	2.28345	1.65445	7.59099	0.437934	8.31088	3.32435	0.19228	0	0	0	0	0	0	0	0	
0.445	2.54638	1.73079	7.42397	0.392715	7.28876	2.9155	0.504485	0	0	0	0	0	0	0	0	
0.446	1.63696	0.802498	2.83234	0.610889	4.32561	1.73024	0.893129	0	0	0	0	0	0	0	0	
0.447	1.0534	0.115021	1.20503	0.949305	2.85985	1.14394	0.945518	0	0	0	0	0	0	0	0	
0.448	1.02335	0.0855432	1.1482	0.977186	2.805	1.122	0.946275	0	0	0	0	0	0	0	0	
0.449	1.02284	0.085064	1.14702	0.977667	2.80351	1.12141	0.946579	0	0	0	0	0	0	0	0	
0.45	1.02273	0.0848364	1.14641	0.977778	2.80234	1.12094	0.946899	0	0	0	0	0	0	0	0	
0.451	1.02266	0.0846132	1.14581	0.977844	2.80106	1.12042	0.947237	0	0	0	0	0	0	0	0	
0.452	1.02263	0.0843924	1.14521	0.977869	2.79968	1.11987	0.947595	0	0	0	0	0	0	0	0	
0.453	1.02264	0.084174	1.14462	0.977858	2.7982	1.11928	0.947969	0	0	0	0	0	0	0	0	
0.454	1.02268	0.0839577	1.14404	0.97782	2.79666	1.11866	0.948355	0	0	0	0	0	0	0	0	
0.455	1.02274	0.0837435	1.14346	0.977762	2.79508	1.11803	0.948749	0	0	0	0	0	0	0	0	
0.456	1.02282	0.0835314	1.14288	0.97769	2.79346	1.11739	0.949147	0	0	0	0	0	0	0	0	
0.457	1.02291	0.0833212	1.14231	0.977605	2.79183	1.11673	0.949549	0	0	0	0	0	0	0	0	
0.458	1.02301	0.0831129	1.14175	0.977508	2.79017	1.11607	0.949955	0	0	0	0	0	0	0	0	
0.459	1.02313	0.0829065	1.14119	0.977396	2.78847	1.11539	0.950366	0	0	0	0	0	0	0	0	
0.46	1.02326	0.0827018	1.14063	0.97727	2.78676	1.1147	0.95078	0	0	0	0	0	0	0	0	
0.461	1.0234	0.0824988	1.14008	0.977134	2.78502	1.11401	0.951197	0	0	0	0	0	0	0	0	
0.462	1.02354	0.0822976	1.13953	0.976999	2.7833	1.11332	0.951612	0	0	0	0	0	0	0	0	
0.463	1.02367	0.082098	1.13898	0.97688	2.78163	1.11265	0.952016	0	0	0	0	0	0	0	0	
0.464	1.02375	0.0819002	1.13845	0.976798	2.78008	1.11203	0.9524	0	0	0	0	0	0	0	0	
0.465	1.02378	0.0817043	1.13791	0.97677	2.77869	1.11148	0.952757	0	0	0	0	0	0	0	0	
0.466	1.02374	0.0815105	1.13738	0.976812	2.77752	1.11101	0.953078	0	0	0	0	0	0	0	0	
0.467	1.02362	0.0813189	1.13685	0.976927	2.77656	1.11062	0.953363	0	0	0	0	0	0	0	0	
0.468	1.02343	0.0811299	1.13633	0.977105	2.77579	1.11032	0.953617	0	0	0	0	0	0	0	0	
0.469	1.0232	0.0809435	1.13582	0.977323	2.77515	1.11006	0.95385	0	0	0	0	0	0	0	0	
0.47	1.02296	0.0807597	1.1353	0.977551	2.77454	1.10982	0.954076	0	0	0	0	0	0	0	0	
0.471	1.02275	0.0805786	1.13479	0.977757	2.77388	1.10955	0.954312	0	0	0	0	0	0	0	0	
0.472	1.02259	0.0803999	1.13429	0.977909	2.77307	1.10923	0.954572	0	0	0	0	0	0	0	0	
0.473	1.02251	0.0802236	1.13378	0.977987	2.77207	1.10883	0.954864	0	0	0	0	0	0	0	0	
0.474	1.02251	0.0800492	1.13329	0.977981	2.77083	1.10833	0.955193	0	0	0	0	0	0	0	0	
0.475	1.0226	0.0798767	1.13279	0.977897	2.76938	1.10775	0.955558	0	0	0	0	0	0	0	0	
0.476	1.02275	0.0797056	1.1323	0.977752	2.76777	1.10711	0.955948	0	0	0	0	0	0	0	0	
0.477	1.02294	0.079536	1.13181	0.977576	2.76607	1.10643	0.956351	0	0	0	0	0	0	0	0	
0.478	1.02312	0.0793677	1.13132	0.977405	2.7644	1.10576	0.95675	0	0	0	0	0	0	0	0	
0.479	1.02326	0.0792008	1.13084	0.977271	2.76285	1.10514	0.957131	0	0	0	0	0	0	0	0	
0.48	1.02333	0.0790354	1.13036	0.977198	2.76147	1.10459	0.957484	0	0	0	0	0	0	0	0	
0.481	1.02334	0.0788717	1.12989	0.977191	2.76029	1.10411	0.957806	0	0	0	0	0	0	0	0	
0.482	1.0233	0.0787098	1.12941	0.977235	2.75926	1.1037	0.958103	0	0	0	0	0	0	0	0	
0.483	1.02323	0.0785498	1.12895	0.977302	2.7583	1.10332	0.958388	0	0	0	0	0	0	0	0	
0.484	1.02317	0.0783916	1.12848	0.977355	2.75731	1.10293	0.958677	0	0	0	0	0	0	0	0	
0.485	1.02316	0.0782352	1.12802	0.977365	2.75621	1.10248	0.958983	0	0	0	0	0	0	0	0	
0.486	1.02321	0.0780803	1.12756	0.977319	2.75496	1.10198	0.959312	0	0	0	0	0	0	0	0	
0.487	1.0233	0.0779268	1.1271	0.977226	2.75358	1.10143	0.95966	0	0	0	0	0	0	0	0	
0.488	1.02342	0.0777745	1.12665	0.977114	2.75216	1.10086	0.960015	0	0	0	0	0	0	0	0	
0.489	1.02352	0.0776234	1.1262	0.977021	2.75079	1.10032	0.96036	0	0	0	0	0	0	0	0	
0.49	1.02356	0.0774736	1.12575	0.976983	2.74959	1.09984	0.960682	0	0	0	0	0	0	0	0	
0.491	1.02352	0.0773252	1.1253	0.97702	2.74861	1.09945	0.960972	0	0	0	0	0	0	0	0	
0.492	1.0234	0.0771783	1.12486	0.977131	2.74785	1.09914	0.961229	0	0	0	0	0	0	0	0	
0.493	1.02324	0.0770331	1.12443	0.977293	2.74723	1.09889	0.961464	0	0	0	0	0	0	0	0	
0.494	1.02306	0.0768897	1.12399	0.977465	2.74666	1.09866	0.961693	0	0	0	0	0	0	0	0	
0.495	1.02291	0.0767478	1.12356	0.977603	2.74599	1.0984	0.961934	0	0	0	0	0	0	0	0	
0.496	1.02284	0.0766075	1.12313	0.97767	2.74513	1.09805	0.962203	0	0	0	0	0	0	0	0	
0.497	1.02286	0.0764683	1.12271	0.977646	2.74402	1.09761	0.962508	0	0	0	0	0	0	0	0	
0.498	1.02298	0.0763301	1.12228	0.977534	2.74268	1.09707	0.962847	0	0	0	0	0	0	0	0	
0.499	1.02317	0.0761927	1.12186	0.977355	2.74115	1.09646	0.963212	0	0	0	0	0	0	0	0	
0.5	1.02339	0.0760558	1.12145	0.977147	2.73954	1.09582	0.963588	0	0	0	0	0	0	0	0	
0.501	1.02359	0.0759195	1.12103	0.97695	2.73798	1.09519	0.963958	0	0	0	0	0	0	0	0	
0.502	1.02375	0.075784	1.12062	0.976804	2.73656	1.09463	0.964307	0	0	0	0	0	0	0	0	
0.503	1.02382	0.0756494	1.12021	0.976733	2.73537	1.09415	0.964625	0	0	0	0	0	0	0	0	
0.504	1.0238	0.0755159	1.1198	0.976749	2.73442	1.09377	0.964909	0	0	0	0	0	0	0	0	
0.505	1.02371	0.0753839	1.1194	0.97684	2.73369	1.09348	0.965162	0	0	0	0	0	0	0	0	
0.506	1.02356	0.0752535	1.119	0.976983	2.73311	1.09324	0.965394	0	0	0	0	0	0	0	0	
0.507	1.02339	0.0751248	1.1186	0.977141	2.73258	1.09303	0.96562	0	0	0	0	0	0	0	0	
0.508	1.02325	0.0749979	1.1182	0.977277	2.73199	1.0928	0.965852	0	0	0	0	0	0	0	0	
0.509	1.02317	0.0748727	1.11781	0.977359	2.73125	1.0925	0.966105	0	0	0	0	0	0	0	0	
0.51	1.02316	0.074749	1.11742	0.977369	2.73032	1.09213	0.966383	0	0	0	0	0	0	0	0	
0.511	1.02323	0.0746267	1.11703	0.977301	2.72918	1.09167	0.966689	0	0	0	0	0	0	0	0	
0.512	1.02337	0.0745057	1.11664	0.977167	2.72785	1.09114	0.96702	0	0	0	0	0	0	0	0	
0.513	1.02356	0.0743857	1.11625	0.976983	2.72639	1.09055	0.967367	0	0	0	0	0	0	0	0	
0.514	1.02378	0.0742666	1.11586	0.976776	2.72487	1.08995	0.967722	0	0	0	0	0	0	0	0	
0.515	1.02399	0.0741484	1.11548	0.976572	2.72336	1.08934	0.968074	0	0	0	0	0	0	0	0	
0.516	1.02417	0.0740311	1.11509	0.976402	2.72195	1.08878	0.968413	0	0	0	0	0	0	0	0	
0.517	1.02428	0.0739148	1.11471	0.976291	2.72071	1.08828	0.96873	0	0	0	0	0	0	0	0	
0.518	1.02432	0.0737996	1.11433	0.976261	2.7197	1.08788	0.969018	0	0	0	0	0	0	0	0	
0.519	1.02425	0.0736855	1.11396	0.976322	2.71895	1.08758	0.969273	0	0	0	0	0	0	0	0	
0.52	1.0241	0.0735727	1.11358	0.976465	2.71844	1.08738	0.969498	0	0	0	0	0	0	0	0	
0.521	1.02389	0.0734613	1.11321	0.976669	2.7181	1.08724	0.969702	0	0	0	0	0	0	0	0	
0.522	1.02365	0.0733513	1.11284	0.976897	2.71783	1.08713	0.969897	0	0	0	0	0	0	0	0	
0.523	1.02343	0.0732426	1.11248	0.97711	2.71753	1.08701	0.970096	0	0	0	0	0	0	0	0	
0.524	1.02326	0.0731351	1.11211	0.977272	2.71709	1.08684	0.970312	0	0	0	0	0	0	0	0	
0.525	1.02317	0.0730284	1.11175	0.977359	2.71645	1.08658	0.970553	0	0	0	0	0	0	0	0	
0.526	1.02316	0.0729224	1.11139	0.977364	2.71558	1.08623	0.970821	0	0	0	0	0	0	0	0	
0.527	1.02323	0.0728168	1.11103	0.977293	2.71452	1.08581	0.971113	0	0	0	0	0	0	0	0	
0.528	1.02337	0.0727115	1.11068	0.977166	2.7133	1.08532	0.971423	0	0	0	0	0	0	0	0	
0.529	1.02353	0.0726064	1.11033	0.977007	2.712	1.0848	0.971743	0	0	0	0	0	0	0	0	
0.53	1.02371	0.0725014	1.10998	0.97684	2.71068	1.08427	0.972064	0	0	0	0	0	0	0	0	
0.531	1.02387	0.0723967	1.10963	0.976683	2.7094	1.08376	0.972381	0	0	0	0	0	0	0	0	
0.532	1.02402	0.0722923	1.10929	0.976545	2.70818	1.08327	0.97269	0	0	0	0	0	0	0	0	
0.533	1.02414	0.0721884	1.10895	0.97643	2.70703	1.08281	0.97299	0	0	0	0	0	0	0	0	
0.534	1.02424	0.0720851	1.10861	0.976334	2.70593	1.08237	0.973283	0	0	0	0	0	0	0	0	
0.535	1.02432	0.0719824	1.10827	0.976253	2.70488	1.08195	0.973571	0	0	0	0	0	0	0	0	
0.536	1.0244	0.0718806	1.10793	0.976179	2.70386	1.08154	0.973854	0	0	0	0	0	0	0	0	
0.537	1.02448	0.0717797	1.1076	0.976109	2.70284	1.08114	0.974136	0	0	0	0	0	0	0	0	
0.538	1.02455	0.0716797	1.10727	0.97604	2.70184	1.08074	0.974417	0	0	0	0	0	0	0	0	
0.539	1.02461	0.0715807	1.10694	0.975977	2.70086	1.08034	0.974694	0	0	0	0	0	0	0	0	
0.54	1.02466	0.0714827	1.1066	0.975929	2.69992	1.07997	0.974967	0	0	0	0	0	0	0	0	
0.541	1.02469	0.0713857	1.10628	0.975908	2.69906	1.07962	0.975231	0	0	0	0	0	0	0	0	
0.542	1.02468	0.0712898	1.10595	0.975915	2.69828	1.07931	0.975486	0	0	0	0	0	0	0	0	
0.543	1.02465	0.0711949	1.10562	0.97594	2.69756	1.07902	0.975736	0	0	0	0	0	0	0	0	
0.544	1.02463	0.071101	1.1053	0.975961	2.69682	1.07873	0.975985	0	0	0	0	0	0	0	0	
0.545	1.02463	0.0710081	1.10498	0.975961	2.69604	1.07842	0.97624	0	0	0	0	0	0	0	0	
0.546	1.02466	0.0709159	1.10466	0.975935	2.69518	1.07807	0.976502	0	0	0	0	0	0	0	0	
0.547	1.02471	0.0708244	1.10434	0.975889	2.69428	1.07771	0.976768	0	0	0	0	0	0	0	0	
0.548	1.02476	0.0707335	1.10402	0.975838	2.69336	1.07735	0.977036	0	0	0	0	0	0	0	0	
0.549	1.02481	0.0706433	1.10371	0.975793	2.69247	1.07699	0.977302	0	0	0	0	0	0	0	0	
0.55	1.02484	0.0705537	1.10339	0.975763	2.69162	1.07665	0.977563	0	0	0	0	0	0	0	0	
0.551	1.02485	0.0704649	1.10308	0.975753	2.69083	1.07633	0.977819	0	0	0	0	0	0	0	0	
0.552	1.02484	0.0703769	1.10277	0.975761	2.6901	1.07604	0.978068	0	0	0	0	0	0	0	0	
0.553	1.02482	0.0702898	1.10246	0.975783	2.68941	1.07576	0.978314	0	0	0	0	0	0	0	0	
0.554	1.02479	0.0702037	1.10215	0.975809	2.68873	1.07549	0.978558	0	0	0	0	0	0	0	0	
0.555	1.02477	0.0701187	1.10185	0.975832	2.68804	1.07522	0.978803	0	0	0	0	0	0	0	0	
0.556	1.02475	0.0700347	1.10154	0.975849	2.68734	1.07494	0.979049	0	0	0	0	0	0	0	0	
0.557	1.02474	0.0699518	1.10124	0.975858	2.68663	1.07465	0.979296	0	0	0	0	0	0	0	0	
0.558	1.02473	0.0698699	1.10093	0.975862	2.6859	1.07436	0.979545	0	0	0	0	0	0	0	0	
0.559	1.02473	0.069789	1.10063	0.975868	2.68518	1.07407	0.979793	0	0	0	0	0	0	0	0	
0.56	1.0247	0.069709	1.10033	0.975891	2.68451	1.0738	0.980036	0	0	0	0	0	0	0	0	
0.561	1.02465	0.06963	1.10003	0.975947	2.68393	1.07357	0.980272	0	0	0	0	0	0	0	0	
0.562	1.02456	0.069552	1.09973	0.976032	2.68344	1.07337	0.9805	0	0	0	0	0	0	0	0	
0.563	1.02446	0.0694748	1.09944	0.97612	2.68295	1.07318	0.980727	0	0	0	0	0	0	0	0	
0.564	1.02441	0.0693984	1.09914	0.976173	2.68238	1.07295	0.980962	0	0	0	0	0	0	0	0	
0.565	1.02441	0.0693227	1.09885	0.976168	2.68165	1.07266	0.98121	0	0	0	0	0	0	0	0	
0.566	1.02447	0.0692473	1.09855	0.97611	2.68077	1.07231	0.98147	0	0	0	0	0	0	0	0	
0.567	1.02457	0.0691724	1.09826	0.976023	2.67983	1.07193	0.981737	0	0	0	0	0	0	0	0	
0.568	1.02466	0.0690978	1.09797	0.975935	2.67888	1.07155	0.982003	0	0	0	0	0	0	0	0	
0.569	1.02474	0.0690235	1.09769	0.975862	2.67797	1.07119	0.982266	0	0	0	0	0	0	0	0	
0.57	1.02479	0.0689496	1.0974	0.975806	2.67712	1.07085	0.982524	0	0	0	0	0	0	0	0	
0.571	1.02483	0.0688762	1.09711	0.975772	2.67633	1.07053	0.982777	0	0	0	0	0	0	0	0	
0.572	1.02483	0.0688034	1.09683	0.975769	2.67563	1.07025	0.983024	0	0	0	0	0	0	0	0	
0.573	1.02478	0.0687312	1.09655	0.975817	2.67507	1.07003	0.983259	0	0	0	0	0	0	0	0	
0.574	1.02467	0.0686598	1.09627	0.975928	2.67469	1.06988	0.983481	0	0	0	0	0	0	0	0	
0.575	1.02448	0.0685894	1.09599	0.976103	2.67449	1.0698	0.983691	0	0	0	0	0	0	0	0	
0.576	1.02426	0.06852	1.09571	0.976315	2.67439	1.06976	0.983893	0	0	0	0	0	0	0	0	
0.577	1.02405	0.0684518	1.09543	0.976517	2.67427	1.06971	0.984097	0	0	0	0	0	0	0	0	
0.578	1.02391	0.0683845	1.09516	0.976649	2.67395	1.06958	0.984315	0	0	0	0	0	0	0	0	
0.579	1.02389	0.068318	1.09488	0.976672	2.67335	1.06934	0.984555	0	0	0	0	0	0	0	0	
0.58	1.02397	0.068252	1.09461	0.976587	2.67245	1.06898	0.984815	0	0	0	0	0	0	0	0	
0.581	1.02414	0.0681862	1.09433	0.97643	2.67135	1.06854	0.98509	0	0	0	0	0	0	0	0	
0.582	1.02434	0.0681204	1.09406	0.97624	2.67017	1.06807	0.98537	0	0	0	0	0	0	0	0	
0.583	1.02455	0.0680545	1.09379	0.976041	2.66896	1.06759	0.98565	0	0	0	0	0	0	0	0	
0.584	1.02475	0.0679881	1.09352	0.975846	2.66778	1.06711	0.985929	0	0	0	0	0	0	0	0	
0.585	1.02493	0.0679211	1.09326	0.975679	2.66667	1.06667	0.986201	0	0	0	0	0	0	0	0	
0.586	1.02504	0.0678534	1.093	0.975569	2.66573	1.06629	0.986462	0	0	0	0	0	0	0	0	
0.587	1.02508	0.0677848	1.09274	0.975529	2.66499	1.066	0.98671	0	0	0	0	0	0	0	0	
0.588	1.02507	0.0677155	1.09248	0.975541	2.6644	1.06576	0.986949	0	0	0	0	0	0	0	0	
0.589	1.02505	0.0676454	1.09223	0.97556	2.66383	1.06553	0.987185	0	0	0	0	0	0	0	0	
0.59	1.02506	0.067575	1.09198	0.975553	2.6632	1.06528	0.987425	0	0	0	0	0	0	0	0	
0.591	1.0251	0.0675044	1.09173	0.975514	2.66249	1.06499	0.98767	0	0	0	0	0	0	0	0	
0.592	1.02516	0.0674344	1.09148	0.975459	2.66173	1.06469	0.987917	0	0	0	0	0	0	0	0	
0.593	1.02522	0.0673655	1.09123	0.975398	2.66096	1.06438	0.988164	0	0	0	0	0	0	0	0	
0.594	1.0253	0.0672986	1.09098	0.975324	2.66015	1.06406	0.988414	0	0	0	0	0	0	0	0	
0.595	1.0254	0.0672345	1.09073	0.975229	2.65928	1.06371	0.988666	0	0	0	0	0	0	0	0	
0.596	1.02552	0.0671738	1.09047	0.975118	2.65835	1.06334	0.98892	0	0	0	0	0	0	0	0	
0.597	1.02563	0.0671171	1.09021	0.975011	2.65743	1.06297	0.989173	0	0	0	0	0	0	0	0	
0.598	1.02572	0.0670645	1.08995	0.974928	2.65656	1.06262	0.989423	0	0	0	0	0	0	0	0	
0.599	1.02577	0.0670159	1.08968	0.974874	2.65576	1.0623	0.989669	0	0	0	0	0	0	0	0	
0.6	1.02579	0.0669707	1.08941	0.974856	2.65505	1.06202	0.98991	0	0	0	0	0	0	0	0	
0.601	1.02576	0.0669278	1.08914	0.974883	2.65446	1.06178	0.990145	0	0	0	0	0	0	0	0	
0.602	1.02571	0.0668858	1.08886	0.974937	2.65394	1.06157	0.990377	0	0	0	0	0	0	0	0	
0.603	1.02568	0.0668428	1.0886	0.974962	2.65335	1.06134	0.990611	0	0	0	0	0	0	0	0	
0.604	1.02571	0.0667969	1.08833	0.974932	2.65263	1.06105	0.990851	0	0	0	0	0	0	0	0	
0.605	1.02578	0.0667464	1.08808	0.974865	2.65182	1.06073	0.991095	0	0	0	0	0	0	0	0	
0.606	1.02587	0.0666899	1.08783	0.974782	2.651	1.0604	0.99134	0	0	0	0	0	0	0	0	
0.607	1.02596	0.0666271	1.0876	0.974694	2.65019	1.06008	0.991584	0	0	0	0	0	0	0	0	
0.608	1.02603	0.0665582	1.08738	0.974633	2.64948	1.05979	0.991824	0	0	0	0	0	0	0	0	
0.609	1.02605	0.0664845	1.08716	0.974612	2.6489	1.05956	0.992059	0	0	0	0	0	0	0	0	
0.61	1.02609	0.0664077	1.08695	0.974573	2.64829	1.05932	0.992295	0	0	0	0	0	0	0	0	
0.611	1.02616	0.0663301	1.08675	0.974503	2.6476	1.05904	0.992534	0	0	0	0	0	0	0	0	
0.612	1.02621	0.0662542	1.08654	0.974458	2.64697	1.05879	0.992771	0	0	0	0	0	0	0	0	
0.613	1.02627	0.0661826	1.08633	0.974398	2.6463	1.05852	0.993008	0	0	0	0	0	0	0	0	
0.614	1.02635	0.0661177	1.08611	0.97433	2.64558	1.05823	0.993247	0	0	0	0	0	0	0	0	
0.615	1.02631	0.0660617	1.08588	0.974367	2.64512	1.05805	0.993478	0	0	0	0	0	0	0	0	
0.616	1.02616	0.0660165	1.08564	0.974506	2.6449	1.05796	0.993701	0	0	0	0	0	0	0	0	
0.617	1.02603	0.0659827	1.08538	0.97463	2.6446	1.05784	0.993925	0	0	0	0	0	0	0	0	
0.618	1.02597	0.0659595	1.0851	0.974684	2.64408	1.05763	0.994157	0	0	0	0	0	0	0	0	
0.619	1.02602	0.0659439	1.08482	0.974635	2.64326	1.0573	0.994397	0	0	0	0	0	0	0	0	
0.62	1.02625	0.0659305	1.08453	0.974422	2.64198	1.05679	0.994648	0	0	0	0	0	0	0	0	
0.621	1.02638	0.0659122	1.08426	0.974293	2.64096	1.05638	0.994893	0	0	0	0	0	0	0	0	
0.622	1.02617	0.0658816	1.084	0.974497	2.64089	1.05635	0.995116	0	0	0	0	0	0	0	0	
0.623	1.02599	0.0658326	1.08377	0.974669	2.64079	1.05632	0.995338	0	0	0	0	0	0	0	0	
0.624	1.02602	0.0657625	1.08358	0.97464	2.64024	1.0561	0.995571	0	0	0	0	0	0	0	0	
0.625	1.02621	0.065674	1.08341	0.974458	2.63934	1.05574	0.995813	0	0	0	0	0	0	0	0	
0.626	1.02667	0.0655744	1.08326	0.974024	2.6378	1.05512	0.996066	0	0	0	0	0	0	0	0	
0.627	1.02696	0.0654745	1.08311	0.97375	2.63669	1.05468	0.996311	0	0	0	0	0	0	0	0	
0.628	1.02702	0.0653862	1.08294	0.973693	2.63614	1.05445	0.996544	0	0	0	0	0	0	0	0	
0.629	1.02667	0.0653189	1.08275	0.974024	2.63656	1.05462	0.996762	0	0	0	0	0	0	0	0	
0.63	1.02619	0.0652737	1.08253	0.974478	2.63725	1.0549	0.996975	0	0	0	0	0	0	0	0	
0.631	1.02615	0.065243	1.08228	0.974513	2.63675	1.0547	0.997206	0	0	0	0	0	0	0	0	
0.632	1.02679	0.0652247	1.08202	0.973912	2.63448	1.05379	0.99746	0	0	0	0	0	0	0	0	
0.633	1.02676	0.0652341	1.08172	0.973935	2.63381	1.05352	0.997695	0	0	0	0	0	0	0	0	
0.634	1.02699	0.0652725	1.08138	0.973716	2.63238	1.05295	0.997937	0	0	0	0	0	0	0	0	
0.635	1.02611	0.0653067	1.08104	0.974554	2.63383	1.05353	0.998152	0	0	0	0	0	0	0	0	
0.636	1.02566	0.065372	1.08066	0.974977	2.63406	1.05362	0.998377	0	0	0	0	0	0	0	0	
0.637	1.02587	0.0656198	1.08001	0.974783	2.63195	1.05278	0.998619	0	0	0	0	0	0	0	0	
0.638	1.02678	0.0657899	1.07945	0.973923	2.62826	1.05131	0.998869	0	0	0	0	0	0	0	0	
0.639	1.02772	0.0647855	1.08047	0.973031	2.62833	1.05133	0.999103	0	0	0	0	0	0	0	0	
0.64	1.02676	0.0627216	1.08189	0.973939	2.63422	1.05369	0.999316	0	0	0	0	0	0	0	0	
0.641	1.0221	0.0609529	1.07463	0.978373	2.62847	1.05139	0.999548	0	0	0	0	0	0	0	0	
0.642	0.998121	0.0393335	1.03757	1.00188	2.59882	1.03953	0.999776	0	0	0	0	0	0	0	0	
0.643	0.90932	-0.0943213	0.903756	1.09972	2.4847	0.993882	0.999941	0	0	0	0	0	0	0	0	
0.644	0.691174	-0.357691	0.62395	1.44681	2.25685	0.902739	0.999995	0	0	0	0	0	0	0	0	
0.645	0.25929	-1.35753	0.0968183	3.85668	0.933493	0.373397	1	0	0	0	0	0	0	0	0	
0.646	0.259259	-1.35769	0.0967742	3.85715	0.933181	0.373272	1	0	0	0	0	0	0	0	0	
0.647	0.259259	-1.35769	0.0967742	3.85715	0.933181	0.373272	1	0	0	0	0	0	0	0	0	
0.648	0.259259	-1.35769	0.0967742	3.85715	0.933181	0.373272	1	0	0	0	0	0	0	0	0	
0.649	0.259259	-1.35769	0.0967742	3.85715	0.933181	0.373272	1	0	0	0	0	0	0	0	0	
0.65	0.259259	-1.35769	0.0967742	3.85715	0.933181	0.373272	1	0	0	0	0	0	0	0	0	
0.651	0.259259	-1.35769	0.0967742	3.85715	0.933181	0.373272	1	0	0	0	0	0	0	0	0	
0.652	0.259259	-1.35769	0.0967742	3.85715	0.933181	0.373272	1	0	0	0	0	0	0	0	0	
0.653	0.259259	-1.35769	0.0967742	3.85715	0.933181	0.373272	1	0	0	0	0	0	0	0	0	
0.654	0.259259	-1.35769	0.0967742	3.85715	0.933181	0.373272	1	0	0	0	0	0	0	0	0	
0.655	0.259259	-1.35769	0.0967742	3.85715	0.933181	0.373272	1	0	0	0	0	0	0	0	0	
0.656	0.259259	-1.35769	0.0967742	3.85715	0.933181	0.373272	1	0	0	0	0	0	0	0	0	
0.657	0.259259	-1.35769	0.0967742	3.85715	0.933181	0.373272	1	0	0	0	0	0	0	0	0	
0.658	0.259259	-1.35769	0.0967742	3.85715	0.933181	0.373272	1	0	0	0	0	0	0	0	0	
0.659	0.259259	-1.35769	0.0967742	3.85715	0.933181	0.373272	1	0	0	0	0	0	0	0	0	
0.66	0.259259	-1.35769	0.0967742	3.85715	0.933181	0.373272	1	0	0	0	0	0	0	0	0	
0.661	0.259259	-1.35769	0.0967742	3.85715	0.933181	0.373272	1	0	0	0	0	0	0	0	0	
0.662	0.259259	-1.35769	0.0967742	3.85715	0.933181	0.373272	1	0	0	0	0	0	0	0	0	
0.663	0.259259	-1.35769	0.0967742	3.85715	0.933181	0.373272	1	0	0	0	0	0	0	0	0	
0.664	0.259259	-1.35769	0.0967742	3.85715	0.933181	0.373272	1	0	0	0	0	0	0	0	0	
0.665	0.259259	-1.35769	0.0967742	3.85715	0.933181	0.373272	1	0	0	0	0	0	0	0	0	
0.666	0.259259	-1.35769	0.0967742	3.85715	0.933181	0.373272	1	0	0	0	0	0	0	0	0	
0.667	0.259259	-1.35769	0.0967742	3.85715	0.933181	0.373272	1	0	0	0	0	0	0	0	0	
0.668	0.259259	-1.35769	0.0967742	3.85715	0.933181	0.373272	1	0	0	0	0	0	0	0	0	
0.669	0.259259	-1.35769	0.0967742	3.85715	0.933181	0.373272	1	0	0	0	0	0	0	0	0	
0.67	0.259259	-1.35769	0.0967742	3.85715	0.933181	0.373272	1	0	0	0	0	0	0	0	0	
0.671	0.259259	-1.35769	0.0967742	3.85715	0.933181	0.373272	1	0	0	0	0	0	0	0	0	
0.672	0.259259	-1.35769	0.0967742	3.85715	0.933181	0.373272	1	0	0	0	0	0	0	0	0	
0.673	0.259259	-1.35769	0.0967742	3.85715	0.933181	0.373272	1	0	0	0	0	0	0	0	0	
0.674	0.259259	-1.35769	0.0967742	3.85715	0.933181	0.373272	1	0	0	0	0	0	0	0	0	
0.675	0.259259	-1.35769	0.0967742	3.85715	0.933181	0.373272	1	0	0	0	0	0	0	0	0	
0.676	0.259259	-1.35769	0.0967742	3.85715	0.933181	0.373272	1	0	0	0	0	0	0	0	0	
0.677	0.259259	-1.35769	0.0967742	3.85715	0.933181	0.373272	1	0	0	0	0	0	0	0	0	
0.678	0.259259	-1.35769	0.0967742	3.85715	0.933181	0.373272	1	0	0	0	0	0	0	0	0	
0.679	0.259259	-1.35769	0.0967742	3.85715	0.933181	0.373272	1	0	0	0	0	0	0	0	0	
0.68	0.259259	-1.35769	0.0967742	3.85715	0.933181	0.373272	1	0	0	0	0	0	0	0	0	
0.681	0.259259	-1.35769	0.0967742	3.85715	0.933181	0.373272	1	0	0	0	0	0	0	0	0	
0.682	0.259259	-1.35769	0.0967742	3.85715	0.933181	0.373272	1	0	0	0	0	0	0	0	0	
0.683	0.259259	-1.35769	0.0967742	3.85715	0.933181	0.373272	1	0	0	0	0	0	0	0	0	
0.684	0.259259	-1.35769	0.0967742	3.85715	0.933181	0.373272	1	0	0	0	0	0	0	0	0	
0.685	0.259259	-1.35769	0.0967742	3.85715	0.933181	0.373272	1	0	0	0	0	0	0	0	0	
0.686	0.259259	-1.35769	0.0967742	3.85715	0.933181	0.373272	1	0	0	0	0	0	0	0	0	
0.687	0.259259	-1.35769	0.0967742	3.85715	0.933181	0.373272	1	0	0	0	0	0	0	0	0	
0.688	0.259259	-1.35769	0.0967742	3.85715	0.933181	0.373272	1	0	0	0	0	0	0	0	0	
0.689	0.259259	-1.35769	0.0967742	3.85715	0.933181	0.373272	1	0	0	0	0	0	0	0	0	
0.69	0.259259	-1.35769	0.0967742	3.85715	0.933181	0.373272	1	0	0	0	0	0	0	0	0	
0.691	0.259259	-1.35769	0.0967742	3.85715	0.933181	0.373272	1	0	0	0	0	0	0	0	0	
0.692	0.259259	-1.35769	0.0967742	3.85715	0.933181	0.373272	1	0	0	0	0	0	0	0	0	
0.693	0.259259	-1.35769	0.0967742	3.85715	0.933181	0.373272	1	0	0	0	0	0	0	0	0	
0.694	0.259259	-1.35769	0.0967742	3.85715	0.933181	0.373272	1	0	0	0	0	0	0	0	0	
0.695	0.259259	-1.35769	0.0967742	3.85715	0.933181	0.373272	1	0	0	0	0	0	0	0	0	
0.696	0.259259	-1.35769	0.0967742	3.85715	0.933181	0.373272	1	0	0	0	0	0	0	0	0	
0.697	0.259259	-1.35769	0.0967742	3.85715	0.933181	0.373272	1	0	0	0	0	0	0	0	0	
0.698	0.259259	-1.35769	0.0967742	3.85715	0.933181	0.373272	1	0	0	0	0	0	0	0	0	
0.699	0.259259	-1.35769	0.0967742	3.85715	0.933181	0.373272	1	0	0	0	0	0	0	0	0	
0.7	0.259259	-1.35769	0.0967742	3.85715	0.933181	0.373272	1	0	0	0	0	0	0	0	0	
0.701	0.259259	-1.35769	0.0967742	3.85715	0.933181	0.373272	1	0	0	0	0	0	0	0	0	
0.702	0.259259	-1.35769	0.0967742	3.85715	0.933181	0.373272	1	0	0	0	0	0	0	0	0	
0.703	0.259259	-1.35769	0.0967742	3.85715	0.933181	0.373272	1	0	0	0	0	0	0	0	0	
0.704	0.259259	-1.35769	0.0967742	3.85715	0.933181	0.373272	1	0	0	0	0	0	0	0	0	
0.705	0.259259	-1.35769	0.0967742	3.85715	0.933181	0.373272	1	0	0	0	0	0	0	0	0	
0.706	0.259259	-1.35769	0.0967742	3.85715	0.933181	0.373272	1	0	0	0	0	0	0	0	0	
0.707	0.259259	-1.35769	0.0967742	3.85715	0.933181	0.373272	1	0	0	0	0	0	0	0	0	
0.708	0.259259	-1.35769	0.0967742	3.85715	0.933181	0.373272	1	0	0	0	0	0	0	0	0	
0.709	0.259259	-1.35769	0.0967742	3.85715	0.933181	0.373272	1	0	0	0	0	0	0	0	0	
0.71	0.259259	-1.35769	0.0967742	3.85715	0.933181	0.373272	1	0	0	0	0	0	0	0	0	
0.711	0.259259	-1.35769	0.0967742	3.85715	0.933181	0.373272	1	0	0	0	0	0	0	0	0	
0.712	0.259259	-1.35769	0.0967742	3.85715	0.933181	0.373272	1	0	0	0	0	0	0	0	0	
0.713	0.259259	-1.35769	0.0967742	3.85715	0.933181	0.373272	1	0	0	0	0	0	0	0	0	
0.714	0.259259	-1.35769	0.0967742	3.85715	0.933181	0.373272	1	0	0	0	0	0	0	0	0	
0.715	0.259259	-1.35769	0.0967742	3.85715	0.933181	0.373272	1	0	0	0	0	0	0	0	0	
0.716	0.259259	-1.35769	0.0967742	3.85715	0.933181	0.373272	1	0	0	0	0	0	0	0	0	
0.717	0.259259	-1.35769	0.0967742	3.85715	0.933181	0.373272	1	0	0	0	0	0	0	0	0	
0.718	0.259259	-1.35769	0.0967742	3.85715	0.933181	0.373272	1	0	0	0	0	0	0	0	0	
0.719	0.259259	-1.35769	0.0967742	3.85715	0.933181	0.373272	1	0	0	0	0	0	0	0	0	
0.72	0.259259	-1.35769	0.0967742	3.85715	0.933181	0.373272	1	0	0	0	0	0	0	0	0	
0.721	0.259259	-1.35769	0.0967742	3.85715	0.933181	0.373272	1	0	0	0	0	0	0	0	0	
0.722	0.259259	-1.35769	0.0967742	3.85715	0.933181	0.373272	1	0	0	0	0	0	0	0	0	
0.723	0.259259	-1.35769	0.0967742	3.85715	0.933181	0.373272	1	0	0	0	0	0	0	0	0	
0.724	0.259259	-1.35769	0.0967742	3.85715	0.933181	0.373272	1	0	0	0	0	0	0	0	0	
0.725	0.259259	-1.35769	0.0967742	3.85715	0.933181	0.373272	1	0	0	0	0	0	0	0	0	
0.726	0.259259	-1.35769	0.0967742	3.85715	0.933181	0.373272	1	0	0	0	0	0	0	0	0	
0.727	0.259259	-1.35769	0.0967742	3.85715	0.933181	0.373272	1	0	0	0	0	0	0	0	0	
0.728	0.259259	-1.35769	0.0967742	3.85715	0.933181	0.373272	1	0	0	0	0	0	0	0	0	
0.729	0.259259	-1.35769	0.0967742	3.85715	0.933181	0.373272	1	0	0	0	0	0	0	0	0	
0.73	0.259259	-1.35769	0.0967742	3.85715	0.933181	0.373272	1	0	0	0	0	0	0	0	0	
0.731	0.259259	-1.35769	0.0967742	3.85715	0.933181	0.373272	1	0	0	0	0	0	0	0	0	
0.732	0.259259	-1.35769	0.0967742	3.85715	0.933181	0.373272	1	0	0	0	0	0	0	0	0	
0.733	0.259259	-1.35769	0.0967742	3.85715	0.933181	0.373272	1	0	0	0	0	0	0	0	0	
0.734	0.259259	-1.35769	0.0967742	3.85715	0.933181	0.373272	1	0	0	0	0	0	0	0	0	
0.735	0.259259	-1.35769	0.0967742	3.85715	0.933181	0.373272	1	0	0	0	0	0	0	0	0	
0.736	0.259259	-1.35769	0.0967742	3.85715	0.933181	0.373272	1	0	0	0	0	0	0	0	0	
0.737	0.259259	-1.35769	0.0967742	3.85715	0.933181	0.373272	1	0	0	0	0	0	0	0	0	
0.738	0.259259	-1.35769	0.0967742	3.85715	0.933181	0.373272	1	0	0	0	0	0	0	0	0	
0.739	0.259259	-1.35769	0.0967742	3.85715	0.933181	0.373272	1	0	0	0	0	0	0	0	0	
0.74	0.259259	-1.35769	0.0967742	3.85715	0.933181	0.373272	1	0	0	0	0	0	0	0	0	
0.741	0.259259	-1.35769	0.0967742	3.85715	0.933181	0.373272	1	0	0	0	0	0	0	0	0	
0.742	0.259259	-1.35769	0.0967742	3.85715	0.933181	0.373272	1	0	0	0	0	0	0	0	0	
0.743	0.259259	-1.35769	0.0967742	3.85715	0.933181	0.373272	1	0	0	0	0	0	0	0	0	
0.744	0.259259	-1.35769	0.0967742	3.85715	0.933181	0.373272	1	0	0	0	0	0	0	0	0	
0.745	0.259259	-1.35769	0.0967742	3.85715	0.933181	0.373272	1	0	0	0	0	0	0	0	0	
0.746	0.259259	-1.35769	0.0967742	3.85715	0.933181	0.373272	1	0	0	0	0	0	0	0	0	
0.747	0.259259	-1.35769	0.0967742	3.85715	0.933181	0.373272	1	0	0	0	0	0	0	0	0	
0.748	0.259259	-1.35769	0.0967742	3.85715	0.933181	0.373272	1	0	0	0	0	0	0	0	0	
0.749	0.259259	-1.35769	0.0967742	3.85715	0.933181	0.373272	1	0	0	0	0	0	0	0	0	
0.75	0.259259	-1.35769	0.0967742	3.85715	0.933181	0.373272	1	0	0	0	0	0	0	0	0	
0.751	0.259259	-1.35769	0.0967742	3.85715	0.933181	0.373272	1	0	0	0	0	0	0	0	0	
0.752	0.259259	-1.35769	0.0967742	3.85715	0.933181	0.373272	1	0	0	0	0	0	0	0	0	
0.753	0.259259	-1.35769	0.0967742	3.85715	0.933181	0.373272	1	0	0	0	0	0	0	0	0	
0.754	0.259259	-1.35769	0.0967742	3.85715	0.933181	0.373272	1	0	0	0	0	0	0	0	0	
0.755	0.259259	-1.35769	0.0967742	3.85715	0.933181	0.373272	1	0	0	0	0	0	0	0	0	
0.756	0.259259	-1.35769	0.0967742	3.85715	0.933181	0.373272	1	0	0	0	0	0	0	0	0	
0.757	0.259259	-1.35769	0.0967742	3.85715	0.933181	0.373272	1	0	0	0	0	0	0	0	0	
0.758	0.259259	-1.35769	0.0967742	3.85715	0.933181	0.373272	1	0	0	0	0	0	0	0	0	
0.759	0.259259	-1.35769	0.0967742	3.85715	0.933181	0.373272	1	0	0	0	0	0	0	0	0	
0.76	0.259259	-1.35769	0.0967742	3.85715	0.933181	0.373272	1	0	0	0	0	0	0	0	0	
0.761	0.259259	-1.35769	0.0967742	3.85715	0.933181	0.373272	1	0	0	0	0	0	0	0	0	
0.762	0.259259	-1.35769	0.0967742	3.85715	0.933181	0.373272	1	0	0	0	0	0	0	0	0	
0.763	0.259259	-1.35769	0.0967742	3.85715	0.933181	0.373272	1	0	0	0	0	0	0	0	0	
0.764	0.259259	-1.35769	0.0967742	3.85715	0.933181	0.373272	1	0	0	0	0	0	0	0	0	
0.765	0.259259	-1.35769	0.0967742	3.85715	0.933181	0.373272	1	0	0	0	0	0	0	0	0	
0.766	0.259259	-1.35769	0.0967742	3.85715	0.933181	0.373272	1	0	0	0	0	0	0	0	0	
0.767	0.259259	-1.35769	0.0967742	3.85715	0.933181	0.373272	1	0	0	0	0	0	0	0	0	
0.768	0.259259	-1.35769	0.0967742	3.85715	0.933181	0.373272	1	0	0	0	0	0	0	0	0	
0.769	0.259259	-1.35769	0.0967742	3.85715	0.933181	0.373272	1	0	0	0	0	0	0	0	0	
0.77	0.259259	-1.35769	0.0967742	3.85715	0.933181	0.373272	1	0	0	0	0	0	0	0	0	
0.771	0.259259	-1.35769	0.0967742	3.85715	0.933181	0.373272	1	0	0	0	0	0	0	0	0	
0.772	0.259259	-1.35769	0.0967742	3.85715	0.933181	0.373272	1	0	0	0	0	0	0	0	0	
0.773	0.259259	-1.35769	0.0967742	3.85715	0.933181	0.373272	1	0	0	0	0	0	0	0	0	
0.774	0.259259	-1.35769	0.0967742	3.85715	0.933181	0.373272	1	0	0	0	0	0	0	0	0	
0.775	0.259259	-1.35769	0.0967742	3.85715	0.933181	0.373272	1	0	0	0	0	0	0	0	0	
0.776	0.259259	-1.35769	0.0967742	3.85715	0.933181	0.373272	1	0	0	0	0	0	0	0	0	
0.777	0.259259	-1.35769	0.0967742	3.85715	0.933181	0.373272	1	0	0	0	0	0	0	0	0	
0.778	0.259259	-1.35769	0.0967742	3.85715	0.933181	0.373272	1	0	0	0	0	0	0	0	0	
0.779	0.259259	-1.35769	0.0967742	3.85715	0.933181	0.373272	1	0	0	0	0	0	0	0	0	
0.78	0.259259	-1.35769	0.0967742	3.85715	0.933181	0.373272	1	0	0	0	0	0	0	0	0	
0.781	0.259259	-1.35769	0.0967742	3.85715	0.933181	0.373272	1	0	0	0	0	0	0	0	0	
0.782	0.259259	-1.35769	0.0967742	3.85715	0.933181	0.373272	1	0	0	0	0	0	0	0	0	
0.783	0.259259	-1.35769	0.0967742	3.85715	0.933181	0.373272	1	0	0	0	0	0	0	0	0	
0.784	0.259259	-1.35769	0.0967742	3.85715	0.933181	0.373272	1	0	0	0	0	0	0	0	0	
0.785	0.259259	-1.35769	0.0967742	3.85715	0.933181	0.373272	1	0	0	0	0	0	0	0	0	
0.786	0.259259	-1.35769	0.0967742	3.85715	0.933181	0.373272	1	0	0	0	0	0	0	0	0	
0.787	0.259259	-1.35769	0.0967742	3.85715	0.933181	0.373272	1	0	0	0	0	0	0	0	0	
0.788	0.259259	-1.35769	0.0967742	3.85715	0.933181	0.373272	1	0	0	0	0	0	0	0	0	
0.789	0.259259	-1.35769	0.0967742	3.85715	0.933181	0.373272	1	0	0	0	0	0	0	0	0	
0.79	0.259259	-1.35769	0.0967742	3.85715	0.933181	0.373272	1	0	0	0	0	0	0	0	0	
0.791	0.259259	-1.35769	0.0967742	3.85715	0.933181	0.373272	1	0	0	0	0	0	0	0	0	
0.792	0.259259	-1.35769	0.0967742	3.85715	0.933181	0.373272	1	0	0	0	0	0	0	0	0	
0.793	0.259259	-1.35769	0.0967742	3.85715	0.933181	0.373272	1	0	0	0	0	0	0	0	0	
0.794	0.259259	-1.35769	0.0967742	3.85715	0.933181	0.373272	1	0	0	0	0	0	0	0	0	
0.795	0.259259	-1.35769	0.0967742	3.85715	0.933181	0.373272	1	0	0	0	0	0	0	0	0	
0.796	0.259259	-1.35769	0.0967742	3.85715	0.933181	0.373272	1	0	0	0	0	0	0	0	0	
0.797	0.259259	-1.35769	0.0967742	3.85715	0.933181	0.373272	1	0	0	0	0	0	0	0	0	
0.798	0.259259	-1.35769	0.0967742	3.85715	0.933181	0.373272	1	0	0	0	0	0	0	0	0	
0.799	0.259259	-1.35769	0.0967742	3.85715	0.933181	0.373272	1	0	0	0	0	0	0	0	0	
0.8	0.259259	-1.35769	0.0967742	3.85715	0.933181	0.373272	1	0	0	0	0	0	0	0	0	
0.801	0.259259	-1.35769	0.0967742	3.85715	0.933181	0.373272	1	0	0	0	0	0	0	0	0	
0.802	0.259259	-1.35769	0.0967742	3.85715	0.933181	0.373272	1	0	0	0	0	0	0	0	0	
0.803	0.259259	-1.35769	0.0967742	3.85715	0.933181	0.373272	1	0	0	0	0	0	0	0	0	
0.804	0.259259	-1.35769	0.0967742	3.85715	0.933181	0.373272	1	0	0	0	0	0	0	0	0	
0.805	0.259259	-1.35769	0.0967742	3.85715	0.933181	0.373272	1	0	0	0	0	0	0	0	0	
0.806	0.259259	-1.35769	0.0967742	3.85715	0.933181	0.373272	1	0	0	0	0	0	0	0	0	
0.807	0.259259	-1.35769	0.0967742	3.85715	0.933181	0.373272	1	0	0	0	0	0	0	0	0	
0.808	0.259259	-1.35769	0.0967742	3.85715	0.933181	0.373272	1	0	0	0	0	0	0	0	0	
0.809	0.259259	-1.35769	0.0967742	3.85715	0.933181	0.373272	1	0	0	0	0	0	0	0	0	
0.81	0.259259	-1.35769	0.0967742	3.85715	0.933181	0.373272	1	0	0	0	0	0	0	0	0	
0.811	0.259259	-1.35769	0.0967742	3.85715	0.933181	0.373272	1	0	0	0	0	0	0	0	0	
0.812	0.259259	-1.35769	0.0967742	3.85715	0.933181	0.373272	1	0	0	0	0	0	0	0	0	
0.813	0.259259	-1.35769	0.0967742	3.85715	0.933181	0.373272	1	0	0	0	0	0	0	0	0	
0.814	0.259259	-1.35769	0.0967742	3.85715	0.933181	0.373272	1	0	0	0	0	0	0	0	0	
0.815	0.259259	-1.35769	0.0967742	3.85715	0.933181	0.373272	1	0	0	0	0	0	0	0	0	
0.816	0.259259	-1.35769	0.0967742	3.85715	0.933181	0.373272	1	0	0	0	0	0	0	0	0	
0.817	0.259259	-1.35769	0.0967742	3.85715	0.933181	0.373272	1	0	0	0	0	0	0	0	0	
0.818	0.259259	-1.35769	0.0967742	3.85715	0.933181	0.373272	1	0	0	0	0	0	0	0	0	
0.819	0.259259	-1.35769	0.0967742	3.85715	0.933181	0.373272	1	0	0	0	0	0	0	0	0	
0.82	0.259259	-1.35769	0.0967742	3.85715	0.933181	0.373272	1	0	0	0	0	0	0	0	0	
0.821	0.259259	-1.35769	0.0967742	3.85715	0.933181	0.373272	1	0	0	0	0	0	0	0	0	
0.822	0.259259	-1.35769	0.0967742	3.85715	0.933181	0.373272	1	0	0	0	0	0	0	0	0	
0.823	0.259259	-1.35769	0.0967742	3.85715	0.933181	0.373272	1	0	0	0	0	0	0	0	0	
0.824	0.259259	-1.35769	0.0967742	3.85715	0.933181	0.373272	1	0	0	0	0	0	0	0	0	
0.825	0.259259	-1.35769	0.0967742	3.85715	0.933181	0.373272	1	0	0	0	0	0	0	0	0	
0.826	0.259259	-1.35769	0.0967742	3.85715	0.933181	0.373272	1	0	0	0	0	0	0	0	0	
0.827	0.259259	-1.35769	0.0967742	3.85715	0.933181	0.373272	1	0	0	0	0	0	0	0	0	
0.828	0.259259	-1.35769	0.0967742	3.85715	0.933181	0.373272	1	0	0	0	0	0	0	0	0	
0.829	0.259259	-1.35769	0.0967742	3.85715	0.933181	0.373272	1	0	0	0	0	0	0	0	0	
0.83	0.259259	-1.35769	0.0967742	3.85715	0.933181	0.373272	1	0	0	0	0	0	0	0	0	
0.831	0.259259	-1.35769	0.0967742	3.85715	0.933181	0.373272	1	0	0	0	0	0	0	0	0	
0.832	0.259259	-1.35769	0.0967742	3.85715	0.933181	0.373272	1	0	0	0	0	0	0	0	0	
0.833	0.259259	-1.35769	0.0967742	3.85715	0.933181	0.373272	1	0	0	0	0	0	0	0	0	
0.834	0.259259	-1.35769	0.0967742	3.85715	0.933181	0.373272	1	0	0	0	0	0	0	0	0	
0.835	0.259259	-1.35769	0.0967742	3.85715	0.933181	0.373272	1	0	0	0	0	0	0	0	0	
0.836	0.259259	-1.35769	0.0967742	3.85715	0.933181	0.373272	1	0	0	0	0	0	0	0	0	
0.837	0.259259	-1.35769	0.0967742	3.85715	0.933181	0.373272	1	0	0	0	0	0	0	0	0	
0.838	0.259259	-1.35769	0.0967742	3.85715	0.933181	0.373272	1	0	0	0	0	0	0	0	0	
0.839	0.259259	-1.35769	0.0967742	3.85715	0.933181	0.373272	1	0	0	0	0	0	0	0	0	
0.84	0.259259	-1.35769	0.0967742	3.85715	0.933181	0.373272	1	0	0	0	0	0	0	0	0	
0.841	0.259259	-1.35769	0.0967742	3.85715	0.933181	0.373272	1	0	0	0	0	0	0	0	0	
0.842	0.259259	-1.35769	0.0967742	3.85715	0.933181	0.373272	1	0	0	0	0	0	0	0	0	
0.843	0.259259	-1.35769	0.0967742	3.85715	0.933181	0.373272	1	0	0	0	0	0	0	0	0	
0.844	0.259259	-1.35769	0.0967742	3.85715	0.933181	0.373272	1	0	0	0	0	0	0	0	0	
0.845	0.259259	-1.35769	0.0967742	3.85715	0.933181	0.373272	1	0	0	0	0	0	0	0	0	
0.846	0.259259	-1.35769	0.0967742	3.85715	0.933181	0.373272	1	0	0	0	0	0	0	0	0	
0.847	0.259259	-1.35769	0.0967742	3.85715	0.933181	0.373272	1	0	0	0	0	0	0	0	0	
0.848	0.259259	-1.35769	0.0967742	3.85715	0.933181	0.373272	1	0	0	0	0	0	0	0	0	
0.849	0.259259	-1.35769	0.0967742	3.85715	0.933181	0.373272	1	0	0	0	0	0	0	0	0	
0.85	0.259259	-1.35769	0.0967742	3.85715	0.933181	0.373272	1	0	0	0	0	0	0	0	0	
0.851	0.259259	-1.35769	0.0967742	3.85715	0.933181	0.373272	1	0	0	0	0	0	0	0	0	
0.852	0.259259	-1.35769	0.0967742	3.85715	0.933181	0.373272	1	0	0	0	0	0	0	0	0	
0.853	0.259259	-1.35769	0.0967742	3.85715	0.933181	0.373272	1	0	0	0	0	0	0	0	0	
0.854	0.259259	-1.35769	0.0967742	3.85715	0.933181	0.373272	1	0	0	0	0	0	0	0	0	
0.855	0.259259	-1.35769	0.0967742	3.85715	0.933181	0.373272	1	0	0	0	0	0	0	0	0	
0.856	0.259259	-1.35769	0.0967742	3.85715	0.933181	0.373272	1	0	0	0	0	0	0	0	0	
0.857	0.259259	-1.35769	0.0967742	3.85715	0.933181	0.373272	1	0	0	0	0	0	0	0	0	
0.858	0.259259	-1.35769	0.0967742	3.85715	0.933181	0.373272	1	0	0	0	0	0	0	0	0	
0.859	0.259259	-1.35769	0.0967742	3.85715	0.933181	0.373272	1	0	0	0	0	0	0	0	0	
0.86	0.259259	-1.35769	0.0967742	3.85715	0.933181	0.373272	1	0	0	0	0	0	0	0	0	
0.861	0.259259	-1.35769	0.0967742	3.85715	0.933181	0.373272	1	0	0	0	0	0	0	0	0	
0.862	0.259259	-1.35769	0.0967742	3.85715	0.933181	0.373272	1	0	0	0	0	0	0	0	0	
0.863	0.259259	-1.35769	0.0967742	3.85715	0.933181	0.373272	1	0	0	0	0	0	0	0	0	
0.864	0.259259	-1.35769	0.0967742	3.85715	0.933181	0.373272	1	0	0	0	0	0	0	0	0	
0.865	0.259259	-1.35769	0.0967742	3.85715	0.933181	0.373272	1	0	0	0	0	0	0	0	0	
0.866	0.259259	-1.35769	0.0967742	3.85715	0.933181	0.373272	1	0	0	0	0	0	0	0	0	
0.867	0.259259	-1.35769	0.0967742	3.85715	0.933181	0.373272	1	0	0	0	0	0	0	0	0	
0.868	0.259259	-1.35769	0.0967742	3.85715	0.933181	0.373272	1	0	0	0	0	0	0	0	0	
0.869	0.259259	-1.35769	0.0967742	3.85715	0.933181	0.373272	1	0	0	0	0	0	0	0	0	
0.87	0.259259	-1.35769	0.0967742	3.85715	0.933181	0.373272	1	0	0	0	0	0	0	0	0	
0.871	0.259259	-1.35769	0.0967742	3.85715	0.933181	0.373272	1	0	0	0	0	0	0	0	0	
0.872	0.259259	-1.35769	0.0967742	3.85715	0.933181	0.373272	1	0	0	0	0	0	0	0	0	
0.873	0.259259	-1.35769	0.0967742	3.85715	0.933181	0.373272	1	0	0	0	0	0	0	0	0	
0.874	0.259259	-1.35769	0.0967742	3.85715	0.933181	0.373272	1	0	0	0	0	0	0	0	0	
0.875	0.259259	-1.35769	0.0967742	3.85715	0.933181	0.373272	1	0	0	0	0	0	0	0	0	
0.876	0.259259	-1.35769	0.0967742	3.85715	0.933181	0.373272	1	0	0	0	0	0	0	0	0	
0.877	0.259259	-1.35769	0.0967742	3.85715	0.933181	0.373272	1	0	0	0	0	0	0	0	0	
0.878	0.259259	-1.35769	0.0967742	3.85715	0.933181	0.373272	1	0	0	0	0	0	0	0	0	
0.879	0.259259	-1.35769	0.0967742	3.85715	0.933181	0.373272	1	0	0	0	0	0	0	0	0	
0.88	0.259259	-1.35769	0.0967742	3.85715	0.933181	0.373272	1	0	0	0	0	0	0	0	0	
0.881	0.259259	-1.35769	0.0967742	3.85715	0.933181	0.373272	1	0	0	0	0	0	0	0	0	
0.882	0.259259	-1.35769	0.0967742	3.85715	0.933181	0.373272	1	0	0	0	0	0	0	0	0	
0.883	0.259259	-1.35769	0.0967742	3.85715	0.933181	0.373272	1	0	0	0	0	0	0	0	0	
0.884	0.259259	-1.35769	0.0967742	3.85715	0.933181	0.373272	1	0	0	0	0	0	0	0	0	
0.885	0.259259	-1.35769	0.0967742	3.85715	0.933181	0.373272	1	0	0	0	0	0	0	0	0	
0.886	0.259259	-1.35769	0.0967742	3.85715	0.933181	0.373272	1	0	0	0	0	0	0	0	0	
0.887	0.259259	-1.35769	0.0967742	3.85715	0.933181	0.373272	1	0	0	0	0	0	0	0	0	
0.888	0.259259	-1.35769	0.0967742	3.85715	0.933181	0.373272	1	0	0	0	0	0	0	0	0	
0.889	0.259259	-1.35769	0.0967742	3.85715	0.933181	0.373272	1	0	0	0	0	0	0	0	0	
0.89	0.259259	-1.35769	0.0967742	3.85715	0.933181	0.373272	1	0	0	0	0	0	0	0	0	
0.891	0.259259	-1.35769	0.0967742	3.85715	0.933181	0.373272	1	0	0	0	0	0	0	0	0	
0.892	0.259259	-1.35769	0.0967742	3.85715	0.933181	0.373272	1	0	0	0	0	0	0	0	0	
0.893	0.259259	-1.35769	0.0967742	3.85715	0.933181	0.373272	1	0	0	0	0	0	0	0	0	
0.894	0.259259	-1.35769	0.0967742	3.85715	0.933181	0.373272	1	0	0	0	0	0	0	0	0	
0.895	0.259259	-1.35769	0.0967742	3.85715	0.933181	0.373272	1	0	0	0	0	0	0	0	0	
0.896	0.259259	-1.35769	0.0967742	3.85715	0.933181	0.373272	1	0	0	0	0	0	0	0	0	
0.897	0.259259	-1.35769	0.0967742	3.85715	0.933181	0.373272	1	0	0	0	0	0	0	0	0	
0.898	0.259259	-1.35769	0.0967742	3.85715	0.933181	0.373272	1	0	0	0	0	0	0	0	0	
0.899	0.259259	-1.35769	0.0967742	3.85715	0.933181	0.373272	1	0	0	0	0	0	0	0	0	
0.9	0.259259	-1.35769	0.0967742	3.85715	0.933181	0.373272	1	0	0	0	0	0	0	0	0	
0.901	0.259259	-1.35769	0.0967742	3.85715	0.933181	0.373272	1	0	0	0	0	0	0	0	0	
0.902	0.259259	-1.35769	0.0967742	3.85715	0.933181	0.373272	1	0	0	0	0	0	0	0	0	
0.903	0.259259	-1.35769	0.0967742	3.85715	0.933181	0.373272	1	0	0	0	0	0	0	0	0	
0.904	0.259259	-1.35769	0.0967742	3.85715	0.933181	0.373272	1	0	0	0	0	0	0	0	0	
0.905	0.259259	-1.35769	0.0967742	3.85715	0.933181	0.373272	1	0	0	0	0	0	0	0	0	
0.906	0.259259	-1.35769	0.0967742	3.85715	0.933181	0.373272	1	0	0	0	0	0	0	0	0	
0.907	0.259259	-1.35769	0.0967742	3.85715	0.933181	0.373272	1	0	0	0	0	0	0	0	0	
0.908	0.259259	-1.35769	0.0967742	3.85715	0.933181	0.373272	1	0	0	0	0	0	0	0	0	
0.909	0.259259	-1.35769	0.0967742	3.85715	0.933181	0.373272	1	0	0	0	0	0	0	0	0	
0.91	0.259259	-1.35769	0.0967742	3.85715	0.933181	0.373272	1	0	0	0	0	0	0	0	0	
0.911	0.259259	-1.35769	0.0967742	3.85715	0.933181	0.373272	1	0	0	0	0	0	0	0	0	
0.912	0.259259	-1.35769	0.0967742	3.85715	0.933181	0.373272	1	0	0	0	0	0	0	0	0	
0.913	0.259259	-1.35769	0.0967742	3.85715	0.933181	0.373272	1	0	0	0	0	0	0	0	0	
0.914	0.259259	-1.35769	0.0967742	3.85715	0.933181	0.373272	1	0	0	0	0	0	0	0	0	
0.915	0.259259	-1.35769	0.0967742	3.85715	0.933181	0.373272	1	0	0	0	0	0	0	0	0	
0.916	0.259259	-1.35769	0.0967742	3.85715	0.933181	0.373272	1	0	0	0	0	0	0	0	0	
0.917	0.259259	-1.35769	0.0967742	3.85715	0.933181	0.373272	1	0	0	0	0	0	0	0	0	
0.918	0.259259	-1.35769	0.0967742	3.85715	0.933181	0.373272	1	0	0	0	0	0	0	0	0	
0.919	0.259259	-1.35769	0.0967742	3.85715	0.933181	0.373272	1	0	0	0	0	0	0	0	0	
0.92	0.259259	-1.35769	0.0967742	3.85715	0.933181	0.373272	1	0	0	0	0	0	0	0	0	
0.921	0.259259	-1.35769	0.0967742	3.85715	0.933181	0.373272	1	0	0	0	0	0	0	0	0	
0.922	0.259259	-1.35769	0.0967742	3.85715	0.933181	0.373272	1	0	0	0	0	0	0	0	0	
0.923	0.259259	-1.35769	0.0967742	3.85715	0.933181	0.373272	1	0	0	0	0	0	0	0	0	
0.924	0.259259	-1.35769	0.0967742	3.85715	0.933181	0.373272	1	0	0	0	0	0	0	0	0	
0.925	0.259259	-1.35769	0.0967742	3.85715	0.933181	0.373272	1	0	0	0	0	0	0	0	0	
0.926	0.259259	-1.35769	0.0967742	3.85715	0.933181	0.373272	1	0	0	0	0	0	0	0	0	
0.927	0.259259	-1.35769	0.0967742	3.85715	0.933181	0.373272	1	0	0	0	0	0	0	0	0	
0.928	0.259259	-1.35769	0.0967742	3.85715	0.933181	0.373272	1	0	0	0	0	0	0	0	0	
0.929	0.259259	-1.35769	0.0967742	3.85715	0.933181	0.373272	1	0	0	0	0	0	0	0	0	
0.93	0.259259	-1.35769	0.0967742	3.85715	0.933181	0.373272	1	0	0	0	0	0	0	0	0	
0.931	0.259259	-1.35769	0.0967742	3.85715	0.933181	0.373272	1	0	0	0	0	0	0	0	0	
0.932	0.259259	-1.35769	0.0967742	3.85715	0.933181	0.373272	1	0	0	0	0	0	0	0	0	
0.933	0.259259	-1.35769	0.0967742	3.85715	0.933181	0.373272	1	0	0	0	0	0	0	0	0	
0.934	0.259259	-1.35769	0.0967742	3.85715	0.933181	0.373272	1	0	0	0	0	0	0	0	0	
0.935	0.259259	-1.35769	0.0967742	3.85715	0.933181	0.373272	1	0	0	0	0	0	0	0	0	
0.936	0.259259	-1.35769	0.0967742	3.85715	0.933181	0.373272	1	0	0	0	0	0	0	0	0	
0.937	0.259259	-1.35769	0.0967742	3.85715	0.933181	0.373272	1	0	0	0	0	0	0	0	0	
0.938	0.259259	-1.35769	0.0967742	3.85715	0.933181	0.373272	1	0	0	0	0	0	0	0	0	
0.939	0.259259	-1.35769	0.0967742	3.85715	0.933181	0.373272	1	0	0	0	0	0	0	0	0	
0.94	0.259259	-1.35769	0.0967742	3.85715	0.933181	0.373272	1	0	0	0	0	0	0	0	0	
0.941	0.259259	-1.35769	0.0967742	3.85715	0.933181	0.373272	1	0	0	0	0	0	0	0	0	
0.942	0.259259	-1.35769	0.0967742	3.85715	0.933181	0.373272	1	0	0	0	0	0	0	0	0	
0.943	0.259259	-1.35769	0.0967742	3.85715	0.933181	0.373272	1	0	0	0	0	0	0	0	0	
0.944	0.259259	-1.35769	0.0967742	3.85715	0.933181	0.373272	1	0	0	0	0	0	0	0	0	
0.945	0.259259	-1.35769	0.0967742	3.85715	0.933181	0.373272	1	0	0	0	0	0	0	0	0	
0.946	0.259259	-1.35769	0.0967742	3.85715	0.933181	0.373272	1	0	0	0	0	0	0	0	0	
0.947	0.259259	-1.35769	0.0967742	3.85715	0.933181	0.373272	1	0	0	0	0	0	0	0	0	
0.948	0.259259	-1.35769	0.0967742	3.85715	0.933181	0.373272	1	0	0	0	0	0	0	0	0	
0.949	0.259259	-1.35769	0.0967742	3.85715	0.933181	0.373272	1	0	0	0	0	0	0	0	0	
0.95	0.259259	-1.35769	0.0967742	3.85715	0.933181	0.373272	1	0	0	0	0	0	0	0	0	
0.951	0.259259	-1.35769	0.0967742	3.85715	0.933181	0.373272	1	0	0	0	0	0	0	0	0	
0.952	0.259259	-1.35769	0.0967742	3.85715	0.933181	0.373272	1	0	0	0	0	0	0	0	0	
0.953	0.259259	-1.35769	0.0967742	3.85715	0.933181	0.373272	1	0	0	0	0	0	0	0	0	
0.954	0.259259	-1.35769	0.0967742	3.85715	0.933181	0.373272	1	0	0	0	0	0	0	0	0	
0.955	0.259259	-1.35769	0.0967742	3.85715	0.933181	0.373272	1	0	0	0	0	0	0	0	0	
0.956	0.259259	-1.35769	0.0967742	3.85715	0.933181	0.373272	1	0	0	0	0	0	0	0	0	
0.957	0.259259	-1.35769	0.0967742	3.85715	0.933181	0.373272	1	0	0	0	0	0	0	0	0	
0.958	0.259259	-1.35769	0.0967742	3.85715	0.933181	0.373272	1	0	0	0	0	0	0	0	0	
0.959	0.259259	-1.35769	0.0967742	3.85715	0.933181	0.373272	1	0	0	0	0	0	0	0	0	
0.96	0.259259	-1.35769	0.0967742	3.85715	0.933181	0.373272	1	0	0	0	0	0	0	0	0	
0.961	0.259259	-1.35769	0.0967742	3.85715	0.933181	0.373272	1	0	0	0	0	0	0	0	0	
0.962	0.259259	-1.35769	0.0967742	3.85715	0.933181	0.373272	1	0	0	0	0	0	0	0	0	
0.963	0.259259	-1.35769	0.0967742	3.85715	0.933181	0.373272	1	0	0	0	0	0	0	0	0	
0.964	0.259259	-1.35769	0.0967742	3.85715	0.933181	0.373272	1	0	0	0	0	0	0	0	0	
0.965	0.259259	-1.35769	0.0967742	3.85715	0.933181	0.373272	1	0	0	0	0	0	0	0	0	
0.966	0.259259	-1.35769	0.0967742	3.85715	0.933181	0.373272	1	0	0	0	0	0	0	0	0	
0.967	0.259259	-1.35769	0.0967742	3.85715	0.933181	0.373272	1	0	0	0	0	0	0	0	0	
0.968	0.259259	-1.35769	0.0967742	3.85715	0.933181	0.373272	1	0	0	0	0	0	0	0	0	
0.969	0.259259	-1.35769	0.0967742	3.85715	0.933181	0.373272	1	0	0	0	0	0	0	0	0	
0.97	0.259259	-1.35769	0.0967742	3.85715	0.933181	0.373272	1	0	0	0	0	0	0	0	0	
0.971	0.259259	-1.35769	0.0967742	3.85715	0.933181	0.373272	1	0	0	0	0	0	0	0	0	
0.972	0.259259	-1.35769	0.0967742	3.85715	0.933181	0.373272	1	0	0	0	0	0	0	0	0	
0.973	0.259259	-1.35769	0.0967742	3.85715	0.933181	0.373272	1	0	0	0	0	0	0	0	0	
0.974	0.259259	-1.35769	0.0967742	3.85715	0.933181	0.373272	1	0	0	0	0	0	0	0	0	
0.975	0.259259	-1.35769	0.0967742	3.85715	0.933181	0.373272	1	0	0	0	0	0	0	0	0	
0.976	0.259259	-1.35769	0.0967742	3.85715	0.933181	0.373272	1	0	0	0	0	0	0	0	0	
0.977	0.259259	-1.35769	0.0967742	3.85715	0.933181	0.373272	1	0	0	0	0	0	0	0	0	
0.978	0.259259	-1.35769	0.0967742	3.85715	0.933181	0.373272	1	0	0	0	0	0	0	0	0	
0.979	0.259259	-1.35769	0.0967742	3.85715	0.933181	0.373272	1	0	0	0	0	0	0	0	0	
0.98	0.259259	-1.35769	0.0967742	3.85715	0.933181	0.373272	1	0	0	0	0	0	0	0	0	
0.981	0.259259	-1.35769	0.0967742	3.85715	0.933181	0.373272	1	0	0	0	0	0	0	0	0	
0.982	0.259259	-1.35769	0.0967742	3.85715	0.933181	0.373272	1	0	0	0	0	0	0	0	0	
0.983	0.259259	-1.35769	0.0967742	3.85715	0.933181	0.373272	1	0	0	0	0	0	0	0	0	
0.984	0.259259	-1.35769	0.0967742	3.85715	0.933181	0.373272	1	0	0	0	0	0	0	0	0	
0.985	0.259259	-1.35769	0.0967742	3.85715	0.933181	0.373272	1	0	0	0	0	0	0	0	0	
0.986	0.259259	-1.35769	0.0967742	3.85715	0.933181	0.373272	1	0	0	0	0	0	0	0	0	
0.987	0.259259	-1.35769	0.0967742	3.85715	0.933181	0.373272	1	0	0	0	0	0	0	0	0	
0.988	0.259259	-1.35769	0.0967742	3.85715	0.933181	0.373272	1	0	0	0	0	0	0	0	0	
0.989	0.259259	-1.35769	0.0967742	3.85715	0.933181	0.373272	1	0	0	0	0	0	0	0	0	
0.99	0.259259	-1.35769	0.0967742	3.85715	0.933181	0.373272	1	0	0	0	0	0	0	0	0	
0.991	0.259259	-1.35769	0.0967742	3.85715	0.933181	0.373272	1	0	0	0	0	0	0	0	0	
0.992	0.259259	-1.35769	0.0967742	3.85715	0.933181	0.373272	1	0	0	0	0	0	0	0	0	
0.993	0.259259	-1.35769	0.0967742	3.85715	0.933181	0.373272	1	0	0	0	0	0	0	0	0	
0.994	0.259259	-1.35769	0.0967742	3.85715	0.933181	0.373272	1	0	0	0	0	0	0	0	0	
0.995	0.259259	-1.35769	0.0967742	3.85715	0.933181	0.373272	1	0	0	0	0	0	0	0	0	
0.996	0.259259	-1.35769	0.0967742	3.85715	0.933181	0.373272	1	0	0	0	0	0	0	0	0	
0.997	0.259259	-1.35769	0.0967742	3.85715	0.933181	0.373272	1	0	0	0	0	0	0	0	0	
0.998	0.259259	-1.35769	0.0967742	3.85715	0.933181	0.373272	1	0	0	0	0	0	0	0	0	
0.999	0.259259	-1.35769	0.0967742	3.85715	0.933181	0.373272	1	0	0	0	0	0	0	0	0	
1	0.259259	-1.35769	0.0967742	3.85715	0.933181	0.373272	1	0	0	0	0	0	0	0	0	
