|||||||||||||||||||||||||||||||||***SIMULATION: detonation***||||||||||||||||||||||||||||||||||
Sanpshot time = 1.13. Timestep = 2481. Run time = 4 seconds
No. of cells = 1000
#Position	 Density	 Velocity	 Pressure	 Specific_Volume I_Energy	 Temperature	 Species
-0.001	0.710208	0.000141896	1.78559	1.40804	6.28546	0	9.27448e-08	0	0	0	0	0	0	0	0	
0	0.710034	4.63699e-05	1.7856	1.40838	6.28703	0	9.67033e-08	0	0	0	0	0	0	0	0	
0.001	0.710034	-4.63699e-05	1.7856	1.40838	6.28703	2.51481	9.67033e-08	0	0	0	0	0	0	0	0	
0.002	0.710208	-0.000141896	1.78559	1.40804	6.28546	2.51418	9.27448e-08	0	0	0	0	0	0	0	0	
0.003	0.708744	-0.000253234	1.78558	1.41095	6.2984	2.51936	9.9178e-08	0	0	0	0	0	0	0	0	
0.004	0.710245	-0.000388594	1.78556	1.40796	6.28503	2.51401	9.7943e-08	0	0	0	0	0	0	0	0	
0.005	0.707826	-0.000555094	1.78554	1.41278	6.30643	2.52257	9.96554e-08	0	0	0	0	0	0	0	0	
0.006	0.705905	-0.000757912	1.78552	1.41662	6.3235	2.5294	8.72647e-08	0	0	0	0	0	0	0	0	
0.007	0.705913	-0.000999737	1.78548	1.41661	6.32331	2.52932	9.25892e-08	0	0	0	0	0	0	0	0	
0.008	0.706953	-0.0012803	1.78544	1.41452	6.31386	2.52554	9.27342e-08	0	0	0	0	0	0	0	0	
0.009	0.708451	-0.00159618	1.78539	1.41153	6.30032	2.52013	9.37151e-08	0	0	0	0	0	0	0	0	
0.01	0.710146	-0.00194115	1.78532	1.40816	6.28505	2.51402	8.59306e-08	0	0	0	0	0	0	0	0	
0.011	0.711739	-0.00230719	1.78525	1.40501	6.27072	2.50829	9.83825e-08	0	0	0	0	0	0	0	0	
0.012	0.713156	-0.00268536	1.78516	1.40222	6.25795	2.50318	9.36503e-08	0	0	0	0	0	0	0	0	
0.013	0.714386	-0.00306637	1.78506	1.3998	6.24682	2.49873	9.63036e-08	0	0	0	0	0	0	0	0	
0.014	0.715334	-0.0034406	1.78495	1.39795	6.23818	2.49527	8.9165e-08	0	0	0	0	0	0	0	0	
0.015	0.715984	-0.00379837	1.78485	1.39668	6.23214	2.49286	9.71215e-08	0	0	0	0	0	0	0	0	
0.016	0.716427	-0.00413046	1.78474	1.39581	6.22791	2.49117	9.7578e-08	0	0	0	0	0	0	0	0	
0.017	0.716723	-0.00442889	1.78464	1.39524	6.225	2.49	9.29425e-08	0	0	0	0	0	0	0	0	
0.018	0.716887	-0.00468736	1.78456	1.39492	6.22329	2.48932	9.66679e-08	0	0	0	0	0	0	0	0	
0.019	0.716941	-0.00490149	1.7845	1.39481	6.22262	2.48905	9.65624e-08	0	0	0	0	0	0	0	0	
0.02	0.716929	-0.00506885	1.78448	1.39484	6.22264	2.48906	9.42194e-08	0	0	0	0	0	0	0	0	
0.021	0.716898	-0.00518862	1.7845	1.3949	6.22299	2.48919	9.14849e-08	0	0	0	0	0	0	0	0	
0.022	0.716886	-0.00526069	1.78457	1.39492	6.22335	2.48934	8.95996e-08	0	0	0	0	0	0	0	0	
0.023	0.716914	-0.00528492	1.78471	1.39487	6.22358	2.48943	8.9135e-08	0	0	0	0	0	0	0	0	
0.024	0.716996	-0.00526128	1.78491	1.39471	6.22357	2.48943	9.04077e-08	0	0	0	0	0	0	0	0	
0.025	0.717143	-0.00518995	1.78519	1.39442	6.22325	2.4893	9.37204e-08	0	0	0	0	0	0	0	0	
0.026	0.717359	-0.00507154	1.78553	1.394	6.22259	2.48904	9.90407e-08	0	0	0	0	0	0	0	0	
0.027	0.717642	-0.00490845	1.78596	1.39345	6.22164	2.48866	9.31387e-08	0	0	0	0	0	0	0	0	
0.028	0.717987	-0.00470583	1.78648	1.39278	6.22045	2.48818	8.85999e-08	0	0	0	0	0	0	0	0	
0.029	0.718389	-0.00446851	1.78709	1.392	6.2191	2.48764	9.75744e-08	0	0	0	0	0	0	0	0	
0.03	0.718836	-0.00419726	1.7878	1.39114	6.21768	2.48707	9.53558e-08	0	0	0	0	0	0	0	0	
0.031	0.719315	-0.00388812	1.78858	1.39021	6.21627	2.48651	9.27316e-08	0	0	0	0	0	0	0	0	
0.032	0.71981	-0.00353409	1.78944	1.38926	6.21496	2.48599	9.01794e-08	0	0	0	0	0	0	0	0	
0.033	0.720313	-0.00313269	1.79036	1.38828	6.21381	2.48553	8.75528e-08	0	0	0	0	0	0	0	0	
0.034	0.720833	-0.0026995	1.79137	1.38728	6.21285	2.48514	9.66414e-08	0	0	0	0	0	0	0	0	
0.035	0.721371	-0.00224065	1.79246	1.38625	6.21201	2.4848	9.45384e-08	0	0	0	0	0	0	0	0	
0.036	0.72193	-0.00172862	1.79361	1.38518	6.21117	2.48447	9.17703e-08	0	0	0	0	0	0	0	0	
0.037	0.722533	-0.00120082	1.79486	1.38402	6.2103	2.48412	8.9546e-08	0	0	0	0	0	0	0	0	
0.038	0.723139	-0.000575193	1.79603	1.38286	6.20916	2.48366	8.82006e-08	0	0	0	0	0	0	0	0	
0.039	0.723835	7.25123e-05	1.79742	1.38153	6.20797	2.48319	8.78299e-08	0	0	0	0	0	0	0	0	
0.04	0.724695	0.00126282	1.79927	1.37989	6.207	2.4828	8.83721e-08	0	0	0	0	0	0	0	0	
0.041	0.725601	0.00230443	1.80119	1.37817	6.20584	2.48234	8.97022e-08	0	0	0	0	0	0	0	0	
0.042	0.72651	0.00328842	1.80302	1.37644	6.20439	2.48176	9.1676e-08	0	0	0	0	0	0	0	0	
0.043	0.727452	0.00429909	1.80488	1.37466	6.20276	2.4811	9.37191e-08	0	0	0	0	0	0	0	0	
0.044	0.72844	0.0053575	1.80682	1.3728	6.20101	2.4804	9.69995e-08	0	0	0	0	0	0	0	0	
0.045	0.729481	0.00646635	1.80887	1.37084	6.19916	2.47966	8.98992e-08	0	0	0	0	0	0	0	0	
0.046	0.730578	0.00762021	1.81102	1.36878	6.19723	2.47889	9.28306e-08	0	0	0	0	0	0	0	0	
0.047	0.731729	0.0088086	1.81329	1.36663	6.19522	2.47809	9.77472e-08	0	0	0	0	0	0	0	0	
0.048	0.732928	0.0100165	1.81566	1.36439	6.19318	2.47727	9.20587e-08	0	0	0	0	0	0	0	0	
0.049	0.734164	0.0112244	1.81813	1.36209	6.19116	2.47646	9.60218e-08	0	0	0	0	0	0	0	0	
0.05	0.735419	0.012408	1.82067	1.35977	6.18923	2.47569	8.99759e-08	0	0	0	0	0	0	0	0	
0.051	0.736671	0.0135381	1.82325	1.35746	6.18748	2.47499	9.27748e-08	0	0	0	0	0	0	0	0	
0.052	0.737896	0.0145797	1.82583	1.3552	6.18595	2.47438	9.59382e-08	0	0	0	0	0	0	0	0	
0.053	0.739071	0.0154929	1.82836	1.35305	6.18465	2.47386	9.80687e-08	0	0	0	0	0	0	0	0	
0.054	0.740179	0.0162329	1.83077	1.35103	6.18353	2.47341	9.90539e-08	0	0	0	0	0	0	0	0	
0.055	0.741203	0.0167529	1.83298	1.34916	6.18244	2.47298	9.92098e-08	0	0	0	0	0	0	0	0	
0.056	0.742136	0.0170054	1.83492	1.34746	6.1812	2.47248	9.91741e-08	0	0	0	0	0	0	0	0	
0.057	0.742969	0.0169438	1.8365	1.34595	6.17959	2.47183	9.94697e-08	0	0	0	0	0	0	0	0	
0.058	0.743695	0.0165281	1.83763	1.34464	6.17738	2.47095	8.95323e-08	0	0	0	0	0	0	0	0	
0.059	0.744305	0.0157294	1.83826	1.34353	6.17442	2.46977	9.05661e-08	0	0	0	0	0	0	0	0	
0.06	0.744792	0.0145266	1.83834	1.34266	6.17064	2.46826	9.33212e-08	0	0	0	0	0	0	0	0	
0.061	0.74515	0.0129084	1.83785	1.34201	6.16605	2.46642	9.69498e-08	0	0	0	0	0	0	0	0	
0.062	0.74538	0.010889	1.83684	1.3416	6.16074	2.4643	8.98876e-08	0	0	0	0	0	0	0	0	
0.063	0.745466	0.00855027	1.83528	1.34144	6.15481	2.46192	9.34384e-08	0	0	0	0	0	0	0	0	
0.064	0.745429	0.0059457	1.8333	1.34151	6.14846	2.45938	9.71819e-08	0	0	0	0	0	0	0	0	
0.065	0.7453	0.0030769	1.83103	1.34174	6.14191	2.45676	8.9516e-08	0	0	0	0	0	0	0	0	
0.066	0.745029	-0.000176458	1.82832	1.34223	6.13507	2.45403	9.18609e-08	0	0	0	0	0	0	0	0	
0.067	0.744807	-0.00254198	1.82585	1.34263	6.12861	2.45145	9.3792e-08	0	0	0	0	0	0	0	0	
0.068	0.744792	-0.00496323	1.82416	1.34266	6.12306	2.44923	9.53136e-08	0	0	0	0	0	0	0	0	
0.069	0.744889	-0.00709254	1.82291	1.34248	6.11808	2.44723	1.06703e-07	0	0	0	0	0	0	0	0	
0.07	0.74511	-0.00889723	1.82213	1.34208	6.11364	2.44546	1.20525e-07	0	0	0	0	0	0	0	0	
0.071	0.745487	-0.0103003	1.8219	1.3414	6.10975	2.4439	1.35886e-07	0	0	0	0	0	0	0	0	
0.072	0.746048	-0.0112846	1.82228	1.3404	6.10643	2.44257	1.53153e-07	0	0	0	0	0	0	0	0	
0.073	0.746817	-0.0118469	1.82333	1.33902	6.10366	2.44147	1.72788e-07	0	0	0	0	0	0	0	0	
0.074	0.747792	-0.0119436	1.82503	1.33727	6.10139	2.44056	1.95313e-07	0	0	0	0	0	0	0	0	
0.075	0.748977	-0.0115204	1.82738	1.33515	6.09958	2.43983	2.21249e-07	0	0	0	0	0	0	0	0	
0.076	0.750426	-0.0106248	1.83057	1.33258	6.09842	2.43937	2.51154e-07	0	0	0	0	0	0	0	0	
0.077	0.75213	-0.00928561	1.83456	1.32956	6.09789	2.43916	2.85514e-07	0	0	0	0	0	0	0	0	
0.078	0.754067	-0.00737155	1.83931	1.32614	6.09797	2.43919	3.24795e-07	0	0	0	0	0	0	0	0	
0.079	0.756301	-0.00508732	1.84504	1.32223	6.0989	2.43956	3.6936e-07	0	0	0	0	0	0	0	0	
0.08	0.75855	-0.0020707	1.85081	1.3183	6.09982	2.43993	4.19562e-07	0	0	0	0	0	0	0	0	
0.081	0.761224	0.0011185	1.85803	1.31367	6.1021	2.44084	4.75524e-07	0	0	0	0	0	0	0	0	
0.082	0.764703	0.00759308	1.86801	1.3077	6.10699	2.4428	5.37579e-07	0	0	0	0	0	0	0	0	
0.083	0.768355	0.0130893	1.87862	1.30148	6.11247	2.44499	6.0673e-07	0	0	0	0	0	0	0	0	
0.084	0.771976	0.0185928	1.88914	1.29538	6.11787	2.44715	6.8435e-07	0	0	0	0	0	0	0	0	
0.085	0.775715	0.024371	1.90008	1.28913	6.12362	2.44945	7.72709e-07	0	0	0	0	0	0	0	0	
0.086	0.77963	0.0304857	1.91159	1.28266	6.12981	2.45192	8.75406e-07	0	0	0	0	0	0	0	0	
0.087	0.78373	0.036927	1.9237	1.27595	6.13637	2.45455	9.97582e-07	0	0	0	0	0	0	0	0	
0.088	0.788021	0.0436721	1.93638	1.269	6.14318	2.45727	1.14602e-06	0	0	0	0	0	0	0	0	
0.089	0.792505	0.0506975	1.94961	1.26182	6.15014	2.46006	1.32916e-06	0	0	0	0	0	0	0	0	
0.09	0.797182	0.0579804	1.96336	1.25442	6.15718	2.46287	1.55696e-06	0	0	0	0	0	0	0	0	
0.091	0.802049	0.0654998	1.97762	1.24681	6.16427	2.46571	1.84042e-06	0	0	0	0	0	0	0	0	
0.092	0.807096	0.0732364	1.99238	1.23901	6.17143	2.46857	2.19056e-06	0	0	0	0	0	0	0	0	
0.093	0.81231	0.0811739	2.00762	1.23106	6.17875	2.4715	2.61741e-06	0	0	0	0	0	0	0	0	
0.094	0.817674	0.089299	2.02336	1.22298	6.18631	2.47453	3.12987e-06	0	0	0	0	0	0	0	0	
0.095	0.823173	0.0976024	2.03956	1.21481	6.19421	2.47769	3.73663e-06	0	0	0	0	0	0	0	0	
0.096	0.828798	0.106079	2.05625	1.20657	6.20249	2.481	4.44762e-06	0	0	0	0	0	0	0	0	
0.097	0.834546	0.114726	2.0734	1.19826	6.21117	2.48447	5.27493e-06	0	0	0	0	0	0	0	0	
0.098	0.840415	0.123547	2.09104	1.18989	6.22026	2.4881	6.23288e-06	0	0	0	0	0	0	0	0	
0.099	0.846404	0.132544	2.10916	1.18147	6.22978	2.49191	7.33725e-06	0	0	0	0	0	0	0	0	
0.1	0.852513	0.141722	2.1278	1.173	6.23978	2.49591	8.60458e-06	0	0	0	0	0	0	0	0	
0.101	0.858742	0.151086	2.14697	1.16449	6.25033	2.50013	1.00523e-05	0	0	0	0	0	0	0	0	
0.102	0.865094	0.160644	2.16672	1.15594	6.26152	2.50461	1.17004e-05	0	0	0	0	0	0	0	0	
0.103	0.871576	0.170405	2.1871	1.14735	6.27341	2.50937	1.35734e-05	0	0	0	0	0	0	0	0	
0.104	0.878198	0.180385	2.20816	1.1387	6.28607	2.51443	1.57018e-05	0	0	0	0	0	0	0	0	
0.105	0.884972	0.190605	2.22996	1.12998	6.29952	2.51981	1.81217e-05	0	0	0	0	0	0	0	0	
0.106	0.891912	0.201094	2.25255	1.12119	6.31381	2.52552	2.08743e-05	0	0	0	0	0	0	0	0	
0.107	0.899032	0.211887	2.27598	1.11231	6.32897	2.53159	2.40065e-05	0	0	0	0	0	0	0	0	
0.108	0.906345	0.223026	2.30032	1.10333	6.34503	2.53801	2.75746e-05	0	0	0	0	0	0	0	0	
0.109	0.91387	0.234553	2.32563	1.09425	6.36203	2.54481	3.16491e-05	0	0	0	0	0	0	0	0	
0.11	0.921626	0.246514	2.35199	1.08504	6.37999	2.552	3.63215e-05	0	0	0	0	0	0	0	0	
0.111	0.92964	0.258952	2.37949	1.07569	6.39896	2.55959	4.17176e-05	0	0	0	0	0	0	0	0	
0.112	0.937945	0.271909	2.40826	1.06616	6.41899	2.56759	4.80166e-05	0	0	0	0	0	0	0	0	
0.113	0.94658	0.285425	2.43842	1.05644	6.44009	2.57604	5.54739e-05	0	0	0	0	0	0	0	0	
0.114	0.955591	0.299544	2.47013	1.04647	6.46231	2.58493	6.44419e-05	0	0	0	0	0	0	0	0	
0.115	0.965027	0.314313	2.50354	1.03624	6.48569	2.59427	7.53846e-05	0	0	0	0	0	0	0	0	
0.116	0.974933	0.329789	2.53883	1.02571	6.51027	2.60411	8.88888e-05	0	0	0	0	0	0	0	0	
0.117	0.985357	0.346034	2.57617	1.01486	6.53614	2.61446	0.000105695	0	0	0	0	0	0	0	0	
0.118	0.996351	0.363118	2.61578	1.00366	6.5634	2.62536	0.000126773	0	0	0	0	0	0	0	0	
0.119	1.00798	0.381111	2.65789	0.992087	6.59214	2.63686	0.000153449	0	0	0	0	0	0	0	0	
0.12	1.02031	0.400091	2.70279	0.980092	6.62245	2.64898	0.000187569	0	0	0	0	0	0	0	0	
0.121	1.03345	0.420145	2.7508	0.967637	6.65443	2.66177	0.000231681	0	0	0	0	0	0	0	0	
0.122	1.04746	0.441378	2.80228	0.954686	6.68825	2.6753	0.000289222	0	0	0	0	0	0	0	0	
0.123	1.06246	0.463916	2.85765	0.941213	6.72413	2.68965	0.000364879	0	0	0	0	0	0	0	0	
0.124	1.07853	0.487907	2.91738	0.92719	6.7624	2.70496	0.00046532	0	0	0	0	0	0	0	0	
0.125	1.0958	0.513512	2.98208	0.912572	6.80341	2.72136	0.000600352	0	0	0	0	0	0	0	0	
0.126	1.11446	0.540915	3.05254	0.897296	6.84757	2.73903	0.000784615	0	0	0	0	0	0	0	0	
0.127	1.13472	0.570348	3.12971	0.881273	6.89532	2.75813	0.00104057	0	0	0	0	0	0	0	0	
0.128	1.15688	0.602123	3.21478	0.864395	6.94711	2.77884	0.00140385	0	0	0	0	0	0	0	0	
0.129	1.1813	0.636671	3.30923	0.846526	7.00337	2.80135	0.00193197	0	0	0	0	0	0	0	0	
0.13	1.20849	0.674565	3.41504	0.82748	7.06469	2.82587	0.00271949	0	0	0	0	0	0	0	0	
0.131	1.23919	0.716543	3.53503	0.806979	7.13175	2.8527	0.00392944	0	0	0	0	0	0	0	0	
0.132	1.27453	0.763613	3.67336	0.784605	7.20534	2.88213	0.00585514	0	0	0	0	0	0	0	0	
0.133	1.31619	0.817263	3.83601	0.759772	7.28623	2.91449	0.00903917	0	0	0	0	0	0	0	0	
0.134	1.36677	0.879828	4.0317	0.73165	7.37449	2.94979	0.0145381	0	0	0	0	0	0	0	0	
0.135	1.43076	0.954913	4.27392	0.698928	7.46789	2.98716	0.0245466	0	0	0	0	0	0	0	0	
0.136	1.5162	1.04803	4.58415	0.659543	7.55861	3.02344	0.0437892	0	0	0	0	0	0	0	0	
0.137	1.63849	1.16679	4.99688	0.610319	7.62422	3.04969	0.0825982	0	0	0	0	0	0	0	0	
0.138	1.82608	1.31974	5.54935	0.547623	7.59738	3.03895	0.163382	0	0	0	0	0	0	0	0	
0.139	2.0907	1.47238	6.08922	0.478309	7.28133	2.91253	0.325711	0	0	0	0	0	0	0	0	
0.14	1.9035	1.201	4.51519	0.525348	5.93012	2.37205	0.58486	0	0	0	0	0	0	0	0	
0.141	1.22108	0.447166	2.0347	0.818944	4.16577	1.66631	0.729041	0	0	0	0	0	0	0	0	
0.142	1.03291	0.213045	1.5197	0.968143	3.67822	1.47129	0.745436	0	0	0	0	0	0	0	0	
0.143	1.01777	0.195288	1.48003	0.982538	3.63546	1.45418	0.74967	0	0	0	0	0	0	0	0	
0.144	1.01432	0.189314	1.4662	0.985878	3.61375	1.4455	0.753498	0	0	0	0	0	0	0	0	
0.145	1.01152	0.184109	1.45412	0.988616	3.59391	1.43756	0.757116	0	0	0	0	0	0	0	0	
0.146	1.00901	0.179336	1.44298	0.991075	3.57526	1.4301	0.760562	0	0	0	0	0	0	0	0	
0.147	1.00675	0.174931	1.43266	0.993295	3.55763	1.42305	0.763861	0	0	0	0	0	0	0	0	
0.148	1.00472	0.170848	1.42305	0.995304	3.54091	1.41636	0.767028	0	0	0	0	0	0	0	0	
0.149	1.00288	0.167047	1.41406	0.99713	3.525	1.41	0.770074	0	0	0	0	0	0	0	0	
0.15	1.00121	0.163497	1.40563	0.998794	3.50983	1.40393	0.773007	0	0	0	0	0	0	0	0	
0.151	0.999683	0.160172	1.39769	1.00032	3.49534	1.39814	0.775835	0	0	0	0	0	0	0	0	
0.152	0.998287	0.157049	1.3902	1.00172	3.48148	1.39259	0.778562	0	0	0	0	0	0	0	0	
0.153	0.997001	0.154107	1.38312	1.00301	3.46821	1.38728	0.781192	0	0	0	0	0	0	0	0	
0.154	0.995813	0.15133	1.3764	1.0042	3.45548	1.38219	0.783731	0	0	0	0	0	0	0	0	
0.155	0.994722	0.148704	1.37002	1.00531	3.44323	1.37729	0.786193	0	0	0	0	0	0	0	0	
0.156	0.99373	0.146216	1.36395	1.00631	3.43138	1.37255	0.788595	0	0	0	0	0	0	0	0	
0.157	0.992847	0.143852	1.35815	1.0072	3.41984	1.36793	0.790959	0	0	0	0	0	0	0	0	
0.158	0.992081	0.141604	1.35261	1.00798	3.40853	1.36341	0.793303	0	0	0	0	0	0	0	0	
0.159	0.991428	0.13946	1.34731	1.00865	3.39741	1.35896	0.795633	0	0	0	0	0	0	0	0	
0.16	0.990875	0.137412	1.34223	1.00921	3.38649	1.35459	0.797946	0	0	0	0	0	0	0	0	
0.161	0.990399	0.135454	1.33736	1.00969	3.37581	1.35033	0.800225	0	0	0	0	0	0	0	0	
0.162	0.989969	0.133577	1.33268	1.01013	3.36546	1.34618	0.802447	0	0	0	0	0	0	0	0	
0.163	0.989559	0.131777	1.32818	1.01055	3.35547	1.34219	0.804592	0	0	0	0	0	0	0	0	
0.164	0.989151	0.130049	1.32384	1.01097	3.3459	1.33836	0.80665	0	0	0	0	0	0	0	0	
0.165	0.988739	0.12839	1.31966	1.01139	3.33673	1.33469	0.808618	0	0	0	0	0	0	0	0	
0.166	0.988325	0.126794	1.31564	1.01181	3.32794	1.33118	0.810505	0	0	0	0	0	0	0	0	
0.167	0.987917	0.125259	1.31175	1.01223	3.31947	1.32779	0.812324	0	0	0	0	0	0	0	0	
0.168	0.987525	0.123782	1.30799	1.01263	3.31128	1.32451	0.814087	0	0	0	0	0	0	0	0	
0.169	0.987154	0.122359	1.30435	1.01301	3.30332	1.32133	0.815805	0	0	0	0	0	0	0	0	
0.17	0.986808	0.120987	1.30084	1.01337	3.29557	1.31823	0.817483	0	0	0	0	0	0	0	0	
0.171	0.986488	0.119663	1.29743	1.0137	3.288	1.3152	0.819126	0	0	0	0	0	0	0	0	
0.172	0.986193	0.118385	1.29413	1.014	3.28062	1.31225	0.820738	0	0	0	0	0	0	0	0	
0.173	0.985925	0.117151	1.29092	1.01428	3.27339	1.30935	0.822321	0	0	0	0	0	0	0	0	
0.174	0.985685	0.115957	1.28782	1.01452	3.2663	1.30652	0.823881	0	0	0	0	0	0	0	0	
0.175	0.985475	0.114802	1.2848	1.01474	3.25933	1.30373	0.82542	0	0	0	0	0	0	0	0	
0.176	0.985296	0.113683	1.28186	1.01492	3.25248	1.30099	0.826942	0	0	0	0	0	0	0	0	
0.177	0.985147	0.112599	1.27901	1.01508	3.24573	1.29829	0.828447	0	0	0	0	0	0	0	0	
0.178	0.985024	0.111548	1.27623	1.0152	3.23909	1.29564	0.829935	0	0	0	0	0	0	0	0	
0.179	0.984922	0.110528	1.27353	1.01531	3.23257	1.29303	0.831403	0	0	0	0	0	0	0	0	
0.18	0.984834	0.109538	1.2709	1.0154	3.22617	1.29047	0.832844	0	0	0	0	0	0	0	0	
0.181	0.984749	0.108576	1.26833	1.01549	3.21994	1.28798	0.834253	0	0	0	0	0	0	0	0	
0.182	0.984661	0.107641	1.26583	1.01558	3.21388	1.28555	0.835622	0	0	0	0	0	0	0	0	
0.183	0.984562	0.106734	1.26339	1.01568	3.20801	1.2832	0.836948	0	0	0	0	0	0	0	0	
0.184	0.984451	0.105851	1.26101	1.01579	3.20233	1.28093	0.83823	0	0	0	0	0	0	0	0	
0.185	0.98433	0.104994	1.25869	1.01592	3.19682	1.27873	0.839473	0	0	0	0	0	0	0	0	
0.186	0.984207	0.10416	1.25642	1.01605	3.19146	1.27659	0.840684	0	0	0	0	0	0	0	0	
0.187	0.984091	0.103349	1.25421	1.01617	3.18621	1.27448	0.841873	0	0	0	0	0	0	0	0	
0.188	0.983993	0.102561	1.25204	1.01627	3.18102	1.27241	0.843051	0	0	0	0	0	0	0	0	
0.189	0.983922	0.101793	1.24992	1.01634	3.17587	1.27035	0.844227	0	0	0	0	0	0	0	0	
0.19	0.983881	0.101046	1.24785	1.01638	3.17073	1.26829	0.845406	0	0	0	0	0	0	0	0	
0.191	0.983872	0.100318	1.24582	1.01639	3.16561	1.26624	0.846588	0	0	0	0	0	0	0	0	
0.192	0.983891	0.0996078	1.24383	1.01637	3.1605	1.2642	0.847772	0	0	0	0	0	0	0	0	
0.193	0.98393	0.0989151	1.24189	1.01633	3.15543	1.26217	0.848951	0	0	0	0	0	0	0	0	
0.194	0.983983	0.0982391	1.23998	1.01628	3.15042	1.26017	0.850121	0	0	0	0	0	0	0	0	
0.195	0.984041	0.0975789	1.23811	1.01622	3.14548	1.25819	0.851273	0	0	0	0	0	0	0	0	
0.196	0.984097	0.0969342	1.23628	1.01616	3.14065	1.25626	0.852403	0	0	0	0	0	0	0	0	
0.197	0.984145	0.0963045	1.23449	1.01611	3.13593	1.25437	0.853507	0	0	0	0	0	0	0	0	
0.198	0.984183	0.0956893	1.23272	1.01607	3.13134	1.25254	0.854583	0	0	0	0	0	0	0	0	
0.199	0.984209	0.0950882	1.231	1.01604	3.12687	1.25075	0.855629	0	0	0	0	0	0	0	0	
0.2	0.984223	0.0945009	1.2293	1.01603	3.12251	1.249	0.856648	0	0	0	0	0	0	0	0	
0.201	0.984229	0.0939271	1.22763	1.01602	3.11826	1.2473	0.857642	0	0	0	0	0	0	0	0	
0.202	0.984233	0.0933662	1.226	1.01602	3.11409	1.24564	0.858618	0	0	0	0	0	0	0	0	
0.203	0.984242	0.092818	1.22439	1.01601	3.10999	1.24399	0.859582	0	0	0	0	0	0	0	0	
0.204	0.984265	0.0922817	1.22281	1.01599	3.10591	1.24236	0.860541	0	0	0	0	0	0	0	0	
0.205	0.984307	0.091757	1.22126	1.01594	3.10184	1.24074	0.861502	0	0	0	0	0	0	0	0	
0.206	0.984372	0.0912431	1.21974	1.01588	3.09776	1.23911	0.862468	0	0	0	0	0	0	0	0	
0.207	0.984459	0.0907397	1.21824	1.01579	3.09369	1.23748	0.863438	0	0	0	0	0	0	0	0	
0.208	0.984562	0.090246	1.21677	1.01568	3.08963	1.23585	0.864408	0	0	0	0	0	0	0	0	
0.209	0.984673	0.0897618	1.21532	1.01557	3.0856	1.23424	0.86537	0	0	0	0	0	0	0	0	
0.21	0.984783	0.0892867	1.2139	1.01545	3.08164	1.23266	0.866318	0	0	0	0	0	0	0	0	
0.211	0.984886	0.0888203	1.2125	1.01535	3.07776	1.23111	0.867247	0	0	0	0	0	0	0	0	
0.212	0.984977	0.0883625	1.21112	1.01525	3.07398	1.22959	0.868153	0	0	0	0	0	0	0	0	
0.213	0.985057	0.0879131	1.20977	1.01517	3.07029	1.22812	0.869037	0	0	0	0	0	0	0	0	
0.214	0.985128	0.0874719	1.20843	1.0151	3.06669	1.22667	0.869902	0	0	0	0	0	0	0	0	
0.215	0.985193	0.0870387	1.20712	1.01503	3.06315	1.22526	0.870749	0	0	0	0	0	0	0	0	
0.216	0.985257	0.0866132	1.20583	1.01496	3.05968	1.22387	0.871585	0	0	0	0	0	0	0	0	
0.217	0.985323	0.0861953	1.20456	1.0149	3.05625	1.2225	0.87241	0	0	0	0	0	0	0	0	
0.218	0.985394	0.0857846	1.2033	1.01482	3.05285	1.22114	0.873229	0	0	0	0	0	0	0	0	
0.219	0.98547	0.085381	1.20207	1.01474	3.04949	1.21979	0.874041	0	0	0	0	0	0	0	0	
0.22	0.985551	0.0849843	1.20086	1.01466	3.04616	1.21846	0.874847	0	0	0	0	0	0	0	0	
0.221	0.985636	0.0845942	1.19966	1.01457	3.04286	1.21714	0.875646	0	0	0	0	0	0	0	0	
0.222	0.98572	0.0842106	1.19848	1.01449	3.03961	1.21585	0.876434	0	0	0	0	0	0	0	0	
0.223	0.985798	0.0838333	1.19732	1.01441	3.03643	1.21457	0.877208	0	0	0	0	0	0	0	0	
0.224	0.985866	0.0834624	1.19618	1.01434	3.03332	1.21333	0.877964	0	0	0	0	0	0	0	0	
0.225	0.985918	0.0830977	1.19505	1.01428	3.0303	1.21212	0.878699	0	0	0	0	0	0	0	0	
0.226	0.985954	0.0827392	1.19394	1.01425	3.02737	1.21095	0.879411	0	0	0	0	0	0	0	0	
0.227	0.985979	0.0823871	1.19284	1.01422	3.02451	1.2098	0.880106	0	0	0	0	0	0	0	0	
0.228	0.986007	0.0820411	1.19176	1.01419	3.02168	1.20867	0.880796	0	0	0	0	0	0	0	0	
0.229	0.986055	0.0817011	1.19069	1.01414	3.01883	1.20753	0.881493	0	0	0	0	0	0	0	0	
0.23	0.986143	0.0813668	1.18964	1.01405	3.0159	1.20636	0.882213	0	0	0	0	0	0	0	0	
0.231	0.986282	0.0810379	1.1886	1.01391	3.01284	1.20513	0.882967	0	0	0	0	0	0	0	0	
0.232	0.986477	0.0807138	1.18758	1.01371	3.00964	1.20386	0.883757	0	0	0	0	0	0	0	0	
0.233	0.986716	0.0803943	1.18656	1.01346	3.00635	1.20254	0.884574	0	0	0	0	0	0	0	0	
0.234	0.98698	0.0800791	1.18556	1.01319	3.00301	1.2012	0.885404	0	0	0	0	0	0	0	0	
0.235	0.987246	0.0797679	1.18457	1.01292	2.9997	1.19988	0.886228	0	0	0	0	0	0	0	0	
0.236	0.98749	0.0794609	1.1836	1.01267	2.99648	1.19859	0.887027	0	0	0	0	0	0	0	0	
0.237	0.987696	0.0791581	1.18263	1.01246	2.99342	1.19737	0.88779	0	0	0	0	0	0	0	0	
0.238	0.98786	0.0788598	1.18168	1.01229	2.99051	1.1962	0.888512	0	0	0	0	0	0	0	0	
0.239	0.987982	0.0785661	1.18074	1.01216	2.98776	1.1951	0.889196	0	0	0	0	0	0	0	0	
0.24	0.988072	0.0782771	1.17981	1.01207	2.98513	1.19405	0.889848	0	0	0	0	0	0	0	0	
0.241	0.988142	0.0779929	1.17889	1.012	2.9826	1.19304	0.890479	0	0	0	0	0	0	0	0	
0.242	0.988206	0.0777135	1.17798	1.01193	2.98011	1.19204	0.891098	0	0	0	0	0	0	0	0	
0.243	0.988272	0.0774388	1.17709	1.01187	2.97764	1.19106	0.891713	0	0	0	0	0	0	0	0	
0.244	0.988346	0.0771686	1.1762	1.01179	2.97517	1.19007	0.892329	0	0	0	0	0	0	0	0	
0.245	0.988432	0.0769027	1.17532	1.0117	2.9727	1.18908	0.892948	0	0	0	0	0	0	0	0	
0.246	0.988529	0.0766411	1.17446	1.0116	2.97021	1.18809	0.89357	0	0	0	0	0	0	0	0	
0.247	0.988634	0.0763834	1.1736	1.0115	2.96773	1.18709	0.894192	0	0	0	0	0	0	0	0	
0.248	0.988743	0.0761296	1.17275	1.01139	2.96526	1.18611	0.894811	0	0	0	0	0	0	0	0	
0.249	0.98885	0.0758796	1.17192	1.01128	2.96283	1.18513	0.895424	0	0	0	0	0	0	0	0	
0.25	0.988951	0.0756333	1.17109	1.01117	2.96043	1.18417	0.896027	0	0	0	0	0	0	0	0	
0.251	0.989046	0.0753905	1.17027	1.01107	2.95808	1.18323	0.89662	0	0	0	0	0	0	0	0	
0.252	0.989137	0.0751513	1.16946	1.01098	2.95576	1.1823	0.897205	0	0	0	0	0	0	0	0	
0.253	0.98923	0.0749156	1.16866	1.01089	2.95346	1.18139	0.897786	0	0	0	0	0	0	0	0	
0.254	0.989334	0.0746832	1.16787	1.01078	2.95116	1.18046	0.898369	0	0	0	0	0	0	0	0	
0.255	0.989455	0.0744539	1.16709	1.01066	2.94882	1.17953	0.898961	0	0	0	0	0	0	0	0	
0.256	0.989599	0.0742277	1.16632	1.01051	2.94644	1.17858	0.899564	0	0	0	0	0	0	0	0	
0.257	0.989764	0.0740043	1.16555	1.01034	2.94401	1.17761	0.900179	0	0	0	0	0	0	0	0	
0.258	0.989946	0.0737836	1.1648	1.01016	2.94156	1.17663	0.9008	0	0	0	0	0	0	0	0	
0.259	0.990135	0.0735655	1.16405	1.00996	2.93911	1.17565	0.901422	0	0	0	0	0	0	0	0	
0.26	0.990322	0.07335	1.16331	1.00977	2.93669	1.17468	0.902038	0	0	0	0	0	0	0	0	
0.261	0.9905	0.073137	1.16257	1.00959	2.93431	1.17373	0.902642	0	0	0	0	0	0	0	0	
0.262	0.990664	0.0729267	1.16185	1.00942	2.932	1.1728	0.903232	0	0	0	0	0	0	0	0	
0.263	0.990813	0.072719	1.16113	1.00927	2.92975	1.1719	0.903807	0	0	0	0	0	0	0	0	
0.264	0.990951	0.072514	1.16042	1.00913	2.92755	1.17102	0.904369	0	0	0	0	0	0	0	0	
0.265	0.991079	0.0723119	1.15972	1.009	2.9254	1.17016	0.90492	0	0	0	0	0	0	0	0	
0.266	0.991202	0.0721125	1.15903	1.00888	2.92328	1.16931	0.905463	0	0	0	0	0	0	0	0	
0.267	0.991321	0.0719159	1.15834	1.00875	2.92119	1.16848	0.906001	0	0	0	0	0	0	0	0	
0.268	0.99144	0.0717222	1.15765	1.00863	2.91912	1.16765	0.906533	0	0	0	0	0	0	0	0	
0.269	0.991559	0.0715312	1.15698	1.00851	2.91707	1.16683	0.907062	0	0	0	0	0	0	0	0	
0.27	0.991676	0.071343	1.15631	1.00839	2.91503	1.16601	0.907586	0	0	0	0	0	0	0	0	
0.271	0.991789	0.0711576	1.15564	1.00828	2.91303	1.16521	0.908104	0	0	0	0	0	0	0	0	
0.272	0.991895	0.070975	1.15499	1.00817	2.91106	1.16442	0.908613	0	0	0	0	0	0	0	0	
0.273	0.991988	0.0707951	1.15433	1.00808	2.90914	1.16366	0.90911	0	0	0	0	0	0	0	0	
0.274	0.992066	0.070618	1.15369	1.008	2.90728	1.16291	0.909594	0	0	0	0	0	0	0	0	
0.275	0.992129	0.0704437	1.15305	1.00793	2.90548	1.16219	0.910064	0	0	0	0	0	0	0	0	
0.276	0.992185	0.0702722	1.15241	1.00788	2.90372	1.16149	0.910526	0	0	0	0	0	0	0	0	
0.277	0.992245	0.0701033	1.15178	1.00782	2.90196	1.16078	0.910987	0	0	0	0	0	0	0	0	
0.278	0.992327	0.0699371	1.15116	1.00773	2.90014	1.16006	0.911461	0	0	0	0	0	0	0	0	
0.279	0.992444	0.0697731	1.15054	1.00761	2.89824	1.1593	0.911955	0	0	0	0	0	0	0	0	
0.28	0.992606	0.0696113	1.14992	1.00745	2.89622	1.15849	0.912477	0	0	0	0	0	0	0	0	
0.281	0.992811	0.0694512	1.14931	1.00724	2.89409	1.15764	0.913026	0	0	0	0	0	0	0	0	
0.282	0.993047	0.0692926	1.14871	1.007	2.89188	1.15675	0.913592	0	0	0	0	0	0	0	0	
0.283	0.993296	0.0691353	1.14811	1.00675	2.88965	1.15586	0.914164	0	0	0	0	0	0	0	0	
0.284	0.993538	0.0689792	1.14752	1.0065	2.88745	1.15498	0.914729	0	0	0	0	0	0	0	0	
0.285	0.993758	0.0688244	1.14693	1.00628	2.88533	1.15413	0.915274	0	0	0	0	0	0	0	0	
0.286	0.993944	0.0686708	1.14634	1.00609	2.88332	1.15333	0.915794	0	0	0	0	0	0	0	0	
0.287	0.994096	0.0685185	1.14577	1.00594	2.88143	1.15257	0.916288	0	0	0	0	0	0	0	0	
0.288	0.994218	0.0683675	1.14519	1.00582	2.87964	1.15185	0.916759	0	0	0	0	0	0	0	0	
0.289	0.994318	0.0682179	1.14463	1.00571	2.87792	1.15117	0.917212	0	0	0	0	0	0	0	0	
0.29	0.994406	0.0680697	1.14407	1.00563	2.87625	1.1505	0.917654	0	0	0	0	0	0	0	0	
0.291	0.994492	0.0679228	1.14351	1.00554	2.87461	1.14984	0.91809	0	0	0	0	0	0	0	0	
0.292	0.99458	0.0677773	1.14296	1.00545	2.87297	1.14919	0.918526	0	0	0	0	0	0	0	0	
0.293	0.994674	0.0676329	1.14241	1.00535	2.87132	1.14853	0.918963	0	0	0	0	0	0	0	0	
0.294	0.994775	0.0674897	1.14187	1.00525	2.86967	1.14787	0.919402	0	0	0	0	0	0	0	0	
0.295	0.994883	0.0673477	1.14133	1.00514	2.86801	1.14721	0.919842	0	0	0	0	0	0	0	0	
0.296	0.994993	0.0672067	1.1408	1.00503	2.86636	1.14655	0.920282	0	0	0	0	0	0	0	0	
0.297	0.995102	0.0670668	1.14028	1.00492	2.86472	1.14589	0.920718	0	0	0	0	0	0	0	0	
0.298	0.99521	0.066928	1.13976	1.00481	2.86311	1.14524	0.92115	0	0	0	0	0	0	0	0	
0.299	0.995315	0.0667904	1.13924	1.00471	2.86151	1.1446	0.921579	0	0	0	0	0	0	0	0	
0.3	0.995422	0.0666538	1.13873	1.0046	2.85991	1.14396	0.922006	0	0	0	0	0	0	0	0	
0.301	0.995538	0.0665184	1.13822	1.00448	2.8583	1.14332	0.922436	0	0	0	0	0	0	0	0	
0.302	0.995668	0.0663841	1.13772	1.00435	2.85667	1.14267	0.922872	0	0	0	0	0	0	0	0	
0.303	0.995816	0.066251	1.13722	1.0042	2.85499	1.14199	0.923318	0	0	0	0	0	0	0	0	
0.304	0.995984	0.0661189	1.13672	1.00403	2.85326	1.1413	0.923774	0	0	0	0	0	0	0	0	
0.305	0.996165	0.0659879	1.13623	1.00385	2.85151	1.1406	0.924235	0	0	0	0	0	0	0	0	
0.306	0.99635	0.065858	1.13574	1.00366	2.84975	1.1399	0.924698	0	0	0	0	0	0	0	0	
0.307	0.996532	0.0657293	1.13526	1.00348	2.84802	1.13921	0.925156	0	0	0	0	0	0	0	0	
0.308	0.996701	0.0656018	1.13477	1.00331	2.84632	1.13853	0.925604	0	0	0	0	0	0	0	0	
0.309	0.996853	0.0654757	1.1343	1.00316	2.84469	1.13788	0.926039	0	0	0	0	0	0	0	0	
0.31	0.996987	0.065351	1.13382	1.00302	2.84312	1.13725	0.926461	0	0	0	0	0	0	0	0	
0.311	0.997105	0.0652279	1.13335	1.0029	2.8416	1.13664	0.926871	0	0	0	0	0	0	0	0	
0.312	0.997211	0.0651065	1.13288	1.0028	2.84012	1.13605	0.927272	0	0	0	0	0	0	0	0	
0.313	0.997312	0.0649868	1.13241	1.0027	2.83866	1.13546	0.927667	0	0	0	0	0	0	0	0	
0.314	0.997412	0.0648689	1.13195	1.00259	2.83721	1.13488	0.928061	0	0	0	0	0	0	0	0	
0.315	0.997516	0.0647527	1.13148	1.00249	2.83575	1.1343	0.928456	0	0	0	0	0	0	0	0	
0.316	0.997628	0.0646383	1.13102	1.00238	2.83428	1.13371	0.928854	0	0	0	0	0	0	0	0	
0.317	0.997749	0.0645255	1.13057	1.00226	2.8328	1.13312	0.929255	0	0	0	0	0	0	0	0	
0.318	0.997879	0.0644144	1.13011	1.00213	2.83129	1.13251	0.929661	0	0	0	0	0	0	0	0	
0.319	0.998018	0.0643049	1.12966	1.00199	2.82976	1.1319	0.93007	0	0	0	0	0	0	0	0	
0.32	0.998164	0.0641969	1.12921	1.00184	2.82822	1.13129	0.930483	0	0	0	0	0	0	0	0	
0.321	0.998317	0.0640903	1.12876	1.00169	2.82666	1.13066	0.930897	0	0	0	0	0	0	0	0	
0.322	0.998476	0.0639851	1.12832	1.00153	2.82509	1.13004	0.931314	0	0	0	0	0	0	0	0	
0.323	0.998642	0.0638811	1.12787	1.00136	2.82351	1.12941	0.931732	0	0	0	0	0	0	0	0	
0.324	0.998816	0.0637782	1.12743	1.00119	2.82192	1.12877	0.932153	0	0	0	0	0	0	0	0	
0.325	0.999	0.0636764	1.12699	1.001	2.8203	1.12812	0.932579	0	0	0	0	0	0	0	0	
0.326	0.9992	0.0635754	1.12656	1.0008	2.81865	1.12746	0.933012	0	0	0	0	0	0	0	0	
0.327	0.999417	0.0634752	1.12612	1.00058	2.81695	1.12678	0.933453	0	0	0	0	0	0	0	0	
0.328	0.999653	0.0633755	1.12569	1.00035	2.81521	1.12608	0.933903	0	0	0	0	0	0	0	0	
0.329	0.999906	0.0632763	1.12527	1.00009	2.81343	1.12537	0.93436	0	0	0	0	0	0	0	0	
0.33	1.00017	0.0631774	1.12484	0.999832	2.81163	1.12465	0.93482	0	0	0	0	0	0	0	0	
0.331	1.00043	0.0630787	1.12442	0.999573	2.80985	1.12394	0.935276	0	0	0	0	0	0	0	0	
0.332	1.00067	0.0629802	1.124	0.999331	2.80813	1.12325	0.93572	0	0	0	0	0	0	0	0	
0.333	1.00088	0.0628819	1.12359	0.999122	2.8065	1.1226	0.936144	0	0	0	0	0	0	0	0	
0.334	1.00105	0.0627839	1.12318	0.998956	2.80501	1.122	0.936541	0	0	0	0	0	0	0	0	
0.335	1.00116	0.0626862	1.12277	0.998837	2.80366	1.12146	0.936909	0	0	0	0	0	0	0	0	
0.336	1.00124	0.0625891	1.12236	0.998763	2.80244	1.12098	0.93725	0	0	0	0	0	0	0	0	
0.337	1.00128	0.0624926	1.12196	0.998725	2.80133	1.12053	0.937569	0	0	0	0	0	0	0	0	
0.338	1.00129	0.0623967	1.12157	0.998713	2.80031	1.12012	0.937872	0	0	0	0	0	0	0	0	
0.339	1.00129	0.0623015	1.12117	0.998714	2.79933	1.11973	0.938165	0	0	0	0	0	0	0	0	
0.34	1.00128	0.0622071	1.12078	0.99872	2.79837	1.11935	0.938455	0	0	0	0	0	0	0	0	
0.341	1.00128	0.0621135	1.12039	0.998721	2.7974	1.11896	0.938746	0	0	0	0	0	0	0	0	
0.342	1.00129	0.0620205	1.12001	0.998712	2.79642	1.11857	0.939041	0	0	0	0	0	0	0	0	
0.343	1.00131	0.0619283	1.11963	0.998689	2.7954	1.11816	0.939342	0	0	0	0	0	0	0	0	
0.344	1.00135	0.0618368	1.11925	0.998653	2.79436	1.11774	0.939649	0	0	0	0	0	0	0	0	
0.345	1.00139	0.0617459	1.11888	0.998608	2.7933	1.11732	0.93996	0	0	0	0	0	0	0	0	
0.346	1.00144	0.0616558	1.1185	0.998559	2.79223	1.11689	0.940272	0	0	0	0	0	0	0	0	
0.347	1.00149	0.0615663	1.11814	0.998511	2.79118	1.11647	0.940583	0	0	0	0	0	0	0	0	
0.348	1.00154	0.0614777	1.11777	0.998464	2.79013	1.11605	0.940891	0	0	0	0	0	0	0	0	
0.349	1.00159	0.0613898	1.11741	0.99841	2.78907	1.11563	0.941202	0	0	0	0	0	0	0	0	
0.35	1.00166	0.0613027	1.11704	0.998338	2.78797	1.11519	0.941521	0	0	0	0	0	0	0	0	
0.351	1.00177	0.0612163	1.11668	0.998232	2.78678	1.11471	0.941857	0	0	0	0	0	0	0	0	
0.352	1.00192	0.0611306	1.11633	0.998083	2.78547	1.11419	0.942216	0	0	0	0	0	0	0	0	
0.353	1.00211	0.0610455	1.11597	0.99789	2.78404	1.11362	0.942596	0	0	0	0	0	0	0	0	
0.354	1.00234	0.0609609	1.11562	0.997665	2.78254	1.11302	0.942991	0	0	0	0	0	0	0	0	
0.355	1.00258	0.0608769	1.11527	0.997431	2.78101	1.1124	0.943391	0	0	0	0	0	0	0	0	
0.356	1.0028	0.0607934	1.11492	0.997209	2.77952	1.11181	0.943782	0	0	0	0	0	0	0	0	
0.357	1.00299	0.0607106	1.11457	0.997016	2.77812	1.11125	0.944157	0	0	0	0	0	0	0	0	
0.358	1.00315	0.0606286	1.11423	0.996861	2.77682	1.11073	0.944512	0	0	0	0	0	0	0	0	
0.359	1.00327	0.0605476	1.11388	0.996739	2.77562	1.11025	0.944847	0	0	0	0	0	0	0	0	
0.36	1.00337	0.0604678	1.11354	0.996641	2.7745	1.1098	0.945169	0	0	0	0	0	0	0	0	
0.361	1.00345	0.0603893	1.1132	0.996561	2.77342	1.10937	0.94548	0	0	0	0	0	0	0	0	
0.362	1.00352	0.0603121	1.11286	0.996492	2.77238	1.10895	0.945785	0	0	0	0	0	0	0	0	
0.363	1.00358	0.0602363	1.11252	0.996432	2.77137	1.10855	0.946085	0	0	0	0	0	0	0	0	
0.364	1.00364	0.060162	1.11218	0.996377	2.77037	1.10815	0.946381	0	0	0	0	0	0	0	0	
0.365	1.00369	0.0600892	1.11184	0.996321	2.76937	1.10775	0.946678	0	0	0	0	0	0	0	0	
0.366	1.00375	0.0600178	1.1115	0.996259	2.76836	1.10734	0.946976	0	0	0	0	0	0	0	0	
0.367	1.00383	0.059948	1.11117	0.996189	2.76733	1.10693	0.947279	0	0	0	0	0	0	0	0	
0.368	1.0039	0.0598795	1.11083	0.996113	2.76628	1.10651	0.947583	0	0	0	0	0	0	0	0	
0.369	1.00398	0.0598125	1.1105	0.99604	2.76525	1.1061	0.947886	0	0	0	0	0	0	0	0	
0.37	1.00404	0.0597469	1.11016	0.995978	2.76424	1.1057	0.948182	0	0	0	0	0	0	0	0	
0.371	1.00409	0.0596826	1.10983	0.995929	2.76328	1.10531	0.948472	0	0	0	0	0	0	0	0	
0.372	1.00413	0.0596196	1.1095	0.995889	2.76234	1.10494	0.948756	0	0	0	0	0	0	0	0	
0.373	1.00417	0.0595578	1.10916	0.995844	2.76139	1.10456	0.949043	0	0	0	0	0	0	0	0	
0.374	1.00424	0.0594971	1.10883	0.995777	2.76038	1.10415	0.949339	0	0	0	0	0	0	0	0	
0.375	1.00435	0.0594372	1.10851	0.995671	2.75927	1.10371	0.949653	0	0	0	0	0	0	0	0	
0.376	1.0045	0.059378	1.10818	0.99552	2.75803	1.10321	0.949989	0	0	0	0	0	0	0	0	
0.377	1.0047	0.0593191	1.10785	0.995326	2.75668	1.10267	0.950344	0	0	0	0	0	0	0	0	
0.378	1.00492	0.0592604	1.10753	0.995108	2.75527	1.10211	0.950709	0	0	0	0	0	0	0	0	
0.379	1.00513	0.0592017	1.1072	0.994893	2.75388	1.10155	0.951073	0	0	0	0	0	0	0	0	
0.38	1.00532	0.059143	1.10688	0.994709	2.75257	1.10103	0.95142	0	0	0	0	0	0	0	0	
0.381	1.00546	0.0590842	1.10656	0.994574	2.7514	1.10056	0.951743	0	0	0	0	0	0	0	0	
0.382	1.00554	0.0590254	1.10625	0.994489	2.75038	1.10015	0.952041	0	0	0	0	0	0	0	0	
0.383	1.0056	0.0589666	1.10593	0.994435	2.74945	1.09978	0.952322	0	0	0	0	0	0	0	0	
0.384	1.00565	0.0589079	1.10562	0.994385	2.74854	1.09942	0.9526	0	0	0	0	0	0	0	0	
0.385	1.00572	0.0588491	1.10531	0.994315	2.74758	1.09903	0.952886	0	0	0	0	0	0	0	0	
0.386	1.00582	0.0587901	1.10501	0.994215	2.74654	1.09862	0.953185	0	0	0	0	0	0	0	0	
0.387	1.00594	0.0587308	1.1047	0.994092	2.74544	1.09818	0.953493	0	0	0	0	0	0	0	0	
0.388	1.00607	0.0586713	1.1044	0.993964	2.74434	1.09774	0.953802	0	0	0	0	0	0	0	0	
0.389	1.00619	0.0586115	1.1041	0.99385	2.74328	1.09731	0.954105	0	0	0	0	0	0	0	0	
0.39	1.00629	0.0585516	1.10381	0.993753	2.74228	1.09691	0.954398	0	0	0	0	0	0	0	0	
0.391	1.00637	0.0584915	1.10351	0.993667	2.74131	1.09652	0.954685	0	0	0	0	0	0	0	0	
0.392	1.00646	0.0584314	1.10322	0.993577	2.74033	1.09613	0.954973	0	0	0	0	0	0	0	0	
0.393	1.00657	0.0583712	1.10293	0.993473	2.73933	1.09573	0.955266	0	0	0	0	0	0	0	0	
0.394	1.00669	0.0583111	1.10264	0.993358	2.73829	1.09532	0.955563	0	0	0	0	0	0	0	0	
0.395	1.0068	0.058251	1.10236	0.993245	2.73727	1.09491	0.955858	0	0	0	0	0	0	0	0	
0.396	1.0069	0.0581911	1.10207	0.993152	2.73631	1.09452	0.956144	0	0	0	0	0	0	0	0	
0.397	1.00696	0.0581314	1.10179	0.993089	2.73544	1.09417	0.956415	0	0	0	0	0	0	0	0	
0.398	1.007	0.0580721	1.10151	0.993052	2.73464	1.09386	0.956674	0	0	0	0	0	0	0	0	
0.399	1.00702	0.0580134	1.10123	0.99303	2.73389	1.09355	0.956926	0	0	0	0	0	0	0	0	
0.4	1.00704	0.0579552	1.10095	0.993005	2.73313	1.09325	0.957178	0	0	0	0	0	0	0	0	
0.401	1.00709	0.0578976	1.10068	0.992964	2.73233	1.09293	0.957436	0	0	0	0	0	0	0	0	
0.402	1.00715	0.0578406	1.1004	0.992897	2.73146	1.09258	0.957705	0	0	0	0	0	0	0	0	
0.403	1.00725	0.0577841	1.10013	0.992801	2.73052	1.09221	0.957986	0	0	0	0	0	0	0	0	
0.404	1.00739	0.057728	1.09985	0.992669	2.72948	1.09179	0.958281	0	0	0	0	0	0	0	0	
0.405	1.00756	0.0576724	1.09958	0.992499	2.72834	1.09134	0.958592	0	0	0	0	0	0	0	0	
0.406	1.00777	0.0576171	1.09931	0.992295	2.72711	1.09084	0.958917	0	0	0	0	0	0	0	0	
0.407	1.00799	0.0575621	1.09904	0.99207	2.72582	1.09033	0.95925	0	0	0	0	0	0	0	0	
0.408	1.00822	0.0575074	1.09877	0.991851	2.72455	1.08982	0.95958	0	0	0	0	0	0	0	0	
0.409	1.0084	0.057453	1.09851	0.991672	2.7234	1.08936	0.959892	0	0	0	0	0	0	0	0	
0.41	1.00851	0.057399	1.09824	0.991559	2.72243	1.08897	0.960175	0	0	0	0	0	0	0	0	
0.411	1.00855	0.0573456	1.09798	0.991519	2.72166	1.08867	0.960428	0	0	0	0	0	0	0	0	
0.412	1.00854	0.057293	1.09771	0.991533	2.72105	1.08842	0.960657	0	0	0	0	0	0	0	0	
0.413	1.00851	0.0572412	1.09745	0.991562	2.72048	1.08819	0.960879	0	0	0	0	0	0	0	0	
0.414	1.00851	0.0571902	1.09719	0.991559	2.71982	1.08793	0.961112	0	0	0	0	0	0	0	0	
0.415	1.00858	0.0571397	1.09693	0.991491	2.71899	1.0876	0.961372	0	0	0	0	0	0	0	0	
0.416	1.00873	0.0570897	1.09667	0.991349	2.71796	1.08718	0.961662	0	0	0	0	0	0	0	0	
0.417	1.00893	0.05704	1.09641	0.991153	2.71678	1.08671	0.961973	0	0	0	0	0	0	0	0	
0.418	1.00914	0.0569905	1.09615	0.990947	2.71558	1.08623	0.962288	0	0	0	0	0	0	0	0	
0.419	1.00931	0.0569412	1.0959	0.990774	2.71447	1.08579	0.962589	0	0	0	0	0	0	0	0	
0.42	1.00943	0.0568923	1.09564	0.990658	2.71352	1.08541	0.962867	0	0	0	0	0	0	0	0	
0.421	1.00949	0.0568438	1.09539	0.990598	2.71273	1.08509	0.963122	0	0	0	0	0	0	0	0	
0.422	1.00952	0.056796	1.09514	0.990566	2.71202	1.08481	0.963364	0	0	0	0	0	0	0	0	
0.423	1.00956	0.0567487	1.09489	0.990532	2.7113	1.08452	0.963607	0	0	0	0	0	0	0	0	
0.424	1.00961	0.0567022	1.09464	0.990479	2.71053	1.08421	0.963856	0	0	0	0	0	0	0	0	
0.425	1.00968	0.0566563	1.09439	0.99041	2.70973	1.08389	0.964111	0	0	0	0	0	0	0	0	
0.426	1.00975	0.056611	1.09414	0.990345	2.70893	1.08357	0.964364	0	0	0	0	0	0	0	0	
0.427	1.00979	0.0565665	1.09389	0.990303	2.7082	1.08328	0.964609	0	0	0	0	0	0	0	0	
0.428	1.00981	0.0565227	1.09364	0.990286	2.70754	1.08302	0.964844	0	0	0	0	0	0	0	0	
0.429	1.00982	0.0564798	1.09339	0.990278	2.70691	1.08276	0.965074	0	0	0	0	0	0	0	0	
0.43	1.00985	0.0564377	1.09315	0.990247	2.70622	1.08249	0.965312	0	0	0	0	0	0	0	0	
0.431	1.00994	0.0563963	1.0929	0.990161	2.70537	1.08215	0.965571	0	0	0	0	0	0	0	0	
0.432	1.0101	0.0563554	1.09266	0.989998	2.70432	1.08173	0.965858	0	0	0	0	0	0	0	0	
0.433	1.01034	0.0563148	1.09241	0.989762	2.70307	1.08123	0.966171	0	0	0	0	0	0	0	0	
0.434	1.01063	0.0562743	1.09217	0.989483	2.7017	1.08068	0.966499	0	0	0	0	0	0	0	0	
0.435	1.01091	0.0562338	1.09192	0.989212	2.70036	1.08014	0.966825	0	0	0	0	0	0	0	0	
0.436	1.01112	0.0561934	1.09168	0.989002	2.69919	1.07968	0.967127	0	0	0	0	0	0	0	0	
0.437	1.01123	0.056153	1.09144	0.988893	2.6983	1.07932	0.967392	0	0	0	0	0	0	0	0	
0.438	1.01123	0.0561129	1.0912	0.988897	2.69772	1.07909	0.967616	0	0	0	0	0	0	0	0	
0.439	1.01113	0.0560731	1.09096	0.98899	2.69738	1.07895	0.967806	0	0	0	0	0	0	0	0	
0.44	1.011	0.0560337	1.09073	0.989124	2.69716	1.07886	0.967982	0	0	0	0	0	0	0	0	
0.441	1.01087	0.0559947	1.09049	0.989242	2.6969	1.07876	0.968162	0	0	0	0	0	0	0	0	
0.442	1.01081	0.055956	1.09026	0.989301	2.69649	1.07859	0.968362	0	0	0	0	0	0	0	0	
0.443	1.01084	0.0559173	1.09003	0.98928	2.69585	1.07834	0.96859	0	0	0	0	0	0	0	0	
0.444	1.01093	0.0558785	1.0898	0.989185	2.69503	1.07801	0.968844	0	0	0	0	0	0	0	0	
0.445	1.01108	0.0558394	1.08957	0.989041	2.69407	1.07763	0.969115	0	0	0	0	0	0	0	0	
0.446	1.01125	0.0558002	1.08934	0.988874	2.69305	1.07722	0.969393	0	0	0	0	0	0	0	0	
0.447	1.01142	0.0557608	1.08911	0.988705	2.69203	1.07681	0.969672	0	0	0	0	0	0	0	0	
0.448	1.01159	0.0557214	1.08889	0.988543	2.69104	1.07641	0.969947	0	0	0	0	0	0	0	0	
0.449	1.01175	0.055682	1.08866	0.988391	2.69007	1.07603	0.970218	0	0	0	0	0	0	0	0	
0.45	1.0119	0.0556427	1.08844	0.988241	2.68911	1.07564	0.970488	0	0	0	0	0	0	0	0	
0.451	1.01206	0.0556037	1.08822	0.988087	2.68814	1.07526	0.970758	0	0	0	0	0	0	0	0	
0.452	1.01223	0.055565	1.088	0.98792	2.68713	1.07485	0.971031	0	0	0	0	0	0	0	0	
0.453	1.01242	0.0555265	1.08778	0.987732	2.68608	1.07443	0.97131	0	0	0	0	0	0	0	0	
0.454	1.01264	0.0554883	1.08755	0.987518	2.68495	1.07398	0.971597	0	0	0	0	0	0	0	0	
0.455	1.01288	0.0554502	1.08733	0.987283	2.68377	1.07351	0.971889	0	0	0	0	0	0	0	0	
0.456	1.01313	0.0554122	1.08711	0.98704	2.68256	1.07302	0.972183	0	0	0	0	0	0	0	0	
0.457	1.01336	0.0553744	1.08689	0.986816	2.68141	1.07256	0.972471	0	0	0	0	0	0	0	0	
0.458	1.01353	0.0553367	1.08668	0.986647	2.68041	1.07216	0.97274	0	0	0	0	0	0	0	0	
0.459	1.01361	0.0552992	1.08646	0.986569	2.67966	1.07187	0.972981	0	0	0	0	0	0	0	0	
0.46	1.01358	0.0552622	1.08624	0.986603	2.67922	1.07169	0.973186	0	0	0	0	0	0	0	0	
0.461	1.01343	0.0552259	1.08602	0.986744	2.67907	1.07163	0.973358	0	0	0	0	0	0	0	0	
0.462	1.01322	0.0551905	1.08581	0.986955	2.67911	1.07165	0.973508	0	0	0	0	0	0	0	0	
0.463	1.01298	0.0551561	1.08559	0.987183	2.6792	1.07168	0.973653	0	0	0	0	0	0	0	0	
0.464	1.01279	0.0551226	1.08538	0.987369	2.67918	1.07167	0.97381	0	0	0	0	0	0	0	0	
0.465	1.01269	0.0550901	1.08517	0.98747	2.67892	1.07157	0.973994	0	0	0	0	0	0	0	0	
0.466	1.0127	0.0550584	1.08495	0.987464	2.67838	1.07135	0.97421	0	0	0	0	0	0	0	0	
0.467	1.01281	0.0550272	1.08474	0.987351	2.67755	1.07102	0.974457	0	0	0	0	0	0	0	0	
0.468	1.01302	0.0549963	1.08453	0.987144	2.67646	1.07059	0.974733	0	0	0	0	0	0	0	0	
0.469	1.01331	0.0549657	1.08432	0.986861	2.67517	1.07007	0.975031	0	0	0	0	0	0	0	0	
0.47	1.01366	0.0549351	1.0841	0.986527	2.67374	1.0695	0.975342	0	0	0	0	0	0	0	0	
0.471	1.01401	0.0549044	1.08389	0.986183	2.67229	1.06891	0.975655	0	0	0	0	0	0	0	0	
0.472	1.01432	0.0548737	1.08368	0.985886	2.67096	1.06838	0.975954	0	0	0	0	0	0	0	0	
0.473	1.01451	0.0548429	1.08347	0.985694	2.66992	1.06797	0.976223	0	0	0	0	0	0	0	0	
0.474	1.01457	0.0548123	1.08326	0.985644	2.66927	1.06771	0.976451	0	0	0	0	0	0	0	0	
0.475	1.01448	0.054782	1.08305	0.985728	2.66898	1.06759	0.976641	0	0	0	0	0	0	0	0	
0.476	1.01432	0.0547523	1.08284	0.985886	2.6689	1.06756	0.97681	0	0	0	0	0	0	0	0	
0.477	1.01417	0.0547231	1.08264	0.986031	2.66878	1.06751	0.976981	0	0	0	0	0	0	0	0	
0.478	1.01412	0.0546942	1.08243	0.986077	2.6684	1.06736	0.977178	0	0	0	0	0	0	0	0	
0.479	1.01423	0.0546656	1.08223	0.985973	2.66762	1.06705	0.977416	0	0	0	0	0	0	0	0	
0.48	1.01449	0.0546368	1.08202	0.985721	2.66643	1.06657	0.977694	0	0	0	0	0	0	0	0	
0.481	1.01484	0.0546077	1.08182	0.985377	2.665	1.066	0.977995	0	0	0	0	0	0	0	0	
0.482	1.01519	0.0545782	1.08162	0.985035	2.66358	1.06543	0.978296	0	0	0	0	0	0	0	0	
0.483	1.01544	0.0545486	1.08142	0.984793	2.66243	1.06497	0.97857	0	0	0	0	0	0	0	0	
0.484	1.01552	0.0545192	1.08121	0.984717	2.66173	1.06469	0.978801	0	0	0	0	0	0	0	0	
0.485	1.01542	0.0544902	1.08101	0.984815	2.6615	1.0646	0.978987	0	0	0	0	0	0	0	0	
0.486	1.01519	0.0544621	1.08082	0.985041	2.66162	1.06465	0.97914	0	0	0	0	0	0	0	0	
0.487	1.01491	0.054435	1.08062	0.985311	2.66186	1.06474	0.979281	0	0	0	0	0	0	0	0	
0.488	1.01467	0.0544089	1.08042	0.985538	2.66198	1.06479	0.979434	0	0	0	0	0	0	0	0	
0.489	1.01456	0.0543837	1.08022	0.985644	2.66179	1.06471	0.979616	0	0	0	0	0	0	0	0	
0.49	1.01463	0.0543592	1.08002	0.985585	2.66114	1.06446	0.979839	0	0	0	0	0	0	0	0	
0.491	1.01486	0.0543351	1.07983	0.985357	2.66004	1.06402	0.980102	0	0	0	0	0	0	0	0	
0.492	1.01522	0.0543113	1.07963	0.985005	2.6586	1.06344	0.980396	0	0	0	0	0	0	0	0	
0.493	1.01564	0.0542876	1.07943	0.984603	2.65703	1.06281	0.980701	0	0	0	0	0	0	0	0	
0.494	1.01602	0.0542642	1.07923	0.984231	2.65554	1.06222	0.980998	0	0	0	0	0	0	0	0	
0.495	1.01632	0.0542413	1.07903	0.983946	2.65428	1.06171	0.981275	0	0	0	0	0	0	0	0	
0.496	1.01649	0.054219	1.07884	0.983777	2.65333	1.06133	0.981523	0	0	0	0	0	0	0	0	
0.497	1.01653	0.0541976	1.07864	0.983735	2.65273	1.06109	0.981742	0	0	0	0	0	0	0	0	
0.498	1.01645	0.054177	1.07844	0.983819	2.65247	1.06099	0.981932	0	0	0	0	0	0	0	0	
0.499	1.01626	0.0541572	1.07824	0.984004	2.65248	1.06099	0.9821	0	0	0	0	0	0	0	0	
0.5	1.01602	0.0541379	1.07804	0.984237	2.65263	1.06105	0.982257	0	0	0	0	0	0	0	0	
0.501	1.0158	0.0541188	1.07785	0.984442	2.6527	1.06108	0.982419	0	0	0	0	0	0	0	0	
0.502	1.01569	0.0540992	1.07765	0.984553	2.65252	1.06101	0.982603	0	0	0	0	0	0	0	0	
0.503	1.01571	0.0540785	1.07746	0.984534	2.652	1.0608	0.982814	0	0	0	0	0	0	0	0	
0.504	1.01586	0.054056	1.07728	0.984387	2.65114	1.06046	0.983052	0	0	0	0	0	0	0	0	
0.505	1.01611	0.0540313	1.07709	0.984143	2.65003	1.06001	0.983309	0	0	0	0	0	0	0	0	
0.506	1.01642	0.0540043	1.07691	0.983845	2.64879	1.05952	0.983577	0	0	0	0	0	0	0	0	
0.507	1.01674	0.053975	1.07674	0.983534	2.64752	1.05901	0.983846	0	0	0	0	0	0	0	0	
0.508	1.01705	0.0539439	1.07656	0.983234	2.64628	1.05851	0.984111	0	0	0	0	0	0	0	0	
0.509	1.01734	0.0539114	1.07639	0.982959	2.64512	1.05805	0.98437	0	0	0	0	0	0	0	0	
0.51	1.01758	0.0538784	1.07622	0.98272	2.64406	1.05762	0.98462	0	0	0	0	0	0	0	0	
0.511	1.01777	0.0538456	1.07605	0.982544	2.64317	1.05727	0.984858	0	0	0	0	0	0	0	0	
0.512	1.01784	0.0538139	1.07588	0.98247	2.64255	1.05702	0.985075	0	0	0	0	0	0	0	0	
0.513	1.01777	0.0537839	1.07571	0.982538	2.64231	1.05693	0.985267	0	0	0	0	0	0	0	0	
0.514	1.01755	0.0537564	1.07554	0.982749	2.64245	1.05698	0.985432	0	0	0	0	0	0	0	0	
0.515	1.01724	0.0537316	1.07536	0.983048	2.64282	1.05713	0.985582	0	0	0	0	0	0	0	0	
0.516	1.01694	0.0537095	1.07518	0.983337	2.64317	1.05727	0.985734	0	0	0	0	0	0	0	0	
0.517	1.01674	0.0536898	1.075	0.983539	2.64326	1.05731	0.985903	0	0	0	0	0	0	0	0	
0.518	1.01666	0.0536719	1.07482	0.983617	2.64303	1.05721	0.986095	0	0	0	0	0	0	0	0	
0.519	1.01671	0.0536551	1.07464	0.983569	2.64245	1.05698	0.986309	0	0	0	0	0	0	0	0	
0.52	1.01687	0.0536388	1.07446	0.983407	2.64157	1.05663	0.986544	0	0	0	0	0	0	0	0	
0.521	1.01713	0.0536225	1.07427	0.98316	2.64045	1.05618	0.986792	0	0	0	0	0	0	0	0	
0.522	1.01742	0.053606	1.07409	0.98288	2.63925	1.0557	0.987046	0	0	0	0	0	0	0	0	
0.523	1.01769	0.0535893	1.07391	0.982618	2.63811	1.05524	0.987295	0	0	0	0	0	0	0	0	
0.524	1.01791	0.0535724	1.07373	0.982403	2.63708	1.05483	0.987536	0	0	0	0	0	0	0	0	
0.525	1.01808	0.0535556	1.07355	0.982237	2.63619	1.05448	0.987768	0	0	0	0	0	0	0	0	
0.526	1.01821	0.0535391	1.07337	0.982112	2.63542	1.05417	0.987993	0	0	0	0	0	0	0	0	
0.527	1.01831	0.0535229	1.07319	0.982022	2.63473	1.05389	0.988211	0	0	0	0	0	0	0	0	
0.528	1.01838	0.053507	1.07301	0.981952	2.6341	1.05364	0.988426	0	0	0	0	0	0	0	0	
0.529	1.01846	0.0534911	1.07283	0.981874	2.63345	1.05338	0.988642	0	0	0	0	0	0	0	0	
0.53	1.01856	0.053475	1.07265	0.981774	2.63274	1.0531	0.98886	0	0	0	0	0	0	0	0	
0.531	1.01867	0.0534581	1.07247	0.98167	2.63203	1.05281	0.989079	0	0	0	0	0	0	0	0	
0.532	1.01876	0.0534405	1.07229	0.981581	2.63136	1.05254	0.989295	0	0	0	0	0	0	0	0	
0.533	1.01886	0.053422	1.07212	0.981485	2.63068	1.05227	0.989511	0	0	0	0	0	0	0	0	
0.534	1.019	0.053403	1.07195	0.981356	2.62991	1.05196	0.989731	0	0	0	0	0	0	0	0	
0.535	1.01914	0.0533842	1.07178	0.981221	2.62912	1.05165	0.989952	0	0	0	0	0	0	0	0	
0.536	1.01921	0.0533665	1.0716	0.981151	2.62851	1.0514	0.990164	0	0	0	0	0	0	0	0	
0.537	1.0191	0.0533513	1.07143	0.98126	2.62837	1.05135	0.990354	0	0	0	0	0	0	0	0	
0.538	1.01886	0.0533397	1.07125	0.981489	2.62855	1.05142	0.990529	0	0	0	0	0	0	0	0	
0.539	1.01878	0.0533321	1.07106	0.981565	2.6283	1.05132	0.990722	0	0	0	0	0	0	0	0	
0.54	1.01901	0.0533281	1.07087	0.981344	2.62724	1.0509	0.990951	0	0	0	0	0	0	0	0	
0.541	1.01936	0.0533266	1.07068	0.98101	2.62587	1.05035	0.991195	0	0	0	0	0	0	0	0	
0.542	1.01952	0.0533265	1.07049	0.980857	2.62498	1.04999	0.991419	0	0	0	0	0	0	0	0	
0.543	1.01945	0.0533264	1.07029	0.980921	2.62468	1.04987	0.991618	0	0	0	0	0	0	0	0	
0.544	1.01938	0.0533249	1.0701	0.980988	2.62439	1.04976	0.991815	0	0	0	0	0	0	0	0	
0.545	1.01946	0.0533204	1.06992	0.980914	2.62374	1.04949	0.992025	0	0	0	0	0	0	0	0	
0.546	1.01958	0.0533122	1.06974	0.980798	2.62299	1.04919	0.992241	0	0	0	0	0	0	0	0	
0.547	1.01956	0.0532999	1.06956	0.980819	2.62262	1.04905	0.992443	0	0	0	0	0	0	0	0	
0.548	1.01942	0.0532838	1.0694	0.980953	2.62257	1.04903	0.992633	0	0	0	0	0	0	0	0	
0.549	1.01937	0.0532639	1.06924	0.980998	2.6223	1.04892	0.992831	0	0	0	0	0	0	0	0	
0.55	1.01952	0.0532395	1.06908	0.980851	2.62153	1.04861	0.993046	0	0	0	0	0	0	0	0	
0.551	1.0197	0.0532095	1.06894	0.980677	2.62071	1.04828	0.993264	0	0	0	0	0	0	0	0	
0.552	1.01971	0.0531733	1.06881	0.98067	2.62036	1.04815	0.993467	0	0	0	0	0	0	0	0	
0.553	1.01964	0.0531304	1.06868	0.980735	2.62024	1.04809	0.993662	0	0	0	0	0	0	0	0	
0.554	1.01976	0.0530816	1.06857	0.980619	2.61965	1.04786	0.993871	0	0	0	0	0	0	0	0	
0.555	1.02002	0.0530293	1.06846	0.980375	2.61873	1.04749	0.994091	0	0	0	0	0	0	0	0	
0.556	1.02011	0.0529778	1.06835	0.980288	2.61823	1.04729	0.994299	0	0	0	0	0	0	0	0	
0.557	1.01994	0.0529324	1.06824	0.980451	2.61838	1.04735	0.994489	0	0	0	0	0	0	0	0	
0.558	1.01924	0.0528979	1.06811	0.981121	2.61985	1.04794	0.994644	0	0	0	0	0	0	0	0	
0.559	1.01918	0.052877	1.06796	0.981181	2.61965	1.04786	0.99484	0	0	0	0	0	0	0	0	
0.56	1.01994	0.0528695	1.06779	0.980447	2.61728	1.04691	0.995092	0	0	0	0	0	0	0	0	
0.561	1.02054	0.0528748	1.0676	0.979869	2.61527	1.04611	0.995337	0	0	0	0	0	0	0	0	
0.562	1.02054	0.0528925	1.0674	0.979874	2.61478	1.04591	0.995545	0	0	0	0	0	0	0	0	
0.563	1.02018	0.0529211	1.06718	0.980215	2.61515	1.04606	0.995732	0	0	0	0	0	0	0	0	
0.564	1.02019	0.0529555	1.06695	0.98021	2.61459	1.04583	0.995937	0	0	0	0	0	0	0	0	
0.565	1.02039	0.0529866	1.06673	0.980022	2.61354	1.04542	0.996153	0	0	0	0	0	0	0	0	
0.566	1.02033	0.0530029	1.06653	0.980079	2.6132	1.04528	0.996356	0	0	0	0	0	0	0	0	
0.567	1.02028	0.0529935	1.06637	0.980118	2.61291	1.04516	0.996558	0	0	0	0	0	0	0	0	
0.568	1.02076	0.0529513	1.06625	0.979661	2.61141	1.04456	0.99678	0	0	0	0	0	0	0	0	
0.569	1.02038	0.0528799	1.06618	0.980031	2.61223	1.04489	0.996969	0	0	0	0	0	0	0	0	
0.57	1.02003	0.052795	1.06613	0.980361	2.61299	1.0452	0.997159	0	0	0	0	0	0	0	0	
0.571	1.01957	0.0527164	1.06608	0.980808	2.61405	1.04562	0.997346	0	0	0	0	0	0	0	0	
0.572	1.0196	0.0526507	1.06601	0.980777	2.61379	1.04552	0.997552	0	0	0	0	0	0	0	0	
0.573	1.01997	0.0525977	1.06592	0.980425	2.61263	1.04505	0.99777	0	0	0	0	0	0	0	0	
0.574	1.01907	0.0525886	1.06576	0.981291	2.61456	1.04583	0.997955	0	0	0	0	0	0	0	0	
0.575	1.02043	0.0526579	1.0655	0.979977	2.6104	1.04416	0.998198	0	0	0	0	0	0	0	0	
0.576	1.02154	0.0527091	1.06525	0.978916	2.60698	1.04279	0.998432	0	0	0	0	0	0	0	0	
0.577	1.021	0.0525761	1.06528	0.979429	2.60841	1.04336	0.998626	0	0	0	0	0	0	0	0	
0.578	1.02095	0.0525192	1.06519	0.979484	2.60834	1.04334	0.998828	0	0	0	0	0	0	0	0	
0.579	1.01969	0.0531623	1.06406	0.980688	2.60878	1.04351	0.999026	0	0	0	0	0	0	0	0	
0.58	1.02084	0.0537086	1.06289	0.979584	2.60298	1.04119	0.999251	0	0	0	0	0	0	0	0	
0.581	1.0226	0.0508324	1.06523	0.9779	2.60421	1.04169	0.999456	0	0	0	0	0	0	0	0	
0.582	1.01998	0.0434147	1.0622	0.980411	2.60348	1.04139	0.999653	0	0	0	0	0	0	0	0	
0.583	0.981349	0.0097742	1.00665	1.01901	2.56446	1.02579	0.999841	0	0	0	0	0	0	0	0	
0.584	0.866797	-0.134508	0.837773	1.15367	2.41629	0.966516	0.999965	0	0	0	0	0	0	0	0	
0.585	0.556796	-0.534638	0.472451	1.79599	2.12129	0.848517	0.999999	0	0	0	0	0	0	0	0	
0.586	0.259259	-1.35769	0.0967742	3.85715	0.933181	0.373272	1	0	0	0	0	0	0	0	0	
0.587	0.259259	-1.35769	0.0967742	3.85715	0.933181	0.373272	1	0	0	0	0	0	0	0	0	
0.588	0.259259	-1.35769	0.0967742	3.85715	0.933181	0.373272	1	0	0	0	0	0	0	0	0	
0.589	0.259259	-1.35769	0.0967742	3.85715	0.933181	0.373272	1	0	0	0	0	0	0	0	0	
0.59	0.259259	-1.35769	0.0967742	3.85715	0.933181	0.373272	1	0	0	0	0	0	0	0	0	
0.591	0.259259	-1.35769	0.0967742	3.85715	0.933181	0.373272	1	0	0	0	0	0	0	0	0	
0.592	0.259259	-1.35769	0.0967742	3.85715	0.933181	0.373272	1	0	0	0	0	0	0	0	0	
0.593	0.259259	-1.35769	0.0967742	3.85715	0.933181	0.373272	1	0	0	0	0	0	0	0	0	
0.594	0.259259	-1.35769	0.0967742	3.85715	0.933181	0.373272	1	0	0	0	0	0	0	0	0	
0.595	0.259259	-1.35769	0.0967742	3.85715	0.933181	0.373272	1	0	0	0	0	0	0	0	0	
0.596	0.259259	-1.35769	0.0967742	3.85715	0.933181	0.373272	1	0	0	0	0	0	0	0	0	
0.597	0.259259	-1.35769	0.0967742	3.85715	0.933181	0.373272	1	0	0	0	0	0	0	0	0	
0.598	0.259259	-1.35769	0.0967742	3.85715	0.933181	0.373272	1	0	0	0	0	0	0	0	0	
0.599	0.259259	-1.35769	0.0967742	3.85715	0.933181	0.373272	1	0	0	0	0	0	0	0	0	
0.6	0.259259	-1.35769	0.0967742	3.85715	0.933181	0.373272	1	0	0	0	0	0	0	0	0	
0.601	0.259259	-1.35769	0.0967742	3.85715	0.933181	0.373272	1	0	0	0	0	0	0	0	0	
0.602	0.259259	-1.35769	0.0967742	3.85715	0.933181	0.373272	1	0	0	0	0	0	0	0	0	
0.603	0.259259	-1.35769	0.0967742	3.85715	0.933181	0.373272	1	0	0	0	0	0	0	0	0	
0.604	0.259259	-1.35769	0.0967742	3.85715	0.933181	0.373272	1	0	0	0	0	0	0	0	0	
0.605	0.259259	-1.35769	0.0967742	3.85715	0.933181	0.373272	1	0	0	0	0	0	0	0	0	
0.606	0.259259	-1.35769	0.0967742	3.85715	0.933181	0.373272	1	0	0	0	0	0	0	0	0	
0.607	0.259259	-1.35769	0.0967742	3.85715	0.933181	0.373272	1	0	0	0	0	0	0	0	0	
0.608	0.259259	-1.35769	0.0967742	3.85715	0.933181	0.373272	1	0	0	0	0	0	0	0	0	
0.609	0.259259	-1.35769	0.0967742	3.85715	0.933181	0.373272	1	0	0	0	0	0	0	0	0	
0.61	0.259259	-1.35769	0.0967742	3.85715	0.933181	0.373272	1	0	0	0	0	0	0	0	0	
0.611	0.259259	-1.35769	0.0967742	3.85715	0.933181	0.373272	1	0	0	0	0	0	0	0	0	
0.612	0.259259	-1.35769	0.0967742	3.85715	0.933181	0.373272	1	0	0	0	0	0	0	0	0	
0.613	0.259259	-1.35769	0.0967742	3.85715	0.933181	0.373272	1	0	0	0	0	0	0	0	0	
0.614	0.259259	-1.35769	0.0967742	3.85715	0.933181	0.373272	1	0	0	0	0	0	0	0	0	
0.615	0.259259	-1.35769	0.0967742	3.85715	0.933181	0.373272	1	0	0	0	0	0	0	0	0	
0.616	0.259259	-1.35769	0.0967742	3.85715	0.933181	0.373272	1	0	0	0	0	0	0	0	0	
0.617	0.259259	-1.35769	0.0967742	3.85715	0.933181	0.373272	1	0	0	0	0	0	0	0	0	
0.618	0.259259	-1.35769	0.0967742	3.85715	0.933181	0.373272	1	0	0	0	0	0	0	0	0	
0.619	0.259259	-1.35769	0.0967742	3.85715	0.933181	0.373272	1	0	0	0	0	0	0	0	0	
0.62	0.259259	-1.35769	0.0967742	3.85715	0.933181	0.373272	1	0	0	0	0	0	0	0	0	
0.621	0.259259	-1.35769	0.0967742	3.85715	0.933181	0.373272	1	0	0	0	0	0	0	0	0	
0.622	0.259259	-1.35769	0.0967742	3.85715	0.933181	0.373272	1	0	0	0	0	0	0	0	0	
0.623	0.259259	-1.35769	0.0967742	3.85715	0.933181	0.373272	1	0	0	0	0	0	0	0	0	
0.624	0.259259	-1.35769	0.0967742	3.85715	0.933181	0.373272	1	0	0	0	0	0	0	0	0	
0.625	0.259259	-1.35769	0.0967742	3.85715	0.933181	0.373272	1	0	0	0	0	0	0	0	0	
0.626	0.259259	-1.35769	0.0967742	3.85715	0.933181	0.373272	1	0	0	0	0	0	0	0	0	
0.627	0.259259	-1.35769	0.0967742	3.85715	0.933181	0.373272	1	0	0	0	0	0	0	0	0	
0.628	0.259259	-1.35769	0.0967742	3.85715	0.933181	0.373272	1	0	0	0	0	0	0	0	0	
0.629	0.259259	-1.35769	0.0967742	3.85715	0.933181	0.373272	1	0	0	0	0	0	0	0	0	
0.63	0.259259	-1.35769	0.0967742	3.85715	0.933181	0.373272	1	0	0	0	0	0	0	0	0	
0.631	0.259259	-1.35769	0.0967742	3.85715	0.933181	0.373272	1	0	0	0	0	0	0	0	0	
0.632	0.259259	-1.35769	0.0967742	3.85715	0.933181	0.373272	1	0	0	0	0	0	0	0	0	
0.633	0.259259	-1.35769	0.0967742	3.85715	0.933181	0.373272	1	0	0	0	0	0	0	0	0	
0.634	0.259259	-1.35769	0.0967742	3.85715	0.933181	0.373272	1	0	0	0	0	0	0	0	0	
0.635	0.259259	-1.35769	0.0967742	3.85715	0.933181	0.373272	1	0	0	0	0	0	0	0	0	
0.636	0.259259	-1.35769	0.0967742	3.85715	0.933181	0.373272	1	0	0	0	0	0	0	0	0	
0.637	0.259259	-1.35769	0.0967742	3.85715	0.933181	0.373272	1	0	0	0	0	0	0	0	0	
0.638	0.259259	-1.35769	0.0967742	3.85715	0.933181	0.373272	1	0	0	0	0	0	0	0	0	
0.639	0.259259	-1.35769	0.0967742	3.85715	0.933181	0.373272	1	0	0	0	0	0	0	0	0	
0.64	0.259259	-1.35769	0.0967742	3.85715	0.933181	0.373272	1	0	0	0	0	0	0	0	0	
0.641	0.259259	-1.35769	0.0967742	3.85715	0.933181	0.373272	1	0	0	0	0	0	0	0	0	
0.642	0.259259	-1.35769	0.0967742	3.85715	0.933181	0.373272	1	0	0	0	0	0	0	0	0	
0.643	0.259259	-1.35769	0.0967742	3.85715	0.933181	0.373272	1	0	0	0	0	0	0	0	0	
0.644	0.259259	-1.35769	0.0967742	3.85715	0.933181	0.373272	1	0	0	0	0	0	0	0	0	
0.645	0.259259	-1.35769	0.0967742	3.85715	0.933181	0.373272	1	0	0	0	0	0	0	0	0	
0.646	0.259259	-1.35769	0.0967742	3.85715	0.933181	0.373272	1	0	0	0	0	0	0	0	0	
0.647	0.259259	-1.35769	0.0967742	3.85715	0.933181	0.373272	1	0	0	0	0	0	0	0	0	
0.648	0.259259	-1.35769	0.0967742	3.85715	0.933181	0.373272	1	0	0	0	0	0	0	0	0	
0.649	0.259259	-1.35769	0.0967742	3.85715	0.933181	0.373272	1	0	0	0	0	0	0	0	0	
0.65	0.259259	-1.35769	0.0967742	3.85715	0.933181	0.373272	1	0	0	0	0	0	0	0	0	
0.651	0.259259	-1.35769	0.0967742	3.85715	0.933181	0.373272	1	0	0	0	0	0	0	0	0	
0.652	0.259259	-1.35769	0.0967742	3.85715	0.933181	0.373272	1	0	0	0	0	0	0	0	0	
0.653	0.259259	-1.35769	0.0967742	3.85715	0.933181	0.373272	1	0	0	0	0	0	0	0	0	
0.654	0.259259	-1.35769	0.0967742	3.85715	0.933181	0.373272	1	0	0	0	0	0	0	0	0	
0.655	0.259259	-1.35769	0.0967742	3.85715	0.933181	0.373272	1	0	0	0	0	0	0	0	0	
0.656	0.259259	-1.35769	0.0967742	3.85715	0.933181	0.373272	1	0	0	0	0	0	0	0	0	
0.657	0.259259	-1.35769	0.0967742	3.85715	0.933181	0.373272	1	0	0	0	0	0	0	0	0	
0.658	0.259259	-1.35769	0.0967742	3.85715	0.933181	0.373272	1	0	0	0	0	0	0	0	0	
0.659	0.259259	-1.35769	0.0967742	3.85715	0.933181	0.373272	1	0	0	0	0	0	0	0	0	
0.66	0.259259	-1.35769	0.0967742	3.85715	0.933181	0.373272	1	0	0	0	0	0	0	0	0	
0.661	0.259259	-1.35769	0.0967742	3.85715	0.933181	0.373272	1	0	0	0	0	0	0	0	0	
0.662	0.259259	-1.35769	0.0967742	3.85715	0.933181	0.373272	1	0	0	0	0	0	0	0	0	
0.663	0.259259	-1.35769	0.0967742	3.85715	0.933181	0.373272	1	0	0	0	0	0	0	0	0	
0.664	0.259259	-1.35769	0.0967742	3.85715	0.933181	0.373272	1	0	0	0	0	0	0	0	0	
0.665	0.259259	-1.35769	0.0967742	3.85715	0.933181	0.373272	1	0	0	0	0	0	0	0	0	
0.666	0.259259	-1.35769	0.0967742	3.85715	0.933181	0.373272	1	0	0	0	0	0	0	0	0	
0.667	0.259259	-1.35769	0.0967742	3.85715	0.933181	0.373272	1	0	0	0	0	0	0	0	0	
0.668	0.259259	-1.35769	0.0967742	3.85715	0.933181	0.373272	1	0	0	0	0	0	0	0	0	
0.669	0.259259	-1.35769	0.0967742	3.85715	0.933181	0.373272	1	0	0	0	0	0	0	0	0	
0.67	0.259259	-1.35769	0.0967742	3.85715	0.933181	0.373272	1	0	0	0	0	0	0	0	0	
0.671	0.259259	-1.35769	0.0967742	3.85715	0.933181	0.373272	1	0	0	0	0	0	0	0	0	
0.672	0.259259	-1.35769	0.0967742	3.85715	0.933181	0.373272	1	0	0	0	0	0	0	0	0	
0.673	0.259259	-1.35769	0.0967742	3.85715	0.933181	0.373272	1	0	0	0	0	0	0	0	0	
0.674	0.259259	-1.35769	0.0967742	3.85715	0.933181	0.373272	1	0	0	0	0	0	0	0	0	
0.675	0.259259	-1.35769	0.0967742	3.85715	0.933181	0.373272	1	0	0	0	0	0	0	0	0	
0.676	0.259259	-1.35769	0.0967742	3.85715	0.933181	0.373272	1	0	0	0	0	0	0	0	0	
0.677	0.259259	-1.35769	0.0967742	3.85715	0.933181	0.373272	1	0	0	0	0	0	0	0	0	
0.678	0.259259	-1.35769	0.0967742	3.85715	0.933181	0.373272	1	0	0	0	0	0	0	0	0	
0.679	0.259259	-1.35769	0.0967742	3.85715	0.933181	0.373272	1	0	0	0	0	0	0	0	0	
0.68	0.259259	-1.35769	0.0967742	3.85715	0.933181	0.373272	1	0	0	0	0	0	0	0	0	
0.681	0.259259	-1.35769	0.0967742	3.85715	0.933181	0.373272	1	0	0	0	0	0	0	0	0	
0.682	0.259259	-1.35769	0.0967742	3.85715	0.933181	0.373272	1	0	0	0	0	0	0	0	0	
0.683	0.259259	-1.35769	0.0967742	3.85715	0.933181	0.373272	1	0	0	0	0	0	0	0	0	
0.684	0.259259	-1.35769	0.0967742	3.85715	0.933181	0.373272	1	0	0	0	0	0	0	0	0	
0.685	0.259259	-1.35769	0.0967742	3.85715	0.933181	0.373272	1	0	0	0	0	0	0	0	0	
0.686	0.259259	-1.35769	0.0967742	3.85715	0.933181	0.373272	1	0	0	0	0	0	0	0	0	
0.687	0.259259	-1.35769	0.0967742	3.85715	0.933181	0.373272	1	0	0	0	0	0	0	0	0	
0.688	0.259259	-1.35769	0.0967742	3.85715	0.933181	0.373272	1	0	0	0	0	0	0	0	0	
0.689	0.259259	-1.35769	0.0967742	3.85715	0.933181	0.373272	1	0	0	0	0	0	0	0	0	
0.69	0.259259	-1.35769	0.0967742	3.85715	0.933181	0.373272	1	0	0	0	0	0	0	0	0	
0.691	0.259259	-1.35769	0.0967742	3.85715	0.933181	0.373272	1	0	0	0	0	0	0	0	0	
0.692	0.259259	-1.35769	0.0967742	3.85715	0.933181	0.373272	1	0	0	0	0	0	0	0	0	
0.693	0.259259	-1.35769	0.0967742	3.85715	0.933181	0.373272	1	0	0	0	0	0	0	0	0	
0.694	0.259259	-1.35769	0.0967742	3.85715	0.933181	0.373272	1	0	0	0	0	0	0	0	0	
0.695	0.259259	-1.35769	0.0967742	3.85715	0.933181	0.373272	1	0	0	0	0	0	0	0	0	
0.696	0.259259	-1.35769	0.0967742	3.85715	0.933181	0.373272	1	0	0	0	0	0	0	0	0	
0.697	0.259259	-1.35769	0.0967742	3.85715	0.933181	0.373272	1	0	0	0	0	0	0	0	0	
0.698	0.259259	-1.35769	0.0967742	3.85715	0.933181	0.373272	1	0	0	0	0	0	0	0	0	
0.699	0.259259	-1.35769	0.0967742	3.85715	0.933181	0.373272	1	0	0	0	0	0	0	0	0	
0.7	0.259259	-1.35769	0.0967742	3.85715	0.933181	0.373272	1	0	0	0	0	0	0	0	0	
0.701	0.259259	-1.35769	0.0967742	3.85715	0.933181	0.373272	1	0	0	0	0	0	0	0	0	
0.702	0.259259	-1.35769	0.0967742	3.85715	0.933181	0.373272	1	0	0	0	0	0	0	0	0	
0.703	0.259259	-1.35769	0.0967742	3.85715	0.933181	0.373272	1	0	0	0	0	0	0	0	0	
0.704	0.259259	-1.35769	0.0967742	3.85715	0.933181	0.373272	1	0	0	0	0	0	0	0	0	
0.705	0.259259	-1.35769	0.0967742	3.85715	0.933181	0.373272	1	0	0	0	0	0	0	0	0	
0.706	0.259259	-1.35769	0.0967742	3.85715	0.933181	0.373272	1	0	0	0	0	0	0	0	0	
0.707	0.259259	-1.35769	0.0967742	3.85715	0.933181	0.373272	1	0	0	0	0	0	0	0	0	
0.708	0.259259	-1.35769	0.0967742	3.85715	0.933181	0.373272	1	0	0	0	0	0	0	0	0	
0.709	0.259259	-1.35769	0.0967742	3.85715	0.933181	0.373272	1	0	0	0	0	0	0	0	0	
0.71	0.259259	-1.35769	0.0967742	3.85715	0.933181	0.373272	1	0	0	0	0	0	0	0	0	
0.711	0.259259	-1.35769	0.0967742	3.85715	0.933181	0.373272	1	0	0	0	0	0	0	0	0	
0.712	0.259259	-1.35769	0.0967742	3.85715	0.933181	0.373272	1	0	0	0	0	0	0	0	0	
0.713	0.259259	-1.35769	0.0967742	3.85715	0.933181	0.373272	1	0	0	0	0	0	0	0	0	
0.714	0.259259	-1.35769	0.0967742	3.85715	0.933181	0.373272	1	0	0	0	0	0	0	0	0	
0.715	0.259259	-1.35769	0.0967742	3.85715	0.933181	0.373272	1	0	0	0	0	0	0	0	0	
0.716	0.259259	-1.35769	0.0967742	3.85715	0.933181	0.373272	1	0	0	0	0	0	0	0	0	
0.717	0.259259	-1.35769	0.0967742	3.85715	0.933181	0.373272	1	0	0	0	0	0	0	0	0	
0.718	0.259259	-1.35769	0.0967742	3.85715	0.933181	0.373272	1	0	0	0	0	0	0	0	0	
0.719	0.259259	-1.35769	0.0967742	3.85715	0.933181	0.373272	1	0	0	0	0	0	0	0	0	
0.72	0.259259	-1.35769	0.0967742	3.85715	0.933181	0.373272	1	0	0	0	0	0	0	0	0	
0.721	0.259259	-1.35769	0.0967742	3.85715	0.933181	0.373272	1	0	0	0	0	0	0	0	0	
0.722	0.259259	-1.35769	0.0967742	3.85715	0.933181	0.373272	1	0	0	0	0	0	0	0	0	
0.723	0.259259	-1.35769	0.0967742	3.85715	0.933181	0.373272	1	0	0	0	0	0	0	0	0	
0.724	0.259259	-1.35769	0.0967742	3.85715	0.933181	0.373272	1	0	0	0	0	0	0	0	0	
0.725	0.259259	-1.35769	0.0967742	3.85715	0.933181	0.373272	1	0	0	0	0	0	0	0	0	
0.726	0.259259	-1.35769	0.0967742	3.85715	0.933181	0.373272	1	0	0	0	0	0	0	0	0	
0.727	0.259259	-1.35769	0.0967742	3.85715	0.933181	0.373272	1	0	0	0	0	0	0	0	0	
0.728	0.259259	-1.35769	0.0967742	3.85715	0.933181	0.373272	1	0	0	0	0	0	0	0	0	
0.729	0.259259	-1.35769	0.0967742	3.85715	0.933181	0.373272	1	0	0	0	0	0	0	0	0	
0.73	0.259259	-1.35769	0.0967742	3.85715	0.933181	0.373272	1	0	0	0	0	0	0	0	0	
0.731	0.259259	-1.35769	0.0967742	3.85715	0.933181	0.373272	1	0	0	0	0	0	0	0	0	
0.732	0.259259	-1.35769	0.0967742	3.85715	0.933181	0.373272	1	0	0	0	0	0	0	0	0	
0.733	0.259259	-1.35769	0.0967742	3.85715	0.933181	0.373272	1	0	0	0	0	0	0	0	0	
0.734	0.259259	-1.35769	0.0967742	3.85715	0.933181	0.373272	1	0	0	0	0	0	0	0	0	
0.735	0.259259	-1.35769	0.0967742	3.85715	0.933181	0.373272	1	0	0	0	0	0	0	0	0	
0.736	0.259259	-1.35769	0.0967742	3.85715	0.933181	0.373272	1	0	0	0	0	0	0	0	0	
0.737	0.259259	-1.35769	0.0967742	3.85715	0.933181	0.373272	1	0	0	0	0	0	0	0	0	
0.738	0.259259	-1.35769	0.0967742	3.85715	0.933181	0.373272	1	0	0	0	0	0	0	0	0	
0.739	0.259259	-1.35769	0.0967742	3.85715	0.933181	0.373272	1	0	0	0	0	0	0	0	0	
0.74	0.259259	-1.35769	0.0967742	3.85715	0.933181	0.373272	1	0	0	0	0	0	0	0	0	
0.741	0.259259	-1.35769	0.0967742	3.85715	0.933181	0.373272	1	0	0	0	0	0	0	0	0	
0.742	0.259259	-1.35769	0.0967742	3.85715	0.933181	0.373272	1	0	0	0	0	0	0	0	0	
0.743	0.259259	-1.35769	0.0967742	3.85715	0.933181	0.373272	1	0	0	0	0	0	0	0	0	
0.744	0.259259	-1.35769	0.0967742	3.85715	0.933181	0.373272	1	0	0	0	0	0	0	0	0	
0.745	0.259259	-1.35769	0.0967742	3.85715	0.933181	0.373272	1	0	0	0	0	0	0	0	0	
0.746	0.259259	-1.35769	0.0967742	3.85715	0.933181	0.373272	1	0	0	0	0	0	0	0	0	
0.747	0.259259	-1.35769	0.0967742	3.85715	0.933181	0.373272	1	0	0	0	0	0	0	0	0	
0.748	0.259259	-1.35769	0.0967742	3.85715	0.933181	0.373272	1	0	0	0	0	0	0	0	0	
0.749	0.259259	-1.35769	0.0967742	3.85715	0.933181	0.373272	1	0	0	0	0	0	0	0	0	
0.75	0.259259	-1.35769	0.0967742	3.85715	0.933181	0.373272	1	0	0	0	0	0	0	0	0	
0.751	0.259259	-1.35769	0.0967742	3.85715	0.933181	0.373272	1	0	0	0	0	0	0	0	0	
0.752	0.259259	-1.35769	0.0967742	3.85715	0.933181	0.373272	1	0	0	0	0	0	0	0	0	
0.753	0.259259	-1.35769	0.0967742	3.85715	0.933181	0.373272	1	0	0	0	0	0	0	0	0	
0.754	0.259259	-1.35769	0.0967742	3.85715	0.933181	0.373272	1	0	0	0	0	0	0	0	0	
0.755	0.259259	-1.35769	0.0967742	3.85715	0.933181	0.373272	1	0	0	0	0	0	0	0	0	
0.756	0.259259	-1.35769	0.0967742	3.85715	0.933181	0.373272	1	0	0	0	0	0	0	0	0	
0.757	0.259259	-1.35769	0.0967742	3.85715	0.933181	0.373272	1	0	0	0	0	0	0	0	0	
0.758	0.259259	-1.35769	0.0967742	3.85715	0.933181	0.373272	1	0	0	0	0	0	0	0	0	
0.759	0.259259	-1.35769	0.0967742	3.85715	0.933181	0.373272	1	0	0	0	0	0	0	0	0	
0.76	0.259259	-1.35769	0.0967742	3.85715	0.933181	0.373272	1	0	0	0	0	0	0	0	0	
0.761	0.259259	-1.35769	0.0967742	3.85715	0.933181	0.373272	1	0	0	0	0	0	0	0	0	
0.762	0.259259	-1.35769	0.0967742	3.85715	0.933181	0.373272	1	0	0	0	0	0	0	0	0	
0.763	0.259259	-1.35769	0.0967742	3.85715	0.933181	0.373272	1	0	0	0	0	0	0	0	0	
0.764	0.259259	-1.35769	0.0967742	3.85715	0.933181	0.373272	1	0	0	0	0	0	0	0	0	
0.765	0.259259	-1.35769	0.0967742	3.85715	0.933181	0.373272	1	0	0	0	0	0	0	0	0	
0.766	0.259259	-1.35769	0.0967742	3.85715	0.933181	0.373272	1	0	0	0	0	0	0	0	0	
0.767	0.259259	-1.35769	0.0967742	3.85715	0.933181	0.373272	1	0	0	0	0	0	0	0	0	
0.768	0.259259	-1.35769	0.0967742	3.85715	0.933181	0.373272	1	0	0	0	0	0	0	0	0	
0.769	0.259259	-1.35769	0.0967742	3.85715	0.933181	0.373272	1	0	0	0	0	0	0	0	0	
0.77	0.259259	-1.35769	0.0967742	3.85715	0.933181	0.373272	1	0	0	0	0	0	0	0	0	
0.771	0.259259	-1.35769	0.0967742	3.85715	0.933181	0.373272	1	0	0	0	0	0	0	0	0	
0.772	0.259259	-1.35769	0.0967742	3.85715	0.933181	0.373272	1	0	0	0	0	0	0	0	0	
0.773	0.259259	-1.35769	0.0967742	3.85715	0.933181	0.373272	1	0	0	0	0	0	0	0	0	
0.774	0.259259	-1.35769	0.0967742	3.85715	0.933181	0.373272	1	0	0	0	0	0	0	0	0	
0.775	0.259259	-1.35769	0.0967742	3.85715	0.933181	0.373272	1	0	0	0	0	0	0	0	0	
0.776	0.259259	-1.35769	0.0967742	3.85715	0.933181	0.373272	1	0	0	0	0	0	0	0	0	
0.777	0.259259	-1.35769	0.0967742	3.85715	0.933181	0.373272	1	0	0	0	0	0	0	0	0	
0.778	0.259259	-1.35769	0.0967742	3.85715	0.933181	0.373272	1	0	0	0	0	0	0	0	0	
0.779	0.259259	-1.35769	0.0967742	3.85715	0.933181	0.373272	1	0	0	0	0	0	0	0	0	
0.78	0.259259	-1.35769	0.0967742	3.85715	0.933181	0.373272	1	0	0	0	0	0	0	0	0	
0.781	0.259259	-1.35769	0.0967742	3.85715	0.933181	0.373272	1	0	0	0	0	0	0	0	0	
0.782	0.259259	-1.35769	0.0967742	3.85715	0.933181	0.373272	1	0	0	0	0	0	0	0	0	
0.783	0.259259	-1.35769	0.0967742	3.85715	0.933181	0.373272	1	0	0	0	0	0	0	0	0	
0.784	0.259259	-1.35769	0.0967742	3.85715	0.933181	0.373272	1	0	0	0	0	0	0	0	0	
0.785	0.259259	-1.35769	0.0967742	3.85715	0.933181	0.373272	1	0	0	0	0	0	0	0	0	
0.786	0.259259	-1.35769	0.0967742	3.85715	0.933181	0.373272	1	0	0	0	0	0	0	0	0	
0.787	0.259259	-1.35769	0.0967742	3.85715	0.933181	0.373272	1	0	0	0	0	0	0	0	0	
0.788	0.259259	-1.35769	0.0967742	3.85715	0.933181	0.373272	1	0	0	0	0	0	0	0	0	
0.789	0.259259	-1.35769	0.0967742	3.85715	0.933181	0.373272	1	0	0	0	0	0	0	0	0	
0.79	0.259259	-1.35769	0.0967742	3.85715	0.933181	0.373272	1	0	0	0	0	0	0	0	0	
0.791	0.259259	-1.35769	0.0967742	3.85715	0.933181	0.373272	1	0	0	0	0	0	0	0	0	
0.792	0.259259	-1.35769	0.0967742	3.85715	0.933181	0.373272	1	0	0	0	0	0	0	0	0	
0.793	0.259259	-1.35769	0.0967742	3.85715	0.933181	0.373272	1	0	0	0	0	0	0	0	0	
0.794	0.259259	-1.35769	0.0967742	3.85715	0.933181	0.373272	1	0	0	0	0	0	0	0	0	
0.795	0.259259	-1.35769	0.0967742	3.85715	0.933181	0.373272	1	0	0	0	0	0	0	0	0	
0.796	0.259259	-1.35769	0.0967742	3.85715	0.933181	0.373272	1	0	0	0	0	0	0	0	0	
0.797	0.259259	-1.35769	0.0967742	3.85715	0.933181	0.373272	1	0	0	0	0	0	0	0	0	
0.798	0.259259	-1.35769	0.0967742	3.85715	0.933181	0.373272	1	0	0	0	0	0	0	0	0	
0.799	0.259259	-1.35769	0.0967742	3.85715	0.933181	0.373272	1	0	0	0	0	0	0	0	0	
0.8	0.259259	-1.35769	0.0967742	3.85715	0.933181	0.373272	1	0	0	0	0	0	0	0	0	
0.801	0.259259	-1.35769	0.0967742	3.85715	0.933181	0.373272	1	0	0	0	0	0	0	0	0	
0.802	0.259259	-1.35769	0.0967742	3.85715	0.933181	0.373272	1	0	0	0	0	0	0	0	0	
0.803	0.259259	-1.35769	0.0967742	3.85715	0.933181	0.373272	1	0	0	0	0	0	0	0	0	
0.804	0.259259	-1.35769	0.0967742	3.85715	0.933181	0.373272	1	0	0	0	0	0	0	0	0	
0.805	0.259259	-1.35769	0.0967742	3.85715	0.933181	0.373272	1	0	0	0	0	0	0	0	0	
0.806	0.259259	-1.35769	0.0967742	3.85715	0.933181	0.373272	1	0	0	0	0	0	0	0	0	
0.807	0.259259	-1.35769	0.0967742	3.85715	0.933181	0.373272	1	0	0	0	0	0	0	0	0	
0.808	0.259259	-1.35769	0.0967742	3.85715	0.933181	0.373272	1	0	0	0	0	0	0	0	0	
0.809	0.259259	-1.35769	0.0967742	3.85715	0.933181	0.373272	1	0	0	0	0	0	0	0	0	
0.81	0.259259	-1.35769	0.0967742	3.85715	0.933181	0.373272	1	0	0	0	0	0	0	0	0	
0.811	0.259259	-1.35769	0.0967742	3.85715	0.933181	0.373272	1	0	0	0	0	0	0	0	0	
0.812	0.259259	-1.35769	0.0967742	3.85715	0.933181	0.373272	1	0	0	0	0	0	0	0	0	
0.813	0.259259	-1.35769	0.0967742	3.85715	0.933181	0.373272	1	0	0	0	0	0	0	0	0	
0.814	0.259259	-1.35769	0.0967742	3.85715	0.933181	0.373272	1	0	0	0	0	0	0	0	0	
0.815	0.259259	-1.35769	0.0967742	3.85715	0.933181	0.373272	1	0	0	0	0	0	0	0	0	
0.816	0.259259	-1.35769	0.0967742	3.85715	0.933181	0.373272	1	0	0	0	0	0	0	0	0	
0.817	0.259259	-1.35769	0.0967742	3.85715	0.933181	0.373272	1	0	0	0	0	0	0	0	0	
0.818	0.259259	-1.35769	0.0967742	3.85715	0.933181	0.373272	1	0	0	0	0	0	0	0	0	
0.819	0.259259	-1.35769	0.0967742	3.85715	0.933181	0.373272	1	0	0	0	0	0	0	0	0	
0.82	0.259259	-1.35769	0.0967742	3.85715	0.933181	0.373272	1	0	0	0	0	0	0	0	0	
0.821	0.259259	-1.35769	0.0967742	3.85715	0.933181	0.373272	1	0	0	0	0	0	0	0	0	
0.822	0.259259	-1.35769	0.0967742	3.85715	0.933181	0.373272	1	0	0	0	0	0	0	0	0	
0.823	0.259259	-1.35769	0.0967742	3.85715	0.933181	0.373272	1	0	0	0	0	0	0	0	0	
0.824	0.259259	-1.35769	0.0967742	3.85715	0.933181	0.373272	1	0	0	0	0	0	0	0	0	
0.825	0.259259	-1.35769	0.0967742	3.85715	0.933181	0.373272	1	0	0	0	0	0	0	0	0	
0.826	0.259259	-1.35769	0.0967742	3.85715	0.933181	0.373272	1	0	0	0	0	0	0	0	0	
0.827	0.259259	-1.35769	0.0967742	3.85715	0.933181	0.373272	1	0	0	0	0	0	0	0	0	
0.828	0.259259	-1.35769	0.0967742	3.85715	0.933181	0.373272	1	0	0	0	0	0	0	0	0	
0.829	0.259259	-1.35769	0.0967742	3.85715	0.933181	0.373272	1	0	0	0	0	0	0	0	0	
0.83	0.259259	-1.35769	0.0967742	3.85715	0.933181	0.373272	1	0	0	0	0	0	0	0	0	
0.831	0.259259	-1.35769	0.0967742	3.85715	0.933181	0.373272	1	0	0	0	0	0	0	0	0	
0.832	0.259259	-1.35769	0.0967742	3.85715	0.933181	0.373272	1	0	0	0	0	0	0	0	0	
0.833	0.259259	-1.35769	0.0967742	3.85715	0.933181	0.373272	1	0	0	0	0	0	0	0	0	
0.834	0.259259	-1.35769	0.0967742	3.85715	0.933181	0.373272	1	0	0	0	0	0	0	0	0	
0.835	0.259259	-1.35769	0.0967742	3.85715	0.933181	0.373272	1	0	0	0	0	0	0	0	0	
0.836	0.259259	-1.35769	0.0967742	3.85715	0.933181	0.373272	1	0	0	0	0	0	0	0	0	
0.837	0.259259	-1.35769	0.0967742	3.85715	0.933181	0.373272	1	0	0	0	0	0	0	0	0	
0.838	0.259259	-1.35769	0.0967742	3.85715	0.933181	0.373272	1	0	0	0	0	0	0	0	0	
0.839	0.259259	-1.35769	0.0967742	3.85715	0.933181	0.373272	1	0	0	0	0	0	0	0	0	
0.84	0.259259	-1.35769	0.0967742	3.85715	0.933181	0.373272	1	0	0	0	0	0	0	0	0	
0.841	0.259259	-1.35769	0.0967742	3.85715	0.933181	0.373272	1	0	0	0	0	0	0	0	0	
0.842	0.259259	-1.35769	0.0967742	3.85715	0.933181	0.373272	1	0	0	0	0	0	0	0	0	
0.843	0.259259	-1.35769	0.0967742	3.85715	0.933181	0.373272	1	0	0	0	0	0	0	0	0	
0.844	0.259259	-1.35769	0.0967742	3.85715	0.933181	0.373272	1	0	0	0	0	0	0	0	0	
0.845	0.259259	-1.35769	0.0967742	3.85715	0.933181	0.373272	1	0	0	0	0	0	0	0	0	
0.846	0.259259	-1.35769	0.0967742	3.85715	0.933181	0.373272	1	0	0	0	0	0	0	0	0	
0.847	0.259259	-1.35769	0.0967742	3.85715	0.933181	0.373272	1	0	0	0	0	0	0	0	0	
0.848	0.259259	-1.35769	0.0967742	3.85715	0.933181	0.373272	1	0	0	0	0	0	0	0	0	
0.849	0.259259	-1.35769	0.0967742	3.85715	0.933181	0.373272	1	0	0	0	0	0	0	0	0	
0.85	0.259259	-1.35769	0.0967742	3.85715	0.933181	0.373272	1	0	0	0	0	0	0	0	0	
0.851	0.259259	-1.35769	0.0967742	3.85715	0.933181	0.373272	1	0	0	0	0	0	0	0	0	
0.852	0.259259	-1.35769	0.0967742	3.85715	0.933181	0.373272	1	0	0	0	0	0	0	0	0	
0.853	0.259259	-1.35769	0.0967742	3.85715	0.933181	0.373272	1	0	0	0	0	0	0	0	0	
0.854	0.259259	-1.35769	0.0967742	3.85715	0.933181	0.373272	1	0	0	0	0	0	0	0	0	
0.855	0.259259	-1.35769	0.0967742	3.85715	0.933181	0.373272	1	0	0	0	0	0	0	0	0	
0.856	0.259259	-1.35769	0.0967742	3.85715	0.933181	0.373272	1	0	0	0	0	0	0	0	0	
0.857	0.259259	-1.35769	0.0967742	3.85715	0.933181	0.373272	1	0	0	0	0	0	0	0	0	
0.858	0.259259	-1.35769	0.0967742	3.85715	0.933181	0.373272	1	0	0	0	0	0	0	0	0	
0.859	0.259259	-1.35769	0.0967742	3.85715	0.933181	0.373272	1	0	0	0	0	0	0	0	0	
0.86	0.259259	-1.35769	0.0967742	3.85715	0.933181	0.373272	1	0	0	0	0	0	0	0	0	
0.861	0.259259	-1.35769	0.0967742	3.85715	0.933181	0.373272	1	0	0	0	0	0	0	0	0	
0.862	0.259259	-1.35769	0.0967742	3.85715	0.933181	0.373272	1	0	0	0	0	0	0	0	0	
0.863	0.259259	-1.35769	0.0967742	3.85715	0.933181	0.373272	1	0	0	0	0	0	0	0	0	
0.864	0.259259	-1.35769	0.0967742	3.85715	0.933181	0.373272	1	0	0	0	0	0	0	0	0	
0.865	0.259259	-1.35769	0.0967742	3.85715	0.933181	0.373272	1	0	0	0	0	0	0	0	0	
0.866	0.259259	-1.35769	0.0967742	3.85715	0.933181	0.373272	1	0	0	0	0	0	0	0	0	
0.867	0.259259	-1.35769	0.0967742	3.85715	0.933181	0.373272	1	0	0	0	0	0	0	0	0	
0.868	0.259259	-1.35769	0.0967742	3.85715	0.933181	0.373272	1	0	0	0	0	0	0	0	0	
0.869	0.259259	-1.35769	0.0967742	3.85715	0.933181	0.373272	1	0	0	0	0	0	0	0	0	
0.87	0.259259	-1.35769	0.0967742	3.85715	0.933181	0.373272	1	0	0	0	0	0	0	0	0	
0.871	0.259259	-1.35769	0.0967742	3.85715	0.933181	0.373272	1	0	0	0	0	0	0	0	0	
0.872	0.259259	-1.35769	0.0967742	3.85715	0.933181	0.373272	1	0	0	0	0	0	0	0	0	
0.873	0.259259	-1.35769	0.0967742	3.85715	0.933181	0.373272	1	0	0	0	0	0	0	0	0	
0.874	0.259259	-1.35769	0.0967742	3.85715	0.933181	0.373272	1	0	0	0	0	0	0	0	0	
0.875	0.259259	-1.35769	0.0967742	3.85715	0.933181	0.373272	1	0	0	0	0	0	0	0	0	
0.876	0.259259	-1.35769	0.0967742	3.85715	0.933181	0.373272	1	0	0	0	0	0	0	0	0	
0.877	0.259259	-1.35769	0.0967742	3.85715	0.933181	0.373272	1	0	0	0	0	0	0	0	0	
0.878	0.259259	-1.35769	0.0967742	3.85715	0.933181	0.373272	1	0	0	0	0	0	0	0	0	
0.879	0.259259	-1.35769	0.0967742	3.85715	0.933181	0.373272	1	0	0	0	0	0	0	0	0	
0.88	0.259259	-1.35769	0.0967742	3.85715	0.933181	0.373272	1	0	0	0	0	0	0	0	0	
0.881	0.259259	-1.35769	0.0967742	3.85715	0.933181	0.373272	1	0	0	0	0	0	0	0	0	
0.882	0.259259	-1.35769	0.0967742	3.85715	0.933181	0.373272	1	0	0	0	0	0	0	0	0	
0.883	0.259259	-1.35769	0.0967742	3.85715	0.933181	0.373272	1	0	0	0	0	0	0	0	0	
0.884	0.259259	-1.35769	0.0967742	3.85715	0.933181	0.373272	1	0	0	0	0	0	0	0	0	
0.885	0.259259	-1.35769	0.0967742	3.85715	0.933181	0.373272	1	0	0	0	0	0	0	0	0	
0.886	0.259259	-1.35769	0.0967742	3.85715	0.933181	0.373272	1	0	0	0	0	0	0	0	0	
0.887	0.259259	-1.35769	0.0967742	3.85715	0.933181	0.373272	1	0	0	0	0	0	0	0	0	
0.888	0.259259	-1.35769	0.0967742	3.85715	0.933181	0.373272	1	0	0	0	0	0	0	0	0	
0.889	0.259259	-1.35769	0.0967742	3.85715	0.933181	0.373272	1	0	0	0	0	0	0	0	0	
0.89	0.259259	-1.35769	0.0967742	3.85715	0.933181	0.373272	1	0	0	0	0	0	0	0	0	
0.891	0.259259	-1.35769	0.0967742	3.85715	0.933181	0.373272	1	0	0	0	0	0	0	0	0	
0.892	0.259259	-1.35769	0.0967742	3.85715	0.933181	0.373272	1	0	0	0	0	0	0	0	0	
0.893	0.259259	-1.35769	0.0967742	3.85715	0.933181	0.373272	1	0	0	0	0	0	0	0	0	
0.894	0.259259	-1.35769	0.0967742	3.85715	0.933181	0.373272	1	0	0	0	0	0	0	0	0	
0.895	0.259259	-1.35769	0.0967742	3.85715	0.933181	0.373272	1	0	0	0	0	0	0	0	0	
0.896	0.259259	-1.35769	0.0967742	3.85715	0.933181	0.373272	1	0	0	0	0	0	0	0	0	
0.897	0.259259	-1.35769	0.0967742	3.85715	0.933181	0.373272	1	0	0	0	0	0	0	0	0	
0.898	0.259259	-1.35769	0.0967742	3.85715	0.933181	0.373272	1	0	0	0	0	0	0	0	0	
0.899	0.259259	-1.35769	0.0967742	3.85715	0.933181	0.373272	1	0	0	0	0	0	0	0	0	
0.9	0.259259	-1.35769	0.0967742	3.85715	0.933181	0.373272	1	0	0	0	0	0	0	0	0	
0.901	0.259259	-1.35769	0.0967742	3.85715	0.933181	0.373272	1	0	0	0	0	0	0	0	0	
0.902	0.259259	-1.35769	0.0967742	3.85715	0.933181	0.373272	1	0	0	0	0	0	0	0	0	
0.903	0.259259	-1.35769	0.0967742	3.85715	0.933181	0.373272	1	0	0	0	0	0	0	0	0	
0.904	0.259259	-1.35769	0.0967742	3.85715	0.933181	0.373272	1	0	0	0	0	0	0	0	0	
0.905	0.259259	-1.35769	0.0967742	3.85715	0.933181	0.373272	1	0	0	0	0	0	0	0	0	
0.906	0.259259	-1.35769	0.0967742	3.85715	0.933181	0.373272	1	0	0	0	0	0	0	0	0	
0.907	0.259259	-1.35769	0.0967742	3.85715	0.933181	0.373272	1	0	0	0	0	0	0	0	0	
0.908	0.259259	-1.35769	0.0967742	3.85715	0.933181	0.373272	1	0	0	0	0	0	0	0	0	
0.909	0.259259	-1.35769	0.0967742	3.85715	0.933181	0.373272	1	0	0	0	0	0	0	0	0	
0.91	0.259259	-1.35769	0.0967742	3.85715	0.933181	0.373272	1	0	0	0	0	0	0	0	0	
0.911	0.259259	-1.35769	0.0967742	3.85715	0.933181	0.373272	1	0	0	0	0	0	0	0	0	
0.912	0.259259	-1.35769	0.0967742	3.85715	0.933181	0.373272	1	0	0	0	0	0	0	0	0	
0.913	0.259259	-1.35769	0.0967742	3.85715	0.933181	0.373272	1	0	0	0	0	0	0	0	0	
0.914	0.259259	-1.35769	0.0967742	3.85715	0.933181	0.373272	1	0	0	0	0	0	0	0	0	
0.915	0.259259	-1.35769	0.0967742	3.85715	0.933181	0.373272	1	0	0	0	0	0	0	0	0	
0.916	0.259259	-1.35769	0.0967742	3.85715	0.933181	0.373272	1	0	0	0	0	0	0	0	0	
0.917	0.259259	-1.35769	0.0967742	3.85715	0.933181	0.373272	1	0	0	0	0	0	0	0	0	
0.918	0.259259	-1.35769	0.0967742	3.85715	0.933181	0.373272	1	0	0	0	0	0	0	0	0	
0.919	0.259259	-1.35769	0.0967742	3.85715	0.933181	0.373272	1	0	0	0	0	0	0	0	0	
0.92	0.259259	-1.35769	0.0967742	3.85715	0.933181	0.373272	1	0	0	0	0	0	0	0	0	
0.921	0.259259	-1.35769	0.0967742	3.85715	0.933181	0.373272	1	0	0	0	0	0	0	0	0	
0.922	0.259259	-1.35769	0.0967742	3.85715	0.933181	0.373272	1	0	0	0	0	0	0	0	0	
0.923	0.259259	-1.35769	0.0967742	3.85715	0.933181	0.373272	1	0	0	0	0	0	0	0	0	
0.924	0.259259	-1.35769	0.0967742	3.85715	0.933181	0.373272	1	0	0	0	0	0	0	0	0	
0.925	0.259259	-1.35769	0.0967742	3.85715	0.933181	0.373272	1	0	0	0	0	0	0	0	0	
0.926	0.259259	-1.35769	0.0967742	3.85715	0.933181	0.373272	1	0	0	0	0	0	0	0	0	
0.927	0.259259	-1.35769	0.0967742	3.85715	0.933181	0.373272	1	0	0	0	0	0	0	0	0	
0.928	0.259259	-1.35769	0.0967742	3.85715	0.933181	0.373272	1	0	0	0	0	0	0	0	0	
0.929	0.259259	-1.35769	0.0967742	3.85715	0.933181	0.373272	1	0	0	0	0	0	0	0	0	
0.93	0.259259	-1.35769	0.0967742	3.85715	0.933181	0.373272	1	0	0	0	0	0	0	0	0	
0.931	0.259259	-1.35769	0.0967742	3.85715	0.933181	0.373272	1	0	0	0	0	0	0	0	0	
0.932	0.259259	-1.35769	0.0967742	3.85715	0.933181	0.373272	1	0	0	0	0	0	0	0	0	
0.933	0.259259	-1.35769	0.0967742	3.85715	0.933181	0.373272	1	0	0	0	0	0	0	0	0	
0.934	0.259259	-1.35769	0.0967742	3.85715	0.933181	0.373272	1	0	0	0	0	0	0	0	0	
0.935	0.259259	-1.35769	0.0967742	3.85715	0.933181	0.373272	1	0	0	0	0	0	0	0	0	
0.936	0.259259	-1.35769	0.0967742	3.85715	0.933181	0.373272	1	0	0	0	0	0	0	0	0	
0.937	0.259259	-1.35769	0.0967742	3.85715	0.933181	0.373272	1	0	0	0	0	0	0	0	0	
0.938	0.259259	-1.35769	0.0967742	3.85715	0.933181	0.373272	1	0	0	0	0	0	0	0	0	
0.939	0.259259	-1.35769	0.0967742	3.85715	0.933181	0.373272	1	0	0	0	0	0	0	0	0	
0.94	0.259259	-1.35769	0.0967742	3.85715	0.933181	0.373272	1	0	0	0	0	0	0	0	0	
0.941	0.259259	-1.35769	0.0967742	3.85715	0.933181	0.373272	1	0	0	0	0	0	0	0	0	
0.942	0.259259	-1.35769	0.0967742	3.85715	0.933181	0.373272	1	0	0	0	0	0	0	0	0	
0.943	0.259259	-1.35769	0.0967742	3.85715	0.933181	0.373272	1	0	0	0	0	0	0	0	0	
0.944	0.259259	-1.35769	0.0967742	3.85715	0.933181	0.373272	1	0	0	0	0	0	0	0	0	
0.945	0.259259	-1.35769	0.0967742	3.85715	0.933181	0.373272	1	0	0	0	0	0	0	0	0	
0.946	0.259259	-1.35769	0.0967742	3.85715	0.933181	0.373272	1	0	0	0	0	0	0	0	0	
0.947	0.259259	-1.35769	0.0967742	3.85715	0.933181	0.373272	1	0	0	0	0	0	0	0	0	
0.948	0.259259	-1.35769	0.0967742	3.85715	0.933181	0.373272	1	0	0	0	0	0	0	0	0	
0.949	0.259259	-1.35769	0.0967742	3.85715	0.933181	0.373272	1	0	0	0	0	0	0	0	0	
0.95	0.259259	-1.35769	0.0967742	3.85715	0.933181	0.373272	1	0	0	0	0	0	0	0	0	
0.951	0.259259	-1.35769	0.0967742	3.85715	0.933181	0.373272	1	0	0	0	0	0	0	0	0	
0.952	0.259259	-1.35769	0.0967742	3.85715	0.933181	0.373272	1	0	0	0	0	0	0	0	0	
0.953	0.259259	-1.35769	0.0967742	3.85715	0.933181	0.373272	1	0	0	0	0	0	0	0	0	
0.954	0.259259	-1.35769	0.0967742	3.85715	0.933181	0.373272	1	0	0	0	0	0	0	0	0	
0.955	0.259259	-1.35769	0.0967742	3.85715	0.933181	0.373272	1	0	0	0	0	0	0	0	0	
0.956	0.259259	-1.35769	0.0967742	3.85715	0.933181	0.373272	1	0	0	0	0	0	0	0	0	
0.957	0.259259	-1.35769	0.0967742	3.85715	0.933181	0.373272	1	0	0	0	0	0	0	0	0	
0.958	0.259259	-1.35769	0.0967742	3.85715	0.933181	0.373272	1	0	0	0	0	0	0	0	0	
0.959	0.259259	-1.35769	0.0967742	3.85715	0.933181	0.373272	1	0	0	0	0	0	0	0	0	
0.96	0.259259	-1.35769	0.0967742	3.85715	0.933181	0.373272	1	0	0	0	0	0	0	0	0	
0.961	0.259259	-1.35769	0.0967742	3.85715	0.933181	0.373272	1	0	0	0	0	0	0	0	0	
0.962	0.259259	-1.35769	0.0967742	3.85715	0.933181	0.373272	1	0	0	0	0	0	0	0	0	
0.963	0.259259	-1.35769	0.0967742	3.85715	0.933181	0.373272	1	0	0	0	0	0	0	0	0	
0.964	0.259259	-1.35769	0.0967742	3.85715	0.933181	0.373272	1	0	0	0	0	0	0	0	0	
0.965	0.259259	-1.35769	0.0967742	3.85715	0.933181	0.373272	1	0	0	0	0	0	0	0	0	
0.966	0.259259	-1.35769	0.0967742	3.85715	0.933181	0.373272	1	0	0	0	0	0	0	0	0	
0.967	0.259259	-1.35769	0.0967742	3.85715	0.933181	0.373272	1	0	0	0	0	0	0	0	0	
0.968	0.259259	-1.35769	0.0967742	3.85715	0.933181	0.373272	1	0	0	0	0	0	0	0	0	
0.969	0.259259	-1.35769	0.0967742	3.85715	0.933181	0.373272	1	0	0	0	0	0	0	0	0	
0.97	0.259259	-1.35769	0.0967742	3.85715	0.933181	0.373272	1	0	0	0	0	0	0	0	0	
0.971	0.259259	-1.35769	0.0967742	3.85715	0.933181	0.373272	1	0	0	0	0	0	0	0	0	
0.972	0.259259	-1.35769	0.0967742	3.85715	0.933181	0.373272	1	0	0	0	0	0	0	0	0	
0.973	0.259259	-1.35769	0.0967742	3.85715	0.933181	0.373272	1	0	0	0	0	0	0	0	0	
0.974	0.259259	-1.35769	0.0967742	3.85715	0.933181	0.373272	1	0	0	0	0	0	0	0	0	
0.975	0.259259	-1.35769	0.0967742	3.85715	0.933181	0.373272	1	0	0	0	0	0	0	0	0	
0.976	0.259259	-1.35769	0.0967742	3.85715	0.933181	0.373272	1	0	0	0	0	0	0	0	0	
0.977	0.259259	-1.35769	0.0967742	3.85715	0.933181	0.373272	1	0	0	0	0	0	0	0	0	
0.978	0.259259	-1.35769	0.0967742	3.85715	0.933181	0.373272	1	0	0	0	0	0	0	0	0	
0.979	0.259259	-1.35769	0.0967742	3.85715	0.933181	0.373272	1	0	0	0	0	0	0	0	0	
0.98	0.259259	-1.35769	0.0967742	3.85715	0.933181	0.373272	1	0	0	0	0	0	0	0	0	
0.981	0.259259	-1.35769	0.0967742	3.85715	0.933181	0.373272	1	0	0	0	0	0	0	0	0	
0.982	0.259259	-1.35769	0.0967742	3.85715	0.933181	0.373272	1	0	0	0	0	0	0	0	0	
0.983	0.259259	-1.35769	0.0967742	3.85715	0.933181	0.373272	1	0	0	0	0	0	0	0	0	
0.984	0.259259	-1.35769	0.0967742	3.85715	0.933181	0.373272	1	0	0	0	0	0	0	0	0	
0.985	0.259259	-1.35769	0.0967742	3.85715	0.933181	0.373272	1	0	0	0	0	0	0	0	0	
0.986	0.259259	-1.35769	0.0967742	3.85715	0.933181	0.373272	1	0	0	0	0	0	0	0	0	
0.987	0.259259	-1.35769	0.0967742	3.85715	0.933181	0.373272	1	0	0	0	0	0	0	0	0	
0.988	0.259259	-1.35769	0.0967742	3.85715	0.933181	0.373272	1	0	0	0	0	0	0	0	0	
0.989	0.259259	-1.35769	0.0967742	3.85715	0.933181	0.373272	1	0	0	0	0	0	0	0	0	
0.99	0.259259	-1.35769	0.0967742	3.85715	0.933181	0.373272	1	0	0	0	0	0	0	0	0	
0.991	0.259259	-1.35769	0.0967742	3.85715	0.933181	0.373272	1	0	0	0	0	0	0	0	0	
0.992	0.259259	-1.35769	0.0967742	3.85715	0.933181	0.373272	1	0	0	0	0	0	0	0	0	
0.993	0.259259	-1.35769	0.0967742	3.85715	0.933181	0.373272	1	0	0	0	0	0	0	0	0	
0.994	0.259259	-1.35769	0.0967742	3.85715	0.933181	0.373272	1	0	0	0	0	0	0	0	0	
0.995	0.259259	-1.35769	0.0967742	3.85715	0.933181	0.373272	1	0	0	0	0	0	0	0	0	
0.996	0.259259	-1.35769	0.0967742	3.85715	0.933181	0.373272	1	0	0	0	0	0	0	0	0	
0.997	0.259259	-1.35769	0.0967742	3.85715	0.933181	0.373272	1	0	0	0	0	0	0	0	0	
0.998	0.259259	-1.35769	0.0967742	3.85715	0.933181	0.373272	1	0	0	0	0	0	0	0	0	
0.999	0.259259	-1.35769	0.0967742	3.85715	0.933181	0.373272	1	0	0	0	0	0	0	0	0	
1	0.259259	-1.35769	0.0967742	3.85715	0.933181	0.373272	1	0	0	0	0	0	0	0	0	
