|||||||||||||||||||||||||||||||||***SIMULATION: detonation***||||||||||||||||||||||||||||||||||
Sanpshot time = 1.18. Timestep = 2661. Run time = 4 seconds
No. of cells = 1000
#Position	 Density	 Velocity	 Pressure	 Specific_Volume I_Energy	 Temperature	 Species
-0.001	0.729091	0.00140413	1.85268	1.37157	6.35269	0	9.30722e-08	0	0	0	0	0	0	0	0	
0	0.729005	0.00047101	1.85274	1.37173	6.35366	0	9.66045e-08	0	0	0	0	0	0	0	0	
0.001	0.729005	-0.00047101	1.85274	1.37173	6.35366	2.54146	9.66045e-08	0	0	0	0	0	0	0	0	
0.002	0.729091	-0.00140413	1.85268	1.37157	6.35269	2.54108	9.30722e-08	0	0	0	0	0	0	0	0	
0.003	0.727741	-0.00233898	1.85256	1.37412	6.36409	2.54563	9.90886e-08	0	0	0	0	0	0	0	0	
0.004	0.728872	-0.00327604	1.85239	1.37198	6.35364	2.54145	9.80369e-08	0	0	0	0	0	0	0	0	
0.005	0.726354	-0.00421646	1.85218	1.37674	6.37493	2.54997	9.81823e-08	0	0	0	0	0	0	0	0	
0.006	0.724577	-0.00516075	1.85192	1.38012	6.38967	2.55587	8.80435e-08	0	0	0	0	0	0	0	0	
0.007	0.724703	-0.00610918	1.85162	1.37988	6.38753	2.55501	9.26212e-08	0	0	0	0	0	0	0	0	
0.008	0.725812	-0.0070618	1.85129	1.37777	6.3766	2.55064	9.2776e-08	0	0	0	0	0	0	0	0	
0.009	0.727342	-0.00801835	1.85091	1.37487	6.36191	2.54477	9.23933e-08	0	0	0	0	0	0	0	0	
0.01	0.729004	-0.0089783	1.85052	1.37174	6.34605	2.53842	8.86549e-08	0	0	0	0	0	0	0	0	
0.011	0.730531	-0.00994083	1.8501	1.36887	6.33134	2.53254	9.72736e-08	0	0	0	0	0	0	0	0	
0.012	0.73186	-0.0109049	1.84966	1.36638	6.31837	2.52735	9.40982e-08	0	0	0	0	0	0	0	0	
0.013	0.732959	-0.0118691	1.84922	1.36433	6.30739	2.52296	9.46447e-08	0	0	0	0	0	0	0	0	
0.014	0.733754	-0.0128319	1.84878	1.36285	6.29906	2.51962	9.15791e-08	0	0	0	0	0	0	0	0	
0.015	0.734266	-0.0137915	1.84835	1.3619	6.29319	2.51727	9.70151e-08	0	0	0	0	0	0	0	0	
0.016	0.734581	-0.0147461	1.84793	1.36132	6.28907	2.51563	9.62615e-08	0	0	0	0	0	0	0	0	
0.017	0.734747	-0.0156934	1.84753	1.36101	6.28629	2.51452	9.42222e-08	0	0	0	0	0	0	0	0	
0.018	0.734787	-0.0166313	1.84717	1.36094	6.28469	2.51388	9.63966e-08	0	0	0	0	0	0	0	0	
0.019	0.734733	-0.0175574	1.84683	1.36104	6.28402	2.51361	9.53864e-08	0	0	0	0	0	0	0	0	
0.02	0.734631	-0.0184694	1.84653	1.36123	6.28389	2.51355	9.29393e-08	0	0	0	0	0	0	0	0	
0.021	0.734525	-0.0193649	1.84628	1.36142	6.28393	2.51357	9.06906e-08	0	0	0	0	0	0	0	0	
0.022	0.734446	-0.0202417	1.84607	1.36157	6.2839	2.51356	8.96293e-08	0	0	0	0	0	0	0	0	
0.023	0.734412	-0.0210976	1.84591	1.36163	6.28364	2.51346	9.01983e-08	0	0	0	0	0	0	0	0	
0.024	0.734435	-0.0219304	1.8458	1.36159	6.28307	2.51323	9.24281e-08	0	0	0	0	0	0	0	0	
0.025	0.73452	-0.0227384	1.84574	1.36143	6.28213	2.51285	9.53179e-08	0	0	0	0	0	0	0	0	
0.026	0.734666	-0.0235199	1.84572	1.36116	6.28083	2.51233	9.58188e-08	0	0	0	0	0	0	0	0	
0.027	0.734866	-0.0242737	1.84576	1.36079	6.27922	2.51169	9.21744e-08	0	0	0	0	0	0	0	0	
0.028	0.735112	-0.0249986	1.84583	1.36034	6.27737	2.51095	9.26538e-08	0	0	0	0	0	0	0	0	
0.029	0.735392	-0.0256941	1.84594	1.35982	6.27537	2.51015	9.58775e-08	0	0	0	0	0	0	0	0	
0.03	0.735694	-0.0263597	1.84609	1.35926	6.27329	2.50932	9.34831e-08	0	0	0	0	0	0	0	0	
0.031	0.736005	-0.0269954	1.84627	1.35869	6.27125	2.5085	9.12717e-08	0	0	0	0	0	0	0	0	
0.032	0.736316	-0.0276015	1.84647	1.35811	6.2693	2.50772	9.03531e-08	0	0	0	0	0	0	0	0	
0.033	0.736624	-0.0281786	1.8467	1.35754	6.26745	2.50698	9.20254e-08	0	0	0	0	0	0	0	0	
0.034	0.736932	-0.0287274	1.84695	1.35698	6.26566	2.50627	9.47342e-08	0	0	0	0	0	0	0	0	
0.035	0.737247	-0.0292491	1.8472	1.3564	6.26386	2.50554	9.23826e-08	0	0	0	0	0	0	0	0	
0.036	0.737578	-0.0297447	1.84747	1.35579	6.26194	2.50478	9.01578e-08	0	0	0	0	0	0	0	0	
0.037	0.737934	-0.0302158	1.84774	1.35513	6.25983	2.50393	8.87235e-08	0	0	0	0	0	0	0	0	
0.038	0.738318	-0.0306637	1.84801	1.35443	6.25749	2.503	8.82361e-08	0	0	0	0	0	0	0	0	
0.039	0.738732	-0.03109	1.84828	1.35367	6.25489	2.50196	8.86697e-08	0	0	0	0	0	0	0	0	
0.04	0.739175	-0.0314964	1.84854	1.35286	6.25204	2.50082	8.98801e-08	0	0	0	0	0	0	0	0	
0.041	0.739643	-0.0318843	1.8488	1.352	6.24896	2.49958	9.16004e-08	0	0	0	0	0	0	0	0	
0.042	0.740134	-0.0322554	1.84905	1.35111	6.24566	2.49826	9.33257e-08	0	0	0	0	0	0	0	0	
0.043	0.740648	-0.0326113	1.84929	1.35017	6.24214	2.49686	9.42073e-08	0	0	0	0	0	0	0	0	
0.044	0.741182	-0.0329535	1.84953	1.3492	6.23843	2.49537	9.35693e-08	0	0	0	0	0	0	0	0	
0.045	0.741738	-0.0332835	1.84975	1.34819	6.23452	2.49381	9.27591e-08	0	0	0	0	0	0	0	0	
0.046	0.742311	-0.033603	1.84997	1.34714	6.23045	2.49218	9.4629e-08	0	0	0	0	0	0	0	0	
0.047	0.742897	-0.0339133	1.85018	1.34608	6.22625	2.4905	9.46504e-08	0	0	0	0	0	0	0	0	
0.048	0.743487	-0.0342159	1.85039	1.34501	6.22199	2.4888	9.32763e-08	0	0	0	0	0	0	0	0	
0.049	0.74407	-0.0345123	1.85059	1.34396	6.21779	2.48711	9.32146e-08	0	0	0	0	0	0	0	0	
0.05	0.744636	-0.0348036	1.85078	1.34294	6.21372	2.48549	9.31366e-08	0	0	0	0	0	0	0	0	
0.051	0.745174	-0.0350913	1.85098	1.34197	6.20988	2.48395	9.56616e-08	0	0	0	0	0	0	0	0	
0.052	0.74568	-0.0353765	1.85117	1.34106	6.2063	2.48252	9.76668e-08	0	0	0	0	0	0	0	0	
0.053	0.746154	-0.0356602	1.85135	1.34021	6.20299	2.4812	9.87016e-08	0	0	0	0	0	0	0	0	
0.054	0.746605	-0.0359434	1.85154	1.3394	6.19987	2.47995	9.8867e-08	0	0	0	0	0	0	0	0	
0.055	0.747045	-0.0362271	1.85172	1.33861	6.19683	2.47873	9.81811e-08	0	0	0	0	0	0	0	0	
0.056	0.74749	-0.0365118	1.85191	1.33781	6.19375	2.4775	9.63245e-08	0	0	0	0	0	0	0	0	
0.057	0.747954	-0.0367985	1.85209	1.33698	6.19052	2.47621	9.33883e-08	0	0	0	0	0	0	0	0	
0.058	0.748446	-0.0370876	1.85227	1.3361	6.18705	2.47482	9.15532e-08	0	0	0	0	0	0	0	0	
0.059	0.74897	-0.0373799	1.85245	1.33517	6.18332	2.47333	9.29566e-08	0	0	0	0	0	0	0	0	
0.06	0.749524	-0.0376759	1.85262	1.33418	6.17933	2.47173	9.38995e-08	0	0	0	0	0	0	0	0	
0.061	0.750101	-0.0379764	1.8528	1.33315	6.17517	2.47007	9.3421e-08	0	0	0	0	0	0	0	0	
0.062	0.750691	-0.0382821	1.85298	1.33211	6.17092	2.46837	9.28952e-08	0	0	0	0	0	0	0	0	
0.063	0.751284	-0.0385935	1.85316	1.33106	6.16665	2.46666	9.37324e-08	0	0	0	0	0	0	0	0	
0.064	0.75187	-0.0389112	1.85335	1.33002	6.16246	2.46498	9.28775e-08	0	0	0	0	0	0	0	0	
0.065	0.752445	-0.0392354	1.85354	1.329	6.15838	2.46335	9.21334e-08	0	0	0	0	0	0	0	0	
0.066	0.753006	-0.0395664	1.85373	1.32801	6.15445	2.46178	9.3772e-08	0	0	0	0	0	0	0	0	
0.067	0.753552	-0.0399038	1.85394	1.32705	6.15066	2.46026	9.49888e-08	0	0	0	0	0	0	0	0	
0.068	0.754086	-0.0402471	1.85414	1.32611	6.147	2.4588	9.56944e-08	0	0	0	0	0	0	0	0	
0.069	0.754613	-0.0405953	1.85436	1.32518	6.14341	2.45736	9.61888e-08	0	0	0	0	0	0	0	0	
0.07	0.75514	-0.0409472	1.85458	1.32426	6.13985	2.45594	9.67033e-08	0	0	0	0	0	0	0	0	
0.071	0.755673	-0.0413013	1.8548	1.32332	6.13625	2.4545	9.66188e-08	0	0	0	0	0	0	0	0	
0.072	0.756217	-0.0416561	1.85502	1.32237	6.13257	2.45303	9.53583e-08	0	0	0	0	0	0	0	0	
0.073	0.756777	-0.0420099	1.85524	1.32139	6.12876	2.4515	9.29583e-08	0	0	0	0	0	0	0	0	
0.074	0.757353	-0.0423612	1.85546	1.32039	6.12481	2.44992	9.1606e-08	0	0	0	0	0	0	0	0	
0.075	0.757944	-0.0427086	1.85567	1.31936	6.12073	2.44829	9.32988e-08	0	0	0	0	0	0	0	0	
0.076	0.758545	-0.043051	1.85587	1.31831	6.11653	2.44661	9.49411e-08	0	0	0	0	0	0	0	0	
0.077	0.759154	-0.0433875	1.85605	1.31726	6.11225	2.4449	9.5942e-08	0	0	0	0	0	0	0	0	
0.078	0.759764	-0.0437174	1.85623	1.3162	6.10792	2.44317	9.55042e-08	0	0	0	0	0	0	0	0	
0.079	0.76037	-0.0440403	1.85639	1.31515	6.10357	2.44143	9.36201e-08	0	0	0	0	0	0	0	0	
0.08	0.760969	-0.044356	1.85654	1.31411	6.09925	2.4397	9.23883e-08	0	0	0	0	0	0	0	0	
0.081	0.761556	-0.0446645	1.85666	1.3131	6.09497	2.43799	9.36509e-08	0	0	0	0	0	0	0	0	
0.082	0.762132	-0.0449658	1.85678	1.31211	6.09074	2.4363	9.46658e-08	0	0	0	0	0	0	0	0	
0.083	0.7627	-0.0452604	1.85688	1.31113	6.08654	2.43462	9.55319e-08	0	0	0	0	0	0	0	0	
0.084	0.763263	-0.0455484	1.85697	1.31016	6.08234	2.43293	9.62652e-08	0	0	0	0	0	0	0	0	
0.085	0.76383	-0.0458301	1.85705	1.30919	6.07808	2.43123	9.65621e-08	0	0	0	0	0	0	0	0	
0.086	0.764411	-0.0461059	1.85712	1.3082	6.07372	2.42949	9.58989e-08	0	0	0	0	0	0	0	0	
0.087	0.765012	-0.0463755	1.8572	1.30717	6.06918	2.42767	9.43424e-08	0	0	0	0	0	0	0	0	
0.088	0.765644	-0.0466386	1.85727	1.30609	6.06442	2.42577	9.3615e-08	0	0	0	0	0	0	0	0	
0.089	0.766309	-0.0468944	1.85736	1.30496	6.05943	2.42377	9.47593e-08	0	0	0	0	0	0	0	0	
0.09	0.767009	-0.0471417	1.85745	1.30377	6.05421	2.42168	9.45511e-08	0	0	0	0	0	0	0	0	
0.091	0.767738	-0.0473787	1.85756	1.30253	6.04881	2.41952	9.40728e-08	0	0	0	0	0	0	0	0	
0.092	0.768491	-0.0476034	1.85769	1.30125	6.04331	2.41733	9.46037e-08	0	0	0	0	0	0	0	0	
0.093	0.769257	-0.0478134	1.85785	1.29996	6.0378	2.41512	9.44707e-08	0	0	0	0	0	0	0	0	
0.094	0.770028	-0.0480063	1.85803	1.29865	6.03235	2.41294	9.52481e-08	0	0	0	0	0	0	0	0	
0.095	0.770801	-0.0481794	1.85825	1.29735	6.02701	2.4108	9.56724e-08	0	0	0	0	0	0	0	0	
0.096	0.771572	-0.0483303	1.8585	1.29606	6.02181	2.40872	9.69839e-08	0	0	0	0	0	0	0	0	
0.097	0.772341	-0.0484563	1.8588	1.29477	6.01679	2.40671	9.63678e-08	0	0	0	0	0	0	0	0	
0.098	0.773106	-0.0485553	1.85915	1.29348	6.01195	2.40478	9.57967e-08	0	0	0	0	0	0	0	0	
0.099	0.773867	-0.0486248	1.85955	1.29221	6.00733	2.40293	9.69773e-08	0	0	0	0	0	0	0	0	
0.1	0.77462	-0.0486624	1.86	1.29096	6.00295	2.40118	9.63337e-08	0	0	0	0	0	0	0	0	
0.101	0.775362	-0.0486661	1.86052	1.28972	5.99886	2.39955	9.37704e-08	0	0	0	0	0	0	0	0	
0.102	0.776091	-0.0486339	1.86109	1.28851	5.99509	2.39803	9.16134e-08	0	0	0	0	0	0	0	0	
0.103	0.776805	-0.048564	1.86173	1.28732	5.99164	2.39665	9.30467e-08	0	0	0	0	0	0	0	0	
0.104	0.777504	-0.0484552	1.86244	1.28617	5.98853	2.39541	9.54608e-08	0	0	0	0	0	0	0	0	
0.105	0.77819	-0.0483067	1.86323	1.28503	5.98577	2.39431	9.71158e-08	0	0	0	0	0	0	0	0	
0.106	0.778862	-0.048118	1.86409	1.28392	5.98336	2.39335	9.55945e-08	0	0	0	0	0	0	0	0	
0.107	0.779522	-0.0478891	1.86502	1.28284	5.9813	2.39252	9.48433e-08	0	0	0	0	0	0	0	0	
0.108	0.780172	-0.0476201	1.86604	1.28177	5.97957	2.39183	9.54307e-08	0	0	0	0	0	0	0	0	
0.109	0.780814	-0.0473111	1.86714	1.28071	5.97818	2.39127	9.5859e-08	0	0	0	0	0	0	0	0	
0.11	0.781449	-0.0469623	1.86832	1.27967	5.9771	2.39084	9.36704e-08	0	0	0	0	0	0	0	0	
0.111	0.782077	-0.0465736	1.86958	1.27865	5.97633	2.39053	9.32813e-08	0	0	0	0	0	0	0	0	
0.112	0.782702	-0.0461451	1.87092	1.27763	5.97583	2.39033	9.39743e-08	0	0	0	0	0	0	0	0	
0.113	0.783323	-0.0456768	1.87233	1.27661	5.9756	2.39024	9.31561e-08	0	0	0	0	0	0	0	0	
0.114	0.783943	-0.0451696	1.87381	1.2756	5.97559	2.39024	9.35479e-08	0	0	0	0	0	0	0	0	
0.115	0.784565	-0.0446247	1.87535	1.27459	5.97578	2.39031	9.25914e-08	0	0	0	0	0	0	0	0	
0.116	0.785189	-0.0440447	1.87695	1.27358	5.97612	2.39045	9.3219e-08	0	0	0	0	0	0	0	0	
0.117	0.785816	-0.0434331	1.8786	1.27256	5.9766	2.39064	9.32858e-08	0	0	0	0	0	0	0	0	
0.118	0.786445	-0.0427947	1.88029	1.27154	5.97719	2.39088	9.59879e-08	0	0	0	0	0	0	0	0	
0.119	0.787077	-0.0421352	1.88202	1.27052	5.97787	2.39115	9.71241e-08	0	0	0	0	0	0	0	0	
0.12	0.787709	-0.041461	1.88377	1.2695	5.97862	2.39145	9.63748e-08	0	0	0	0	0	0	0	0	
0.121	0.788339	-0.0407792	1.88552	1.26849	5.97941	2.39176	9.70138e-08	0	0	0	0	0	0	0	0	
0.122	0.788965	-0.0400976	1.88727	1.26748	5.98021	2.39208	9.6392e-08	0	0	0	0	0	0	0	0	
0.123	0.789583	-0.039424	1.889	1.26649	5.981	2.3924	9.71456e-08	0	0	0	0	0	0	0	0	
0.124	0.790187	-0.038767	1.89068	1.26552	5.98176	2.3927	9.65566e-08	0	0	0	0	0	0	0	0	
0.125	0.79077	-0.0381354	1.89231	1.26459	5.98248	2.39299	9.66491e-08	0	0	0	0	0	0	0	0	
0.126	0.791326	-0.0375391	1.89385	1.2637	5.98317	2.39327	9.42214e-08	0	0	0	0	0	0	0	0	
0.127	0.791845	-0.0369886	1.8953	1.26287	5.98382	2.39353	9.2234e-08	0	0	0	0	0	0	0	0	
0.128	0.792321	-0.0364953	1.89664	1.26211	5.98445	2.39378	9.23593e-08	0	0	0	0	0	0	0	0	
0.129	0.792745	-0.0360704	1.89785	1.26144	5.98506	2.39402	9.21065e-08	0	0	0	0	0	0	0	0	
0.13	0.793113	-0.0357244	1.89893	1.26085	5.98568	2.39427	9.39392e-08	0	0	0	0	0	0	0	0	
0.131	0.793418	-0.0354659	1.89985	1.26037	5.9863	2.39452	9.57928e-08	0	0	0	0	0	0	0	0	
0.132	0.793659	-0.0353008	1.90063	1.25999	5.98692	2.39477	9.55315e-08	0	0	0	0	0	0	0	0	
0.133	0.793831	-0.0352311	1.90124	1.25971	5.98755	2.39502	9.53693e-08	0	0	0	0	0	0	0	0	
0.134	0.793936	-0.0352547	1.90169	1.25955	5.98817	2.39527	9.42937e-08	0	0	0	0	0	0	0	0	
0.135	0.793974	-0.0353662	1.90198	1.25949	5.98879	2.39552	9.37409e-08	0	0	0	0	0	0	0	0	
0.136	0.79395	-0.0355569	1.90211	1.25952	5.9894	2.39576	9.28164e-08	0	0	0	0	0	0	0	0	
0.137	0.79387	-0.035816	1.90211	1.25965	5.99	2.396	9.32155e-08	0	0	0	0	0	0	0	0	
0.138	0.793744	-0.0361307	1.902	1.25985	5.99061	2.39624	9.45805e-08	0	0	0	0	0	0	0	0	
0.139	0.793584	-0.0364855	1.90182	1.26011	5.99124	2.3965	9.48701e-08	0	0	0	0	0	0	0	0	
0.14	0.793403	-0.0368626	1.9016	1.26039	5.99192	2.39677	9.48255e-08	0	0	0	0	0	0	0	0	
0.141	0.793217	-0.0372406	1.90139	1.26069	5.99266	2.39706	9.42056e-08	0	0	0	0	0	0	0	0	
0.142	0.79304	-0.0375954	1.90123	1.26097	5.99349	2.3974	9.38473e-08	0	0	0	0	0	0	0	0	
0.143	0.792887	-0.0378991	1.90117	1.26121	5.99444	2.39778	9.34118e-08	0	0	0	0	0	0	0	0	
0.144	0.792771	-0.0381216	1.90123	1.2614	5.99554	2.39822	9.33626e-08	0	0	0	0	0	0	0	0	
0.145	0.792702	-0.0382325	1.90147	1.26151	5.99681	2.39872	9.33465e-08	0	0	0	0	0	0	0	0	
0.146	0.792692	-0.0382043	1.90192	1.26152	5.9983	2.39932	9.3639e-08	0	0	0	0	0	0	0	0	
0.147	0.792756	-0.0380149	1.90262	1.26142	6.00003	2.40001	9.36954e-08	0	0	0	0	0	0	0	0	
0.148	0.792907	-0.0376476	1.90362	1.26118	6.00202	2.40081	9.28963e-08	0	0	0	0	0	0	0	0	
0.149	0.793159	-0.0370901	1.90494	1.26078	6.00429	2.40171	9.2079e-08	0	0	0	0	0	0	0	0	
0.15	0.793525	-0.0363321	1.90663	1.2602	6.00682	2.40273	9.16145e-08	0	0	0	0	0	0	0	0	
0.151	0.794014	-0.0353667	1.90869	1.25942	6.00962	2.40385	9.11219e-08	0	0	0	0	0	0	0	0	
0.152	0.794636	-0.0341905	1.91115	1.25844	6.01267	2.40507	9.09785e-08	0	0	0	0	0	0	0	0	
0.153	0.795393	-0.0328022	1.91402	1.25724	6.01595	2.40638	9.13949e-08	0	0	0	0	0	0	0	0	
0.154	0.796283	-0.0311962	1.91728	1.25584	6.01946	2.40778	9.18317e-08	0	0	0	0	0	0	0	0	
0.155	0.797295	-0.0293637	1.9209	1.25424	6.02318	2.40927	9.16688e-08	0	0	0	0	0	0	0	0	
0.156	0.798421	-0.0273025	1.92488	1.25247	6.02713	2.41085	9.13037e-08	0	0	0	0	0	0	0	0	
0.157	0.799657	-0.025026	1.9292	1.25054	6.03134	2.41253	9.13544e-08	0	0	0	0	0	0	0	0	
0.158	0.801	-0.0225558	1.93388	1.24844	6.03584	2.41434	9.17391e-08	0	0	0	0	0	0	0	0	
0.159	0.802443	-0.019911	1.93892	1.24619	6.04067	2.41627	9.18877e-08	0	0	0	0	0	0	0	0	
0.16	0.803973	-0.0170978	1.94427	1.24382	6.04583	2.41833	9.17801e-08	0	0	0	0	0	0	0	0	
0.161	0.805586	-0.0141271	1.94994	1.24133	6.05133	2.42053	9.18422e-08	0	0	0	0	0	0	0	0	
0.162	0.807266	-0.0110146	1.95589	1.23875	6.05714	2.42285	9.22023e-08	0	0	0	0	0	0	0	0	
0.163	0.809002	-0.00771706	1.96206	1.23609	6.06323	2.42529	9.2515e-08	0	0	0	0	0	0	0	0	
0.164	0.810891	-0.00438881	1.9688	1.23321	6.06988	2.42795	9.23264e-08	0	0	0	0	0	0	0	0	
0.165	0.812672	-0.00142884	1.97521	1.23051	6.0763	2.43052	9.16833e-08	0	0	0	0	0	0	0	0	
0.166	0.814888	0.00415028	1.98314	1.22716	6.0841	2.43364	9.11097e-08	0	0	0	0	0	0	0	0	
0.167	0.817915	0.0102858	1.99387	1.22262	6.09436	2.43775	9.10221e-08	0	0	0	0	0	0	0	0	
0.168	0.821029	0.016163	2.00493	1.21798	6.10492	2.44197	9.13732e-08	0	0	0	0	0	0	0	0	
0.169	0.824044	0.0218539	2.01567	1.21353	6.11519	2.44607	9.17879e-08	0	0	0	0	0	0	0	0	
0.17	0.827005	0.0274449	2.02626	1.20918	6.12529	2.45011	9.18808e-08	0	0	0	0	0	0	0	0	
0.171	0.82994	0.0329814	2.03677	1.20491	6.13529	2.45412	9.14571e-08	0	0	0	0	0	0	0	0	
0.172	0.832867	0.0384927	2.04727	1.20067	6.14523	2.45809	9.06666e-08	0	0	0	0	0	0	0	0	
0.173	0.835801	0.0440017	2.05779	1.19646	6.15515	2.46206	8.99917e-08	0	0	0	0	0	0	0	0	
0.174	0.838751	0.0495256	2.06838	1.19225	6.16507	2.46603	8.99529e-08	0	0	0	0	0	0	0	0	
0.175	0.841726	0.055077	2.07907	1.18804	6.17501	2.47	9.07627e-08	0	0	0	0	0	0	0	0	
0.176	0.844731	0.060665	2.08986	1.18381	6.18498	2.47399	9.2227e-08	0	0	0	0	0	0	0	0	
0.177	0.847772	0.0662959	2.10078	1.17956	6.195	2.478	9.39198e-08	0	0	0	0	0	0	0	0	
0.178	0.850852	0.0719741	2.11183	1.17529	6.20505	2.48202	9.54395e-08	0	0	0	0	0	0	0	0	
0.179	0.853974	0.0777027	2.12303	1.171	6.21515	2.48606	9.65692e-08	0	0	0	0	0	0	0	0	
0.18	0.857142	0.0834836	2.13438	1.16667	6.22528	2.49011	9.72925e-08	0	0	0	0	0	0	0	0	
0.181	0.860358	0.0893184	2.14588	1.16231	6.23544	2.49418	9.77187e-08	0	0	0	0	0	0	0	0	
0.182	0.863625	0.0952082	2.15755	1.15791	6.24561	2.49824	9.79262e-08	0	0	0	0	0	0	0	0	
0.183	0.866944	0.101154	2.16937	1.15348	6.2558	2.50232	9.78769e-08	0	0	0	0	0	0	0	0	
0.184	0.870314	0.107158	2.18136	1.14901	6.266	2.5064	9.74708e-08	0	0	0	0	0	0	0	0	
0.185	0.873734	0.113222	2.1935	1.14451	6.27623	2.51049	9.66282e-08	0	0	0	0	0	0	0	0	
0.186	0.877203	0.11935	2.20581	1.13999	6.2865	2.5146	9.53221e-08	0	0	0	0	0	0	0	0	
0.187	0.880716	0.125544	2.21828	1.13544	6.29682	2.51873	9.35985e-08	0	0	0	0	0	0	0	0	
0.188	0.88427	0.131811	2.2309	1.13088	6.30719	2.52288	9.16007e-08	0	0	0	0	0	0	0	0	
0.189	0.88786	0.138155	2.24367	1.1263	6.31765	2.52706	8.95608e-08	0	0	0	0	0	0	0	0	
0.19	0.891484	0.144583	2.25659	1.12173	6.32818	2.53127	8.77393e-08	0	0	0	0	0	0	0	0	
0.191	0.895138	0.1511	2.26964	1.11715	6.33881	2.53552	8.6368e-08	0	0	0	0	0	0	0	0	
0.192	0.898822	0.157708	2.28284	1.11257	6.34954	2.53981	8.55981e-08	0	0	0	0	0	0	0	0	
0.193	0.902537	0.164407	2.29619	1.10799	6.36037	2.54415	8.54598e-08	0	0	0	0	0	0	0	0	
0.194	0.90629	0.171191	2.3097	1.1034	6.37131	2.54852	8.58569e-08	0	0	0	0	0	0	0	0	
0.195	0.910087	0.178053	2.32341	1.0988	6.38239	2.55296	8.6583e-08	0	0	0	0	0	0	0	0	
0.196	0.91394	0.184978	2.33735	1.09416	6.39362	2.55745	8.73576e-08	0	0	0	0	0	0	0	0	
0.197	0.91786	0.191952	2.35157	1.08949	6.40503	2.56201	8.79106e-08	0	0	0	0	0	0	0	0	
0.198	0.921859	0.198959	2.3661	1.08476	6.41664	2.56666	8.80965e-08	0	0	0	0	0	0	0	0	
0.199	0.92595	0.205987	2.38098	1.07997	6.42848	2.57139	8.79637e-08	0	0	0	0	0	0	0	0	
0.2	0.930138	0.213028	2.39624	1.07511	6.44056	2.57622	8.7725e-08	0	0	0	0	0	0	0	0	
0.201	0.934427	0.220084	2.4119	1.07017	6.45288	2.58115	8.76529e-08	0	0	0	0	0	0	0	0	
0.202	0.938816	0.227163	2.42794	1.06517	6.46544	2.58617	8.79339e-08	0	0	0	0	0	0	0	0	
0.203	0.943298	0.234281	2.44435	1.06011	6.47821	2.59128	8.85248e-08	0	0	0	0	0	0	0	0	
0.204	0.947863	0.241459	2.46109	1.055	6.49116	2.59646	8.91274e-08	0	0	0	0	0	0	0	0	
0.205	0.952502	0.248719	2.47813	1.04987	6.50427	2.60171	8.93568e-08	0	0	0	0	0	0	0	0	
0.206	0.957204	0.256083	2.49543	1.04471	6.51751	2.607	8.90053e-08	0	0	0	0	0	0	0	0	
0.207	0.961963	0.263567	2.51297	1.03954	6.53084	2.61233	8.81967e-08	0	0	0	0	0	0	0	0	
0.208	0.966773	0.271184	2.53072	1.03437	6.54424	2.6177	8.73275e-08	0	0	0	0	0	0	0	0	
0.209	0.971635	0.278937	2.54868	1.02919	6.55772	2.62309	8.68199e-08	0	0	0	0	0	0	0	0	
0.21	0.976551	0.286828	2.56687	1.02401	6.57126	2.62851	8.683e-08	0	0	0	0	0	0	0	0	
0.211	0.981524	0.294852	2.58529	1.01882	6.58488	2.63395	8.71376e-08	0	0	0	0	0	0	0	0	
0.212	0.986562	0.303004	2.60397	1.01362	6.59859	2.63944	8.73382e-08	0	0	0	0	0	0	0	0	
0.213	0.991668	0.311275	2.62292	1.0084	6.6124	2.64496	8.71822e-08	0	0	0	0	0	0	0	0	
0.214	0.99685	0.31966	2.64218	1.00316	6.62633	2.65053	8.67783e-08	0	0	0	0	0	0	0	0	
0.215	1.00211	0.328153	2.66176	0.997893	6.64039	2.65616	8.64617e-08	0	0	0	0	0	0	0	0	
0.216	1.00745	0.33675	2.68169	0.992601	6.65461	2.66185	8.64331e-08	0	0	0	0	0	0	0	0	
0.217	1.01288	0.345446	2.70197	0.987281	6.669	2.6676	8.6553e-08	0	0	0	0	0	0	0	0	
0.218	1.0184	0.35424	2.72262	0.981933	6.68357	2.67343	8.65187e-08	0	0	0	0	0	0	0	0	
0.219	1.02401	0.36313	2.74365	0.976557	6.69834	2.67933	8.62196e-08	0	0	0	0	0	0	0	0	
0.22	1.0297	0.372115	2.76508	0.971154	6.7133	2.68532	8.59102e-08	0	0	0	0	0	0	0	0	
0.221	1.03549	0.381194	2.78691	0.965724	6.72846	2.69139	8.5966e-08	0	0	0	0	0	0	0	0	
0.222	1.04138	0.390369	2.80915	0.960267	6.74384	2.69753	8.64515e-08	0	0	0	0	0	0	0	0	
0.223	1.04736	0.399639	2.83181	0.954784	6.75942	2.70377	8.70342e-08	0	0	0	0	0	0	0	0	
0.224	1.05343	0.409006	2.85489	0.949278	6.77522	2.71009	8.7368e-08	0	0	0	0	0	0	0	0	
0.225	1.0596	0.418472	2.8784	0.94375	6.79124	2.71649	8.74907e-08	0	0	0	0	0	0	0	0	
0.226	1.06586	0.428039	2.90235	0.938205	6.8075	2.723	8.76449e-08	0	0	0	0	0	0	0	0	
0.227	1.07222	0.437708	2.92673	0.932648	6.82402	2.72961	8.77602e-08	0	0	0	0	0	0	0	0	
0.228	1.07865	0.447482	2.95155	0.927086	6.84086	2.73634	8.74287e-08	0	0	0	0	0	0	0	0	
0.229	1.08516	0.457362	2.97683	0.921523	6.85803	2.74321	8.6471e-08	0	0	0	0	0	0	0	0	
0.23	1.09175	0.467352	3.00255	0.915964	6.87557	2.75023	8.53609e-08	0	0	0	0	0	0	0	0	
0.231	1.09841	0.477455	3.02873	0.910408	6.89344	2.75738	8.46871e-08	0	0	0	0	0	0	0	0	
0.232	1.10516	0.487677	3.05535	0.904846	6.91156	2.76462	8.44274e-08	0	0	0	0	0	0	0	0	
0.233	1.11202	0.498025	3.08242	0.899264	6.92977	2.77191	8.42695e-08	0	0	0	0	0	0	0	0	
0.234	1.11901	0.508511	3.10992	0.893644	6.9479	2.77916	8.44598e-08	0	0	0	0	0	0	0	0	
0.235	1.12617	0.519142	3.13784	0.887967	6.96574	2.7863	8.51718e-08	0	0	0	0	0	0	0	0	
0.236	1.1335	0.529924	3.16618	0.882223	6.98319	2.79328	8.58486e-08	0	0	0	0	0	0	0	0	
0.237	1.14103	0.54085	3.19499	0.876403	7.00024	2.8001	8.61633e-08	0	0	0	0	0	0	0	0	
0.238	1.14875	0.551902	3.22433	0.870508	7.01701	2.8068	8.68744e-08	0	0	0	0	0	0	0	0	
0.239	1.15668	0.56305	3.2543	0.864546	7.03373	2.81349	8.76398e-08	0	0	0	0	0	0	0	0	
0.24	1.16479	0.574265	3.28502	0.858527	7.05069	2.82027	8.71818e-08	0	0	0	0	0	0	0	0	
0.241	1.17306	0.585529	3.31656	0.852469	7.06816	2.82726	8.5866e-08	0	0	0	0	0	0	0	0	
0.242	1.18148	0.59684	3.34896	0.846395	7.08635	2.83454	8.56229e-08	0	0	0	0	0	0	0	0	
0.243	1.19001	0.608223	3.3822	0.840326	7.10537	2.84215	8.78171e-08	0	0	0	0	0	0	0	0	
0.244	1.19863	0.619714	3.4162	0.834283	7.1252	2.85008	8.83958e-08	0	0	0	0	0	0	0	0	
0.245	1.20732	0.631356	3.4509	0.828277	7.14576	2.8583	8.59362e-08	0	0	0	0	0	0	0	0	
0.246	1.21609	0.64318	3.48624	0.82231	7.16693	2.86677	8.41911e-08	0	0	0	0	0	0	0	0	
0.247	1.22493	0.655208	3.52221	0.816371	7.18858	2.87543	8.61085e-08	0	0	0	0	0	0	0	0	
0.248	1.23389	0.667448	3.55884	0.810444	7.21061	2.88424	9.16131e-08	0	0	0	0	0	0	0	0	
0.249	1.24299	0.679901	3.59619	0.804511	7.23294	2.89318	8.6141e-08	0	0	0	0	0	0	0	0	
0.25	1.25226	0.692565	3.63434	0.798556	7.25557	2.90223	8.20098e-08	0	0	0	0	0	0	0	0	
0.251	1.26172	0.705438	3.67339	0.792566	7.2785	2.9114	8.56955e-08	0	0	0	0	0	0	0	0	
0.252	1.2714	0.718523	3.71342	0.786534	7.30182	2.92073	9.34254e-08	0	0	0	0	0	0	0	0	
0.253	1.2813	0.731831	3.75452	0.780457	7.3256	2.93024	1.35784e-07	0	0	0	0	0	0	0	0	
0.254	1.29144	0.74538	3.79678	0.77433	7.3499	2.93996	2.1131e-07	0	0	0	0	0	0	0	0	
0.255	1.30185	0.759192	3.8403	0.768139	7.37472	2.94989	3.34135e-07	0	0	0	0	0	0	0	0	
0.256	1.31258	0.773293	3.88521	0.761858	7.39994	2.95998	5.38196e-07	0	0	0	0	0	0	0	0	
0.257	1.32371	0.787719	3.93164	0.755453	7.42542	2.97017	8.83256e-07	0	0	0	0	0	0	0	0	
0.258	1.33529	0.802521	3.97972	0.748898	7.45101	2.9804	1.474e-06	0	0	0	0	0	0	0	0	
0.259	1.34739	0.81776	4.02964	0.742176	7.47676	2.9907	2.49407e-06	0	0	0	0	0	0	0	0	
0.26	1.36003	0.833491	4.08168	0.735277	7.50292	3.00117	4.26814e-06	0	0	0	0	0	0	0	0	
0.261	1.37326	0.849778	4.13624	0.728192	7.52994	3.01198	7.37788e-06	0	0	0	0	0	0	0	0	
0.262	1.38712	0.866727	4.19372	0.720917	7.55831	3.02332	1.28872e-05	0	0	0	0	0	0	0	0	
0.263	1.40166	0.884507	4.25457	0.713438	7.58843	3.03537	2.27845e-05	0	0	0	0	0	0	0	0	
0.264	1.41702	0.903319	4.31946	0.705707	7.62068	3.04827	4.08523e-05	0	0	0	0	0	0	0	0	
0.265	1.43345	0.923372	4.38952	0.697617	7.6555	3.0622	7.44556e-05	0	0	0	0	0	0	0	0	
0.266	1.45135	0.944965	4.46634	0.689015	7.69344	3.07738	0.000138291	0	0	0	0	0	0	0	0	
0.267	1.47116	0.968645	4.55181	0.679736	7.73508	3.09403	0.000262225	0	0	0	0	0	0	0	0	
0.268	1.49351	0.995269	4.64853	0.669562	7.78119	3.11248	0.000508884	0	0	0	0	0	0	0	0	
0.269	1.51955	1.02596	4.76119	0.658088	7.83319	3.13328	0.00101459	0	0	0	0	0	0	0	0	
0.27	1.55126	1.06231	4.89793	0.644638	7.89347	3.15739	0.00208373	0	0	0	0	0	0	0	0	
0.271	1.59179	1.10725	5.07123	0.628223	7.96465	3.18586	0.00443104	0	0	0	0	0	0	0	0	
0.272	1.64666	1.16617	5.3011	0.607289	8.04825	3.2193	0.00983897	0	0	0	0	0	0	0	0	
0.273	1.72713	1.24791	5.62585	0.578995	8.14336	3.25734	0.0229471	0	0	0	0	0	0	0	0	
0.274	1.85839	1.36674	6.11956	0.538101	8.23236	3.29294	0.0566079	0	0	0	0	0	0	0	0	
0.275	2.09613	1.5412	6.89354	0.47707	8.22176	3.2887	0.147158	0	0	0	0	0	0	0	0	
0.276	2.40532	1.69134	7.34185	0.415745	7.63084	3.05234	0.379093	0	0	0	0	0	0	0	0	
0.277	1.88189	1.13474	4.06217	0.531381	5.3964	2.15856	0.75169	0	0	0	0	0	0	0	0	
0.278	1.13612	0.272347	1.54255	0.880188	3.39433	1.35773	0.876735	0	0	0	0	0	0	0	0	
0.279	1.0141	0.110114	1.23476	0.986094	3.04398	1.21759	0.884239	0	0	0	0	0	0	0	0	
0.28	1.01039	0.106692	1.2271	0.989713	3.03618	1.21447	0.884986	0	0	0	0	0	0	0	0	
0.281	1.01012	0.105996	1.22538	0.989984	3.03277	1.21311	0.885727	0	0	0	0	0	0	0	0	
0.282	1.00991	0.105339	1.22375	0.990191	3.02936	1.21175	0.886478	0	0	0	0	0	0	0	0	
0.283	1.00974	0.104696	1.22215	0.990354	3.02591	1.21036	0.887247	0	0	0	0	0	0	0	0	
0.284	1.00962	0.104067	1.22058	0.990471	3.02237	1.20895	0.888038	0	0	0	0	0	0	0	0	
0.285	1.00955	0.103449	1.21904	0.990542	3.01877	1.20751	0.88885	0	0	0	0	0	0	0	0	
0.286	1.00951	0.102843	1.21752	0.990577	3.01513	1.20605	0.889677	0	0	0	0	0	0	0	0	
0.287	1.0095	0.102248	1.21603	0.990592	3.01148	1.20459	0.890505	0	0	0	0	0	0	0	0	
0.288	1.00949	0.101664	1.21457	0.990603	3.00789	1.20316	0.891324	0	0	0	0	0	0	0	0	
0.289	1.00946	0.10109	1.21313	0.990624	3.00439	1.20176	0.892122	0	0	0	0	0	0	0	0	
0.29	1.00942	0.100526	1.21172	0.990667	3.00102	1.20041	0.892892	0	0	0	0	0	0	0	0	
0.291	1.00935	0.0999722	1.21033	0.990735	2.99778	1.19911	0.89363	0	0	0	0	0	0	0	0	
0.292	1.00926	0.0994284	1.20896	0.990827	2.99467	1.19787	0.894338	0	0	0	0	0	0	0	0	
0.293	1.00914	0.0988945	1.20761	0.990939	2.99168	1.19667	0.89502	0	0	0	0	0	0	0	0	
0.294	1.00902	0.0983702	1.20629	0.991061	2.98877	1.19551	0.895683	0	0	0	0	0	0	0	0	
0.295	1.00889	0.0978555	1.20499	0.991187	2.98593	1.19437	0.896333	0	0	0	0	0	0	0	0	
0.296	1.00877	0.0973502	1.20371	0.99131	2.98312	1.19325	0.896974	0	0	0	0	0	0	0	0	
0.297	1.00865	0.0968539	1.20245	0.991427	2.98035	1.19214	0.897611	0	0	0	0	0	0	0	0	
0.298	1.00854	0.0963666	1.20121	0.991535	2.9776	1.19104	0.898244	0	0	0	0	0	0	0	0	
0.299	1.00844	0.0958879	1.19998	0.991636	2.97486	1.18995	0.898873	0	0	0	0	0	0	0	0	
0.3	1.00834	0.0954176	1.19878	0.991729	2.97216	1.18886	0.899499	0	0	0	0	0	0	0	0	
0.301	1.00825	0.0949557	1.19759	0.991817	2.96948	1.18779	0.90012	0	0	0	0	0	0	0	0	
0.302	1.00817	0.0945018	1.19642	0.9919	2.96683	1.18673	0.900736	0	0	0	0	0	0	0	0	
0.303	1.00809	0.0940559	1.19527	0.991975	2.9642	1.18568	0.901349	0	0	0	0	0	0	0	0	
0.304	1.00802	0.0936178	1.19413	0.99204	2.96157	1.18463	0.901962	0	0	0	0	0	0	0	0	
0.305	1.00797	0.0931873	1.19301	0.99209	2.95895	1.18358	0.902577	0	0	0	0	0	0	0	0	
0.306	1.00794	0.0927641	1.19191	0.992121	2.9563	1.18252	0.903199	0	0	0	0	0	0	0	0	
0.307	1.00793	0.092348	1.19082	0.992133	2.95363	1.18145	0.903826	0	0	0	0	0	0	0	0	
0.308	1.00794	0.0919389	1.18974	0.992126	2.95094	1.18038	0.904459	0	0	0	0	0	0	0	0	
0.309	1.00796	0.0915366	1.18868	0.992107	2.94825	1.1793	0.905094	0	0	0	0	0	0	0	0	
0.31	1.00798	0.0911409	1.18764	0.992083	2.94558	1.17823	0.905726	0	0	0	0	0	0	0	0	
0.311	1.008	0.0907517	1.1866	0.992061	2.94295	1.17718	0.906349	0	0	0	0	0	0	0	0	
0.312	1.00802	0.0903689	1.18558	0.992048	2.94038	1.17615	0.906959	0	0	0	0	0	0	0	0	
0.313	1.00802	0.0899925	1.18457	0.992046	2.93787	1.17515	0.907555	0	0	0	0	0	0	0	0	
0.314	1.00801	0.0896225	1.18358	0.992058	2.93544	1.17418	0.908134	0	0	0	0	0	0	0	0	
0.315	1.00798	0.0892588	1.18259	0.992082	2.93307	1.17323	0.908699	0	0	0	0	0	0	0	0	
0.316	1.00795	0.0889013	1.18162	0.992113	2.93075	1.1723	0.909253	0	0	0	0	0	0	0	0	
0.317	1.00792	0.0885499	1.18066	0.992146	2.92847	1.17139	0.909799	0	0	0	0	0	0	0	0	
0.318	1.00788	0.0882046	1.17971	0.992177	2.9262	1.17048	0.910341	0	0	0	0	0	0	0	0	
0.319	1.00786	0.087865	1.17877	0.992201	2.92395	1.16958	0.910882	0	0	0	0	0	0	0	0	
0.32	1.00785	0.0875312	1.17784	0.992216	2.92169	1.16868	0.911425	0	0	0	0	0	0	0	0	
0.321	1.00784	0.0872028	1.17693	0.992218	2.91942	1.16777	0.91197	0	0	0	0	0	0	0	0	
0.322	1.00785	0.0868797	1.17602	0.992209	2.91715	1.16686	0.912518	0	0	0	0	0	0	0	0	
0.323	1.00787	0.0865616	1.17513	0.992187	2.91486	1.16594	0.913069	0	0	0	0	0	0	0	0	
0.324	1.00791	0.0862484	1.17424	0.992153	2.91256	1.16503	0.913623	0	0	0	0	0	0	0	0	
0.325	1.00796	0.0859398	1.17336	0.992107	2.91026	1.1641	0.91418	0	0	0	0	0	0	0	0	
0.326	1.00801	0.0856357	1.1725	0.99205	2.90794	1.16318	0.914739	0	0	0	0	0	0	0	0	
0.327	1.00809	0.0853358	1.17164	0.99198	2.90561	1.16224	0.915302	0	0	0	0	0	0	0	0	
0.328	1.00817	0.0850399	1.17079	0.991894	2.90326	1.1613	0.91587	0	0	0	0	0	0	0	0	
0.329	1.00828	0.0847478	1.16996	0.991791	2.90088	1.16035	0.916444	0	0	0	0	0	0	0	0	
0.33	1.0084	0.0844592	1.16913	0.991668	2.89847	1.15939	0.917027	0	0	0	0	0	0	0	0	
0.331	1.00855	0.084174	1.16831	0.991525	2.89602	1.15841	0.917617	0	0	0	0	0	0	0	0	
0.332	1.00871	0.0838919	1.1675	0.991365	2.89355	1.15742	0.918214	0	0	0	0	0	0	0	0	
0.333	1.00888	0.0836127	1.1667	0.991194	2.89107	1.15643	0.918812	0	0	0	0	0	0	0	0	
0.334	1.00906	0.0833364	1.16591	0.991023	2.88861	1.15544	0.919405	0	0	0	0	0	0	0	0	
0.335	1.00922	0.0830628	1.16513	0.990865	2.88621	1.15448	0.919986	0	0	0	0	0	0	0	0	
0.336	1.00935	0.082792	1.16435	0.990732	2.88391	1.15356	0.920545	0	0	0	0	0	0	0	0	
0.337	1.00945	0.082524	1.16359	0.990635	2.88173	1.15269	0.921076	0	0	0	0	0	0	0	0	
0.338	1.00951	0.0822588	1.16283	0.990581	2.8797	1.15188	0.921574	0	0	0	0	0	0	0	0	
0.339	1.00952	0.0819967	1.16209	0.990571	2.87782	1.15113	0.92204	0	0	0	0	0	0	0	0	
0.34	1.00949	0.0817378	1.16135	0.9906	2.87608	1.15043	0.922476	0	0	0	0	0	0	0	0	
0.341	1.00943	0.081482	1.16062	0.990662	2.87445	1.14978	0.922887	0	0	0	0	0	0	0	0	
0.342	1.00934	0.0812295	1.15989	0.990746	2.8729	1.14916	0.92328	0	0	0	0	0	0	0	0	
0.343	1.00924	0.0809803	1.15918	0.990842	2.87141	1.14856	0.923662	0	0	0	0	0	0	0	0	
0.344	1.00914	0.0807345	1.15847	0.99094	2.86994	1.14798	0.924039	0	0	0	0	0	0	0	0	
0.345	1.00905	0.0804918	1.15777	0.991033	2.86848	1.14739	0.924416	0	0	0	0	0	0	0	0	
0.346	1.00896	0.0802524	1.15708	0.991115	2.86701	1.1468	0.924796	0	0	0	0	0	0	0	0	
0.347	1.00889	0.080016	1.1564	0.991186	2.86551	1.14621	0.92518	0	0	0	0	0	0	0	0	
0.348	1.00883	0.0797827	1.15572	0.991247	2.86401	1.1456	0.925568	0	0	0	0	0	0	0	0	
0.349	1.00878	0.0795524	1.15505	0.991299	2.8625	1.145	0.925958	0	0	0	0	0	0	0	0	
0.35	1.00873	0.079325	1.15439	0.991345	2.86099	1.14439	0.926349	0	0	0	0	0	0	0	0	
0.351	1.00869	0.0791004	1.15373	0.991383	2.85946	1.14379	0.926742	0	0	0	0	0	0	0	0	
0.352	1.00867	0.0788787	1.15308	0.991407	2.85792	1.14317	0.927141	0	0	0	0	0	0	0	0	
0.353	1.00867	0.0786598	1.15243	0.991409	2.85633	1.14253	0.92755	0	0	0	0	0	0	0	0	
0.354	1.0087	0.0784434	1.15179	0.991379	2.85466	1.14186	0.927976	0	0	0	0	0	0	0	0	
0.355	1.00876	0.0782294	1.15116	0.991312	2.85289	1.14116	0.928422	0	0	0	0	0	0	0	0	
0.356	1.00887	0.0780177	1.15053	0.991207	2.85103	1.14041	0.928888	0	0	0	0	0	0	0	0	
0.357	1.00901	0.0778081	1.14991	0.991073	2.8491	1.13964	0.929369	0	0	0	0	0	0	0	0	
0.358	1.00916	0.0776006	1.14929	0.990923	2.84715	1.13886	0.929856	0	0	0	0	0	0	0	0	
0.359	1.00931	0.077395	1.14868	0.990775	2.84521	1.13808	0.930339	0	0	0	0	0	0	0	0	
0.36	1.00945	0.0771914	1.14807	0.990643	2.84332	1.13733	0.93081	0	0	0	0	0	0	0	0	
0.361	1.00955	0.0769898	1.14747	0.990536	2.84153	1.13661	0.931263	0	0	0	0	0	0	0	0	
0.362	1.00963	0.0767904	1.14687	0.990458	2.83983	1.13593	0.931696	0	0	0	0	0	0	0	0	
0.363	1.00969	0.0765932	1.14628	0.990406	2.83822	1.13529	0.932111	0	0	0	0	0	0	0	0	
0.364	1.00972	0.0763982	1.1457	0.990377	2.83668	1.13467	0.932509	0	0	0	0	0	0	0	0	
0.365	1.00973	0.0762056	1.14512	0.990363	2.8352	1.13408	0.932895	0	0	0	0	0	0	0	0	
0.366	1.00973	0.0760153	1.14454	0.990361	2.83377	1.13351	0.933273	0	0	0	0	0	0	0	0	
0.367	1.00973	0.0758273	1.14397	0.990365	2.83236	1.13294	0.933644	0	0	0	0	0	0	0	0	
0.368	1.00973	0.0756416	1.1434	0.990368	2.83097	1.13239	0.934014	0	0	0	0	0	0	0	0	
0.369	1.00973	0.0754583	1.14284	0.990368	2.82957	1.13183	0.934383	0	0	0	0	0	0	0	0	
0.37	1.00973	0.0752772	1.14228	0.990363	2.82818	1.13127	0.934753	0	0	0	0	0	0	0	0	
0.371	1.00974	0.0750983	1.14173	0.990356	2.82679	1.13072	0.935122	0	0	0	0	0	0	0	0	
0.372	1.00974	0.0749216	1.14118	0.99035	2.82541	1.13016	0.935488	0	0	0	0	0	0	0	0	
0.373	1.00975	0.074747	1.14063	0.990349	2.82406	1.12962	0.935851	0	0	0	0	0	0	0	0	
0.374	1.00974	0.0745747	1.14009	0.990351	2.82272	1.12909	0.936208	0	0	0	0	0	0	0	0	
0.375	1.00974	0.0744044	1.13955	0.990354	2.8214	1.12856	0.936564	0	0	0	0	0	0	0	0	
0.376	1.00975	0.0742363	1.13902	0.990346	2.82006	1.12802	0.936924	0	0	0	0	0	0	0	0	
0.377	1.00978	0.0740702	1.13849	0.990315	2.81866	1.12747	0.937294	0	0	0	0	0	0	0	0	
0.378	1.00984	0.073906	1.13797	0.990252	2.81718	1.12687	0.937681	0	0	0	0	0	0	0	0	
0.379	1.00995	0.0737435	1.13744	0.990152	2.81561	1.12624	0.938086	0	0	0	0	0	0	0	0	
0.38	1.01008	0.0735826	1.13693	0.990019	2.81395	1.12558	0.938508	0	0	0	0	0	0	0	0	
0.381	1.01024	0.0734231	1.13641	0.989867	2.81224	1.1249	0.938939	0	0	0	0	0	0	0	0	
0.382	1.01039	0.073265	1.1359	0.989715	2.81055	1.12422	0.939367	0	0	0	0	0	0	0	0	
0.383	1.01053	0.0731084	1.1354	0.989582	2.80892	1.12357	0.939783	0	0	0	0	0	0	0	0	
0.384	1.01063	0.0729532	1.13489	0.989481	2.80739	1.12296	0.940179	0	0	0	0	0	0	0	0	
0.385	1.0107	0.0727995	1.1344	0.989413	2.80596	1.12239	0.940555	0	0	0	0	0	0	0	0	
0.386	1.01074	0.0726473	1.1339	0.989369	2.80462	1.12185	0.940915	0	0	0	0	0	0	0	0	
0.387	1.01078	0.0724968	1.13341	0.989335	2.8033	1.12132	0.941269	0	0	0	0	0	0	0	0	
0.388	1.01082	0.0723477	1.13292	0.989296	2.80199	1.12079	0.941622	0	0	0	0	0	0	0	0	
0.389	1.01087	0.0722002	1.13244	0.989244	2.80064	1.12026	0.94198	0	0	0	0	0	0	0	0	
0.39	1.01094	0.072054	1.13196	0.989181	2.79928	1.11971	0.942343	0	0	0	0	0	0	0	0	
0.391	1.01101	0.0719092	1.13148	0.989114	2.79791	1.11916	0.942706	0	0	0	0	0	0	0	0	
0.392	1.01107	0.0717657	1.13101	0.989049	2.79656	1.11862	0.943067	0	0	0	0	0	0	0	0	
0.393	1.01113	0.0716234	1.13054	0.988989	2.79523	1.11809	0.943422	0	0	0	0	0	0	0	0	
0.394	1.01119	0.0714825	1.13007	0.988932	2.79392	1.11757	0.943775	0	0	0	0	0	0	0	0	
0.395	1.01125	0.0713428	1.12961	0.988874	2.79261	1.11705	0.944126	0	0	0	0	0	0	0	0	
0.396	1.01131	0.0712044	1.12915	0.988813	2.79131	1.11652	0.944477	0	0	0	0	0	0	0	0	
0.397	1.01138	0.0710672	1.1287	0.988752	2.79001	1.116	0.944826	0	0	0	0	0	0	0	0	
0.398	1.01143	0.0709313	1.12825	0.988698	2.78874	1.1155	0.94517	0	0	0	0	0	0	0	0	
0.399	1.01147	0.0707966	1.1278	0.988658	2.78752	1.11501	0.945506	0	0	0	0	0	0	0	0	
0.4	1.01149	0.0706633	1.12736	0.988637	2.78636	1.11455	0.945829	0	0	0	0	0	0	0	0	
0.401	1.0115	0.0705314	1.12691	0.988634	2.78526	1.11411	0.946143	0	0	0	0	0	0	0	0	
0.402	1.01149	0.070401	1.12648	0.98864	2.7842	1.11368	0.94645	0	0	0	0	0	0	0	0	
0.403	1.01148	0.070272	1.12604	0.988646	2.78314	1.11325	0.946756	0	0	0	0	0	0	0	0	
0.404	1.01149	0.0701445	1.12561	0.988638	2.78205	1.11282	0.947067	0	0	0	0	0	0	0	0	
0.405	1.01152	0.0700183	1.12518	0.988608	2.7809	1.11236	0.947388	0	0	0	0	0	0	0	0	
0.406	1.01159	0.0698935	1.12475	0.988547	2.77967	1.11187	0.947723	0	0	0	0	0	0	0	0	
0.407	1.01168	0.0697699	1.12433	0.988451	2.77836	1.11134	0.948074	0	0	0	0	0	0	0	0	
0.408	1.01182	0.0696473	1.12391	0.988319	2.77695	1.11078	0.948441	0	0	0	0	0	0	0	0	
0.409	1.01198	0.0695258	1.12349	0.988161	2.77547	1.11019	0.948821	0	0	0	0	0	0	0	0	
0.41	1.01215	0.0694052	1.12307	0.987993	2.77396	1.10959	0.949204	0	0	0	0	0	0	0	0	
0.411	1.01231	0.0692856	1.12266	0.987836	2.7725	1.109	0.94958	0	0	0	0	0	0	0	0	
0.412	1.01244	0.069167	1.12225	0.987713	2.77114	1.10846	0.949938	0	0	0	0	0	0	0	0	
0.413	1.01252	0.0690495	1.12184	0.98764	2.76993	1.10797	0.950271	0	0	0	0	0	0	0	0	
0.414	1.01254	0.0689333	1.12143	0.987616	2.76886	1.10754	0.950577	0	0	0	0	0	0	0	0	
0.415	1.01253	0.0688185	1.12103	0.987628	2.7679	1.10716	0.950865	0	0	0	0	0	0	0	0	
0.416	1.01251	0.0687051	1.12063	0.987647	2.76696	1.10678	0.951148	0	0	0	0	0	0	0	0	
0.417	1.01251	0.0685931	1.12023	0.987645	2.76597	1.10639	0.951439	0	0	0	0	0	0	0	0	
0.418	1.01256	0.0684823	1.11983	0.9876	2.76487	1.10595	0.95175	0	0	0	0	0	0	0	0	
0.419	1.01265	0.0683726	1.11944	0.98751	2.76364	1.10546	0.952081	0	0	0	0	0	0	0	0	
0.42	1.01277	0.0682639	1.11905	0.987387	2.76233	1.10493	0.952428	0	0	0	0	0	0	0	0	
0.421	1.01291	0.0681561	1.11866	0.987256	2.761	1.1044	0.952777	0	0	0	0	0	0	0	0	
0.422	1.01303	0.0680492	1.11827	0.987141	2.75972	1.10389	0.953117	0	0	0	0	0	0	0	0	
0.423	1.01311	0.0679433	1.11788	0.987059	2.75854	1.10342	0.953441	0	0	0	0	0	0	0	0	
0.424	1.01316	0.0678383	1.1175	0.987008	2.75745	1.10298	0.953749	0	0	0	0	0	0	0	0	
0.425	1.01319	0.0677344	1.11712	0.986979	2.75643	1.10257	0.954045	0	0	0	0	0	0	0	0	
0.426	1.01321	0.0676315	1.11674	0.986959	2.75544	1.10218	0.954336	0	0	0	0	0	0	0	0	
0.427	1.01323	0.0675298	1.11636	0.98694	2.75446	1.10178	0.954626	0	0	0	0	0	0	0	0	
0.428	1.01325	0.067429	1.11599	0.986922	2.75349	1.10139	0.954914	0	0	0	0	0	0	0	0	
0.429	1.01326	0.0673293	1.11562	0.98691	2.75254	1.10101	0.955198	0	0	0	0	0	0	0	0	
0.43	1.01327	0.0672307	1.11525	0.986908	2.75162	1.10065	0.955477	0	0	0	0	0	0	0	0	
0.431	1.01326	0.0671332	1.11488	0.986912	2.75072	1.10029	0.955752	0	0	0	0	0	0	0	0	
0.432	1.01327	0.0670367	1.11451	0.986906	2.7498	1.09992	0.956031	0	0	0	0	0	0	0	0	
0.433	1.0133	0.0669412	1.11415	0.98687	2.74881	1.09952	0.956322	0	0	0	0	0	0	0	0	
0.434	1.01339	0.0668466	1.11379	0.986786	2.74768	1.09907	0.956633	0	0	0	0	0	0	0	0	
0.435	1.01354	0.0667527	1.11343	0.986644	2.7464	1.09856	0.956969	0	0	0	0	0	0	0	0	
0.436	1.01373	0.0666594	1.11307	0.986454	2.74498	1.09799	0.957325	0	0	0	0	0	0	0	0	
0.437	1.01395	0.0665667	1.11271	0.986243	2.74352	1.09741	0.957689	0	0	0	0	0	0	0	0	
0.438	1.01415	0.0664745	1.11236	0.986048	2.7421	1.09684	0.958046	0	0	0	0	0	0	0	0	
0.439	1.0143	0.0663829	1.11201	0.985906	2.74083	1.09633	0.958378	0	0	0	0	0	0	0	0	
0.44	1.01436	0.0662922	1.11166	0.985842	2.73979	1.09592	0.958676	0	0	0	0	0	0	0	0	
0.441	1.01434	0.0662024	1.11131	0.98586	2.73898	1.09559	0.958938	0	0	0	0	0	0	0	0	
0.442	1.01426	0.0661138	1.11096	0.985943	2.73835	1.09534	0.959171	0	0	0	0	0	0	0	0	
0.443	1.01414	0.0660264	1.11061	0.986056	2.73782	1.09513	0.959389	0	0	0	0	0	0	0	0	
0.444	1.01403	0.0659403	1.11027	0.986162	2.73726	1.09491	0.95961	0	0	0	0	0	0	0	0	
0.445	1.01396	0.0658554	1.10993	0.986229	2.73661	1.09464	0.959846	0	0	0	0	0	0	0	0	
0.446	1.01395	0.0657713	1.10959	0.986241	2.7358	1.09432	0.960105	0	0	0	0	0	0	0	0	
0.447	1.014	0.0656881	1.10925	0.986197	2.73484	1.09394	0.960387	0	0	0	0	0	0	0	0	
0.448	1.01409	0.0656053	1.10891	0.986108	2.73377	1.09351	0.960687	0	0	0	0	0	0	0	0	
0.449	1.01421	0.065523	1.10858	0.98599	2.73262	1.09305	0.960998	0	0	0	0	0	0	0	0	
0.45	1.01434	0.065441	1.10825	0.985858	2.73143	1.09257	0.961314	0	0	0	0	0	0	0	0	
0.451	1.01449	0.0653591	1.10792	0.985722	2.73024	1.0921	0.961631	0	0	0	0	0	0	0	0	
0.452	1.01463	0.0652774	1.10759	0.985584	2.72905	1.09162	0.961948	0	0	0	0	0	0	0	0	
0.453	1.01477	0.0651958	1.10726	0.985443	2.72786	1.09114	0.962264	0	0	0	0	0	0	0	0	
0.454	1.01493	0.0651142	1.10694	0.985294	2.72665	1.09066	0.962581	0	0	0	0	0	0	0	0	
0.455	1.01509	0.0650327	1.10662	0.985131	2.72541	1.09016	0.962904	0	0	0	0	0	0	0	0	
0.456	1.01528	0.0649511	1.1063	0.984948	2.72411	1.08965	0.963232	0	0	0	0	0	0	0	0	
0.457	1.01549	0.0648695	1.10598	0.984746	2.72278	1.08911	0.963566	0	0	0	0	0	0	0	0	
0.458	1.01571	0.0647879	1.10567	0.984535	2.72142	1.08857	0.963902	0	0	0	0	0	0	0	0	
0.459	1.01592	0.0647063	1.10535	0.984332	2.72009	1.08803	0.964234	0	0	0	0	0	0	0	0	
0.46	1.01609	0.0646249	1.10504	0.984162	2.71885	1.08754	0.964552	0	0	0	0	0	0	0	0	
0.461	1.0162	0.0645439	1.10473	0.984054	2.7178	1.08712	0.964846	0	0	0	0	0	0	0	0	
0.462	1.01623	0.0644634	1.10443	0.98403	2.71697	1.08679	0.965106	0	0	0	0	0	0	0	0	
0.463	1.01616	0.064384	1.10412	0.984098	2.71641	1.08656	0.965331	0	0	0	0	0	0	0	0	
0.464	1.01601	0.0643057	1.10382	0.984246	2.71607	1.08643	0.965525	0	0	0	0	0	0	0	0	
0.465	1.0158	0.0642289	1.10352	0.984443	2.71587	1.08635	0.9657	0	0	0	0	0	0	0	0	
0.466	1.01559	0.0641537	1.10321	0.984647	2.71569	1.08628	0.965871	0	0	0	0	0	0	0	0	
0.467	1.01542	0.06408	1.10291	0.984815	2.71542	1.08617	0.966056	0	0	0	0	0	0	0	0	
0.468	1.01532	0.0640078	1.10262	0.984912	2.71495	1.08598	0.966267	0	0	0	0	0	0	0	0	
0.469	1.01531	0.063937	1.10232	0.984918	2.71423	1.08569	0.966512	0	0	0	0	0	0	0	0	
0.47	1.01541	0.0638672	1.10202	0.984827	2.71324	1.0853	0.966792	0	0	0	0	0	0	0	0	
0.471	1.01559	0.0637982	1.10172	0.984646	2.71202	1.08481	0.967104	0	0	0	0	0	0	0	0	
0.472	1.01585	0.06373	1.10143	0.984397	2.7106	1.08424	0.967441	0	0	0	0	0	0	0	0	
0.473	1.01614	0.0636622	1.10113	0.984112	2.70909	1.08364	0.967789	0	0	0	0	0	0	0	0	
0.474	1.01643	0.0635949	1.10083	0.983837	2.70761	1.08304	0.968134	0	0	0	0	0	0	0	0	
0.475	1.01666	0.0635281	1.10054	0.983617	2.70628	1.08251	0.968458	0	0	0	0	0	0	0	0	
0.476	1.01679	0.063462	1.10025	0.98349	2.70521	1.08208	0.968748	0	0	0	0	0	0	0	0	
0.477	1.01681	0.0633968	1.09996	0.983466	2.70442	1.08177	0.969002	0	0	0	0	0	0	0	0	
0.478	1.01675	0.0633326	1.09967	0.983527	2.70388	1.08155	0.969225	0	0	0	0	0	0	0	0	
0.479	1.01665	0.0632696	1.09938	0.983625	2.70343	1.08137	0.969434	0	0	0	0	0	0	0	0	
0.48	1.01657	0.0632079	1.09909	0.983698	2.70292	1.08117	0.96965	0	0	0	0	0	0	0	0	
0.481	1.01658	0.0631471	1.0988	0.983695	2.7022	1.08088	0.969892	0	0	0	0	0	0	0	0	
0.482	1.01669	0.0630872	1.09851	0.983588	2.70121	1.08048	0.970168	0	0	0	0	0	0	0	0	
0.483	1.01689	0.0630279	1.09822	0.983392	2.69996	1.07998	0.970475	0	0	0	0	0	0	0	0	
0.484	1.01714	0.0629691	1.09794	0.983152	2.6986	1.07944	0.970795	0	0	0	0	0	0	0	0	
0.485	1.01736	0.0629107	1.09765	0.982935	2.6973	1.07892	0.971108	0	0	0	0	0	0	0	0	
0.486	1.0175	0.0628528	1.09737	0.982801	2.69624	1.0785	0.971393	0	0	0	0	0	0	0	0	
0.487	1.01751	0.0627956	1.09709	0.982788	2.69551	1.0782	0.971638	0	0	0	0	0	0	0	0	
0.488	1.0174	0.0627392	1.0968	0.982894	2.69511	1.07804	0.971844	0	0	0	0	0	0	0	0	
0.489	1.01721	0.0626839	1.09652	0.983082	2.69493	1.07797	0.972022	0	0	0	0	0	0	0	0	
0.49	1.01699	0.0626296	1.09625	0.983292	2.69482	1.07793	0.972193	0	0	0	0	0	0	0	0	
0.491	1.01682	0.062576	1.09597	0.983456	2.69459	1.07784	0.972378	0	0	0	0	0	0	0	0	
0.492	1.01676	0.0625229	1.09569	0.983517	2.69408	1.07763	0.972595	0	0	0	0	0	0	0	0	
0.493	1.01683	0.0624699	1.09542	0.983449	2.69322	1.07729	0.972852	0	0	0	0	0	0	0	0	
0.494	1.01703	0.0624164	1.09515	0.983255	2.69202	1.07681	0.973147	0	0	0	0	0	0	0	0	
0.495	1.01732	0.0623621	1.09488	0.982973	2.69059	1.07623	0.97347	0	0	0	0	0	0	0	0	
0.496	1.01765	0.0623068	1.09461	0.982654	2.68906	1.07562	0.973802	0	0	0	0	0	0	0	0	
0.497	1.01796	0.0622502	1.09435	0.982357	2.68759	1.07504	0.974127	0	0	0	0	0	0	0	0	
0.498	1.0182	0.0621925	1.09408	0.982128	2.68633	1.07453	0.974431	0	0	0	0	0	0	0	0	
0.499	1.01833	0.0621338	1.09383	0.981999	2.68534	1.07414	0.974703	0	0	0	0	0	0	0	0	
0.5	1.01835	0.0620744	1.09357	0.981982	2.68467	1.07387	0.97494	0	0	0	0	0	0	0	0	
0.501	1.01826	0.0620146	1.09332	0.982067	2.68428	1.07371	0.975147	0	0	0	0	0	0	0	0	
0.502	1.0181	0.0619547	1.09307	0.982222	2.68409	1.07363	0.975332	0	0	0	0	0	0	0	0	
0.503	1.01792	0.061895	1.09282	0.982398	2.68396	1.07358	0.975511	0	0	0	0	0	0	0	0	
0.504	1.01777	0.0618356	1.09257	0.98254	2.68374	1.0735	0.975699	0	0	0	0	0	0	0	0	
0.505	1.0177	0.0617768	1.09233	0.982608	2.68333	1.07333	0.975908	0	0	0	0	0	0	0	0	
0.506	1.01773	0.0617184	1.09208	0.982576	2.68264	1.07306	0.976145	0	0	0	0	0	0	0	0	
0.507	1.01787	0.0616606	1.09184	0.982447	2.68169	1.07268	0.976409	0	0	0	0	0	0	0	0	
0.508	1.01808	0.0616032	1.0916	0.982239	2.68053	1.07221	0.976695	0	0	0	0	0	0	0	0	
0.509	1.01835	0.0615463	1.09136	0.981982	2.67923	1.07169	0.976994	0	0	0	0	0	0	0	0	
0.51	1.01864	0.0614898	1.09111	0.981703	2.67788	1.07115	0.977297	0	0	0	0	0	0	0	0	
0.511	1.01892	0.0614338	1.09087	0.98143	2.67654	1.07062	0.977599	0	0	0	0	0	0	0	0	
0.512	1.01917	0.0613782	1.09063	0.981186	2.67528	1.07011	0.977891	0	0	0	0	0	0	0	0	
0.513	1.01937	0.0613231	1.09039	0.980997	2.67418	1.06967	0.978168	0	0	0	0	0	0	0	0	
0.514	1.01948	0.0612684	1.09015	0.980893	2.6733	1.06932	0.978422	0	0	0	0	0	0	0	0	
0.515	1.01948	0.0612142	1.08991	0.980896	2.67272	1.06909	0.978648	0	0	0	0	0	0	0	0	
0.516	1.01936	0.0611606	1.08967	0.981012	2.67246	1.06898	0.978844	0	0	0	0	0	0	0	0	
0.517	1.01914	0.0611077	1.08944	0.981216	2.67243	1.06897	0.979018	0	0	0	0	0	0	0	0	
0.518	1.01889	0.0610556	1.0892	0.981461	2.67252	1.06901	0.979181	0	0	0	0	0	0	0	0	
0.519	1.01865	0.061004	1.08897	0.981689	2.67257	1.06903	0.979349	0	0	0	0	0	0	0	0	
0.52	1.01849	0.0609531	1.08873	0.981849	2.67243	1.06897	0.979533	0	0	0	0	0	0	0	0	
0.521	1.01842	0.0609025	1.0885	0.98191	2.67203	1.06881	0.979742	0	0	0	0	0	0	0	0	
0.522	1.01847	0.0608522	1.08827	0.981863	2.67134	1.06854	0.979978	0	0	0	0	0	0	0	0	
0.523	1.01862	0.0608019	1.08804	0.981722	2.67039	1.06816	0.980237	0	0	0	0	0	0	0	0	
0.524	1.01883	0.0607516	1.08782	0.981517	2.66928	1.06771	0.98051	0	0	0	0	0	0	0	0	
0.525	1.01907	0.0607014	1.08759	0.981284	2.66809	1.06724	0.980789	0	0	0	0	0	0	0	0	
0.526	1.01931	0.0606512	1.08736	0.981056	2.66691	1.06677	0.981067	0	0	0	0	0	0	0	0	
0.527	1.01952	0.0606011	1.08714	0.980855	2.66581	1.06632	0.981337	0	0	0	0	0	0	0	0	
0.528	1.01969	0.0605513	1.08691	0.980689	2.66481	1.06592	0.981598	0	0	0	0	0	0	0	0	
0.529	1.01983	0.0605019	1.08669	0.980558	2.66391	1.06556	0.981851	0	0	0	0	0	0	0	0	
0.53	1.01994	0.060453	1.08647	0.980452	2.66307	1.06523	0.982096	0	0	0	0	0	0	0	0	
0.531	1.02003	0.0604046	1.08624	0.980359	2.66227	1.06491	0.982338	0	0	0	0	0	0	0	0	
0.532	1.02013	0.0603569	1.08602	0.980269	2.66148	1.06459	0.982579	0	0	0	0	0	0	0	0	
0.533	1.02022	0.0603097	1.0858	0.980178	2.66069	1.06428	0.982819	0	0	0	0	0	0	0	0	
0.534	1.02032	0.0602631	1.08558	0.980086	2.6599	1.06396	0.98306	0	0	0	0	0	0	0	0	
0.535	1.02042	0.0602171	1.08536	0.979987	2.65909	1.06363	0.983301	0	0	0	0	0	0	0	0	
0.536	1.02053	0.0601715	1.08514	0.979882	2.65826	1.0633	0.983542	0	0	0	0	0	0	0	0	
0.537	1.02063	0.0601265	1.08492	0.979791	2.65748	1.06299	0.983781	0	0	0	0	0	0	0	0	
0.538	1.02067	0.060082	1.0847	0.979749	2.65682	1.06273	0.98401	0	0	0	0	0	0	0	0	
0.539	1.02064	0.0600382	1.08448	0.979775	2.65636	1.06254	0.984224	0	0	0	0	0	0	0	0	
0.54	1.02058	0.059995	1.08426	0.979837	2.65599	1.0624	0.984431	0	0	0	0	0	0	0	0	
0.541	1.02055	0.0599524	1.08404	0.979862	2.65553	1.06221	0.984645	0	0	0	0	0	0	0	0	
0.542	1.02062	0.0599104	1.08382	0.9798	2.65483	1.06193	0.984875	0	0	0	0	0	0	0	0	
0.543	1.02075	0.0598688	1.08361	0.979675	2.65396	1.06158	0.985117	0	0	0	0	0	0	0	0	
0.544	1.02088	0.0598276	1.08339	0.979549	2.65309	1.06124	0.985359	0	0	0	0	0	0	0	0	
0.545	1.02097	0.0597868	1.08318	0.979462	2.65233	1.06093	0.985595	0	0	0	0	0	0	0	0	
0.546	1.02103	0.0597464	1.08296	0.979407	2.65165	1.06066	0.985824	0	0	0	0	0	0	0	0	
0.547	1.02107	0.0597066	1.08275	0.979364	2.65101	1.0604	0.98605	0	0	0	0	0	0	0	0	
0.548	1.0211	0.0596673	1.08253	0.979335	2.65041	1.06016	0.986274	0	0	0	0	0	0	0	0	
0.549	1.0211	0.0596286	1.08232	0.979339	2.6499	1.05996	0.986492	0	0	0	0	0	0	0	0	
0.55	1.02107	0.0595904	1.08211	0.979364	2.64945	1.05978	0.986705	0	0	0	0	0	0	0	0	
0.551	1.02106	0.0595528	1.0819	0.979377	2.64896	1.05959	0.986921	0	0	0	0	0	0	0	0	
0.552	1.02108	0.0595156	1.08169	0.979357	2.64839	1.05936	0.987142	0	0	0	0	0	0	0	0	
0.553	1.02111	0.0594788	1.08148	0.979323	2.64779	1.05912	0.987366	0	0	0	0	0	0	0	0	
0.554	1.02114	0.0594421	1.08127	0.9793	2.64721	1.05889	0.987587	0	0	0	0	0	0	0	0	
0.555	1.02116	0.0594056	1.08106	0.979275	2.64664	1.05866	0.987809	0	0	0	0	0	0	0	0	
0.556	1.02121	0.0593691	1.08085	0.979231	2.64601	1.0584	0.988034	0	0	0	0	0	0	0	0	
0.557	1.02126	0.0593322	1.08065	0.97918	2.64537	1.05815	0.988259	0	0	0	0	0	0	0	0	
0.558	1.02124	0.0592949	1.08045	0.979199	2.64493	1.05797	0.988474	0	0	0	0	0	0	0	0	
0.559	1.0211	0.0592572	1.08024	0.979338	2.64481	1.05792	0.988671	0	0	0	0	0	0	0	0	
0.56	1.02092	0.059219	1.08005	0.979509	2.64479	1.05792	0.988864	0	0	0	0	0	0	0	0	
0.561	1.02088	0.0591802	1.07985	0.979548	2.64441	1.05776	0.989074	0	0	0	0	0	0	0	0	
0.562	1.02104	0.0591406	1.07966	0.979398	2.64353	1.05741	0.989311	0	0	0	0	0	0	0	0	
0.563	1.02128	0.0591004	1.07946	0.979167	2.64244	1.05698	0.989559	0	0	0	0	0	0	0	0	
0.564	1.02146	0.0590598	1.07927	0.978987	2.64148	1.05659	0.989802	0	0	0	0	0	0	0	0	
0.565	1.02157	0.0590196	1.07908	0.978886	2.64074	1.0563	0.990033	0	0	0	0	0	0	0	0	
0.566	1.02163	0.0589804	1.07889	0.978826	2.64011	1.05605	0.990258	0	0	0	0	0	0	0	0	
0.567	1.02168	0.0589423	1.0787	0.978782	2.63953	1.05581	0.99048	0	0	0	0	0	0	0	0	
0.568	1.02174	0.0589057	1.07851	0.978726	2.6389	1.05556	0.990703	0	0	0	0	0	0	0	0	
0.569	1.0218	0.0588704	1.07831	0.978666	2.63827	1.05531	0.990927	0	0	0	0	0	0	0	0	
0.57	1.0218	0.0588361	1.07812	0.978664	2.63779	1.05511	0.991145	0	0	0	0	0	0	0	0	
0.571	1.02167	0.0588027	1.07792	0.97879	2.63765	1.05506	0.991349	0	0	0	0	0	0	0	0	
0.572	1.02141	0.0587704	1.07773	0.979035	2.63784	1.05513	0.991539	0	0	0	0	0	0	0	0	
0.573	1.02114	0.0587395	1.07753	0.979296	2.63806	1.05523	0.991729	0	0	0	0	0	0	0	0	
0.574	1.0209	0.0587107	1.07734	0.97953	2.63822	1.05529	0.991922	0	0	0	0	0	0	0	0	
0.575	1.02075	0.0586846	1.07714	0.979676	2.63812	1.05525	0.992126	0	0	0	0	0	0	0	0	
0.576	1.02084	0.058662	1.07694	0.979586	2.63739	1.05495	0.992355	0	0	0	0	0	0	0	0	
0.577	1.02117	0.058643	1.07673	0.979269	2.63602	1.05441	0.992607	0	0	0	0	0	0	0	0	
0.578	1.02154	0.0586271	1.07652	0.978916	2.63455	1.05382	0.992862	0	0	0	0	0	0	0	0	
0.579	1.02173	0.058613	1.0763	0.978728	2.63352	1.05341	0.993102	0	0	0	0	0	0	0	0	
0.58	1.02183	0.0585987	1.07609	0.978636	2.63275	1.0531	0.993331	0	0	0	0	0	0	0	0	
0.581	1.02202	0.0585813	1.07588	0.978453	2.63175	1.0527	0.993565	0	0	0	0	0	0	0	0	
0.582	1.0223	0.0585581	1.07568	0.978188	2.63055	1.05222	0.993805	0	0	0	0	0	0	0	0	
0.583	1.02247	0.0585278	1.07549	0.978024	2.62965	1.05186	0.994035	0	0	0	0	0	0	0	0	
0.584	1.02242	0.0584913	1.07532	0.978076	2.62935	1.05174	0.994248	0	0	0	0	0	0	0	0	
0.585	1.02225	0.0584514	1.07514	0.978231	2.62935	1.05174	0.994453	0	0	0	0	0	0	0	0	
0.586	1.02212	0.0584125	1.07497	0.97836	2.62928	1.05171	0.994659	0	0	0	0	0	0	0	0	
0.587	1.02223	0.0583785	1.07479	0.978256	2.62856	1.05142	0.994883	0	0	0	0	0	0	0	0	
0.588	1.02241	0.0583519	1.07461	0.978084	2.62763	1.05105	0.995111	0	0	0	0	0	0	0	0	
0.589	1.02258	0.0583321	1.07441	0.977915	2.6267	1.05068	0.99534	0	0	0	0	0	0	0	0	
0.59	1.02256	0.0583154	1.0742	0.977942	2.62627	1.05051	0.995556	0	0	0	0	0	0	0	0	
0.591	1.02254	0.0582953	1.07401	0.977954	2.62583	1.05033	0.995773	0	0	0	0	0	0	0	0	
0.592	1.02266	0.0582653	1.07383	0.977842	2.62509	1.05003	0.995995	0	0	0	0	0	0	0	0	
0.593	1.023	0.058221	1.07367	0.977516	2.62382	1.04953	0.996227	0	0	0	0	0	0	0	0	
0.594	1.0231	0.0581628	1.07353	0.977419	2.62322	1.04929	0.996447	0	0	0	0	0	0	0	0	
0.595	1.02331	0.0580951	1.07341	0.977218	2.62238	1.04895	0.996669	0	0	0	0	0	0	0	0	
0.596	1.02337	0.0580241	1.07329	0.977165	2.62195	1.04878	0.996885	0	0	0	0	0	0	0	0	
0.597	1.02329	0.0579587	1.07316	0.977238	2.62184	1.04874	0.997097	0	0	0	0	0	0	0	0	
0.598	1.02361	0.0579118	1.07301	0.976938	2.62066	1.04826	0.997321	0	0	0	0	0	0	0	0	
0.599	1.02334	0.0578969	1.07281	0.977191	2.62086	1.04834	0.99753	0	0	0	0	0	0	0	0	
0.6	1.02317	0.0579161	1.07257	0.977352	2.62069	1.04828	0.997742	0	0	0	0	0	0	0	0	
0.601	1.02291	0.0579724	1.07227	0.977606	2.62064	1.04826	0.997953	0	0	0	0	0	0	0	0	
0.602	1.02366	0.0580896	1.07188	0.976888	2.61776	1.04711	0.998189	0	0	0	0	0	0	0	0	
0.603	1.02346	0.0582267	1.07146	0.977074	2.61724	1.0469	0.998405	0	0	0	0	0	0	0	0	
0.604	1.0231	0.058119	1.0714	0.97742	2.61802	1.04721	0.998611	0	0	0	0	0	0	0	0	
0.605	1.02412	0.0575937	1.07195	0.976446	2.61675	1.0467	0.998834	0	0	0	0	0	0	0	0	
0.606	1.0244	0.0573914	1.07197	0.97618	2.6161	1.04644	0.999052	0	0	0	0	0	0	0	0	
0.607	1.02275	0.0583828	1.06985	0.977759	2.61515	1.04606	0.999265	0	0	0	0	0	0	0	0	
0.608	1.02057	0.057685	1.06732	0.979843	2.61452	1.04581	0.999475	0	0	0	0	0	0	0	0	
0.609	1.01916	0.0432286	1.06328	0.981204	2.60824	1.04329	0.999692	0	0	0	0	0	0	0	0	
0.61	0.970272	-0.0371821	0.989923	1.03064	2.55063	1.02025	0.99988	0	0	0	0	0	0	0	0	
0.611	0.829612	-0.158846	0.786848	1.20538	2.37113	0.948453	0.999979	0	0	0	0	0	0	0	0	
0.612	0.422903	-0.781609	0.315713	2.36461	1.86634	0.746538	1	0	0	0	0	0	0	0	0	
0.613	0.259259	-1.35769	0.0967742	3.85715	0.933181	0.373272	1	0	0	0	0	0	0	0	0	
0.614	0.259259	-1.35769	0.0967742	3.85715	0.933181	0.373272	1	0	0	0	0	0	0	0	0	
0.615	0.259259	-1.35769	0.0967742	3.85715	0.933181	0.373272	1	0	0	0	0	0	0	0	0	
0.616	0.259259	-1.35769	0.0967742	3.85715	0.933181	0.373272	1	0	0	0	0	0	0	0	0	
0.617	0.259259	-1.35769	0.0967742	3.85715	0.933181	0.373272	1	0	0	0	0	0	0	0	0	
0.618	0.259259	-1.35769	0.0967742	3.85715	0.933181	0.373272	1	0	0	0	0	0	0	0	0	
0.619	0.259259	-1.35769	0.0967742	3.85715	0.933181	0.373272	1	0	0	0	0	0	0	0	0	
0.62	0.259259	-1.35769	0.0967742	3.85715	0.933181	0.373272	1	0	0	0	0	0	0	0	0	
0.621	0.259259	-1.35769	0.0967742	3.85715	0.933181	0.373272	1	0	0	0	0	0	0	0	0	
0.622	0.259259	-1.35769	0.0967742	3.85715	0.933181	0.373272	1	0	0	0	0	0	0	0	0	
0.623	0.259259	-1.35769	0.0967742	3.85715	0.933181	0.373272	1	0	0	0	0	0	0	0	0	
0.624	0.259259	-1.35769	0.0967742	3.85715	0.933181	0.373272	1	0	0	0	0	0	0	0	0	
0.625	0.259259	-1.35769	0.0967742	3.85715	0.933181	0.373272	1	0	0	0	0	0	0	0	0	
0.626	0.259259	-1.35769	0.0967742	3.85715	0.933181	0.373272	1	0	0	0	0	0	0	0	0	
0.627	0.259259	-1.35769	0.0967742	3.85715	0.933181	0.373272	1	0	0	0	0	0	0	0	0	
0.628	0.259259	-1.35769	0.0967742	3.85715	0.933181	0.373272	1	0	0	0	0	0	0	0	0	
0.629	0.259259	-1.35769	0.0967742	3.85715	0.933181	0.373272	1	0	0	0	0	0	0	0	0	
0.63	0.259259	-1.35769	0.0967742	3.85715	0.933181	0.373272	1	0	0	0	0	0	0	0	0	
0.631	0.259259	-1.35769	0.0967742	3.85715	0.933181	0.373272	1	0	0	0	0	0	0	0	0	
0.632	0.259259	-1.35769	0.0967742	3.85715	0.933181	0.373272	1	0	0	0	0	0	0	0	0	
0.633	0.259259	-1.35769	0.0967742	3.85715	0.933181	0.373272	1	0	0	0	0	0	0	0	0	
0.634	0.259259	-1.35769	0.0967742	3.85715	0.933181	0.373272	1	0	0	0	0	0	0	0	0	
0.635	0.259259	-1.35769	0.0967742	3.85715	0.933181	0.373272	1	0	0	0	0	0	0	0	0	
0.636	0.259259	-1.35769	0.0967742	3.85715	0.933181	0.373272	1	0	0	0	0	0	0	0	0	
0.637	0.259259	-1.35769	0.0967742	3.85715	0.933181	0.373272	1	0	0	0	0	0	0	0	0	
0.638	0.259259	-1.35769	0.0967742	3.85715	0.933181	0.373272	1	0	0	0	0	0	0	0	0	
0.639	0.259259	-1.35769	0.0967742	3.85715	0.933181	0.373272	1	0	0	0	0	0	0	0	0	
0.64	0.259259	-1.35769	0.0967742	3.85715	0.933181	0.373272	1	0	0	0	0	0	0	0	0	
0.641	0.259259	-1.35769	0.0967742	3.85715	0.933181	0.373272	1	0	0	0	0	0	0	0	0	
0.642	0.259259	-1.35769	0.0967742	3.85715	0.933181	0.373272	1	0	0	0	0	0	0	0	0	
0.643	0.259259	-1.35769	0.0967742	3.85715	0.933181	0.373272	1	0	0	0	0	0	0	0	0	
0.644	0.259259	-1.35769	0.0967742	3.85715	0.933181	0.373272	1	0	0	0	0	0	0	0	0	
0.645	0.259259	-1.35769	0.0967742	3.85715	0.933181	0.373272	1	0	0	0	0	0	0	0	0	
0.646	0.259259	-1.35769	0.0967742	3.85715	0.933181	0.373272	1	0	0	0	0	0	0	0	0	
0.647	0.259259	-1.35769	0.0967742	3.85715	0.933181	0.373272	1	0	0	0	0	0	0	0	0	
0.648	0.259259	-1.35769	0.0967742	3.85715	0.933181	0.373272	1	0	0	0	0	0	0	0	0	
0.649	0.259259	-1.35769	0.0967742	3.85715	0.933181	0.373272	1	0	0	0	0	0	0	0	0	
0.65	0.259259	-1.35769	0.0967742	3.85715	0.933181	0.373272	1	0	0	0	0	0	0	0	0	
0.651	0.259259	-1.35769	0.0967742	3.85715	0.933181	0.373272	1	0	0	0	0	0	0	0	0	
0.652	0.259259	-1.35769	0.0967742	3.85715	0.933181	0.373272	1	0	0	0	0	0	0	0	0	
0.653	0.259259	-1.35769	0.0967742	3.85715	0.933181	0.373272	1	0	0	0	0	0	0	0	0	
0.654	0.259259	-1.35769	0.0967742	3.85715	0.933181	0.373272	1	0	0	0	0	0	0	0	0	
0.655	0.259259	-1.35769	0.0967742	3.85715	0.933181	0.373272	1	0	0	0	0	0	0	0	0	
0.656	0.259259	-1.35769	0.0967742	3.85715	0.933181	0.373272	1	0	0	0	0	0	0	0	0	
0.657	0.259259	-1.35769	0.0967742	3.85715	0.933181	0.373272	1	0	0	0	0	0	0	0	0	
0.658	0.259259	-1.35769	0.0967742	3.85715	0.933181	0.373272	1	0	0	0	0	0	0	0	0	
0.659	0.259259	-1.35769	0.0967742	3.85715	0.933181	0.373272	1	0	0	0	0	0	0	0	0	
0.66	0.259259	-1.35769	0.0967742	3.85715	0.933181	0.373272	1	0	0	0	0	0	0	0	0	
0.661	0.259259	-1.35769	0.0967742	3.85715	0.933181	0.373272	1	0	0	0	0	0	0	0	0	
0.662	0.259259	-1.35769	0.0967742	3.85715	0.933181	0.373272	1	0	0	0	0	0	0	0	0	
0.663	0.259259	-1.35769	0.0967742	3.85715	0.933181	0.373272	1	0	0	0	0	0	0	0	0	
0.664	0.259259	-1.35769	0.0967742	3.85715	0.933181	0.373272	1	0	0	0	0	0	0	0	0	
0.665	0.259259	-1.35769	0.0967742	3.85715	0.933181	0.373272	1	0	0	0	0	0	0	0	0	
0.666	0.259259	-1.35769	0.0967742	3.85715	0.933181	0.373272	1	0	0	0	0	0	0	0	0	
0.667	0.259259	-1.35769	0.0967742	3.85715	0.933181	0.373272	1	0	0	0	0	0	0	0	0	
0.668	0.259259	-1.35769	0.0967742	3.85715	0.933181	0.373272	1	0	0	0	0	0	0	0	0	
0.669	0.259259	-1.35769	0.0967742	3.85715	0.933181	0.373272	1	0	0	0	0	0	0	0	0	
0.67	0.259259	-1.35769	0.0967742	3.85715	0.933181	0.373272	1	0	0	0	0	0	0	0	0	
0.671	0.259259	-1.35769	0.0967742	3.85715	0.933181	0.373272	1	0	0	0	0	0	0	0	0	
0.672	0.259259	-1.35769	0.0967742	3.85715	0.933181	0.373272	1	0	0	0	0	0	0	0	0	
0.673	0.259259	-1.35769	0.0967742	3.85715	0.933181	0.373272	1	0	0	0	0	0	0	0	0	
0.674	0.259259	-1.35769	0.0967742	3.85715	0.933181	0.373272	1	0	0	0	0	0	0	0	0	
0.675	0.259259	-1.35769	0.0967742	3.85715	0.933181	0.373272	1	0	0	0	0	0	0	0	0	
0.676	0.259259	-1.35769	0.0967742	3.85715	0.933181	0.373272	1	0	0	0	0	0	0	0	0	
0.677	0.259259	-1.35769	0.0967742	3.85715	0.933181	0.373272	1	0	0	0	0	0	0	0	0	
0.678	0.259259	-1.35769	0.0967742	3.85715	0.933181	0.373272	1	0	0	0	0	0	0	0	0	
0.679	0.259259	-1.35769	0.0967742	3.85715	0.933181	0.373272	1	0	0	0	0	0	0	0	0	
0.68	0.259259	-1.35769	0.0967742	3.85715	0.933181	0.373272	1	0	0	0	0	0	0	0	0	
0.681	0.259259	-1.35769	0.0967742	3.85715	0.933181	0.373272	1	0	0	0	0	0	0	0	0	
0.682	0.259259	-1.35769	0.0967742	3.85715	0.933181	0.373272	1	0	0	0	0	0	0	0	0	
0.683	0.259259	-1.35769	0.0967742	3.85715	0.933181	0.373272	1	0	0	0	0	0	0	0	0	
0.684	0.259259	-1.35769	0.0967742	3.85715	0.933181	0.373272	1	0	0	0	0	0	0	0	0	
0.685	0.259259	-1.35769	0.0967742	3.85715	0.933181	0.373272	1	0	0	0	0	0	0	0	0	
0.686	0.259259	-1.35769	0.0967742	3.85715	0.933181	0.373272	1	0	0	0	0	0	0	0	0	
0.687	0.259259	-1.35769	0.0967742	3.85715	0.933181	0.373272	1	0	0	0	0	0	0	0	0	
0.688	0.259259	-1.35769	0.0967742	3.85715	0.933181	0.373272	1	0	0	0	0	0	0	0	0	
0.689	0.259259	-1.35769	0.0967742	3.85715	0.933181	0.373272	1	0	0	0	0	0	0	0	0	
0.69	0.259259	-1.35769	0.0967742	3.85715	0.933181	0.373272	1	0	0	0	0	0	0	0	0	
0.691	0.259259	-1.35769	0.0967742	3.85715	0.933181	0.373272	1	0	0	0	0	0	0	0	0	
0.692	0.259259	-1.35769	0.0967742	3.85715	0.933181	0.373272	1	0	0	0	0	0	0	0	0	
0.693	0.259259	-1.35769	0.0967742	3.85715	0.933181	0.373272	1	0	0	0	0	0	0	0	0	
0.694	0.259259	-1.35769	0.0967742	3.85715	0.933181	0.373272	1	0	0	0	0	0	0	0	0	
0.695	0.259259	-1.35769	0.0967742	3.85715	0.933181	0.373272	1	0	0	0	0	0	0	0	0	
0.696	0.259259	-1.35769	0.0967742	3.85715	0.933181	0.373272	1	0	0	0	0	0	0	0	0	
0.697	0.259259	-1.35769	0.0967742	3.85715	0.933181	0.373272	1	0	0	0	0	0	0	0	0	
0.698	0.259259	-1.35769	0.0967742	3.85715	0.933181	0.373272	1	0	0	0	0	0	0	0	0	
0.699	0.259259	-1.35769	0.0967742	3.85715	0.933181	0.373272	1	0	0	0	0	0	0	0	0	
0.7	0.259259	-1.35769	0.0967742	3.85715	0.933181	0.373272	1	0	0	0	0	0	0	0	0	
0.701	0.259259	-1.35769	0.0967742	3.85715	0.933181	0.373272	1	0	0	0	0	0	0	0	0	
0.702	0.259259	-1.35769	0.0967742	3.85715	0.933181	0.373272	1	0	0	0	0	0	0	0	0	
0.703	0.259259	-1.35769	0.0967742	3.85715	0.933181	0.373272	1	0	0	0	0	0	0	0	0	
0.704	0.259259	-1.35769	0.0967742	3.85715	0.933181	0.373272	1	0	0	0	0	0	0	0	0	
0.705	0.259259	-1.35769	0.0967742	3.85715	0.933181	0.373272	1	0	0	0	0	0	0	0	0	
0.706	0.259259	-1.35769	0.0967742	3.85715	0.933181	0.373272	1	0	0	0	0	0	0	0	0	
0.707	0.259259	-1.35769	0.0967742	3.85715	0.933181	0.373272	1	0	0	0	0	0	0	0	0	
0.708	0.259259	-1.35769	0.0967742	3.85715	0.933181	0.373272	1	0	0	0	0	0	0	0	0	
0.709	0.259259	-1.35769	0.0967742	3.85715	0.933181	0.373272	1	0	0	0	0	0	0	0	0	
0.71	0.259259	-1.35769	0.0967742	3.85715	0.933181	0.373272	1	0	0	0	0	0	0	0	0	
0.711	0.259259	-1.35769	0.0967742	3.85715	0.933181	0.373272	1	0	0	0	0	0	0	0	0	
0.712	0.259259	-1.35769	0.0967742	3.85715	0.933181	0.373272	1	0	0	0	0	0	0	0	0	
0.713	0.259259	-1.35769	0.0967742	3.85715	0.933181	0.373272	1	0	0	0	0	0	0	0	0	
0.714	0.259259	-1.35769	0.0967742	3.85715	0.933181	0.373272	1	0	0	0	0	0	0	0	0	
0.715	0.259259	-1.35769	0.0967742	3.85715	0.933181	0.373272	1	0	0	0	0	0	0	0	0	
0.716	0.259259	-1.35769	0.0967742	3.85715	0.933181	0.373272	1	0	0	0	0	0	0	0	0	
0.717	0.259259	-1.35769	0.0967742	3.85715	0.933181	0.373272	1	0	0	0	0	0	0	0	0	
0.718	0.259259	-1.35769	0.0967742	3.85715	0.933181	0.373272	1	0	0	0	0	0	0	0	0	
0.719	0.259259	-1.35769	0.0967742	3.85715	0.933181	0.373272	1	0	0	0	0	0	0	0	0	
0.72	0.259259	-1.35769	0.0967742	3.85715	0.933181	0.373272	1	0	0	0	0	0	0	0	0	
0.721	0.259259	-1.35769	0.0967742	3.85715	0.933181	0.373272	1	0	0	0	0	0	0	0	0	
0.722	0.259259	-1.35769	0.0967742	3.85715	0.933181	0.373272	1	0	0	0	0	0	0	0	0	
0.723	0.259259	-1.35769	0.0967742	3.85715	0.933181	0.373272	1	0	0	0	0	0	0	0	0	
0.724	0.259259	-1.35769	0.0967742	3.85715	0.933181	0.373272	1	0	0	0	0	0	0	0	0	
0.725	0.259259	-1.35769	0.0967742	3.85715	0.933181	0.373272	1	0	0	0	0	0	0	0	0	
0.726	0.259259	-1.35769	0.0967742	3.85715	0.933181	0.373272	1	0	0	0	0	0	0	0	0	
0.727	0.259259	-1.35769	0.0967742	3.85715	0.933181	0.373272	1	0	0	0	0	0	0	0	0	
0.728	0.259259	-1.35769	0.0967742	3.85715	0.933181	0.373272	1	0	0	0	0	0	0	0	0	
0.729	0.259259	-1.35769	0.0967742	3.85715	0.933181	0.373272	1	0	0	0	0	0	0	0	0	
0.73	0.259259	-1.35769	0.0967742	3.85715	0.933181	0.373272	1	0	0	0	0	0	0	0	0	
0.731	0.259259	-1.35769	0.0967742	3.85715	0.933181	0.373272	1	0	0	0	0	0	0	0	0	
0.732	0.259259	-1.35769	0.0967742	3.85715	0.933181	0.373272	1	0	0	0	0	0	0	0	0	
0.733	0.259259	-1.35769	0.0967742	3.85715	0.933181	0.373272	1	0	0	0	0	0	0	0	0	
0.734	0.259259	-1.35769	0.0967742	3.85715	0.933181	0.373272	1	0	0	0	0	0	0	0	0	
0.735	0.259259	-1.35769	0.0967742	3.85715	0.933181	0.373272	1	0	0	0	0	0	0	0	0	
0.736	0.259259	-1.35769	0.0967742	3.85715	0.933181	0.373272	1	0	0	0	0	0	0	0	0	
0.737	0.259259	-1.35769	0.0967742	3.85715	0.933181	0.373272	1	0	0	0	0	0	0	0	0	
0.738	0.259259	-1.35769	0.0967742	3.85715	0.933181	0.373272	1	0	0	0	0	0	0	0	0	
0.739	0.259259	-1.35769	0.0967742	3.85715	0.933181	0.373272	1	0	0	0	0	0	0	0	0	
0.74	0.259259	-1.35769	0.0967742	3.85715	0.933181	0.373272	1	0	0	0	0	0	0	0	0	
0.741	0.259259	-1.35769	0.0967742	3.85715	0.933181	0.373272	1	0	0	0	0	0	0	0	0	
0.742	0.259259	-1.35769	0.0967742	3.85715	0.933181	0.373272	1	0	0	0	0	0	0	0	0	
0.743	0.259259	-1.35769	0.0967742	3.85715	0.933181	0.373272	1	0	0	0	0	0	0	0	0	
0.744	0.259259	-1.35769	0.0967742	3.85715	0.933181	0.373272	1	0	0	0	0	0	0	0	0	
0.745	0.259259	-1.35769	0.0967742	3.85715	0.933181	0.373272	1	0	0	0	0	0	0	0	0	
0.746	0.259259	-1.35769	0.0967742	3.85715	0.933181	0.373272	1	0	0	0	0	0	0	0	0	
0.747	0.259259	-1.35769	0.0967742	3.85715	0.933181	0.373272	1	0	0	0	0	0	0	0	0	
0.748	0.259259	-1.35769	0.0967742	3.85715	0.933181	0.373272	1	0	0	0	0	0	0	0	0	
0.749	0.259259	-1.35769	0.0967742	3.85715	0.933181	0.373272	1	0	0	0	0	0	0	0	0	
0.75	0.259259	-1.35769	0.0967742	3.85715	0.933181	0.373272	1	0	0	0	0	0	0	0	0	
0.751	0.259259	-1.35769	0.0967742	3.85715	0.933181	0.373272	1	0	0	0	0	0	0	0	0	
0.752	0.259259	-1.35769	0.0967742	3.85715	0.933181	0.373272	1	0	0	0	0	0	0	0	0	
0.753	0.259259	-1.35769	0.0967742	3.85715	0.933181	0.373272	1	0	0	0	0	0	0	0	0	
0.754	0.259259	-1.35769	0.0967742	3.85715	0.933181	0.373272	1	0	0	0	0	0	0	0	0	
0.755	0.259259	-1.35769	0.0967742	3.85715	0.933181	0.373272	1	0	0	0	0	0	0	0	0	
0.756	0.259259	-1.35769	0.0967742	3.85715	0.933181	0.373272	1	0	0	0	0	0	0	0	0	
0.757	0.259259	-1.35769	0.0967742	3.85715	0.933181	0.373272	1	0	0	0	0	0	0	0	0	
0.758	0.259259	-1.35769	0.0967742	3.85715	0.933181	0.373272	1	0	0	0	0	0	0	0	0	
0.759	0.259259	-1.35769	0.0967742	3.85715	0.933181	0.373272	1	0	0	0	0	0	0	0	0	
0.76	0.259259	-1.35769	0.0967742	3.85715	0.933181	0.373272	1	0	0	0	0	0	0	0	0	
0.761	0.259259	-1.35769	0.0967742	3.85715	0.933181	0.373272	1	0	0	0	0	0	0	0	0	
0.762	0.259259	-1.35769	0.0967742	3.85715	0.933181	0.373272	1	0	0	0	0	0	0	0	0	
0.763	0.259259	-1.35769	0.0967742	3.85715	0.933181	0.373272	1	0	0	0	0	0	0	0	0	
0.764	0.259259	-1.35769	0.0967742	3.85715	0.933181	0.373272	1	0	0	0	0	0	0	0	0	
0.765	0.259259	-1.35769	0.0967742	3.85715	0.933181	0.373272	1	0	0	0	0	0	0	0	0	
0.766	0.259259	-1.35769	0.0967742	3.85715	0.933181	0.373272	1	0	0	0	0	0	0	0	0	
0.767	0.259259	-1.35769	0.0967742	3.85715	0.933181	0.373272	1	0	0	0	0	0	0	0	0	
0.768	0.259259	-1.35769	0.0967742	3.85715	0.933181	0.373272	1	0	0	0	0	0	0	0	0	
0.769	0.259259	-1.35769	0.0967742	3.85715	0.933181	0.373272	1	0	0	0	0	0	0	0	0	
0.77	0.259259	-1.35769	0.0967742	3.85715	0.933181	0.373272	1	0	0	0	0	0	0	0	0	
0.771	0.259259	-1.35769	0.0967742	3.85715	0.933181	0.373272	1	0	0	0	0	0	0	0	0	
0.772	0.259259	-1.35769	0.0967742	3.85715	0.933181	0.373272	1	0	0	0	0	0	0	0	0	
0.773	0.259259	-1.35769	0.0967742	3.85715	0.933181	0.373272	1	0	0	0	0	0	0	0	0	
0.774	0.259259	-1.35769	0.0967742	3.85715	0.933181	0.373272	1	0	0	0	0	0	0	0	0	
0.775	0.259259	-1.35769	0.0967742	3.85715	0.933181	0.373272	1	0	0	0	0	0	0	0	0	
0.776	0.259259	-1.35769	0.0967742	3.85715	0.933181	0.373272	1	0	0	0	0	0	0	0	0	
0.777	0.259259	-1.35769	0.0967742	3.85715	0.933181	0.373272	1	0	0	0	0	0	0	0	0	
0.778	0.259259	-1.35769	0.0967742	3.85715	0.933181	0.373272	1	0	0	0	0	0	0	0	0	
0.779	0.259259	-1.35769	0.0967742	3.85715	0.933181	0.373272	1	0	0	0	0	0	0	0	0	
0.78	0.259259	-1.35769	0.0967742	3.85715	0.933181	0.373272	1	0	0	0	0	0	0	0	0	
0.781	0.259259	-1.35769	0.0967742	3.85715	0.933181	0.373272	1	0	0	0	0	0	0	0	0	
0.782	0.259259	-1.35769	0.0967742	3.85715	0.933181	0.373272	1	0	0	0	0	0	0	0	0	
0.783	0.259259	-1.35769	0.0967742	3.85715	0.933181	0.373272	1	0	0	0	0	0	0	0	0	
0.784	0.259259	-1.35769	0.0967742	3.85715	0.933181	0.373272	1	0	0	0	0	0	0	0	0	
0.785	0.259259	-1.35769	0.0967742	3.85715	0.933181	0.373272	1	0	0	0	0	0	0	0	0	
0.786	0.259259	-1.35769	0.0967742	3.85715	0.933181	0.373272	1	0	0	0	0	0	0	0	0	
0.787	0.259259	-1.35769	0.0967742	3.85715	0.933181	0.373272	1	0	0	0	0	0	0	0	0	
0.788	0.259259	-1.35769	0.0967742	3.85715	0.933181	0.373272	1	0	0	0	0	0	0	0	0	
0.789	0.259259	-1.35769	0.0967742	3.85715	0.933181	0.373272	1	0	0	0	0	0	0	0	0	
0.79	0.259259	-1.35769	0.0967742	3.85715	0.933181	0.373272	1	0	0	0	0	0	0	0	0	
0.791	0.259259	-1.35769	0.0967742	3.85715	0.933181	0.373272	1	0	0	0	0	0	0	0	0	
0.792	0.259259	-1.35769	0.0967742	3.85715	0.933181	0.373272	1	0	0	0	0	0	0	0	0	
0.793	0.259259	-1.35769	0.0967742	3.85715	0.933181	0.373272	1	0	0	0	0	0	0	0	0	
0.794	0.259259	-1.35769	0.0967742	3.85715	0.933181	0.373272	1	0	0	0	0	0	0	0	0	
0.795	0.259259	-1.35769	0.0967742	3.85715	0.933181	0.373272	1	0	0	0	0	0	0	0	0	
0.796	0.259259	-1.35769	0.0967742	3.85715	0.933181	0.373272	1	0	0	0	0	0	0	0	0	
0.797	0.259259	-1.35769	0.0967742	3.85715	0.933181	0.373272	1	0	0	0	0	0	0	0	0	
0.798	0.259259	-1.35769	0.0967742	3.85715	0.933181	0.373272	1	0	0	0	0	0	0	0	0	
0.799	0.259259	-1.35769	0.0967742	3.85715	0.933181	0.373272	1	0	0	0	0	0	0	0	0	
0.8	0.259259	-1.35769	0.0967742	3.85715	0.933181	0.373272	1	0	0	0	0	0	0	0	0	
0.801	0.259259	-1.35769	0.0967742	3.85715	0.933181	0.373272	1	0	0	0	0	0	0	0	0	
0.802	0.259259	-1.35769	0.0967742	3.85715	0.933181	0.373272	1	0	0	0	0	0	0	0	0	
0.803	0.259259	-1.35769	0.0967742	3.85715	0.933181	0.373272	1	0	0	0	0	0	0	0	0	
0.804	0.259259	-1.35769	0.0967742	3.85715	0.933181	0.373272	1	0	0	0	0	0	0	0	0	
0.805	0.259259	-1.35769	0.0967742	3.85715	0.933181	0.373272	1	0	0	0	0	0	0	0	0	
0.806	0.259259	-1.35769	0.0967742	3.85715	0.933181	0.373272	1	0	0	0	0	0	0	0	0	
0.807	0.259259	-1.35769	0.0967742	3.85715	0.933181	0.373272	1	0	0	0	0	0	0	0	0	
0.808	0.259259	-1.35769	0.0967742	3.85715	0.933181	0.373272	1	0	0	0	0	0	0	0	0	
0.809	0.259259	-1.35769	0.0967742	3.85715	0.933181	0.373272	1	0	0	0	0	0	0	0	0	
0.81	0.259259	-1.35769	0.0967742	3.85715	0.933181	0.373272	1	0	0	0	0	0	0	0	0	
0.811	0.259259	-1.35769	0.0967742	3.85715	0.933181	0.373272	1	0	0	0	0	0	0	0	0	
0.812	0.259259	-1.35769	0.0967742	3.85715	0.933181	0.373272	1	0	0	0	0	0	0	0	0	
0.813	0.259259	-1.35769	0.0967742	3.85715	0.933181	0.373272	1	0	0	0	0	0	0	0	0	
0.814	0.259259	-1.35769	0.0967742	3.85715	0.933181	0.373272	1	0	0	0	0	0	0	0	0	
0.815	0.259259	-1.35769	0.0967742	3.85715	0.933181	0.373272	1	0	0	0	0	0	0	0	0	
0.816	0.259259	-1.35769	0.0967742	3.85715	0.933181	0.373272	1	0	0	0	0	0	0	0	0	
0.817	0.259259	-1.35769	0.0967742	3.85715	0.933181	0.373272	1	0	0	0	0	0	0	0	0	
0.818	0.259259	-1.35769	0.0967742	3.85715	0.933181	0.373272	1	0	0	0	0	0	0	0	0	
0.819	0.259259	-1.35769	0.0967742	3.85715	0.933181	0.373272	1	0	0	0	0	0	0	0	0	
0.82	0.259259	-1.35769	0.0967742	3.85715	0.933181	0.373272	1	0	0	0	0	0	0	0	0	
0.821	0.259259	-1.35769	0.0967742	3.85715	0.933181	0.373272	1	0	0	0	0	0	0	0	0	
0.822	0.259259	-1.35769	0.0967742	3.85715	0.933181	0.373272	1	0	0	0	0	0	0	0	0	
0.823	0.259259	-1.35769	0.0967742	3.85715	0.933181	0.373272	1	0	0	0	0	0	0	0	0	
0.824	0.259259	-1.35769	0.0967742	3.85715	0.933181	0.373272	1	0	0	0	0	0	0	0	0	
0.825	0.259259	-1.35769	0.0967742	3.85715	0.933181	0.373272	1	0	0	0	0	0	0	0	0	
0.826	0.259259	-1.35769	0.0967742	3.85715	0.933181	0.373272	1	0	0	0	0	0	0	0	0	
0.827	0.259259	-1.35769	0.0967742	3.85715	0.933181	0.373272	1	0	0	0	0	0	0	0	0	
0.828	0.259259	-1.35769	0.0967742	3.85715	0.933181	0.373272	1	0	0	0	0	0	0	0	0	
0.829	0.259259	-1.35769	0.0967742	3.85715	0.933181	0.373272	1	0	0	0	0	0	0	0	0	
0.83	0.259259	-1.35769	0.0967742	3.85715	0.933181	0.373272	1	0	0	0	0	0	0	0	0	
0.831	0.259259	-1.35769	0.0967742	3.85715	0.933181	0.373272	1	0	0	0	0	0	0	0	0	
0.832	0.259259	-1.35769	0.0967742	3.85715	0.933181	0.373272	1	0	0	0	0	0	0	0	0	
0.833	0.259259	-1.35769	0.0967742	3.85715	0.933181	0.373272	1	0	0	0	0	0	0	0	0	
0.834	0.259259	-1.35769	0.0967742	3.85715	0.933181	0.373272	1	0	0	0	0	0	0	0	0	
0.835	0.259259	-1.35769	0.0967742	3.85715	0.933181	0.373272	1	0	0	0	0	0	0	0	0	
0.836	0.259259	-1.35769	0.0967742	3.85715	0.933181	0.373272	1	0	0	0	0	0	0	0	0	
0.837	0.259259	-1.35769	0.0967742	3.85715	0.933181	0.373272	1	0	0	0	0	0	0	0	0	
0.838	0.259259	-1.35769	0.0967742	3.85715	0.933181	0.373272	1	0	0	0	0	0	0	0	0	
0.839	0.259259	-1.35769	0.0967742	3.85715	0.933181	0.373272	1	0	0	0	0	0	0	0	0	
0.84	0.259259	-1.35769	0.0967742	3.85715	0.933181	0.373272	1	0	0	0	0	0	0	0	0	
0.841	0.259259	-1.35769	0.0967742	3.85715	0.933181	0.373272	1	0	0	0	0	0	0	0	0	
0.842	0.259259	-1.35769	0.0967742	3.85715	0.933181	0.373272	1	0	0	0	0	0	0	0	0	
0.843	0.259259	-1.35769	0.0967742	3.85715	0.933181	0.373272	1	0	0	0	0	0	0	0	0	
0.844	0.259259	-1.35769	0.0967742	3.85715	0.933181	0.373272	1	0	0	0	0	0	0	0	0	
0.845	0.259259	-1.35769	0.0967742	3.85715	0.933181	0.373272	1	0	0	0	0	0	0	0	0	
0.846	0.259259	-1.35769	0.0967742	3.85715	0.933181	0.373272	1	0	0	0	0	0	0	0	0	
0.847	0.259259	-1.35769	0.0967742	3.85715	0.933181	0.373272	1	0	0	0	0	0	0	0	0	
0.848	0.259259	-1.35769	0.0967742	3.85715	0.933181	0.373272	1	0	0	0	0	0	0	0	0	
0.849	0.259259	-1.35769	0.0967742	3.85715	0.933181	0.373272	1	0	0	0	0	0	0	0	0	
0.85	0.259259	-1.35769	0.0967742	3.85715	0.933181	0.373272	1	0	0	0	0	0	0	0	0	
0.851	0.259259	-1.35769	0.0967742	3.85715	0.933181	0.373272	1	0	0	0	0	0	0	0	0	
0.852	0.259259	-1.35769	0.0967742	3.85715	0.933181	0.373272	1	0	0	0	0	0	0	0	0	
0.853	0.259259	-1.35769	0.0967742	3.85715	0.933181	0.373272	1	0	0	0	0	0	0	0	0	
0.854	0.259259	-1.35769	0.0967742	3.85715	0.933181	0.373272	1	0	0	0	0	0	0	0	0	
0.855	0.259259	-1.35769	0.0967742	3.85715	0.933181	0.373272	1	0	0	0	0	0	0	0	0	
0.856	0.259259	-1.35769	0.0967742	3.85715	0.933181	0.373272	1	0	0	0	0	0	0	0	0	
0.857	0.259259	-1.35769	0.0967742	3.85715	0.933181	0.373272	1	0	0	0	0	0	0	0	0	
0.858	0.259259	-1.35769	0.0967742	3.85715	0.933181	0.373272	1	0	0	0	0	0	0	0	0	
0.859	0.259259	-1.35769	0.0967742	3.85715	0.933181	0.373272	1	0	0	0	0	0	0	0	0	
0.86	0.259259	-1.35769	0.0967742	3.85715	0.933181	0.373272	1	0	0	0	0	0	0	0	0	
0.861	0.259259	-1.35769	0.0967742	3.85715	0.933181	0.373272	1	0	0	0	0	0	0	0	0	
0.862	0.259259	-1.35769	0.0967742	3.85715	0.933181	0.373272	1	0	0	0	0	0	0	0	0	
0.863	0.259259	-1.35769	0.0967742	3.85715	0.933181	0.373272	1	0	0	0	0	0	0	0	0	
0.864	0.259259	-1.35769	0.0967742	3.85715	0.933181	0.373272	1	0	0	0	0	0	0	0	0	
0.865	0.259259	-1.35769	0.0967742	3.85715	0.933181	0.373272	1	0	0	0	0	0	0	0	0	
0.866	0.259259	-1.35769	0.0967742	3.85715	0.933181	0.373272	1	0	0	0	0	0	0	0	0	
0.867	0.259259	-1.35769	0.0967742	3.85715	0.933181	0.373272	1	0	0	0	0	0	0	0	0	
0.868	0.259259	-1.35769	0.0967742	3.85715	0.933181	0.373272	1	0	0	0	0	0	0	0	0	
0.869	0.259259	-1.35769	0.0967742	3.85715	0.933181	0.373272	1	0	0	0	0	0	0	0	0	
0.87	0.259259	-1.35769	0.0967742	3.85715	0.933181	0.373272	1	0	0	0	0	0	0	0	0	
0.871	0.259259	-1.35769	0.0967742	3.85715	0.933181	0.373272	1	0	0	0	0	0	0	0	0	
0.872	0.259259	-1.35769	0.0967742	3.85715	0.933181	0.373272	1	0	0	0	0	0	0	0	0	
0.873	0.259259	-1.35769	0.0967742	3.85715	0.933181	0.373272	1	0	0	0	0	0	0	0	0	
0.874	0.259259	-1.35769	0.0967742	3.85715	0.933181	0.373272	1	0	0	0	0	0	0	0	0	
0.875	0.259259	-1.35769	0.0967742	3.85715	0.933181	0.373272	1	0	0	0	0	0	0	0	0	
0.876	0.259259	-1.35769	0.0967742	3.85715	0.933181	0.373272	1	0	0	0	0	0	0	0	0	
0.877	0.259259	-1.35769	0.0967742	3.85715	0.933181	0.373272	1	0	0	0	0	0	0	0	0	
0.878	0.259259	-1.35769	0.0967742	3.85715	0.933181	0.373272	1	0	0	0	0	0	0	0	0	
0.879	0.259259	-1.35769	0.0967742	3.85715	0.933181	0.373272	1	0	0	0	0	0	0	0	0	
0.88	0.259259	-1.35769	0.0967742	3.85715	0.933181	0.373272	1	0	0	0	0	0	0	0	0	
0.881	0.259259	-1.35769	0.0967742	3.85715	0.933181	0.373272	1	0	0	0	0	0	0	0	0	
0.882	0.259259	-1.35769	0.0967742	3.85715	0.933181	0.373272	1	0	0	0	0	0	0	0	0	
0.883	0.259259	-1.35769	0.0967742	3.85715	0.933181	0.373272	1	0	0	0	0	0	0	0	0	
0.884	0.259259	-1.35769	0.0967742	3.85715	0.933181	0.373272	1	0	0	0	0	0	0	0	0	
0.885	0.259259	-1.35769	0.0967742	3.85715	0.933181	0.373272	1	0	0	0	0	0	0	0	0	
0.886	0.259259	-1.35769	0.0967742	3.85715	0.933181	0.373272	1	0	0	0	0	0	0	0	0	
0.887	0.259259	-1.35769	0.0967742	3.85715	0.933181	0.373272	1	0	0	0	0	0	0	0	0	
0.888	0.259259	-1.35769	0.0967742	3.85715	0.933181	0.373272	1	0	0	0	0	0	0	0	0	
0.889	0.259259	-1.35769	0.0967742	3.85715	0.933181	0.373272	1	0	0	0	0	0	0	0	0	
0.89	0.259259	-1.35769	0.0967742	3.85715	0.933181	0.373272	1	0	0	0	0	0	0	0	0	
0.891	0.259259	-1.35769	0.0967742	3.85715	0.933181	0.373272	1	0	0	0	0	0	0	0	0	
0.892	0.259259	-1.35769	0.0967742	3.85715	0.933181	0.373272	1	0	0	0	0	0	0	0	0	
0.893	0.259259	-1.35769	0.0967742	3.85715	0.933181	0.373272	1	0	0	0	0	0	0	0	0	
0.894	0.259259	-1.35769	0.0967742	3.85715	0.933181	0.373272	1	0	0	0	0	0	0	0	0	
0.895	0.259259	-1.35769	0.0967742	3.85715	0.933181	0.373272	1	0	0	0	0	0	0	0	0	
0.896	0.259259	-1.35769	0.0967742	3.85715	0.933181	0.373272	1	0	0	0	0	0	0	0	0	
0.897	0.259259	-1.35769	0.0967742	3.85715	0.933181	0.373272	1	0	0	0	0	0	0	0	0	
0.898	0.259259	-1.35769	0.0967742	3.85715	0.933181	0.373272	1	0	0	0	0	0	0	0	0	
0.899	0.259259	-1.35769	0.0967742	3.85715	0.933181	0.373272	1	0	0	0	0	0	0	0	0	
0.9	0.259259	-1.35769	0.0967742	3.85715	0.933181	0.373272	1	0	0	0	0	0	0	0	0	
0.901	0.259259	-1.35769	0.0967742	3.85715	0.933181	0.373272	1	0	0	0	0	0	0	0	0	
0.902	0.259259	-1.35769	0.0967742	3.85715	0.933181	0.373272	1	0	0	0	0	0	0	0	0	
0.903	0.259259	-1.35769	0.0967742	3.85715	0.933181	0.373272	1	0	0	0	0	0	0	0	0	
0.904	0.259259	-1.35769	0.0967742	3.85715	0.933181	0.373272	1	0	0	0	0	0	0	0	0	
0.905	0.259259	-1.35769	0.0967742	3.85715	0.933181	0.373272	1	0	0	0	0	0	0	0	0	
0.906	0.259259	-1.35769	0.0967742	3.85715	0.933181	0.373272	1	0	0	0	0	0	0	0	0	
0.907	0.259259	-1.35769	0.0967742	3.85715	0.933181	0.373272	1	0	0	0	0	0	0	0	0	
0.908	0.259259	-1.35769	0.0967742	3.85715	0.933181	0.373272	1	0	0	0	0	0	0	0	0	
0.909	0.259259	-1.35769	0.0967742	3.85715	0.933181	0.373272	1	0	0	0	0	0	0	0	0	
0.91	0.259259	-1.35769	0.0967742	3.85715	0.933181	0.373272	1	0	0	0	0	0	0	0	0	
0.911	0.259259	-1.35769	0.0967742	3.85715	0.933181	0.373272	1	0	0	0	0	0	0	0	0	
0.912	0.259259	-1.35769	0.0967742	3.85715	0.933181	0.373272	1	0	0	0	0	0	0	0	0	
0.913	0.259259	-1.35769	0.0967742	3.85715	0.933181	0.373272	1	0	0	0	0	0	0	0	0	
0.914	0.259259	-1.35769	0.0967742	3.85715	0.933181	0.373272	1	0	0	0	0	0	0	0	0	
0.915	0.259259	-1.35769	0.0967742	3.85715	0.933181	0.373272	1	0	0	0	0	0	0	0	0	
0.916	0.259259	-1.35769	0.0967742	3.85715	0.933181	0.373272	1	0	0	0	0	0	0	0	0	
0.917	0.259259	-1.35769	0.0967742	3.85715	0.933181	0.373272	1	0	0	0	0	0	0	0	0	
0.918	0.259259	-1.35769	0.0967742	3.85715	0.933181	0.373272	1	0	0	0	0	0	0	0	0	
0.919	0.259259	-1.35769	0.0967742	3.85715	0.933181	0.373272	1	0	0	0	0	0	0	0	0	
0.92	0.259259	-1.35769	0.0967742	3.85715	0.933181	0.373272	1	0	0	0	0	0	0	0	0	
0.921	0.259259	-1.35769	0.0967742	3.85715	0.933181	0.373272	1	0	0	0	0	0	0	0	0	
0.922	0.259259	-1.35769	0.0967742	3.85715	0.933181	0.373272	1	0	0	0	0	0	0	0	0	
0.923	0.259259	-1.35769	0.0967742	3.85715	0.933181	0.373272	1	0	0	0	0	0	0	0	0	
0.924	0.259259	-1.35769	0.0967742	3.85715	0.933181	0.373272	1	0	0	0	0	0	0	0	0	
0.925	0.259259	-1.35769	0.0967742	3.85715	0.933181	0.373272	1	0	0	0	0	0	0	0	0	
0.926	0.259259	-1.35769	0.0967742	3.85715	0.933181	0.373272	1	0	0	0	0	0	0	0	0	
0.927	0.259259	-1.35769	0.0967742	3.85715	0.933181	0.373272	1	0	0	0	0	0	0	0	0	
0.928	0.259259	-1.35769	0.0967742	3.85715	0.933181	0.373272	1	0	0	0	0	0	0	0	0	
0.929	0.259259	-1.35769	0.0967742	3.85715	0.933181	0.373272	1	0	0	0	0	0	0	0	0	
0.93	0.259259	-1.35769	0.0967742	3.85715	0.933181	0.373272	1	0	0	0	0	0	0	0	0	
0.931	0.259259	-1.35769	0.0967742	3.85715	0.933181	0.373272	1	0	0	0	0	0	0	0	0	
0.932	0.259259	-1.35769	0.0967742	3.85715	0.933181	0.373272	1	0	0	0	0	0	0	0	0	
0.933	0.259259	-1.35769	0.0967742	3.85715	0.933181	0.373272	1	0	0	0	0	0	0	0	0	
0.934	0.259259	-1.35769	0.0967742	3.85715	0.933181	0.373272	1	0	0	0	0	0	0	0	0	
0.935	0.259259	-1.35769	0.0967742	3.85715	0.933181	0.373272	1	0	0	0	0	0	0	0	0	
0.936	0.259259	-1.35769	0.0967742	3.85715	0.933181	0.373272	1	0	0	0	0	0	0	0	0	
0.937	0.259259	-1.35769	0.0967742	3.85715	0.933181	0.373272	1	0	0	0	0	0	0	0	0	
0.938	0.259259	-1.35769	0.0967742	3.85715	0.933181	0.373272	1	0	0	0	0	0	0	0	0	
0.939	0.259259	-1.35769	0.0967742	3.85715	0.933181	0.373272	1	0	0	0	0	0	0	0	0	
0.94	0.259259	-1.35769	0.0967742	3.85715	0.933181	0.373272	1	0	0	0	0	0	0	0	0	
0.941	0.259259	-1.35769	0.0967742	3.85715	0.933181	0.373272	1	0	0	0	0	0	0	0	0	
0.942	0.259259	-1.35769	0.0967742	3.85715	0.933181	0.373272	1	0	0	0	0	0	0	0	0	
0.943	0.259259	-1.35769	0.0967742	3.85715	0.933181	0.373272	1	0	0	0	0	0	0	0	0	
0.944	0.259259	-1.35769	0.0967742	3.85715	0.933181	0.373272	1	0	0	0	0	0	0	0	0	
0.945	0.259259	-1.35769	0.0967742	3.85715	0.933181	0.373272	1	0	0	0	0	0	0	0	0	
0.946	0.259259	-1.35769	0.0967742	3.85715	0.933181	0.373272	1	0	0	0	0	0	0	0	0	
0.947	0.259259	-1.35769	0.0967742	3.85715	0.933181	0.373272	1	0	0	0	0	0	0	0	0	
0.948	0.259259	-1.35769	0.0967742	3.85715	0.933181	0.373272	1	0	0	0	0	0	0	0	0	
0.949	0.259259	-1.35769	0.0967742	3.85715	0.933181	0.373272	1	0	0	0	0	0	0	0	0	
0.95	0.259259	-1.35769	0.0967742	3.85715	0.933181	0.373272	1	0	0	0	0	0	0	0	0	
0.951	0.259259	-1.35769	0.0967742	3.85715	0.933181	0.373272	1	0	0	0	0	0	0	0	0	
0.952	0.259259	-1.35769	0.0967742	3.85715	0.933181	0.373272	1	0	0	0	0	0	0	0	0	
0.953	0.259259	-1.35769	0.0967742	3.85715	0.933181	0.373272	1	0	0	0	0	0	0	0	0	
0.954	0.259259	-1.35769	0.0967742	3.85715	0.933181	0.373272	1	0	0	0	0	0	0	0	0	
0.955	0.259259	-1.35769	0.0967742	3.85715	0.933181	0.373272	1	0	0	0	0	0	0	0	0	
0.956	0.259259	-1.35769	0.0967742	3.85715	0.933181	0.373272	1	0	0	0	0	0	0	0	0	
0.957	0.259259	-1.35769	0.0967742	3.85715	0.933181	0.373272	1	0	0	0	0	0	0	0	0	
0.958	0.259259	-1.35769	0.0967742	3.85715	0.933181	0.373272	1	0	0	0	0	0	0	0	0	
0.959	0.259259	-1.35769	0.0967742	3.85715	0.933181	0.373272	1	0	0	0	0	0	0	0	0	
0.96	0.259259	-1.35769	0.0967742	3.85715	0.933181	0.373272	1	0	0	0	0	0	0	0	0	
0.961	0.259259	-1.35769	0.0967742	3.85715	0.933181	0.373272	1	0	0	0	0	0	0	0	0	
0.962	0.259259	-1.35769	0.0967742	3.85715	0.933181	0.373272	1	0	0	0	0	0	0	0	0	
0.963	0.259259	-1.35769	0.0967742	3.85715	0.933181	0.373272	1	0	0	0	0	0	0	0	0	
0.964	0.259259	-1.35769	0.0967742	3.85715	0.933181	0.373272	1	0	0	0	0	0	0	0	0	
0.965	0.259259	-1.35769	0.0967742	3.85715	0.933181	0.373272	1	0	0	0	0	0	0	0	0	
0.966	0.259259	-1.35769	0.0967742	3.85715	0.933181	0.373272	1	0	0	0	0	0	0	0	0	
0.967	0.259259	-1.35769	0.0967742	3.85715	0.933181	0.373272	1	0	0	0	0	0	0	0	0	
0.968	0.259259	-1.35769	0.0967742	3.85715	0.933181	0.373272	1	0	0	0	0	0	0	0	0	
0.969	0.259259	-1.35769	0.0967742	3.85715	0.933181	0.373272	1	0	0	0	0	0	0	0	0	
0.97	0.259259	-1.35769	0.0967742	3.85715	0.933181	0.373272	1	0	0	0	0	0	0	0	0	
0.971	0.259259	-1.35769	0.0967742	3.85715	0.933181	0.373272	1	0	0	0	0	0	0	0	0	
0.972	0.259259	-1.35769	0.0967742	3.85715	0.933181	0.373272	1	0	0	0	0	0	0	0	0	
0.973	0.259259	-1.35769	0.0967742	3.85715	0.933181	0.373272	1	0	0	0	0	0	0	0	0	
0.974	0.259259	-1.35769	0.0967742	3.85715	0.933181	0.373272	1	0	0	0	0	0	0	0	0	
0.975	0.259259	-1.35769	0.0967742	3.85715	0.933181	0.373272	1	0	0	0	0	0	0	0	0	
0.976	0.259259	-1.35769	0.0967742	3.85715	0.933181	0.373272	1	0	0	0	0	0	0	0	0	
0.977	0.259259	-1.35769	0.0967742	3.85715	0.933181	0.373272	1	0	0	0	0	0	0	0	0	
0.978	0.259259	-1.35769	0.0967742	3.85715	0.933181	0.373272	1	0	0	0	0	0	0	0	0	
0.979	0.259259	-1.35769	0.0967742	3.85715	0.933181	0.373272	1	0	0	0	0	0	0	0	0	
0.98	0.259259	-1.35769	0.0967742	3.85715	0.933181	0.373272	1	0	0	0	0	0	0	0	0	
0.981	0.259259	-1.35769	0.0967742	3.85715	0.933181	0.373272	1	0	0	0	0	0	0	0	0	
0.982	0.259259	-1.35769	0.0967742	3.85715	0.933181	0.373272	1	0	0	0	0	0	0	0	0	
0.983	0.259259	-1.35769	0.0967742	3.85715	0.933181	0.373272	1	0	0	0	0	0	0	0	0	
0.984	0.259259	-1.35769	0.0967742	3.85715	0.933181	0.373272	1	0	0	0	0	0	0	0	0	
0.985	0.259259	-1.35769	0.0967742	3.85715	0.933181	0.373272	1	0	0	0	0	0	0	0	0	
0.986	0.259259	-1.35769	0.0967742	3.85715	0.933181	0.373272	1	0	0	0	0	0	0	0	0	
0.987	0.259259	-1.35769	0.0967742	3.85715	0.933181	0.373272	1	0	0	0	0	0	0	0	0	
0.988	0.259259	-1.35769	0.0967742	3.85715	0.933181	0.373272	1	0	0	0	0	0	0	0	0	
0.989	0.259259	-1.35769	0.0967742	3.85715	0.933181	0.373272	1	0	0	0	0	0	0	0	0	
0.99	0.259259	-1.35769	0.0967742	3.85715	0.933181	0.373272	1	0	0	0	0	0	0	0	0	
0.991	0.259259	-1.35769	0.0967742	3.85715	0.933181	0.373272	1	0	0	0	0	0	0	0	0	
0.992	0.259259	-1.35769	0.0967742	3.85715	0.933181	0.373272	1	0	0	0	0	0	0	0	0	
0.993	0.259259	-1.35769	0.0967742	3.85715	0.933181	0.373272	1	0	0	0	0	0	0	0	0	
0.994	0.259259	-1.35769	0.0967742	3.85715	0.933181	0.373272	1	0	0	0	0	0	0	0	0	
0.995	0.259259	-1.35769	0.0967742	3.85715	0.933181	0.373272	1	0	0	0	0	0	0	0	0	
0.996	0.259259	-1.35769	0.0967742	3.85715	0.933181	0.373272	1	0	0	0	0	0	0	0	0	
0.997	0.259259	-1.35769	0.0967742	3.85715	0.933181	0.373272	1	0	0	0	0	0	0	0	0	
0.998	0.259259	-1.35769	0.0967742	3.85715	0.933181	0.373272	1	0	0	0	0	0	0	0	0	
0.999	0.259259	-1.35769	0.0967742	3.85715	0.933181	0.373272	1	0	0	0	0	0	0	0	0	
1	0.259259	-1.35769	0.0967742	3.85715	0.933181	0.373272	1	0	0	0	0	0	0	0	0	
