|||||||||||||||||||||||||||||||||***SIMULATION: detonation***||||||||||||||||||||||||||||||||||
Sanpshot time = 1.09. Timestep = 2370. Run time = 4 seconds
No. of cells = 1000
#Position	 Density	 Velocity	 Pressure	 Specific_Volume I_Energy	 Temperature	 Species
-0.001	0.729133	0.00989961	1.85135	1.37149	6.34778	0	0.000768929	0	0	0	0	0	0	0	0	
0	0.729249	0.00340104	1.85275	1.37127	6.35158	0	0.000680824	0	0	0	0	0	0	0	0	
0.001	0.729249	-0.00340104	1.85275	1.37127	6.35158	2.54063	0.000680824	0	0	0	0	0	0	0	0	
0.002	0.729133	-0.00989961	1.85135	1.37149	6.34778	2.53911	0.000768929	0	0	0	0	0	0	0	0	
0.003	0.72653	-0.0160771	1.84888	1.37641	6.36201	2.5448	0.000412427	0	0	0	0	0	0	0	0	
0.004	0.72795	-0.0216306	1.84549	1.37372	6.33797	2.53519	0.00100238	0	0	0	0	0	0	0	0	
0.005	0.7233	-0.026141	1.84109	1.38255	6.36351	2.5454	0.000318411	0	0	0	0	0	0	0	0	
0.006	0.719853	-0.0296992	1.83636	1.38917	6.37757	2.55103	0.000122119	0	0	0	0	0	0	0	0	
0.007	0.718859	-0.032233	1.83153	1.39109	6.36957	2.54783	0.000131167	0	0	0	0	0	0	0	0	
0.008	0.718761	-0.0335968	1.82651	1.39128	6.353	2.5412	0.000220389	0	0	0	0	0	0	0	0	
0.009	0.719163	-0.0336726	1.82184	1.3905	6.33318	2.53327	0.000410654	0	0	0	0	0	0	0	0	
0.01	0.720043	-0.0328124	1.81799	1.38881	6.31208	2.52483	0.000774855	0	0	0	0	0	0	0	0	
0.011	0.721066	-0.0308619	1.81513	1.38684	6.29322	2.51729	0.00132098	0	0	0	0	0	0	0	0	
0.012	0.722181	-0.027746	1.81303	1.38469	6.27624	2.5105	0.00207224	0	0	0	0	0	0	0	0	
0.013	0.723654	-0.0234501	1.81255	1.38188	6.2618	2.50472	0.00302975	0	0	0	0	0	0	0	0	
0.014	0.725252	-0.0186086	1.81375	1.37883	6.25215	2.50086	0.00392489	0	0	0	0	0	0	0	0	
0.015	0.726667	-0.0124476	1.81577	1.37615	6.24693	2.49877	0.00454791	0	0	0	0	0	0	0	0	
0.016	0.728437	-0.0058275	1.81993	1.3728	6.246	2.4984	0.00496913	0	0	0	0	0	0	0	0	
0.017	0.729999	0.000255641	1.82406	1.36986	6.24679	2.49871	0.00521446	0	0	0	0	0	0	0	0	
0.018	0.731906	0.00876395	1.83015	1.36629	6.25132	2.50053	0.00526528	0	0	0	0	0	0	0	0	
0.019	0.734426	0.0179185	1.83898	1.36161	6.25991	2.50397	0.0051779	0	0	0	0	0	0	0	0	
0.02	0.737469	0.0275392	1.84994	1.35599	6.27125	2.5085	0.00504846	0	0	0	0	0	0	0	0	
0.021	0.741037	0.0382174	1.86278	1.34946	6.28436	2.51374	0.00495693	0	0	0	0	0	0	0	0	
0.022	0.745339	0.0499101	1.87806	1.34167	6.29936	2.51974	0.00494764	0	0	0	0	0	0	0	0	
0.023	0.750212	0.0624181	1.89516	1.33296	6.3154	2.52616	0.00503985	0	0	0	0	0	0	0	0	
0.024	0.755527	0.0753573	1.91354	1.32358	6.3318	2.53272	0.00525318	0	0	0	0	0	0	0	0	
0.025	0.761189	0.0886834	1.9328	1.31373	6.34796	2.53918	0.00561406	0	0	0	0	0	0	0	0	
0.026	0.767297	0.102618	1.95325	1.30328	6.36407	2.54563	0.0061473	0	0	0	0	0	0	0	0	
0.027	0.773877	0.117176	1.97499	1.2922	6.38017	2.55207	0.00687691	0	0	0	0	0	0	0	0	
0.028	0.780873	0.132245	1.99779	1.28062	6.39602	2.55841	0.00783612	0	0	0	0	0	0	0	0	
0.029	0.788225	0.147689	2.02142	1.26867	6.41132	2.56453	0.00906783	0	0	0	0	0	0	0	0	
0.03	0.795859	0.163366	2.04561	1.2565	6.4258	2.57032	0.0106125	0	0	0	0	0	0	0	0	
0.031	0.803699	0.179141	2.0701	1.24425	6.43928	2.57571	0.0125021	0	0	0	0	0	0	0	0	
0.032	0.81168	0.194892	2.09463	1.23201	6.45153	2.58061	0.0147756	0	0	0	0	0	0	0	0	
0.033	0.819773	0.210515	2.11899	1.21985	6.46213	2.58485	0.0175139	0	0	0	0	0	0	0	0	
0.034	0.828003	0.225935	2.14299	1.20772	6.47034	2.58814	0.0208734	0	0	0	0	0	0	0	0	
0.035	0.836443	0.241096	2.1664	1.19554	6.47504	2.59002	0.0251067	0	0	0	0	0	0	0	0	
0.036	0.845199	0.255956	2.18898	1.18315	6.47475	2.5899	0.0305648	0	0	0	0	0	0	0	0	
0.037	0.854382	0.270461	2.21035	1.17044	6.4677	2.58708	0.0376895	0	0	0	0	0	0	0	0	
0.038	0.86408	0.284506	2.22994	1.1573	6.45178	2.58071	0.0469953	0	0	0	0	0	0	0	0	
0.039	0.874323	0.297883	2.24687	1.14374	6.4246	2.56984	0.0590477	0	0	0	0	0	0	0	0	
0.04	0.885058	0.310232	2.25989	1.12987	6.38345	2.55338	0.0744335	0	0	0	0	0	0	0	0	
0.041	0.896124	0.321005	2.26733	1.11592	6.32539	2.53016	0.0937192	0	0	0	0	0	0	0	0	
0.042	0.907247	0.329483	2.26723	1.10224	6.24756	2.49902	0.117384	0	0	0	0	0	0	0	0	
0.043	0.918056	0.334878	2.25759	1.08926	6.14775	2.4591	0.145694	0	0	0	0	0	0	0	0	
0.044	0.928102	0.33652	2.23696	1.07747	6.02564	2.41026	0.178469	0	0	0	0	0	0	0	0	
0.045	0.93687	0.334068	2.20504	1.06738	5.88406	2.35363	0.214812	0	0	0	0	0	0	0	0	
0.046	0.943809	0.327665	2.16307	1.05954	5.72963	2.29185	0.253009	0	0	0	0	0	0	0	0	
0.047	0.948434	0.31795	2.11371	1.05437	5.57158	2.22863	0.290826	0	0	0	0	0	0	0	0	
0.048	0.95047	0.305903	2.06035	1.05211	5.41929	2.16772	0.326117	0	0	0	0	0	0	0	0	
0.049	0.949983	0.29261	2.00622	1.05265	5.27963	2.11185	0.357448	0	0	0	0	0	0	0	0	
0.05	0.947456	0.27903	1.95379	1.05546	5.15537	2.06215	0.384456	0	0	0	0	0	0	0	0	
0.051	0.943764	0.265858	1.90453	1.05959	5.04504	2.01802	0.407855	0	0	0	0	0	0	0	0	
0.052	0.939976	0.253495	1.85908	1.06386	4.94448	1.97779	0.429025	0	0	0	0	0	0	0	0	
0.053	0.937002	0.242083	1.8175	1.06723	4.84925	1.9397	0.449323	0	0	0	0	0	0	0	0	
0.054	0.935282	0.231599	1.77961	1.0692	4.75688	1.90275	0.469475	0	0	0	0	0	0	0	0	
0.055	0.93469	0.221945	1.7451	1.06987	4.66759	1.86704	0.489376	0	0	0	0	0	0	0	0	
0.056	0.934723	0.213023	1.71368	1.06984	4.58338	1.83335	0.508374	0	0	0	0	0	0	0	0	
0.057	0.934803	0.204764	1.68507	1.06974	4.50648	1.80259	0.52575	0	0	0	0	0	0	0	0	
0.058	0.934531	0.19713	1.65902	1.07006	4.4381	1.77524	0.541084	0	0	0	0	0	0	0	0	
0.059	0.933775	0.190101	1.63526	1.07092	4.3781	1.75124	0.554365	0	0	0	0	0	0	0	0	
0.06	0.932628	0.183654	1.61356	1.07224	4.3253	1.73012	0.565893	0	0	0	0	0	0	0	0	
0.061	0.93129	0.177756	1.59366	1.07378	4.2781	1.71124	0.576101	0	0	0	0	0	0	0	0	
0.062	0.929971	0.172363	1.57535	1.0753	4.23495	1.69398	0.58541	0	0	0	0	0	0	0	0	
0.063	0.928827	0.167424	1.55845	1.07663	4.19466	1.67787	0.594145	0	0	0	0	0	0	0	0	
0.064	0.927942	0.162887	1.54277	1.07765	4.15644	1.66257	0.602513	0	0	0	0	0	0	0	0	
0.065	0.927339	0.158702	1.52819	1.07835	4.11983	1.64793	0.610618	0	0	0	0	0	0	0	0	
0.066	0.926994	0.154823	1.51459	1.07876	4.08467	1.63387	0.618488	0	0	0	0	0	0	0	0	
0.067	0.926857	0.151212	1.50185	1.07892	4.05093	1.62037	0.626112	0	0	0	0	0	0	0	0	
0.068	0.926868	0.147839	1.48991	1.0789	4.01867	1.60747	0.633454	0	0	0	0	0	0	0	0	
0.069	0.926972	0.144676	1.47868	1.07878	3.98793	1.59517	0.640483	0	0	0	0	0	0	0	0	
0.07	0.927125	0.141705	1.4681	1.0786	3.95875	1.5835	0.647178	0	0	0	0	0	0	0	0	
0.071	0.927294	0.138908	1.45812	1.07841	3.93112	1.57245	0.653529	0	0	0	0	0	0	0	0	
0.072	0.927441	0.136273	1.44868	1.07824	3.90505	1.56202	0.659521	0	0	0	0	0	0	0	0	
0.073	0.927513	0.133789	1.43975	1.07815	3.88066	1.55227	0.665111	0	0	0	0	0	0	0	0	
0.074	0.927438	0.131449	1.43127	1.07824	3.85813	1.54325	0.670234	0	0	0	0	0	0	0	0	
0.075	0.927163	0.129251	1.42322	1.07856	3.83758	1.53503	0.67485	0	0	0	0	0	0	0	0	
0.076	0.92672	0.127191	1.41557	1.07907	3.81876	1.5275	0.679022	0	0	0	0	0	0	0	0	
0.077	0.926261	0.125264	1.40827	1.07961	3.80096	1.52039	0.68296	0	0	0	0	0	0	0	0	
0.078	0.92603	0.123455	1.4013	1.07988	3.78308	1.51323	0.68699	0	0	0	0	0	0	0	0	
0.079	0.926269	0.121746	1.39461	1.0796	3.76406	1.50562	0.691422	0	0	0	0	0	0	0	0	
0.08	0.927096	0.120111	1.38818	1.07864	3.74337	1.49735	0.696411	0	0	0	0	0	0	0	0	
0.081	0.92845	0.118527	1.382	1.07706	3.72126	1.4885	0.701878	0	0	0	0	0	0	0	0	
0.082	0.930116	0.116977	1.37605	1.07513	3.69859	1.47943	0.70756	0	0	0	0	0	0	0	0	
0.083	0.931821	0.115454	1.37032	1.07317	3.67645	1.47058	0.713127	0	0	0	0	0	0	0	0	
0.084	0.933332	0.113959	1.36481	1.07143	3.65574	1.46229	0.718308	0	0	0	0	0	0	0	0	
0.085	0.934522	0.112499	1.35951	1.07007	3.63691	1.45476	0.722965	0	0	0	0	0	0	0	0	
0.086	0.935373	0.11108	1.35441	1.06909	3.61999	1.44799	0.72709	0	0	0	0	0	0	0	0	
0.087	0.935942	0.109709	1.34951	1.06844	3.60469	1.44188	0.730764	0	0	0	0	0	0	0	0	
0.088	0.936319	0.108389	1.3448	1.06801	3.59064	1.43626	0.7341	0	0	0	0	0	0	0	0	
0.089	0.936585	0.107121	1.34025	1.06771	3.57748	1.43099	0.737204	0	0	0	0	0	0	0	0	
0.09	0.936802	0.105904	1.33586	1.06746	3.56494	1.42598	0.740154	0	0	0	0	0	0	0	0	
0.091	0.93701	0.104736	1.33162	1.06722	3.55284	1.42114	0.743001	0	0	0	0	0	0	0	0	
0.092	0.937232	0.103615	1.32752	1.06697	3.54107	1.41643	0.745778	0	0	0	0	0	0	0	0	
0.093	0.937482	0.102537	1.32356	1.06669	3.52955	1.41182	0.748505	0	0	0	0	0	0	0	0	
0.094	0.937769	0.1015	1.31972	1.06636	3.51823	1.40729	0.751197	0	0	0	0	0	0	0	0	
0.095	0.938097	0.1005	1.316	1.06599	3.50709	1.40284	0.75386	0	0	0	0	0	0	0	0	
0.096	0.93846	0.0995353	1.31239	1.06558	3.49612	1.39845	0.756494	0	0	0	0	0	0	0	0	
0.097	0.93884	0.0986029	1.30888	1.06514	3.48538	1.39415	0.759079	0	0	0	0	0	0	0	0	
0.098	0.939199	0.0977015	1.30549	1.06474	3.475	1.39	0.761577	0	0	0	0	0	0	0	0	
0.099	0.939483	0.0968307	1.30218	1.06442	3.46516	1.38606	0.763932	0	0	0	0	0	0	0	0	
0.1	0.939646	0.095991	1.29898	1.06423	3.45603	1.38241	0.766096	0	0	0	0	0	0	0	0	
0.101	0.939678	0.0951835	1.29586	1.06419	3.44762	1.37905	0.768064	0	0	0	0	0	0	0	0	
0.102	0.939638	0.0944088	1.29283	1.06424	3.43971	1.37588	0.769901	0	0	0	0	0	0	0	0	
0.103	0.939641	0.0936655	1.28988	1.06424	3.43185	1.37274	0.771737	0	0	0	0	0	0	0	0	
0.104	0.939825	0.0929501	1.287	1.06403	3.42352	1.36941	0.773724	0	0	0	0	0	0	0	0	
0.105	0.940285	0.092257	1.2842	1.06351	3.41438	1.36575	0.775966	0	0	0	0	0	0	0	0	
0.106	0.941033	0.09158	1.28145	1.06266	3.40438	1.36175	0.778473	0	0	0	0	0	0	0	0	
0.107	0.941987	0.090914	1.27877	1.06159	3.39381	1.35752	0.781158	0	0	0	0	0	0	0	0	
0.108	0.943012	0.0902563	1.27615	1.06043	3.38318	1.35327	0.783874	0	0	0	0	0	0	0	0	
0.109	0.943969	0.0896064	1.27359	1.05936	3.37297	1.34919	0.786475	0	0	0	0	0	0	0	0	
0.11	0.944762	0.088966	1.27109	1.05847	3.36353	1.34541	0.788861	0	0	0	0	0	0	0	0	
0.111	0.94536	0.0883378	1.26866	1.0578	3.35495	1.34198	0.791003	0	0	0	0	0	0	0	0	
0.112	0.94579	0.0877239	1.26628	1.05732	3.34713	1.33885	0.792932	0	0	0	0	0	0	0	0	
0.113	0.946114	0.0871261	1.26395	1.05696	3.33985	1.33594	0.794715	0	0	0	0	0	0	0	0	
0.114	0.946398	0.0865448	1.26168	1.05664	3.33284	1.33314	0.796425	0	0	0	0	0	0	0	0	
0.115	0.946696	0.0859795	1.25945	1.05631	3.32592	1.33037	0.798116	0	0	0	0	0	0	0	0	
0.116	0.947034	0.0854292	1.25728	1.05593	3.31899	1.3276	0.799819	0	0	0	0	0	0	0	0	
0.117	0.947411	0.0848927	1.25515	1.05551	3.31205	1.32482	0.801533	0	0	0	0	0	0	0	0	
0.118	0.947809	0.0843691	1.25307	1.05507	3.30517	1.32207	0.803239	0	0	0	0	0	0	0	0	
0.119	0.948197	0.0838578	1.25103	1.05463	3.29843	1.31937	0.804909	0	0	0	0	0	0	0	0	
0.12	0.94855	0.0833587	1.24903	1.05424	3.29194	1.31677	0.806517	0	0	0	0	0	0	0	0	
0.121	0.948851	0.0828718	1.24707	1.05391	3.28573	1.31429	0.808046	0	0	0	0	0	0	0	0	
0.122	0.949096	0.0823976	1.24515	1.05363	3.27983	1.31193	0.809495	0	0	0	0	0	0	0	0	
0.123	0.949292	0.0819362	1.24327	1.05342	3.2742	1.30968	0.810871	0	0	0	0	0	0	0	0	
0.124	0.949452	0.0814878	1.24143	1.05324	3.26879	1.30752	0.812189	0	0	0	0	0	0	0	0	
0.125	0.949598	0.0810522	1.23962	1.05308	3.26353	1.30541	0.81347	0	0	0	0	0	0	0	0	
0.126	0.949756	0.0806289	1.23784	1.0529	3.25832	1.30333	0.814744	0	0	0	0	0	0	0	0	
0.127	0.949963	0.0802172	1.2361	1.05267	3.25303	1.30121	0.816046	0	0	0	0	0	0	0	0	
0.128	0.950255	0.0798157	1.23439	1.05235	3.24753	1.29901	0.817412	0	0	0	0	0	0	0	0	
0.129	0.95066	0.0794228	1.23271	1.0519	3.24172	1.29669	0.818871	0	0	0	0	0	0	0	0	
0.13	0.951186	0.0790368	1.23106	1.05132	3.23559	1.29424	0.820428	0	0	0	0	0	0	0	0	
0.131	0.951808	0.078656	1.22944	1.05063	3.22921	1.29169	0.82206	0	0	0	0	0	0	0	0	
0.132	0.952477	0.0782795	1.22784	1.04989	3.22275	1.2891	0.823719	0	0	0	0	0	0	0	0	
0.133	0.953133	0.0779069	1.22627	1.04917	3.21642	1.28657	0.825347	0	0	0	0	0	0	0	0	
0.134	0.953723	0.0775385	1.22473	1.04852	3.21039	1.28416	0.826892	0	0	0	0	0	0	0	0	
0.135	0.954217	0.077175	1.22321	1.04798	3.20476	1.2819	0.828326	0	0	0	0	0	0	0	0	
0.136	0.954611	0.0768174	1.22172	1.04755	3.19953	1.27981	0.829647	0	0	0	0	0	0	0	0	
0.137	0.954927	0.0764665	1.22026	1.0472	3.19465	1.27786	0.830876	0	0	0	0	0	0	0	0	
0.138	0.955194	0.0761227	1.21882	1.04691	3.18999	1.276	0.832044	0	0	0	0	0	0	0	0	
0.139	0.955446	0.0757861	1.21741	1.04663	3.18545	1.27418	0.833181	0	0	0	0	0	0	0	0	
0.14	0.955703	0.0754566	1.21602	1.04635	3.18095	1.27238	0.834309	0	0	0	0	0	0	0	0	
0.141	0.955974	0.0751338	1.21465	1.04605	3.17647	1.27059	0.835436	0	0	0	0	0	0	0	0	
0.142	0.956257	0.0748174	1.2133	1.04574	3.17202	1.26881	0.83656	0	0	0	0	0	0	0	0	
0.143	0.956544	0.0745071	1.21198	1.04543	3.1676	1.26704	0.837676	0	0	0	0	0	0	0	0	
0.144	0.95683	0.0742028	1.21067	1.04512	3.16324	1.2653	0.838777	0	0	0	0	0	0	0	0	
0.145	0.957114	0.0739042	1.20939	1.04481	3.15895	1.26358	0.839864	0	0	0	0	0	0	0	0	
0.146	0.9574	0.0736112	1.20812	1.0445	3.1547	1.26188	0.840939	0	0	0	0	0	0	0	0	
0.147	0.957689	0.0733237	1.20688	1.04418	3.1505	1.2602	0.842006	0	0	0	0	0	0	0	0	
0.148	0.95798	0.0730414	1.20565	1.04386	3.14634	1.25853	0.843064	0	0	0	0	0	0	0	0	
0.149	0.958267	0.0727643	1.20444	1.04355	3.14223	1.25689	0.844106	0	0	0	0	0	0	0	0	
0.15	0.958544	0.0724923	1.20325	1.04325	3.13822	1.25529	0.845128	0	0	0	0	0	0	0	0	
0.151	0.95881	0.0722253	1.20207	1.04296	3.13428	1.25371	0.846129	0	0	0	0	0	0	0	0	
0.152	0.959073	0.0719634	1.20091	1.04267	3.1304	1.25216	0.847117	0	0	0	0	0	0	0	0	
0.153	0.959351	0.0717063	1.19977	1.04237	3.12651	1.2506	0.848108	0	0	0	0	0	0	0	0	
0.154	0.959662	0.0714537	1.19864	1.04203	3.12256	1.24902	0.84912	0	0	0	0	0	0	0	0	
0.155	0.960019	0.0712052	1.19753	1.04165	3.1185	1.2474	0.850163	0	0	0	0	0	0	0	0	
0.156	0.96042	0.0709602	1.19643	1.04121	3.11433	1.24573	0.851237	0	0	0	0	0	0	0	0	
0.157	0.96085	0.0707183	1.19534	1.04075	3.11011	1.24405	0.852327	0	0	0	0	0	0	0	0	
0.158	0.961284	0.0704794	1.19427	1.04028	3.10592	1.24237	0.853411	0	0	0	0	0	0	0	0	
0.159	0.961698	0.0702435	1.19321	1.03983	3.10183	1.24073	0.854469	0	0	0	0	0	0	0	0	
0.16	0.962075	0.0700106	1.19216	1.03942	3.0979	1.23916	0.855483	0	0	0	0	0	0	0	0	
0.161	0.96241	0.0697811	1.19113	1.03906	3.09414	1.23766	0.856452	0	0	0	0	0	0	0	0	
0.162	0.962708	0.0695552	1.19011	1.03874	3.09053	1.23621	0.85738	0	0	0	0	0	0	0	0	
0.163	0.962984	0.0693331	1.1891	1.03844	3.08703	1.23481	0.85828	0	0	0	0	0	0	0	0	
0.164	0.963251	0.0691147	1.18811	1.03815	3.08359	1.23344	0.859163	0	0	0	0	0	0	0	0	
0.165	0.963517	0.0688999	1.18713	1.03786	3.08019	1.23208	0.860039	0	0	0	0	0	0	0	0	
0.166	0.963785	0.0686887	1.18615	1.03758	3.07681	1.23073	0.860908	0	0	0	0	0	0	0	0	
0.167	0.964053	0.0684809	1.18519	1.03729	3.07347	1.22939	0.861771	0	0	0	0	0	0	0	0	
0.168	0.96432	0.0682764	1.18424	1.037	3.07015	1.22806	0.862625	0	0	0	0	0	0	0	0	
0.169	0.964585	0.0680752	1.18331	1.03671	3.06688	1.22675	0.86347	0	0	0	0	0	0	0	0	
0.17	0.964851	0.0678769	1.18238	1.03643	3.06363	1.22545	0.864309	0	0	0	0	0	0	0	0	
0.171	0.965121	0.0676817	1.18146	1.03614	3.0604	1.22416	0.865145	0	0	0	0	0	0	0	0	
0.172	0.965399	0.0674892	1.18056	1.03584	3.05717	1.22287	0.865981	0	0	0	0	0	0	0	0	
0.173	0.965687	0.0672993	1.17966	1.03553	3.05394	1.22157	0.866818	0	0	0	0	0	0	0	0	
0.174	0.965984	0.0671118	1.17877	1.03521	3.0507	1.22028	0.867656	0	0	0	0	0	0	0	0	
0.175	0.966288	0.0669265	1.1779	1.03489	3.04748	1.21899	0.868495	0	0	0	0	0	0	0	0	
0.176	0.966596	0.0667434	1.17703	1.03456	3.04426	1.21771	0.869329	0	0	0	0	0	0	0	0	
0.177	0.966903	0.0665623	1.17617	1.03423	3.04108	1.21643	0.870157	0	0	0	0	0	0	0	0	
0.178	0.967201	0.0663832	1.17533	1.03391	3.03796	1.21518	0.87097	0	0	0	0	0	0	0	0	
0.179	0.967482	0.0662062	1.17449	1.03361	3.03491	1.21396	0.871764	0	0	0	0	0	0	0	0	
0.18	0.967742	0.0660311	1.17366	1.03333	3.03195	1.21278	0.872532	0	0	0	0	0	0	0	0	
0.181	0.967978	0.0658583	1.17284	1.03308	3.0291	1.21164	0.873276	0	0	0	0	0	0	0	0	
0.182	0.968195	0.0656878	1.17203	1.03285	3.02633	1.21053	0.873996	0	0	0	0	0	0	0	0	
0.183	0.968399	0.0655195	1.17123	1.03263	3.02362	1.20945	0.874701	0	0	0	0	0	0	0	0	
0.184	0.968602	0.0653536	1.17044	1.03242	3.02094	1.20838	0.8754	0	0	0	0	0	0	0	0	
0.185	0.968815	0.0651899	1.16965	1.03219	3.01826	1.2073	0.876101	0	0	0	0	0	0	0	0	
0.186	0.969044	0.0650284	1.16888	1.03194	3.01554	1.20622	0.876811	0	0	0	0	0	0	0	0	
0.187	0.969295	0.0648688	1.16811	1.03168	3.01279	1.20511	0.877532	0	0	0	0	0	0	0	0	
0.188	0.969566	0.0647111	1.16735	1.03139	3.00999	1.204	0.878265	0	0	0	0	0	0	0	0	
0.189	0.969853	0.064555	1.1666	1.03108	3.00716	1.20286	0.879007	0	0	0	0	0	0	0	0	
0.19	0.97015	0.0644005	1.16586	1.03077	3.00432	1.20173	0.879751	0	0	0	0	0	0	0	0	
0.191	0.97045	0.0642475	1.16512	1.03045	3.0015	1.2006	0.880492	0	0	0	0	0	0	0	0	
0.192	0.970747	0.0640961	1.16439	1.03013	2.9987	1.19948	0.881226	0	0	0	0	0	0	0	0	
0.193	0.971034	0.0639462	1.16367	1.02983	2.99596	1.19838	0.881947	0	0	0	0	0	0	0	0	
0.194	0.971308	0.0637979	1.16296	1.02954	2.99328	1.19731	0.882653	0	0	0	0	0	0	0	0	
0.195	0.971568	0.0636514	1.16225	1.02926	2.99066	1.19626	0.883342	0	0	0	0	0	0	0	0	
0.196	0.971813	0.0635066	1.16155	1.029	2.9881	1.19524	0.884015	0	0	0	0	0	0	0	0	
0.197	0.972043	0.0633637	1.16086	1.02876	2.98561	1.19424	0.884671	0	0	0	0	0	0	0	0	
0.198	0.97226	0.0632226	1.16017	1.02853	2.98318	1.19327	0.885313	0	0	0	0	0	0	0	0	
0.199	0.972468	0.0630835	1.15949	1.02831	2.98079	1.19232	0.885943	0	0	0	0	0	0	0	0	
0.2	0.972674	0.0629464	1.15882	1.02809	2.97843	1.19137	0.886567	0	0	0	0	0	0	0	0	
0.201	0.972887	0.0628111	1.15815	1.02787	2.97607	1.19043	0.887193	0	0	0	0	0	0	0	0	
0.202	0.973113	0.0626776	1.15749	1.02763	2.97368	1.18947	0.887825	0	0	0	0	0	0	0	0	
0.203	0.973359	0.0625457	1.15684	1.02737	2.97125	1.1885	0.888468	0	0	0	0	0	0	0	0	
0.204	0.973623	0.0624154	1.15619	1.02709	2.96878	1.18751	0.889122	0	0	0	0	0	0	0	0	
0.205	0.973901	0.0622864	1.15555	1.0268	2.96628	1.18651	0.889782	0	0	0	0	0	0	0	0	
0.206	0.974183	0.0621586	1.15491	1.0265	2.96379	1.18552	0.890441	0	0	0	0	0	0	0	0	
0.207	0.97446	0.0620321	1.15428	1.02621	2.96133	1.18453	0.891093	0	0	0	0	0	0	0	0	
0.208	0.974724	0.0619068	1.15366	1.02593	2.95893	1.18357	0.89173	0	0	0	0	0	0	0	0	
0.209	0.974972	0.0617828	1.15304	1.02567	2.95659	1.18264	0.892352	0	0	0	0	0	0	0	0	
0.21	0.975205	0.0616601	1.15242	1.02543	2.95431	1.18173	0.892957	0	0	0	0	0	0	0	0	
0.211	0.975426	0.0615388	1.15182	1.02519	2.95209	1.18084	0.893549	0	0	0	0	0	0	0	0	
0.212	0.975639	0.0614189	1.15122	1.02497	2.94991	1.17996	0.894132	0	0	0	0	0	0	0	0	
0.213	0.975848	0.0613003	1.15062	1.02475	2.94775	1.1791	0.894708	0	0	0	0	0	0	0	0	
0.214	0.976058	0.061183	1.15003	1.02453	2.94561	1.17824	0.895281	0	0	0	0	0	0	0	0	
0.215	0.97627	0.0610671	1.14945	1.02431	2.94347	1.17739	0.895852	0	0	0	0	0	0	0	0	
0.216	0.976485	0.0609525	1.14887	1.02408	2.94134	1.17654	0.896422	0	0	0	0	0	0	0	0	
0.217	0.976702	0.0608391	1.1483	1.02385	2.93922	1.17569	0.896991	0	0	0	0	0	0	0	0	
0.218	0.976922	0.0607269	1.14773	1.02362	2.9371	1.17484	0.897557	0	0	0	0	0	0	0	0	
0.219	0.977141	0.0606159	1.14717	1.02339	2.93501	1.174	0.89812	0	0	0	0	0	0	0	0	
0.22	0.977356	0.0605061	1.14661	1.02317	2.93293	1.17317	0.898677	0	0	0	0	0	0	0	0	
0.221	0.977561	0.0603976	1.14605	1.02295	2.9309	1.17236	0.899223	0	0	0	0	0	0	0	0	
0.222	0.977751	0.0602905	1.1455	1.02275	2.92893	1.17157	0.899755	0	0	0	0	0	0	0	0	
0.223	0.977921	0.0601848	1.14496	1.02258	2.92703	1.17081	0.900269	0	0	0	0	0	0	0	0	
0.224	0.978069	0.0600806	1.14442	1.02242	2.92521	1.17008	0.900764	0	0	0	0	0	0	0	0	
0.225	0.978206	0.0599781	1.14389	1.02228	2.92343	1.16937	0.901248	0	0	0	0	0	0	0	0	
0.226	0.978346	0.0598772	1.14336	1.02213	2.92165	1.16866	0.901732	0	0	0	0	0	0	0	0	
0.227	0.978514	0.059778	1.14283	1.02196	2.91981	1.16792	0.902233	0	0	0	0	0	0	0	0	
0.228	0.978729	0.0596802	1.1423	1.02173	2.91783	1.16713	0.902766	0	0	0	0	0	0	0	0	
0.229	0.979	0.0595836	1.14178	1.02145	2.91569	1.16628	0.903338	0	0	0	0	0	0	0	0	
0.23	0.979323	0.059488	1.14127	1.02111	2.91341	1.16536	0.903945	0	0	0	0	0	0	0	0	
0.231	0.97968	0.0593931	1.14076	1.02074	2.91104	1.16442	0.904573	0	0	0	0	0	0	0	0	
0.232	0.980043	0.059299	1.14024	1.02036	2.90866	1.16346	0.905204	0	0	0	0	0	0	0	0	
0.233	0.980386	0.0592056	1.13974	1.02001	2.90635	1.16254	0.905818	0	0	0	0	0	0	0	0	
0.234	0.980689	0.0591131	1.13923	1.01969	2.90417	1.16167	0.9064	0	0	0	0	0	0	0	0	
0.235	0.980944	0.0590217	1.13873	1.01943	2.90214	1.16086	0.906946	0	0	0	0	0	0	0	0	
0.236	0.981154	0.0589316	1.13824	1.01921	2.90025	1.1601	0.907456	0	0	0	0	0	0	0	0	
0.237	0.981327	0.058843	1.13774	1.01903	2.89848	1.15939	0.907939	0	0	0	0	0	0	0	0	
0.238	0.98148	0.0587559	1.13725	1.01887	2.89678	1.15871	0.908403	0	0	0	0	0	0	0	0	
0.239	0.981624	0.0586704	1.13676	1.01872	2.89511	1.15804	0.90886	0	0	0	0	0	0	0	0	
0.24	0.98177	0.0585865	1.13628	1.01857	2.89344	1.15738	0.909317	0	0	0	0	0	0	0	0	
0.241	0.981925	0.058504	1.1358	1.01841	2.89176	1.1567	0.909777	0	0	0	0	0	0	0	0	
0.242	0.98209	0.0584229	1.13532	1.01824	2.89005	1.15602	0.910244	0	0	0	0	0	0	0	0	
0.243	0.982267	0.0583431	1.13484	1.01805	2.88832	1.15533	0.910716	0	0	0	0	0	0	0	0	
0.244	0.982451	0.0582643	1.13437	1.01786	2.88657	1.15463	0.911191	0	0	0	0	0	0	0	0	
0.245	0.982639	0.0581866	1.13389	1.01767	2.88482	1.15393	0.911667	0	0	0	0	0	0	0	0	
0.246	0.982826	0.0581098	1.13343	1.01747	2.88308	1.15323	0.91214	0	0	0	0	0	0	0	0	
0.247	0.983007	0.0580338	1.13296	1.01729	2.88137	1.15255	0.912607	0	0	0	0	0	0	0	0	
0.248	0.983178	0.0579586	1.1325	1.01711	2.87969	1.15188	0.913064	0	0	0	0	0	0	0	0	
0.249	0.983338	0.0578842	1.13204	1.01694	2.87806	1.15122	0.913513	0	0	0	0	0	0	0	0	
0.25	0.983491	0.0578105	1.13159	1.01679	2.87645	1.15058	0.913954	0	0	0	0	0	0	0	0	
0.251	0.983647	0.0577374	1.13113	1.01662	2.87485	1.14994	0.914395	0	0	0	0	0	0	0	0	
0.252	0.983815	0.0576648	1.13069	1.01645	2.87322	1.14929	0.914843	0	0	0	0	0	0	0	0	
0.253	0.984005	0.0575926	1.13024	1.01626	2.87153	1.14861	0.915302	0	0	0	0	0	0	0	0	
0.254	0.984219	0.0575206	1.1298	1.01603	2.86979	1.14792	0.915776	0	0	0	0	0	0	0	0	
0.255	0.984454	0.0574486	1.12936	1.01579	2.86799	1.1472	0.916262	0	0	0	0	0	0	0	0	
0.256	0.9847	0.0573765	1.12893	1.01554	2.86617	1.14647	0.916753	0	0	0	0	0	0	0	0	
0.257	0.984948	0.0573044	1.1285	1.01528	2.86435	1.14574	0.917243	0	0	0	0	0	0	0	0	
0.258	0.985185	0.057232	1.12807	1.01504	2.86258	1.14503	0.917723	0	0	0	0	0	0	0	0	
0.259	0.985408	0.0571596	1.12764	1.01481	2.86086	1.14434	0.918191	0	0	0	0	0	0	0	0	
0.26	0.985613	0.0570871	1.12722	1.0146	2.8592	1.14368	0.918645	0	0	0	0	0	0	0	0	
0.261	0.985804	0.0570146	1.12681	1.0144	2.85758	1.14303	0.919088	0	0	0	0	0	0	0	0	
0.262	0.985985	0.0569422	1.12639	1.01421	2.85601	1.1424	0.919522	0	0	0	0	0	0	0	0	
0.263	0.986161	0.0568699	1.12598	1.01403	2.85446	1.14178	0.91995	0	0	0	0	0	0	0	0	
0.264	0.986334	0.0567978	1.12558	1.01386	2.85293	1.14117	0.920374	0	0	0	0	0	0	0	0	
0.265	0.986507	0.0567259	1.12517	1.01368	2.85141	1.14056	0.920796	0	0	0	0	0	0	0	0	
0.266	0.98668	0.0566543	1.12477	1.0135	2.84989	1.13996	0.921216	0	0	0	0	0	0	0	0	
0.267	0.986853	0.0565829	1.12438	1.01332	2.84839	1.13935	0.921634	0	0	0	0	0	0	0	0	
0.268	0.987026	0.056512	1.12398	1.01314	2.84689	1.13876	0.92205	0	0	0	0	0	0	0	0	
0.269	0.987195	0.0564415	1.12359	1.01297	2.84541	1.13816	0.922463	0	0	0	0	0	0	0	0	
0.27	0.987356	0.0563716	1.1232	1.01281	2.84396	1.13758	0.922868	0	0	0	0	0	0	0	0	
0.271	0.987503	0.0563024	1.12281	1.01265	2.84255	1.13702	0.923263	0	0	0	0	0	0	0	0	
0.272	0.987633	0.0562339	1.12243	1.01252	2.84121	1.13648	0.923645	0	0	0	0	0	0	0	0	
0.273	0.987744	0.0561664	1.12204	1.01241	2.83992	1.13597	0.924014	0	0	0	0	0	0	0	0	
0.274	0.987844	0.0560999	1.12166	1.01231	2.83867	1.13547	0.924375	0	0	0	0	0	0	0	0	
0.275	0.98795	0.0560345	1.12129	1.0122	2.8374	1.13496	0.924738	0	0	0	0	0	0	0	0	
0.276	0.988081	0.0559701	1.12091	1.01206	2.83607	1.13443	0.925115	0	0	0	0	0	0	0	0	
0.277	0.988254	0.0559068	1.12053	1.01189	2.83463	1.13385	0.925517	0	0	0	0	0	0	0	0	
0.278	0.988476	0.0558443	1.12016	1.01166	2.83304	1.13322	0.92595	0	0	0	0	0	0	0	0	
0.279	0.988743	0.0557825	1.11979	1.01139	2.83134	1.13254	0.926408	0	0	0	0	0	0	0	0	
0.28	0.989036	0.0557212	1.11942	1.01109	2.82956	1.13182	0.926882	0	0	0	0	0	0	0	0	
0.281	0.989333	0.0556604	1.11905	1.01078	2.82778	1.13111	0.927357	0	0	0	0	0	0	0	0	
0.282	0.989609	0.0556001	1.11868	1.0105	2.82606	1.13042	0.927818	0	0	0	0	0	0	0	0	
0.283	0.989852	0.0555404	1.11831	1.01025	2.82444	1.12978	0.928256	0	0	0	0	0	0	0	0	
0.284	0.990054	0.0554812	1.11795	1.01005	2.82295	1.12918	0.928668	0	0	0	0	0	0	0	0	
0.285	0.99022	0.0554228	1.11759	1.00988	2.82156	1.12862	0.929056	0	0	0	0	0	0	0	0	
0.286	0.990359	0.0553652	1.11722	1.00973	2.82025	1.1281	0.929426	0	0	0	0	0	0	0	0	
0.287	0.990483	0.0553083	1.11687	1.00961	2.81899	1.1276	0.929785	0	0	0	0	0	0	0	0	
0.288	0.990601	0.055252	1.11651	1.00949	2.81776	1.1271	0.93014	0	0	0	0	0	0	0	0	
0.289	0.990721	0.0551964	1.11615	1.00937	2.81652	1.12661	0.930494	0	0	0	0	0	0	0	0	
0.29	0.990848	0.0551413	1.1158	1.00924	2.81527	1.12611	0.930851	0	0	0	0	0	0	0	0	
0.291	0.990983	0.0550866	1.11545	1.0091	2.814	1.1256	0.931212	0	0	0	0	0	0	0	0	
0.292	0.991125	0.0550323	1.1151	1.00895	2.81272	1.12509	0.931575	0	0	0	0	0	0	0	0	
0.293	0.991272	0.0549782	1.11476	1.0088	2.81144	1.12457	0.93194	0	0	0	0	0	0	0	0	
0.294	0.99142	0.0549243	1.11442	1.00865	2.81015	1.12406	0.932304	0	0	0	0	0	0	0	0	
0.295	0.991566	0.0548705	1.11408	1.00851	2.80888	1.12355	0.932665	0	0	0	0	0	0	0	0	
0.296	0.991706	0.0548169	1.11374	1.00836	2.80763	1.12305	0.933022	0	0	0	0	0	0	0	0	
0.297	0.99184	0.0547635	1.1134	1.00823	2.8064	1.12256	0.933373	0	0	0	0	0	0	0	0	
0.298	0.991975	0.0547103	1.11307	1.00809	2.80519	1.12207	0.933724	0	0	0	0	0	0	0	0	
0.299	0.992117	0.0546572	1.11274	1.00795	2.80395	1.12158	0.934077	0	0	0	0	0	0	0	0	
0.3	0.992277	0.0546043	1.11241	1.00778	2.80267	1.12107	0.934439	0	0	0	0	0	0	0	0	
0.301	0.992458	0.0545515	1.11208	1.0076	2.80134	1.12053	0.934812	0	0	0	0	0	0	0	0	
0.302	0.992661	0.0544989	1.11176	1.00739	2.79995	1.11998	0.935196	0	0	0	0	0	0	0	0	
0.303	0.992876	0.0544465	1.11144	1.00718	2.79853	1.11941	0.935586	0	0	0	0	0	0	0	0	
0.304	0.993093	0.0543942	1.11112	1.00695	2.79711	1.11884	0.935976	0	0	0	0	0	0	0	0	
0.305	0.993301	0.0543422	1.1108	1.00674	2.79572	1.11829	0.936359	0	0	0	0	0	0	0	0	
0.306	0.993492	0.0542907	1.11048	1.00655	2.79439	1.11776	0.936731	0	0	0	0	0	0	0	0	
0.307	0.993663	0.0542397	1.11017	1.00638	2.79311	1.11725	0.937091	0	0	0	0	0	0	0	0	
0.308	0.993815	0.0541894	1.10985	1.00622	2.7919	1.11676	0.937439	0	0	0	0	0	0	0	0	
0.309	0.993951	0.0541399	1.10954	1.00609	2.79073	1.11629	0.937776	0	0	0	0	0	0	0	0	
0.31	0.994078	0.0540912	1.10923	1.00596	2.78959	1.11583	0.938108	0	0	0	0	0	0	0	0	
0.311	0.994201	0.0540436	1.10891	1.00583	2.78846	1.11538	0.938437	0	0	0	0	0	0	0	0	
0.312	0.994327	0.0539969	1.1086	1.00571	2.78732	1.11493	0.938766	0	0	0	0	0	0	0	0	
0.313	0.994459	0.0539513	1.1083	1.00557	2.78617	1.11447	0.939098	0	0	0	0	0	0	0	0	
0.314	0.9946	0.0539066	1.10799	1.00543	2.78501	1.114	0.939434	0	0	0	0	0	0	0	0	
0.315	0.994749	0.0538629	1.10768	1.00528	2.78381	1.11353	0.939774	0	0	0	0	0	0	0	0	
0.316	0.994907	0.0538201	1.10737	1.00512	2.7826	1.11304	0.940118	0	0	0	0	0	0	0	0	
0.317	0.995072	0.0537781	1.10706	1.00495	2.78137	1.11255	0.940465	0	0	0	0	0	0	0	0	
0.318	0.995244	0.0537369	1.10676	1.00478	2.78012	1.11205	0.940814	0	0	0	0	0	0	0	0	
0.319	0.99542	0.0536963	1.10645	1.0046	2.77886	1.11155	0.941166	0	0	0	0	0	0	0	0	
0.32	0.995601	0.0536562	1.10615	1.00442	2.7776	1.11104	0.941518	0	0	0	0	0	0	0	0	
0.321	0.995785	0.0536166	1.10585	1.00423	2.77632	1.11053	0.941872	0	0	0	0	0	0	0	0	
0.322	0.995976	0.0535774	1.10555	1.00404	2.77504	1.11001	0.942227	0	0	0	0	0	0	0	0	
0.323	0.996176	0.0535383	1.10525	1.00384	2.77373	1.10949	0.942587	0	0	0	0	0	0	0	0	
0.324	0.99639	0.0534993	1.10495	1.00362	2.77238	1.10895	0.942952	0	0	0	0	0	0	0	0	
0.325	0.996622	0.0534602	1.10465	1.00339	2.77099	1.1084	0.943326	0	0	0	0	0	0	0	0	
0.326	0.996875	0.0534208	1.10436	1.00314	2.76955	1.10782	0.943708	0	0	0	0	0	0	0	0	
0.327	0.997146	0.0533809	1.10406	1.00286	2.76806	1.10722	0.944099	0	0	0	0	0	0	0	0	
0.328	0.997427	0.0533406	1.10377	1.00258	2.76655	1.10662	0.944494	0	0	0	0	0	0	0	0	
0.329	0.997706	0.0532996	1.10348	1.0023	2.76505	1.10602	0.944886	0	0	0	0	0	0	0	0	
0.33	0.997966	0.0532579	1.1032	1.00204	2.76362	1.10545	0.945266	0	0	0	0	0	0	0	0	
0.331	0.998191	0.0532156	1.10291	1.00181	2.76228	1.10491	0.945626	0	0	0	0	0	0	0	0	
0.332	0.998369	0.0531728	1.10263	1.00163	2.76108	1.10443	0.945961	0	0	0	0	0	0	0	0	
0.333	0.998496	0.0531295	1.10235	1.00151	2.76003	1.10401	0.946268	0	0	0	0	0	0	0	0	
0.334	0.998578	0.0530859	1.10208	1.00142	2.75911	1.10364	0.946551	0	0	0	0	0	0	0	0	
0.335	0.998628	0.0530421	1.1018	1.00137	2.75829	1.10331	0.946817	0	0	0	0	0	0	0	0	
0.336	0.99866	0.0529982	1.10153	1.00134	2.75752	1.10301	0.947071	0	0	0	0	0	0	0	0	
0.337	0.998684	0.0529542	1.10126	1.00132	2.75678	1.10271	0.947322	0	0	0	0	0	0	0	0	
0.338	0.998709	0.0529102	1.10099	1.00129	2.75604	1.10241	0.947572	0	0	0	0	0	0	0	0	
0.339	0.998741	0.0528662	1.10073	1.00126	2.75528	1.10211	0.947824	0	0	0	0	0	0	0	0	
0.34	0.998785	0.0528223	1.10046	1.00122	2.7545	1.1018	0.948082	0	0	0	0	0	0	0	0	
0.341	0.998844	0.0527785	1.1002	1.00116	2.75368	1.10147	0.948346	0	0	0	0	0	0	0	0	
0.342	0.998918	0.0527348	1.09994	1.00108	2.75283	1.10113	0.948617	0	0	0	0	0	0	0	0	
0.343	0.999003	0.0526912	1.09968	1.001	2.75195	1.10078	0.948894	0	0	0	0	0	0	0	0	
0.344	0.99909	0.0526479	1.09942	1.00091	2.75106	1.10043	0.94917	0	0	0	0	0	0	0	0	
0.345	0.999169	0.0526049	1.09917	1.00083	2.75021	1.10008	0.949442	0	0	0	0	0	0	0	0	
0.346	0.999239	0.0525624	1.09891	1.00076	2.74938	1.09975	0.949709	0	0	0	0	0	0	0	0	
0.347	0.999308	0.0525203	1.09866	1.00069	2.74855	1.09942	0.949975	0	0	0	0	0	0	0	0	
0.348	0.999393	0.0524789	1.09841	1.00061	2.74768	1.09907	0.950248	0	0	0	0	0	0	0	0	
0.349	0.999515	0.0524382	1.09815	1.00049	2.74672	1.09869	0.950538	0	0	0	0	0	0	0	0	
0.35	0.999686	0.0523981	1.0979	1.00031	2.74562	1.09825	0.950851	0	0	0	0	0	0	0	0	
0.351	0.999909	0.0523586	1.09765	1.00009	2.74438	1.09775	0.951189	0	0	0	0	0	0	0	0	
0.352	1.00017	0.0523196	1.0974	0.999832	2.74304	1.09722	0.951542	0	0	0	0	0	0	0	0	
0.353	1.00043	0.0522813	1.09715	0.999566	2.74168	1.09667	0.951899	0	0	0	0	0	0	0	0	
0.354	1.00068	0.0522437	1.0969	0.999322	2.74039	1.09615	0.952245	0	0	0	0	0	0	0	0	
0.355	1.00088	0.052207	1.09665	0.999123	2.73921	1.09568	0.952569	0	0	0	0	0	0	0	0	
0.356	1.00103	0.0521713	1.09639	0.998971	2.73817	1.09527	0.95287	0	0	0	0	0	0	0	0	
0.357	1.00115	0.0521367	1.09614	0.998855	2.73722	1.09489	0.953154	0	0	0	0	0	0	0	0	
0.358	1.00124	0.0521033	1.09589	0.998759	2.73633	1.09453	0.953428	0	0	0	0	0	0	0	0	
0.359	1.00133	0.0520712	1.09564	0.998671	2.73546	1.09418	0.953698	0	0	0	0	0	0	0	0	
0.36	1.00141	0.0520403	1.09539	0.998588	2.7346	1.09384	0.953965	0	0	0	0	0	0	0	0	
0.361	1.00149	0.0520105	1.09513	0.998514	2.73377	1.09351	0.954228	0	0	0	0	0	0	0	0	
0.362	1.00156	0.0519819	1.09488	0.998447	2.73295	1.09318	0.954488	0	0	0	0	0	0	0	0	
0.363	1.00162	0.0519542	1.09463	0.998381	2.73215	1.09286	0.954746	0	0	0	0	0	0	0	0	
0.364	1.0017	0.0519273	1.09438	0.998306	2.73131	1.09253	0.955008	0	0	0	0	0	0	0	0	
0.365	1.00179	0.0519012	1.09413	0.998216	2.73044	1.09218	0.955277	0	0	0	0	0	0	0	0	
0.366	1.00189	0.0518756	1.09388	0.998115	2.72954	1.09182	0.95555	0	0	0	0	0	0	0	0	
0.367	1.00199	0.0518504	1.09363	0.998015	2.72865	1.09146	0.955822	0	0	0	0	0	0	0	0	
0.368	1.00207	0.0518254	1.09338	0.997931	2.7278	1.09112	0.956087	0	0	0	0	0	0	0	0	
0.369	1.00214	0.0518005	1.09313	0.997869	2.72701	1.0908	0.956342	0	0	0	0	0	0	0	0	
0.37	1.00218	0.0517757	1.09289	0.997822	2.72627	1.09051	0.956588	0	0	0	0	0	0	0	0	
0.371	1.00223	0.0517509	1.09265	0.997772	2.72553	1.09021	0.956835	0	0	0	0	0	0	0	0	
0.372	1.00231	0.0517259	1.09241	0.997698	2.72473	1.08989	0.957092	0	0	0	0	0	0	0	0	
0.373	1.00243	0.0517006	1.09217	0.997579	2.7238	1.08952	0.957368	0	0	0	0	0	0	0	0	
0.374	1.0026	0.0516747	1.09193	0.997405	2.72274	1.08909	0.957666	0	0	0	0	0	0	0	0	
0.375	1.00283	0.0516482	1.09169	0.997179	2.72153	1.08861	0.957986	0	0	0	0	0	0	0	0	
0.376	1.00309	0.0516208	1.09146	0.996922	2.72025	1.0881	0.958319	0	0	0	0	0	0	0	0	
0.377	1.00334	0.0515925	1.09123	0.996668	2.71898	1.08759	0.958649	0	0	0	0	0	0	0	0	
0.378	1.00356	0.0515634	1.091	0.996453	2.71782	1.08713	0.958961	0	0	0	0	0	0	0	0	
0.379	1.00371	0.0515337	1.09077	0.996305	2.71685	1.08674	0.959244	0	0	0	0	0	0	0	0	
0.38	1.00379	0.0515036	1.09055	0.996223	2.71607	1.08643	0.959498	0	0	0	0	0	0	0	0	
0.381	1.00383	0.0514732	1.09032	0.996182	2.7154	1.08616	0.959733	0	0	0	0	0	0	0	0	
0.382	1.00388	0.0514426	1.0901	0.996139	2.71473	1.08589	0.959968	0	0	0	0	0	0	0	0	
0.383	1.00396	0.0514118	1.08988	0.996058	2.71396	1.08558	0.960217	0	0	0	0	0	0	0	0	
0.384	1.00409	0.0513808	1.08966	0.995925	2.71306	1.08522	0.960488	0	0	0	0	0	0	0	0	
0.385	1.00426	0.0513496	1.08945	0.995757	2.71206	1.08482	0.960772	0	0	0	0	0	0	0	0	
0.386	1.00443	0.0513182	1.08923	0.995587	2.71106	1.08442	0.961057	0	0	0	0	0	0	0	0	
0.387	1.00457	0.0512866	1.08902	0.995446	2.71014	1.08406	0.961329	0	0	0	0	0	0	0	0	
0.388	1.00468	0.051255	1.0888	0.995342	2.70933	1.08373	0.961586	0	0	0	0	0	0	0	0	
0.389	1.00476	0.0512235	1.08859	0.995258	2.70858	1.08343	0.961834	0	0	0	0	0	0	0	0	
0.39	1.00486	0.0511922	1.08838	0.995166	2.7078	1.08312	0.962084	0	0	0	0	0	0	0	0	
0.391	1.00498	0.051161	1.08817	0.995046	2.70695	1.08278	0.962345	0	0	0	0	0	0	0	0	
0.392	1.00513	0.05113	1.08796	0.994898	2.70603	1.08241	0.962616	0	0	0	0	0	0	0	0	
0.393	1.00528	0.051099	1.08775	0.994747	2.7051	1.08204	0.962888	0	0	0	0	0	0	0	0	
0.394	1.0054	0.0510683	1.08755	0.994625	2.70425	1.0817	0.963149	0	0	0	0	0	0	0	0	
0.395	1.00548	0.0510378	1.08734	0.994547	2.70353	1.08141	0.963392	0	0	0	0	0	0	0	0	
0.396	1.00552	0.0510078	1.08714	0.994509	2.70292	1.08117	0.963618	0	0	0	0	0	0	0	0	
0.397	1.00554	0.0509784	1.08693	0.994488	2.70235	1.08094	0.963838	0	0	0	0	0	0	0	0	
0.398	1.00557	0.0509496	1.08673	0.994457	2.70176	1.0807	0.964061	0	0	0	0	0	0	0	0	
0.399	1.00563	0.0509214	1.08652	0.994401	2.70109	1.08044	0.964293	0	0	0	0	0	0	0	0	
0.4	1.00572	0.050894	1.08632	0.994317	2.70036	1.08014	0.964536	0	0	0	0	0	0	0	0	
0.401	1.00583	0.0508673	1.08611	0.994205	2.69954	1.07982	0.96479	0	0	0	0	0	0	0	0	
0.402	1.00597	0.0508414	1.08591	0.994064	2.69865	1.07946	0.965054	0	0	0	0	0	0	0	0	
0.403	1.00615	0.0508163	1.0857	0.993887	2.69766	1.07906	0.965331	0	0	0	0	0	0	0	0	
0.404	1.00637	0.0507921	1.0855	0.993668	2.69656	1.07862	0.965623	0	0	0	0	0	0	0	0	
0.405	1.00663	0.0507687	1.08529	0.993418	2.69537	1.07815	0.965927	0	0	0	0	0	0	0	0	
0.406	1.00688	0.0507462	1.08508	0.993168	2.69417	1.07767	0.96623	0	0	0	0	0	0	0	0	
0.407	1.00709	0.0507248	1.08487	0.99296	2.69309	1.07724	0.966518	0	0	0	0	0	0	0	0	
0.408	1.00722	0.0507045	1.08466	0.992836	2.69224	1.07689	0.966775	0	0	0	0	0	0	0	0	
0.409	1.00724	0.0506858	1.08445	0.992808	2.69164	1.07666	0.966997	0	0	0	0	0	0	0	0	
0.41	1.0072	0.0506685	1.08424	0.992855	2.69124	1.0765	0.967191	0	0	0	0	0	0	0	0	
0.411	1.00713	0.0506529	1.08403	0.992924	2.6909	1.07636	0.967377	0	0	0	0	0	0	0	0	
0.412	1.0071	0.0506388	1.08382	0.992952	2.69045	1.07618	0.967578	0	0	0	0	0	0	0	0	
0.413	1.00716	0.0506258	1.08361	0.99289	2.68975	1.0759	0.96781	0	0	0	0	0	0	0	0	
0.414	1.00733	0.0506137	1.08339	0.992725	2.68878	1.07551	0.968078	0	0	0	0	0	0	0	0	
0.415	1.00757	0.050602	1.08318	0.992486	2.6876	1.07504	0.968373	0	0	0	0	0	0	0	0	
0.416	1.00783	0.0505903	1.08296	0.992234	2.68639	1.07455	0.968673	0	0	0	0	0	0	0	0	
0.417	1.00803	0.0505786	1.08275	0.992035	2.68532	1.07413	0.968954	0	0	0	0	0	0	0	0	
0.418	1.00814	0.0505667	1.08254	0.991927	2.6845	1.0738	0.969203	0	0	0	0	0	0	0	0	
0.419	1.00817	0.0505546	1.08233	0.991901	2.68391	1.07356	0.969423	0	0	0	0	0	0	0	0	
0.42	1.00816	0.0505421	1.08212	0.99191	2.68341	1.07337	0.969629	0	0	0	0	0	0	0	0	
0.421	1.00817	0.0505292	1.08191	0.991899	2.68287	1.07315	0.969841	0	0	0	0	0	0	0	0	
0.422	1.00823	0.0505154	1.08171	0.991838	2.6822	1.07288	0.970069	0	0	0	0	0	0	0	0	
0.423	1.00833	0.0505008	1.08151	0.991737	2.68142	1.07257	0.97031	0	0	0	0	0	0	0	0	
0.424	1.00844	0.050485	1.08131	0.991635	2.68065	1.07226	0.970551	0	0	0	0	0	0	0	0	
0.425	1.0085	0.0504683	1.08111	0.991572	2.67999	1.072	0.97078	0	0	0	0	0	0	0	0	
0.426	1.00851	0.0504507	1.08091	0.991557	2.67947	1.07179	0.970991	0	0	0	0	0	0	0	0	
0.427	1.0085	0.0504323	1.08072	0.991569	2.67902	1.07161	0.971193	0	0	0	0	0	0	0	0	
0.428	1.00851	0.0504132	1.08053	0.991561	2.67853	1.07141	0.9714	0	0	0	0	0	0	0	0	
0.429	1.00859	0.0503935	1.08034	0.991486	2.67786	1.07114	0.971628	0	0	0	0	0	0	0	0	
0.43	1.00876	0.0503731	1.08015	0.991314	2.67693	1.07077	0.971887	0	0	0	0	0	0	0	0	
0.431	1.00904	0.050352	1.07997	0.991045	2.67574	1.0703	0.972175	0	0	0	0	0	0	0	0	
0.432	1.00937	0.0503301	1.07978	0.990716	2.67439	1.06976	0.972482	0	0	0	0	0	0	0	0	
0.433	1.00971	0.0503076	1.0796	0.990386	2.67305	1.06922	0.972789	0	0	0	0	0	0	0	0	
0.434	1.00997	0.0502845	1.07942	0.990129	2.6719	1.06876	0.973073	0	0	0	0	0	0	0	0	
0.435	1.0101	0.0502613	1.07924	0.989998	2.6711	1.06844	0.973317	0	0	0	0	0	0	0	0	
0.436	1.01009	0.0502382	1.07906	0.990009	2.67069	1.06828	0.973516	0	0	0	0	0	0	0	0	
0.437	1.00996	0.0502155	1.07888	0.990133	2.67058	1.06823	0.973681	0	0	0	0	0	0	0	0	
0.438	1.00979	0.0501934	1.0787	0.990304	2.6706	1.06824	0.97383	0	0	0	0	0	0	0	0	
0.439	1.00965	0.0501721	1.07852	0.990445	2.67054	1.06822	0.973988	0	0	0	0	0	0	0	0	
0.44	1.00959	0.0501512	1.07834	0.9905	2.67025	1.0681	0.974171	0	0	0	0	0	0	0	0	
0.441	1.00964	0.0501309	1.07817	0.990449	2.66967	1.06787	0.974387	0	0	0	0	0	0	0	0	
0.442	1.00979	0.0501108	1.07799	0.990309	2.66886	1.06754	0.974629	0	0	0	0	0	0	0	0	
0.443	1.00998	0.0500909	1.07781	0.99012	2.66791	1.06717	0.974886	0	0	0	0	0	0	0	0	
0.444	1.01018	0.0500712	1.07764	0.989922	2.66695	1.06678	0.975145	0	0	0	0	0	0	0	0	
0.445	1.01037	0.0500517	1.07746	0.989739	2.66602	1.06641	0.975399	0	0	0	0	0	0	0	0	
0.446	1.01053	0.0500326	1.07729	0.989577	2.66515	1.06606	0.975648	0	0	0	0	0	0	0	0	
0.447	1.01068	0.0500138	1.07711	0.989428	2.66431	1.06573	0.975891	0	0	0	0	0	0	0	0	
0.448	1.01083	0.0499954	1.07694	0.989284	2.66349	1.0654	0.976132	0	0	0	0	0	0	0	0	
0.449	1.01098	0.0499775	1.07676	0.989135	2.66266	1.06506	0.976374	0	0	0	0	0	0	0	0	
0.45	1.01115	0.0499599	1.07659	0.988972	2.66179	1.06472	0.97662	0	0	0	0	0	0	0	0	
0.451	1.01134	0.0499425	1.07641	0.988788	2.66086	1.06434	0.97687	0	0	0	0	0	0	0	0	
0.452	1.01156	0.0499252	1.07624	0.988577	2.65986	1.06394	0.977127	0	0	0	0	0	0	0	0	
0.453	1.0118	0.0499079	1.07606	0.988336	2.65878	1.06351	0.977391	0	0	0	0	0	0	0	0	
0.454	1.01207	0.0498905	1.07589	0.988074	2.65765	1.06306	0.97766	0	0	0	0	0	0	0	0	
0.455	1.01233	0.0498729	1.07572	0.987819	2.65654	1.06261	0.977926	0	0	0	0	0	0	0	0	
0.456	1.01254	0.049855	1.07555	0.987612	2.65555	1.06222	0.978179	0	0	0	0	0	0	0	0	
0.457	1.01266	0.049837	1.07537	0.987502	2.65483	1.06193	0.978406	0	0	0	0	0	0	0	0	
0.458	1.01264	0.049819	1.0752	0.987522	2.65447	1.06179	0.978599	0	0	0	0	0	0	0	0	
0.459	1.01248	0.0498014	1.07504	0.987673	2.65446	1.06178	0.978759	0	0	0	0	0	0	0	0	
0.46	1.01223	0.0497842	1.07487	0.987915	2.65469	1.06188	0.978895	0	0	0	0	0	0	0	0	
0.461	1.01197	0.0497678	1.0747	0.988176	2.65498	1.06199	0.979026	0	0	0	0	0	0	0	0	
0.462	1.01176	0.049752	1.07453	0.988381	2.65512	1.06205	0.979172	0	0	0	0	0	0	0	0	
0.463	1.01166	0.0497368	1.07437	0.988476	2.65496	1.06199	0.979345	0	0	0	0	0	0	0	0	
0.464	1.01169	0.049722	1.0742	0.988444	2.65447	1.06179	0.979551	0	0	0	0	0	0	0	0	
0.465	1.01184	0.0497075	1.07403	0.988299	2.65367	1.06147	0.979784	0	0	0	0	0	0	0	0	
0.466	1.01208	0.0496932	1.07387	0.988065	2.65263	1.06105	0.980039	0	0	0	0	0	0	0	0	
0.467	1.01239	0.0496789	1.0737	0.987764	2.65141	1.06056	0.98031	0	0	0	0	0	0	0	0	
0.468	1.01275	0.0496647	1.07354	0.987408	2.65005	1.06002	0.980593	0	0	0	0	0	0	0	0	
0.469	1.01314	0.0496506	1.07337	0.987026	2.64861	1.05944	0.980881	0	0	0	0	0	0	0	0	
0.47	1.01351	0.0496366	1.0732	0.986672	2.64725	1.0589	0.981161	0	0	0	0	0	0	0	0	
0.471	1.01376	0.0496231	1.07304	0.98643	2.64619	1.05847	0.981415	0	0	0	0	0	0	0	0	
0.472	1.01382	0.0496105	1.07287	0.986367	2.6456	1.05824	0.981628	0	0	0	0	0	0	0	0	
0.473	1.0137	0.0495991	1.0727	0.98649	2.64552	1.05821	0.981799	0	0	0	0	0	0	0	0	
0.474	1.01345	0.0495892	1.07253	0.986726	2.64573	1.05829	0.981944	0	0	0	0	0	0	0	0	
0.475	1.01322	0.049581	1.07236	0.986953	2.64592	1.05837	0.98209	0	0	0	0	0	0	0	0	
0.476	1.01312	0.049574	1.07219	0.987052	2.64576	1.05831	0.982265	0	0	0	0	0	0	0	0	
0.477	1.01322	0.0495678	1.07202	0.986952	2.64507	1.05803	0.982482	0	0	0	0	0	0	0	0	
0.478	1.01353	0.0495615	1.07185	0.986654	2.64385	1.05754	0.982743	0	0	0	0	0	0	0	0	
0.479	1.01397	0.0495544	1.07168	0.986227	2.64229	1.05691	0.983031	0	0	0	0	0	0	0	0	
0.48	1.01442	0.0495459	1.07151	0.985789	2.6407	1.05628	0.98332	0	0	0	0	0	0	0	0	
0.481	1.01474	0.0495354	1.07134	0.985471	2.63944	1.05577	0.983584	0	0	0	0	0	0	0	0	
0.482	1.01485	0.0495227	1.07118	0.985368	2.63876	1.0555	0.983803	0	0	0	0	0	0	0	0	
0.483	1.01472	0.0495081	1.07102	0.985498	2.63872	1.05549	0.983973	0	0	0	0	0	0	0	0	
0.484	1.01442	0.0494915	1.07086	0.98579	2.63912	1.05565	0.98411	0	0	0	0	0	0	0	0	
0.485	1.01407	0.0494735	1.07071	0.986124	2.63964	1.05586	0.984238	0	0	0	0	0	0	0	0	
0.486	1.0138	0.0494544	1.07057	0.98639	2.63999	1.056	0.984379	0	0	0	0	0	0	0	0	
0.487	1.01367	0.0494348	1.07042	0.986515	2.63997	1.05599	0.984548	0	0	0	0	0	0	0	0	
0.488	1.01374	0.0494151	1.07028	0.986449	2.63943	1.05577	0.984755	0	0	0	0	0	0	0	0	
0.489	1.01402	0.049396	1.07013	0.986176	2.63834	1.05534	0.985	0	0	0	0	0	0	0	0	
0.49	1.01446	0.0493781	1.06998	0.985742	2.63682	1.05473	0.985276	0	0	0	0	0	0	0	0	
0.491	1.01497	0.0493619	1.06983	0.985252	2.63513	1.05405	0.985562	0	0	0	0	0	0	0	0	
0.492	1.01541	0.0493478	1.06968	0.984822	2.6336	1.05344	0.985837	0	0	0	0	0	0	0	0	
0.493	1.01572	0.0493361	1.06952	0.98452	2.63241	1.05296	0.986087	0	0	0	0	0	0	0	0	
0.494	1.01589	0.0493265	1.06936	0.984356	2.63157	1.05263	0.986312	0	0	0	0	0	0	0	0	
0.495	1.01594	0.0493188	1.06919	0.984314	2.63106	1.05242	0.986515	0	0	0	0	0	0	0	0	
0.496	1.01585	0.049312	1.06903	0.984394	2.63087	1.05235	0.986697	0	0	0	0	0	0	0	0	
0.497	1.01564	0.0493054	1.06887	0.984597	2.63101	1.0524	0.986859	0	0	0	0	0	0	0	0	
0.498	1.01535	0.0492982	1.06871	0.984881	2.63138	1.05255	0.987007	0	0	0	0	0	0	0	0	
0.499	1.01508	0.0492895	1.06855	0.985145	2.6317	1.05268	0.987158	0	0	0	0	0	0	0	0	
0.5	1.01494	0.0492788	1.0684	0.985281	2.63169	1.05267	0.987331	0	0	0	0	0	0	0	0	
0.501	1.01498	0.0492659	1.06825	0.985241	2.63121	1.05248	0.987532	0	0	0	0	0	0	0	0	
0.502	1.01518	0.0492508	1.06811	0.985048	2.63034	1.05214	0.987757	0	0	0	0	0	0	0	0	
0.503	1.01548	0.049234	1.06796	0.984753	2.6292	1.05168	0.987998	0	0	0	0	0	0	0	0	
0.504	1.01584	0.0492166	1.06782	0.984412	2.62794	1.05118	0.988245	0	0	0	0	0	0	0	0	
0.505	1.01618	0.0491996	1.06768	0.984077	2.6267	1.05068	0.98849	0	0	0	0	0	0	0	0	
0.506	1.01648	0.0491841	1.06753	0.983783	2.62556	1.05022	0.988727	0	0	0	0	0	0	0	0	
0.507	1.01675	0.049171	1.06739	0.983525	2.6245	1.0498	0.988959	0	0	0	0	0	0	0	0	
0.508	1.01699	0.0491609	1.06723	0.983291	2.6235	1.0494	0.989186	0	0	0	0	0	0	0	0	
0.509	1.01719	0.049154	1.06708	0.983098	2.6226	1.04904	0.989407	0	0	0	0	0	0	0	0	
0.51	1.01731	0.04915	1.06692	0.982989	2.62192	1.04877	0.989616	0	0	0	0	0	0	0	0	
0.511	1.01727	0.0491483	1.06675	0.983024	2.62161	1.04864	0.989806	0	0	0	0	0	0	0	0	
0.512	1.01703	0.0491481	1.06659	0.983255	2.62183	1.04873	0.989971	0	0	0	0	0	0	0	0	
0.513	1.01663	0.0491484	1.06643	0.983647	2.62247	1.04899	0.990116	0	0	0	0	0	0	0	0	
0.514	1.01621	0.049148	1.06627	0.984046	2.62314	1.04926	0.99026	0	0	0	0	0	0	0	0	
0.515	1.01598	0.0491456	1.06611	0.984276	2.62337	1.04935	0.990426	0	0	0	0	0	0	0	0	
0.516	1.01594	0.0491402	1.06596	0.98431	2.62309	1.04924	0.990618	0	0	0	0	0	0	0	0	
0.517	1.01603	0.0491314	1.06582	0.984224	2.62251	1.049	0.990824	0	0	0	0	0	0	0	0	
0.518	1.01622	0.0491194	1.06568	0.984042	2.62168	1.04867	0.991042	0	0	0	0	0	0	0	0	
0.519	1.01652	0.0491048	1.06554	0.983751	2.62057	1.04823	0.99127	0	0	0	0	0	0	0	0	
0.52	1.01688	0.049089	1.06541	0.983396	2.6193	1.04772	0.991506	0	0	0	0	0	0	0	0	
0.521	1.01721	0.0490734	1.06527	0.983078	2.61812	1.04725	0.991736	0	0	0	0	0	0	0	0	
0.522	1.01744	0.0490595	1.06514	0.982861	2.61721	1.04688	0.991954	0	0	0	0	0	0	0	0	
0.523	1.01758	0.0490487	1.065	0.982719	2.61648	1.04659	0.992163	0	0	0	0	0	0	0	0	
0.524	1.01771	0.0490415	1.06485	0.982601	2.61581	1.04633	0.99237	0	0	0	0	0	0	0	0	
0.525	1.01781	0.0490382	1.0647	0.982505	2.61519	1.04607	0.992573	0	0	0	0	0	0	0	0	
0.526	1.01786	0.049038	1.06455	0.982452	2.61467	1.04587	0.992773	0	0	0	0	0	0	0	0	
0.527	1.01789	0.04904	1.06439	0.98242	2.6142	1.04568	0.992971	0	0	0	0	0	0	0	0	
0.528	1.01799	0.0490422	1.06423	0.982328	2.61357	1.04543	0.993174	0	0	0	0	0	0	0	0	
0.529	1.01815	0.0490425	1.06408	0.982171	2.61277	1.04511	0.993382	0	0	0	0	0	0	0	0	
0.53	1.01828	0.0490392	1.06393	0.982046	2.61208	1.04483	0.993587	0	0	0	0	0	0	0	0	
0.531	1.01831	0.049031	1.06379	0.982017	2.61166	1.04466	0.993783	0	0	0	0	0	0	0	0	
0.532	1.0184	0.0490179	1.06366	0.981933	2.61111	1.04444	0.993983	0	0	0	0	0	0	0	0	
0.533	1.01864	0.0490006	1.06353	0.981698	2.61017	1.04407	0.994193	0	0	0	0	0	0	0	0	
0.534	1.01886	0.0489813	1.06341	0.981486	2.60931	1.04372	0.994402	0	0	0	0	0	0	0	0	
0.535	1.01886	0.0489628	1.06329	0.981491	2.60902	1.04361	0.994595	0	0	0	0	0	0	0	0	
0.536	1.01865	0.0489482	1.06316	0.981692	2.60924	1.0437	0.994773	0	0	0	0	0	0	0	0	
0.537	1.0179	0.0489396	1.06303	0.982411	2.61082	1.04433	0.994918	0	0	0	0	0	0	0	0	
0.538	1.01809	0.0489374	1.06288	0.982228	2.60998	1.04399	0.995121	0	0	0	0	0	0	0	0	
0.539	1.01912	0.0489409	1.06273	0.981242	2.60698	1.04279	0.995377	0	0	0	0	0	0	0	0	
0.54	1.01965	0.048951	1.06256	0.980733	2.60523	1.04209	0.995606	0	0	0	0	0	0	0	0	
0.541	1.01935	0.0489716	1.06239	0.981016	2.60555	1.04222	0.995787	0	0	0	0	0	0	0	0	
0.542	1.01867	0.0490106	1.06218	0.981676	2.6068	1.04272	0.995946	0	0	0	0	0	0	0	0	
0.543	1.01869	0.0490732	1.06195	0.981657	2.60617	1.04247	0.996143	0	0	0	0	0	0	0	0	
0.544	1.01917	0.0491457	1.0617	0.98119	2.60431	1.04173	0.996364	0	0	0	0	0	0	0	0	
0.545	1.01937	0.0491938	1.06148	0.980996	2.60327	1.04131	0.996571	0	0	0	0	0	0	0	0	
0.546	1.019	0.0491941	1.06134	0.981356	2.60387	1.04155	0.99675	0	0	0	0	0	0	0	0	
0.547	1.01852	0.0491519	1.06125	0.981813	2.60488	1.04195	0.996924	0	0	0	0	0	0	0	0	
0.548	1.01877	0.0490585	1.06125	0.981575	2.60424	1.04169	0.997123	0	0	0	0	0	0	0	0	
0.549	1.01961	0.0488882	1.06135	0.980768	2.60235	1.04094	0.997342	0	0	0	0	0	0	0	0	
0.55	1.02007	0.048716	1.06146	0.980329	2.60145	1.04058	0.997547	0	0	0	0	0	0	0	0	
0.551	1.01955	0.0487127	1.06132	0.980829	2.60244	1.04098	0.997727	0	0	0	0	0	0	0	0	
0.552	1.01899	0.0487825	1.06108	0.981364	2.60327	1.04131	0.997909	0	0	0	0	0	0	0	0	
0.553	1.01977	0.0485874	1.06123	0.980617	2.60164	1.04066	0.998118	0	0	0	0	0	0	0	0	
0.554	1.02084	0.0483869	1.06138	0.979585	2.59927	1.03971	0.998333	0	0	0	0	0	0	0	0	
0.555	1.01982	0.0489271	1.06045	0.980566	2.5996	1.03984	0.998519	0	0	0	0	0	0	0	0	
0.556	1.01831	0.0496352	1.05928	0.982023	2.6006	1.04024	0.998701	0	0	0	0	0	0	0	0	
0.557	1.01946	0.0482457	1.06117	0.980913	2.60228	1.04091	0.998894	0	0	0	0	0	0	0	0	
0.558	1.01771	0.0469404	1.06294	0.982602	2.61111	1.04444	0.999054	0	0	0	0	0	0	0	0	
0.559	1.02198	0.0502619	1.05788	0.978496	2.58784	1.03514	0.999328	0	0	0	0	0	0	0	0	
0.56	1.01602	0.0528343	1.05288	0.984229	2.59068	1.03627	0.999505	0	0	0	0	0	0	0	0	
0.561	1.0173	0.0398456	1.05648	0.982992	2.59628	1.03851	0.999691	0	0	0	0	0	0	0	0	
0.562	0.978757	-0.0396699	0.999352	1.0217	2.5526	1.02104	0.999869	0	0	0	0	0	0	0	0	
0.563	0.840656	-0.146785	0.796967	1.18955	2.37008	0.94803	0.999973	0	0	0	0	0	0	0	0	
0.564	0.417729	-0.786773	0.314527	2.39389	1.88236	0.752944	1	0	0	0	0	0	0	0	0	
0.565	0.259259	-1.35769	0.0967742	3.85715	0.933181	0.373272	1	0	0	0	0	0	0	0	0	
0.566	0.259259	-1.35769	0.0967742	3.85715	0.933181	0.373272	1	0	0	0	0	0	0	0	0	
0.567	0.259259	-1.35769	0.0967742	3.85715	0.933181	0.373272	1	0	0	0	0	0	0	0	0	
0.568	0.259259	-1.35769	0.0967742	3.85715	0.933181	0.373272	1	0	0	0	0	0	0	0	0	
0.569	0.259259	-1.35769	0.0967742	3.85715	0.933181	0.373272	1	0	0	0	0	0	0	0	0	
0.57	0.259259	-1.35769	0.0967742	3.85715	0.933181	0.373272	1	0	0	0	0	0	0	0	0	
0.571	0.259259	-1.35769	0.0967742	3.85715	0.933181	0.373272	1	0	0	0	0	0	0	0	0	
0.572	0.259259	-1.35769	0.0967742	3.85715	0.933181	0.373272	1	0	0	0	0	0	0	0	0	
0.573	0.259259	-1.35769	0.0967742	3.85715	0.933181	0.373272	1	0	0	0	0	0	0	0	0	
0.574	0.259259	-1.35769	0.0967742	3.85715	0.933181	0.373272	1	0	0	0	0	0	0	0	0	
0.575	0.259259	-1.35769	0.0967742	3.85715	0.933181	0.373272	1	0	0	0	0	0	0	0	0	
0.576	0.259259	-1.35769	0.0967742	3.85715	0.933181	0.373272	1	0	0	0	0	0	0	0	0	
0.577	0.259259	-1.35769	0.0967742	3.85715	0.933181	0.373272	1	0	0	0	0	0	0	0	0	
0.578	0.259259	-1.35769	0.0967742	3.85715	0.933181	0.373272	1	0	0	0	0	0	0	0	0	
0.579	0.259259	-1.35769	0.0967742	3.85715	0.933181	0.373272	1	0	0	0	0	0	0	0	0	
0.58	0.259259	-1.35769	0.0967742	3.85715	0.933181	0.373272	1	0	0	0	0	0	0	0	0	
0.581	0.259259	-1.35769	0.0967742	3.85715	0.933181	0.373272	1	0	0	0	0	0	0	0	0	
0.582	0.259259	-1.35769	0.0967742	3.85715	0.933181	0.373272	1	0	0	0	0	0	0	0	0	
0.583	0.259259	-1.35769	0.0967742	3.85715	0.933181	0.373272	1	0	0	0	0	0	0	0	0	
0.584	0.259259	-1.35769	0.0967742	3.85715	0.933181	0.373272	1	0	0	0	0	0	0	0	0	
0.585	0.259259	-1.35769	0.0967742	3.85715	0.933181	0.373272	1	0	0	0	0	0	0	0	0	
0.586	0.259259	-1.35769	0.0967742	3.85715	0.933181	0.373272	1	0	0	0	0	0	0	0	0	
0.587	0.259259	-1.35769	0.0967742	3.85715	0.933181	0.373272	1	0	0	0	0	0	0	0	0	
0.588	0.259259	-1.35769	0.0967742	3.85715	0.933181	0.373272	1	0	0	0	0	0	0	0	0	
0.589	0.259259	-1.35769	0.0967742	3.85715	0.933181	0.373272	1	0	0	0	0	0	0	0	0	
0.59	0.259259	-1.35769	0.0967742	3.85715	0.933181	0.373272	1	0	0	0	0	0	0	0	0	
0.591	0.259259	-1.35769	0.0967742	3.85715	0.933181	0.373272	1	0	0	0	0	0	0	0	0	
0.592	0.259259	-1.35769	0.0967742	3.85715	0.933181	0.373272	1	0	0	0	0	0	0	0	0	
0.593	0.259259	-1.35769	0.0967742	3.85715	0.933181	0.373272	1	0	0	0	0	0	0	0	0	
0.594	0.259259	-1.35769	0.0967742	3.85715	0.933181	0.373272	1	0	0	0	0	0	0	0	0	
0.595	0.259259	-1.35769	0.0967742	3.85715	0.933181	0.373272	1	0	0	0	0	0	0	0	0	
0.596	0.259259	-1.35769	0.0967742	3.85715	0.933181	0.373272	1	0	0	0	0	0	0	0	0	
0.597	0.259259	-1.35769	0.0967742	3.85715	0.933181	0.373272	1	0	0	0	0	0	0	0	0	
0.598	0.259259	-1.35769	0.0967742	3.85715	0.933181	0.373272	1	0	0	0	0	0	0	0	0	
0.599	0.259259	-1.35769	0.0967742	3.85715	0.933181	0.373272	1	0	0	0	0	0	0	0	0	
0.6	0.259259	-1.35769	0.0967742	3.85715	0.933181	0.373272	1	0	0	0	0	0	0	0	0	
0.601	0.259259	-1.35769	0.0967742	3.85715	0.933181	0.373272	1	0	0	0	0	0	0	0	0	
0.602	0.259259	-1.35769	0.0967742	3.85715	0.933181	0.373272	1	0	0	0	0	0	0	0	0	
0.603	0.259259	-1.35769	0.0967742	3.85715	0.933181	0.373272	1	0	0	0	0	0	0	0	0	
0.604	0.259259	-1.35769	0.0967742	3.85715	0.933181	0.373272	1	0	0	0	0	0	0	0	0	
0.605	0.259259	-1.35769	0.0967742	3.85715	0.933181	0.373272	1	0	0	0	0	0	0	0	0	
0.606	0.259259	-1.35769	0.0967742	3.85715	0.933181	0.373272	1	0	0	0	0	0	0	0	0	
0.607	0.259259	-1.35769	0.0967742	3.85715	0.933181	0.373272	1	0	0	0	0	0	0	0	0	
0.608	0.259259	-1.35769	0.0967742	3.85715	0.933181	0.373272	1	0	0	0	0	0	0	0	0	
0.609	0.259259	-1.35769	0.0967742	3.85715	0.933181	0.373272	1	0	0	0	0	0	0	0	0	
0.61	0.259259	-1.35769	0.0967742	3.85715	0.933181	0.373272	1	0	0	0	0	0	0	0	0	
0.611	0.259259	-1.35769	0.0967742	3.85715	0.933181	0.373272	1	0	0	0	0	0	0	0	0	
0.612	0.259259	-1.35769	0.0967742	3.85715	0.933181	0.373272	1	0	0	0	0	0	0	0	0	
0.613	0.259259	-1.35769	0.0967742	3.85715	0.933181	0.373272	1	0	0	0	0	0	0	0	0	
0.614	0.259259	-1.35769	0.0967742	3.85715	0.933181	0.373272	1	0	0	0	0	0	0	0	0	
0.615	0.259259	-1.35769	0.0967742	3.85715	0.933181	0.373272	1	0	0	0	0	0	0	0	0	
0.616	0.259259	-1.35769	0.0967742	3.85715	0.933181	0.373272	1	0	0	0	0	0	0	0	0	
0.617	0.259259	-1.35769	0.0967742	3.85715	0.933181	0.373272	1	0	0	0	0	0	0	0	0	
0.618	0.259259	-1.35769	0.0967742	3.85715	0.933181	0.373272	1	0	0	0	0	0	0	0	0	
0.619	0.259259	-1.35769	0.0967742	3.85715	0.933181	0.373272	1	0	0	0	0	0	0	0	0	
0.62	0.259259	-1.35769	0.0967742	3.85715	0.933181	0.373272	1	0	0	0	0	0	0	0	0	
0.621	0.259259	-1.35769	0.0967742	3.85715	0.933181	0.373272	1	0	0	0	0	0	0	0	0	
0.622	0.259259	-1.35769	0.0967742	3.85715	0.933181	0.373272	1	0	0	0	0	0	0	0	0	
0.623	0.259259	-1.35769	0.0967742	3.85715	0.933181	0.373272	1	0	0	0	0	0	0	0	0	
0.624	0.259259	-1.35769	0.0967742	3.85715	0.933181	0.373272	1	0	0	0	0	0	0	0	0	
0.625	0.259259	-1.35769	0.0967742	3.85715	0.933181	0.373272	1	0	0	0	0	0	0	0	0	
0.626	0.259259	-1.35769	0.0967742	3.85715	0.933181	0.373272	1	0	0	0	0	0	0	0	0	
0.627	0.259259	-1.35769	0.0967742	3.85715	0.933181	0.373272	1	0	0	0	0	0	0	0	0	
0.628	0.259259	-1.35769	0.0967742	3.85715	0.933181	0.373272	1	0	0	0	0	0	0	0	0	
0.629	0.259259	-1.35769	0.0967742	3.85715	0.933181	0.373272	1	0	0	0	0	0	0	0	0	
0.63	0.259259	-1.35769	0.0967742	3.85715	0.933181	0.373272	1	0	0	0	0	0	0	0	0	
0.631	0.259259	-1.35769	0.0967742	3.85715	0.933181	0.373272	1	0	0	0	0	0	0	0	0	
0.632	0.259259	-1.35769	0.0967742	3.85715	0.933181	0.373272	1	0	0	0	0	0	0	0	0	
0.633	0.259259	-1.35769	0.0967742	3.85715	0.933181	0.373272	1	0	0	0	0	0	0	0	0	
0.634	0.259259	-1.35769	0.0967742	3.85715	0.933181	0.373272	1	0	0	0	0	0	0	0	0	
0.635	0.259259	-1.35769	0.0967742	3.85715	0.933181	0.373272	1	0	0	0	0	0	0	0	0	
0.636	0.259259	-1.35769	0.0967742	3.85715	0.933181	0.373272	1	0	0	0	0	0	0	0	0	
0.637	0.259259	-1.35769	0.0967742	3.85715	0.933181	0.373272	1	0	0	0	0	0	0	0	0	
0.638	0.259259	-1.35769	0.0967742	3.85715	0.933181	0.373272	1	0	0	0	0	0	0	0	0	
0.639	0.259259	-1.35769	0.0967742	3.85715	0.933181	0.373272	1	0	0	0	0	0	0	0	0	
0.64	0.259259	-1.35769	0.0967742	3.85715	0.933181	0.373272	1	0	0	0	0	0	0	0	0	
0.641	0.259259	-1.35769	0.0967742	3.85715	0.933181	0.373272	1	0	0	0	0	0	0	0	0	
0.642	0.259259	-1.35769	0.0967742	3.85715	0.933181	0.373272	1	0	0	0	0	0	0	0	0	
0.643	0.259259	-1.35769	0.0967742	3.85715	0.933181	0.373272	1	0	0	0	0	0	0	0	0	
0.644	0.259259	-1.35769	0.0967742	3.85715	0.933181	0.373272	1	0	0	0	0	0	0	0	0	
0.645	0.259259	-1.35769	0.0967742	3.85715	0.933181	0.373272	1	0	0	0	0	0	0	0	0	
0.646	0.259259	-1.35769	0.0967742	3.85715	0.933181	0.373272	1	0	0	0	0	0	0	0	0	
0.647	0.259259	-1.35769	0.0967742	3.85715	0.933181	0.373272	1	0	0	0	0	0	0	0	0	
0.648	0.259259	-1.35769	0.0967742	3.85715	0.933181	0.373272	1	0	0	0	0	0	0	0	0	
0.649	0.259259	-1.35769	0.0967742	3.85715	0.933181	0.373272	1	0	0	0	0	0	0	0	0	
0.65	0.259259	-1.35769	0.0967742	3.85715	0.933181	0.373272	1	0	0	0	0	0	0	0	0	
0.651	0.259259	-1.35769	0.0967742	3.85715	0.933181	0.373272	1	0	0	0	0	0	0	0	0	
0.652	0.259259	-1.35769	0.0967742	3.85715	0.933181	0.373272	1	0	0	0	0	0	0	0	0	
0.653	0.259259	-1.35769	0.0967742	3.85715	0.933181	0.373272	1	0	0	0	0	0	0	0	0	
0.654	0.259259	-1.35769	0.0967742	3.85715	0.933181	0.373272	1	0	0	0	0	0	0	0	0	
0.655	0.259259	-1.35769	0.0967742	3.85715	0.933181	0.373272	1	0	0	0	0	0	0	0	0	
0.656	0.259259	-1.35769	0.0967742	3.85715	0.933181	0.373272	1	0	0	0	0	0	0	0	0	
0.657	0.259259	-1.35769	0.0967742	3.85715	0.933181	0.373272	1	0	0	0	0	0	0	0	0	
0.658	0.259259	-1.35769	0.0967742	3.85715	0.933181	0.373272	1	0	0	0	0	0	0	0	0	
0.659	0.259259	-1.35769	0.0967742	3.85715	0.933181	0.373272	1	0	0	0	0	0	0	0	0	
0.66	0.259259	-1.35769	0.0967742	3.85715	0.933181	0.373272	1	0	0	0	0	0	0	0	0	
0.661	0.259259	-1.35769	0.0967742	3.85715	0.933181	0.373272	1	0	0	0	0	0	0	0	0	
0.662	0.259259	-1.35769	0.0967742	3.85715	0.933181	0.373272	1	0	0	0	0	0	0	0	0	
0.663	0.259259	-1.35769	0.0967742	3.85715	0.933181	0.373272	1	0	0	0	0	0	0	0	0	
0.664	0.259259	-1.35769	0.0967742	3.85715	0.933181	0.373272	1	0	0	0	0	0	0	0	0	
0.665	0.259259	-1.35769	0.0967742	3.85715	0.933181	0.373272	1	0	0	0	0	0	0	0	0	
0.666	0.259259	-1.35769	0.0967742	3.85715	0.933181	0.373272	1	0	0	0	0	0	0	0	0	
0.667	0.259259	-1.35769	0.0967742	3.85715	0.933181	0.373272	1	0	0	0	0	0	0	0	0	
0.668	0.259259	-1.35769	0.0967742	3.85715	0.933181	0.373272	1	0	0	0	0	0	0	0	0	
0.669	0.259259	-1.35769	0.0967742	3.85715	0.933181	0.373272	1	0	0	0	0	0	0	0	0	
0.67	0.259259	-1.35769	0.0967742	3.85715	0.933181	0.373272	1	0	0	0	0	0	0	0	0	
0.671	0.259259	-1.35769	0.0967742	3.85715	0.933181	0.373272	1	0	0	0	0	0	0	0	0	
0.672	0.259259	-1.35769	0.0967742	3.85715	0.933181	0.373272	1	0	0	0	0	0	0	0	0	
0.673	0.259259	-1.35769	0.0967742	3.85715	0.933181	0.373272	1	0	0	0	0	0	0	0	0	
0.674	0.259259	-1.35769	0.0967742	3.85715	0.933181	0.373272	1	0	0	0	0	0	0	0	0	
0.675	0.259259	-1.35769	0.0967742	3.85715	0.933181	0.373272	1	0	0	0	0	0	0	0	0	
0.676	0.259259	-1.35769	0.0967742	3.85715	0.933181	0.373272	1	0	0	0	0	0	0	0	0	
0.677	0.259259	-1.35769	0.0967742	3.85715	0.933181	0.373272	1	0	0	0	0	0	0	0	0	
0.678	0.259259	-1.35769	0.0967742	3.85715	0.933181	0.373272	1	0	0	0	0	0	0	0	0	
0.679	0.259259	-1.35769	0.0967742	3.85715	0.933181	0.373272	1	0	0	0	0	0	0	0	0	
0.68	0.259259	-1.35769	0.0967742	3.85715	0.933181	0.373272	1	0	0	0	0	0	0	0	0	
0.681	0.259259	-1.35769	0.0967742	3.85715	0.933181	0.373272	1	0	0	0	0	0	0	0	0	
0.682	0.259259	-1.35769	0.0967742	3.85715	0.933181	0.373272	1	0	0	0	0	0	0	0	0	
0.683	0.259259	-1.35769	0.0967742	3.85715	0.933181	0.373272	1	0	0	0	0	0	0	0	0	
0.684	0.259259	-1.35769	0.0967742	3.85715	0.933181	0.373272	1	0	0	0	0	0	0	0	0	
0.685	0.259259	-1.35769	0.0967742	3.85715	0.933181	0.373272	1	0	0	0	0	0	0	0	0	
0.686	0.259259	-1.35769	0.0967742	3.85715	0.933181	0.373272	1	0	0	0	0	0	0	0	0	
0.687	0.259259	-1.35769	0.0967742	3.85715	0.933181	0.373272	1	0	0	0	0	0	0	0	0	
0.688	0.259259	-1.35769	0.0967742	3.85715	0.933181	0.373272	1	0	0	0	0	0	0	0	0	
0.689	0.259259	-1.35769	0.0967742	3.85715	0.933181	0.373272	1	0	0	0	0	0	0	0	0	
0.69	0.259259	-1.35769	0.0967742	3.85715	0.933181	0.373272	1	0	0	0	0	0	0	0	0	
0.691	0.259259	-1.35769	0.0967742	3.85715	0.933181	0.373272	1	0	0	0	0	0	0	0	0	
0.692	0.259259	-1.35769	0.0967742	3.85715	0.933181	0.373272	1	0	0	0	0	0	0	0	0	
0.693	0.259259	-1.35769	0.0967742	3.85715	0.933181	0.373272	1	0	0	0	0	0	0	0	0	
0.694	0.259259	-1.35769	0.0967742	3.85715	0.933181	0.373272	1	0	0	0	0	0	0	0	0	
0.695	0.259259	-1.35769	0.0967742	3.85715	0.933181	0.373272	1	0	0	0	0	0	0	0	0	
0.696	0.259259	-1.35769	0.0967742	3.85715	0.933181	0.373272	1	0	0	0	0	0	0	0	0	
0.697	0.259259	-1.35769	0.0967742	3.85715	0.933181	0.373272	1	0	0	0	0	0	0	0	0	
0.698	0.259259	-1.35769	0.0967742	3.85715	0.933181	0.373272	1	0	0	0	0	0	0	0	0	
0.699	0.259259	-1.35769	0.0967742	3.85715	0.933181	0.373272	1	0	0	0	0	0	0	0	0	
0.7	0.259259	-1.35769	0.0967742	3.85715	0.933181	0.373272	1	0	0	0	0	0	0	0	0	
0.701	0.259259	-1.35769	0.0967742	3.85715	0.933181	0.373272	1	0	0	0	0	0	0	0	0	
0.702	0.259259	-1.35769	0.0967742	3.85715	0.933181	0.373272	1	0	0	0	0	0	0	0	0	
0.703	0.259259	-1.35769	0.0967742	3.85715	0.933181	0.373272	1	0	0	0	0	0	0	0	0	
0.704	0.259259	-1.35769	0.0967742	3.85715	0.933181	0.373272	1	0	0	0	0	0	0	0	0	
0.705	0.259259	-1.35769	0.0967742	3.85715	0.933181	0.373272	1	0	0	0	0	0	0	0	0	
0.706	0.259259	-1.35769	0.0967742	3.85715	0.933181	0.373272	1	0	0	0	0	0	0	0	0	
0.707	0.259259	-1.35769	0.0967742	3.85715	0.933181	0.373272	1	0	0	0	0	0	0	0	0	
0.708	0.259259	-1.35769	0.0967742	3.85715	0.933181	0.373272	1	0	0	0	0	0	0	0	0	
0.709	0.259259	-1.35769	0.0967742	3.85715	0.933181	0.373272	1	0	0	0	0	0	0	0	0	
0.71	0.259259	-1.35769	0.0967742	3.85715	0.933181	0.373272	1	0	0	0	0	0	0	0	0	
0.711	0.259259	-1.35769	0.0967742	3.85715	0.933181	0.373272	1	0	0	0	0	0	0	0	0	
0.712	0.259259	-1.35769	0.0967742	3.85715	0.933181	0.373272	1	0	0	0	0	0	0	0	0	
0.713	0.259259	-1.35769	0.0967742	3.85715	0.933181	0.373272	1	0	0	0	0	0	0	0	0	
0.714	0.259259	-1.35769	0.0967742	3.85715	0.933181	0.373272	1	0	0	0	0	0	0	0	0	
0.715	0.259259	-1.35769	0.0967742	3.85715	0.933181	0.373272	1	0	0	0	0	0	0	0	0	
0.716	0.259259	-1.35769	0.0967742	3.85715	0.933181	0.373272	1	0	0	0	0	0	0	0	0	
0.717	0.259259	-1.35769	0.0967742	3.85715	0.933181	0.373272	1	0	0	0	0	0	0	0	0	
0.718	0.259259	-1.35769	0.0967742	3.85715	0.933181	0.373272	1	0	0	0	0	0	0	0	0	
0.719	0.259259	-1.35769	0.0967742	3.85715	0.933181	0.373272	1	0	0	0	0	0	0	0	0	
0.72	0.259259	-1.35769	0.0967742	3.85715	0.933181	0.373272	1	0	0	0	0	0	0	0	0	
0.721	0.259259	-1.35769	0.0967742	3.85715	0.933181	0.373272	1	0	0	0	0	0	0	0	0	
0.722	0.259259	-1.35769	0.0967742	3.85715	0.933181	0.373272	1	0	0	0	0	0	0	0	0	
0.723	0.259259	-1.35769	0.0967742	3.85715	0.933181	0.373272	1	0	0	0	0	0	0	0	0	
0.724	0.259259	-1.35769	0.0967742	3.85715	0.933181	0.373272	1	0	0	0	0	0	0	0	0	
0.725	0.259259	-1.35769	0.0967742	3.85715	0.933181	0.373272	1	0	0	0	0	0	0	0	0	
0.726	0.259259	-1.35769	0.0967742	3.85715	0.933181	0.373272	1	0	0	0	0	0	0	0	0	
0.727	0.259259	-1.35769	0.0967742	3.85715	0.933181	0.373272	1	0	0	0	0	0	0	0	0	
0.728	0.259259	-1.35769	0.0967742	3.85715	0.933181	0.373272	1	0	0	0	0	0	0	0	0	
0.729	0.259259	-1.35769	0.0967742	3.85715	0.933181	0.373272	1	0	0	0	0	0	0	0	0	
0.73	0.259259	-1.35769	0.0967742	3.85715	0.933181	0.373272	1	0	0	0	0	0	0	0	0	
0.731	0.259259	-1.35769	0.0967742	3.85715	0.933181	0.373272	1	0	0	0	0	0	0	0	0	
0.732	0.259259	-1.35769	0.0967742	3.85715	0.933181	0.373272	1	0	0	0	0	0	0	0	0	
0.733	0.259259	-1.35769	0.0967742	3.85715	0.933181	0.373272	1	0	0	0	0	0	0	0	0	
0.734	0.259259	-1.35769	0.0967742	3.85715	0.933181	0.373272	1	0	0	0	0	0	0	0	0	
0.735	0.259259	-1.35769	0.0967742	3.85715	0.933181	0.373272	1	0	0	0	0	0	0	0	0	
0.736	0.259259	-1.35769	0.0967742	3.85715	0.933181	0.373272	1	0	0	0	0	0	0	0	0	
0.737	0.259259	-1.35769	0.0967742	3.85715	0.933181	0.373272	1	0	0	0	0	0	0	0	0	
0.738	0.259259	-1.35769	0.0967742	3.85715	0.933181	0.373272	1	0	0	0	0	0	0	0	0	
0.739	0.259259	-1.35769	0.0967742	3.85715	0.933181	0.373272	1	0	0	0	0	0	0	0	0	
0.74	0.259259	-1.35769	0.0967742	3.85715	0.933181	0.373272	1	0	0	0	0	0	0	0	0	
0.741	0.259259	-1.35769	0.0967742	3.85715	0.933181	0.373272	1	0	0	0	0	0	0	0	0	
0.742	0.259259	-1.35769	0.0967742	3.85715	0.933181	0.373272	1	0	0	0	0	0	0	0	0	
0.743	0.259259	-1.35769	0.0967742	3.85715	0.933181	0.373272	1	0	0	0	0	0	0	0	0	
0.744	0.259259	-1.35769	0.0967742	3.85715	0.933181	0.373272	1	0	0	0	0	0	0	0	0	
0.745	0.259259	-1.35769	0.0967742	3.85715	0.933181	0.373272	1	0	0	0	0	0	0	0	0	
0.746	0.259259	-1.35769	0.0967742	3.85715	0.933181	0.373272	1	0	0	0	0	0	0	0	0	
0.747	0.259259	-1.35769	0.0967742	3.85715	0.933181	0.373272	1	0	0	0	0	0	0	0	0	
0.748	0.259259	-1.35769	0.0967742	3.85715	0.933181	0.373272	1	0	0	0	0	0	0	0	0	
0.749	0.259259	-1.35769	0.0967742	3.85715	0.933181	0.373272	1	0	0	0	0	0	0	0	0	
0.75	0.259259	-1.35769	0.0967742	3.85715	0.933181	0.373272	1	0	0	0	0	0	0	0	0	
0.751	0.259259	-1.35769	0.0967742	3.85715	0.933181	0.373272	1	0	0	0	0	0	0	0	0	
0.752	0.259259	-1.35769	0.0967742	3.85715	0.933181	0.373272	1	0	0	0	0	0	0	0	0	
0.753	0.259259	-1.35769	0.0967742	3.85715	0.933181	0.373272	1	0	0	0	0	0	0	0	0	
0.754	0.259259	-1.35769	0.0967742	3.85715	0.933181	0.373272	1	0	0	0	0	0	0	0	0	
0.755	0.259259	-1.35769	0.0967742	3.85715	0.933181	0.373272	1	0	0	0	0	0	0	0	0	
0.756	0.259259	-1.35769	0.0967742	3.85715	0.933181	0.373272	1	0	0	0	0	0	0	0	0	
0.757	0.259259	-1.35769	0.0967742	3.85715	0.933181	0.373272	1	0	0	0	0	0	0	0	0	
0.758	0.259259	-1.35769	0.0967742	3.85715	0.933181	0.373272	1	0	0	0	0	0	0	0	0	
0.759	0.259259	-1.35769	0.0967742	3.85715	0.933181	0.373272	1	0	0	0	0	0	0	0	0	
0.76	0.259259	-1.35769	0.0967742	3.85715	0.933181	0.373272	1	0	0	0	0	0	0	0	0	
0.761	0.259259	-1.35769	0.0967742	3.85715	0.933181	0.373272	1	0	0	0	0	0	0	0	0	
0.762	0.259259	-1.35769	0.0967742	3.85715	0.933181	0.373272	1	0	0	0	0	0	0	0	0	
0.763	0.259259	-1.35769	0.0967742	3.85715	0.933181	0.373272	1	0	0	0	0	0	0	0	0	
0.764	0.259259	-1.35769	0.0967742	3.85715	0.933181	0.373272	1	0	0	0	0	0	0	0	0	
0.765	0.259259	-1.35769	0.0967742	3.85715	0.933181	0.373272	1	0	0	0	0	0	0	0	0	
0.766	0.259259	-1.35769	0.0967742	3.85715	0.933181	0.373272	1	0	0	0	0	0	0	0	0	
0.767	0.259259	-1.35769	0.0967742	3.85715	0.933181	0.373272	1	0	0	0	0	0	0	0	0	
0.768	0.259259	-1.35769	0.0967742	3.85715	0.933181	0.373272	1	0	0	0	0	0	0	0	0	
0.769	0.259259	-1.35769	0.0967742	3.85715	0.933181	0.373272	1	0	0	0	0	0	0	0	0	
0.77	0.259259	-1.35769	0.0967742	3.85715	0.933181	0.373272	1	0	0	0	0	0	0	0	0	
0.771	0.259259	-1.35769	0.0967742	3.85715	0.933181	0.373272	1	0	0	0	0	0	0	0	0	
0.772	0.259259	-1.35769	0.0967742	3.85715	0.933181	0.373272	1	0	0	0	0	0	0	0	0	
0.773	0.259259	-1.35769	0.0967742	3.85715	0.933181	0.373272	1	0	0	0	0	0	0	0	0	
0.774	0.259259	-1.35769	0.0967742	3.85715	0.933181	0.373272	1	0	0	0	0	0	0	0	0	
0.775	0.259259	-1.35769	0.0967742	3.85715	0.933181	0.373272	1	0	0	0	0	0	0	0	0	
0.776	0.259259	-1.35769	0.0967742	3.85715	0.933181	0.373272	1	0	0	0	0	0	0	0	0	
0.777	0.259259	-1.35769	0.0967742	3.85715	0.933181	0.373272	1	0	0	0	0	0	0	0	0	
0.778	0.259259	-1.35769	0.0967742	3.85715	0.933181	0.373272	1	0	0	0	0	0	0	0	0	
0.779	0.259259	-1.35769	0.0967742	3.85715	0.933181	0.373272	1	0	0	0	0	0	0	0	0	
0.78	0.259259	-1.35769	0.0967742	3.85715	0.933181	0.373272	1	0	0	0	0	0	0	0	0	
0.781	0.259259	-1.35769	0.0967742	3.85715	0.933181	0.373272	1	0	0	0	0	0	0	0	0	
0.782	0.259259	-1.35769	0.0967742	3.85715	0.933181	0.373272	1	0	0	0	0	0	0	0	0	
0.783	0.259259	-1.35769	0.0967742	3.85715	0.933181	0.373272	1	0	0	0	0	0	0	0	0	
0.784	0.259259	-1.35769	0.0967742	3.85715	0.933181	0.373272	1	0	0	0	0	0	0	0	0	
0.785	0.259259	-1.35769	0.0967742	3.85715	0.933181	0.373272	1	0	0	0	0	0	0	0	0	
0.786	0.259259	-1.35769	0.0967742	3.85715	0.933181	0.373272	1	0	0	0	0	0	0	0	0	
0.787	0.259259	-1.35769	0.0967742	3.85715	0.933181	0.373272	1	0	0	0	0	0	0	0	0	
0.788	0.259259	-1.35769	0.0967742	3.85715	0.933181	0.373272	1	0	0	0	0	0	0	0	0	
0.789	0.259259	-1.35769	0.0967742	3.85715	0.933181	0.373272	1	0	0	0	0	0	0	0	0	
0.79	0.259259	-1.35769	0.0967742	3.85715	0.933181	0.373272	1	0	0	0	0	0	0	0	0	
0.791	0.259259	-1.35769	0.0967742	3.85715	0.933181	0.373272	1	0	0	0	0	0	0	0	0	
0.792	0.259259	-1.35769	0.0967742	3.85715	0.933181	0.373272	1	0	0	0	0	0	0	0	0	
0.793	0.259259	-1.35769	0.0967742	3.85715	0.933181	0.373272	1	0	0	0	0	0	0	0	0	
0.794	0.259259	-1.35769	0.0967742	3.85715	0.933181	0.373272	1	0	0	0	0	0	0	0	0	
0.795	0.259259	-1.35769	0.0967742	3.85715	0.933181	0.373272	1	0	0	0	0	0	0	0	0	
0.796	0.259259	-1.35769	0.0967742	3.85715	0.933181	0.373272	1	0	0	0	0	0	0	0	0	
0.797	0.259259	-1.35769	0.0967742	3.85715	0.933181	0.373272	1	0	0	0	0	0	0	0	0	
0.798	0.259259	-1.35769	0.0967742	3.85715	0.933181	0.373272	1	0	0	0	0	0	0	0	0	
0.799	0.259259	-1.35769	0.0967742	3.85715	0.933181	0.373272	1	0	0	0	0	0	0	0	0	
0.8	0.259259	-1.35769	0.0967742	3.85715	0.933181	0.373272	1	0	0	0	0	0	0	0	0	
0.801	0.259259	-1.35769	0.0967742	3.85715	0.933181	0.373272	1	0	0	0	0	0	0	0	0	
0.802	0.259259	-1.35769	0.0967742	3.85715	0.933181	0.373272	1	0	0	0	0	0	0	0	0	
0.803	0.259259	-1.35769	0.0967742	3.85715	0.933181	0.373272	1	0	0	0	0	0	0	0	0	
0.804	0.259259	-1.35769	0.0967742	3.85715	0.933181	0.373272	1	0	0	0	0	0	0	0	0	
0.805	0.259259	-1.35769	0.0967742	3.85715	0.933181	0.373272	1	0	0	0	0	0	0	0	0	
0.806	0.259259	-1.35769	0.0967742	3.85715	0.933181	0.373272	1	0	0	0	0	0	0	0	0	
0.807	0.259259	-1.35769	0.0967742	3.85715	0.933181	0.373272	1	0	0	0	0	0	0	0	0	
0.808	0.259259	-1.35769	0.0967742	3.85715	0.933181	0.373272	1	0	0	0	0	0	0	0	0	
0.809	0.259259	-1.35769	0.0967742	3.85715	0.933181	0.373272	1	0	0	0	0	0	0	0	0	
0.81	0.259259	-1.35769	0.0967742	3.85715	0.933181	0.373272	1	0	0	0	0	0	0	0	0	
0.811	0.259259	-1.35769	0.0967742	3.85715	0.933181	0.373272	1	0	0	0	0	0	0	0	0	
0.812	0.259259	-1.35769	0.0967742	3.85715	0.933181	0.373272	1	0	0	0	0	0	0	0	0	
0.813	0.259259	-1.35769	0.0967742	3.85715	0.933181	0.373272	1	0	0	0	0	0	0	0	0	
0.814	0.259259	-1.35769	0.0967742	3.85715	0.933181	0.373272	1	0	0	0	0	0	0	0	0	
0.815	0.259259	-1.35769	0.0967742	3.85715	0.933181	0.373272	1	0	0	0	0	0	0	0	0	
0.816	0.259259	-1.35769	0.0967742	3.85715	0.933181	0.373272	1	0	0	0	0	0	0	0	0	
0.817	0.259259	-1.35769	0.0967742	3.85715	0.933181	0.373272	1	0	0	0	0	0	0	0	0	
0.818	0.259259	-1.35769	0.0967742	3.85715	0.933181	0.373272	1	0	0	0	0	0	0	0	0	
0.819	0.259259	-1.35769	0.0967742	3.85715	0.933181	0.373272	1	0	0	0	0	0	0	0	0	
0.82	0.259259	-1.35769	0.0967742	3.85715	0.933181	0.373272	1	0	0	0	0	0	0	0	0	
0.821	0.259259	-1.35769	0.0967742	3.85715	0.933181	0.373272	1	0	0	0	0	0	0	0	0	
0.822	0.259259	-1.35769	0.0967742	3.85715	0.933181	0.373272	1	0	0	0	0	0	0	0	0	
0.823	0.259259	-1.35769	0.0967742	3.85715	0.933181	0.373272	1	0	0	0	0	0	0	0	0	
0.824	0.259259	-1.35769	0.0967742	3.85715	0.933181	0.373272	1	0	0	0	0	0	0	0	0	
0.825	0.259259	-1.35769	0.0967742	3.85715	0.933181	0.373272	1	0	0	0	0	0	0	0	0	
0.826	0.259259	-1.35769	0.0967742	3.85715	0.933181	0.373272	1	0	0	0	0	0	0	0	0	
0.827	0.259259	-1.35769	0.0967742	3.85715	0.933181	0.373272	1	0	0	0	0	0	0	0	0	
0.828	0.259259	-1.35769	0.0967742	3.85715	0.933181	0.373272	1	0	0	0	0	0	0	0	0	
0.829	0.259259	-1.35769	0.0967742	3.85715	0.933181	0.373272	1	0	0	0	0	0	0	0	0	
0.83	0.259259	-1.35769	0.0967742	3.85715	0.933181	0.373272	1	0	0	0	0	0	0	0	0	
0.831	0.259259	-1.35769	0.0967742	3.85715	0.933181	0.373272	1	0	0	0	0	0	0	0	0	
0.832	0.259259	-1.35769	0.0967742	3.85715	0.933181	0.373272	1	0	0	0	0	0	0	0	0	
0.833	0.259259	-1.35769	0.0967742	3.85715	0.933181	0.373272	1	0	0	0	0	0	0	0	0	
0.834	0.259259	-1.35769	0.0967742	3.85715	0.933181	0.373272	1	0	0	0	0	0	0	0	0	
0.835	0.259259	-1.35769	0.0967742	3.85715	0.933181	0.373272	1	0	0	0	0	0	0	0	0	
0.836	0.259259	-1.35769	0.0967742	3.85715	0.933181	0.373272	1	0	0	0	0	0	0	0	0	
0.837	0.259259	-1.35769	0.0967742	3.85715	0.933181	0.373272	1	0	0	0	0	0	0	0	0	
0.838	0.259259	-1.35769	0.0967742	3.85715	0.933181	0.373272	1	0	0	0	0	0	0	0	0	
0.839	0.259259	-1.35769	0.0967742	3.85715	0.933181	0.373272	1	0	0	0	0	0	0	0	0	
0.84	0.259259	-1.35769	0.0967742	3.85715	0.933181	0.373272	1	0	0	0	0	0	0	0	0	
0.841	0.259259	-1.35769	0.0967742	3.85715	0.933181	0.373272	1	0	0	0	0	0	0	0	0	
0.842	0.259259	-1.35769	0.0967742	3.85715	0.933181	0.373272	1	0	0	0	0	0	0	0	0	
0.843	0.259259	-1.35769	0.0967742	3.85715	0.933181	0.373272	1	0	0	0	0	0	0	0	0	
0.844	0.259259	-1.35769	0.0967742	3.85715	0.933181	0.373272	1	0	0	0	0	0	0	0	0	
0.845	0.259259	-1.35769	0.0967742	3.85715	0.933181	0.373272	1	0	0	0	0	0	0	0	0	
0.846	0.259259	-1.35769	0.0967742	3.85715	0.933181	0.373272	1	0	0	0	0	0	0	0	0	
0.847	0.259259	-1.35769	0.0967742	3.85715	0.933181	0.373272	1	0	0	0	0	0	0	0	0	
0.848	0.259259	-1.35769	0.0967742	3.85715	0.933181	0.373272	1	0	0	0	0	0	0	0	0	
0.849	0.259259	-1.35769	0.0967742	3.85715	0.933181	0.373272	1	0	0	0	0	0	0	0	0	
0.85	0.259259	-1.35769	0.0967742	3.85715	0.933181	0.373272	1	0	0	0	0	0	0	0	0	
0.851	0.259259	-1.35769	0.0967742	3.85715	0.933181	0.373272	1	0	0	0	0	0	0	0	0	
0.852	0.259259	-1.35769	0.0967742	3.85715	0.933181	0.373272	1	0	0	0	0	0	0	0	0	
0.853	0.259259	-1.35769	0.0967742	3.85715	0.933181	0.373272	1	0	0	0	0	0	0	0	0	
0.854	0.259259	-1.35769	0.0967742	3.85715	0.933181	0.373272	1	0	0	0	0	0	0	0	0	
0.855	0.259259	-1.35769	0.0967742	3.85715	0.933181	0.373272	1	0	0	0	0	0	0	0	0	
0.856	0.259259	-1.35769	0.0967742	3.85715	0.933181	0.373272	1	0	0	0	0	0	0	0	0	
0.857	0.259259	-1.35769	0.0967742	3.85715	0.933181	0.373272	1	0	0	0	0	0	0	0	0	
0.858	0.259259	-1.35769	0.0967742	3.85715	0.933181	0.373272	1	0	0	0	0	0	0	0	0	
0.859	0.259259	-1.35769	0.0967742	3.85715	0.933181	0.373272	1	0	0	0	0	0	0	0	0	
0.86	0.259259	-1.35769	0.0967742	3.85715	0.933181	0.373272	1	0	0	0	0	0	0	0	0	
0.861	0.259259	-1.35769	0.0967742	3.85715	0.933181	0.373272	1	0	0	0	0	0	0	0	0	
0.862	0.259259	-1.35769	0.0967742	3.85715	0.933181	0.373272	1	0	0	0	0	0	0	0	0	
0.863	0.259259	-1.35769	0.0967742	3.85715	0.933181	0.373272	1	0	0	0	0	0	0	0	0	
0.864	0.259259	-1.35769	0.0967742	3.85715	0.933181	0.373272	1	0	0	0	0	0	0	0	0	
0.865	0.259259	-1.35769	0.0967742	3.85715	0.933181	0.373272	1	0	0	0	0	0	0	0	0	
0.866	0.259259	-1.35769	0.0967742	3.85715	0.933181	0.373272	1	0	0	0	0	0	0	0	0	
0.867	0.259259	-1.35769	0.0967742	3.85715	0.933181	0.373272	1	0	0	0	0	0	0	0	0	
0.868	0.259259	-1.35769	0.0967742	3.85715	0.933181	0.373272	1	0	0	0	0	0	0	0	0	
0.869	0.259259	-1.35769	0.0967742	3.85715	0.933181	0.373272	1	0	0	0	0	0	0	0	0	
0.87	0.259259	-1.35769	0.0967742	3.85715	0.933181	0.373272	1	0	0	0	0	0	0	0	0	
0.871	0.259259	-1.35769	0.0967742	3.85715	0.933181	0.373272	1	0	0	0	0	0	0	0	0	
0.872	0.259259	-1.35769	0.0967742	3.85715	0.933181	0.373272	1	0	0	0	0	0	0	0	0	
0.873	0.259259	-1.35769	0.0967742	3.85715	0.933181	0.373272	1	0	0	0	0	0	0	0	0	
0.874	0.259259	-1.35769	0.0967742	3.85715	0.933181	0.373272	1	0	0	0	0	0	0	0	0	
0.875	0.259259	-1.35769	0.0967742	3.85715	0.933181	0.373272	1	0	0	0	0	0	0	0	0	
0.876	0.259259	-1.35769	0.0967742	3.85715	0.933181	0.373272	1	0	0	0	0	0	0	0	0	
0.877	0.259259	-1.35769	0.0967742	3.85715	0.933181	0.373272	1	0	0	0	0	0	0	0	0	
0.878	0.259259	-1.35769	0.0967742	3.85715	0.933181	0.373272	1	0	0	0	0	0	0	0	0	
0.879	0.259259	-1.35769	0.0967742	3.85715	0.933181	0.373272	1	0	0	0	0	0	0	0	0	
0.88	0.259259	-1.35769	0.0967742	3.85715	0.933181	0.373272	1	0	0	0	0	0	0	0	0	
0.881	0.259259	-1.35769	0.0967742	3.85715	0.933181	0.373272	1	0	0	0	0	0	0	0	0	
0.882	0.259259	-1.35769	0.0967742	3.85715	0.933181	0.373272	1	0	0	0	0	0	0	0	0	
0.883	0.259259	-1.35769	0.0967742	3.85715	0.933181	0.373272	1	0	0	0	0	0	0	0	0	
0.884	0.259259	-1.35769	0.0967742	3.85715	0.933181	0.373272	1	0	0	0	0	0	0	0	0	
0.885	0.259259	-1.35769	0.0967742	3.85715	0.933181	0.373272	1	0	0	0	0	0	0	0	0	
0.886	0.259259	-1.35769	0.0967742	3.85715	0.933181	0.373272	1	0	0	0	0	0	0	0	0	
0.887	0.259259	-1.35769	0.0967742	3.85715	0.933181	0.373272	1	0	0	0	0	0	0	0	0	
0.888	0.259259	-1.35769	0.0967742	3.85715	0.933181	0.373272	1	0	0	0	0	0	0	0	0	
0.889	0.259259	-1.35769	0.0967742	3.85715	0.933181	0.373272	1	0	0	0	0	0	0	0	0	
0.89	0.259259	-1.35769	0.0967742	3.85715	0.933181	0.373272	1	0	0	0	0	0	0	0	0	
0.891	0.259259	-1.35769	0.0967742	3.85715	0.933181	0.373272	1	0	0	0	0	0	0	0	0	
0.892	0.259259	-1.35769	0.0967742	3.85715	0.933181	0.373272	1	0	0	0	0	0	0	0	0	
0.893	0.259259	-1.35769	0.0967742	3.85715	0.933181	0.373272	1	0	0	0	0	0	0	0	0	
0.894	0.259259	-1.35769	0.0967742	3.85715	0.933181	0.373272	1	0	0	0	0	0	0	0	0	
0.895	0.259259	-1.35769	0.0967742	3.85715	0.933181	0.373272	1	0	0	0	0	0	0	0	0	
0.896	0.259259	-1.35769	0.0967742	3.85715	0.933181	0.373272	1	0	0	0	0	0	0	0	0	
0.897	0.259259	-1.35769	0.0967742	3.85715	0.933181	0.373272	1	0	0	0	0	0	0	0	0	
0.898	0.259259	-1.35769	0.0967742	3.85715	0.933181	0.373272	1	0	0	0	0	0	0	0	0	
0.899	0.259259	-1.35769	0.0967742	3.85715	0.933181	0.373272	1	0	0	0	0	0	0	0	0	
0.9	0.259259	-1.35769	0.0967742	3.85715	0.933181	0.373272	1	0	0	0	0	0	0	0	0	
0.901	0.259259	-1.35769	0.0967742	3.85715	0.933181	0.373272	1	0	0	0	0	0	0	0	0	
0.902	0.259259	-1.35769	0.0967742	3.85715	0.933181	0.373272	1	0	0	0	0	0	0	0	0	
0.903	0.259259	-1.35769	0.0967742	3.85715	0.933181	0.373272	1	0	0	0	0	0	0	0	0	
0.904	0.259259	-1.35769	0.0967742	3.85715	0.933181	0.373272	1	0	0	0	0	0	0	0	0	
0.905	0.259259	-1.35769	0.0967742	3.85715	0.933181	0.373272	1	0	0	0	0	0	0	0	0	
0.906	0.259259	-1.35769	0.0967742	3.85715	0.933181	0.373272	1	0	0	0	0	0	0	0	0	
0.907	0.259259	-1.35769	0.0967742	3.85715	0.933181	0.373272	1	0	0	0	0	0	0	0	0	
0.908	0.259259	-1.35769	0.0967742	3.85715	0.933181	0.373272	1	0	0	0	0	0	0	0	0	
0.909	0.259259	-1.35769	0.0967742	3.85715	0.933181	0.373272	1	0	0	0	0	0	0	0	0	
0.91	0.259259	-1.35769	0.0967742	3.85715	0.933181	0.373272	1	0	0	0	0	0	0	0	0	
0.911	0.259259	-1.35769	0.0967742	3.85715	0.933181	0.373272	1	0	0	0	0	0	0	0	0	
0.912	0.259259	-1.35769	0.0967742	3.85715	0.933181	0.373272	1	0	0	0	0	0	0	0	0	
0.913	0.259259	-1.35769	0.0967742	3.85715	0.933181	0.373272	1	0	0	0	0	0	0	0	0	
0.914	0.259259	-1.35769	0.0967742	3.85715	0.933181	0.373272	1	0	0	0	0	0	0	0	0	
0.915	0.259259	-1.35769	0.0967742	3.85715	0.933181	0.373272	1	0	0	0	0	0	0	0	0	
0.916	0.259259	-1.35769	0.0967742	3.85715	0.933181	0.373272	1	0	0	0	0	0	0	0	0	
0.917	0.259259	-1.35769	0.0967742	3.85715	0.933181	0.373272	1	0	0	0	0	0	0	0	0	
0.918	0.259259	-1.35769	0.0967742	3.85715	0.933181	0.373272	1	0	0	0	0	0	0	0	0	
0.919	0.259259	-1.35769	0.0967742	3.85715	0.933181	0.373272	1	0	0	0	0	0	0	0	0	
0.92	0.259259	-1.35769	0.0967742	3.85715	0.933181	0.373272	1	0	0	0	0	0	0	0	0	
0.921	0.259259	-1.35769	0.0967742	3.85715	0.933181	0.373272	1	0	0	0	0	0	0	0	0	
0.922	0.259259	-1.35769	0.0967742	3.85715	0.933181	0.373272	1	0	0	0	0	0	0	0	0	
0.923	0.259259	-1.35769	0.0967742	3.85715	0.933181	0.373272	1	0	0	0	0	0	0	0	0	
0.924	0.259259	-1.35769	0.0967742	3.85715	0.933181	0.373272	1	0	0	0	0	0	0	0	0	
0.925	0.259259	-1.35769	0.0967742	3.85715	0.933181	0.373272	1	0	0	0	0	0	0	0	0	
0.926	0.259259	-1.35769	0.0967742	3.85715	0.933181	0.373272	1	0	0	0	0	0	0	0	0	
0.927	0.259259	-1.35769	0.0967742	3.85715	0.933181	0.373272	1	0	0	0	0	0	0	0	0	
0.928	0.259259	-1.35769	0.0967742	3.85715	0.933181	0.373272	1	0	0	0	0	0	0	0	0	
0.929	0.259259	-1.35769	0.0967742	3.85715	0.933181	0.373272	1	0	0	0	0	0	0	0	0	
0.93	0.259259	-1.35769	0.0967742	3.85715	0.933181	0.373272	1	0	0	0	0	0	0	0	0	
0.931	0.259259	-1.35769	0.0967742	3.85715	0.933181	0.373272	1	0	0	0	0	0	0	0	0	
0.932	0.259259	-1.35769	0.0967742	3.85715	0.933181	0.373272	1	0	0	0	0	0	0	0	0	
0.933	0.259259	-1.35769	0.0967742	3.85715	0.933181	0.373272	1	0	0	0	0	0	0	0	0	
0.934	0.259259	-1.35769	0.0967742	3.85715	0.933181	0.373272	1	0	0	0	0	0	0	0	0	
0.935	0.259259	-1.35769	0.0967742	3.85715	0.933181	0.373272	1	0	0	0	0	0	0	0	0	
0.936	0.259259	-1.35769	0.0967742	3.85715	0.933181	0.373272	1	0	0	0	0	0	0	0	0	
0.937	0.259259	-1.35769	0.0967742	3.85715	0.933181	0.373272	1	0	0	0	0	0	0	0	0	
0.938	0.259259	-1.35769	0.0967742	3.85715	0.933181	0.373272	1	0	0	0	0	0	0	0	0	
0.939	0.259259	-1.35769	0.0967742	3.85715	0.933181	0.373272	1	0	0	0	0	0	0	0	0	
0.94	0.259259	-1.35769	0.0967742	3.85715	0.933181	0.373272	1	0	0	0	0	0	0	0	0	
0.941	0.259259	-1.35769	0.0967742	3.85715	0.933181	0.373272	1	0	0	0	0	0	0	0	0	
0.942	0.259259	-1.35769	0.0967742	3.85715	0.933181	0.373272	1	0	0	0	0	0	0	0	0	
0.943	0.259259	-1.35769	0.0967742	3.85715	0.933181	0.373272	1	0	0	0	0	0	0	0	0	
0.944	0.259259	-1.35769	0.0967742	3.85715	0.933181	0.373272	1	0	0	0	0	0	0	0	0	
0.945	0.259259	-1.35769	0.0967742	3.85715	0.933181	0.373272	1	0	0	0	0	0	0	0	0	
0.946	0.259259	-1.35769	0.0967742	3.85715	0.933181	0.373272	1	0	0	0	0	0	0	0	0	
0.947	0.259259	-1.35769	0.0967742	3.85715	0.933181	0.373272	1	0	0	0	0	0	0	0	0	
0.948	0.259259	-1.35769	0.0967742	3.85715	0.933181	0.373272	1	0	0	0	0	0	0	0	0	
0.949	0.259259	-1.35769	0.0967742	3.85715	0.933181	0.373272	1	0	0	0	0	0	0	0	0	
0.95	0.259259	-1.35769	0.0967742	3.85715	0.933181	0.373272	1	0	0	0	0	0	0	0	0	
0.951	0.259259	-1.35769	0.0967742	3.85715	0.933181	0.373272	1	0	0	0	0	0	0	0	0	
0.952	0.259259	-1.35769	0.0967742	3.85715	0.933181	0.373272	1	0	0	0	0	0	0	0	0	
0.953	0.259259	-1.35769	0.0967742	3.85715	0.933181	0.373272	1	0	0	0	0	0	0	0	0	
0.954	0.259259	-1.35769	0.0967742	3.85715	0.933181	0.373272	1	0	0	0	0	0	0	0	0	
0.955	0.259259	-1.35769	0.0967742	3.85715	0.933181	0.373272	1	0	0	0	0	0	0	0	0	
0.956	0.259259	-1.35769	0.0967742	3.85715	0.933181	0.373272	1	0	0	0	0	0	0	0	0	
0.957	0.259259	-1.35769	0.0967742	3.85715	0.933181	0.373272	1	0	0	0	0	0	0	0	0	
0.958	0.259259	-1.35769	0.0967742	3.85715	0.933181	0.373272	1	0	0	0	0	0	0	0	0	
0.959	0.259259	-1.35769	0.0967742	3.85715	0.933181	0.373272	1	0	0	0	0	0	0	0	0	
0.96	0.259259	-1.35769	0.0967742	3.85715	0.933181	0.373272	1	0	0	0	0	0	0	0	0	
0.961	0.259259	-1.35769	0.0967742	3.85715	0.933181	0.373272	1	0	0	0	0	0	0	0	0	
0.962	0.259259	-1.35769	0.0967742	3.85715	0.933181	0.373272	1	0	0	0	0	0	0	0	0	
0.963	0.259259	-1.35769	0.0967742	3.85715	0.933181	0.373272	1	0	0	0	0	0	0	0	0	
0.964	0.259259	-1.35769	0.0967742	3.85715	0.933181	0.373272	1	0	0	0	0	0	0	0	0	
0.965	0.259259	-1.35769	0.0967742	3.85715	0.933181	0.373272	1	0	0	0	0	0	0	0	0	
0.966	0.259259	-1.35769	0.0967742	3.85715	0.933181	0.373272	1	0	0	0	0	0	0	0	0	
0.967	0.259259	-1.35769	0.0967742	3.85715	0.933181	0.373272	1	0	0	0	0	0	0	0	0	
0.968	0.259259	-1.35769	0.0967742	3.85715	0.933181	0.373272	1	0	0	0	0	0	0	0	0	
0.969	0.259259	-1.35769	0.0967742	3.85715	0.933181	0.373272	1	0	0	0	0	0	0	0	0	
0.97	0.259259	-1.35769	0.0967742	3.85715	0.933181	0.373272	1	0	0	0	0	0	0	0	0	
0.971	0.259259	-1.35769	0.0967742	3.85715	0.933181	0.373272	1	0	0	0	0	0	0	0	0	
0.972	0.259259	-1.35769	0.0967742	3.85715	0.933181	0.373272	1	0	0	0	0	0	0	0	0	
0.973	0.259259	-1.35769	0.0967742	3.85715	0.933181	0.373272	1	0	0	0	0	0	0	0	0	
0.974	0.259259	-1.35769	0.0967742	3.85715	0.933181	0.373272	1	0	0	0	0	0	0	0	0	
0.975	0.259259	-1.35769	0.0967742	3.85715	0.933181	0.373272	1	0	0	0	0	0	0	0	0	
0.976	0.259259	-1.35769	0.0967742	3.85715	0.933181	0.373272	1	0	0	0	0	0	0	0	0	
0.977	0.259259	-1.35769	0.0967742	3.85715	0.933181	0.373272	1	0	0	0	0	0	0	0	0	
0.978	0.259259	-1.35769	0.0967742	3.85715	0.933181	0.373272	1	0	0	0	0	0	0	0	0	
0.979	0.259259	-1.35769	0.0967742	3.85715	0.933181	0.373272	1	0	0	0	0	0	0	0	0	
0.98	0.259259	-1.35769	0.0967742	3.85715	0.933181	0.373272	1	0	0	0	0	0	0	0	0	
0.981	0.259259	-1.35769	0.0967742	3.85715	0.933181	0.373272	1	0	0	0	0	0	0	0	0	
0.982	0.259259	-1.35769	0.0967742	3.85715	0.933181	0.373272	1	0	0	0	0	0	0	0	0	
0.983	0.259259	-1.35769	0.0967742	3.85715	0.933181	0.373272	1	0	0	0	0	0	0	0	0	
0.984	0.259259	-1.35769	0.0967742	3.85715	0.933181	0.373272	1	0	0	0	0	0	0	0	0	
0.985	0.259259	-1.35769	0.0967742	3.85715	0.933181	0.373272	1	0	0	0	0	0	0	0	0	
0.986	0.259259	-1.35769	0.0967742	3.85715	0.933181	0.373272	1	0	0	0	0	0	0	0	0	
0.987	0.259259	-1.35769	0.0967742	3.85715	0.933181	0.373272	1	0	0	0	0	0	0	0	0	
0.988	0.259259	-1.35769	0.0967742	3.85715	0.933181	0.373272	1	0	0	0	0	0	0	0	0	
0.989	0.259259	-1.35769	0.0967742	3.85715	0.933181	0.373272	1	0	0	0	0	0	0	0	0	
0.99	0.259259	-1.35769	0.0967742	3.85715	0.933181	0.373272	1	0	0	0	0	0	0	0	0	
0.991	0.259259	-1.35769	0.0967742	3.85715	0.933181	0.373272	1	0	0	0	0	0	0	0	0	
0.992	0.259259	-1.35769	0.0967742	3.85715	0.933181	0.373272	1	0	0	0	0	0	0	0	0	
0.993	0.259259	-1.35769	0.0967742	3.85715	0.933181	0.373272	1	0	0	0	0	0	0	0	0	
0.994	0.259259	-1.35769	0.0967742	3.85715	0.933181	0.373272	1	0	0	0	0	0	0	0	0	
0.995	0.259259	-1.35769	0.0967742	3.85715	0.933181	0.373272	1	0	0	0	0	0	0	0	0	
0.996	0.259259	-1.35769	0.0967742	3.85715	0.933181	0.373272	1	0	0	0	0	0	0	0	0	
0.997	0.259259	-1.35769	0.0967742	3.85715	0.933181	0.373272	1	0	0	0	0	0	0	0	0	
0.998	0.259259	-1.35769	0.0967742	3.85715	0.933181	0.373272	1	0	0	0	0	0	0	0	0	
0.999	0.259259	-1.35769	0.0967742	3.85715	0.933181	0.373272	1	0	0	0	0	0	0	0	0	
1	0.259259	-1.35769	0.0967742	3.85715	0.933181	0.373272	1	0	0	0	0	0	0	0	0	
