|||||||||||||||||||||||||||||||||***SIMULATION: detonation***||||||||||||||||||||||||||||||||||
Sanpshot time = 0.8. Timestep = 1763. Run time = 2 seconds
No. of cells = 1000
#Position	 Density	 Velocity	 Pressure	 Specific_Volume I_Energy	 Temperature	 Species
-0.001	0.934644	-0.000263534	1.05728	1.06993	2.82804	0	0.90869	0	0	0	0	0	0	0	0	
0	0.934229	-8.81782e-05	1.05729	1.0704	2.8293	0	0.908381	0	0	0	0	0	0	0	0	
0.001	0.934229	8.81782e-05	1.05729	1.0704	2.8293	1.13172	0.908381	0	0	0	0	0	0	0	0	
0.002	0.934644	0.000263534	1.05728	1.06993	2.82804	1.13122	0.90869	0	0	0	0	0	0	0	0	
0.003	0.931712	0.000444806	1.05729	1.07329	2.83695	1.13478	0.906494	0	0	0	0	0	0	0	0	
0.004	0.938993	0.000614228	1.05727	1.06497	2.81491	1.12596	0.911884	0	0	0	0	0	0	0	0	
0.005	0.92609	0.000803537	1.05729	1.07981	2.85419	1.14168	0.902172	0	0	0	0	0	0	0	0	
0.006	0.931682	0.000995789	1.05728	1.07333	2.83703	1.13481	0.906465	0	0	0	0	0	0	0	0	
0.007	0.934356	0.00117683	1.05727	1.07026	2.82887	1.13155	0.908482	0	0	0	0	0	0	0	0	
0.008	0.932927	0.00135663	1.05727	1.0719	2.83319	1.13328	0.907418	0	0	0	0	0	0	0	0	
0.009	0.93769	0.00152737	1.05725	1.06645	2.81876	1.1275	0.910945	0	0	0	0	0	0	0	0	
0.01	0.937633	0.00169224	1.05724	1.06652	2.81891	1.12756	0.910914	0	0	0	0	0	0	0	0	
0.011	0.936579	0.00185846	1.05723	1.06772	2.82206	1.12882	0.910146	0	0	0	0	0	0	0	0	
0.012	0.940873	0.002017	1.05722	1.06284	2.80913	1.12365	0.913269	0	0	0	0	0	0	0	0	
0.013	0.93794	0.00217638	1.05721	1.06617	2.81791	1.12716	0.911145	0	0	0	0	0	0	0	0	
0.014	0.936974	0.0023406	1.0572	1.06727	2.82079	1.12832	0.910449	0	0	0	0	0	0	0	0	
0.015	0.94045	0.0024993	1.05718	1.06332	2.81032	1.12413	0.912981	0	0	0	0	0	0	0	0	
0.016	0.937905	0.00265914	1.05718	1.06621	2.81792	1.12717	0.911136	0	0	0	0	0	0	0	0	
0.017	0.937131	0.00282309	1.05717	1.06709	2.82022	1.12809	0.910582	0	0	0	0	0	0	0	0	
0.018	0.938892	0.00298473	1.05715	1.06509	2.81489	1.12596	0.911876	0	0	0	0	0	0	0	0	
0.019	0.937811	0.00314658	1.05714	1.06631	2.8181	1.12724	0.911097	0	0	0	0	0	0	0	0	
0.02	0.938147	0.00330873	1.05712	1.06593	2.81705	1.12682	0.911354	0	0	0	0	0	0	0	0	
0.021	0.938639	0.00346955	1.05711	1.06537	2.81553	1.12621	0.911732	0	0	0	0	0	0	0	0	
0.022	0.93797	0.00363105	1.05709	1.06613	2.8175	1.127	0.911278	0	0	0	0	0	0	0	0	
0.023	0.939344	0.0037904	1.05707	1.06457	2.81333	1.12533	0.91233	0	0	0	0	0	0	0	0	
0.024	0.939298	0.0039482	1.05705	1.06462	2.81341	1.12537	0.912379	0	0	0	0	0	0	0	0	
0.025	0.938584	0.00410722	1.05704	1.06543	2.81551	1.1262	0.911959	0	0	0	0	0	0	0	0	
0.026	0.940188	0.00426377	1.05701	1.06362	2.81065	1.12426	0.913222	0	0	0	0	0	0	0	0	
0.027	0.940191	0.00441841	1.05699	1.06361	2.81059	1.12423	0.913334	0	0	0	0	0	0	0	0	
0.028	0.939456	0.00457421	1.05698	1.06445	2.81273	1.12509	0.912918	0	0	0	0	0	0	0	0	
0.029	0.940286	0.00472913	1.05695	1.06351	2.81019	1.12408	0.913628	0	0	0	0	0	0	0	0	
0.03	0.940522	0.00488265	1.05693	1.06324	2.80942	1.12377	0.913913	0	0	0	0	0	0	0	0	
0.031	0.940552	0.00503564	1.05691	1.06321	2.80928	1.12371	0.914049	0	0	0	0	0	0	0	0	
0.032	0.941226	0.00518713	1.05688	1.06244	2.8072	1.12288	0.914646	0	0	0	0	0	0	0	0	
0.033	0.941413	0.00533739	1.05686	1.06223	2.80658	1.12263	0.914896	0	0	0	0	0	0	0	0	
0.034	0.941735	0.00548664	1.05683	1.06187	2.80555	1.12222	0.91524	0	0	0	0	0	0	0	0	
0.035	0.942265	0.00563439	1.05681	1.06127	2.8039	1.12156	0.915732	0	0	0	0	0	0	0	0	
0.036	0.942333	0.0057813	1.05678	1.0612	2.80363	1.12145	0.915897	0	0	0	0	0	0	0	0	
0.037	0.94281	0.0059271	1.05675	1.06066	2.80214	1.12086	0.916349	0	0	0	0	0	0	0	0	
0.038	0.943345	0.0060713	1.05673	1.06006	2.80047	1.12019	0.916842	0	0	0	0	0	0	0	0	
0.039	0.943436	0.00621463	1.0567	1.05996	2.80013	1.12005	0.917024	0	0	0	0	0	0	0	0	
0.04	0.944163	0.0063564	1.05667	1.05914	2.7979	1.11916	0.917648	0	0	0	0	0	0	0	0	
0.041	0.944807	0.00649613	1.05664	1.05842	2.79591	1.11836	0.918214	0	0	0	0	0	0	0	0	
0.042	0.944702	0.00663526	1.05661	1.05853	2.79614	1.11846	0.91826	0	0	0	0	0	0	0	0	
0.043	0.944949	0.00677401	1.05658	1.05826	2.79533	1.11813	0.91855	0	0	0	0	0	0	0	0	
0.044	0.945304	0.00691193	1.05655	1.05786	2.79419	1.11768	0.918915	0	0	0	0	0	0	0	0	
0.045	0.945207	0.00704971	1.05651	1.05797	2.7944	1.11776	0.918967	0	0	0	0	0	0	0	0	
0.046	0.944962	0.00718816	1.05648	1.05824	2.79504	1.11802	0.918919	0	0	0	0	0	0	0	0	
0.047	0.945154	0.0073267	1.05645	1.05803	2.79439	1.11775	0.919172	0	0	0	0	0	0	0	0	
0.048	0.945985	0.00746366	1.05642	1.0571	2.79184	1.11674	0.919865	0	0	0	0	0	0	0	0	
0.049	0.946797	0.00759829	1.05638	1.05619	2.78935	1.11574	0.920543	0	0	0	0	0	0	0	0	
0.05	0.947218	0.00773125	1.05635	1.05572	2.78802	1.11521	0.920953	0	0	0	0	0	0	0	0	
0.051	0.947507	0.00786321	1.05631	1.0554	2.78708	1.11483	0.921272	0	0	0	0	0	0	0	0	
0.052	0.947675	0.00799463	1.05627	1.05521	2.78649	1.1146	0.921508	0	0	0	0	0	0	0	0	
0.053	0.947761	0.00812584	1.05624	1.05512	2.78614	1.11446	0.921689	0	0	0	0	0	0	0	0	
0.054	0.94796	0.00825674	1.0562	1.0549	2.78546	1.11419	0.921946	0	0	0	0	0	0	0	0	
0.055	0.948165	0.0083872	1.05617	1.05467	2.78476	1.11391	0.922207	0	0	0	0	0	0	0	0	
0.056	0.948343	0.00851726	1.05613	1.05447	2.78414	1.11366	0.922451	0	0	0	0	0	0	0	0	
0.057	0.948624	0.00864674	1.05609	1.05416	2.78322	1.11329	0.922763	0	0	0	0	0	0	0	0	
0.058	0.948905	0.00877554	1.05605	1.05385	2.78229	1.11292	0.923076	0	0	0	0	0	0	0	0	
0.059	0.949149	0.00890369	1.05601	1.05358	2.78148	1.11259	0.923363	0	0	0	0	0	0	0	0	
0.06	0.949474	0.00903109	1.05597	1.05321	2.78042	1.11217	0.923705	0	0	0	0	0	0	0	0	
0.061	0.949802	0.00915764	1.05593	1.05285	2.77936	1.11174	0.924048	0	0	0	0	0	0	0	0	
0.062	0.95007	0.00928343	1.05589	1.05255	2.77847	1.11139	0.924352	0	0	0	0	0	0	0	0	
0.063	0.950374	0.00940845	1.05585	1.05222	2.77747	1.11099	0.924678	0	0	0	0	0	0	0	0	
0.064	0.95067	0.00953269	1.05581	1.05189	2.7765	1.1106	0.925	0	0	0	0	0	0	0	0	
0.065	0.95091	0.00965625	1.05577	1.05162	2.77569	1.11028	0.925284	0	0	0	0	0	0	0	0	
0.066	0.951186	0.00977912	1.05573	1.05132	2.77477	1.10991	0.925592	0	0	0	0	0	0	0	0	
0.067	0.951483	0.00990124	1.05569	1.05099	2.7738	1.10952	0.925913	0	0	0	0	0	0	0	0	
0.068	0.951736	0.0100227	1.05565	1.05071	2.77295	1.10918	0.926206	0	0	0	0	0	0	0	0	
0.069	0.951989	0.0101434	1.0556	1.05043	2.7721	1.10884	0.926499	0	0	0	0	0	0	0	0	
0.07	0.952011	0.0102639	1.05556	1.05041	2.77192	1.10877	0.92664	0	0	0	0	0	0	0	0	
0.071	0.951794	0.0103849	1.05552	1.05065	2.77244	1.10898	0.926626	0	0	0	0	0	0	0	0	
0.072	0.951778	0.0105062	1.05547	1.05066	2.77237	1.10895	0.926742	0	0	0	0	0	0	0	0	
0.073	0.952302	0.0106268	1.05543	1.05009	2.77073	1.10829	0.927207	0	0	0	0	0	0	0	0	
0.074	0.953248	0.0107453	1.05538	1.04904	2.76786	1.10714	0.927946	0	0	0	0	0	0	0	0	
0.075	0.954177	0.0108613	1.05533	1.04802	2.76504	1.10602	0.928672	0	0	0	0	0	0	0	0	
0.076	0.954764	0.0109753	1.05529	1.04738	2.76322	1.10529	0.929178	0	0	0	0	0	0	0	0	
0.077	0.955056	0.0110882	1.05524	1.04706	2.76225	1.1049	0.929495	0	0	0	0	0	0	0	0	
0.078	0.955224	0.0112006	1.05519	1.04687	2.76164	1.10466	0.929732	0	0	0	0	0	0	0	0	
0.079	0.955367	0.0113126	1.05515	1.04672	2.7611	1.10444	0.929953	0	0	0	0	0	0	0	0	
0.08	0.955569	0.0114243	1.0551	1.0465	2.76039	1.10416	0.93021	0	0	0	0	0	0	0	0	
0.081	0.955838	0.0115354	1.05505	1.0462	2.75949	1.1038	0.93051	0	0	0	0	0	0	0	0	
0.082	0.956093	0.011646	1.055	1.04592	2.75863	1.10345	0.9308	0	0	0	0	0	0	0	0	
0.083	0.956327	0.011756	1.05495	1.04567	2.75782	1.10313	0.931078	0	0	0	0	0	0	0	0	
0.084	0.956579	0.0118655	1.0549	1.04539	2.75696	1.10279	0.931366	0	0	0	0	0	0	0	0	
0.085	0.956815	0.0119744	1.05485	1.04513	2.75616	1.10246	0.931645	0	0	0	0	0	0	0	0	
0.086	0.957044	0.0120828	1.0548	1.04488	2.75537	1.10215	0.931918	0	0	0	0	0	0	0	0	
0.087	0.957311	0.0121906	1.05475	1.04459	2.75446	1.10179	0.932216	0	0	0	0	0	0	0	0	
0.088	0.957581	0.0122978	1.0547	1.0443	2.75355	1.10142	0.932515	0	0	0	0	0	0	0	0	
0.089	0.957842	0.0124043	1.05465	1.04401	2.75267	1.10107	0.932808	0	0	0	0	0	0	0	0	
0.09	0.958139	0.0125101	1.0546	1.04369	2.75168	1.10067	0.933122	0	0	0	0	0	0	0	0	
0.091	0.958437	0.0126152	1.05454	1.04337	2.75069	1.10028	0.933437	0	0	0	0	0	0	0	0	
0.092	0.958709	0.0127195	1.05449	1.04307	2.74977	1.09991	0.933736	0	0	0	0	0	0	0	0	
0.093	0.958993	0.0128231	1.05444	1.04276	2.74882	1.09953	0.934042	0	0	0	0	0	0	0	0	
0.094	0.959174	0.0129261	1.05439	1.04256	2.74816	1.09927	0.934285	0	0	0	0	0	0	0	0	
0.095	0.959094	0.013029	1.05434	1.04265	2.74826	1.0993	0.934369	0	0	0	0	0	0	0	0	
0.096	0.958887	0.0131322	1.05428	1.04288	2.74871	1.09949	0.934377	0	0	0	0	0	0	0	0	
0.097	0.958942	0.0132356	1.05423	1.04282	2.74842	1.09937	0.934542	0	0	0	0	0	0	0	0	
0.098	0.959489	0.0133381	1.05418	1.04222	2.74671	1.09869	0.935004	0	0	0	0	0	0	0	0	
0.099	0.96034	0.0134386	1.05412	1.0413	2.74414	1.09766	0.935648	0	0	0	0	0	0	0	0	
0.1	0.961112	0.0135371	1.05407	1.04046	2.74179	1.09672	0.936244	0	0	0	0	0	0	0	0	
0.101	0.961603	0.0136338	1.05401	1.03993	2.74025	1.0961	0.936673	0	0	0	0	0	0	0	0	
0.102	0.961842	0.0137296	1.05396	1.03967	2.73943	1.09577	0.93695	0	0	0	0	0	0	0	0	
0.103	0.961939	0.0138249	1.0539	1.03957	2.73901	1.09561	0.937143	0	0	0	0	0	0	0	0	
0.104	0.96201	0.0139199	1.05385	1.03949	2.73867	1.09547	0.93732	0	0	0	0	0	0	0	0	
0.105	0.962138	0.0140145	1.0538	1.03935	2.73816	1.09527	0.93753	0	0	0	0	0	0	0	0	
0.106	0.962328	0.0141087	1.05374	1.03915	2.73748	1.09499	0.937776	0	0	0	0	0	0	0	0	
0.107	0.962562	0.0142023	1.05369	1.03889	2.73667	1.09467	0.938047	0	0	0	0	0	0	0	0	
0.108	0.962851	0.0142952	1.05363	1.03858	2.73571	1.09428	0.93835	0	0	0	0	0	0	0	0	
0.109	0.963173	0.0143872	1.05358	1.03824	2.73465	1.09386	0.938672	0	0	0	0	0	0	0	0	
0.11	0.963484	0.0144783	1.05352	1.0379	2.73363	1.09345	0.938987	0	0	0	0	0	0	0	0	
0.111	0.963777	0.0145686	1.05347	1.03758	2.73265	1.09306	0.939291	0	0	0	0	0	0	0	0	
0.112	0.964045	0.0146582	1.05341	1.0373	2.73175	1.0927	0.939581	0	0	0	0	0	0	0	0	
0.113	0.964259	0.014747	1.05336	1.03707	2.731	1.0924	0.939839	0	0	0	0	0	0	0	0	
0.114	0.964419	0.0148354	1.0533	1.03689	2.73041	1.09216	0.940066	0	0	0	0	0	0	0	0	
0.115	0.964565	0.0149232	1.05325	1.03674	2.72985	1.09194	0.940285	0	0	0	0	0	0	0	0	
0.116	0.964724	0.0150106	1.05319	1.03657	2.72926	1.0917	0.940511	0	0	0	0	0	0	0	0	
0.117	0.964913	0.0150975	1.05314	1.03636	2.72858	1.09143	0.940754	0	0	0	0	0	0	0	0	
0.118	0.965115	0.0151838	1.05308	1.03615	2.72787	1.09115	0.941004	0	0	0	0	0	0	0	0	
0.119	0.965282	0.0152697	1.05303	1.03597	2.72725	1.0909	0.941235	0	0	0	0	0	0	0	0	
0.12	0.965422	0.015355	1.05297	1.03582	2.72672	1.09069	0.941449	0	0	0	0	0	0	0	0	
0.121	0.96561	0.01544	1.05292	1.03561	2.72605	1.09042	0.94169	0	0	0	0	0	0	0	0	
0.122	0.965934	0.0155242	1.05286	1.03527	2.72499	1.09	0.942006	0	0	0	0	0	0	0	0	
0.123	0.966417	0.0156075	1.05281	1.03475	2.72349	1.08939	0.94241	0	0	0	0	0	0	0	0	
0.124	0.966966	0.0156895	1.05275	1.03416	2.7218	1.08872	0.94285	0	0	0	0	0	0	0	0	
0.125	0.967429	0.0157703	1.0527	1.03367	2.72035	1.08814	0.943243	0	0	0	0	0	0	0	0	
0.126	0.967724	0.0158503	1.05264	1.03335	2.71938	1.08775	0.943542	0	0	0	0	0	0	0	0	
0.127	0.967885	0.0159298	1.05259	1.03318	2.71879	1.08752	0.943767	0	0	0	0	0	0	0	0	
0.128	0.967988	0.016009	1.05254	1.03307	2.71836	1.08734	0.94396	0	0	0	0	0	0	0	0	
0.129	0.968098	0.0160881	1.05248	1.03295	2.71791	1.08716	0.944156	0	0	0	0	0	0	0	0	
0.13	0.968256	0.0161671	1.05243	1.03278	2.71732	1.08693	0.944379	0	0	0	0	0	0	0	0	
0.131	0.968468	0.0162457	1.05237	1.03256	2.71659	1.08663	0.94463	0	0	0	0	0	0	0	0	
0.132	0.968709	0.016324	1.05232	1.0323	2.71577	1.08631	0.944897	0	0	0	0	0	0	0	0	
0.133	0.968967	0.0164019	1.05226	1.03203	2.7149	1.08596	0.945173	0	0	0	0	0	0	0	0	
0.134	0.969235	0.0164793	1.05221	1.03174	2.71401	1.0856	0.945454	0	0	0	0	0	0	0	0	
0.135	0.969481	0.0165564	1.05215	1.03148	2.71318	1.08527	0.945723	0	0	0	0	0	0	0	0	
0.136	0.969681	0.0166332	1.05209	1.03127	2.71247	1.08499	0.945967	0	0	0	0	0	0	0	0	
0.137	0.969853	0.0167098	1.05204	1.03108	2.71185	1.08474	0.946195	0	0	0	0	0	0	0	0	
0.138	0.970029	0.0167862	1.05198	1.0309	2.71121	1.08448	0.946426	0	0	0	0	0	0	0	0	
0.139	0.970231	0.0168624	1.05192	1.03068	2.7105	1.0842	0.946671	0	0	0	0	0	0	0	0	
0.14	0.970477	0.0169384	1.05187	1.03042	2.70967	1.08387	0.946938	0	0	0	0	0	0	0	0	
0.141	0.97076	0.017014	1.05181	1.03012	2.70873	1.08349	0.947225	0	0	0	0	0	0	0	0	
0.142	0.971029	0.0170892	1.05175	1.02984	2.70783	1.08313	0.947504	0	0	0	0	0	0	0	0	
0.143	0.971218	0.0171642	1.05169	1.02963	2.70715	1.08286	0.947741	0	0	0	0	0	0	0	0	
0.144	0.971322	0.0172391	1.05164	1.02952	2.70671	1.08269	0.947934	0	0	0	0	0	0	0	0	
0.145	0.971421	0.017314	1.05158	1.02942	2.70629	1.08252	0.948124	0	0	0	0	0	0	0	0	
0.146	0.971613	0.0173888	1.05152	1.02922	2.7056	1.08224	0.948362	0	0	0	0	0	0	0	0	
0.147	0.97192	0.0174632	1.05146	1.02889	2.7046	1.08184	0.948658	0	0	0	0	0	0	0	0	
0.148	0.972284	0.0175371	1.0514	1.02851	2.70343	1.08137	0.948984	0	0	0	0	0	0	0	0	
0.149	0.972645	0.0176104	1.05134	1.02812	2.70228	1.08091	0.949308	0	0	0	0	0	0	0	0	
0.15	0.97297	0.017683	1.05128	1.02778	2.70122	1.08049	0.949613	0	0	0	0	0	0	0	0	
0.151	0.973233	0.0177552	1.05122	1.0275	2.70033	1.08013	0.949886	0	0	0	0	0	0	0	0	
0.152	0.97342	0.017827	1.05116	1.02731	2.69966	1.07986	0.95012	0	0	0	0	0	0	0	0	
0.153	0.973559	0.0178985	1.0511	1.02716	2.69912	1.07965	0.950329	0	0	0	0	0	0	0	0	
0.154	0.973691	0.0179699	1.05104	1.02702	2.6986	1.07944	0.950535	0	0	0	0	0	0	0	0	
0.155	0.973851	0.018041	1.05098	1.02685	2.69801	1.0792	0.950755	0	0	0	0	0	0	0	0	
0.156	0.974058	0.0181118	1.05092	1.02663	2.69728	1.07891	0.950998	0	0	0	0	0	0	0	0	
0.157	0.974315	0.0181821	1.05086	1.02636	2.69641	1.07856	0.951265	0	0	0	0	0	0	0	0	
0.158	0.974578	0.018252	1.0508	1.02608	2.69553	1.07821	0.951536	0	0	0	0	0	0	0	0	
0.159	0.974802	0.0183214	1.05074	1.02585	2.69475	1.0779	0.951786	0	0	0	0	0	0	0	0	
0.16	0.974981	0.0183905	1.05068	1.02566	2.6941	1.07764	0.952014	0	0	0	0	0	0	0	0	
0.161	0.975144	0.0184593	1.05062	1.02549	2.69349	1.0774	0.952235	0	0	0	0	0	0	0	0	
0.162	0.975319	0.018528	1.05056	1.02531	2.69286	1.07714	0.95246	0	0	0	0	0	0	0	0	
0.163	0.975519	0.0185964	1.0505	1.0251	2.69215	1.07686	0.952698	0	0	0	0	0	0	0	0	
0.164	0.975753	0.0186646	1.05043	1.02485	2.69134	1.07654	0.952952	0	0	0	0	0	0	0	0	
0.165	0.976001	0.0187324	1.05037	1.02459	2.6905	1.0762	0.953213	0	0	0	0	0	0	0	0	
0.166	0.976234	0.0188001	1.05031	1.02434	2.6897	1.07588	0.953466	0	0	0	0	0	0	0	0	
0.167	0.976439	0.0188676	1.05025	1.02413	2.68897	1.07559	0.953706	0	0	0	0	0	0	0	0	
0.168	0.976639	0.0189349	1.05018	1.02392	2.68826	1.0753	0.953943	0	0	0	0	0	0	0	0	
0.169	0.976866	0.0190022	1.05012	1.02368	2.68748	1.07499	0.954192	0	0	0	0	0	0	0	0	
0.17	0.977119	0.0190692	1.05006	1.02342	2.68661	1.07465	0.954453	0	0	0	0	0	0	0	0	
0.171	0.977356	0.0191361	1.04999	1.02317	2.6858	1.07432	0.954707	0	0	0	0	0	0	0	0	
0.172	0.977535	0.0192028	1.04993	1.02298	2.68514	1.07406	0.954934	0	0	0	0	0	0	0	0	
0.173	0.977665	0.0192695	1.04986	1.02285	2.68462	1.07385	0.955137	0	0	0	0	0	0	0	0	
0.174	0.977788	0.0193361	1.0498	1.02272	2.68411	1.07364	0.955337	0	0	0	0	0	0	0	0	
0.175	0.977931	0.0194026	1.04973	1.02257	2.68355	1.07342	0.955546	0	0	0	0	0	0	0	0	
0.176	0.978096	0.0194689	1.04966	1.02239	2.68293	1.07317	0.955765	0	0	0	0	0	0	0	0	
0.177	0.978284	0.0195348	1.0496	1.0222	2.68224	1.0729	0.955995	0	0	0	0	0	0	0	0	
0.178	0.978494	0.0196003	1.04953	1.02198	2.68149	1.0726	0.956235	0	0	0	0	0	0	0	0	
0.179	0.978714	0.0196652	1.04946	1.02175	2.68072	1.07229	0.956479	0	0	0	0	0	0	0	0	
0.18	0.978938	0.0197294	1.0494	1.02152	2.67994	1.07198	0.956724	0	0	0	0	0	0	0	0	
0.181	0.979173	0.0197929	1.04933	1.02127	2.67913	1.07165	0.956974	0	0	0	0	0	0	0	0	
0.182	0.979411	0.0198556	1.04927	1.02102	2.67831	1.07132	0.957224	0	0	0	0	0	0	0	0	
0.183	0.979629	0.0199173	1.0492	1.02079	2.67754	1.07102	0.957466	0	0	0	0	0	0	0	0	
0.184	0.979826	0.0199783	1.04914	1.02059	2.67684	1.07074	0.957697	0	0	0	0	0	0	0	0	
0.185	0.980021	0.0200383	1.04907	1.02039	2.67615	1.07046	0.957927	0	0	0	0	0	0	0	0	
0.186	0.98022	0.0200975	1.04901	1.02018	2.67544	1.07018	0.958158	0	0	0	0	0	0	0	0	
0.187	0.980408	0.0201559	1.04895	1.01998	2.67477	1.06991	0.958383	0	0	0	0	0	0	0	0	
0.188	0.98058	0.0202134	1.04888	1.0198	2.67414	1.06966	0.958602	0	0	0	0	0	0	0	0	
0.189	0.980752	0.0202702	1.04882	1.01963	2.67351	1.0694	0.958819	0	0	0	0	0	0	0	0	
0.19	0.98093	0.0203263	1.04876	1.01944	2.67287	1.06915	0.959039	0	0	0	0	0	0	0	0	
0.191	0.981099	0.0203818	1.0487	1.01927	2.67226	1.0689	0.959255	0	0	0	0	0	0	0	0	
0.192	0.981245	0.0204368	1.04864	1.01911	2.6717	1.06868	0.959461	0	0	0	0	0	0	0	0	
0.193	0.981383	0.0204915	1.04858	1.01897	2.67117	1.06847	0.959663	0	0	0	0	0	0	0	0	
0.194	0.981555	0.0205459	1.04852	1.01879	2.67055	1.06822	0.959879	0	0	0	0	0	0	0	0	
0.195	0.981794	0.0206	1.04846	1.01854	2.66975	1.0679	0.960124	0	0	0	0	0	0	0	0	
0.196	0.982073	0.0206538	1.0484	1.01825	2.66883	1.06753	0.960385	0	0	0	0	0	0	0	0	
0.197	0.982336	0.0207073	1.04833	1.01798	2.66796	1.06718	0.96064	0	0	0	0	0	0	0	0	
0.198	0.982554	0.0207608	1.04827	1.01776	2.66721	1.06688	0.960875	0	0	0	0	0	0	0	0	
0.199	0.982739	0.0208143	1.04821	1.01756	2.66655	1.06662	0.961096	0	0	0	0	0	0	0	0	
0.2	0.982906	0.020868	1.04815	1.01739	2.66594	1.06638	0.961309	0	0	0	0	0	0	0	0	
0.201	0.983059	0.0209217	1.04808	1.01723	2.66537	1.06615	0.961516	0	0	0	0	0	0	0	0	
0.202	0.983209	0.0209757	1.04802	1.01708	2.6648	1.06592	0.961722	0	0	0	0	0	0	0	0	
0.203	0.983374	0.0210297	1.04796	1.01691	2.66419	1.06568	0.961933	0	0	0	0	0	0	0	0	
0.204	0.98355	0.0210838	1.04789	1.01672	2.66355	1.06542	0.96215	0	0	0	0	0	0	0	0	
0.205	0.983724	0.021138	1.04783	1.01654	2.66292	1.06517	0.962365	0	0	0	0	0	0	0	0	
0.206	0.983896	0.021192	1.04777	1.01637	2.66229	1.06492	0.962579	0	0	0	0	0	0	0	0	
0.207	0.984077	0.021246	1.0477	1.01618	2.66164	1.06465	0.962797	0	0	0	0	0	0	0	0	
0.208	0.984263	0.0212997	1.04764	1.01599	2.66097	1.06439	0.963016	0	0	0	0	0	0	0	0	
0.209	0.984441	0.0213532	1.04757	1.01581	2.66033	1.06413	0.963232	0	0	0	0	0	0	0	0	
0.21	0.984613	0.0214065	1.04751	1.01563	2.6597	1.06388	0.963445	0	0	0	0	0	0	0	0	
0.211	0.984793	0.0214594	1.04745	1.01544	2.65905	1.06362	0.963661	0	0	0	0	0	0	0	0	
0.212	0.984978	0.0215121	1.04738	1.01525	2.65839	1.06336	0.963878	0	0	0	0	0	0	0	0	
0.213	0.985154	0.0215644	1.04732	1.01507	2.65776	1.0631	0.964092	0	0	0	0	0	0	0	0	
0.214	0.985322	0.0216165	1.04726	1.0149	2.65715	1.06286	0.964302	0	0	0	0	0	0	0	0	
0.215	0.985484	0.0216683	1.0472	1.01473	2.65655	1.06262	0.96451	0	0	0	0	0	0	0	0	
0.216	0.985602	0.0217201	1.04713	1.01461	2.65607	1.06243	0.9647	0	0	0	0	0	0	0	0	
0.217	0.985645	0.0217719	1.04707	1.01456	2.6558	1.06232	0.964861	0	0	0	0	0	0	0	0	
0.218	0.985653	0.0218238	1.04701	1.01456	2.65562	1.06225	0.965008	0	0	0	0	0	0	0	0	
0.219	0.985733	0.0218759	1.04695	1.01447	2.65525	1.0621	0.965183	0	0	0	0	0	0	0	0	
0.22	0.985973	0.0219279	1.04688	1.01423	2.65444	1.06178	0.965418	0	0	0	0	0	0	0	0	
0.221	0.98637	0.0219796	1.04682	1.01382	2.65321	1.06128	0.965714	0	0	0	0	0	0	0	0	
0.222	0.986823	0.0220308	1.04676	1.01335	2.65183	1.06073	0.966031	0	0	0	0	0	0	0	0	
0.223	0.987204	0.0220815	1.04669	1.01296	2.65065	1.06026	0.966321	0	0	0	0	0	0	0	0	
0.224	0.987449	0.0221317	1.04663	1.01271	2.64983	1.05993	0.966558	0	0	0	0	0	0	0	0	
0.225	0.987587	0.0221816	1.04656	1.01257	2.64929	1.05972	0.966755	0	0	0	0	0	0	0	0	
0.226	0.987682	0.0222314	1.0465	1.01247	2.64888	1.05955	0.966935	0	0	0	0	0	0	0	0	
0.227	0.987766	0.0222808	1.04644	1.01239	2.6485	1.0594	0.967111	0	0	0	0	0	0	0	0	
0.228	0.987849	0.02233	1.04637	1.0123	2.64811	1.05924	0.967286	0	0	0	0	0	0	0	0	
0.229	0.987953	0.0223788	1.04631	1.01219	2.64768	1.05907	0.967469	0	0	0	0	0	0	0	0	
0.23	0.988094	0.0224271	1.04625	1.01205	2.64714	1.05886	0.967665	0	0	0	0	0	0	0	0	
0.231	0.988258	0.0224749	1.04619	1.01188	2.64655	1.05862	0.967869	0	0	0	0	0	0	0	0	
0.232	0.988418	0.0225221	1.04613	1.01172	2.64596	1.05839	0.968071	0	0	0	0	0	0	0	0	
0.233	0.988576	0.0225689	1.04607	1.01156	2.64539	1.05815	0.968273	0	0	0	0	0	0	0	0	
0.234	0.988756	0.0226153	1.04601	1.01137	2.64475	1.0579	0.968481	0	0	0	0	0	0	0	0	
0.235	0.988949	0.0226614	1.04595	1.01117	2.64408	1.05763	0.968694	0	0	0	0	0	0	0	0	
0.236	0.989122	0.0227073	1.04588	1.011	2.64347	1.05739	0.9689	0	0	0	0	0	0	0	0	
0.237	0.989274	0.0227533	1.04582	1.01084	2.64291	1.05716	0.969099	0	0	0	0	0	0	0	0	
0.238	0.989436	0.0227994	1.04576	1.01068	2.64232	1.05693	0.9693	0	0	0	0	0	0	0	0	
0.239	0.989619	0.022846	1.0457	1.01049	2.64167	1.05667	0.969509	0	0	0	0	0	0	0	0	
0.24	0.989788	0.022893	1.04564	1.01032	2.64106	1.05642	0.969714	0	0	0	0	0	0	0	0	
0.241	0.989903	0.0229406	1.04557	1.0102	2.64059	1.05623	0.9699	0	0	0	0	0	0	0	0	
0.242	0.989965	0.022989	1.0455	1.01014	2.64026	1.0561	0.970068	0	0	0	0	0	0	0	0	
0.243	0.990026	0.0230383	1.04544	1.01007	2.63992	1.05597	0.970235	0	0	0	0	0	0	0	0	
0.244	0.990158	0.0230884	1.04537	1.00994	2.6394	1.05576	0.970427	0	0	0	0	0	0	0	0	
0.245	0.990399	0.0231389	1.0453	1.00969	2.63858	1.05543	0.970655	0	0	0	0	0	0	0	0	
0.246	0.990706	0.0231898	1.04523	1.00938	2.63758	1.05503	0.970905	0	0	0	0	0	0	0	0	
0.247	0.990985	0.0232407	1.04516	1.0091	2.63666	1.05466	0.971147	0	0	0	0	0	0	0	0	
0.248	0.991182	0.0232916	1.04508	1.0089	2.63596	1.05438	0.97136	0	0	0	0	0	0	0	0	
0.249	0.991322	0.0233425	1.04501	1.00875	2.6354	1.05416	0.971554	0	0	0	0	0	0	0	0	
0.25	0.991455	0.0233931	1.04494	1.00862	2.63486	1.05395	0.971746	0	0	0	0	0	0	0	0	
0.251	0.991587	0.0234433	1.04487	1.00848	2.63433	1.05373	0.971937	0	0	0	0	0	0	0	0	
0.252	0.9917	0.0234929	1.0448	1.00837	2.63385	1.05354	0.972121	0	0	0	0	0	0	0	0	
0.253	0.991812	0.0235417	1.04473	1.00826	2.63338	1.05335	0.972305	0	0	0	0	0	0	0	0	
0.254	0.991964	0.0235897	1.04466	1.0081	2.6328	1.05312	0.972501	0	0	0	0	0	0	0	0	
0.255	0.992151	0.0236367	1.04459	1.00791	2.63213	1.05285	0.972708	0	0	0	0	0	0	0	0	
0.256	0.99232	0.0236825	1.04452	1.00774	2.63152	1.05261	0.972908	0	0	0	0	0	0	0	0	
0.257	0.992446	0.0237272	1.04446	1.00761	2.63102	1.05241	0.973095	0	0	0	0	0	0	0	0	
0.258	0.992567	0.0237708	1.04439	1.00749	2.63054	1.05221	0.97328	0	0	0	0	0	0	0	0	
0.259	0.992725	0.0238132	1.04433	1.00733	2.62996	1.05198	0.973475	0	0	0	0	0	0	0	0	
0.26	0.992905	0.0238543	1.04427	1.00715	2.62933	1.05173	0.973676	0	0	0	0	0	0	0	0	
0.261	0.993062	0.0238942	1.04421	1.00699	2.62876	1.0515	0.973871	0	0	0	0	0	0	0	0	
0.262	0.993199	0.0239329	1.04415	1.00685	2.62825	1.0513	0.974058	0	0	0	0	0	0	0	0	
0.263	0.993352	0.0239703	1.04409	1.00669	2.62771	1.05108	0.97425	0	0	0	0	0	0	0	0	
0.264	0.993503	0.0240064	1.04404	1.00654	2.62717	1.05087	0.974441	0	0	0	0	0	0	0	0	
0.265	0.993573	0.0240414	1.04399	1.00647	2.62685	1.05074	0.974607	0	0	0	0	0	0	0	0	
0.266	0.993549	0.0240754	1.04393	1.00649	2.62678	1.05071	0.974745	0	0	0	0	0	0	0	0	
0.267	0.993536	0.0241085	1.04388	1.00651	2.62669	1.05068	0.974885	0	0	0	0	0	0	0	0	
0.268	0.993654	0.024141	1.04383	1.00639	2.62625	1.0505	0.975064	0	0	0	0	0	0	0	0	
0.269	0.993945	0.0241726	1.04378	1.00609	2.62536	1.05014	0.975293	0	0	0	0	0	0	0	0	
0.27	0.994366	0.0242036	1.04374	1.00567	2.62412	1.04965	0.97556	0	0	0	0	0	0	0	0	
0.271	0.994815	0.0242341	1.04369	1.00521	2.62281	1.04913	0.975834	0	0	0	0	0	0	0	0	
0.272	0.995166	0.0242646	1.04364	1.00486	2.62176	1.04871	0.976081	0	0	0	0	0	0	0	0	
0.273	0.995338	0.0242959	1.04358	1.00468	2.62118	1.04847	0.976276	0	0	0	0	0	0	0	0	
0.274	0.995373	0.0243286	1.04353	1.00465	2.62095	1.04838	0.976431	0	0	0	0	0	0	0	0	
0.275	0.995398	0.0243634	1.04347	1.00462	2.62075	1.0483	0.976584	0	0	0	0	0	0	0	0	
0.276	0.995495	0.0244004	1.04342	1.00453	2.62034	1.04814	0.976757	0	0	0	0	0	0	0	0	
0.277	0.995629	0.0244401	1.04335	1.00439	2.61983	1.04793	0.976941	0	0	0	0	0	0	0	0	
0.278	0.995729	0.0244825	1.04328	1.00429	2.6194	1.04776	0.977117	0	0	0	0	0	0	0	0	
0.279	0.9958	0.0245278	1.04321	1.00422	2.61903	1.04761	0.977286	0	0	0	0	0	0	0	0	
0.28	0.99591	0.0245757	1.04314	1.00411	2.61855	1.04742	0.977465	0	0	0	0	0	0	0	0	
0.281	0.996084	0.0246261	1.04306	1.00393	2.6179	1.04716	0.977663	0	0	0	0	0	0	0	0	
0.282	0.996257	0.0246782	1.04298	1.00376	2.61723	1.04689	0.97786	0	0	0	0	0	0	0	0	
0.283	0.996364	0.0247317	1.04289	1.00365	2.61674	1.0467	0.978041	0	0	0	0	0	0	0	0	
0.284	0.996435	0.0247858	1.04281	1.00358	2.61634	1.04654	0.978212	0	0	0	0	0	0	0	0	
0.285	0.996554	0.0248397	1.04272	1.00346	2.61582	1.04633	0.978395	0	0	0	0	0	0	0	0	
0.286	0.99674	0.0248925	1.04264	1.00327	2.61512	1.04605	0.978594	0	0	0	0	0	0	0	0	
0.287	0.996915	0.0249432	1.04256	1.00309	2.61446	1.04578	0.978791	0	0	0	0	0	0	0	0	
0.288	0.997012	0.0249914	1.04248	1.003	2.61401	1.0456	0.978967	0	0	0	0	0	0	0	0	
0.289	0.997047	0.0250363	1.04241	1.00296	2.61374	1.04549	0.979126	0	0	0	0	0	0	0	0	
0.29	0.997081	0.0250778	1.04234	1.00293	2.61348	1.04539	0.979284	0	0	0	0	0	0	0	0	
0.291	0.997166	0.0251155	1.04228	1.00284	2.6131	1.04524	0.979453	0	0	0	0	0	0	0	0	
0.292	0.997347	0.0251493	1.04222	1.00266	2.61248	1.04499	0.979646	0	0	0	0	0	0	0	0	
0.293	0.997649	0.0251795	1.04217	1.00236	2.61156	1.04462	0.979866	0	0	0	0	0	0	0	0	
0.294	0.998006	0.0252064	1.04212	1.002	2.61051	1.0442	0.9801	0	0	0	0	0	0	0	0	
0.295	0.99828	0.0252308	1.04207	1.00172	2.60967	1.04387	0.980312	0	0	0	0	0	0	0	0	
0.296	0.998392	0.0252538	1.04203	1.00161	2.60927	1.04371	0.980485	0	0	0	0	0	0	0	0	
0.297	0.998414	0.0252766	1.04199	1.00159	2.60911	1.04364	0.980636	0	0	0	0	0	0	0	0	
0.298	0.998494	0.0253002	1.04195	1.00151	2.60879	1.04352	0.9808	0	0	0	0	0	0	0	0	
0.299	0.99868	0.0253255	1.0419	1.00132	2.60819	1.04328	0.980989	0	0	0	0	0	0	0	0	
0.3	0.998873	0.0253533	1.04185	1.00113	2.60756	1.04302	0.98118	0	0	0	0	0	0	0	0	
0.301	0.998965	0.0253843	1.04179	1.00104	2.60718	1.04287	0.98135	0	0	0	0	0	0	0	0	
0.302	0.998977	0.025419	1.04173	1.00102	2.607	1.0428	0.981501	0	0	0	0	0	0	0	0	
0.303	0.999041	0.0254577	1.04167	1.00096	2.60667	1.04267	0.981665	0	0	0	0	0	0	0	0	
0.304	0.999231	0.0254999	1.0416	1.00077	2.606	1.0424	0.981857	0	0	0	0	0	0	0	0	
0.305	0.999471	0.0255451	1.04152	1.00053	2.60518	1.04207	0.982062	0	0	0	0	0	0	0	0	
0.306	0.999627	0.0255928	1.04144	1.00037	2.60458	1.04183	0.982249	0	0	0	0	0	0	0	0	
0.307	0.999672	0.0256422	1.04136	1.00033	2.60425	1.0417	0.982411	0	0	0	0	0	0	0	0	
0.308	0.999728	0.0256923	1.04128	1.00027	2.6039	1.04156	0.982576	0	0	0	0	0	0	0	0	
0.309	0.999909	0.025742	1.0412	1.00009	2.60322	1.04129	0.982766	0	0	0	0	0	0	0	0	
0.31	1.00016	0.0257901	1.04111	0.999838	2.60237	1.04095	0.982972	0	0	0	0	0	0	0	0	
0.311	1.00034	0.0258355	1.04104	0.999664	2.60172	1.04069	0.98316	0	0	0	0	0	0	0	0	
0.312	1.00039	0.0258775	1.04097	0.999606	2.60139	1.04055	0.983324	0	0	0	0	0	0	0	0	
0.313	1.00048	0.0259154	1.0409	0.999519	2.60099	1.0404	0.983491	0	0	0	0	0	0	0	0	
0.314	1.0007	0.0259487	1.04084	0.999305	2.60029	1.04012	0.983683	0	0	0	0	0	0	0	0	
0.315	1.00093	0.0259771	1.04078	0.99907	2.59954	1.03982	0.983878	0	0	0	0	0	0	0	0	
0.316	1.00108	0.0260008	1.04074	0.998922	2.59904	1.03962	0.984056	0	0	0	0	0	0	0	0	
0.317	1.00124	0.0260202	1.0407	0.998766	2.59853	1.03941	0.984233	0	0	0	0	0	0	0	0	
0.318	1.00153	0.0260358	1.04066	0.998468	2.59767	1.03907	0.984436	0	0	0	0	0	0	0	0	
0.319	1.00191	0.0260487	1.04063	0.99809	2.5966	1.03864	0.984654	0	0	0	0	0	0	0	0	
0.32	1.00221	0.0260599	1.0406	0.99779	2.59574	1.0383	0.984857	0	0	0	0	0	0	0	0	
0.321	1.00242	0.0260709	1.04057	0.997582	2.59512	1.03805	0.985041	0	0	0	0	0	0	0	0	
0.322	1.00262	0.0260833	1.04053	0.997389	2.59454	1.03782	0.985221	0	0	0	0	0	0	0	0	
0.323	1.00279	0.0260984	1.0405	0.997216	2.594	1.0376	0.985399	0	0	0	0	0	0	0	0	
0.324	1.00286	0.0261175	1.04045	0.997151	2.59372	1.03749	0.985557	0	0	0	0	0	0	0	0	
0.325	1.00277	0.0261418	1.0404	0.99724	2.59383	1.03753	0.985688	0	0	0	0	0	0	0	0	
0.326	1.00261	0.0261718	1.04035	0.997394	2.59409	1.03764	0.985808	0	0	0	0	0	0	0	0	
0.327	1.00257	0.0262078	1.04028	0.997435	2.59403	1.03761	0.985949	0	0	0	0	0	0	0	0	
0.328	1.00275	0.0262491	1.04021	0.997257	2.59339	1.03736	0.986131	0	0	0	0	0	0	0	0	
0.329	1.00303	0.0262947	1.04013	0.996982	2.59247	1.03699	0.986332	0	0	0	0	0	0	0	0	
0.33	1.00316	0.0263436	1.04004	0.996851	2.59192	1.03677	0.986508	0	0	0	0	0	0	0	0	
0.331	1.00306	0.0263946	1.03996	0.996952	2.59197	1.03679	0.986644	0	0	0	0	0	0	0	0	
0.332	1.00288	0.0264462	1.03987	0.997132	2.59222	1.03689	0.986766	0	0	0	0	0	0	0	0	
0.333	1.0029	0.0264968	1.03978	0.997107	2.59193	1.03677	0.986923	0	0	0	0	0	0	0	0	
0.334	1.00324	0.0265446	1.0397	0.996773	2.59086	1.03634	0.98713	0	0	0	0	0	0	0	0	
0.335	1.00364	0.0265884	1.03962	0.996374	2.58963	1.03585	0.987349	0	0	0	0	0	0	0	0	
0.336	1.00379	0.0266277	1.03955	0.996226	2.58907	1.03563	0.987527	0	0	0	0	0	0	0	0	
0.337	1.00363	0.0266631	1.03948	0.996382	2.58931	1.03572	0.987654	0	0	0	0	0	0	0	0	
0.338	1.00338	0.0266951	1.03942	0.996632	2.58981	1.03592	0.987765	0	0	0	0	0	0	0	0	
0.339	1.00333	0.0267249	1.03937	0.996679	2.58979	1.03592	0.987907	0	0	0	0	0	0	0	0	
0.34	1.00355	0.0267535	1.03931	0.996459	2.58908	1.03563	0.988091	0	0	0	0	0	0	0	0	
0.341	1.00385	0.026782	1.03926	0.996164	2.58818	1.03527	0.988287	0	0	0	0	0	0	0	0	
0.342	1.00412	0.026812	1.0392	0.9959	2.58735	1.03494	0.988478	0	0	0	0	0	0	0	0	
0.343	1.00447	0.0268445	1.03914	0.995552	2.58629	1.03452	0.988681	0	0	0	0	0	0	0	0	
0.344	1.00502	0.0268801	1.03907	0.995001	2.58469	1.03387	0.988912	0	0	0	0	0	0	0	0	
0.345	1.00549	0.026919	1.039	0.994543	2.58332	1.03333	0.989131	0	0	0	0	0	0	0	0	
0.346	1.00547	0.0269616	1.03892	0.99456	2.58316	1.03327	0.989282	0	0	0	0	0	0	0	0	
0.347	1.00505	0.0270076	1.03884	0.994975	2.58404	1.03362	0.989377	0	0	0	0	0	0	0	0	
0.348	1.00465	0.0270562	1.03875	0.995369	2.58485	1.03394	0.989474	0	0	0	0	0	0	0	0	
0.349	1.00462	0.027106	1.03866	0.995402	2.58472	1.03389	0.989622	0	0	0	0	0	0	0	0	
0.35	1.00503	0.0271552	1.03858	0.994998	2.58345	1.03338	0.989829	0	0	0	0	0	0	0	0	
0.351	1.00564	0.027202	1.03849	0.994391	2.58167	1.03267	0.990064	0	0	0	0	0	0	0	0	
0.352	1.00596	0.0272456	1.03841	0.99408	2.58066	1.03226	0.990259	0	0	0	0	0	0	0	0	
0.353	1.00574	0.0272857	1.03834	0.994294	2.58103	1.03241	0.990386	0	0	0	0	0	0	0	0	
0.354	1.00529	0.0273222	1.03827	0.99474	2.58202	1.03281	0.990482	0	0	0	0	0	0	0	0	
0.355	1.00506	0.0273548	1.0382	0.994969	2.58245	1.03298	0.990604	0	0	0	0	0	0	0	0	
0.356	1.00527	0.0273829	1.03815	0.994762	2.58178	1.03271	0.99078	0	0	0	0	0	0	0	0	
0.357	1.00595	0.0274061	1.0381	0.994082	2.57988	1.03195	0.991013	0	0	0	0	0	0	0	0	
0.358	1.00661	0.027424	1.03805	0.993429	2.57808	1.03123	0.991243	0	0	0	0	0	0	0	0	
0.359	1.00669	0.0274371	1.03802	0.993352	2.57779	1.03111	0.991404	0	0	0	0	0	0	0	0	
0.36	1.00628	0.027446	1.03798	0.993761	2.57877	1.03151	0.991508	0	0	0	0	0	0	0	0	
0.361	1.00588	0.0274507	1.03796	0.994152	2.57973	1.03189	0.991613	0	0	0	0	0	0	0	0	
0.362	1.00586	0.0274507	1.03794	0.994177	2.57975	1.0319	0.991758	0	0	0	0	0	0	0	0	
0.363	1.00617	0.0274456	1.03793	0.993872	2.57894	1.03157	0.99194	0	0	0	0	0	0	0	0	
0.364	1.00664	0.0274356	1.03793	0.993407	2.57772	1.03109	0.99214	0	0	0	0	0	0	0	0	
0.365	1.00701	0.0274221	1.03793	0.993041	2.57677	1.03071	0.992328	0	0	0	0	0	0	0	0	
0.366	1.00718	0.0274076	1.03793	0.992868	2.57633	1.03053	0.992494	0	0	0	0	0	0	0	0	
0.367	1.00734	0.0273957	1.03793	0.992714	2.57593	1.03037	0.992658	0	0	0	0	0	0	0	0	
0.368	1.00778	0.0273902	1.03792	0.992276	2.57476	1.02991	0.992849	0	0	0	0	0	0	0	0	
0.369	1.00866	0.0273952	1.03789	0.991414	2.57246	1.02898	0.993081	0	0	0	0	0	0	0	0	
0.37	1.00892	0.0274144	1.03785	0.991159	2.57168	1.02867	0.993258	0	0	0	0	0	0	0	0	
0.371	1.00821	0.0274512	1.03777	0.991856	2.57331	1.02932	0.99335	0	0	0	0	0	0	0	0	
0.372	1.00733	0.0275067	1.03768	0.992723	2.57532	1.03013	0.993426	0	0	0	0	0	0	0	0	
0.373	1.00697	0.0275787	1.03756	0.993079	2.57594	1.03038	0.99355	0	0	0	0	0	0	0	0	
0.374	1.00719	0.0276629	1.03742	0.992864	2.57504	1.03002	0.993726	0	0	0	0	0	0	0	0	
0.375	1.00786	0.0277536	1.03727	0.992201	2.57295	1.02918	0.993939	0	0	0	0	0	0	0	0	
0.376	1.00883	0.0278448	1.03712	0.991247	2.57011	1.02804	0.994175	0	0	0	0	0	0	0	0	
0.377	1.0097	0.027931	1.03698	0.990393	2.56753	1.02701	0.994401	0	0	0	0	0	0	0	0	
0.378	1.00931	0.0280092	1.03684	0.990776	2.5682	1.02728	0.994531	0	0	0	0	0	0	0	0	
0.379	1.0082	0.0280777	1.03673	0.991862	2.57072	1.02829	0.994606	0	0	0	0	0	0	0	0	
0.38	1.00756	0.0281352	1.03663	0.992498	2.57212	1.02885	0.994714	0	0	0	0	0	0	0	0	
0.381	1.00766	0.0281813	1.03654	0.992398	2.57165	1.02866	0.994875	0	0	0	0	0	0	0	0	
0.382	1.0082	0.0282163	1.03647	0.991863	2.5701	1.02804	0.995067	0	0	0	0	0	0	0	0	
0.383	1.00892	0.0282418	1.03642	0.991157	2.56813	1.02725	0.995268	0	0	0	0	0	0	0	0	
0.384	1.00972	0.0282595	1.03637	0.990373	2.56599	1.02639	0.995472	0	0	0	0	0	0	0	0	
0.385	1.01046	0.0282713	1.03633	0.989644	2.564	1.0256	0.99567	0	0	0	0	0	0	0	0	
0.386	1.00972	0.0282797	1.0363	0.990376	2.56582	1.02633	0.995782	0	0	0	0	0	0	0	0	
0.387	1.00855	0.0282873	1.03627	0.991518	2.5687	1.02748	0.995869	0	0	0	0	0	0	0	0	
0.388	1.0081	0.0282948	1.03624	0.991966	2.5698	1.02792	0.995997	0	0	0	0	0	0	0	0	
0.389	1.00798	0.0283014	1.03622	0.99208	2.57003	1.02801	0.996145	0	0	0	0	0	0	0	0	
0.39	1.00998	0.0283051	1.03619	0.990119	2.56488	1.02595	0.996399	0	0	0	0	0	0	0	0	
0.391	1.01077	0.0283073	1.03617	0.989349	2.56283	1.02513	0.996593	0	0	0	0	0	0	0	0	
0.392	1.01004	0.0283105	1.03614	0.990064	2.56462	1.02585	0.996715	0	0	0	0	0	0	0	0	
0.393	1.00945	0.0283115	1.03612	0.990634	2.56605	1.02642	0.996842	0	0	0	0	0	0	0	0	
0.394	1.00952	0.0283056	1.03611	0.990569	2.56586	1.02634	0.996997	0	0	0	0	0	0	0	0	
0.395	1.00995	0.028301	1.0361	0.990146	2.56473	1.02589	0.997168	0	0	0	0	0	0	0	0	
0.396	1.0105	0.0283046	1.03608	0.989605	2.56327	1.02531	0.997343	0	0	0	0	0	0	0	0	
0.397	1.01115	0.0282807	1.03609	0.98897	2.56166	1.02466	0.997519	0	0	0	0	0	0	0	0	
0.398	1.01201	0.0281715	1.03623	0.988137	2.55983	1.02393	0.997695	0	0	0	0	0	0	0	0	
0.399	1.01299	0.0280123	1.03643	0.987177	2.55785	1.02314	0.997874	0	0	0	0	0	0	0	0	
0.4	1.0122	0.0279434	1.03651	0.987945	2.56003	1.02401	0.998005	0	0	0	0	0	0	0	0	
0.401	1.01011	0.0279769	1.03644	0.989992	2.56518	1.02607	0.998105	0	0	0	0	0	0	0	0	
0.402	1.00992	0.027956	1.03646	0.990173	2.56568	1.02627	0.998256	0	0	0	0	0	0	0	0	
0.403	1.01057	0.028012	1.03636	0.989544	2.5638	1.02552	0.998429	0	0	0	0	0	0	0	0	
0.404	1.01073	0.0285658	1.03554	0.989379	2.56137	1.02455	0.9986	0	0	0	0	0	0	0	0	
0.405	1.01067	0.0292445	1.03455	0.989442	2.55907	1.02363	0.998767	0	0	0	0	0	0	0	0	
0.406	1.01177	0.0287269	1.03527	0.988371	2.55808	1.02323	0.998931	0	0	0	0	0	0	0	0	
0.407	1.0133	0.0278169	1.03656	0.986876	2.55738	1.02295	0.999093	0	0	0	0	0	0	0	0	
0.408	1.01241	0.0294761	1.03416	0.987745	2.55372	1.02149	0.999255	0	0	0	0	0	0	0	0	
0.409	1.01068	0.0319564	1.03055	0.989434	2.54916	1.01966	0.999419	0	0	0	0	0	0	0	0	
0.41	1.01145	0.0283177	1.03511	0.988684	2.55848	1.02339	0.999558	0	0	0	0	0	0	0	0	
0.411	1.01404	0.0178098	1.04173	0.986153	2.56826	1.02731	0.999704	0	0	0	0	0	0	0	0	
0.412	0.975724	-0.0134044	0.984775	1.02488	2.52319	1.00928	0.999861	0	0	0	0	0	0	0	0	
0.413	0.870683	-0.12074	0.831463	1.14852	2.38739	0.954956	0.999964	0	0	0	0	0	0	0	0	
0.414	0.579792	-0.49938	0.502156	1.72476	2.16524	0.866096	0.999998	0	0	0	0	0	0	0	0	
0.415	0.259259	-1.35769	0.0967742	3.85715	0.933181	0.373272	1	0	0	0	0	0	0	0	0	
0.416	0.259259	-1.35769	0.0967742	3.85715	0.933181	0.373272	1	0	0	0	0	0	0	0	0	
0.417	0.259259	-1.35769	0.0967742	3.85715	0.933181	0.373272	1	0	0	0	0	0	0	0	0	
0.418	0.259259	-1.35769	0.0967742	3.85715	0.933181	0.373272	1	0	0	0	0	0	0	0	0	
0.419	0.259259	-1.35769	0.0967742	3.85715	0.933181	0.373272	1	0	0	0	0	0	0	0	0	
0.42	0.259259	-1.35769	0.0967742	3.85715	0.933181	0.373272	1	0	0	0	0	0	0	0	0	
0.421	0.259259	-1.35769	0.0967742	3.85715	0.933181	0.373272	1	0	0	0	0	0	0	0	0	
0.422	0.259259	-1.35769	0.0967742	3.85715	0.933181	0.373272	1	0	0	0	0	0	0	0	0	
0.423	0.259259	-1.35769	0.0967742	3.85715	0.933181	0.373272	1	0	0	0	0	0	0	0	0	
0.424	0.259259	-1.35769	0.0967742	3.85715	0.933181	0.373272	1	0	0	0	0	0	0	0	0	
0.425	0.259259	-1.35769	0.0967742	3.85715	0.933181	0.373272	1	0	0	0	0	0	0	0	0	
0.426	0.259259	-1.35769	0.0967742	3.85715	0.933181	0.373272	1	0	0	0	0	0	0	0	0	
0.427	0.259259	-1.35769	0.0967742	3.85715	0.933181	0.373272	1	0	0	0	0	0	0	0	0	
0.428	0.259259	-1.35769	0.0967742	3.85715	0.933181	0.373272	1	0	0	0	0	0	0	0	0	
0.429	0.259259	-1.35769	0.0967742	3.85715	0.933181	0.373272	1	0	0	0	0	0	0	0	0	
0.43	0.259259	-1.35769	0.0967742	3.85715	0.933181	0.373272	1	0	0	0	0	0	0	0	0	
0.431	0.259259	-1.35769	0.0967742	3.85715	0.933181	0.373272	1	0	0	0	0	0	0	0	0	
0.432	0.259259	-1.35769	0.0967742	3.85715	0.933181	0.373272	1	0	0	0	0	0	0	0	0	
0.433	0.259259	-1.35769	0.0967742	3.85715	0.933181	0.373272	1	0	0	0	0	0	0	0	0	
0.434	0.259259	-1.35769	0.0967742	3.85715	0.933181	0.373272	1	0	0	0	0	0	0	0	0	
0.435	0.259259	-1.35769	0.0967742	3.85715	0.933181	0.373272	1	0	0	0	0	0	0	0	0	
0.436	0.259259	-1.35769	0.0967742	3.85715	0.933181	0.373272	1	0	0	0	0	0	0	0	0	
0.437	0.259259	-1.35769	0.0967742	3.85715	0.933181	0.373272	1	0	0	0	0	0	0	0	0	
0.438	0.259259	-1.35769	0.0967742	3.85715	0.933181	0.373272	1	0	0	0	0	0	0	0	0	
0.439	0.259259	-1.35769	0.0967742	3.85715	0.933181	0.373272	1	0	0	0	0	0	0	0	0	
0.44	0.259259	-1.35769	0.0967742	3.85715	0.933181	0.373272	1	0	0	0	0	0	0	0	0	
0.441	0.259259	-1.35769	0.0967742	3.85715	0.933181	0.373272	1	0	0	0	0	0	0	0	0	
0.442	0.259259	-1.35769	0.0967742	3.85715	0.933181	0.373272	1	0	0	0	0	0	0	0	0	
0.443	0.259259	-1.35769	0.0967742	3.85715	0.933181	0.373272	1	0	0	0	0	0	0	0	0	
0.444	0.259259	-1.35769	0.0967742	3.85715	0.933181	0.373272	1	0	0	0	0	0	0	0	0	
0.445	0.259259	-1.35769	0.0967742	3.85715	0.933181	0.373272	1	0	0	0	0	0	0	0	0	
0.446	0.259259	-1.35769	0.0967742	3.85715	0.933181	0.373272	1	0	0	0	0	0	0	0	0	
0.447	0.259259	-1.35769	0.0967742	3.85715	0.933181	0.373272	1	0	0	0	0	0	0	0	0	
0.448	0.259259	-1.35769	0.0967742	3.85715	0.933181	0.373272	1	0	0	0	0	0	0	0	0	
0.449	0.259259	-1.35769	0.0967742	3.85715	0.933181	0.373272	1	0	0	0	0	0	0	0	0	
0.45	0.259259	-1.35769	0.0967742	3.85715	0.933181	0.373272	1	0	0	0	0	0	0	0	0	
0.451	0.259259	-1.35769	0.0967742	3.85715	0.933181	0.373272	1	0	0	0	0	0	0	0	0	
0.452	0.259259	-1.35769	0.0967742	3.85715	0.933181	0.373272	1	0	0	0	0	0	0	0	0	
0.453	0.259259	-1.35769	0.0967742	3.85715	0.933181	0.373272	1	0	0	0	0	0	0	0	0	
0.454	0.259259	-1.35769	0.0967742	3.85715	0.933181	0.373272	1	0	0	0	0	0	0	0	0	
0.455	0.259259	-1.35769	0.0967742	3.85715	0.933181	0.373272	1	0	0	0	0	0	0	0	0	
0.456	0.259259	-1.35769	0.0967742	3.85715	0.933181	0.373272	1	0	0	0	0	0	0	0	0	
0.457	0.259259	-1.35769	0.0967742	3.85715	0.933181	0.373272	1	0	0	0	0	0	0	0	0	
0.458	0.259259	-1.35769	0.0967742	3.85715	0.933181	0.373272	1	0	0	0	0	0	0	0	0	
0.459	0.259259	-1.35769	0.0967742	3.85715	0.933181	0.373272	1	0	0	0	0	0	0	0	0	
0.46	0.259259	-1.35769	0.0967742	3.85715	0.933181	0.373272	1	0	0	0	0	0	0	0	0	
0.461	0.259259	-1.35769	0.0967742	3.85715	0.933181	0.373272	1	0	0	0	0	0	0	0	0	
0.462	0.259259	-1.35769	0.0967742	3.85715	0.933181	0.373272	1	0	0	0	0	0	0	0	0	
0.463	0.259259	-1.35769	0.0967742	3.85715	0.933181	0.373272	1	0	0	0	0	0	0	0	0	
0.464	0.259259	-1.35769	0.0967742	3.85715	0.933181	0.373272	1	0	0	0	0	0	0	0	0	
0.465	0.259259	-1.35769	0.0967742	3.85715	0.933181	0.373272	1	0	0	0	0	0	0	0	0	
0.466	0.259259	-1.35769	0.0967742	3.85715	0.933181	0.373272	1	0	0	0	0	0	0	0	0	
0.467	0.259259	-1.35769	0.0967742	3.85715	0.933181	0.373272	1	0	0	0	0	0	0	0	0	
0.468	0.259259	-1.35769	0.0967742	3.85715	0.933181	0.373272	1	0	0	0	0	0	0	0	0	
0.469	0.259259	-1.35769	0.0967742	3.85715	0.933181	0.373272	1	0	0	0	0	0	0	0	0	
0.47	0.259259	-1.35769	0.0967742	3.85715	0.933181	0.373272	1	0	0	0	0	0	0	0	0	
0.471	0.259259	-1.35769	0.0967742	3.85715	0.933181	0.373272	1	0	0	0	0	0	0	0	0	
0.472	0.259259	-1.35769	0.0967742	3.85715	0.933181	0.373272	1	0	0	0	0	0	0	0	0	
0.473	0.259259	-1.35769	0.0967742	3.85715	0.933181	0.373272	1	0	0	0	0	0	0	0	0	
0.474	0.259259	-1.35769	0.0967742	3.85715	0.933181	0.373272	1	0	0	0	0	0	0	0	0	
0.475	0.259259	-1.35769	0.0967742	3.85715	0.933181	0.373272	1	0	0	0	0	0	0	0	0	
0.476	0.259259	-1.35769	0.0967742	3.85715	0.933181	0.373272	1	0	0	0	0	0	0	0	0	
0.477	0.259259	-1.35769	0.0967742	3.85715	0.933181	0.373272	1	0	0	0	0	0	0	0	0	
0.478	0.259259	-1.35769	0.0967742	3.85715	0.933181	0.373272	1	0	0	0	0	0	0	0	0	
0.479	0.259259	-1.35769	0.0967742	3.85715	0.933181	0.373272	1	0	0	0	0	0	0	0	0	
0.48	0.259259	-1.35769	0.0967742	3.85715	0.933181	0.373272	1	0	0	0	0	0	0	0	0	
0.481	0.259259	-1.35769	0.0967742	3.85715	0.933181	0.373272	1	0	0	0	0	0	0	0	0	
0.482	0.259259	-1.35769	0.0967742	3.85715	0.933181	0.373272	1	0	0	0	0	0	0	0	0	
0.483	0.259259	-1.35769	0.0967742	3.85715	0.933181	0.373272	1	0	0	0	0	0	0	0	0	
0.484	0.259259	-1.35769	0.0967742	3.85715	0.933181	0.373272	1	0	0	0	0	0	0	0	0	
0.485	0.259259	-1.35769	0.0967742	3.85715	0.933181	0.373272	1	0	0	0	0	0	0	0	0	
0.486	0.259259	-1.35769	0.0967742	3.85715	0.933181	0.373272	1	0	0	0	0	0	0	0	0	
0.487	0.259259	-1.35769	0.0967742	3.85715	0.933181	0.373272	1	0	0	0	0	0	0	0	0	
0.488	0.259259	-1.35769	0.0967742	3.85715	0.933181	0.373272	1	0	0	0	0	0	0	0	0	
0.489	0.259259	-1.35769	0.0967742	3.85715	0.933181	0.373272	1	0	0	0	0	0	0	0	0	
0.49	0.259259	-1.35769	0.0967742	3.85715	0.933181	0.373272	1	0	0	0	0	0	0	0	0	
0.491	0.259259	-1.35769	0.0967742	3.85715	0.933181	0.373272	1	0	0	0	0	0	0	0	0	
0.492	0.259259	-1.35769	0.0967742	3.85715	0.933181	0.373272	1	0	0	0	0	0	0	0	0	
0.493	0.259259	-1.35769	0.0967742	3.85715	0.933181	0.373272	1	0	0	0	0	0	0	0	0	
0.494	0.259259	-1.35769	0.0967742	3.85715	0.933181	0.373272	1	0	0	0	0	0	0	0	0	
0.495	0.259259	-1.35769	0.0967742	3.85715	0.933181	0.373272	1	0	0	0	0	0	0	0	0	
0.496	0.259259	-1.35769	0.0967742	3.85715	0.933181	0.373272	1	0	0	0	0	0	0	0	0	
0.497	0.259259	-1.35769	0.0967742	3.85715	0.933181	0.373272	1	0	0	0	0	0	0	0	0	
0.498	0.259259	-1.35769	0.0967742	3.85715	0.933181	0.373272	1	0	0	0	0	0	0	0	0	
0.499	0.259259	-1.35769	0.0967742	3.85715	0.933181	0.373272	1	0	0	0	0	0	0	0	0	
0.5	0.259259	-1.35769	0.0967742	3.85715	0.933181	0.373272	1	0	0	0	0	0	0	0	0	
0.501	0.259259	-1.35769	0.0967742	3.85715	0.933181	0.373272	1	0	0	0	0	0	0	0	0	
0.502	0.259259	-1.35769	0.0967742	3.85715	0.933181	0.373272	1	0	0	0	0	0	0	0	0	
0.503	0.259259	-1.35769	0.0967742	3.85715	0.933181	0.373272	1	0	0	0	0	0	0	0	0	
0.504	0.259259	-1.35769	0.0967742	3.85715	0.933181	0.373272	1	0	0	0	0	0	0	0	0	
0.505	0.259259	-1.35769	0.0967742	3.85715	0.933181	0.373272	1	0	0	0	0	0	0	0	0	
0.506	0.259259	-1.35769	0.0967742	3.85715	0.933181	0.373272	1	0	0	0	0	0	0	0	0	
0.507	0.259259	-1.35769	0.0967742	3.85715	0.933181	0.373272	1	0	0	0	0	0	0	0	0	
0.508	0.259259	-1.35769	0.0967742	3.85715	0.933181	0.373272	1	0	0	0	0	0	0	0	0	
0.509	0.259259	-1.35769	0.0967742	3.85715	0.933181	0.373272	1	0	0	0	0	0	0	0	0	
0.51	0.259259	-1.35769	0.0967742	3.85715	0.933181	0.373272	1	0	0	0	0	0	0	0	0	
0.511	0.259259	-1.35769	0.0967742	3.85715	0.933181	0.373272	1	0	0	0	0	0	0	0	0	
0.512	0.259259	-1.35769	0.0967742	3.85715	0.933181	0.373272	1	0	0	0	0	0	0	0	0	
0.513	0.259259	-1.35769	0.0967742	3.85715	0.933181	0.373272	1	0	0	0	0	0	0	0	0	
0.514	0.259259	-1.35769	0.0967742	3.85715	0.933181	0.373272	1	0	0	0	0	0	0	0	0	
0.515	0.259259	-1.35769	0.0967742	3.85715	0.933181	0.373272	1	0	0	0	0	0	0	0	0	
0.516	0.259259	-1.35769	0.0967742	3.85715	0.933181	0.373272	1	0	0	0	0	0	0	0	0	
0.517	0.259259	-1.35769	0.0967742	3.85715	0.933181	0.373272	1	0	0	0	0	0	0	0	0	
0.518	0.259259	-1.35769	0.0967742	3.85715	0.933181	0.373272	1	0	0	0	0	0	0	0	0	
0.519	0.259259	-1.35769	0.0967742	3.85715	0.933181	0.373272	1	0	0	0	0	0	0	0	0	
0.52	0.259259	-1.35769	0.0967742	3.85715	0.933181	0.373272	1	0	0	0	0	0	0	0	0	
0.521	0.259259	-1.35769	0.0967742	3.85715	0.933181	0.373272	1	0	0	0	0	0	0	0	0	
0.522	0.259259	-1.35769	0.0967742	3.85715	0.933181	0.373272	1	0	0	0	0	0	0	0	0	
0.523	0.259259	-1.35769	0.0967742	3.85715	0.933181	0.373272	1	0	0	0	0	0	0	0	0	
0.524	0.259259	-1.35769	0.0967742	3.85715	0.933181	0.373272	1	0	0	0	0	0	0	0	0	
0.525	0.259259	-1.35769	0.0967742	3.85715	0.933181	0.373272	1	0	0	0	0	0	0	0	0	
0.526	0.259259	-1.35769	0.0967742	3.85715	0.933181	0.373272	1	0	0	0	0	0	0	0	0	
0.527	0.259259	-1.35769	0.0967742	3.85715	0.933181	0.373272	1	0	0	0	0	0	0	0	0	
0.528	0.259259	-1.35769	0.0967742	3.85715	0.933181	0.373272	1	0	0	0	0	0	0	0	0	
0.529	0.259259	-1.35769	0.0967742	3.85715	0.933181	0.373272	1	0	0	0	0	0	0	0	0	
0.53	0.259259	-1.35769	0.0967742	3.85715	0.933181	0.373272	1	0	0	0	0	0	0	0	0	
0.531	0.259259	-1.35769	0.0967742	3.85715	0.933181	0.373272	1	0	0	0	0	0	0	0	0	
0.532	0.259259	-1.35769	0.0967742	3.85715	0.933181	0.373272	1	0	0	0	0	0	0	0	0	
0.533	0.259259	-1.35769	0.0967742	3.85715	0.933181	0.373272	1	0	0	0	0	0	0	0	0	
0.534	0.259259	-1.35769	0.0967742	3.85715	0.933181	0.373272	1	0	0	0	0	0	0	0	0	
0.535	0.259259	-1.35769	0.0967742	3.85715	0.933181	0.373272	1	0	0	0	0	0	0	0	0	
0.536	0.259259	-1.35769	0.0967742	3.85715	0.933181	0.373272	1	0	0	0	0	0	0	0	0	
0.537	0.259259	-1.35769	0.0967742	3.85715	0.933181	0.373272	1	0	0	0	0	0	0	0	0	
0.538	0.259259	-1.35769	0.0967742	3.85715	0.933181	0.373272	1	0	0	0	0	0	0	0	0	
0.539	0.259259	-1.35769	0.0967742	3.85715	0.933181	0.373272	1	0	0	0	0	0	0	0	0	
0.54	0.259259	-1.35769	0.0967742	3.85715	0.933181	0.373272	1	0	0	0	0	0	0	0	0	
0.541	0.259259	-1.35769	0.0967742	3.85715	0.933181	0.373272	1	0	0	0	0	0	0	0	0	
0.542	0.259259	-1.35769	0.0967742	3.85715	0.933181	0.373272	1	0	0	0	0	0	0	0	0	
0.543	0.259259	-1.35769	0.0967742	3.85715	0.933181	0.373272	1	0	0	0	0	0	0	0	0	
0.544	0.259259	-1.35769	0.0967742	3.85715	0.933181	0.373272	1	0	0	0	0	0	0	0	0	
0.545	0.259259	-1.35769	0.0967742	3.85715	0.933181	0.373272	1	0	0	0	0	0	0	0	0	
0.546	0.259259	-1.35769	0.0967742	3.85715	0.933181	0.373272	1	0	0	0	0	0	0	0	0	
0.547	0.259259	-1.35769	0.0967742	3.85715	0.933181	0.373272	1	0	0	0	0	0	0	0	0	
0.548	0.259259	-1.35769	0.0967742	3.85715	0.933181	0.373272	1	0	0	0	0	0	0	0	0	
0.549	0.259259	-1.35769	0.0967742	3.85715	0.933181	0.373272	1	0	0	0	0	0	0	0	0	
0.55	0.259259	-1.35769	0.0967742	3.85715	0.933181	0.373272	1	0	0	0	0	0	0	0	0	
0.551	0.259259	-1.35769	0.0967742	3.85715	0.933181	0.373272	1	0	0	0	0	0	0	0	0	
0.552	0.259259	-1.35769	0.0967742	3.85715	0.933181	0.373272	1	0	0	0	0	0	0	0	0	
0.553	0.259259	-1.35769	0.0967742	3.85715	0.933181	0.373272	1	0	0	0	0	0	0	0	0	
0.554	0.259259	-1.35769	0.0967742	3.85715	0.933181	0.373272	1	0	0	0	0	0	0	0	0	
0.555	0.259259	-1.35769	0.0967742	3.85715	0.933181	0.373272	1	0	0	0	0	0	0	0	0	
0.556	0.259259	-1.35769	0.0967742	3.85715	0.933181	0.373272	1	0	0	0	0	0	0	0	0	
0.557	0.259259	-1.35769	0.0967742	3.85715	0.933181	0.373272	1	0	0	0	0	0	0	0	0	
0.558	0.259259	-1.35769	0.0967742	3.85715	0.933181	0.373272	1	0	0	0	0	0	0	0	0	
0.559	0.259259	-1.35769	0.0967742	3.85715	0.933181	0.373272	1	0	0	0	0	0	0	0	0	
0.56	0.259259	-1.35769	0.0967742	3.85715	0.933181	0.373272	1	0	0	0	0	0	0	0	0	
0.561	0.259259	-1.35769	0.0967742	3.85715	0.933181	0.373272	1	0	0	0	0	0	0	0	0	
0.562	0.259259	-1.35769	0.0967742	3.85715	0.933181	0.373272	1	0	0	0	0	0	0	0	0	
0.563	0.259259	-1.35769	0.0967742	3.85715	0.933181	0.373272	1	0	0	0	0	0	0	0	0	
0.564	0.259259	-1.35769	0.0967742	3.85715	0.933181	0.373272	1	0	0	0	0	0	0	0	0	
0.565	0.259259	-1.35769	0.0967742	3.85715	0.933181	0.373272	1	0	0	0	0	0	0	0	0	
0.566	0.259259	-1.35769	0.0967742	3.85715	0.933181	0.373272	1	0	0	0	0	0	0	0	0	
0.567	0.259259	-1.35769	0.0967742	3.85715	0.933181	0.373272	1	0	0	0	0	0	0	0	0	
0.568	0.259259	-1.35769	0.0967742	3.85715	0.933181	0.373272	1	0	0	0	0	0	0	0	0	
0.569	0.259259	-1.35769	0.0967742	3.85715	0.933181	0.373272	1	0	0	0	0	0	0	0	0	
0.57	0.259259	-1.35769	0.0967742	3.85715	0.933181	0.373272	1	0	0	0	0	0	0	0	0	
0.571	0.259259	-1.35769	0.0967742	3.85715	0.933181	0.373272	1	0	0	0	0	0	0	0	0	
0.572	0.259259	-1.35769	0.0967742	3.85715	0.933181	0.373272	1	0	0	0	0	0	0	0	0	
0.573	0.259259	-1.35769	0.0967742	3.85715	0.933181	0.373272	1	0	0	0	0	0	0	0	0	
0.574	0.259259	-1.35769	0.0967742	3.85715	0.933181	0.373272	1	0	0	0	0	0	0	0	0	
0.575	0.259259	-1.35769	0.0967742	3.85715	0.933181	0.373272	1	0	0	0	0	0	0	0	0	
0.576	0.259259	-1.35769	0.0967742	3.85715	0.933181	0.373272	1	0	0	0	0	0	0	0	0	
0.577	0.259259	-1.35769	0.0967742	3.85715	0.933181	0.373272	1	0	0	0	0	0	0	0	0	
0.578	0.259259	-1.35769	0.0967742	3.85715	0.933181	0.373272	1	0	0	0	0	0	0	0	0	
0.579	0.259259	-1.35769	0.0967742	3.85715	0.933181	0.373272	1	0	0	0	0	0	0	0	0	
0.58	0.259259	-1.35769	0.0967742	3.85715	0.933181	0.373272	1	0	0	0	0	0	0	0	0	
0.581	0.259259	-1.35769	0.0967742	3.85715	0.933181	0.373272	1	0	0	0	0	0	0	0	0	
0.582	0.259259	-1.35769	0.0967742	3.85715	0.933181	0.373272	1	0	0	0	0	0	0	0	0	
0.583	0.259259	-1.35769	0.0967742	3.85715	0.933181	0.373272	1	0	0	0	0	0	0	0	0	
0.584	0.259259	-1.35769	0.0967742	3.85715	0.933181	0.373272	1	0	0	0	0	0	0	0	0	
0.585	0.259259	-1.35769	0.0967742	3.85715	0.933181	0.373272	1	0	0	0	0	0	0	0	0	
0.586	0.259259	-1.35769	0.0967742	3.85715	0.933181	0.373272	1	0	0	0	0	0	0	0	0	
0.587	0.259259	-1.35769	0.0967742	3.85715	0.933181	0.373272	1	0	0	0	0	0	0	0	0	
0.588	0.259259	-1.35769	0.0967742	3.85715	0.933181	0.373272	1	0	0	0	0	0	0	0	0	
0.589	0.259259	-1.35769	0.0967742	3.85715	0.933181	0.373272	1	0	0	0	0	0	0	0	0	
0.59	0.259259	-1.35769	0.0967742	3.85715	0.933181	0.373272	1	0	0	0	0	0	0	0	0	
0.591	0.259259	-1.35769	0.0967742	3.85715	0.933181	0.373272	1	0	0	0	0	0	0	0	0	
0.592	0.259259	-1.35769	0.0967742	3.85715	0.933181	0.373272	1	0	0	0	0	0	0	0	0	
0.593	0.259259	-1.35769	0.0967742	3.85715	0.933181	0.373272	1	0	0	0	0	0	0	0	0	
0.594	0.259259	-1.35769	0.0967742	3.85715	0.933181	0.373272	1	0	0	0	0	0	0	0	0	
0.595	0.259259	-1.35769	0.0967742	3.85715	0.933181	0.373272	1	0	0	0	0	0	0	0	0	
0.596	0.259259	-1.35769	0.0967742	3.85715	0.933181	0.373272	1	0	0	0	0	0	0	0	0	
0.597	0.259259	-1.35769	0.0967742	3.85715	0.933181	0.373272	1	0	0	0	0	0	0	0	0	
0.598	0.259259	-1.35769	0.0967742	3.85715	0.933181	0.373272	1	0	0	0	0	0	0	0	0	
0.599	0.259259	-1.35769	0.0967742	3.85715	0.933181	0.373272	1	0	0	0	0	0	0	0	0	
0.6	0.259259	-1.35769	0.0967742	3.85715	0.933181	0.373272	1	0	0	0	0	0	0	0	0	
0.601	0.259259	-1.35769	0.0967742	3.85715	0.933181	0.373272	1	0	0	0	0	0	0	0	0	
0.602	0.259259	-1.35769	0.0967742	3.85715	0.933181	0.373272	1	0	0	0	0	0	0	0	0	
0.603	0.259259	-1.35769	0.0967742	3.85715	0.933181	0.373272	1	0	0	0	0	0	0	0	0	
0.604	0.259259	-1.35769	0.0967742	3.85715	0.933181	0.373272	1	0	0	0	0	0	0	0	0	
0.605	0.259259	-1.35769	0.0967742	3.85715	0.933181	0.373272	1	0	0	0	0	0	0	0	0	
0.606	0.259259	-1.35769	0.0967742	3.85715	0.933181	0.373272	1	0	0	0	0	0	0	0	0	
0.607	0.259259	-1.35769	0.0967742	3.85715	0.933181	0.373272	1	0	0	0	0	0	0	0	0	
0.608	0.259259	-1.35769	0.0967742	3.85715	0.933181	0.373272	1	0	0	0	0	0	0	0	0	
0.609	0.259259	-1.35769	0.0967742	3.85715	0.933181	0.373272	1	0	0	0	0	0	0	0	0	
0.61	0.259259	-1.35769	0.0967742	3.85715	0.933181	0.373272	1	0	0	0	0	0	0	0	0	
0.611	0.259259	-1.35769	0.0967742	3.85715	0.933181	0.373272	1	0	0	0	0	0	0	0	0	
0.612	0.259259	-1.35769	0.0967742	3.85715	0.933181	0.373272	1	0	0	0	0	0	0	0	0	
0.613	0.259259	-1.35769	0.0967742	3.85715	0.933181	0.373272	1	0	0	0	0	0	0	0	0	
0.614	0.259259	-1.35769	0.0967742	3.85715	0.933181	0.373272	1	0	0	0	0	0	0	0	0	
0.615	0.259259	-1.35769	0.0967742	3.85715	0.933181	0.373272	1	0	0	0	0	0	0	0	0	
0.616	0.259259	-1.35769	0.0967742	3.85715	0.933181	0.373272	1	0	0	0	0	0	0	0	0	
0.617	0.259259	-1.35769	0.0967742	3.85715	0.933181	0.373272	1	0	0	0	0	0	0	0	0	
0.618	0.259259	-1.35769	0.0967742	3.85715	0.933181	0.373272	1	0	0	0	0	0	0	0	0	
0.619	0.259259	-1.35769	0.0967742	3.85715	0.933181	0.373272	1	0	0	0	0	0	0	0	0	
0.62	0.259259	-1.35769	0.0967742	3.85715	0.933181	0.373272	1	0	0	0	0	0	0	0	0	
0.621	0.259259	-1.35769	0.0967742	3.85715	0.933181	0.373272	1	0	0	0	0	0	0	0	0	
0.622	0.259259	-1.35769	0.0967742	3.85715	0.933181	0.373272	1	0	0	0	0	0	0	0	0	
0.623	0.259259	-1.35769	0.0967742	3.85715	0.933181	0.373272	1	0	0	0	0	0	0	0	0	
0.624	0.259259	-1.35769	0.0967742	3.85715	0.933181	0.373272	1	0	0	0	0	0	0	0	0	
0.625	0.259259	-1.35769	0.0967742	3.85715	0.933181	0.373272	1	0	0	0	0	0	0	0	0	
0.626	0.259259	-1.35769	0.0967742	3.85715	0.933181	0.373272	1	0	0	0	0	0	0	0	0	
0.627	0.259259	-1.35769	0.0967742	3.85715	0.933181	0.373272	1	0	0	0	0	0	0	0	0	
0.628	0.259259	-1.35769	0.0967742	3.85715	0.933181	0.373272	1	0	0	0	0	0	0	0	0	
0.629	0.259259	-1.35769	0.0967742	3.85715	0.933181	0.373272	1	0	0	0	0	0	0	0	0	
0.63	0.259259	-1.35769	0.0967742	3.85715	0.933181	0.373272	1	0	0	0	0	0	0	0	0	
0.631	0.259259	-1.35769	0.0967742	3.85715	0.933181	0.373272	1	0	0	0	0	0	0	0	0	
0.632	0.259259	-1.35769	0.0967742	3.85715	0.933181	0.373272	1	0	0	0	0	0	0	0	0	
0.633	0.259259	-1.35769	0.0967742	3.85715	0.933181	0.373272	1	0	0	0	0	0	0	0	0	
0.634	0.259259	-1.35769	0.0967742	3.85715	0.933181	0.373272	1	0	0	0	0	0	0	0	0	
0.635	0.259259	-1.35769	0.0967742	3.85715	0.933181	0.373272	1	0	0	0	0	0	0	0	0	
0.636	0.259259	-1.35769	0.0967742	3.85715	0.933181	0.373272	1	0	0	0	0	0	0	0	0	
0.637	0.259259	-1.35769	0.0967742	3.85715	0.933181	0.373272	1	0	0	0	0	0	0	0	0	
0.638	0.259259	-1.35769	0.0967742	3.85715	0.933181	0.373272	1	0	0	0	0	0	0	0	0	
0.639	0.259259	-1.35769	0.0967742	3.85715	0.933181	0.373272	1	0	0	0	0	0	0	0	0	
0.64	0.259259	-1.35769	0.0967742	3.85715	0.933181	0.373272	1	0	0	0	0	0	0	0	0	
0.641	0.259259	-1.35769	0.0967742	3.85715	0.933181	0.373272	1	0	0	0	0	0	0	0	0	
0.642	0.259259	-1.35769	0.0967742	3.85715	0.933181	0.373272	1	0	0	0	0	0	0	0	0	
0.643	0.259259	-1.35769	0.0967742	3.85715	0.933181	0.373272	1	0	0	0	0	0	0	0	0	
0.644	0.259259	-1.35769	0.0967742	3.85715	0.933181	0.373272	1	0	0	0	0	0	0	0	0	
0.645	0.259259	-1.35769	0.0967742	3.85715	0.933181	0.373272	1	0	0	0	0	0	0	0	0	
0.646	0.259259	-1.35769	0.0967742	3.85715	0.933181	0.373272	1	0	0	0	0	0	0	0	0	
0.647	0.259259	-1.35769	0.0967742	3.85715	0.933181	0.373272	1	0	0	0	0	0	0	0	0	
0.648	0.259259	-1.35769	0.0967742	3.85715	0.933181	0.373272	1	0	0	0	0	0	0	0	0	
0.649	0.259259	-1.35769	0.0967742	3.85715	0.933181	0.373272	1	0	0	0	0	0	0	0	0	
0.65	0.259259	-1.35769	0.0967742	3.85715	0.933181	0.373272	1	0	0	0	0	0	0	0	0	
0.651	0.259259	-1.35769	0.0967742	3.85715	0.933181	0.373272	1	0	0	0	0	0	0	0	0	
0.652	0.259259	-1.35769	0.0967742	3.85715	0.933181	0.373272	1	0	0	0	0	0	0	0	0	
0.653	0.259259	-1.35769	0.0967742	3.85715	0.933181	0.373272	1	0	0	0	0	0	0	0	0	
0.654	0.259259	-1.35769	0.0967742	3.85715	0.933181	0.373272	1	0	0	0	0	0	0	0	0	
0.655	0.259259	-1.35769	0.0967742	3.85715	0.933181	0.373272	1	0	0	0	0	0	0	0	0	
0.656	0.259259	-1.35769	0.0967742	3.85715	0.933181	0.373272	1	0	0	0	0	0	0	0	0	
0.657	0.259259	-1.35769	0.0967742	3.85715	0.933181	0.373272	1	0	0	0	0	0	0	0	0	
0.658	0.259259	-1.35769	0.0967742	3.85715	0.933181	0.373272	1	0	0	0	0	0	0	0	0	
0.659	0.259259	-1.35769	0.0967742	3.85715	0.933181	0.373272	1	0	0	0	0	0	0	0	0	
0.66	0.259259	-1.35769	0.0967742	3.85715	0.933181	0.373272	1	0	0	0	0	0	0	0	0	
0.661	0.259259	-1.35769	0.0967742	3.85715	0.933181	0.373272	1	0	0	0	0	0	0	0	0	
0.662	0.259259	-1.35769	0.0967742	3.85715	0.933181	0.373272	1	0	0	0	0	0	0	0	0	
0.663	0.259259	-1.35769	0.0967742	3.85715	0.933181	0.373272	1	0	0	0	0	0	0	0	0	
0.664	0.259259	-1.35769	0.0967742	3.85715	0.933181	0.373272	1	0	0	0	0	0	0	0	0	
0.665	0.259259	-1.35769	0.0967742	3.85715	0.933181	0.373272	1	0	0	0	0	0	0	0	0	
0.666	0.259259	-1.35769	0.0967742	3.85715	0.933181	0.373272	1	0	0	0	0	0	0	0	0	
0.667	0.259259	-1.35769	0.0967742	3.85715	0.933181	0.373272	1	0	0	0	0	0	0	0	0	
0.668	0.259259	-1.35769	0.0967742	3.85715	0.933181	0.373272	1	0	0	0	0	0	0	0	0	
0.669	0.259259	-1.35769	0.0967742	3.85715	0.933181	0.373272	1	0	0	0	0	0	0	0	0	
0.67	0.259259	-1.35769	0.0967742	3.85715	0.933181	0.373272	1	0	0	0	0	0	0	0	0	
0.671	0.259259	-1.35769	0.0967742	3.85715	0.933181	0.373272	1	0	0	0	0	0	0	0	0	
0.672	0.259259	-1.35769	0.0967742	3.85715	0.933181	0.373272	1	0	0	0	0	0	0	0	0	
0.673	0.259259	-1.35769	0.0967742	3.85715	0.933181	0.373272	1	0	0	0	0	0	0	0	0	
0.674	0.259259	-1.35769	0.0967742	3.85715	0.933181	0.373272	1	0	0	0	0	0	0	0	0	
0.675	0.259259	-1.35769	0.0967742	3.85715	0.933181	0.373272	1	0	0	0	0	0	0	0	0	
0.676	0.259259	-1.35769	0.0967742	3.85715	0.933181	0.373272	1	0	0	0	0	0	0	0	0	
0.677	0.259259	-1.35769	0.0967742	3.85715	0.933181	0.373272	1	0	0	0	0	0	0	0	0	
0.678	0.259259	-1.35769	0.0967742	3.85715	0.933181	0.373272	1	0	0	0	0	0	0	0	0	
0.679	0.259259	-1.35769	0.0967742	3.85715	0.933181	0.373272	1	0	0	0	0	0	0	0	0	
0.68	0.259259	-1.35769	0.0967742	3.85715	0.933181	0.373272	1	0	0	0	0	0	0	0	0	
0.681	0.259259	-1.35769	0.0967742	3.85715	0.933181	0.373272	1	0	0	0	0	0	0	0	0	
0.682	0.259259	-1.35769	0.0967742	3.85715	0.933181	0.373272	1	0	0	0	0	0	0	0	0	
0.683	0.259259	-1.35769	0.0967742	3.85715	0.933181	0.373272	1	0	0	0	0	0	0	0	0	
0.684	0.259259	-1.35769	0.0967742	3.85715	0.933181	0.373272	1	0	0	0	0	0	0	0	0	
0.685	0.259259	-1.35769	0.0967742	3.85715	0.933181	0.373272	1	0	0	0	0	0	0	0	0	
0.686	0.259259	-1.35769	0.0967742	3.85715	0.933181	0.373272	1	0	0	0	0	0	0	0	0	
0.687	0.259259	-1.35769	0.0967742	3.85715	0.933181	0.373272	1	0	0	0	0	0	0	0	0	
0.688	0.259259	-1.35769	0.0967742	3.85715	0.933181	0.373272	1	0	0	0	0	0	0	0	0	
0.689	0.259259	-1.35769	0.0967742	3.85715	0.933181	0.373272	1	0	0	0	0	0	0	0	0	
0.69	0.259259	-1.35769	0.0967742	3.85715	0.933181	0.373272	1	0	0	0	0	0	0	0	0	
0.691	0.259259	-1.35769	0.0967742	3.85715	0.933181	0.373272	1	0	0	0	0	0	0	0	0	
0.692	0.259259	-1.35769	0.0967742	3.85715	0.933181	0.373272	1	0	0	0	0	0	0	0	0	
0.693	0.259259	-1.35769	0.0967742	3.85715	0.933181	0.373272	1	0	0	0	0	0	0	0	0	
0.694	0.259259	-1.35769	0.0967742	3.85715	0.933181	0.373272	1	0	0	0	0	0	0	0	0	
0.695	0.259259	-1.35769	0.0967742	3.85715	0.933181	0.373272	1	0	0	0	0	0	0	0	0	
0.696	0.259259	-1.35769	0.0967742	3.85715	0.933181	0.373272	1	0	0	0	0	0	0	0	0	
0.697	0.259259	-1.35769	0.0967742	3.85715	0.933181	0.373272	1	0	0	0	0	0	0	0	0	
0.698	0.259259	-1.35769	0.0967742	3.85715	0.933181	0.373272	1	0	0	0	0	0	0	0	0	
0.699	0.259259	-1.35769	0.0967742	3.85715	0.933181	0.373272	1	0	0	0	0	0	0	0	0	
0.7	0.259259	-1.35769	0.0967742	3.85715	0.933181	0.373272	1	0	0	0	0	0	0	0	0	
0.701	0.259259	-1.35769	0.0967742	3.85715	0.933181	0.373272	1	0	0	0	0	0	0	0	0	
0.702	0.259259	-1.35769	0.0967742	3.85715	0.933181	0.373272	1	0	0	0	0	0	0	0	0	
0.703	0.259259	-1.35769	0.0967742	3.85715	0.933181	0.373272	1	0	0	0	0	0	0	0	0	
0.704	0.259259	-1.35769	0.0967742	3.85715	0.933181	0.373272	1	0	0	0	0	0	0	0	0	
0.705	0.259259	-1.35769	0.0967742	3.85715	0.933181	0.373272	1	0	0	0	0	0	0	0	0	
0.706	0.259259	-1.35769	0.0967742	3.85715	0.933181	0.373272	1	0	0	0	0	0	0	0	0	
0.707	0.259259	-1.35769	0.0967742	3.85715	0.933181	0.373272	1	0	0	0	0	0	0	0	0	
0.708	0.259259	-1.35769	0.0967742	3.85715	0.933181	0.373272	1	0	0	0	0	0	0	0	0	
0.709	0.259259	-1.35769	0.0967742	3.85715	0.933181	0.373272	1	0	0	0	0	0	0	0	0	
0.71	0.259259	-1.35769	0.0967742	3.85715	0.933181	0.373272	1	0	0	0	0	0	0	0	0	
0.711	0.259259	-1.35769	0.0967742	3.85715	0.933181	0.373272	1	0	0	0	0	0	0	0	0	
0.712	0.259259	-1.35769	0.0967742	3.85715	0.933181	0.373272	1	0	0	0	0	0	0	0	0	
0.713	0.259259	-1.35769	0.0967742	3.85715	0.933181	0.373272	1	0	0	0	0	0	0	0	0	
0.714	0.259259	-1.35769	0.0967742	3.85715	0.933181	0.373272	1	0	0	0	0	0	0	0	0	
0.715	0.259259	-1.35769	0.0967742	3.85715	0.933181	0.373272	1	0	0	0	0	0	0	0	0	
0.716	0.259259	-1.35769	0.0967742	3.85715	0.933181	0.373272	1	0	0	0	0	0	0	0	0	
0.717	0.259259	-1.35769	0.0967742	3.85715	0.933181	0.373272	1	0	0	0	0	0	0	0	0	
0.718	0.259259	-1.35769	0.0967742	3.85715	0.933181	0.373272	1	0	0	0	0	0	0	0	0	
0.719	0.259259	-1.35769	0.0967742	3.85715	0.933181	0.373272	1	0	0	0	0	0	0	0	0	
0.72	0.259259	-1.35769	0.0967742	3.85715	0.933181	0.373272	1	0	0	0	0	0	0	0	0	
0.721	0.259259	-1.35769	0.0967742	3.85715	0.933181	0.373272	1	0	0	0	0	0	0	0	0	
0.722	0.259259	-1.35769	0.0967742	3.85715	0.933181	0.373272	1	0	0	0	0	0	0	0	0	
0.723	0.259259	-1.35769	0.0967742	3.85715	0.933181	0.373272	1	0	0	0	0	0	0	0	0	
0.724	0.259259	-1.35769	0.0967742	3.85715	0.933181	0.373272	1	0	0	0	0	0	0	0	0	
0.725	0.259259	-1.35769	0.0967742	3.85715	0.933181	0.373272	1	0	0	0	0	0	0	0	0	
0.726	0.259259	-1.35769	0.0967742	3.85715	0.933181	0.373272	1	0	0	0	0	0	0	0	0	
0.727	0.259259	-1.35769	0.0967742	3.85715	0.933181	0.373272	1	0	0	0	0	0	0	0	0	
0.728	0.259259	-1.35769	0.0967742	3.85715	0.933181	0.373272	1	0	0	0	0	0	0	0	0	
0.729	0.259259	-1.35769	0.0967742	3.85715	0.933181	0.373272	1	0	0	0	0	0	0	0	0	
0.73	0.259259	-1.35769	0.0967742	3.85715	0.933181	0.373272	1	0	0	0	0	0	0	0	0	
0.731	0.259259	-1.35769	0.0967742	3.85715	0.933181	0.373272	1	0	0	0	0	0	0	0	0	
0.732	0.259259	-1.35769	0.0967742	3.85715	0.933181	0.373272	1	0	0	0	0	0	0	0	0	
0.733	0.259259	-1.35769	0.0967742	3.85715	0.933181	0.373272	1	0	0	0	0	0	0	0	0	
0.734	0.259259	-1.35769	0.0967742	3.85715	0.933181	0.373272	1	0	0	0	0	0	0	0	0	
0.735	0.259259	-1.35769	0.0967742	3.85715	0.933181	0.373272	1	0	0	0	0	0	0	0	0	
0.736	0.259259	-1.35769	0.0967742	3.85715	0.933181	0.373272	1	0	0	0	0	0	0	0	0	
0.737	0.259259	-1.35769	0.0967742	3.85715	0.933181	0.373272	1	0	0	0	0	0	0	0	0	
0.738	0.259259	-1.35769	0.0967742	3.85715	0.933181	0.373272	1	0	0	0	0	0	0	0	0	
0.739	0.259259	-1.35769	0.0967742	3.85715	0.933181	0.373272	1	0	0	0	0	0	0	0	0	
0.74	0.259259	-1.35769	0.0967742	3.85715	0.933181	0.373272	1	0	0	0	0	0	0	0	0	
0.741	0.259259	-1.35769	0.0967742	3.85715	0.933181	0.373272	1	0	0	0	0	0	0	0	0	
0.742	0.259259	-1.35769	0.0967742	3.85715	0.933181	0.373272	1	0	0	0	0	0	0	0	0	
0.743	0.259259	-1.35769	0.0967742	3.85715	0.933181	0.373272	1	0	0	0	0	0	0	0	0	
0.744	0.259259	-1.35769	0.0967742	3.85715	0.933181	0.373272	1	0	0	0	0	0	0	0	0	
0.745	0.259259	-1.35769	0.0967742	3.85715	0.933181	0.373272	1	0	0	0	0	0	0	0	0	
0.746	0.259259	-1.35769	0.0967742	3.85715	0.933181	0.373272	1	0	0	0	0	0	0	0	0	
0.747	0.259259	-1.35769	0.0967742	3.85715	0.933181	0.373272	1	0	0	0	0	0	0	0	0	
0.748	0.259259	-1.35769	0.0967742	3.85715	0.933181	0.373272	1	0	0	0	0	0	0	0	0	
0.749	0.259259	-1.35769	0.0967742	3.85715	0.933181	0.373272	1	0	0	0	0	0	0	0	0	
0.75	0.259259	-1.35769	0.0967742	3.85715	0.933181	0.373272	1	0	0	0	0	0	0	0	0	
0.751	0.259259	-1.35769	0.0967742	3.85715	0.933181	0.373272	1	0	0	0	0	0	0	0	0	
0.752	0.259259	-1.35769	0.0967742	3.85715	0.933181	0.373272	1	0	0	0	0	0	0	0	0	
0.753	0.259259	-1.35769	0.0967742	3.85715	0.933181	0.373272	1	0	0	0	0	0	0	0	0	
0.754	0.259259	-1.35769	0.0967742	3.85715	0.933181	0.373272	1	0	0	0	0	0	0	0	0	
0.755	0.259259	-1.35769	0.0967742	3.85715	0.933181	0.373272	1	0	0	0	0	0	0	0	0	
0.756	0.259259	-1.35769	0.0967742	3.85715	0.933181	0.373272	1	0	0	0	0	0	0	0	0	
0.757	0.259259	-1.35769	0.0967742	3.85715	0.933181	0.373272	1	0	0	0	0	0	0	0	0	
0.758	0.259259	-1.35769	0.0967742	3.85715	0.933181	0.373272	1	0	0	0	0	0	0	0	0	
0.759	0.259259	-1.35769	0.0967742	3.85715	0.933181	0.373272	1	0	0	0	0	0	0	0	0	
0.76	0.259259	-1.35769	0.0967742	3.85715	0.933181	0.373272	1	0	0	0	0	0	0	0	0	
0.761	0.259259	-1.35769	0.0967742	3.85715	0.933181	0.373272	1	0	0	0	0	0	0	0	0	
0.762	0.259259	-1.35769	0.0967742	3.85715	0.933181	0.373272	1	0	0	0	0	0	0	0	0	
0.763	0.259259	-1.35769	0.0967742	3.85715	0.933181	0.373272	1	0	0	0	0	0	0	0	0	
0.764	0.259259	-1.35769	0.0967742	3.85715	0.933181	0.373272	1	0	0	0	0	0	0	0	0	
0.765	0.259259	-1.35769	0.0967742	3.85715	0.933181	0.373272	1	0	0	0	0	0	0	0	0	
0.766	0.259259	-1.35769	0.0967742	3.85715	0.933181	0.373272	1	0	0	0	0	0	0	0	0	
0.767	0.259259	-1.35769	0.0967742	3.85715	0.933181	0.373272	1	0	0	0	0	0	0	0	0	
0.768	0.259259	-1.35769	0.0967742	3.85715	0.933181	0.373272	1	0	0	0	0	0	0	0	0	
0.769	0.259259	-1.35769	0.0967742	3.85715	0.933181	0.373272	1	0	0	0	0	0	0	0	0	
0.77	0.259259	-1.35769	0.0967742	3.85715	0.933181	0.373272	1	0	0	0	0	0	0	0	0	
0.771	0.259259	-1.35769	0.0967742	3.85715	0.933181	0.373272	1	0	0	0	0	0	0	0	0	
0.772	0.259259	-1.35769	0.0967742	3.85715	0.933181	0.373272	1	0	0	0	0	0	0	0	0	
0.773	0.259259	-1.35769	0.0967742	3.85715	0.933181	0.373272	1	0	0	0	0	0	0	0	0	
0.774	0.259259	-1.35769	0.0967742	3.85715	0.933181	0.373272	1	0	0	0	0	0	0	0	0	
0.775	0.259259	-1.35769	0.0967742	3.85715	0.933181	0.373272	1	0	0	0	0	0	0	0	0	
0.776	0.259259	-1.35769	0.0967742	3.85715	0.933181	0.373272	1	0	0	0	0	0	0	0	0	
0.777	0.259259	-1.35769	0.0967742	3.85715	0.933181	0.373272	1	0	0	0	0	0	0	0	0	
0.778	0.259259	-1.35769	0.0967742	3.85715	0.933181	0.373272	1	0	0	0	0	0	0	0	0	
0.779	0.259259	-1.35769	0.0967742	3.85715	0.933181	0.373272	1	0	0	0	0	0	0	0	0	
0.78	0.259259	-1.35769	0.0967742	3.85715	0.933181	0.373272	1	0	0	0	0	0	0	0	0	
0.781	0.259259	-1.35769	0.0967742	3.85715	0.933181	0.373272	1	0	0	0	0	0	0	0	0	
0.782	0.259259	-1.35769	0.0967742	3.85715	0.933181	0.373272	1	0	0	0	0	0	0	0	0	
0.783	0.259259	-1.35769	0.0967742	3.85715	0.933181	0.373272	1	0	0	0	0	0	0	0	0	
0.784	0.259259	-1.35769	0.0967742	3.85715	0.933181	0.373272	1	0	0	0	0	0	0	0	0	
0.785	0.259259	-1.35769	0.0967742	3.85715	0.933181	0.373272	1	0	0	0	0	0	0	0	0	
0.786	0.259259	-1.35769	0.0967742	3.85715	0.933181	0.373272	1	0	0	0	0	0	0	0	0	
0.787	0.259259	-1.35769	0.0967742	3.85715	0.933181	0.373272	1	0	0	0	0	0	0	0	0	
0.788	0.259259	-1.35769	0.0967742	3.85715	0.933181	0.373272	1	0	0	0	0	0	0	0	0	
0.789	0.259259	-1.35769	0.0967742	3.85715	0.933181	0.373272	1	0	0	0	0	0	0	0	0	
0.79	0.259259	-1.35769	0.0967742	3.85715	0.933181	0.373272	1	0	0	0	0	0	0	0	0	
0.791	0.259259	-1.35769	0.0967742	3.85715	0.933181	0.373272	1	0	0	0	0	0	0	0	0	
0.792	0.259259	-1.35769	0.0967742	3.85715	0.933181	0.373272	1	0	0	0	0	0	0	0	0	
0.793	0.259259	-1.35769	0.0967742	3.85715	0.933181	0.373272	1	0	0	0	0	0	0	0	0	
0.794	0.259259	-1.35769	0.0967742	3.85715	0.933181	0.373272	1	0	0	0	0	0	0	0	0	
0.795	0.259259	-1.35769	0.0967742	3.85715	0.933181	0.373272	1	0	0	0	0	0	0	0	0	
0.796	0.259259	-1.35769	0.0967742	3.85715	0.933181	0.373272	1	0	0	0	0	0	0	0	0	
0.797	0.259259	-1.35769	0.0967742	3.85715	0.933181	0.373272	1	0	0	0	0	0	0	0	0	
0.798	0.259259	-1.35769	0.0967742	3.85715	0.933181	0.373272	1	0	0	0	0	0	0	0	0	
0.799	0.259259	-1.35769	0.0967742	3.85715	0.933181	0.373272	1	0	0	0	0	0	0	0	0	
0.8	0.259259	-1.35769	0.0967742	3.85715	0.933181	0.373272	1	0	0	0	0	0	0	0	0	
0.801	0.259259	-1.35769	0.0967742	3.85715	0.933181	0.373272	1	0	0	0	0	0	0	0	0	
0.802	0.259259	-1.35769	0.0967742	3.85715	0.933181	0.373272	1	0	0	0	0	0	0	0	0	
0.803	0.259259	-1.35769	0.0967742	3.85715	0.933181	0.373272	1	0	0	0	0	0	0	0	0	
0.804	0.259259	-1.35769	0.0967742	3.85715	0.933181	0.373272	1	0	0	0	0	0	0	0	0	
0.805	0.259259	-1.35769	0.0967742	3.85715	0.933181	0.373272	1	0	0	0	0	0	0	0	0	
0.806	0.259259	-1.35769	0.0967742	3.85715	0.933181	0.373272	1	0	0	0	0	0	0	0	0	
0.807	0.259259	-1.35769	0.0967742	3.85715	0.933181	0.373272	1	0	0	0	0	0	0	0	0	
0.808	0.259259	-1.35769	0.0967742	3.85715	0.933181	0.373272	1	0	0	0	0	0	0	0	0	
0.809	0.259259	-1.35769	0.0967742	3.85715	0.933181	0.373272	1	0	0	0	0	0	0	0	0	
0.81	0.259259	-1.35769	0.0967742	3.85715	0.933181	0.373272	1	0	0	0	0	0	0	0	0	
0.811	0.259259	-1.35769	0.0967742	3.85715	0.933181	0.373272	1	0	0	0	0	0	0	0	0	
0.812	0.259259	-1.35769	0.0967742	3.85715	0.933181	0.373272	1	0	0	0	0	0	0	0	0	
0.813	0.259259	-1.35769	0.0967742	3.85715	0.933181	0.373272	1	0	0	0	0	0	0	0	0	
0.814	0.259259	-1.35769	0.0967742	3.85715	0.933181	0.373272	1	0	0	0	0	0	0	0	0	
0.815	0.259259	-1.35769	0.0967742	3.85715	0.933181	0.373272	1	0	0	0	0	0	0	0	0	
0.816	0.259259	-1.35769	0.0967742	3.85715	0.933181	0.373272	1	0	0	0	0	0	0	0	0	
0.817	0.259259	-1.35769	0.0967742	3.85715	0.933181	0.373272	1	0	0	0	0	0	0	0	0	
0.818	0.259259	-1.35769	0.0967742	3.85715	0.933181	0.373272	1	0	0	0	0	0	0	0	0	
0.819	0.259259	-1.35769	0.0967742	3.85715	0.933181	0.373272	1	0	0	0	0	0	0	0	0	
0.82	0.259259	-1.35769	0.0967742	3.85715	0.933181	0.373272	1	0	0	0	0	0	0	0	0	
0.821	0.259259	-1.35769	0.0967742	3.85715	0.933181	0.373272	1	0	0	0	0	0	0	0	0	
0.822	0.259259	-1.35769	0.0967742	3.85715	0.933181	0.373272	1	0	0	0	0	0	0	0	0	
0.823	0.259259	-1.35769	0.0967742	3.85715	0.933181	0.373272	1	0	0	0	0	0	0	0	0	
0.824	0.259259	-1.35769	0.0967742	3.85715	0.933181	0.373272	1	0	0	0	0	0	0	0	0	
0.825	0.259259	-1.35769	0.0967742	3.85715	0.933181	0.373272	1	0	0	0	0	0	0	0	0	
0.826	0.259259	-1.35769	0.0967742	3.85715	0.933181	0.373272	1	0	0	0	0	0	0	0	0	
0.827	0.259259	-1.35769	0.0967742	3.85715	0.933181	0.373272	1	0	0	0	0	0	0	0	0	
0.828	0.259259	-1.35769	0.0967742	3.85715	0.933181	0.373272	1	0	0	0	0	0	0	0	0	
0.829	0.259259	-1.35769	0.0967742	3.85715	0.933181	0.373272	1	0	0	0	0	0	0	0	0	
0.83	0.259259	-1.35769	0.0967742	3.85715	0.933181	0.373272	1	0	0	0	0	0	0	0	0	
0.831	0.259259	-1.35769	0.0967742	3.85715	0.933181	0.373272	1	0	0	0	0	0	0	0	0	
0.832	0.259259	-1.35769	0.0967742	3.85715	0.933181	0.373272	1	0	0	0	0	0	0	0	0	
0.833	0.259259	-1.35769	0.0967742	3.85715	0.933181	0.373272	1	0	0	0	0	0	0	0	0	
0.834	0.259259	-1.35769	0.0967742	3.85715	0.933181	0.373272	1	0	0	0	0	0	0	0	0	
0.835	0.259259	-1.35769	0.0967742	3.85715	0.933181	0.373272	1	0	0	0	0	0	0	0	0	
0.836	0.259259	-1.35769	0.0967742	3.85715	0.933181	0.373272	1	0	0	0	0	0	0	0	0	
0.837	0.259259	-1.35769	0.0967742	3.85715	0.933181	0.373272	1	0	0	0	0	0	0	0	0	
0.838	0.259259	-1.35769	0.0967742	3.85715	0.933181	0.373272	1	0	0	0	0	0	0	0	0	
0.839	0.259259	-1.35769	0.0967742	3.85715	0.933181	0.373272	1	0	0	0	0	0	0	0	0	
0.84	0.259259	-1.35769	0.0967742	3.85715	0.933181	0.373272	1	0	0	0	0	0	0	0	0	
0.841	0.259259	-1.35769	0.0967742	3.85715	0.933181	0.373272	1	0	0	0	0	0	0	0	0	
0.842	0.259259	-1.35769	0.0967742	3.85715	0.933181	0.373272	1	0	0	0	0	0	0	0	0	
0.843	0.259259	-1.35769	0.0967742	3.85715	0.933181	0.373272	1	0	0	0	0	0	0	0	0	
0.844	0.259259	-1.35769	0.0967742	3.85715	0.933181	0.373272	1	0	0	0	0	0	0	0	0	
0.845	0.259259	-1.35769	0.0967742	3.85715	0.933181	0.373272	1	0	0	0	0	0	0	0	0	
0.846	0.259259	-1.35769	0.0967742	3.85715	0.933181	0.373272	1	0	0	0	0	0	0	0	0	
0.847	0.259259	-1.35769	0.0967742	3.85715	0.933181	0.373272	1	0	0	0	0	0	0	0	0	
0.848	0.259259	-1.35769	0.0967742	3.85715	0.933181	0.373272	1	0	0	0	0	0	0	0	0	
0.849	0.259259	-1.35769	0.0967742	3.85715	0.933181	0.373272	1	0	0	0	0	0	0	0	0	
0.85	0.259259	-1.35769	0.0967742	3.85715	0.933181	0.373272	1	0	0	0	0	0	0	0	0	
0.851	0.259259	-1.35769	0.0967742	3.85715	0.933181	0.373272	1	0	0	0	0	0	0	0	0	
0.852	0.259259	-1.35769	0.0967742	3.85715	0.933181	0.373272	1	0	0	0	0	0	0	0	0	
0.853	0.259259	-1.35769	0.0967742	3.85715	0.933181	0.373272	1	0	0	0	0	0	0	0	0	
0.854	0.259259	-1.35769	0.0967742	3.85715	0.933181	0.373272	1	0	0	0	0	0	0	0	0	
0.855	0.259259	-1.35769	0.0967742	3.85715	0.933181	0.373272	1	0	0	0	0	0	0	0	0	
0.856	0.259259	-1.35769	0.0967742	3.85715	0.933181	0.373272	1	0	0	0	0	0	0	0	0	
0.857	0.259259	-1.35769	0.0967742	3.85715	0.933181	0.373272	1	0	0	0	0	0	0	0	0	
0.858	0.259259	-1.35769	0.0967742	3.85715	0.933181	0.373272	1	0	0	0	0	0	0	0	0	
0.859	0.259259	-1.35769	0.0967742	3.85715	0.933181	0.373272	1	0	0	0	0	0	0	0	0	
0.86	0.259259	-1.35769	0.0967742	3.85715	0.933181	0.373272	1	0	0	0	0	0	0	0	0	
0.861	0.259259	-1.35769	0.0967742	3.85715	0.933181	0.373272	1	0	0	0	0	0	0	0	0	
0.862	0.259259	-1.35769	0.0967742	3.85715	0.933181	0.373272	1	0	0	0	0	0	0	0	0	
0.863	0.259259	-1.35769	0.0967742	3.85715	0.933181	0.373272	1	0	0	0	0	0	0	0	0	
0.864	0.259259	-1.35769	0.0967742	3.85715	0.933181	0.373272	1	0	0	0	0	0	0	0	0	
0.865	0.259259	-1.35769	0.0967742	3.85715	0.933181	0.373272	1	0	0	0	0	0	0	0	0	
0.866	0.259259	-1.35769	0.0967742	3.85715	0.933181	0.373272	1	0	0	0	0	0	0	0	0	
0.867	0.259259	-1.35769	0.0967742	3.85715	0.933181	0.373272	1	0	0	0	0	0	0	0	0	
0.868	0.259259	-1.35769	0.0967742	3.85715	0.933181	0.373272	1	0	0	0	0	0	0	0	0	
0.869	0.259259	-1.35769	0.0967742	3.85715	0.933181	0.373272	1	0	0	0	0	0	0	0	0	
0.87	0.259259	-1.35769	0.0967742	3.85715	0.933181	0.373272	1	0	0	0	0	0	0	0	0	
0.871	0.259259	-1.35769	0.0967742	3.85715	0.933181	0.373272	1	0	0	0	0	0	0	0	0	
0.872	0.259259	-1.35769	0.0967742	3.85715	0.933181	0.373272	1	0	0	0	0	0	0	0	0	
0.873	0.259259	-1.35769	0.0967742	3.85715	0.933181	0.373272	1	0	0	0	0	0	0	0	0	
0.874	0.259259	-1.35769	0.0967742	3.85715	0.933181	0.373272	1	0	0	0	0	0	0	0	0	
0.875	0.259259	-1.35769	0.0967742	3.85715	0.933181	0.373272	1	0	0	0	0	0	0	0	0	
0.876	0.259259	-1.35769	0.0967742	3.85715	0.933181	0.373272	1	0	0	0	0	0	0	0	0	
0.877	0.259259	-1.35769	0.0967742	3.85715	0.933181	0.373272	1	0	0	0	0	0	0	0	0	
0.878	0.259259	-1.35769	0.0967742	3.85715	0.933181	0.373272	1	0	0	0	0	0	0	0	0	
0.879	0.259259	-1.35769	0.0967742	3.85715	0.933181	0.373272	1	0	0	0	0	0	0	0	0	
0.88	0.259259	-1.35769	0.0967742	3.85715	0.933181	0.373272	1	0	0	0	0	0	0	0	0	
0.881	0.259259	-1.35769	0.0967742	3.85715	0.933181	0.373272	1	0	0	0	0	0	0	0	0	
0.882	0.259259	-1.35769	0.0967742	3.85715	0.933181	0.373272	1	0	0	0	0	0	0	0	0	
0.883	0.259259	-1.35769	0.0967742	3.85715	0.933181	0.373272	1	0	0	0	0	0	0	0	0	
0.884	0.259259	-1.35769	0.0967742	3.85715	0.933181	0.373272	1	0	0	0	0	0	0	0	0	
0.885	0.259259	-1.35769	0.0967742	3.85715	0.933181	0.373272	1	0	0	0	0	0	0	0	0	
0.886	0.259259	-1.35769	0.0967742	3.85715	0.933181	0.373272	1	0	0	0	0	0	0	0	0	
0.887	0.259259	-1.35769	0.0967742	3.85715	0.933181	0.373272	1	0	0	0	0	0	0	0	0	
0.888	0.259259	-1.35769	0.0967742	3.85715	0.933181	0.373272	1	0	0	0	0	0	0	0	0	
0.889	0.259259	-1.35769	0.0967742	3.85715	0.933181	0.373272	1	0	0	0	0	0	0	0	0	
0.89	0.259259	-1.35769	0.0967742	3.85715	0.933181	0.373272	1	0	0	0	0	0	0	0	0	
0.891	0.259259	-1.35769	0.0967742	3.85715	0.933181	0.373272	1	0	0	0	0	0	0	0	0	
0.892	0.259259	-1.35769	0.0967742	3.85715	0.933181	0.373272	1	0	0	0	0	0	0	0	0	
0.893	0.259259	-1.35769	0.0967742	3.85715	0.933181	0.373272	1	0	0	0	0	0	0	0	0	
0.894	0.259259	-1.35769	0.0967742	3.85715	0.933181	0.373272	1	0	0	0	0	0	0	0	0	
0.895	0.259259	-1.35769	0.0967742	3.85715	0.933181	0.373272	1	0	0	0	0	0	0	0	0	
0.896	0.259259	-1.35769	0.0967742	3.85715	0.933181	0.373272	1	0	0	0	0	0	0	0	0	
0.897	0.259259	-1.35769	0.0967742	3.85715	0.933181	0.373272	1	0	0	0	0	0	0	0	0	
0.898	0.259259	-1.35769	0.0967742	3.85715	0.933181	0.373272	1	0	0	0	0	0	0	0	0	
0.899	0.259259	-1.35769	0.0967742	3.85715	0.933181	0.373272	1	0	0	0	0	0	0	0	0	
0.9	0.259259	-1.35769	0.0967742	3.85715	0.933181	0.373272	1	0	0	0	0	0	0	0	0	
0.901	0.259259	-1.35769	0.0967742	3.85715	0.933181	0.373272	1	0	0	0	0	0	0	0	0	
0.902	0.259259	-1.35769	0.0967742	3.85715	0.933181	0.373272	1	0	0	0	0	0	0	0	0	
0.903	0.259259	-1.35769	0.0967742	3.85715	0.933181	0.373272	1	0	0	0	0	0	0	0	0	
0.904	0.259259	-1.35769	0.0967742	3.85715	0.933181	0.373272	1	0	0	0	0	0	0	0	0	
0.905	0.259259	-1.35769	0.0967742	3.85715	0.933181	0.373272	1	0	0	0	0	0	0	0	0	
0.906	0.259259	-1.35769	0.0967742	3.85715	0.933181	0.373272	1	0	0	0	0	0	0	0	0	
0.907	0.259259	-1.35769	0.0967742	3.85715	0.933181	0.373272	1	0	0	0	0	0	0	0	0	
0.908	0.259259	-1.35769	0.0967742	3.85715	0.933181	0.373272	1	0	0	0	0	0	0	0	0	
0.909	0.259259	-1.35769	0.0967742	3.85715	0.933181	0.373272	1	0	0	0	0	0	0	0	0	
0.91	0.259259	-1.35769	0.0967742	3.85715	0.933181	0.373272	1	0	0	0	0	0	0	0	0	
0.911	0.259259	-1.35769	0.0967742	3.85715	0.933181	0.373272	1	0	0	0	0	0	0	0	0	
0.912	0.259259	-1.35769	0.0967742	3.85715	0.933181	0.373272	1	0	0	0	0	0	0	0	0	
0.913	0.259259	-1.35769	0.0967742	3.85715	0.933181	0.373272	1	0	0	0	0	0	0	0	0	
0.914	0.259259	-1.35769	0.0967742	3.85715	0.933181	0.373272	1	0	0	0	0	0	0	0	0	
0.915	0.259259	-1.35769	0.0967742	3.85715	0.933181	0.373272	1	0	0	0	0	0	0	0	0	
0.916	0.259259	-1.35769	0.0967742	3.85715	0.933181	0.373272	1	0	0	0	0	0	0	0	0	
0.917	0.259259	-1.35769	0.0967742	3.85715	0.933181	0.373272	1	0	0	0	0	0	0	0	0	
0.918	0.259259	-1.35769	0.0967742	3.85715	0.933181	0.373272	1	0	0	0	0	0	0	0	0	
0.919	0.259259	-1.35769	0.0967742	3.85715	0.933181	0.373272	1	0	0	0	0	0	0	0	0	
0.92	0.259259	-1.35769	0.0967742	3.85715	0.933181	0.373272	1	0	0	0	0	0	0	0	0	
0.921	0.259259	-1.35769	0.0967742	3.85715	0.933181	0.373272	1	0	0	0	0	0	0	0	0	
0.922	0.259259	-1.35769	0.0967742	3.85715	0.933181	0.373272	1	0	0	0	0	0	0	0	0	
0.923	0.259259	-1.35769	0.0967742	3.85715	0.933181	0.373272	1	0	0	0	0	0	0	0	0	
0.924	0.259259	-1.35769	0.0967742	3.85715	0.933181	0.373272	1	0	0	0	0	0	0	0	0	
0.925	0.259259	-1.35769	0.0967742	3.85715	0.933181	0.373272	1	0	0	0	0	0	0	0	0	
0.926	0.259259	-1.35769	0.0967742	3.85715	0.933181	0.373272	1	0	0	0	0	0	0	0	0	
0.927	0.259259	-1.35769	0.0967742	3.85715	0.933181	0.373272	1	0	0	0	0	0	0	0	0	
0.928	0.259259	-1.35769	0.0967742	3.85715	0.933181	0.373272	1	0	0	0	0	0	0	0	0	
0.929	0.259259	-1.35769	0.0967742	3.85715	0.933181	0.373272	1	0	0	0	0	0	0	0	0	
0.93	0.259259	-1.35769	0.0967742	3.85715	0.933181	0.373272	1	0	0	0	0	0	0	0	0	
0.931	0.259259	-1.35769	0.0967742	3.85715	0.933181	0.373272	1	0	0	0	0	0	0	0	0	
0.932	0.259259	-1.35769	0.0967742	3.85715	0.933181	0.373272	1	0	0	0	0	0	0	0	0	
0.933	0.259259	-1.35769	0.0967742	3.85715	0.933181	0.373272	1	0	0	0	0	0	0	0	0	
0.934	0.259259	-1.35769	0.0967742	3.85715	0.933181	0.373272	1	0	0	0	0	0	0	0	0	
0.935	0.259259	-1.35769	0.0967742	3.85715	0.933181	0.373272	1	0	0	0	0	0	0	0	0	
0.936	0.259259	-1.35769	0.0967742	3.85715	0.933181	0.373272	1	0	0	0	0	0	0	0	0	
0.937	0.259259	-1.35769	0.0967742	3.85715	0.933181	0.373272	1	0	0	0	0	0	0	0	0	
0.938	0.259259	-1.35769	0.0967742	3.85715	0.933181	0.373272	1	0	0	0	0	0	0	0	0	
0.939	0.259259	-1.35769	0.0967742	3.85715	0.933181	0.373272	1	0	0	0	0	0	0	0	0	
0.94	0.259259	-1.35769	0.0967742	3.85715	0.933181	0.373272	1	0	0	0	0	0	0	0	0	
0.941	0.259259	-1.35769	0.0967742	3.85715	0.933181	0.373272	1	0	0	0	0	0	0	0	0	
0.942	0.259259	-1.35769	0.0967742	3.85715	0.933181	0.373272	1	0	0	0	0	0	0	0	0	
0.943	0.259259	-1.35769	0.0967742	3.85715	0.933181	0.373272	1	0	0	0	0	0	0	0	0	
0.944	0.259259	-1.35769	0.0967742	3.85715	0.933181	0.373272	1	0	0	0	0	0	0	0	0	
0.945	0.259259	-1.35769	0.0967742	3.85715	0.933181	0.373272	1	0	0	0	0	0	0	0	0	
0.946	0.259259	-1.35769	0.0967742	3.85715	0.933181	0.373272	1	0	0	0	0	0	0	0	0	
0.947	0.259259	-1.35769	0.0967742	3.85715	0.933181	0.373272	1	0	0	0	0	0	0	0	0	
0.948	0.259259	-1.35769	0.0967742	3.85715	0.933181	0.373272	1	0	0	0	0	0	0	0	0	
0.949	0.259259	-1.35769	0.0967742	3.85715	0.933181	0.373272	1	0	0	0	0	0	0	0	0	
0.95	0.259259	-1.35769	0.0967742	3.85715	0.933181	0.373272	1	0	0	0	0	0	0	0	0	
0.951	0.259259	-1.35769	0.0967742	3.85715	0.933181	0.373272	1	0	0	0	0	0	0	0	0	
0.952	0.259259	-1.35769	0.0967742	3.85715	0.933181	0.373272	1	0	0	0	0	0	0	0	0	
0.953	0.259259	-1.35769	0.0967742	3.85715	0.933181	0.373272	1	0	0	0	0	0	0	0	0	
0.954	0.259259	-1.35769	0.0967742	3.85715	0.933181	0.373272	1	0	0	0	0	0	0	0	0	
0.955	0.259259	-1.35769	0.0967742	3.85715	0.933181	0.373272	1	0	0	0	0	0	0	0	0	
0.956	0.259259	-1.35769	0.0967742	3.85715	0.933181	0.373272	1	0	0	0	0	0	0	0	0	
0.957	0.259259	-1.35769	0.0967742	3.85715	0.933181	0.373272	1	0	0	0	0	0	0	0	0	
0.958	0.259259	-1.35769	0.0967742	3.85715	0.933181	0.373272	1	0	0	0	0	0	0	0	0	
0.959	0.259259	-1.35769	0.0967742	3.85715	0.933181	0.373272	1	0	0	0	0	0	0	0	0	
0.96	0.259259	-1.35769	0.0967742	3.85715	0.933181	0.373272	1	0	0	0	0	0	0	0	0	
0.961	0.259259	-1.35769	0.0967742	3.85715	0.933181	0.373272	1	0	0	0	0	0	0	0	0	
0.962	0.259259	-1.35769	0.0967742	3.85715	0.933181	0.373272	1	0	0	0	0	0	0	0	0	
0.963	0.259259	-1.35769	0.0967742	3.85715	0.933181	0.373272	1	0	0	0	0	0	0	0	0	
0.964	0.259259	-1.35769	0.0967742	3.85715	0.933181	0.373272	1	0	0	0	0	0	0	0	0	
0.965	0.259259	-1.35769	0.0967742	3.85715	0.933181	0.373272	1	0	0	0	0	0	0	0	0	
0.966	0.259259	-1.35769	0.0967742	3.85715	0.933181	0.373272	1	0	0	0	0	0	0	0	0	
0.967	0.259259	-1.35769	0.0967742	3.85715	0.933181	0.373272	1	0	0	0	0	0	0	0	0	
0.968	0.259259	-1.35769	0.0967742	3.85715	0.933181	0.373272	1	0	0	0	0	0	0	0	0	
0.969	0.259259	-1.35769	0.0967742	3.85715	0.933181	0.373272	1	0	0	0	0	0	0	0	0	
0.97	0.259259	-1.35769	0.0967742	3.85715	0.933181	0.373272	1	0	0	0	0	0	0	0	0	
0.971	0.259259	-1.35769	0.0967742	3.85715	0.933181	0.373272	1	0	0	0	0	0	0	0	0	
0.972	0.259259	-1.35769	0.0967742	3.85715	0.933181	0.373272	1	0	0	0	0	0	0	0	0	
0.973	0.259259	-1.35769	0.0967742	3.85715	0.933181	0.373272	1	0	0	0	0	0	0	0	0	
0.974	0.259259	-1.35769	0.0967742	3.85715	0.933181	0.373272	1	0	0	0	0	0	0	0	0	
0.975	0.259259	-1.35769	0.0967742	3.85715	0.933181	0.373272	1	0	0	0	0	0	0	0	0	
0.976	0.259259	-1.35769	0.0967742	3.85715	0.933181	0.373272	1	0	0	0	0	0	0	0	0	
0.977	0.259259	-1.35769	0.0967742	3.85715	0.933181	0.373272	1	0	0	0	0	0	0	0	0	
0.978	0.259259	-1.35769	0.0967742	3.85715	0.933181	0.373272	1	0	0	0	0	0	0	0	0	
0.979	0.259259	-1.35769	0.0967742	3.85715	0.933181	0.373272	1	0	0	0	0	0	0	0	0	
0.98	0.259259	-1.35769	0.0967742	3.85715	0.933181	0.373272	1	0	0	0	0	0	0	0	0	
0.981	0.259259	-1.35769	0.0967742	3.85715	0.933181	0.373272	1	0	0	0	0	0	0	0	0	
0.982	0.259259	-1.35769	0.0967742	3.85715	0.933181	0.373272	1	0	0	0	0	0	0	0	0	
0.983	0.259259	-1.35769	0.0967742	3.85715	0.933181	0.373272	1	0	0	0	0	0	0	0	0	
0.984	0.259259	-1.35769	0.0967742	3.85715	0.933181	0.373272	1	0	0	0	0	0	0	0	0	
0.985	0.259259	-1.35769	0.0967742	3.85715	0.933181	0.373272	1	0	0	0	0	0	0	0	0	
0.986	0.259259	-1.35769	0.0967742	3.85715	0.933181	0.373272	1	0	0	0	0	0	0	0	0	
0.987	0.259259	-1.35769	0.0967742	3.85715	0.933181	0.373272	1	0	0	0	0	0	0	0	0	
0.988	0.259259	-1.35769	0.0967742	3.85715	0.933181	0.373272	1	0	0	0	0	0	0	0	0	
0.989	0.259259	-1.35769	0.0967742	3.85715	0.933181	0.373272	1	0	0	0	0	0	0	0	0	
0.99	0.259259	-1.35769	0.0967742	3.85715	0.933181	0.373272	1	0	0	0	0	0	0	0	0	
0.991	0.259259	-1.35769	0.0967742	3.85715	0.933181	0.373272	1	0	0	0	0	0	0	0	0	
0.992	0.259259	-1.35769	0.0967742	3.85715	0.933181	0.373272	1	0	0	0	0	0	0	0	0	
0.993	0.259259	-1.35769	0.0967742	3.85715	0.933181	0.373272	1	0	0	0	0	0	0	0	0	
0.994	0.259259	-1.35769	0.0967742	3.85715	0.933181	0.373272	1	0	0	0	0	0	0	0	0	
0.995	0.259259	-1.35769	0.0967742	3.85715	0.933181	0.373272	1	0	0	0	0	0	0	0	0	
0.996	0.259259	-1.35769	0.0967742	3.85715	0.933181	0.373272	1	0	0	0	0	0	0	0	0	
0.997	0.259259	-1.35769	0.0967742	3.85715	0.933181	0.373272	1	0	0	0	0	0	0	0	0	
0.998	0.259259	-1.35769	0.0967742	3.85715	0.933181	0.373272	1	0	0	0	0	0	0	0	0	
0.999	0.259259	-1.35769	0.0967742	3.85715	0.933181	0.373272	1	0	0	0	0	0	0	0	0	
1	0.259259	-1.35769	0.0967742	3.85715	0.933181	0.373272	1	0	0	0	0	0	0	0	0	
