|||||||||||||||||||||||||||||||||***SIMULATION: detonation***||||||||||||||||||||||||||||||||||
Sanpshot time = 1.34. Timestep = 3269. Run time = 5 seconds
No. of cells = 1000
#Position	 Density	 Velocity	 Pressure	 Specific_Volume I_Energy	 Temperature	 Species
-0.001	0.772213	0.000274049	2.0084	1.29498	6.5021	0	9.37164e-08	0	0	0	0	0	0	0	0	
0	0.772248	9.14684e-05	2.0084	1.29492	6.50181	0	9.64254e-08	0	0	0	0	0	0	0	0	
0.001	0.772248	-9.14684e-05	2.0084	1.29492	6.50181	2.60072	9.64254e-08	0	0	0	0	0	0	0	0	
0.002	0.772213	-0.000274049	2.0084	1.29498	6.5021	2.60084	9.37164e-08	0	0	0	0	0	0	0	0	
0.003	0.771109	-0.000456094	2.0084	1.29683	6.5114	2.60456	9.89083e-08	0	0	0	0	0	0	0	0	
0.004	0.771619	-0.000637234	2.00839	1.29598	6.50708	2.60283	9.77982e-08	0	0	0	0	0	0	0	0	
0.005	0.769164	-0.000817248	2.00839	1.30011	6.52783	2.61113	9.58305e-08	0	0	0	0	0	0	0	0	
0.006	0.767942	-0.000995831	2.00838	1.30218	6.53819	2.61528	8.93875e-08	0	0	0	0	0	0	0	0	
0.007	0.768582	-0.00117272	2.00837	1.3011	6.53272	2.61309	9.26156e-08	0	0	0	0	0	0	0	0	
0.008	0.770122	-0.0013477	2.00836	1.2985	6.51963	2.60785	9.24353e-08	0	0	0	0	0	0	0	0	
0.009	0.771998	-0.00152059	2.00835	1.29534	6.50375	2.6015	9.17184e-08	0	0	0	0	0	0	0	0	
0.01	0.773889	-0.00169124	2.00834	1.29218	6.48782	2.59513	9.20606e-08	0	0	0	0	0	0	0	0	
0.011	0.775582	-0.00185953	2.00833	1.28936	6.47361	2.58944	9.57829e-08	0	0	0	0	0	0	0	0	
0.012	0.777009	-0.0020254	2.00831	1.28699	6.46167	2.58467	9.40813e-08	0	0	0	0	0	0	0	0	
0.013	0.778127	-0.00218882	2.00829	1.28514	6.45233	2.58093	9.39727e-08	0	0	0	0	0	0	0	0	
0.014	0.77892	-0.00234984	2.00828	1.28383	6.44571	2.57828	9.43619e-08	0	0	0	0	0	0	0	0	
0.015	0.779445	-0.00250852	2.00826	1.28296	6.44131	2.57652	9.62301e-08	0	0	0	0	0	0	0	0	
0.016	0.779774	-0.00266499	2.00824	1.28242	6.43853	2.57541	9.54284e-08	0	0	0	0	0	0	0	0	
0.017	0.779949	-0.00281943	2.00822	1.28213	6.43702	2.57481	9.50373e-08	0	0	0	0	0	0	0	0	
0.018	0.780009	-0.00297206	2.0082	1.28204	6.43645	2.57458	9.47657e-08	0	0	0	0	0	0	0	0	
0.019	0.780002	-0.00312314	2.00817	1.28205	6.43644	2.57458	9.29524e-08	0	0	0	0	0	0	0	0	
0.02	0.779975	-0.00327299	2.00815	1.28209	6.43658	2.57463	9.12151e-08	0	0	0	0	0	0	0	0	
0.021	0.779964	-0.00342194	2.00813	1.28211	6.43659	2.57464	9.05836e-08	0	0	0	0	0	0	0	0	
0.022	0.779991	-0.00357037	2.0081	1.28207	6.43629	2.57452	9.13177e-08	0	0	0	0	0	0	0	0	
0.023	0.780067	-0.00371868	2.00807	1.28194	6.43558	2.57423	9.29085e-08	0	0	0	0	0	0	0	0	
0.024	0.780196	-0.00386731	2.00805	1.28173	6.43442	2.57377	9.42372e-08	0	0	0	0	0	0	0	0	
0.025	0.780376	-0.00401668	2.00802	1.28143	6.43285	2.57314	9.43496e-08	0	0	0	0	0	0	0	0	
0.026	0.780598	-0.00416724	2.00799	1.28107	6.43093	2.57237	9.36161e-08	0	0	0	0	0	0	0	0	
0.027	0.780851	-0.00431944	2.00796	1.28065	6.42875	2.5715	9.3355e-08	0	0	0	0	0	0	0	0	
0.028	0.781122	-0.0044737	2.00793	1.28021	6.42641	2.57057	9.3501e-08	0	0	0	0	0	0	0	0	
0.029	0.7814	-0.00463045	2.00789	1.27975	6.42402	2.56961	9.27689e-08	0	0	0	0	0	0	0	0	
0.03	0.781676	-0.00479005	2.00786	1.2793	6.42165	2.56866	9.17993e-08	0	0	0	0	0	0	0	0	
0.031	0.781947	-0.00495287	2.00783	1.27886	6.41931	2.56773	9.17949e-08	0	0	0	0	0	0	0	0	
0.032	0.782215	-0.00511921	2.00779	1.27842	6.417	2.5668	9.22089e-08	0	0	0	0	0	0	0	0	
0.033	0.782488	-0.00528931	2.00775	1.27797	6.41464	2.56586	9.2013e-08	0	0	0	0	0	0	0	0	
0.034	0.782776	-0.00546337	2.00772	1.2775	6.41216	2.56486	9.08461e-08	0	0	0	0	0	0	0	0	
0.035	0.783088	-0.00564151	2.00768	1.277	6.40948	2.56379	8.95881e-08	0	0	0	0	0	0	0	0	
0.036	0.783431	-0.0058238	2.00763	1.27644	6.40655	2.56262	8.9155e-08	0	0	0	0	0	0	0	0	
0.037	0.783806	-0.0060102	2.00759	1.27583	6.40335	2.56134	8.95479e-08	0	0	0	0	0	0	0	0	
0.038	0.784213	-0.00620064	2.00755	1.27516	6.39988	2.55995	9.05437e-08	0	0	0	0	0	0	0	0	
0.039	0.784653	-0.00639494	2.0075	1.27445	6.39614	2.55846	9.1782e-08	0	0	0	0	0	0	0	0	
0.04	0.785121	-0.00659286	2.00745	1.27369	6.39217	2.55687	9.28601e-08	0	0	0	0	0	0	0	0	
0.041	0.785617	-0.0067941	2.0074	1.27288	6.38797	2.55519	9.35007e-08	0	0	0	0	0	0	0	0	
0.042	0.786138	-0.00699828	2.00735	1.27204	6.38357	2.55343	9.37174e-08	0	0	0	0	0	0	0	0	
0.043	0.786679	-0.00720498	2.00729	1.27117	6.37899	2.5516	9.37756e-08	0	0	0	0	0	0	0	0	
0.044	0.787235	-0.0074137	2.00723	1.27027	6.3743	2.54972	9.38863e-08	0	0	0	0	0	0	0	0	
0.045	0.787798	-0.00762393	2.00717	1.26936	6.36954	2.54782	9.40047e-08	0	0	0	0	0	0	0	0	
0.046	0.788356	-0.00783511	2.0071	1.26846	6.36483	2.54593	9.4107e-08	0	0	0	0	0	0	0	0	
0.047	0.788899	-0.00804668	2.00703	1.26759	6.36022	2.54409	9.44819e-08	0	0	0	0	0	0	0	0	
0.048	0.789419	-0.00825805	2.00696	1.26675	6.35581	2.54232	9.53627e-08	0	0	0	0	0	0	0	0	
0.049	0.78991	-0.00846864	2.00688	1.26597	6.35163	2.54065	9.64925e-08	0	0	0	0	0	0	0	0	
0.05	0.790373	-0.0086779	2.00681	1.26523	6.34765	2.53906	9.73555e-08	0	0	0	0	0	0	0	0	
0.051	0.790816	-0.00888529	2.00673	1.26452	6.34384	2.53754	9.75265e-08	0	0	0	0	0	0	0	0	
0.052	0.791251	-0.0090903	2.00664	1.26382	6.3401	2.53604	9.69091e-08	0	0	0	0	0	0	0	0	
0.053	0.791689	-0.00929249	2.00656	1.26312	6.33631	2.53453	9.57527e-08	0	0	0	0	0	0	0	0	
0.054	0.792145	-0.00949146	2.00647	1.2624	6.33239	2.53296	9.44695e-08	0	0	0	0	0	0	0	0	
0.055	0.792625	-0.00968687	2.00638	1.26163	6.32827	2.53131	9.35065e-08	0	0	0	0	0	0	0	0	
0.056	0.793133	-0.00987847	2.00629	1.26082	6.32393	2.52957	9.3108e-08	0	0	0	0	0	0	0	0	
0.057	0.793667	-0.0100661	2.00619	1.25997	6.31938	2.52775	9.31463e-08	0	0	0	0	0	0	0	0	
0.058	0.794218	-0.0102495	2.0061	1.2591	6.31469	2.52588	9.32768e-08	0	0	0	0	0	0	0	0	
0.059	0.794779	-0.0104288	2.006	1.25821	6.30993	2.52397	9.33054e-08	0	0	0	0	0	0	0	0	
0.06	0.795339	-0.010604	2.0059	1.25733	6.30517	2.52207	9.33172e-08	0	0	0	0	0	0	0	0	
0.061	0.795891	-0.0107753	2.0058	1.25645	6.30048	2.52019	9.34686e-08	0	0	0	0	0	0	0	0	
0.062	0.796431	-0.0109428	2.0057	1.2556	6.2959	2.51836	9.38305e-08	0	0	0	0	0	0	0	0	
0.063	0.796956	-0.0111069	2.0056	1.25477	6.29143	2.51657	9.43937e-08	0	0	0	0	0	0	0	0	
0.064	0.797469	-0.0112678	2.00549	1.25397	6.28706	2.51482	9.50354e-08	0	0	0	0	0	0	0	0	
0.065	0.797974	-0.0114261	2.00539	1.25317	6.28276	2.5131	9.55249e-08	0	0	0	0	0	0	0	0	
0.066	0.798476	-0.0115823	2.00529	1.25239	6.27848	2.51139	9.56733e-08	0	0	0	0	0	0	0	0	
0.067	0.798982	-0.0117368	2.00518	1.25159	6.27419	2.50967	9.54454e-08	0	0	0	0	0	0	0	0	
0.068	0.799497	-0.0118902	2.00508	1.25079	6.26982	2.50793	9.49321e-08	0	0	0	0	0	0	0	0	
0.069	0.800026	-0.0120432	2.00498	1.24996	6.26535	2.50614	9.43319e-08	0	0	0	0	0	0	0	0	
0.07	0.800571	-0.0121964	2.00488	1.24911	6.26077	2.50431	9.39152e-08	0	0	0	0	0	0	0	0	
0.071	0.801132	-0.0123503	2.00478	1.24823	6.25608	2.50243	9.38652e-08	0	0	0	0	0	0	0	0	
0.072	0.801705	-0.0125056	2.00468	1.24734	6.25131	2.50052	9.41183e-08	0	0	0	0	0	0	0	0	
0.073	0.802288	-0.0126628	2.00459	1.24644	6.24646	2.49859	9.43998e-08	0	0	0	0	0	0	0	0	
0.074	0.802877	-0.0128225	2.00449	1.24552	6.24159	2.49664	9.44726e-08	0	0	0	0	0	0	0	0	
0.075	0.803468	-0.0129852	2.0044	1.24461	6.23672	2.49469	9.43534e-08	0	0	0	0	0	0	0	0	
0.076	0.804058	-0.0131514	2.00431	1.24369	6.23187	2.49275	9.42688e-08	0	0	0	0	0	0	0	0	
0.077	0.804647	-0.0133213	2.00423	1.24278	6.22705	2.49082	9.44174e-08	0	0	0	0	0	0	0	0	
0.078	0.805235	-0.0134952	2.00415	1.24187	6.22225	2.4889	9.47914e-08	0	0	0	0	0	0	0	0	
0.079	0.805827	-0.0136733	2.00407	1.24096	6.21744	2.48698	9.51979e-08	0	0	0	0	0	0	0	0	
0.08	0.806428	-0.0138558	2.004	1.24004	6.21258	2.48503	9.5423e-08	0	0	0	0	0	0	0	0	
0.081	0.807043	-0.0140425	2.00393	1.23909	6.20763	2.48305	9.53795e-08	0	0	0	0	0	0	0	0	
0.082	0.807679	-0.0142335	2.00386	1.23812	6.20252	2.48101	9.51289e-08	0	0	0	0	0	0	0	0	
0.083	0.808341	-0.0144285	2.00379	1.2371	6.19724	2.4789	9.48154e-08	0	0	0	0	0	0	0	0	
0.084	0.809031	-0.0146273	2.00373	1.23605	6.19176	2.47671	9.45848e-08	0	0	0	0	0	0	0	0	
0.085	0.809747	-0.0148294	2.00367	1.23495	6.18609	2.47444	9.45146e-08	0	0	0	0	0	0	0	0	
0.086	0.810486	-0.0150346	2.00361	1.23383	6.18026	2.4721	9.45949e-08	0	0	0	0	0	0	0	0	
0.087	0.811241	-0.0152423	2.00355	1.23268	6.17432	2.46973	9.47778e-08	0	0	0	0	0	0	0	0	
0.088	0.812004	-0.015452	2.00348	1.23152	6.16833	2.46733	9.50319e-08	0	0	0	0	0	0	0	0	
0.089	0.812766	-0.0156632	2.00342	1.23037	6.16235	2.46494	9.53364e-08	0	0	0	0	0	0	0	0	
0.09	0.81352	-0.0158754	2.00336	1.22923	6.15645	2.46258	9.56412e-08	0	0	0	0	0	0	0	0	
0.091	0.814258	-0.0160879	2.00329	1.22811	6.15065	2.46026	9.5862e-08	0	0	0	0	0	0	0	0	
0.092	0.814977	-0.0163002	2.00322	1.22703	6.14501	2.458	9.59197e-08	0	0	0	0	0	0	0	0	
0.093	0.815671	-0.0165119	2.00314	1.22598	6.13954	2.45582	9.57776e-08	0	0	0	0	0	0	0	0	
0.094	0.816337	-0.0167225	2.00306	1.22498	6.13429	2.45372	9.54604e-08	0	0	0	0	0	0	0	0	
0.095	0.816971	-0.0169315	2.00297	1.22403	6.12927	2.45171	9.50553e-08	0	0	0	0	0	0	0	0	
0.096	0.817569	-0.0171386	2.00288	1.22314	6.1245	2.4498	9.46942e-08	0	0	0	0	0	0	0	0	
0.097	0.818128	-0.0173435	2.00278	1.2223	6.12001	2.44801	9.45122e-08	0	0	0	0	0	0	0	0	
0.098	0.818646	-0.0175459	2.00268	1.22153	6.11582	2.44633	9.45781e-08	0	0	0	0	0	0	0	0	
0.099	0.819123	-0.0177457	2.00256	1.22082	6.11192	2.44477	9.48297e-08	0	0	0	0	0	0	0	0	
0.1	0.819557	-0.0179428	2.00245	1.22017	6.10832	2.44333	9.50891e-08	0	0	0	0	0	0	0	0	
0.101	0.819948	-0.0181372	2.00232	1.21959	6.10502	2.44201	9.51804e-08	0	0	0	0	0	0	0	0	
0.102	0.820299	-0.0183289	2.00219	1.21907	6.102	2.4408	9.5047e-08	0	0	0	0	0	0	0	0	
0.103	0.82061	-0.018518	2.00205	1.21861	6.09927	2.43971	9.47543e-08	0	0	0	0	0	0	0	0	
0.104	0.820884	-0.0187048	2.0019	1.2182	6.09679	2.43872	9.44036e-08	0	0	0	0	0	0	0	0	
0.105	0.821122	-0.0188895	2.00175	1.21785	6.09456	2.43782	9.40702e-08	0	0	0	0	0	0	0	0	
0.106	0.821329	-0.0190725	2.0016	1.21754	6.09255	2.43702	9.38062e-08	0	0	0	0	0	0	0	0	
0.107	0.821507	-0.019254	2.00143	1.21728	6.09074	2.4363	9.36595e-08	0	0	0	0	0	0	0	0	
0.108	0.821659	-0.0194345	2.00127	1.21705	6.08911	2.43564	9.36686e-08	0	0	0	0	0	0	0	0	
0.109	0.821791	-0.0196144	2.0011	1.21685	6.08762	2.43505	9.38512e-08	0	0	0	0	0	0	0	0	
0.11	0.821904	-0.0197944	2.00093	1.21669	6.08626	2.4345	9.42048e-08	0	0	0	0	0	0	0	0	
0.111	0.822002	-0.0199748	2.00075	1.21654	6.085	2.434	9.47006e-08	0	0	0	0	0	0	0	0	
0.112	0.822089	-0.0201562	2.00058	1.21641	6.08383	2.43353	9.52667e-08	0	0	0	0	0	0	0	0	
0.113	0.822167	-0.0203392	2.0004	1.2163	6.08272	2.43309	9.57913e-08	0	0	0	0	0	0	0	0	
0.114	0.822238	-0.0205243	2.00023	1.21619	6.08166	2.43267	9.61616e-08	0	0	0	0	0	0	0	0	
0.115	0.822303	-0.0207122	2.00006	1.2161	6.08065	2.43226	9.63078e-08	0	0	0	0	0	0	0	0	
0.116	0.822364	-0.0209033	1.99988	1.21601	6.07968	2.43187	9.62191e-08	0	0	0	0	0	0	0	0	
0.117	0.822421	-0.0210982	1.99972	1.21592	6.07874	2.4315	9.59251e-08	0	0	0	0	0	0	0	0	
0.118	0.822474	-0.0212974	1.99955	1.21584	6.07785	2.43114	9.54734e-08	0	0	0	0	0	0	0	0	
0.119	0.822521	-0.0215012	1.99939	1.21577	6.07701	2.4308	9.4931e-08	0	0	0	0	0	0	0	0	
0.12	0.822562	-0.02171	1.99923	1.21571	6.07623	2.43049	9.43971e-08	0	0	0	0	0	0	0	0	
0.121	0.822592	-0.0219241	1.99908	1.21567	6.07554	2.43022	9.39934e-08	0	0	0	0	0	0	0	0	
0.122	0.822611	-0.0221436	1.99893	1.21564	6.07496	2.42998	9.38161e-08	0	0	0	0	0	0	0	0	
0.123	0.822615	-0.0223688	1.99879	1.21564	6.07449	2.4298	9.38789e-08	0	0	0	0	0	0	0	0	
0.124	0.822604	-0.0225995	1.99865	1.21565	6.07416	2.42966	9.40956e-08	0	0	0	0	0	0	0	0	
0.125	0.822575	-0.0228357	1.99852	1.21569	6.07397	2.42959	9.43222e-08	0	0	0	0	0	0	0	0	
0.126	0.822528	-0.0230771	1.99839	1.21576	6.07392	2.42957	9.44354e-08	0	0	0	0	0	0	0	0	
0.127	0.822462	-0.0233234	1.99826	1.21586	6.07403	2.42961	9.43959e-08	0	0	0	0	0	0	0	0	
0.128	0.822379	-0.0235742	1.99814	1.21598	6.07427	2.42971	9.42549e-08	0	0	0	0	0	0	0	0	
0.129	0.822278	-0.0238289	1.99802	1.21613	6.07465	2.42986	9.41074e-08	0	0	0	0	0	0	0	0	
0.13	0.822162	-0.0240871	1.9979	1.21631	6.07515	2.43006	9.40284e-08	0	0	0	0	0	0	0	0	
0.131	0.822031	-0.0243479	1.99778	1.2165	6.07576	2.4303	9.4032e-08	0	0	0	0	0	0	0	0	
0.132	0.821887	-0.0246107	1.99766	1.21671	6.07646	2.43058	9.40737e-08	0	0	0	0	0	0	0	0	
0.133	0.821732	-0.0248748	1.99754	1.21694	6.07723	2.43089	9.40868e-08	0	0	0	0	0	0	0	0	
0.134	0.821567	-0.0251393	1.99742	1.21719	6.07807	2.43123	9.4025e-08	0	0	0	0	0	0	0	0	
0.135	0.821394	-0.0254035	1.99729	1.21744	6.07896	2.43158	9.38847e-08	0	0	0	0	0	0	0	0	
0.136	0.821214	-0.0256666	1.99715	1.21771	6.07988	2.43195	9.36956e-08	0	0	0	0	0	0	0	0	
0.137	0.821028	-0.0259279	1.99701	1.21799	6.08083	2.43233	9.34912e-08	0	0	0	0	0	0	0	0	
0.138	0.820838	-0.0261868	1.99686	1.21827	6.08179	2.43271	9.32839e-08	0	0	0	0	0	0	0	0	
0.139	0.820644	-0.0264427	1.99671	1.21855	6.08274	2.4331	9.3062e-08	0	0	0	0	0	0	0	0	
0.14	0.82045	-0.0266949	1.99654	1.21884	6.08368	2.43347	9.28062e-08	0	0	0	0	0	0	0	0	
0.141	0.820256	-0.0269432	1.99637	1.21913	6.08458	2.43383	9.25116e-08	0	0	0	0	0	0	0	0	
0.142	0.820065	-0.027187	1.99618	1.21942	6.08543	2.43417	9.21988e-08	0	0	0	0	0	0	0	0	
0.143	0.819879	-0.0274262	1.99598	1.21969	6.08621	2.43448	9.19089e-08	0	0	0	0	0	0	0	0	
0.144	0.819702	-0.0276605	1.99578	1.21996	6.0869	2.43476	9.16844e-08	0	0	0	0	0	0	0	0	
0.145	0.819533	-0.02789	1.99556	1.22021	6.0875	2.435	9.15493e-08	0	0	0	0	0	0	0	0	
0.146	0.819373	-0.0281145	1.99533	1.22045	6.08799	2.4352	9.15e-08	0	0	0	0	0	0	0	0	
0.147	0.819222	-0.0283343	1.9951	1.22067	6.08839	2.43535	9.15119e-08	0	0	0	0	0	0	0	0	
0.148	0.819078	-0.0285495	1.99485	1.22088	6.08871	2.43548	9.15562e-08	0	0	0	0	0	0	0	0	
0.149	0.818938	-0.0287603	1.99459	1.22109	6.08896	2.43559	9.16134e-08	0	0	0	0	0	0	0	0	
0.15	0.8188	-0.0289672	1.99433	1.2213	6.08919	2.43567	9.1677e-08	0	0	0	0	0	0	0	0	
0.151	0.818659	-0.0291705	1.99406	1.22151	6.0894	2.43576	9.17468e-08	0	0	0	0	0	0	0	0	
0.152	0.818514	-0.0293708	1.99378	1.22173	6.08963	2.43585	9.18191e-08	0	0	0	0	0	0	0	0	
0.153	0.818361	-0.0295684	1.99349	1.22195	6.0899	2.43596	9.18825e-08	0	0	0	0	0	0	0	0	
0.154	0.818199	-0.0297641	1.9932	1.2222	6.09021	2.43608	9.19203e-08	0	0	0	0	0	0	0	0	
0.155	0.818028	-0.0299584	1.99291	1.22245	6.09058	2.43623	9.19177e-08	0	0	0	0	0	0	0	0	
0.156	0.817847	-0.030152	1.99261	1.22272	6.09101	2.4364	9.18683e-08	0	0	0	0	0	0	0	0	
0.157	0.817656	-0.0303456	1.9923	1.22301	6.0915	2.4366	9.17772e-08	0	0	0	0	0	0	0	0	
0.158	0.817459	-0.0305399	1.992	1.2233	6.09204	2.43682	9.16613e-08	0	0	0	0	0	0	0	0	
0.159	0.817255	-0.0307356	1.99169	1.22361	6.09263	2.43705	9.15438e-08	0	0	0	0	0	0	0	0	
0.16	0.817047	-0.0309333	1.99138	1.22392	6.09324	2.4373	9.14431e-08	0	0	0	0	0	0	0	0	
0.161	0.816836	-0.0311339	1.99108	1.22424	6.09388	2.43755	9.13641e-08	0	0	0	0	0	0	0	0	
0.162	0.816624	-0.0313378	1.99077	1.22455	6.09452	2.43781	9.13004e-08	0	0	0	0	0	0	0	0	
0.163	0.816414	-0.0315459	1.99047	1.22487	6.09517	2.43807	9.12499e-08	0	0	0	0	0	0	0	0	
0.164	0.816206	-0.0317585	1.99017	1.22518	6.09581	2.43832	9.1234e-08	0	0	0	0	0	0	0	0	
0.165	0.816001	-0.0319764	1.98988	1.22549	6.09643	2.43857	9.1304e-08	0	0	0	0	0	0	0	0	
0.166	0.8158	-0.0321998	1.98958	1.22579	6.09704	2.43881	9.15273e-08	0	0	0	0	0	0	0	0	
0.167	0.815604	-0.0324292	1.9893	1.22609	6.09762	2.43905	9.19579e-08	0	0	0	0	0	0	0	0	
0.168	0.815414	-0.0326648	1.98901	1.22637	6.09817	2.43927	9.26072e-08	0	0	0	0	0	0	0	0	
0.169	0.81523	-0.0329067	1.98874	1.22665	6.0987	2.43948	9.34311e-08	0	0	0	0	0	0	0	0	
0.17	0.815053	-0.0331551	1.98846	1.22691	6.09918	2.43967	9.43391e-08	0	0	0	0	0	0	0	0	
0.171	0.814883	-0.0334098	1.98819	1.22717	6.09963	2.43985	9.52195e-08	0	0	0	0	0	0	0	0	
0.172	0.814721	-0.0336708	1.98793	1.22741	6.10002	2.44001	9.59686e-08	0	0	0	0	0	0	0	0	
0.173	0.814567	-0.0339377	1.98766	1.22765	6.10037	2.44015	9.6509e-08	0	0	0	0	0	0	0	0	
0.174	0.814422	-0.0342103	1.9874	1.22786	6.10066	2.44026	9.67948e-08	0	0	0	0	0	0	0	0	
0.175	0.814286	-0.034488	1.98715	1.22807	6.10089	2.44036	9.68046e-08	0	0	0	0	0	0	0	0	
0.176	0.814157	-0.0347703	1.98689	1.22826	6.10106	2.44042	9.65332e-08	0	0	0	0	0	0	0	0	
0.177	0.814036	-0.0350568	1.98663	1.22845	6.10118	2.44047	9.59858e-08	0	0	0	0	0	0	0	0	
0.178	0.813921	-0.0353468	1.98637	1.22862	6.10125	2.4405	9.51797e-08	0	0	0	0	0	0	0	0	
0.179	0.81381	-0.0356396	1.98612	1.22879	6.10129	2.44051	9.41494e-08	0	0	0	0	0	0	0	0	
0.18	0.813703	-0.0359347	1.98585	1.22895	6.10128	2.44051	9.29513e-08	0	0	0	0	0	0	0	0	
0.181	0.813597	-0.0362314	1.98558	1.22911	6.10126	2.4405	9.16632e-08	0	0	0	0	0	0	0	0	
0.182	0.81349	-0.0365291	1.98531	1.22927	6.10122	2.44049	9.03781e-08	0	0	0	0	0	0	0	0	
0.183	0.813383	-0.0368272	1.98503	1.22943	6.10117	2.44047	8.91926e-08	0	0	0	0	0	0	0	0	
0.184	0.813272	-0.0371253	1.98475	1.2296	6.10112	2.44045	8.81919e-08	0	0	0	0	0	0	0	0	
0.185	0.813158	-0.0374229	1.98445	1.22977	6.10107	2.44043	8.74363e-08	0	0	0	0	0	0	0	0	
0.186	0.81304	-0.0377197	1.98415	1.22995	6.10103	2.44041	8.69518e-08	0	0	0	0	0	0	0	0	
0.187	0.812917	-0.0380154	1.98384	1.23014	6.101	2.4404	8.67275e-08	0	0	0	0	0	0	0	0	
0.188	0.81279	-0.0383098	1.98352	1.23033	6.10097	2.44039	8.672e-08	0	0	0	0	0	0	0	0	
0.189	0.812658	-0.0386027	1.98319	1.23053	6.10094	2.44038	8.68647e-08	0	0	0	0	0	0	0	0	
0.19	0.812521	-0.0388943	1.98285	1.23074	6.10092	2.44037	8.70911e-08	0	0	0	0	0	0	0	0	
0.191	0.812381	-0.0391845	1.9825	1.23095	6.10089	2.44036	8.73375e-08	0	0	0	0	0	0	0	0	
0.192	0.812237	-0.0394736	1.98214	1.23117	6.10086	2.44034	8.75623e-08	0	0	0	0	0	0	0	0	
0.193	0.812089	-0.0397617	1.98176	1.23139	6.10082	2.44033	8.77479e-08	0	0	0	0	0	0	0	0	
0.194	0.811939	-0.0400491	1.98138	1.23162	6.10077	2.44031	8.78973e-08	0	0	0	0	0	0	0	0	
0.195	0.811786	-0.0403363	1.98099	1.23185	6.10071	2.44028	8.80241e-08	0	0	0	0	0	0	0	0	
0.196	0.81163	-0.0406235	1.98058	1.23209	6.10064	2.44026	8.81406e-08	0	0	0	0	0	0	0	0	
0.197	0.811472	-0.0409114	1.98017	1.23233	6.10055	2.44022	8.82489e-08	0	0	0	0	0	0	0	0	
0.198	0.811312	-0.0412003	1.97975	1.23257	6.10045	2.44018	8.83374e-08	0	0	0	0	0	0	0	0	
0.199	0.81115	-0.0414909	1.97932	1.23282	6.10034	2.44014	8.83854e-08	0	0	0	0	0	0	0	0	
0.2	0.810986	-0.0417836	1.97887	1.23307	6.10021	2.44008	8.83724e-08	0	0	0	0	0	0	0	0	
0.201	0.810822	-0.0420791	1.97842	1.23332	6.10006	2.44002	8.82878e-08	0	0	0	0	0	0	0	0	
0.202	0.810656	-0.0423779	1.97796	1.23357	6.09989	2.43996	8.81369e-08	0	0	0	0	0	0	0	0	
0.203	0.81049	-0.0426807	1.9775	1.23382	6.0997	2.43988	8.79398e-08	0	0	0	0	0	0	0	0	
0.204	0.810323	-0.042988	1.97702	1.23408	6.09949	2.4398	8.77249e-08	0	0	0	0	0	0	0	0	
0.205	0.810156	-0.0433003	1.97654	1.23433	6.09927	2.43971	8.75196e-08	0	0	0	0	0	0	0	0	
0.206	0.80999	-0.0436183	1.97606	1.23458	6.09902	2.43961	8.73418e-08	0	0	0	0	0	0	0	0	
0.207	0.809823	-0.0439425	1.97556	1.23484	6.09875	2.4395	8.7197e-08	0	0	0	0	0	0	0	0	
0.208	0.809658	-0.0442735	1.97506	1.23509	6.09845	2.43938	8.70804e-08	0	0	0	0	0	0	0	0	
0.209	0.809492	-0.0446115	1.97456	1.23534	6.09814	2.43926	8.69815e-08	0	0	0	0	0	0	0	0	
0.21	0.809328	-0.0449572	1.97405	1.23559	6.09781	2.43912	8.68907e-08	0	0	0	0	0	0	0	0	
0.211	0.809163	-0.0453108	1.97354	1.23584	6.09746	2.43899	8.68021e-08	0	0	0	0	0	0	0	0	
0.212	0.808999	-0.0456727	1.97302	1.2361	6.0971	2.43884	8.67151e-08	0	0	0	0	0	0	0	0	
0.213	0.808835	-0.046043	1.9725	1.23635	6.09673	2.43869	8.66324e-08	0	0	0	0	0	0	0	0	
0.214	0.80867	-0.046422	1.97197	1.2366	6.09634	2.43854	8.65591e-08	0	0	0	0	0	0	0	0	
0.215	0.808505	-0.0468098	1.97144	1.23685	6.09595	2.43838	8.65008e-08	0	0	0	0	0	0	0	0	
0.216	0.808339	-0.0472063	1.97091	1.23711	6.09556	2.43822	8.64632e-08	0	0	0	0	0	0	0	0	
0.217	0.808171	-0.0476116	1.97037	1.23736	6.09516	2.43806	8.64515e-08	0	0	0	0	0	0	0	0	
0.218	0.808002	-0.0480253	1.96983	1.23762	6.09476	2.4379	8.64695e-08	0	0	0	0	0	0	0	0	
0.219	0.807831	-0.0484474	1.96928	1.23788	6.09436	2.43774	8.65183e-08	0	0	0	0	0	0	0	0	
0.22	0.807657	-0.0488776	1.96873	1.23815	6.09396	2.43758	8.65944e-08	0	0	0	0	0	0	0	0	
0.221	0.807481	-0.0493154	1.96817	1.23842	6.09356	2.43743	8.66892e-08	0	0	0	0	0	0	0	0	
0.222	0.807301	-0.0497606	1.96761	1.2387	6.09318	2.43727	8.67895e-08	0	0	0	0	0	0	0	0	
0.223	0.807116	-0.0502126	1.96704	1.23898	6.0928	2.43712	8.68787e-08	0	0	0	0	0	0	0	0	
0.224	0.806926	-0.0506711	1.96646	1.23927	6.09244	2.43698	8.69396e-08	0	0	0	0	0	0	0	0	
0.225	0.806731	-0.0511355	1.96587	1.23957	6.09209	2.43684	8.69569e-08	0	0	0	0	0	0	0	0	
0.226	0.806528	-0.0516054	1.96527	1.23988	6.09177	2.43671	8.69198e-08	0	0	0	0	0	0	0	0	
0.227	0.806319	-0.0520803	1.96466	1.2402	6.09146	2.43659	8.68238e-08	0	0	0	0	0	0	0	0	
0.228	0.806102	-0.0525598	1.96404	1.24054	6.09118	2.43647	8.66721e-08	0	0	0	0	0	0	0	0	
0.229	0.805878	-0.0530436	1.96341	1.24088	6.09091	2.43636	8.64753e-08	0	0	0	0	0	0	0	0	
0.23	0.805648	-0.0535311	1.96277	1.24124	6.09066	2.43626	8.62502e-08	0	0	0	0	0	0	0	0	
0.231	0.805412	-0.0540221	1.96211	1.2416	6.0904	2.43616	8.60178e-08	0	0	0	0	0	0	0	0	
0.232	0.805173	-0.0545164	1.96144	1.24197	6.09013	2.43605	8.58e-08	0	0	0	0	0	0	0	0	
0.233	0.804932	-0.0550137	1.96076	1.24234	6.08982	2.43593	8.56168e-08	0	0	0	0	0	0	0	0	
0.234	0.804693	-0.0555138	1.96006	1.24271	6.08946	2.43578	8.5484e-08	0	0	0	0	0	0	0	0	
0.235	0.804458	-0.0560166	1.95934	1.24307	6.08902	2.43561	8.54107e-08	0	0	0	0	0	0	0	0	
0.236	0.80423	-0.0565219	1.95862	1.24342	6.08849	2.43539	8.53995e-08	0	0	0	0	0	0	0	0	
0.237	0.804011	-0.0570298	1.95788	1.24376	6.08784	2.43514	8.54462e-08	0	0	0	0	0	0	0	0	
0.238	0.803803	-0.05754	1.95712	1.24409	6.08708	2.43483	8.55411e-08	0	0	0	0	0	0	0	0	
0.239	0.803605	-0.0580527	1.95636	1.24439	6.08619	2.43447	8.56713e-08	0	0	0	0	0	0	0	0	
0.24	0.803419	-0.0585675	1.95558	1.24468	6.08517	2.43407	8.58219e-08	0	0	0	0	0	0	0	0	
0.241	0.803242	-0.0590846	1.95479	1.24495	6.08405	2.43362	8.59791e-08	0	0	0	0	0	0	0	0	
0.242	0.803074	-0.0596038	1.95398	1.24522	6.08283	2.43313	8.61307e-08	0	0	0	0	0	0	0	0	
0.243	0.802911	-0.0601249	1.95317	1.24547	6.08154	2.43261	8.62679e-08	0	0	0	0	0	0	0	0	
0.244	0.80275	-0.0606478	1.95235	1.24572	6.08019	2.43208	8.63853e-08	0	0	0	0	0	0	0	0	
0.245	0.802589	-0.0611723	1.95152	1.24597	6.07883	2.43153	8.64806e-08	0	0	0	0	0	0	0	0	
0.246	0.802425	-0.0616982	1.95069	1.24622	6.07748	2.43099	8.65541e-08	0	0	0	0	0	0	0	0	
0.247	0.802254	-0.0622251	1.94985	1.24649	6.07616	2.43046	8.66078e-08	0	0	0	0	0	0	0	0	
0.248	0.802074	-0.0627527	1.94901	1.24677	6.07489	2.42996	8.66449e-08	0	0	0	0	0	0	0	0	
0.249	0.801884	-0.0632808	1.94816	1.24706	6.0737	2.42948	8.66687e-08	0	0	0	0	0	0	0	0	
0.25	0.801683	-0.0638088	1.94732	1.24738	6.07259	2.42904	8.66824e-08	0	0	0	0	0	0	0	0	
0.251	0.80147	-0.0643364	1.94647	1.24771	6.07157	2.42863	8.66886e-08	0	0	0	0	0	0	0	0	
0.252	0.801246	-0.064863	1.94564	1.24806	6.07065	2.42826	8.66889e-08	0	0	0	0	0	0	0	0	
0.253	0.801011	-0.0653882	1.9448	1.24842	6.06983	2.42793	8.66842e-08	0	0	0	0	0	0	0	0	
0.254	0.800768	-0.0659114	1.94398	1.2488	6.0691	2.42764	8.66742e-08	0	0	0	0	0	0	0	0	
0.255	0.800516	-0.066432	1.94316	1.24919	6.06846	2.42738	8.6658e-08	0	0	0	0	0	0	0	0	
0.256	0.800259	-0.0669494	1.94235	1.2496	6.06789	2.42716	8.66343e-08	0	0	0	0	0	0	0	0	
0.257	0.799998	-0.067463	1.94156	1.25	6.06739	2.42696	8.66021e-08	0	0	0	0	0	0	0	0	
0.258	0.799735	-0.0679721	1.94078	1.25041	6.06696	2.42678	8.65612e-08	0	0	0	0	0	0	0	0	
0.259	0.799472	-0.068476	1.94002	1.25083	6.06657	2.42663	8.65122e-08	0	0	0	0	0	0	0	0	
0.26	0.79921	-0.068974	1.93928	1.25124	6.06623	2.42649	8.64569e-08	0	0	0	0	0	0	0	0	
0.261	0.798952	-0.0694654	1.93855	1.25164	6.06592	2.42637	8.63977e-08	0	0	0	0	0	0	0	0	
0.262	0.798699	-0.0699494	1.93785	1.25204	6.06564	2.42626	8.6337e-08	0	0	0	0	0	0	0	0	
0.263	0.798453	-0.0704253	1.93717	1.25242	6.06537	2.42615	8.62761e-08	0	0	0	0	0	0	0	0	
0.264	0.798214	-0.0708924	1.9365	1.2528	6.06511	2.42604	8.62147e-08	0	0	0	0	0	0	0	0	
0.265	0.797985	-0.07135	1.93586	1.25316	6.06485	2.42594	8.61504e-08	0	0	0	0	0	0	0	0	
0.266	0.797767	-0.0717974	1.93525	1.2535	6.06458	2.42583	8.60793e-08	0	0	0	0	0	0	0	0	
0.267	0.79756	-0.072234	1.93465	1.25382	6.06429	2.42572	8.59965e-08	0	0	0	0	0	0	0	0	
0.268	0.797366	-0.0726592	1.93408	1.25413	6.06398	2.42559	8.58979e-08	0	0	0	0	0	0	0	0	
0.269	0.797184	-0.0730725	1.93354	1.25442	6.06365	2.42546	8.57814e-08	0	0	0	0	0	0	0	0	
0.27	0.797016	-0.0734735	1.93301	1.25468	6.06328	2.42531	8.56481e-08	0	0	0	0	0	0	0	0	
0.271	0.796862	-0.0738617	1.93251	1.25492	6.06288	2.42515	8.55031e-08	0	0	0	0	0	0	0	0	
0.272	0.796721	-0.0742369	1.93203	1.25514	6.06245	2.42498	8.53556e-08	0	0	0	0	0	0	0	0	
0.273	0.796593	-0.0745989	1.93157	1.25535	6.06199	2.42479	8.52182e-08	0	0	0	0	0	0	0	0	
0.274	0.796476	-0.0749475	1.93114	1.25553	6.0615	2.4246	8.51051e-08	0	0	0	0	0	0	0	0	
0.275	0.796371	-0.0752828	1.93072	1.2557	6.061	2.4244	8.50308e-08	0	0	0	0	0	0	0	0	
0.276	0.796275	-0.0756048	1.93032	1.25585	6.06048	2.42419	8.50079e-08	0	0	0	0	0	0	0	0	
0.277	0.796188	-0.0759137	1.92994	1.25599	6.05995	2.42398	8.50455e-08	0	0	0	0	0	0	0	0	
0.278	0.796107	-0.0762096	1.92958	1.25611	6.05944	2.42377	8.51478e-08	0	0	0	0	0	0	0	0	
0.279	0.796032	-0.0764928	1.92924	1.25623	6.05893	2.42357	8.53137e-08	0	0	0	0	0	0	0	0	
0.28	0.795961	-0.0767637	1.92891	1.25634	6.05844	2.42338	8.55368e-08	0	0	0	0	0	0	0	0	
0.281	0.795894	-0.0770227	1.9286	1.25645	6.05797	2.42319	8.58061e-08	0	0	0	0	0	0	0	0	
0.282	0.795828	-0.0772703	1.9283	1.25655	6.05754	2.42302	8.61074e-08	0	0	0	0	0	0	0	0	
0.283	0.795764	-0.077507	1.92802	1.25665	6.05714	2.42286	8.64244e-08	0	0	0	0	0	0	0	0	
0.284	0.7957	-0.0777334	1.92775	1.25676	6.05678	2.42271	8.67403e-08	0	0	0	0	0	0	0	0	
0.285	0.795635	-0.0779499	1.92749	1.25686	6.05645	2.42258	8.70392e-08	0	0	0	0	0	0	0	0	
0.286	0.795571	-0.0781572	1.92724	1.25696	6.05617	2.42247	8.73067e-08	0	0	0	0	0	0	0	0	
0.287	0.795505	-0.078356	1.92701	1.25706	6.05592	2.42237	8.75313e-08	0	0	0	0	0	0	0	0	
0.288	0.795439	-0.0785469	1.92678	1.25717	6.05572	2.42229	8.7704e-08	0	0	0	0	0	0	0	0	
0.289	0.795371	-0.0787304	1.92656	1.25727	6.05554	2.42222	8.78188e-08	0	0	0	0	0	0	0	0	
0.29	0.795303	-0.0789072	1.92635	1.25738	6.05541	2.42216	8.78725e-08	0	0	0	0	0	0	0	0	
0.291	0.795234	-0.079078	1.92615	1.25749	6.05531	2.42212	8.78648e-08	0	0	0	0	0	0	0	0	
0.292	0.795164	-0.0792431	1.92596	1.2576	6.05523	2.42209	8.77974e-08	0	0	0	0	0	0	0	0	
0.293	0.795093	-0.0794033	1.92577	1.25771	6.05518	2.42207	8.76745e-08	0	0	0	0	0	0	0	0	
0.294	0.795022	-0.079559	1.92559	1.25783	6.05516	2.42206	8.75019e-08	0	0	0	0	0	0	0	0	
0.295	0.794952	-0.0797106	1.92542	1.25794	6.05515	2.42206	8.72864e-08	0	0	0	0	0	0	0	0	
0.296	0.794882	-0.0798587	1.92525	1.25805	6.05515	2.42206	8.70362e-08	0	0	0	0	0	0	0	0	
0.297	0.794814	-0.0800036	1.92509	1.25816	6.05517	2.42207	8.67595e-08	0	0	0	0	0	0	0	0	
0.298	0.794747	-0.0801456	1.92494	1.25826	6.05518	2.42207	8.64647e-08	0	0	0	0	0	0	0	0	
0.299	0.794684	-0.080285	1.92478	1.25836	6.05518	2.42207	8.61598e-08	0	0	0	0	0	0	0	0	
0.3	0.794625	-0.0804222	1.92464	1.25846	6.05518	2.42207	8.58523e-08	0	0	0	0	0	0	0	0	
0.301	0.794571	-0.0805572	1.9245	1.25854	6.05515	2.42206	8.55492e-08	0	0	0	0	0	0	0	0	
0.302	0.794522	-0.0806903	1.92436	1.25862	6.05509	2.42204	8.52567e-08	0	0	0	0	0	0	0	0	
0.303	0.79448	-0.0808216	1.92423	1.25869	6.055	2.422	8.49805e-08	0	0	0	0	0	0	0	0	
0.304	0.794444	-0.080951	1.9241	1.25874	6.05488	2.42195	8.47257e-08	0	0	0	0	0	0	0	0	
0.305	0.794416	-0.0810787	1.92398	1.25879	6.05471	2.42189	8.4497e-08	0	0	0	0	0	0	0	0	
0.306	0.794395	-0.0812045	1.92387	1.25882	6.05451	2.42181	8.42987e-08	0	0	0	0	0	0	0	0	
0.307	0.794381	-0.0813284	1.92376	1.25884	6.05428	2.42171	8.41342e-08	0	0	0	0	0	0	0	0	
0.308	0.794375	-0.0814502	1.92366	1.25885	6.05401	2.4216	8.40064e-08	0	0	0	0	0	0	0	0	
0.309	0.794374	-0.0815698	1.92357	1.25885	6.05371	2.42149	8.39173e-08	0	0	0	0	0	0	0	0	
0.31	0.79438	-0.0816868	1.92348	1.25884	6.0534	2.42136	8.3868e-08	0	0	0	0	0	0	0	0	
0.311	0.79439	-0.0818009	1.9234	1.25883	6.05307	2.42123	8.38583e-08	0	0	0	0	0	0	0	0	
0.312	0.794404	-0.0819119	1.92333	1.25881	6.05274	2.4211	8.38873e-08	0	0	0	0	0	0	0	0	
0.313	0.794421	-0.0820193	1.92327	1.25878	6.05242	2.42097	8.39529e-08	0	0	0	0	0	0	0	0	
0.314	0.79444	-0.0821227	1.92322	1.25875	6.05211	2.42084	8.40522e-08	0	0	0	0	0	0	0	0	
0.315	0.794461	-0.0822216	1.92317	1.25872	6.05183	2.42073	8.41816e-08	0	0	0	0	0	0	0	0	
0.316	0.794482	-0.0823156	1.92315	1.25868	6.05157	2.42063	8.43373e-08	0	0	0	0	0	0	0	0	
0.317	0.794504	-0.082404	1.92313	1.25865	6.05136	2.42054	8.45148e-08	0	0	0	0	0	0	0	0	
0.318	0.794525	-0.0824862	1.92313	1.25861	6.05119	2.42047	8.471e-08	0	0	0	0	0	0	0	0	
0.319	0.794546	-0.0825617	1.92314	1.25858	6.05107	2.42043	8.49186e-08	0	0	0	0	0	0	0	0	
0.32	0.794566	-0.0826298	1.92317	1.25855	6.051	2.4204	8.51363e-08	0	0	0	0	0	0	0	0	
0.321	0.794586	-0.0826898	1.92321	1.25852	6.05098	2.42039	8.53592e-08	0	0	0	0	0	0	0	0	
0.322	0.794605	-0.082741	1.92327	1.25849	6.05103	2.42041	8.55832e-08	0	0	0	0	0	0	0	0	
0.323	0.794625	-0.0827826	1.92335	1.25846	6.05113	2.42045	8.5804e-08	0	0	0	0	0	0	0	0	
0.324	0.794644	-0.082814	1.92345	1.25842	6.05129	2.42051	8.60171e-08	0	0	0	0	0	0	0	0	
0.325	0.794665	-0.0828343	1.92357	1.25839	6.0515	2.4206	8.62176e-08	0	0	0	0	0	0	0	0	
0.326	0.794686	-0.0828428	1.9237	1.25836	6.05177	2.42071	8.64e-08	0	0	0	0	0	0	0	0	
0.327	0.794711	-0.0828389	1.92387	1.25832	6.05209	2.42084	8.65587e-08	0	0	0	0	0	0	0	0	
0.328	0.794738	-0.0828217	1.92405	1.25828	6.05246	2.42098	8.6688e-08	0	0	0	0	0	0	0	0	
0.329	0.794769	-0.0827907	1.92425	1.25823	6.05287	2.42115	8.67828e-08	0	0	0	0	0	0	0	0	
0.33	0.794807	-0.0827452	1.92448	1.25817	6.0533	2.42132	8.68389e-08	0	0	0	0	0	0	0	0	
0.331	0.794851	-0.0826845	1.92474	1.2581	6.05376	2.42151	8.68537e-08	0	0	0	0	0	0	0	0	
0.332	0.794903	-0.0826081	1.92501	1.25801	6.05424	2.4217	8.68267e-08	0	0	0	0	0	0	0	0	
0.333	0.794966	-0.0825154	1.92532	1.25792	6.05471	2.42189	8.67596e-08	0	0	0	0	0	0	0	0	
0.334	0.79504	-0.082406	1.92564	1.2578	6.05518	2.42207	8.6657e-08	0	0	0	0	0	0	0	0	
0.335	0.795127	-0.0822794	1.926	1.25766	6.05563	2.42225	8.65254e-08	0	0	0	0	0	0	0	0	
0.336	0.795227	-0.0821353	1.92638	1.2575	6.05605	2.42242	8.63734e-08	0	0	0	0	0	0	0	0	
0.337	0.795343	-0.0819736	1.92678	1.25732	6.05644	2.42258	8.62108e-08	0	0	0	0	0	0	0	0	
0.338	0.795473	-0.081794	1.92721	1.25711	6.05679	2.42272	8.60478e-08	0	0	0	0	0	0	0	0	
0.339	0.79562	-0.0815966	1.92766	1.25688	6.0571	2.42284	8.58938e-08	0	0	0	0	0	0	0	0	
0.34	0.795782	-0.0813815	1.92814	1.25663	6.05737	2.42295	8.57568e-08	0	0	0	0	0	0	0	0	
0.341	0.795959	-0.081149	1.92864	1.25635	6.0576	2.42304	8.56425e-08	0	0	0	0	0	0	0	0	
0.342	0.79615	-0.0808996	1.92917	1.25605	6.0578	2.42312	8.55539e-08	0	0	0	0	0	0	0	0	
0.343	0.796354	-0.0806338	1.92972	1.25572	6.05798	2.42319	8.54907e-08	0	0	0	0	0	0	0	0	
0.344	0.79657	-0.0803522	1.93029	1.25538	6.05813	2.42325	8.54502e-08	0	0	0	0	0	0	0	0	
0.345	0.796796	-0.0800558	1.93089	1.25503	6.05829	2.42332	8.54267e-08	0	0	0	0	0	0	0	0	
0.346	0.797031	-0.0797453	1.93151	1.25466	6.05845	2.42338	8.54131e-08	0	0	0	0	0	0	0	0	
0.347	0.797272	-0.0794218	1.93215	1.25428	6.05863	2.42345	8.54013e-08	0	0	0	0	0	0	0	0	
0.348	0.797518	-0.0790864	1.93282	1.25389	6.05885	2.42354	8.53835e-08	0	0	0	0	0	0	0	0	
0.349	0.797767	-0.0787401	1.9335	1.2535	6.0591	2.42364	8.53527e-08	0	0	0	0	0	0	0	0	
0.35	0.798018	-0.0783842	1.93421	1.2531	6.05941	2.42376	8.53037e-08	0	0	0	0	0	0	0	0	
0.351	0.79827	-0.0780197	1.93493	1.25271	6.05977	2.42391	8.52339e-08	0	0	0	0	0	0	0	0	
0.352	0.798521	-0.0776478	1.93568	1.25232	6.06021	2.42408	8.51432e-08	0	0	0	0	0	0	0	0	
0.353	0.79877	-0.0772696	1.93644	1.25192	6.06071	2.42428	8.50342e-08	0	0	0	0	0	0	0	0	
0.354	0.799017	-0.0768861	1.93723	1.25154	6.06128	2.42451	8.4912e-08	0	0	0	0	0	0	0	0	
0.355	0.799261	-0.0764983	1.93802	1.25116	6.06193	2.42477	8.47838e-08	0	0	0	0	0	0	0	0	
0.356	0.799502	-0.0761068	1.93884	1.25078	6.06264	2.42506	8.46577e-08	0	0	0	0	0	0	0	0	
0.357	0.79974	-0.0757124	1.93967	1.25041	6.06343	2.42537	8.45429e-08	0	0	0	0	0	0	0	0	
0.358	0.799974	-0.0753157	1.94051	1.25004	6.06428	2.42571	8.44481e-08	0	0	0	0	0	0	0	0	
0.359	0.800206	-0.0749168	1.94136	1.24968	6.06519	2.42608	8.43812e-08	0	0	0	0	0	0	0	0	
0.36	0.800435	-0.074516	1.94223	1.24932	6.06616	2.42646	8.43486e-08	0	0	0	0	0	0	0	0	
0.361	0.800662	-0.0741132	1.9431	1.24897	6.06716	2.42686	8.43547e-08	0	0	0	0	0	0	0	0	
0.362	0.800889	-0.0737083	1.94398	1.24861	6.0682	2.42728	8.44017e-08	0	0	0	0	0	0	0	0	
0.363	0.801117	-0.0733009	1.94487	1.24826	6.06925	2.4277	8.44891e-08	0	0	0	0	0	0	0	0	
0.364	0.801346	-0.0728907	1.94577	1.2479	6.07032	2.42813	8.46146e-08	0	0	0	0	0	0	0	0	
0.365	0.801579	-0.072477	1.94668	1.24754	6.07139	2.42856	8.47733e-08	0	0	0	0	0	0	0	0	
0.366	0.801817	-0.0720593	1.94759	1.24717	6.07244	2.42898	8.4959e-08	0	0	0	0	0	0	0	0	
0.367	0.802061	-0.0716366	1.94852	1.24679	6.07347	2.42939	8.51639e-08	0	0	0	0	0	0	0	0	
0.368	0.802314	-0.0712078	1.94945	1.24639	6.07446	2.42978	8.53798e-08	0	0	0	0	0	0	0	0	
0.369	0.802577	-0.0707716	1.95039	1.24599	6.0754	2.43016	8.55979e-08	0	0	0	0	0	0	0	0	
0.37	0.802851	-0.0703265	1.95135	1.24556	6.0763	2.43052	8.58101e-08	0	0	0	0	0	0	0	0	
0.371	0.803137	-0.0698709	1.95231	1.24512	6.07714	2.43086	8.60085e-08	0	0	0	0	0	0	0	0	
0.372	0.803438	-0.0694031	1.95329	1.24465	6.07792	2.43117	8.61863e-08	0	0	0	0	0	0	0	0	
0.373	0.803752	-0.0689212	1.95429	1.24417	6.07865	2.43146	8.63377e-08	0	0	0	0	0	0	0	0	
0.374	0.804081	-0.0684234	1.95531	1.24366	6.07932	2.43173	8.64583e-08	0	0	0	0	0	0	0	0	
0.375	0.804425	-0.0679077	1.95634	1.24312	6.07995	2.43198	8.65444e-08	0	0	0	0	0	0	0	0	
0.376	0.804783	-0.0673724	1.95741	1.24257	6.08054	2.43222	8.65938e-08	0	0	0	0	0	0	0	0	
0.377	0.805156	-0.0668155	1.9585	1.24199	6.08111	2.43245	8.66052e-08	0	0	0	0	0	0	0	0	
0.378	0.805544	-0.066235	1.95962	1.2414	6.08168	2.43267	8.6578e-08	0	0	0	0	0	0	0	0	
0.379	0.805944	-0.0656293	1.96078	1.24078	6.08225	2.4329	8.65128e-08	0	0	0	0	0	0	0	0	
0.38	0.806358	-0.0649964	1.96198	1.24014	6.08285	2.43314	8.64108e-08	0	0	0	0	0	0	0	0	
0.381	0.806785	-0.0643344	1.96323	1.23949	6.08349	2.4334	8.62739e-08	0	0	0	0	0	0	0	0	
0.382	0.807222	-0.0636416	1.96452	1.23882	6.08419	2.43368	8.61049e-08	0	0	0	0	0	0	0	0	
0.383	0.807671	-0.0629158	1.96586	1.23813	6.08496	2.43399	8.59067e-08	0	0	0	0	0	0	0	0	
0.384	0.80813	-0.0621551	1.96726	1.23742	6.08582	2.43433	8.56832e-08	0	0	0	0	0	0	0	0	
0.385	0.808599	-0.0613577	1.96871	1.23671	6.08679	2.43471	8.54383e-08	0	0	0	0	0	0	0	0	
0.386	0.809078	-0.0605218	1.97022	1.23597	6.08786	2.43514	8.5176e-08	0	0	0	0	0	0	0	0	
0.387	0.809567	-0.0596462	1.9718	1.23523	6.08905	2.43562	8.49005e-08	0	0	0	0	0	0	0	0	
0.388	0.810066	-0.0587301	1.97344	1.23447	6.09036	2.43615	8.46156e-08	0	0	0	0	0	0	0	0	
0.389	0.810576	-0.0577731	1.97515	1.23369	6.09181	2.43672	8.43252e-08	0	0	0	0	0	0	0	0	
0.39	0.811098	-0.0567753	1.97694	1.2329	6.0934	2.43736	8.40325e-08	0	0	0	0	0	0	0	0	
0.391	0.811633	-0.0557368	1.9788	1.23208	6.09512	2.43805	8.37408e-08	0	0	0	0	0	0	0	0	
0.392	0.812184	-0.0546578	1.98074	1.23125	6.09697	2.43879	8.34529e-08	0	0	0	0	0	0	0	0	
0.393	0.81275	-0.053538	1.98277	1.23039	6.09896	2.43958	8.31717e-08	0	0	0	0	0	0	0	0	
0.394	0.813333	-0.052377	1.98488	1.22951	6.10107	2.44043	8.29e-08	0	0	0	0	0	0	0	0	
0.395	0.813934	-0.0511745	1.98707	1.2286	6.10329	2.44132	8.26408e-08	0	0	0	0	0	0	0	0	
0.396	0.814554	-0.0499302	1.98934	1.22767	6.10562	2.44225	8.23973e-08	0	0	0	0	0	0	0	0	
0.397	0.815195	-0.0486445	1.9917	1.2267	6.10805	2.44322	8.21729e-08	0	0	0	0	0	0	0	0	
0.398	0.815859	-0.0473183	1.99414	1.2257	6.11055	2.44422	8.19714e-08	0	0	0	0	0	0	0	0	
0.399	0.816547	-0.0459531	1.99666	1.22467	6.11313	2.44525	8.17964e-08	0	0	0	0	0	0	0	0	
0.4	0.817261	-0.0445503	1.99927	1.2236	6.11577	2.44631	8.16517e-08	0	0	0	0	0	0	0	0	
0.401	0.818003	-0.0431112	2.00197	1.22249	6.11845	2.44738	8.15406e-08	0	0	0	0	0	0	0	0	
0.402	0.818774	-0.0416369	2.00474	1.22134	6.12117	2.44847	8.14656e-08	0	0	0	0	0	0	0	0	
0.403	0.819574	-0.0401281	2.0076	1.22015	6.12391	2.44957	8.14288e-08	0	0	0	0	0	0	0	0	
0.404	0.820404	-0.0385856	2.01054	1.21891	6.12667	2.45067	8.14307e-08	0	0	0	0	0	0	0	0	
0.405	0.821263	-0.0370097	2.01355	1.21764	6.12944	2.45177	8.14711e-08	0	0	0	0	0	0	0	0	
0.406	0.822152	-0.0354013	2.01664	1.21632	6.1322	2.45288	8.15484e-08	0	0	0	0	0	0	0	0	
0.407	0.823069	-0.0337614	2.0198	1.21496	6.13496	2.45398	8.16599e-08	0	0	0	0	0	0	0	0	
0.408	0.824013	-0.0320903	2.02302	1.21357	6.13771	2.45508	8.1802e-08	0	0	0	0	0	0	0	0	
0.409	0.824983	-0.0303879	2.02631	1.21215	6.14046	2.45618	8.19704e-08	0	0	0	0	0	0	0	0	
0.41	0.825975	-0.0286539	2.02965	1.21069	6.1432	2.45728	8.21603e-08	0	0	0	0	0	0	0	0	
0.411	0.826988	-0.0268899	2.03305	1.20921	6.14593	2.45837	8.23667e-08	0	0	0	0	0	0	0	0	
0.412	0.828023	-0.0251	2.0365	1.2077	6.14869	2.45947	8.25847e-08	0	0	0	0	0	0	0	0	
0.413	0.829078	-0.0232888	2.04002	1.20616	6.15146	2.46059	8.28095e-08	0	0	0	0	0	0	0	0	
0.414	0.830151	-0.021457	2.04359	1.2046	6.15427	2.46171	8.30368e-08	0	0	0	0	0	0	0	0	
0.415	0.831234	-0.0195994	2.0472	1.20303	6.15711	2.46284	8.32624e-08	0	0	0	0	0	0	0	0	
0.416	0.832325	-0.017712	2.05084	1.20145	6.15997	2.46399	8.34829e-08	0	0	0	0	0	0	0	0	
0.417	0.833425	-0.0158005	2.05452	1.19987	6.16289	2.46515	8.36951e-08	0	0	0	0	0	0	0	0	
0.418	0.834534	-0.013874	2.05825	1.19827	6.16587	2.46635	8.38964e-08	0	0	0	0	0	0	0	0	
0.419	0.835648	-0.0119284	2.06201	1.19668	6.1689	2.46756	8.40848e-08	0	0	0	0	0	0	0	0	
0.42	0.836757	-0.00995133	2.06578	1.19509	6.17198	2.46879	8.42585e-08	0	0	0	0	0	0	0	0	
0.421	0.837861	-0.00793981	2.06955	1.19352	6.17511	2.47004	8.44167e-08	0	0	0	0	0	0	0	0	
0.422	0.838976	-0.0059185	2.07339	1.19193	6.17833	2.47133	8.45586e-08	0	0	0	0	0	0	0	0	
0.423	0.840083	-0.0038812	2.07722	1.19036	6.1816	2.47264	8.46845e-08	0	0	0	0	0	0	0	0	
0.424	0.841222	-0.00177743	2.08119	1.18875	6.18502	2.47401	8.4795e-08	0	0	0	0	0	0	0	0	
0.425	0.842378	3.46614e-05	2.08524	1.18712	6.18855	2.47542	8.48909e-08	0	0	0	0	0	0	0	0	
0.426	0.84384	0.00362692	2.09037	1.18506	6.19304	2.47721	8.49739e-08	0	0	0	0	0	0	0	0	
0.427	0.84563	0.00701431	2.09666	1.18255	6.19853	2.47941	8.50455e-08	0	0	0	0	0	0	0	0	
0.428	0.847375	0.0102653	2.10282	1.18011	6.20393	2.48157	8.51075e-08	0	0	0	0	0	0	0	0	
0.429	0.849073	0.0134404	2.10883	1.17776	6.20921	2.48368	8.51617e-08	0	0	0	0	0	0	0	0	
0.43	0.850736	0.0165606	2.11473	1.17545	6.21441	2.48576	8.52095e-08	0	0	0	0	0	0	0	0	
0.431	0.852372	0.0196361	2.12054	1.1732	6.21953	2.48781	8.52522e-08	0	0	0	0	0	0	0	0	
0.432	0.853988	0.0226748	2.12628	1.17098	6.22457	2.48983	8.52909e-08	0	0	0	0	0	0	0	0	
0.433	0.855587	0.0256821	2.13197	1.16879	6.22955	2.49182	8.53262e-08	0	0	0	0	0	0	0	0	
0.434	0.857173	0.0286627	2.1376	1.16663	6.23445	2.49378	8.53587e-08	0	0	0	0	0	0	0	0	
0.435	0.858751	0.0316202	2.14319	1.16448	6.23928	2.49571	8.53886e-08	0	0	0	0	0	0	0	0	
0.436	0.860323	0.0345577	2.14876	1.16235	6.24404	2.49762	8.54162e-08	0	0	0	0	0	0	0	0	
0.437	0.861892	0.0374781	2.15429	1.16024	6.24873	2.49949	8.54415e-08	0	0	0	0	0	0	0	0	
0.438	0.863462	0.0403835	2.15981	1.15813	6.25335	2.50134	8.54646e-08	0	0	0	0	0	0	0	0	
0.439	0.865033	0.0432758	2.16532	1.15603	6.25791	2.50316	8.54855e-08	0	0	0	0	0	0	0	0	
0.44	0.866608	0.0461563	2.17082	1.15392	6.2624	2.50496	8.55042e-08	0	0	0	0	0	0	0	0	
0.441	0.868189	0.049026	2.17632	1.15182	6.26685	2.50674	8.55206e-08	0	0	0	0	0	0	0	0	
0.442	0.869776	0.0518858	2.18183	1.14972	6.27125	2.5085	8.55345e-08	0	0	0	0	0	0	0	0	
0.443	0.871369	0.0547362	2.18735	1.14762	6.27562	2.51025	8.55457e-08	0	0	0	0	0	0	0	0	
0.444	0.87297	0.0575778	2.19289	1.14551	6.27996	2.51198	8.55538e-08	0	0	0	0	0	0	0	0	
0.445	0.874578	0.0604109	2.19844	1.14341	6.28428	2.51371	8.55583e-08	0	0	0	0	0	0	0	0	
0.446	0.876194	0.063236	2.20402	1.1413	6.28861	2.51544	8.55583e-08	0	0	0	0	0	0	0	0	
0.447	0.877816	0.0660534	2.20962	1.13919	6.29294	2.51718	8.5553e-08	0	0	0	0	0	0	0	0	
0.448	0.879443	0.0688638	2.21524	1.13708	6.29729	2.51892	8.55416e-08	0	0	0	0	0	0	0	0	
0.449	0.881077	0.0716677	2.2209	1.13497	6.30166	2.52067	8.55232e-08	0	0	0	0	0	0	0	0	
0.45	0.882715	0.074466	2.22659	1.13287	6.30607	2.52243	8.54968e-08	0	0	0	0	0	0	0	0	
0.451	0.884357	0.0772596	2.2323	1.13077	6.31052	2.52421	8.54616e-08	0	0	0	0	0	0	0	0	
0.452	0.886001	0.0800496	2.23805	1.12867	6.31502	2.52601	8.54169e-08	0	0	0	0	0	0	0	0	
0.453	0.887648	0.0828372	2.24382	1.12657	6.31957	2.52783	8.53623e-08	0	0	0	0	0	0	0	0	
0.454	0.889297	0.0856237	2.24962	1.12448	6.32417	2.52967	8.52974e-08	0	0	0	0	0	0	0	0	
0.455	0.890947	0.0884106	2.25545	1.1224	6.32881	2.53153	8.52222e-08	0	0	0	0	0	0	0	0	
0.456	0.892597	0.0911993	2.26131	1.12033	6.33351	2.5334	8.5137e-08	0	0	0	0	0	0	0	0	
0.457	0.894247	0.0939912	2.26719	1.11826	6.33826	2.5353	8.50423e-08	0	0	0	0	0	0	0	0	
0.458	0.895897	0.0967877	2.27309	1.1162	6.34304	2.53722	8.4939e-08	0	0	0	0	0	0	0	0	
0.459	0.897548	0.0995901	2.279	1.11415	6.34786	2.53915	8.48283e-08	0	0	0	0	0	0	0	0	
0.46	0.899199	0.1024	2.28494	1.1121	6.35271	2.54109	8.47117e-08	0	0	0	0	0	0	0	0	
0.461	0.90085	0.105217	2.29089	1.11006	6.35759	2.54303	8.4591e-08	0	0	0	0	0	0	0	0	
0.462	0.902503	0.108044	2.29686	1.10803	6.36247	2.54499	8.44682e-08	0	0	0	0	0	0	0	0	
0.463	0.904158	0.11088	2.30284	1.106	6.36737	2.54695	8.43456e-08	0	0	0	0	0	0	0	0	
0.464	0.905816	0.113727	2.30884	1.10398	6.37226	2.5489	8.42252e-08	0	0	0	0	0	0	0	0	
0.465	0.907477	0.116584	2.31485	1.10196	6.37715	2.55086	8.41088e-08	0	0	0	0	0	0	0	0	
0.466	0.909142	0.119453	2.32087	1.09994	6.38202	2.55281	8.39981e-08	0	0	0	0	0	0	0	0	
0.467	0.910813	0.122332	2.3269	1.09792	6.38688	2.55475	8.38942e-08	0	0	0	0	0	0	0	0	
0.468	0.912488	0.125223	2.33295	1.0959	6.39172	2.55669	8.37974e-08	0	0	0	0	0	0	0	0	
0.469	0.914171	0.128124	2.33901	1.09389	6.39653	2.55861	8.37076e-08	0	0	0	0	0	0	0	0	
0.47	0.915859	0.131037	2.34508	1.09187	6.40131	2.56053	8.3624e-08	0	0	0	0	0	0	0	0	
0.471	0.917554	0.13396	2.35117	1.08985	6.40607	2.56243	8.35454e-08	0	0	0	0	0	0	0	0	
0.472	0.919256	0.136894	2.35727	1.08784	6.41081	2.56432	8.34699e-08	0	0	0	0	0	0	0	0	
0.473	0.920965	0.139838	2.36339	1.08582	6.41552	2.56621	8.33958e-08	0	0	0	0	0	0	0	0	
0.474	0.922679	0.142793	2.36952	1.0838	6.42021	2.56808	8.33214e-08	0	0	0	0	0	0	0	0	
0.475	0.9244	0.145759	2.37567	1.08178	6.42489	2.56995	8.3245e-08	0	0	0	0	0	0	0	0	
0.476	0.926126	0.148735	2.38183	1.07977	6.42955	2.57182	8.31656e-08	0	0	0	0	0	0	0	0	
0.477	0.927856	0.15172	2.38801	1.07775	6.43421	2.57369	8.30828e-08	0	0	0	0	0	0	0	0	
0.478	0.929591	0.154716	2.39421	1.07574	6.43887	2.57555	8.29967e-08	0	0	0	0	0	0	0	0	
0.479	0.931329	0.157721	2.40042	1.07373	6.44354	2.57742	8.29081e-08	0	0	0	0	0	0	0	0	
0.48	0.93307	0.160736	2.40665	1.07173	6.44822	2.57929	8.28182e-08	0	0	0	0	0	0	0	0	
0.481	0.934813	0.163759	2.41291	1.06973	6.45291	2.58117	8.27288e-08	0	0	0	0	0	0	0	0	
0.482	0.93656	0.16679	2.41918	1.06774	6.45763	2.58305	8.26419e-08	0	0	0	0	0	0	0	0	
0.483	0.938309	0.169827	2.42548	1.06575	6.46237	2.58495	8.25593e-08	0	0	0	0	0	0	0	0	
0.484	0.940062	0.172871	2.43181	1.06376	6.46714	2.58686	8.24831e-08	0	0	0	0	0	0	0	0	
0.485	0.941818	0.175919	2.43816	1.06178	6.47195	2.58878	8.24148e-08	0	0	0	0	0	0	0	0	
0.486	0.943579	0.17897	2.44455	1.05979	6.47679	2.59072	8.23557e-08	0	0	0	0	0	0	0	0	
0.487	0.945346	0.182022	2.45097	1.05781	6.48167	2.59267	8.23066e-08	0	0	0	0	0	0	0	0	
0.488	0.947119	0.185075	2.45743	1.05583	6.48659	2.59463	8.22682e-08	0	0	0	0	0	0	0	0	
0.489	0.948899	0.188126	2.46393	1.05385	6.49155	2.59662	8.22405e-08	0	0	0	0	0	0	0	0	
0.49	0.950688	0.191175	2.47048	1.05187	6.49655	2.59862	8.22235e-08	0	0	0	0	0	0	0	0	
0.491	0.952487	0.19422	2.47707	1.04988	6.50158	2.60063	8.2217e-08	0	0	0	0	0	0	0	0	
0.492	0.954297	0.19726	2.48371	1.04789	6.50666	2.60266	8.22207e-08	0	0	0	0	0	0	0	0	
0.493	0.956118	0.200296	2.49041	1.0459	6.51177	2.60471	8.22342e-08	0	0	0	0	0	0	0	0	
0.494	0.95795	0.203327	2.49715	1.0439	6.51691	2.60677	8.22575e-08	0	0	0	0	0	0	0	0	
0.495	0.959795	0.206354	2.50395	1.04189	6.52209	2.60883	8.22903e-08	0	0	0	0	0	0	0	0	
0.496	0.961652	0.209378	2.51079	1.03988	6.52728	2.61091	8.23324e-08	0	0	0	0	0	0	0	0	
0.497	0.96352	0.212399	2.51768	1.03786	6.5325	2.613	8.23837e-08	0	0	0	0	0	0	0	0	
0.498	0.9654	0.215419	2.52461	1.03584	6.53773	2.61509	8.24437e-08	0	0	0	0	0	0	0	0	
0.499	0.96729	0.218441	2.53158	1.03382	6.54297	2.61719	8.2512e-08	0	0	0	0	0	0	0	0	
0.5	0.969189	0.221466	2.53859	1.03179	6.54822	2.61929	8.25877e-08	0	0	0	0	0	0	0	0	
0.501	0.971096	0.224496	2.54562	1.02976	6.55347	2.62139	8.26699e-08	0	0	0	0	0	0	0	0	
0.502	0.973011	0.227534	2.55268	1.02774	6.55872	2.62349	8.27575e-08	0	0	0	0	0	0	0	0	
0.503	0.974932	0.23058	2.55977	1.02571	6.56396	2.62558	8.28491e-08	0	0	0	0	0	0	0	0	
0.504	0.976859	0.233637	2.56687	1.02369	6.56919	2.62768	8.29437e-08	0	0	0	0	0	0	0	0	
0.505	0.978789	0.236706	2.57399	1.02167	6.57441	2.62977	8.304e-08	0	0	0	0	0	0	0	0	
0.506	0.980723	0.239788	2.58112	1.01966	6.57962	2.63185	8.31374e-08	0	0	0	0	0	0	0	0	
0.507	0.98266	0.242884	2.58826	1.01765	6.58483	2.63393	8.32353e-08	0	0	0	0	0	0	0	0	
0.508	0.9846	0.245993	2.59541	1.01564	6.59002	2.63601	8.33336e-08	0	0	0	0	0	0	0	0	
0.509	0.986541	0.249117	2.60257	1.01364	6.5952	2.63808	8.34323e-08	0	0	0	0	0	0	0	0	
0.51	0.988484	0.252256	2.60975	1.01165	6.60038	2.64015	8.35319e-08	0	0	0	0	0	0	0	0	
0.511	0.990429	0.255408	2.61693	1.00966	6.60555	2.64222	8.36327e-08	0	0	0	0	0	0	0	0	
0.512	0.992376	0.258573	2.62413	1.00768	6.61071	2.64429	8.37353e-08	0	0	0	0	0	0	0	0	
0.513	0.994325	0.261751	2.63133	1.00571	6.61589	2.64635	8.38396e-08	0	0	0	0	0	0	0	0	
0.514	0.996275	0.264942	2.63856	1.00374	6.62106	2.64842	8.39459e-08	0	0	0	0	0	0	0	0	
0.515	0.998227	0.268144	2.6458	1.00178	6.62624	2.6505	8.40535e-08	0	0	0	0	0	0	0	0	
0.516	1.00018	0.271356	2.65305	0.999819	6.63143	2.65257	8.41619e-08	0	0	0	0	0	0	0	0	
0.517	1.00214	0.27458	2.66032	0.997867	6.63663	2.65465	8.427e-08	0	0	0	0	0	0	0	0	
0.518	1.0041	0.277813	2.66762	0.995921	6.64184	2.65673	8.43765e-08	0	0	0	0	0	0	0	0	
0.519	1.00606	0.281056	2.67493	0.993979	6.64706	2.65882	8.44802e-08	0	0	0	0	0	0	0	0	
0.52	1.00802	0.284308	2.68226	0.992043	6.65229	2.66092	8.45798e-08	0	0	0	0	0	0	0	0	
0.521	1.00999	0.28757	2.68961	0.99011	6.65753	2.66301	8.46738e-08	0	0	0	0	0	0	0	0	
0.522	1.01196	0.29084	2.69698	0.988181	6.66277	2.66511	8.47612e-08	0	0	0	0	0	0	0	0	
0.523	1.01394	0.294119	2.70438	0.986255	6.66802	2.66721	8.48411e-08	0	0	0	0	0	0	0	0	
0.524	1.01592	0.297405	2.7118	0.984331	6.67327	2.66931	8.49126e-08	0	0	0	0	0	0	0	0	
0.525	1.01791	0.300698	2.71924	0.982409	6.67852	2.67141	8.49751e-08	0	0	0	0	0	0	0	0	
0.526	1.0199	0.303998	2.72672	0.980487	6.68377	2.67351	8.50281e-08	0	0	0	0	0	0	0	0	
0.527	1.02191	0.307302	2.73422	0.978564	6.68902	2.67561	8.5071e-08	0	0	0	0	0	0	0	0	
0.528	1.02392	0.310609	2.74176	0.976638	6.69426	2.67771	8.51034e-08	0	0	0	0	0	0	0	0	
0.529	1.02595	0.313917	2.74933	0.97471	6.69951	2.6798	8.51248e-08	0	0	0	0	0	0	0	0	
0.53	1.02798	0.317224	2.75695	0.972777	6.70475	2.6819	8.51344e-08	0	0	0	0	0	0	0	0	
0.531	1.03004	0.320529	2.76462	0.970839	6.71001	2.684	8.51316e-08	0	0	0	0	0	0	0	0	
0.532	1.0321	0.323828	2.77235	0.968894	6.71528	2.68611	8.51153e-08	0	0	0	0	0	0	0	0	
0.533	1.03419	0.32712	2.78013	0.966943	6.72057	2.68823	8.50847e-08	0	0	0	0	0	0	0	0	
0.534	1.03629	0.330403	2.78798	0.964985	6.7259	2.69036	8.50386e-08	0	0	0	0	0	0	0	0	
0.535	1.0384	0.333676	2.7959	0.963019	6.73125	2.6925	8.49762e-08	0	0	0	0	0	0	0	0	
0.536	1.04053	0.336937	2.80388	0.961047	6.73665	2.69466	8.48965e-08	0	0	0	0	0	0	0	0	
0.537	1.04268	0.340188	2.81194	0.95907	6.74211	2.69684	8.47993e-08	0	0	0	0	0	0	0	0	
0.538	1.04484	0.343428	2.82006	0.957088	6.74761	2.69904	8.46847e-08	0	0	0	0	0	0	0	0	
0.539	1.04701	0.34666	2.82825	0.955103	6.75318	2.70127	8.45536e-08	0	0	0	0	0	0	0	0	
0.54	1.04919	0.349884	2.8365	0.953118	6.7588	2.70352	8.44076e-08	0	0	0	0	0	0	0	0	
0.541	1.05138	0.353104	2.84481	0.951134	6.76448	2.70579	8.4249e-08	0	0	0	0	0	0	0	0	
0.542	1.05357	0.356323	2.85316	0.949153	6.77021	2.70808	8.40809e-08	0	0	0	0	0	0	0	0	
0.543	1.05577	0.359543	2.86155	0.947177	6.776	2.7104	8.39066e-08	0	0	0	0	0	0	0	0	
0.544	1.05797	0.362768	2.86998	0.945208	6.78183	2.71273	8.37297e-08	0	0	0	0	0	0	0	0	
0.545	1.06017	0.366	2.87843	0.943248	6.78769	2.71508	8.35536e-08	0	0	0	0	0	0	0	0	
0.546	1.06237	0.369243	2.88691	0.941296	6.79358	2.71743	8.33815e-08	0	0	0	0	0	0	0	0	
0.547	1.06456	0.372499	2.89539	0.939353	6.79949	2.7198	8.32158e-08	0	0	0	0	0	0	0	0	
0.548	1.06676	0.375768	2.90389	0.937419	6.80541	2.72216	8.30583e-08	0	0	0	0	0	0	0	0	
0.549	1.06895	0.379053	2.91239	0.935494	6.81132	2.72453	8.29101e-08	0	0	0	0	0	0	0	0	
0.55	1.07115	0.382353	2.9209	0.933575	6.81721	2.72688	8.27717e-08	0	0	0	0	0	0	0	0	
0.551	1.07335	0.385668	2.92942	0.931663	6.82308	2.72923	8.2643e-08	0	0	0	0	0	0	0	0	
0.552	1.07555	0.388998	2.93794	0.929755	6.82892	2.73157	8.25236e-08	0	0	0	0	0	0	0	0	
0.553	1.07776	0.392342	2.94648	0.92785	6.83472	2.73389	8.2413e-08	0	0	0	0	0	0	0	0	
0.554	1.07998	0.395699	2.95502	0.925946	6.84047	2.73619	8.23104e-08	0	0	0	0	0	0	0	0	
0.555	1.0822	0.399067	2.96358	0.924042	6.84618	2.73847	8.22151e-08	0	0	0	0	0	0	0	0	
0.556	1.08444	0.402446	2.97216	0.922138	6.85185	2.74074	8.21265e-08	0	0	0	0	0	0	0	0	
0.557	1.08668	0.405835	2.98075	0.920233	6.85747	2.74299	8.20439e-08	0	0	0	0	0	0	0	0	
0.558	1.08894	0.409232	2.98937	0.918328	6.86306	2.74522	8.19669e-08	0	0	0	0	0	0	0	0	
0.559	1.0912	0.412637	2.99801	0.916422	6.86862	2.74745	8.18953e-08	0	0	0	0	0	0	0	0	
0.56	1.09347	0.416051	3.00668	0.914518	6.87415	2.74966	8.18295e-08	0	0	0	0	0	0	0	0	
0.561	1.09575	0.419473	3.01537	0.912617	6.87968	2.75187	8.177e-08	0	0	0	0	0	0	0	0	
0.562	1.09803	0.422903	3.02407	0.91072	6.88521	2.75408	8.17183e-08	0	0	0	0	0	0	0	0	
0.563	1.10032	0.426343	3.0328	0.908829	6.89075	2.7563	8.1676e-08	0	0	0	0	0	0	0	0	
0.564	1.1026	0.429794	3.04155	0.906948	6.89631	2.75853	8.16453e-08	0	0	0	0	0	0	0	0	
0.565	1.10488	0.433257	3.05031	0.905076	6.90191	2.76076	8.16285e-08	0	0	0	0	0	0	0	0	
0.566	1.10715	0.436731	3.05908	0.903218	6.90754	2.76302	8.16275e-08	0	0	0	0	0	0	0	0	
0.567	1.10942	0.440218	3.06786	0.901372	6.91322	2.76529	8.16439e-08	0	0	0	0	0	0	0	0	
0.568	1.11168	0.443718	3.07666	0.899541	6.91895	2.76758	8.1678e-08	0	0	0	0	0	0	0	0	
0.569	1.11393	0.44723	3.08547	0.897724	6.92474	2.7699	8.1729e-08	0	0	0	0	0	0	0	0	
0.57	1.11617	0.450751	3.09429	0.895919	6.93058	2.77223	8.17951e-08	0	0	0	0	0	0	0	0	
0.571	1.11841	0.454279	3.10314	0.894125	6.93649	2.7746	8.18732e-08	0	0	0	0	0	0	0	0	
0.572	1.12065	0.45781	3.11203	0.892338	6.94245	2.77698	8.19592e-08	0	0	0	0	0	0	0	0	
0.573	1.12289	0.461339	3.12096	0.890556	6.94847	2.77939	8.20487e-08	0	0	0	0	0	0	0	0	
0.574	1.12515	0.464861	3.12995	0.888772	6.95454	2.78182	8.21375e-08	0	0	0	0	0	0	0	0	
0.575	1.12742	0.468371	3.13902	0.886982	6.96065	2.78426	8.22217e-08	0	0	0	0	0	0	0	0	
0.576	1.12971	0.471865	3.14818	0.885183	6.96679	2.78672	8.22983e-08	0	0	0	0	0	0	0	0	
0.577	1.13203	0.475337	3.15744	0.883369	6.97296	2.78919	8.23655e-08	0	0	0	0	0	0	0	0	
0.578	1.13438	0.478786	3.16681	0.881537	6.97915	2.79166	8.24225e-08	0	0	0	0	0	0	0	0	
0.579	1.13677	0.482211	3.17628	0.879685	6.98532	2.79413	8.24697e-08	0	0	0	0	0	0	0	0	
0.58	1.1392	0.485613	3.18587	0.877813	6.99149	2.7966	8.2508e-08	0	0	0	0	0	0	0	0	
0.581	1.14166	0.488995	3.19555	0.875921	6.99763	2.79905	8.25388e-08	0	0	0	0	0	0	0	0	
0.582	1.14415	0.492362	3.20533	0.874012	7.00373	2.80149	8.25634e-08	0	0	0	0	0	0	0	0	
0.583	1.14667	0.495719	3.21517	0.872089	7.0098	2.80392	8.25826e-08	0	0	0	0	0	0	0	0	
0.584	1.14922	0.499074	3.22508	0.870158	7.01581	2.80632	8.25963e-08	0	0	0	0	0	0	0	0	
0.585	1.15178	0.502434	3.23502	0.868222	7.02178	2.80871	8.2604e-08	0	0	0	0	0	0	0	0	
0.586	1.15435	0.505805	3.24498	0.866289	7.02771	2.81109	8.26048e-08	0	0	0	0	0	0	0	0	
0.587	1.15692	0.509192	3.25494	0.864362	7.03362	2.81345	8.25975e-08	0	0	0	0	0	0	0	0	
0.588	1.15949	0.512599	3.2649	0.862447	7.0395	2.8158	8.2582e-08	0	0	0	0	0	0	0	0	
0.589	1.16205	0.51603	3.27484	0.860547	7.04539	2.81816	8.25591e-08	0	0	0	0	0	0	0	0	
0.59	1.1646	0.519484	3.28477	0.858665	7.0513	2.82052	8.25316e-08	0	0	0	0	0	0	0	0	
0.591	1.16713	0.522962	3.29468	0.856803	7.05724	2.82289	8.25043e-08	0	0	0	0	0	0	0	0	
0.592	1.16964	0.526463	3.30458	0.854962	7.06323	2.82529	8.24839e-08	0	0	0	0	0	0	0	0	
0.593	1.17214	0.529983	3.31448	0.853141	7.06929	2.82772	8.24783e-08	0	0	0	0	0	0	0	0	
0.594	1.17462	0.53352	3.32437	0.85134	7.07543	2.83017	8.24956e-08	0	0	0	0	0	0	0	0	
0.595	1.17708	0.537072	3.33427	0.849558	7.08164	2.83266	8.25432e-08	0	0	0	0	0	0	0	0	
0.596	1.17954	0.540636	3.34419	0.847791	7.08793	2.83517	8.26262e-08	0	0	0	0	0	0	0	0	
0.597	1.18198	0.54421	3.35413	0.846038	7.0943	2.83772	8.27464e-08	0	0	0	0	0	0	0	0	
0.598	1.18442	0.547791	3.36409	0.844296	7.10072	2.84029	8.29017e-08	0	0	0	0	0	0	0	0	
0.599	1.18686	0.551378	3.37408	0.842562	7.10718	2.84287	8.30858e-08	0	0	0	0	0	0	0	0	
0.6	1.1893	0.554971	3.38411	0.840831	7.11366	2.84547	8.3289e-08	0	0	0	0	0	0	0	0	
0.601	1.19175	0.55857	3.39417	0.839103	7.12014	2.84806	8.34989e-08	0	0	0	0	0	0	0	0	
0.602	1.19421	0.562175	3.40426	0.837373	7.12658	2.85063	8.3702e-08	0	0	0	0	0	0	0	0	
0.603	1.19669	0.565788	3.41438	0.835641	7.13298	2.85319	8.38855e-08	0	0	0	0	0	0	0	0	
0.604	1.19918	0.569408	3.42452	0.833904	7.1393	2.85572	8.40383e-08	0	0	0	0	0	0	0	0	
0.605	1.20169	0.57304	3.43468	0.832162	7.14553	2.85821	8.41525e-08	0	0	0	0	0	0	0	0	
0.606	1.20421	0.576684	3.44486	0.830417	7.15167	2.86067	8.42239e-08	0	0	0	0	0	0	0	0	
0.607	1.20675	0.580344	3.45504	0.82867	7.15772	2.86309	8.42523e-08	0	0	0	0	0	0	0	0	
0.608	1.2093	0.584021	3.46522	0.826923	7.16367	2.86547	8.42406e-08	0	0	0	0	0	0	0	0	
0.609	1.21186	0.587717	3.4754	0.825179	7.16956	2.86783	8.41943e-08	0	0	0	0	0	0	0	0	
0.61	1.21441	0.591433	3.48557	0.823442	7.17541	2.87016	8.41201e-08	0	0	0	0	0	0	0	0	
0.611	1.21697	0.595166	3.49574	0.821713	7.18124	2.8725	8.4025e-08	0	0	0	0	0	0	0	0	
0.612	1.21952	0.598913	3.50592	0.819994	7.18709	2.87484	8.39153e-08	0	0	0	0	0	0	0	0	
0.613	1.22207	0.602669	3.51613	0.818286	7.193	2.8772	8.37965e-08	0	0	0	0	0	0	0	0	
0.614	1.22461	0.606425	3.52638	0.816588	7.19901	2.8796	8.36725e-08	0	0	0	0	0	0	0	0	
0.615	1.22715	0.610172	3.53672	0.814897	7.20516	2.88206	8.35468e-08	0	0	0	0	0	0	0	0	
0.616	1.22969	0.6139	3.54716	0.813211	7.21148	2.88459	8.34221e-08	0	0	0	0	0	0	0	0	
0.617	1.23225	0.617598	3.55774	0.811525	7.21799	2.8872	8.33014e-08	0	0	0	0	0	0	0	0	
0.618	1.23482	0.621258	3.56849	0.809835	7.22472	2.88989	8.31879e-08	0	0	0	0	0	0	0	0	
0.619	1.23741	0.624876	3.57942	0.808139	7.23167	2.89267	8.30849e-08	0	0	0	0	0	0	0	0	
0.62	1.24003	0.62845	3.59053	0.806434	7.23881	2.89552	8.29949e-08	0	0	0	0	0	0	0	0	
0.621	1.24267	0.631985	3.60181	0.80472	7.24611	2.89845	8.29189e-08	0	0	0	0	0	0	0	0	
0.622	1.24534	0.635488	3.61324	0.802995	7.25355	2.90142	8.2856e-08	0	0	0	0	0	0	0	0	
0.623	1.24803	0.638971	3.6248	0.801262	7.26104	2.90442	8.28024e-08	0	0	0	0	0	0	0	0	
0.624	1.25075	0.642445	3.63644	0.799523	7.26855	2.90742	8.27522e-08	0	0	0	0	0	0	0	0	
0.625	1.25348	0.645925	3.64813	0.797778	7.27599	2.9104	8.26981e-08	0	0	0	0	0	0	0	0	
0.626	1.25624	0.649422	3.65982	0.796029	7.28332	2.91333	8.26337e-08	0	0	0	0	0	0	0	0	
0.627	1.25901	0.652947	3.6715	0.794277	7.29047	2.91619	8.25544e-08	0	0	0	0	0	0	0	0	
0.628	1.26179	0.656507	3.68314	0.792523	7.29743	2.91897	8.24598e-08	0	0	0	0	0	0	0	0	
0.629	1.26459	0.660103	3.69472	0.790768	7.30416	2.92167	8.23541e-08	0	0	0	0	0	0	0	0	
0.63	1.26741	0.663738	3.70625	0.78901	7.31068	2.92427	8.22461e-08	0	0	0	0	0	0	0	0	
0.631	1.27024	0.667409	3.71774	0.787252	7.31699	2.9268	8.2148e-08	0	0	0	0	0	0	0	0	
0.632	1.27308	0.671112	3.72919	0.785494	7.32314	2.92926	8.20739e-08	0	0	0	0	0	0	0	0	
0.633	1.27594	0.674844	3.74062	0.783738	7.32917	2.93167	8.20369e-08	0	0	0	0	0	0	0	0	
0.634	1.27879	0.678598	3.75205	0.781987	7.33512	2.93405	8.20479e-08	0	0	0	0	0	0	0	0	
0.635	1.28165	0.68237	3.76348	0.780243	7.34107	2.93643	8.21133e-08	0	0	0	0	0	0	0	0	
0.636	1.28451	0.686156	3.77494	0.778508	7.34704	2.93882	8.22345e-08	0	0	0	0	0	0	0	0	
0.637	1.28736	0.689952	3.78643	0.776786	7.35311	2.94124	8.24082e-08	0	0	0	0	0	0	0	0	
0.638	1.29019	0.693753	3.79797	0.775077	7.3593	2.94372	8.26271e-08	0	0	0	0	0	0	0	0	
0.639	1.29302	0.697559	3.80957	0.773384	7.36565	2.94626	8.2881e-08	0	0	0	0	0	0	0	0	
0.64	1.29583	0.701365	3.82123	0.771707	7.37217	2.94887	8.31587e-08	0	0	0	0	0	0	0	0	
0.641	1.29863	0.705171	3.83296	0.770045	7.37888	2.95155	8.34476e-08	0	0	0	0	0	0	0	0	
0.642	1.30141	0.708976	3.84477	0.768398	7.38578	2.95431	8.3734e-08	0	0	0	0	0	0	0	0	
0.643	1.30418	0.71278	3.85664	0.766763	7.39283	2.95713	8.4002e-08	0	0	0	0	0	0	0	0	
0.644	1.30695	0.716586	3.86859	0.765138	7.40002	2.96001	8.42325e-08	0	0	0	0	0	0	0	0	
0.645	1.30972	0.720395	3.8806	0.763521	7.40729	2.96292	8.44034e-08	0	0	0	0	0	0	0	0	
0.646	1.3125	0.724214	3.89265	0.761907	7.41459	2.96584	8.44913e-08	0	0	0	0	0	0	0	0	
0.647	1.31528	0.728047	3.90473	0.760294	7.42185	2.96874	8.44749e-08	0	0	0	0	0	0	0	0	
0.648	1.31808	0.731904	3.91681	0.758679	7.42901	2.9716	8.43397e-08	0	0	0	0	0	0	0	0	
0.649	1.3209	0.735791	3.92888	0.757061	7.436	2.9744	8.40823e-08	0	0	0	0	0	0	0	0	
0.65	1.32373	0.739717	3.94089	0.755438	7.44276	2.9771	8.37134e-08	0	0	0	0	0	0	0	0	
0.651	1.32659	0.743686	3.95285	0.753811	7.44926	2.97971	8.32575e-08	0	0	0	0	0	0	0	0	
0.652	1.32947	0.747698	3.96476	0.752179	7.45552	2.98221	8.27499e-08	0	0	0	0	0	0	0	0	
0.653	1.33237	0.751745	3.97663	0.75054	7.46156	2.98462	8.22309e-08	0	0	0	0	0	0	0	0	
0.654	1.3353	0.755812	3.98852	0.748893	7.46744	2.98698	8.17397e-08	0	0	0	0	0	0	0	0	
0.655	1.33827	0.759878	4.00051	0.747233	7.47328	2.98931	8.13086e-08	0	0	0	0	0	0	0	0	
0.656	1.34128	0.763914	4.01267	0.745557	7.47918	2.99167	8.0959e-08	0	0	0	0	0	0	0	0	
0.657	1.34434	0.767895	4.0251	0.743858	7.48526	2.9941	8.06999e-08	0	0	0	0	0	0	0	0	
0.658	1.34746	0.7718	4.03788	0.742135	7.49163	2.99665	8.05283e-08	0	0	0	0	0	0	0	0	
0.659	1.35064	0.775619	4.05104	0.740389	7.49836	2.99934	8.0431e-08	0	0	0	0	0	0	0	0	
0.66	1.35387	0.779356	4.06457	0.738626	7.50549	3.00219	8.03892e-08	0	0	0	0	0	0	0	0	
0.661	1.35712	0.783031	4.07841	0.736856	7.513	3.0052	8.03829e-08	0	0	0	0	0	0	0	0	
0.662	1.36037	0.786674	4.09246	0.735094	7.52087	3.00835	8.03965e-08	0	0	0	0	0	0	0	0	
0.663	1.3636	0.79032	4.10662	0.733353	7.52902	3.01161	8.04226e-08	0	0	0	0	0	0	0	0	
0.664	1.36678	0.794003	4.12077	0.731646	7.53737	3.01495	8.04634e-08	0	0	0	0	0	0	0	0	
0.665	1.3699	0.797752	4.13482	0.72998	7.54585	3.01834	8.05298e-08	0	0	0	0	0	0	0	0	
0.666	1.37295	0.801584	4.14871	0.728357	7.55437	3.02175	8.06368e-08	0	0	0	0	0	0	0	0	
0.667	1.37594	0.805511	4.16241	0.726775	7.56284	3.02513	8.07977e-08	0	0	0	0	0	0	0	0	
0.668	1.37888	0.809542	4.17588	0.725229	7.57116	3.02846	8.10177e-08	0	0	0	0	0	0	0	0	
0.669	1.38176	0.813694	4.18906	0.723716	7.57922	3.03169	8.12885e-08	0	0	0	0	0	0	0	0	
0.67	1.38458	0.818007	4.20182	0.722243	7.58684	3.03474	8.15848e-08	0	0	0	0	0	0	0	0	
0.671	1.38728	0.822556	4.21391	0.720833	7.59382	3.03753	8.18647e-08	0	0	0	0	0	0	0	0	
0.672	1.38979	0.82747	4.22489	0.719534	7.59988	3.03995	8.20761e-08	0	0	0	0	0	0	0	0	
0.673	1.39194	0.832941	4.23409	0.718421	7.60465	3.04186	8.21681e-08	0	0	0	0	0	0	0	0	
0.674	1.39352	0.839238	4.2406	0.717608	7.60772	3.04309	8.21065e-08	0	0	0	0	0	0	0	0	
0.675	1.39424	0.846694	4.24326	0.717236	7.60855	3.04342	8.18872e-08	0	0	0	0	0	0	0	0	
0.676	1.39378	0.855692	4.24076	0.717474	7.60659	3.04263	8.15392e-08	0	0	0	0	0	0	0	0	
0.677	1.39179	0.866631	4.23175	0.718498	7.60125	3.0405	8.11152e-08	0	0	0	0	0	0	0	0	
0.678	1.38797	0.87988	4.21499	0.720479	7.59204	3.03682	8.06719e-08	0	0	0	0	0	0	0	0	
0.679	1.38205	0.895739	4.18955	0.723564	7.57852	3.03141	8.0253e-08	0	0	0	0	0	0	0	0	
0.68	1.37388	0.914408	4.15487	0.727863	7.56045	3.02418	7.98866e-08	0	0	0	0	0	0	0	0	
0.681	1.36344	0.935964	4.11089	0.733441	7.53773	3.01509	7.95961e-08	0	0	0	0	0	0	0	0	
0.682	1.35078	0.960362	4.05799	0.740315	7.51047	3.00419	7.94146e-08	0	0	0	0	0	0	0	0	
0.683	1.33608	0.987441	3.99698	0.74846	7.47895	2.99158	7.93857e-08	0	0	0	0	0	0	0	0	
0.684	1.3196	1.01694	3.92904	0.757804	7.44361	2.97744	7.95479e-08	0	0	0	0	0	0	0	0	
0.685	1.30169	1.04849	3.85562	0.768234	7.40504	2.96201	7.9912e-08	0	0	0	0	0	0	0	0	
0.686	1.28273	1.08166	3.77839	0.77959	7.36398	2.94559	8.04481e-08	0	0	0	0	0	0	0	0	
0.687	1.26318	1.11588	3.69926	0.791654	7.32134	2.92853	8.10875e-08	0	0	0	0	0	0	0	0	
0.688	1.24358	1.15048	3.62042	0.80413	7.27823	2.91129	8.17375e-08	0	0	0	0	0	0	0	0	
0.689	1.22456	1.18463	3.54438	0.816618	7.23602	2.89441	8.23025e-08	0	0	0	0	0	0	0	0	
0.69	1.20687	1.21727	3.47405	0.828588	7.1964	2.87856	8.27081e-08	0	0	0	0	0	0	0	0	
0.691	1.19138	1.24714	3.41278	0.839366	7.16143	2.86457	8.29249e-08	0	0	0	0	0	0	0	0	
0.692	1.17901	1.27284	3.36414	0.848169	7.1334	2.85336	8.29894e-08	0	0	0	0	0	0	0	0	
0.693	1.17066	1.29302	3.33147	0.854221	7.11452	2.84581	8.30108e-08	0	0	0	0	0	0	0	0	
0.694	1.16693	1.30672	3.31704	0.856953	7.10638	2.84255	8.31523e-08	0	0	0	0	0	0	0	0	
0.695	1.1679	1.31379	3.32113	0.85624	7.10922	2.84369	8.35783e-08	0	0	0	0	0	0	0	0	
0.696	1.17286	1.31527	3.34091	0.852619	7.1213	2.84852	8.43869e-08	0	0	0	0	0	0	0	0	
0.697	1.18027	1.31344	3.37034	0.847262	7.13889	2.85556	8.55606e-08	0	0	0	0	0	0	0	0	
0.698	1.18845	1.31073	3.40275	0.841434	7.15798	2.86319	8.6965e-08	0	0	0	0	0	0	0	0	
0.699	1.19617	1.30883	3.43347	0.835999	7.17593	2.87037	8.84171e-08	0	0	0	0	0	0	0	0	
0.7	1.20278	1.30859	3.46002	0.831406	7.1917	2.87668	8.97942e-08	0	0	0	0	0	0	0	0	
0.701	1.20824	1.30988	3.4827	0.827653	7.20617	2.88247	9.1078e-08	0	0	0	0	0	0	0	0	
0.702	1.21328	1.31138	3.50531	0.824212	7.22279	2.88912	9.22843e-08	0	0	0	0	0	0	0	0	
0.703	1.21849	1.3118	3.53156	0.820686	7.24575	2.8983	9.34012e-08	0	0	0	0	0	0	0	0	
0.704	1.22318	1.31136	3.56093	0.817538	7.278	2.9112	9.44014e-08	0	0	0	0	0	0	0	0	
0.705	1.22563	1.31132	3.58979	0.81591	7.32235	2.92894	9.5188e-08	0	0	0	0	0	0	0	0	
0.706	1.22408	1.31251	3.61558	0.816938	7.38427	2.95371	9.54386e-08	0	0	0	0	0	0	0	0	
0.707	1.2172	1.31496	3.63817	0.821558	7.47241	2.98896	9.46333e-08	0	0	0	0	0	0	0	0	
0.708	1.20374	1.31851	3.65798	0.830742	7.59709	3.03883	9.2423e-08	0	0	0	0	0	0	0	0	
0.709	1.1826	1.3232	3.67476	0.845595	7.76839	3.10736	8.89848e-08	0	0	0	0	0	0	0	0	
0.71	1.1532	1.32928	3.68781	0.867154	7.99475	3.1979	8.49453e-08	0	0	0	0	0	0	0	0	
0.711	1.11614	1.33662	3.69748	0.895945	8.28185	3.31274	8.09623e-08	0	0	0	0	0	0	0	0	
0.712	1.07357	1.34422	3.70673	0.93147	8.63178	3.45271	7.73889e-08	0	0	0	0	0	0	0	0	
0.713	1.02874	1.35037	3.72036	0.97206	9.04103	3.61641	7.42166e-08	0	0	0	0	0	0	0	0	
0.714	0.984824	1.35407	3.74089	1.01541	9.49633	3.79853	7.11593e-08	0	0	0	0	0	0	0	0	
0.715	0.94415	1.35618	3.76583	1.05915	9.97147	3.98859	6.77439e-08	0	0	0	0	0	0	0	0	
0.716	0.908519	1.35844	3.79054	1.10069	10.4305	4.17222	6.34778e-08	0	0	0	0	0	0	0	0	
0.717	0.879524	1.3619	3.81256	1.13698	10.837	4.33481	5.81771e-08	0	0	0	0	0	0	0	0	
0.718	0.858252	1.36656	3.83221	1.16516	11.1628	4.46513	5.23033e-08	0	0	0	0	0	0	0	0	
0.719	0.844864	1.37208	3.85069	1.18362	11.3944	4.55776	4.68725e-08	0	0	0	0	0	0	0	0	
0.72	0.838596	1.37819	3.86908	1.19247	11.5344	4.61376	4.3192e-08	0	0	0	0	0	0	0	0	
0.721	0.838054	1.38473	3.88806	1.19324	11.5985	4.63939	4.20299e-08	0	0	0	0	0	0	0	0	
0.722	0.841607	1.39182	3.90769	1.1882	11.6078	4.64313	4.49885e-08	0	0	0	0	0	0	0	0	
0.723	0.847953	1.39933	3.92867	1.17931	11.5828	4.63312	5.02149e-08	0	0	0	0	0	0	0	0	
0.724	0.856253	1.40707	3.95192	1.16788	11.5384	4.61536	4.56452e-08	0	0	0	0	0	0	0	0	
0.725	0.865384	1.41637	3.97452	1.15556	11.482	4.59278	4.00096e-08	0	0	0	0	0	0	0	0	
0.726	0.875595	1.42586	4.00056	1.14208	11.4224	4.56896	2.42781e-08	0	0	0	0	0	0	0	0	
0.727	0.88734	1.43307	4.03732	1.12696	11.3748	4.54991	2.07604e-07	0	0	0	0	0	0	0	0	
0.728	0.895743	1.45116	4.05085	1.11639	11.3058	4.52233	6.7137e-06	0	0	0	0	0	0	0	0	
0.729	0.906354	1.46191	4.09416	1.10332	11.2929	4.51718	0.000122681	0	0	0	0	0	0	0	0	
0.73	0.937824	1.46539	4.22871	1.0663	11.2727	4.50907	0.00372703	0	0	0	0	0	0	0	0	
0.731	0.906189	1.46167	3.99087	1.10352	11.01	4.40402	0.0611315	0	0	0	0	0	0	0	0	
0.732	0.604833	0.237583	1.53313	1.65335	6.33701	2.5348	0.72752	0	0	0	0	0	0	0	0	
0.733	0.259259	-1.35769	0.0967742	3.85715	0.933181	0.373272	1	0	0	0	0	0	0	0	0	
0.734	0.259259	-1.35769	0.0967742	3.85715	0.933181	0.373272	1	0	0	0	0	0	0	0	0	
0.735	0.259259	-1.35769	0.0967742	3.85715	0.933181	0.373272	1	0	0	0	0	0	0	0	0	
0.736	0.259259	-1.35769	0.0967742	3.85715	0.933181	0.373272	1	0	0	0	0	0	0	0	0	
0.737	0.259259	-1.35769	0.0967742	3.85715	0.933181	0.373272	1	0	0	0	0	0	0	0	0	
0.738	0.259259	-1.35769	0.0967742	3.85715	0.933181	0.373272	1	0	0	0	0	0	0	0	0	
0.739	0.259259	-1.35769	0.0967742	3.85715	0.933181	0.373272	1	0	0	0	0	0	0	0	0	
0.74	0.259259	-1.35769	0.0967742	3.85715	0.933181	0.373272	1	0	0	0	0	0	0	0	0	
0.741	0.259259	-1.35769	0.0967742	3.85715	0.933181	0.373272	1	0	0	0	0	0	0	0	0	
0.742	0.259259	-1.35769	0.0967742	3.85715	0.933181	0.373272	1	0	0	0	0	0	0	0	0	
0.743	0.259259	-1.35769	0.0967742	3.85715	0.933181	0.373272	1	0	0	0	0	0	0	0	0	
0.744	0.259259	-1.35769	0.0967742	3.85715	0.933181	0.373272	1	0	0	0	0	0	0	0	0	
0.745	0.259259	-1.35769	0.0967742	3.85715	0.933181	0.373272	1	0	0	0	0	0	0	0	0	
0.746	0.259259	-1.35769	0.0967742	3.85715	0.933181	0.373272	1	0	0	0	0	0	0	0	0	
0.747	0.259259	-1.35769	0.0967742	3.85715	0.933181	0.373272	1	0	0	0	0	0	0	0	0	
0.748	0.259259	-1.35769	0.0967742	3.85715	0.933181	0.373272	1	0	0	0	0	0	0	0	0	
0.749	0.259259	-1.35769	0.0967742	3.85715	0.933181	0.373272	1	0	0	0	0	0	0	0	0	
0.75	0.259259	-1.35769	0.0967742	3.85715	0.933181	0.373272	1	0	0	0	0	0	0	0	0	
0.751	0.259259	-1.35769	0.0967742	3.85715	0.933181	0.373272	1	0	0	0	0	0	0	0	0	
0.752	0.259259	-1.35769	0.0967742	3.85715	0.933181	0.373272	1	0	0	0	0	0	0	0	0	
0.753	0.259259	-1.35769	0.0967742	3.85715	0.933181	0.373272	1	0	0	0	0	0	0	0	0	
0.754	0.259259	-1.35769	0.0967742	3.85715	0.933181	0.373272	1	0	0	0	0	0	0	0	0	
0.755	0.259259	-1.35769	0.0967742	3.85715	0.933181	0.373272	1	0	0	0	0	0	0	0	0	
0.756	0.259259	-1.35769	0.0967742	3.85715	0.933181	0.373272	1	0	0	0	0	0	0	0	0	
0.757	0.259259	-1.35769	0.0967742	3.85715	0.933181	0.373272	1	0	0	0	0	0	0	0	0	
0.758	0.259259	-1.35769	0.0967742	3.85715	0.933181	0.373272	1	0	0	0	0	0	0	0	0	
0.759	0.259259	-1.35769	0.0967742	3.85715	0.933181	0.373272	1	0	0	0	0	0	0	0	0	
0.76	0.259259	-1.35769	0.0967742	3.85715	0.933181	0.373272	1	0	0	0	0	0	0	0	0	
0.761	0.259259	-1.35769	0.0967742	3.85715	0.933181	0.373272	1	0	0	0	0	0	0	0	0	
0.762	0.259259	-1.35769	0.0967742	3.85715	0.933181	0.373272	1	0	0	0	0	0	0	0	0	
0.763	0.259259	-1.35769	0.0967742	3.85715	0.933181	0.373272	1	0	0	0	0	0	0	0	0	
0.764	0.259259	-1.35769	0.0967742	3.85715	0.933181	0.373272	1	0	0	0	0	0	0	0	0	
0.765	0.259259	-1.35769	0.0967742	3.85715	0.933181	0.373272	1	0	0	0	0	0	0	0	0	
0.766	0.259259	-1.35769	0.0967742	3.85715	0.933181	0.373272	1	0	0	0	0	0	0	0	0	
0.767	0.259259	-1.35769	0.0967742	3.85715	0.933181	0.373272	1	0	0	0	0	0	0	0	0	
0.768	0.259259	-1.35769	0.0967742	3.85715	0.933181	0.373272	1	0	0	0	0	0	0	0	0	
0.769	0.259259	-1.35769	0.0967742	3.85715	0.933181	0.373272	1	0	0	0	0	0	0	0	0	
0.77	0.259259	-1.35769	0.0967742	3.85715	0.933181	0.373272	1	0	0	0	0	0	0	0	0	
0.771	0.259259	-1.35769	0.0967742	3.85715	0.933181	0.373272	1	0	0	0	0	0	0	0	0	
0.772	0.259259	-1.35769	0.0967742	3.85715	0.933181	0.373272	1	0	0	0	0	0	0	0	0	
0.773	0.259259	-1.35769	0.0967742	3.85715	0.933181	0.373272	1	0	0	0	0	0	0	0	0	
0.774	0.259259	-1.35769	0.0967742	3.85715	0.933181	0.373272	1	0	0	0	0	0	0	0	0	
0.775	0.259259	-1.35769	0.0967742	3.85715	0.933181	0.373272	1	0	0	0	0	0	0	0	0	
0.776	0.259259	-1.35769	0.0967742	3.85715	0.933181	0.373272	1	0	0	0	0	0	0	0	0	
0.777	0.259259	-1.35769	0.0967742	3.85715	0.933181	0.373272	1	0	0	0	0	0	0	0	0	
0.778	0.259259	-1.35769	0.0967742	3.85715	0.933181	0.373272	1	0	0	0	0	0	0	0	0	
0.779	0.259259	-1.35769	0.0967742	3.85715	0.933181	0.373272	1	0	0	0	0	0	0	0	0	
0.78	0.259259	-1.35769	0.0967742	3.85715	0.933181	0.373272	1	0	0	0	0	0	0	0	0	
0.781	0.259259	-1.35769	0.0967742	3.85715	0.933181	0.373272	1	0	0	0	0	0	0	0	0	
0.782	0.259259	-1.35769	0.0967742	3.85715	0.933181	0.373272	1	0	0	0	0	0	0	0	0	
0.783	0.259259	-1.35769	0.0967742	3.85715	0.933181	0.373272	1	0	0	0	0	0	0	0	0	
0.784	0.259259	-1.35769	0.0967742	3.85715	0.933181	0.373272	1	0	0	0	0	0	0	0	0	
0.785	0.259259	-1.35769	0.0967742	3.85715	0.933181	0.373272	1	0	0	0	0	0	0	0	0	
0.786	0.259259	-1.35769	0.0967742	3.85715	0.933181	0.373272	1	0	0	0	0	0	0	0	0	
0.787	0.259259	-1.35769	0.0967742	3.85715	0.933181	0.373272	1	0	0	0	0	0	0	0	0	
0.788	0.259259	-1.35769	0.0967742	3.85715	0.933181	0.373272	1	0	0	0	0	0	0	0	0	
0.789	0.259259	-1.35769	0.0967742	3.85715	0.933181	0.373272	1	0	0	0	0	0	0	0	0	
0.79	0.259259	-1.35769	0.0967742	3.85715	0.933181	0.373272	1	0	0	0	0	0	0	0	0	
0.791	0.259259	-1.35769	0.0967742	3.85715	0.933181	0.373272	1	0	0	0	0	0	0	0	0	
0.792	0.259259	-1.35769	0.0967742	3.85715	0.933181	0.373272	1	0	0	0	0	0	0	0	0	
0.793	0.259259	-1.35769	0.0967742	3.85715	0.933181	0.373272	1	0	0	0	0	0	0	0	0	
0.794	0.259259	-1.35769	0.0967742	3.85715	0.933181	0.373272	1	0	0	0	0	0	0	0	0	
0.795	0.259259	-1.35769	0.0967742	3.85715	0.933181	0.373272	1	0	0	0	0	0	0	0	0	
0.796	0.259259	-1.35769	0.0967742	3.85715	0.933181	0.373272	1	0	0	0	0	0	0	0	0	
0.797	0.259259	-1.35769	0.0967742	3.85715	0.933181	0.373272	1	0	0	0	0	0	0	0	0	
0.798	0.259259	-1.35769	0.0967742	3.85715	0.933181	0.373272	1	0	0	0	0	0	0	0	0	
0.799	0.259259	-1.35769	0.0967742	3.85715	0.933181	0.373272	1	0	0	0	0	0	0	0	0	
0.8	0.259259	-1.35769	0.0967742	3.85715	0.933181	0.373272	1	0	0	0	0	0	0	0	0	
0.801	0.259259	-1.35769	0.0967742	3.85715	0.933181	0.373272	1	0	0	0	0	0	0	0	0	
0.802	0.259259	-1.35769	0.0967742	3.85715	0.933181	0.373272	1	0	0	0	0	0	0	0	0	
0.803	0.259259	-1.35769	0.0967742	3.85715	0.933181	0.373272	1	0	0	0	0	0	0	0	0	
0.804	0.259259	-1.35769	0.0967742	3.85715	0.933181	0.373272	1	0	0	0	0	0	0	0	0	
0.805	0.259259	-1.35769	0.0967742	3.85715	0.933181	0.373272	1	0	0	0	0	0	0	0	0	
0.806	0.259259	-1.35769	0.0967742	3.85715	0.933181	0.373272	1	0	0	0	0	0	0	0	0	
0.807	0.259259	-1.35769	0.0967742	3.85715	0.933181	0.373272	1	0	0	0	0	0	0	0	0	
0.808	0.259259	-1.35769	0.0967742	3.85715	0.933181	0.373272	1	0	0	0	0	0	0	0	0	
0.809	0.259259	-1.35769	0.0967742	3.85715	0.933181	0.373272	1	0	0	0	0	0	0	0	0	
0.81	0.259259	-1.35769	0.0967742	3.85715	0.933181	0.373272	1	0	0	0	0	0	0	0	0	
0.811	0.259259	-1.35769	0.0967742	3.85715	0.933181	0.373272	1	0	0	0	0	0	0	0	0	
0.812	0.259259	-1.35769	0.0967742	3.85715	0.933181	0.373272	1	0	0	0	0	0	0	0	0	
0.813	0.259259	-1.35769	0.0967742	3.85715	0.933181	0.373272	1	0	0	0	0	0	0	0	0	
0.814	0.259259	-1.35769	0.0967742	3.85715	0.933181	0.373272	1	0	0	0	0	0	0	0	0	
0.815	0.259259	-1.35769	0.0967742	3.85715	0.933181	0.373272	1	0	0	0	0	0	0	0	0	
0.816	0.259259	-1.35769	0.0967742	3.85715	0.933181	0.373272	1	0	0	0	0	0	0	0	0	
0.817	0.259259	-1.35769	0.0967742	3.85715	0.933181	0.373272	1	0	0	0	0	0	0	0	0	
0.818	0.259259	-1.35769	0.0967742	3.85715	0.933181	0.373272	1	0	0	0	0	0	0	0	0	
0.819	0.259259	-1.35769	0.0967742	3.85715	0.933181	0.373272	1	0	0	0	0	0	0	0	0	
0.82	0.259259	-1.35769	0.0967742	3.85715	0.933181	0.373272	1	0	0	0	0	0	0	0	0	
0.821	0.259259	-1.35769	0.0967742	3.85715	0.933181	0.373272	1	0	0	0	0	0	0	0	0	
0.822	0.259259	-1.35769	0.0967742	3.85715	0.933181	0.373272	1	0	0	0	0	0	0	0	0	
0.823	0.259259	-1.35769	0.0967742	3.85715	0.933181	0.373272	1	0	0	0	0	0	0	0	0	
0.824	0.259259	-1.35769	0.0967742	3.85715	0.933181	0.373272	1	0	0	0	0	0	0	0	0	
0.825	0.259259	-1.35769	0.0967742	3.85715	0.933181	0.373272	1	0	0	0	0	0	0	0	0	
0.826	0.259259	-1.35769	0.0967742	3.85715	0.933181	0.373272	1	0	0	0	0	0	0	0	0	
0.827	0.259259	-1.35769	0.0967742	3.85715	0.933181	0.373272	1	0	0	0	0	0	0	0	0	
0.828	0.259259	-1.35769	0.0967742	3.85715	0.933181	0.373272	1	0	0	0	0	0	0	0	0	
0.829	0.259259	-1.35769	0.0967742	3.85715	0.933181	0.373272	1	0	0	0	0	0	0	0	0	
0.83	0.259259	-1.35769	0.0967742	3.85715	0.933181	0.373272	1	0	0	0	0	0	0	0	0	
0.831	0.259259	-1.35769	0.0967742	3.85715	0.933181	0.373272	1	0	0	0	0	0	0	0	0	
0.832	0.259259	-1.35769	0.0967742	3.85715	0.933181	0.373272	1	0	0	0	0	0	0	0	0	
0.833	0.259259	-1.35769	0.0967742	3.85715	0.933181	0.373272	1	0	0	0	0	0	0	0	0	
0.834	0.259259	-1.35769	0.0967742	3.85715	0.933181	0.373272	1	0	0	0	0	0	0	0	0	
0.835	0.259259	-1.35769	0.0967742	3.85715	0.933181	0.373272	1	0	0	0	0	0	0	0	0	
0.836	0.259259	-1.35769	0.0967742	3.85715	0.933181	0.373272	1	0	0	0	0	0	0	0	0	
0.837	0.259259	-1.35769	0.0967742	3.85715	0.933181	0.373272	1	0	0	0	0	0	0	0	0	
0.838	0.259259	-1.35769	0.0967742	3.85715	0.933181	0.373272	1	0	0	0	0	0	0	0	0	
0.839	0.259259	-1.35769	0.0967742	3.85715	0.933181	0.373272	1	0	0	0	0	0	0	0	0	
0.84	0.259259	-1.35769	0.0967742	3.85715	0.933181	0.373272	1	0	0	0	0	0	0	0	0	
0.841	0.259259	-1.35769	0.0967742	3.85715	0.933181	0.373272	1	0	0	0	0	0	0	0	0	
0.842	0.259259	-1.35769	0.0967742	3.85715	0.933181	0.373272	1	0	0	0	0	0	0	0	0	
0.843	0.259259	-1.35769	0.0967742	3.85715	0.933181	0.373272	1	0	0	0	0	0	0	0	0	
0.844	0.259259	-1.35769	0.0967742	3.85715	0.933181	0.373272	1	0	0	0	0	0	0	0	0	
0.845	0.259259	-1.35769	0.0967742	3.85715	0.933181	0.373272	1	0	0	0	0	0	0	0	0	
0.846	0.259259	-1.35769	0.0967742	3.85715	0.933181	0.373272	1	0	0	0	0	0	0	0	0	
0.847	0.259259	-1.35769	0.0967742	3.85715	0.933181	0.373272	1	0	0	0	0	0	0	0	0	
0.848	0.259259	-1.35769	0.0967742	3.85715	0.933181	0.373272	1	0	0	0	0	0	0	0	0	
0.849	0.259259	-1.35769	0.0967742	3.85715	0.933181	0.373272	1	0	0	0	0	0	0	0	0	
0.85	0.259259	-1.35769	0.0967742	3.85715	0.933181	0.373272	1	0	0	0	0	0	0	0	0	
0.851	0.259259	-1.35769	0.0967742	3.85715	0.933181	0.373272	1	0	0	0	0	0	0	0	0	
0.852	0.259259	-1.35769	0.0967742	3.85715	0.933181	0.373272	1	0	0	0	0	0	0	0	0	
0.853	0.259259	-1.35769	0.0967742	3.85715	0.933181	0.373272	1	0	0	0	0	0	0	0	0	
0.854	0.259259	-1.35769	0.0967742	3.85715	0.933181	0.373272	1	0	0	0	0	0	0	0	0	
0.855	0.259259	-1.35769	0.0967742	3.85715	0.933181	0.373272	1	0	0	0	0	0	0	0	0	
0.856	0.259259	-1.35769	0.0967742	3.85715	0.933181	0.373272	1	0	0	0	0	0	0	0	0	
0.857	0.259259	-1.35769	0.0967742	3.85715	0.933181	0.373272	1	0	0	0	0	0	0	0	0	
0.858	0.259259	-1.35769	0.0967742	3.85715	0.933181	0.373272	1	0	0	0	0	0	0	0	0	
0.859	0.259259	-1.35769	0.0967742	3.85715	0.933181	0.373272	1	0	0	0	0	0	0	0	0	
0.86	0.259259	-1.35769	0.0967742	3.85715	0.933181	0.373272	1	0	0	0	0	0	0	0	0	
0.861	0.259259	-1.35769	0.0967742	3.85715	0.933181	0.373272	1	0	0	0	0	0	0	0	0	
0.862	0.259259	-1.35769	0.0967742	3.85715	0.933181	0.373272	1	0	0	0	0	0	0	0	0	
0.863	0.259259	-1.35769	0.0967742	3.85715	0.933181	0.373272	1	0	0	0	0	0	0	0	0	
0.864	0.259259	-1.35769	0.0967742	3.85715	0.933181	0.373272	1	0	0	0	0	0	0	0	0	
0.865	0.259259	-1.35769	0.0967742	3.85715	0.933181	0.373272	1	0	0	0	0	0	0	0	0	
0.866	0.259259	-1.35769	0.0967742	3.85715	0.933181	0.373272	1	0	0	0	0	0	0	0	0	
0.867	0.259259	-1.35769	0.0967742	3.85715	0.933181	0.373272	1	0	0	0	0	0	0	0	0	
0.868	0.259259	-1.35769	0.0967742	3.85715	0.933181	0.373272	1	0	0	0	0	0	0	0	0	
0.869	0.259259	-1.35769	0.0967742	3.85715	0.933181	0.373272	1	0	0	0	0	0	0	0	0	
0.87	0.259259	-1.35769	0.0967742	3.85715	0.933181	0.373272	1	0	0	0	0	0	0	0	0	
0.871	0.259259	-1.35769	0.0967742	3.85715	0.933181	0.373272	1	0	0	0	0	0	0	0	0	
0.872	0.259259	-1.35769	0.0967742	3.85715	0.933181	0.373272	1	0	0	0	0	0	0	0	0	
0.873	0.259259	-1.35769	0.0967742	3.85715	0.933181	0.373272	1	0	0	0	0	0	0	0	0	
0.874	0.259259	-1.35769	0.0967742	3.85715	0.933181	0.373272	1	0	0	0	0	0	0	0	0	
0.875	0.259259	-1.35769	0.0967742	3.85715	0.933181	0.373272	1	0	0	0	0	0	0	0	0	
0.876	0.259259	-1.35769	0.0967742	3.85715	0.933181	0.373272	1	0	0	0	0	0	0	0	0	
0.877	0.259259	-1.35769	0.0967742	3.85715	0.933181	0.373272	1	0	0	0	0	0	0	0	0	
0.878	0.259259	-1.35769	0.0967742	3.85715	0.933181	0.373272	1	0	0	0	0	0	0	0	0	
0.879	0.259259	-1.35769	0.0967742	3.85715	0.933181	0.373272	1	0	0	0	0	0	0	0	0	
0.88	0.259259	-1.35769	0.0967742	3.85715	0.933181	0.373272	1	0	0	0	0	0	0	0	0	
0.881	0.259259	-1.35769	0.0967742	3.85715	0.933181	0.373272	1	0	0	0	0	0	0	0	0	
0.882	0.259259	-1.35769	0.0967742	3.85715	0.933181	0.373272	1	0	0	0	0	0	0	0	0	
0.883	0.259259	-1.35769	0.0967742	3.85715	0.933181	0.373272	1	0	0	0	0	0	0	0	0	
0.884	0.259259	-1.35769	0.0967742	3.85715	0.933181	0.373272	1	0	0	0	0	0	0	0	0	
0.885	0.259259	-1.35769	0.0967742	3.85715	0.933181	0.373272	1	0	0	0	0	0	0	0	0	
0.886	0.259259	-1.35769	0.0967742	3.85715	0.933181	0.373272	1	0	0	0	0	0	0	0	0	
0.887	0.259259	-1.35769	0.0967742	3.85715	0.933181	0.373272	1	0	0	0	0	0	0	0	0	
0.888	0.259259	-1.35769	0.0967742	3.85715	0.933181	0.373272	1	0	0	0	0	0	0	0	0	
0.889	0.259259	-1.35769	0.0967742	3.85715	0.933181	0.373272	1	0	0	0	0	0	0	0	0	
0.89	0.259259	-1.35769	0.0967742	3.85715	0.933181	0.373272	1	0	0	0	0	0	0	0	0	
0.891	0.259259	-1.35769	0.0967742	3.85715	0.933181	0.373272	1	0	0	0	0	0	0	0	0	
0.892	0.259259	-1.35769	0.0967742	3.85715	0.933181	0.373272	1	0	0	0	0	0	0	0	0	
0.893	0.259259	-1.35769	0.0967742	3.85715	0.933181	0.373272	1	0	0	0	0	0	0	0	0	
0.894	0.259259	-1.35769	0.0967742	3.85715	0.933181	0.373272	1	0	0	0	0	0	0	0	0	
0.895	0.259259	-1.35769	0.0967742	3.85715	0.933181	0.373272	1	0	0	0	0	0	0	0	0	
0.896	0.259259	-1.35769	0.0967742	3.85715	0.933181	0.373272	1	0	0	0	0	0	0	0	0	
0.897	0.259259	-1.35769	0.0967742	3.85715	0.933181	0.373272	1	0	0	0	0	0	0	0	0	
0.898	0.259259	-1.35769	0.0967742	3.85715	0.933181	0.373272	1	0	0	0	0	0	0	0	0	
0.899	0.259259	-1.35769	0.0967742	3.85715	0.933181	0.373272	1	0	0	0	0	0	0	0	0	
0.9	0.259259	-1.35769	0.0967742	3.85715	0.933181	0.373272	1	0	0	0	0	0	0	0	0	
0.901	0.259259	-1.35769	0.0967742	3.85715	0.933181	0.373272	1	0	0	0	0	0	0	0	0	
0.902	0.259259	-1.35769	0.0967742	3.85715	0.933181	0.373272	1	0	0	0	0	0	0	0	0	
0.903	0.259259	-1.35769	0.0967742	3.85715	0.933181	0.373272	1	0	0	0	0	0	0	0	0	
0.904	0.259259	-1.35769	0.0967742	3.85715	0.933181	0.373272	1	0	0	0	0	0	0	0	0	
0.905	0.259259	-1.35769	0.0967742	3.85715	0.933181	0.373272	1	0	0	0	0	0	0	0	0	
0.906	0.259259	-1.35769	0.0967742	3.85715	0.933181	0.373272	1	0	0	0	0	0	0	0	0	
0.907	0.259259	-1.35769	0.0967742	3.85715	0.933181	0.373272	1	0	0	0	0	0	0	0	0	
0.908	0.259259	-1.35769	0.0967742	3.85715	0.933181	0.373272	1	0	0	0	0	0	0	0	0	
0.909	0.259259	-1.35769	0.0967742	3.85715	0.933181	0.373272	1	0	0	0	0	0	0	0	0	
0.91	0.259259	-1.35769	0.0967742	3.85715	0.933181	0.373272	1	0	0	0	0	0	0	0	0	
0.911	0.259259	-1.35769	0.0967742	3.85715	0.933181	0.373272	1	0	0	0	0	0	0	0	0	
0.912	0.259259	-1.35769	0.0967742	3.85715	0.933181	0.373272	1	0	0	0	0	0	0	0	0	
0.913	0.259259	-1.35769	0.0967742	3.85715	0.933181	0.373272	1	0	0	0	0	0	0	0	0	
0.914	0.259259	-1.35769	0.0967742	3.85715	0.933181	0.373272	1	0	0	0	0	0	0	0	0	
0.915	0.259259	-1.35769	0.0967742	3.85715	0.933181	0.373272	1	0	0	0	0	0	0	0	0	
0.916	0.259259	-1.35769	0.0967742	3.85715	0.933181	0.373272	1	0	0	0	0	0	0	0	0	
0.917	0.259259	-1.35769	0.0967742	3.85715	0.933181	0.373272	1	0	0	0	0	0	0	0	0	
0.918	0.259259	-1.35769	0.0967742	3.85715	0.933181	0.373272	1	0	0	0	0	0	0	0	0	
0.919	0.259259	-1.35769	0.0967742	3.85715	0.933181	0.373272	1	0	0	0	0	0	0	0	0	
0.92	0.259259	-1.35769	0.0967742	3.85715	0.933181	0.373272	1	0	0	0	0	0	0	0	0	
0.921	0.259259	-1.35769	0.0967742	3.85715	0.933181	0.373272	1	0	0	0	0	0	0	0	0	
0.922	0.259259	-1.35769	0.0967742	3.85715	0.933181	0.373272	1	0	0	0	0	0	0	0	0	
0.923	0.259259	-1.35769	0.0967742	3.85715	0.933181	0.373272	1	0	0	0	0	0	0	0	0	
0.924	0.259259	-1.35769	0.0967742	3.85715	0.933181	0.373272	1	0	0	0	0	0	0	0	0	
0.925	0.259259	-1.35769	0.0967742	3.85715	0.933181	0.373272	1	0	0	0	0	0	0	0	0	
0.926	0.259259	-1.35769	0.0967742	3.85715	0.933181	0.373272	1	0	0	0	0	0	0	0	0	
0.927	0.259259	-1.35769	0.0967742	3.85715	0.933181	0.373272	1	0	0	0	0	0	0	0	0	
0.928	0.259259	-1.35769	0.0967742	3.85715	0.933181	0.373272	1	0	0	0	0	0	0	0	0	
0.929	0.259259	-1.35769	0.0967742	3.85715	0.933181	0.373272	1	0	0	0	0	0	0	0	0	
0.93	0.259259	-1.35769	0.0967742	3.85715	0.933181	0.373272	1	0	0	0	0	0	0	0	0	
0.931	0.259259	-1.35769	0.0967742	3.85715	0.933181	0.373272	1	0	0	0	0	0	0	0	0	
0.932	0.259259	-1.35769	0.0967742	3.85715	0.933181	0.373272	1	0	0	0	0	0	0	0	0	
0.933	0.259259	-1.35769	0.0967742	3.85715	0.933181	0.373272	1	0	0	0	0	0	0	0	0	
0.934	0.259259	-1.35769	0.0967742	3.85715	0.933181	0.373272	1	0	0	0	0	0	0	0	0	
0.935	0.259259	-1.35769	0.0967742	3.85715	0.933181	0.373272	1	0	0	0	0	0	0	0	0	
0.936	0.259259	-1.35769	0.0967742	3.85715	0.933181	0.373272	1	0	0	0	0	0	0	0	0	
0.937	0.259259	-1.35769	0.0967742	3.85715	0.933181	0.373272	1	0	0	0	0	0	0	0	0	
0.938	0.259259	-1.35769	0.0967742	3.85715	0.933181	0.373272	1	0	0	0	0	0	0	0	0	
0.939	0.259259	-1.35769	0.0967742	3.85715	0.933181	0.373272	1	0	0	0	0	0	0	0	0	
0.94	0.259259	-1.35769	0.0967742	3.85715	0.933181	0.373272	1	0	0	0	0	0	0	0	0	
0.941	0.259259	-1.35769	0.0967742	3.85715	0.933181	0.373272	1	0	0	0	0	0	0	0	0	
0.942	0.259259	-1.35769	0.0967742	3.85715	0.933181	0.373272	1	0	0	0	0	0	0	0	0	
0.943	0.259259	-1.35769	0.0967742	3.85715	0.933181	0.373272	1	0	0	0	0	0	0	0	0	
0.944	0.259259	-1.35769	0.0967742	3.85715	0.933181	0.373272	1	0	0	0	0	0	0	0	0	
0.945	0.259259	-1.35769	0.0967742	3.85715	0.933181	0.373272	1	0	0	0	0	0	0	0	0	
0.946	0.259259	-1.35769	0.0967742	3.85715	0.933181	0.373272	1	0	0	0	0	0	0	0	0	
0.947	0.259259	-1.35769	0.0967742	3.85715	0.933181	0.373272	1	0	0	0	0	0	0	0	0	
0.948	0.259259	-1.35769	0.0967742	3.85715	0.933181	0.373272	1	0	0	0	0	0	0	0	0	
0.949	0.259259	-1.35769	0.0967742	3.85715	0.933181	0.373272	1	0	0	0	0	0	0	0	0	
0.95	0.259259	-1.35769	0.0967742	3.85715	0.933181	0.373272	1	0	0	0	0	0	0	0	0	
0.951	0.259259	-1.35769	0.0967742	3.85715	0.933181	0.373272	1	0	0	0	0	0	0	0	0	
0.952	0.259259	-1.35769	0.0967742	3.85715	0.933181	0.373272	1	0	0	0	0	0	0	0	0	
0.953	0.259259	-1.35769	0.0967742	3.85715	0.933181	0.373272	1	0	0	0	0	0	0	0	0	
0.954	0.259259	-1.35769	0.0967742	3.85715	0.933181	0.373272	1	0	0	0	0	0	0	0	0	
0.955	0.259259	-1.35769	0.0967742	3.85715	0.933181	0.373272	1	0	0	0	0	0	0	0	0	
0.956	0.259259	-1.35769	0.0967742	3.85715	0.933181	0.373272	1	0	0	0	0	0	0	0	0	
0.957	0.259259	-1.35769	0.0967742	3.85715	0.933181	0.373272	1	0	0	0	0	0	0	0	0	
0.958	0.259259	-1.35769	0.0967742	3.85715	0.933181	0.373272	1	0	0	0	0	0	0	0	0	
0.959	0.259259	-1.35769	0.0967742	3.85715	0.933181	0.373272	1	0	0	0	0	0	0	0	0	
0.96	0.259259	-1.35769	0.0967742	3.85715	0.933181	0.373272	1	0	0	0	0	0	0	0	0	
0.961	0.259259	-1.35769	0.0967742	3.85715	0.933181	0.373272	1	0	0	0	0	0	0	0	0	
0.962	0.259259	-1.35769	0.0967742	3.85715	0.933181	0.373272	1	0	0	0	0	0	0	0	0	
0.963	0.259259	-1.35769	0.0967742	3.85715	0.933181	0.373272	1	0	0	0	0	0	0	0	0	
0.964	0.259259	-1.35769	0.0967742	3.85715	0.933181	0.373272	1	0	0	0	0	0	0	0	0	
0.965	0.259259	-1.35769	0.0967742	3.85715	0.933181	0.373272	1	0	0	0	0	0	0	0	0	
0.966	0.259259	-1.35769	0.0967742	3.85715	0.933181	0.373272	1	0	0	0	0	0	0	0	0	
0.967	0.259259	-1.35769	0.0967742	3.85715	0.933181	0.373272	1	0	0	0	0	0	0	0	0	
0.968	0.259259	-1.35769	0.0967742	3.85715	0.933181	0.373272	1	0	0	0	0	0	0	0	0	
0.969	0.259259	-1.35769	0.0967742	3.85715	0.933181	0.373272	1	0	0	0	0	0	0	0	0	
0.97	0.259259	-1.35769	0.0967742	3.85715	0.933181	0.373272	1	0	0	0	0	0	0	0	0	
0.971	0.259259	-1.35769	0.0967742	3.85715	0.933181	0.373272	1	0	0	0	0	0	0	0	0	
0.972	0.259259	-1.35769	0.0967742	3.85715	0.933181	0.373272	1	0	0	0	0	0	0	0	0	
0.973	0.259259	-1.35769	0.0967742	3.85715	0.933181	0.373272	1	0	0	0	0	0	0	0	0	
0.974	0.259259	-1.35769	0.0967742	3.85715	0.933181	0.373272	1	0	0	0	0	0	0	0	0	
0.975	0.259259	-1.35769	0.0967742	3.85715	0.933181	0.373272	1	0	0	0	0	0	0	0	0	
0.976	0.259259	-1.35769	0.0967742	3.85715	0.933181	0.373272	1	0	0	0	0	0	0	0	0	
0.977	0.259259	-1.35769	0.0967742	3.85715	0.933181	0.373272	1	0	0	0	0	0	0	0	0	
0.978	0.259259	-1.35769	0.0967742	3.85715	0.933181	0.373272	1	0	0	0	0	0	0	0	0	
0.979	0.259259	-1.35769	0.0967742	3.85715	0.933181	0.373272	1	0	0	0	0	0	0	0	0	
0.98	0.259259	-1.35769	0.0967742	3.85715	0.933181	0.373272	1	0	0	0	0	0	0	0	0	
0.981	0.259259	-1.35769	0.0967742	3.85715	0.933181	0.373272	1	0	0	0	0	0	0	0	0	
0.982	0.259259	-1.35769	0.0967742	3.85715	0.933181	0.373272	1	0	0	0	0	0	0	0	0	
0.983	0.259259	-1.35769	0.0967742	3.85715	0.933181	0.373272	1	0	0	0	0	0	0	0	0	
0.984	0.259259	-1.35769	0.0967742	3.85715	0.933181	0.373272	1	0	0	0	0	0	0	0	0	
0.985	0.259259	-1.35769	0.0967742	3.85715	0.933181	0.373272	1	0	0	0	0	0	0	0	0	
0.986	0.259259	-1.35769	0.0967742	3.85715	0.933181	0.373272	1	0	0	0	0	0	0	0	0	
0.987	0.259259	-1.35769	0.0967742	3.85715	0.933181	0.373272	1	0	0	0	0	0	0	0	0	
0.988	0.259259	-1.35769	0.0967742	3.85715	0.933181	0.373272	1	0	0	0	0	0	0	0	0	
0.989	0.259259	-1.35769	0.0967742	3.85715	0.933181	0.373272	1	0	0	0	0	0	0	0	0	
0.99	0.259259	-1.35769	0.0967742	3.85715	0.933181	0.373272	1	0	0	0	0	0	0	0	0	
0.991	0.259259	-1.35769	0.0967742	3.85715	0.933181	0.373272	1	0	0	0	0	0	0	0	0	
0.992	0.259259	-1.35769	0.0967742	3.85715	0.933181	0.373272	1	0	0	0	0	0	0	0	0	
0.993	0.259259	-1.35769	0.0967742	3.85715	0.933181	0.373272	1	0	0	0	0	0	0	0	0	
0.994	0.259259	-1.35769	0.0967742	3.85715	0.933181	0.373272	1	0	0	0	0	0	0	0	0	
0.995	0.259259	-1.35769	0.0967742	3.85715	0.933181	0.373272	1	0	0	0	0	0	0	0	0	
0.996	0.259259	-1.35769	0.0967742	3.85715	0.933181	0.373272	1	0	0	0	0	0	0	0	0	
0.997	0.259259	-1.35769	0.0967742	3.85715	0.933181	0.373272	1	0	0	0	0	0	0	0	0	
0.998	0.259259	-1.35769	0.0967742	3.85715	0.933181	0.373272	1	0	0	0	0	0	0	0	0	
0.999	0.259259	-1.35769	0.0967742	3.85715	0.933181	0.373272	1	0	0	0	0	0	0	0	0	
1	0.259259	-1.35769	0.0967742	3.85715	0.933181	0.373272	1	0	0	0	0	0	0	0	0	
