|||||||||||||||||||||||||||||||||***SIMULATION: detonation***||||||||||||||||||||||||||||||||||
Sanpshot time = 0.97. Timestep = 2118. Run time = 3 seconds
No. of cells = 1000
#Position	 Density	 Velocity	 Pressure	 Specific_Volume I_Energy	 Temperature	 Species
-0.001	0.893251	-0.000664242	1.11908	1.11951	3.13205	0	0.826241	0	0	0	0	0	0	0	0	
0	0.892306	-0.000223438	1.11909	1.12069	3.13539	0	0.825268	0	0	0	0	0	0	0	0	
0.001	0.892306	0.000223438	1.11909	1.12069	3.13539	1.25416	0.825268	0	0	0	0	0	0	0	0	
0.002	0.893251	0.000664242	1.11908	1.11951	3.13205	1.25282	0.826241	0	0	0	0	0	0	0	0	
0.003	0.886799	0.00114011	1.11911	1.12765	3.15491	1.26196	0.819562	0	0	0	0	0	0	0	0	
0.004	0.901203	0.00155623	1.11902	1.10963	3.10424	1.24169	0.834278	0	0	0	0	0	0	0	0	
0.005	0.876945	0.00207253	1.11913	1.14032	3.19042	1.27617	0.809048	0	0	0	0	0	0	0	0	
0.006	0.883688	0.00262529	1.11908	1.13162	3.16594	1.26638	0.816298	0	0	0	0	0	0	0	0	
0.007	0.890616	0.00312165	1.119	1.12282	3.14109	1.25644	0.823578	0	0	0	0	0	0	0	0	
0.008	0.889825	0.00359501	1.11896	1.12382	3.14376	1.2575	0.822796	0	0	0	0	0	0	0	0	
0.009	0.896962	0.00402597	1.11887	1.11487	3.1185	1.2474	0.830122	0	0	0	0	0	0	0	0	
0.01	0.899599	0.00441764	1.1188	1.11161	3.10916	1.24367	0.832822	0	0	0	0	0	0	0	0	
0.011	0.8986	0.00480225	1.11875	1.11284	3.11247	1.24499	0.831857	0	0	0	0	0	0	0	0	
0.012	0.903839	0.00516059	1.11866	1.10639	3.09419	1.23768	0.837107	0	0	0	0	0	0	0	0	
0.013	0.902762	0.00550813	1.1186	1.10771	3.09771	1.23908	0.836081	0	0	0	0	0	0	0	0	
0.014	0.900207	0.00587008	1.11855	1.11086	3.10636	1.24254	0.833579	0	0	0	0	0	0	0	0	
0.015	0.903252	0.00622447	1.11846	1.10711	3.09566	1.23826	0.836647	0	0	0	0	0	0	0	0	
0.016	0.902563	0.00657424	1.11839	1.10796	3.09783	1.23913	0.836008	0	0	0	0	0	0	0	0	
0.017	0.900519	0.00693581	1.11833	1.11047	3.10468	1.24187	0.834021	0	0	0	0	0	0	0	0	
0.018	0.901315	0.0073	1.11825	1.10949	3.10171	1.24068	0.834866	0	0	0	0	0	0	0	0	
0.019	0.901223	0.00766337	1.11816	1.1096	3.1018	1.24072	0.834826	0	0	0	0	0	0	0	0	
0.02	0.901129	0.00802751	1.11808	1.10972	3.10189	1.24075	0.834788	0	0	0	0	0	0	0	0	
0.021	0.901629	0.00838957	1.11799	1.1091	3.09991	1.23996	0.835347	0	0	0	0	0	0	0	0	
0.022	0.901439	0.00875132	1.11789	1.10934	3.1003	1.24012	0.83523	0	0	0	0	0	0	0	0	
0.023	0.90227	0.00910936	1.11779	1.10832	3.09717	1.23887	0.836142	0	0	0	0	0	0	0	0	
0.024	0.90313	0.00946069	1.11769	1.10726	3.09392	1.23757	0.837102	0	0	0	0	0	0	0	0	
0.025	0.902959	0.00981012	1.11758	1.10747	3.09422	1.23769	0.837063	0	0	0	0	0	0	0	0	
0.026	0.903732	0.010156	1.11747	1.10652	3.09126	1.23651	0.83797	0	0	0	0	0	0	0	0	
0.027	0.904729	0.0104948	1.11735	1.1053	3.08754	1.23501	0.839106	0	0	0	0	0	0	0	0	
0.028	0.90477	0.0108303	1.11724	1.10525	3.08707	1.23483	0.83931	0	0	0	0	0	0	0	0	
0.029	0.904948	0.0111647	1.11712	1.10504	3.08614	1.23446	0.83965	0	0	0	0	0	0	0	0	
0.03	0.905453	0.0114964	1.11699	1.10442	3.08408	1.23363	0.840315	0	0	0	0	0	0	0	0	
0.031	0.905893	0.0118246	1.11687	1.10388	3.08223	1.23289	0.840919	0	0	0	0	0	0	0	0	
0.032	0.906522	0.0121485	1.11674	1.10312	3.07973	1.23189	0.841707	0	0	0	0	0	0	0	0	
0.033	0.907212	0.0124674	1.1166	1.10228	3.07702	1.23081	0.842555	0	0	0	0	0	0	0	0	
0.034	0.907863	0.0127812	1.11647	1.10149	3.07443	1.22977	0.843365	0	0	0	0	0	0	0	0	
0.035	0.908601	0.0130895	1.11633	1.10059	3.07155	1.22862	0.844258	0	0	0	0	0	0	0	0	
0.036	0.909247	0.0133928	1.11618	1.09981	3.06897	1.22759	0.845064	0	0	0	0	0	0	0	0	
0.037	0.909873	0.0136912	1.11604	1.09905	3.06646	1.22659	0.845849	0	0	0	0	0	0	0	0	
0.038	0.910631	0.0139844	1.11589	1.09814	3.0635	1.2254	0.84676	0	0	0	0	0	0	0	0	
0.039	0.911337	0.0142723	1.11574	1.09729	3.06072	1.22429	0.847621	0	0	0	0	0	0	0	0	
0.04	0.912113	0.0145547	1.11558	1.09636	3.05769	1.22308	0.848548	0	0	0	0	0	0	0	0	
0.041	0.913089	0.0148306	1.11543	1.09518	3.05399	1.2216	0.849663	0	0	0	0	0	0	0	0	
0.042	0.913926	0.0151001	1.11527	1.09418	3.05076	1.22031	0.850644	0	0	0	0	0	0	0	0	
0.043	0.9145	0.0153647	1.11511	1.09349	3.04841	1.21937	0.851377	0	0	0	0	0	0	0	0	
0.044	0.914979	0.0156258	1.11495	1.09292	3.04638	1.21855	0.85202	0	0	0	0	0	0	0	0	
0.045	0.915339	0.0158841	1.11479	1.09249	3.04474	1.2179	0.852551	0	0	0	0	0	0	0	0	
0.046	0.915438	0.0161414	1.11462	1.09237	3.04397	1.21759	0.852838	0	0	0	0	0	0	0	0	
0.047	0.915403	0.016399	1.11446	1.09241	3.04363	1.21745	0.853001	0	0	0	0	0	0	0	0	
0.048	0.915648	0.016656	1.11429	1.09212	3.04237	1.21695	0.853426	0	0	0	0	0	0	0	0	
0.049	0.916394	0.0169098	1.11412	1.09123	3.03942	1.21577	0.854322	0	0	0	0	0	0	0	0	
0.05	0.917443	0.0171574	1.11395	1.08999	3.03547	1.21419	0.855497	0	0	0	0	0	0	0	0	
0.051	0.918471	0.0173983	1.11377	1.08877	3.0316	1.21264	0.856651	0	0	0	0	0	0	0	0	
0.052	0.919287	0.0176331	1.1136	1.0878	3.02842	1.21137	0.857606	0	0	0	0	0	0	0	0	
0.053	0.919849	0.0178636	1.11342	1.08713	3.02609	1.21044	0.858326	0	0	0	0	0	0	0	0	
0.054	0.920236	0.0180914	1.11324	1.08668	3.02434	1.20973	0.858884	0	0	0	0	0	0	0	0	
0.055	0.920556	0.0183173	1.11306	1.0863	3.0228	1.20912	0.859381	0	0	0	0	0	0	0	0	
0.056	0.920866	0.0185416	1.11288	1.08593	3.02129	1.20852	0.859868	0	0	0	0	0	0	0	0	
0.057	0.921203	0.0187642	1.1127	1.08554	3.0197	1.20788	0.86038	0	0	0	0	0	0	0	0	
0.058	0.921588	0.018985	1.11252	1.08508	3.01794	1.20718	0.860937	0	0	0	0	0	0	0	0	
0.059	0.922015	0.0192037	1.11234	1.08458	3.01605	1.20642	0.861531	0	0	0	0	0	0	0	0	
0.06	0.922474	0.01942	1.11215	1.08404	3.01404	1.20562	0.862155	0	0	0	0	0	0	0	0	
0.061	0.922971	0.0196338	1.11196	1.08346	3.01191	1.20476	0.862812	0	0	0	0	0	0	0	0	
0.062	0.923491	0.0198448	1.11177	1.08285	3.00971	1.20388	0.86349	0	0	0	0	0	0	0	0	
0.063	0.924016	0.020053	1.11159	1.08223	3.00749	1.20299	0.864172	0	0	0	0	0	0	0	0	
0.064	0.924539	0.0202584	1.1114	1.08162	3.00527	1.20211	0.864851	0	0	0	0	0	0	0	0	
0.065	0.925048	0.0204611	1.1112	1.08102	3.0031	1.20124	0.865517	0	0	0	0	0	0	0	0	
0.066	0.925538	0.0206611	1.11101	1.08045	3.00099	1.2004	0.866166	0	0	0	0	0	0	0	0	
0.067	0.926017	0.0208587	1.11082	1.07989	2.99892	1.19957	0.866803	0	0	0	0	0	0	0	0	
0.068	0.926492	0.0210539	1.11063	1.07934	2.99686	1.19875	0.867437	0	0	0	0	0	0	0	0	
0.069	0.926958	0.0212467	1.11043	1.0788	2.99483	1.19793	0.868063	0	0	0	0	0	0	0	0	
0.07	0.927375	0.0214373	1.11024	1.07831	2.99296	1.19719	0.868643	0	0	0	0	0	0	0	0	
0.071	0.927648	0.0216264	1.11005	1.07799	2.99156	1.19662	0.869097	0	0	0	0	0	0	0	0	
0.072	0.92774	0.0218151	1.10985	1.07789	2.99074	1.1963	0.86939	0	0	0	0	0	0	0	0	
0.073	0.927781	0.0220039	1.10966	1.07784	2.99009	1.19603	0.869637	0	0	0	0	0	0	0	0	
0.074	0.928033	0.0221923	1.10946	1.07755	2.98875	1.1955	0.870071	0	0	0	0	0	0	0	0	
0.075	0.928689	0.0223782	1.10927	1.07679	2.9861	1.19444	0.870858	0	0	0	0	0	0	0	0	
0.076	0.929712	0.0225594	1.10907	1.0756	2.98229	1.19291	0.871964	0	0	0	0	0	0	0	0	
0.077	0.930872	0.0227345	1.10887	1.07426	2.97803	1.19121	0.873188	0	0	0	0	0	0	0	0	
0.078	0.931924	0.0229035	1.10867	1.07305	2.97413	1.18965	0.874314	0	0	0	0	0	0	0	0	
0.079	0.932738	0.0230675	1.10847	1.07211	2.971	1.1884	0.875231	0	0	0	0	0	0	0	0	
0.08	0.933317	0.0232278	1.10827	1.07145	2.96863	1.18745	0.875944	0	0	0	0	0	0	0	0	
0.081	0.93375	0.0233856	1.10807	1.07095	2.96672	1.18669	0.876529	0	0	0	0	0	0	0	0	
0.082	0.934127	0.0235416	1.10787	1.07052	2.965	1.186	0.877064	0	0	0	0	0	0	0	0	
0.083	0.9345	0.0236958	1.10768	1.07009	2.96328	1.18531	0.877596	0	0	0	0	0	0	0	0	
0.084	0.934885	0.0238484	1.10748	1.06965	2.96154	1.18461	0.878136	0	0	0	0	0	0	0	0	
0.085	0.935277	0.0239993	1.10728	1.0692	2.95977	1.18391	0.878681	0	0	0	0	0	0	0	0	
0.086	0.93567	0.0241484	1.10708	1.06875	2.958	1.1832	0.879227	0	0	0	0	0	0	0	0	
0.087	0.936061	0.0242959	1.10689	1.06831	2.95624	1.18249	0.87977	0	0	0	0	0	0	0	0	
0.088	0.936457	0.0244417	1.10669	1.06785	2.95446	1.18178	0.880316	0	0	0	0	0	0	0	0	
0.089	0.936863	0.0245858	1.10649	1.06739	2.95265	1.18106	0.88087	0	0	0	0	0	0	0	0	
0.09	0.937281	0.0247283	1.1063	1.06692	2.95081	1.18032	0.881433	0	0	0	0	0	0	0	0	
0.091	0.937715	0.0248689	1.1061	1.06642	2.94892	1.17957	0.882009	0	0	0	0	0	0	0	0	
0.092	0.938163	0.0250078	1.1059	1.06591	2.94698	1.17879	0.882595	0	0	0	0	0	0	0	0	
0.093	0.93862	0.0251448	1.1057	1.06539	2.94502	1.17801	0.883187	0	0	0	0	0	0	0	0	
0.094	0.939069	0.02528	1.10551	1.06488	2.94309	1.17724	0.883773	0	0	0	0	0	0	0	0	
0.095	0.939468	0.0254137	1.10531	1.06443	2.94131	1.17652	0.884316	0	0	0	0	0	0	0	0	
0.096	0.939746	0.0255462	1.10511	1.06412	2.93992	1.17597	0.884758	0	0	0	0	0	0	0	0	
0.097	0.939871	0.0256785	1.10491	1.06398	2.939	1.1756	0.885074	0	0	0	0	0	0	0	0	
0.098	0.939919	0.025811	1.10472	1.06392	2.93833	1.17533	0.885326	0	0	0	0	0	0	0	0	
0.099	0.940069	0.0259437	1.10452	1.06375	2.93733	1.17493	0.885661	0	0	0	0	0	0	0	0	
0.1	0.940484	0.0260755	1.10432	1.06328	2.93551	1.1742	0.886213	0	0	0	0	0	0	0	0	
0.101	0.941191	0.026205	1.10412	1.06248	2.93277	1.17311	0.887004	0	0	0	0	0	0	0	0	
0.102	0.942072	0.0263311	1.10392	1.06149	2.92949	1.1718	0.887935	0	0	0	0	0	0	0	0	
0.103	0.942943	0.0264535	1.10372	1.06051	2.92625	1.1705	0.888856	0	0	0	0	0	0	0	0	
0.104	0.943664	0.0265725	1.10351	1.0597	2.92348	1.16939	0.889654	0	0	0	0	0	0	0	0	
0.105	0.944185	0.0266892	1.10331	1.05912	2.92134	1.16853	0.890289	0	0	0	0	0	0	0	0	
0.106	0.944541	0.0268042	1.10311	1.05872	2.9197	1.16788	0.89079	0	0	0	0	0	0	0	0	
0.107	0.944809	0.0269184	1.10291	1.05842	2.91834	1.16734	0.891219	0	0	0	0	0	0	0	0	
0.108	0.94506	0.0270319	1.10271	1.05813	2.91704	1.16682	0.891633	0	0	0	0	0	0	0	0	
0.109	0.945344	0.0271447	1.10251	1.05782	2.91563	1.16625	0.892073	0	0	0	0	0	0	0	0	
0.11	0.945684	0.0272565	1.10231	1.05744	2.91405	1.16562	0.892557	0	0	0	0	0	0	0	0	
0.111	0.946078	0.0273671	1.10211	1.057	2.9123	1.16492	0.893083	0	0	0	0	0	0	0	0	
0.112	0.946507	0.0274762	1.10191	1.05652	2.91045	1.16418	0.893636	0	0	0	0	0	0	0	0	
0.113	0.946947	0.0275837	1.1017	1.05603	2.90857	1.16343	0.894196	0	0	0	0	0	0	0	0	
0.114	0.947369	0.0276896	1.1015	1.05555	2.90674	1.1627	0.894742	0	0	0	0	0	0	0	0	
0.115	0.947752	0.0277941	1.1013	1.05513	2.90504	1.16202	0.895255	0	0	0	0	0	0	0	0	
0.116	0.948085	0.0278973	1.1011	1.05476	2.90349	1.1614	0.895729	0	0	0	0	0	0	0	0	
0.117	0.948373	0.0279995	1.1009	1.05444	2.90208	1.16083	0.896167	0	0	0	0	0	0	0	0	
0.118	0.948635	0.0281009	1.1007	1.05415	2.90075	1.1603	0.896583	0	0	0	0	0	0	0	0	
0.119	0.948886	0.0282014	1.1005	1.05387	2.89946	1.15978	0.896992	0	0	0	0	0	0	0	0	
0.12	0.949136	0.0283012	1.1003	1.05359	2.89817	1.15927	0.897398	0	0	0	0	0	0	0	0	
0.121	0.949382	0.0284002	1.1001	1.05332	2.89689	1.15876	0.897801	0	0	0	0	0	0	0	0	
0.122	0.949631	0.0284985	1.0999	1.05304	2.89561	1.15824	0.898205	0	0	0	0	0	0	0	0	
0.123	0.949912	0.0285959	1.09971	1.05273	2.89423	1.15769	0.898633	0	0	0	0	0	0	0	0	
0.124	0.950269	0.0286922	1.09951	1.05233	2.89262	1.15705	0.899118	0	0	0	0	0	0	0	0	
0.125	0.950736	0.0287869	1.09931	1.05182	2.89068	1.15627	0.899687	0	0	0	0	0	0	0	0	
0.126	0.951305	0.0288797	1.09911	1.05119	2.88843	1.15537	0.900332	0	0	0	0	0	0	0	0	
0.127	0.951919	0.0289702	1.09891	1.05051	2.88605	1.15442	0.90101	0	0	0	0	0	0	0	0	
0.128	0.952501	0.0290584	1.09871	1.04987	2.88376	1.1535	0.901663	0	0	0	0	0	0	0	0	
0.129	0.952993	0.0291446	1.09852	1.04933	2.88175	1.1527	0.902246	0	0	0	0	0	0	0	0	
0.13	0.953375	0.0292293	1.09832	1.04891	2.88008	1.15203	0.902744	0	0	0	0	0	0	0	0	
0.131	0.953667	0.0293129	1.09812	1.04858	2.87869	1.15148	0.903174	0	0	0	0	0	0	0	0	
0.132	0.953912	0.0293956	1.09793	1.04832	2.87744	1.15097	0.903568	0	0	0	0	0	0	0	0	
0.133	0.954152	0.0294776	1.09773	1.04805	2.8762	1.15048	0.903957	0	0	0	0	0	0	0	0	
0.134	0.954415	0.029559	1.09754	1.04776	2.8749	1.14996	0.904363	0	0	0	0	0	0	0	0	
0.135	0.954712	0.0296394	1.09734	1.04744	2.87349	1.1494	0.904792	0	0	0	0	0	0	0	0	
0.136	0.955037	0.0297189	1.09715	1.04708	2.87201	1.1488	0.905242	0	0	0	0	0	0	0	0	
0.137	0.955372	0.0297974	1.09696	1.04671	2.8705	1.1482	0.905698	0	0	0	0	0	0	0	0	
0.138	0.955699	0.0298748	1.09676	1.04636	2.86901	1.1476	0.906148	0	0	0	0	0	0	0	0	
0.139	0.956006	0.0299514	1.09657	1.04602	2.86758	1.14703	0.906582	0	0	0	0	0	0	0	0	
0.14	0.956295	0.030027	1.09638	1.0457	2.86621	1.14649	0.907002	0	0	0	0	0	0	0	0	
0.141	0.956579	0.030102	1.09619	1.04539	2.86486	1.14594	0.907418	0	0	0	0	0	0	0	0	
0.142	0.956875	0.0301761	1.09599	1.04507	2.86347	1.14539	0.907841	0	0	0	0	0	0	0	0	
0.143	0.957191	0.0302494	1.0958	1.04472	2.86203	1.14481	0.908279	0	0	0	0	0	0	0	0	
0.144	0.957518	0.030322	1.09561	1.04437	2.86055	1.14422	0.908723	0	0	0	0	0	0	0	0	
0.145	0.957832	0.0303937	1.09542	1.04402	2.85911	1.14365	0.909158	0	0	0	0	0	0	0	0	
0.146	0.958113	0.0304648	1.09523	1.04372	2.85778	1.14311	0.909568	0	0	0	0	0	0	0	0	
0.147	0.958363	0.0305354	1.09504	1.04345	2.85654	1.14262	0.909954	0	0	0	0	0	0	0	0	
0.148	0.958607	0.0306057	1.09485	1.04318	2.85531	1.14212	0.910337	0	0	0	0	0	0	0	0	
0.149	0.958884	0.0306755	1.09466	1.04288	2.85399	1.1416	0.910742	0	0	0	0	0	0	0	0	
0.15	0.959219	0.0307448	1.09447	1.04251	2.8525	1.141	0.911188	0	0	0	0	0	0	0	0	
0.151	0.959612	0.0308133	1.09428	1.04209	2.85084	1.14033	0.911673	0	0	0	0	0	0	0	0	
0.152	0.960038	0.030881	1.09409	1.04162	2.84907	1.13963	0.912183	0	0	0	0	0	0	0	0	
0.153	0.960463	0.0309477	1.0939	1.04116	2.84732	1.13893	0.91269	0	0	0	0	0	0	0	0	
0.154	0.960854	0.0310137	1.09371	1.04074	2.84566	1.13827	0.913172	0	0	0	0	0	0	0	0	
0.155	0.961191	0.031079	1.09352	1.04038	2.84417	1.13767	0.913615	0	0	0	0	0	0	0	0	
0.156	0.961475	0.031144	1.09333	1.04007	2.84283	1.13713	0.914021	0	0	0	0	0	0	0	0	
0.157	0.961726	0.0312087	1.09313	1.0398	2.8416	1.13664	0.914403	0	0	0	0	0	0	0	0	
0.158	0.96197	0.0312733	1.09294	1.03953	2.84038	1.13615	0.914779	0	0	0	0	0	0	0	0	
0.159	0.962228	0.0313377	1.09275	1.03925	2.83912	1.13565	0.915164	0	0	0	0	0	0	0	0	
0.16	0.962508	0.0314018	1.09256	1.03895	2.8378	1.13512	0.915564	0	0	0	0	0	0	0	0	
0.161	0.962802	0.0314657	1.09237	1.03864	2.83644	1.13458	0.915972	0	0	0	0	0	0	0	0	
0.162	0.963093	0.0315292	1.09218	1.03832	2.83509	1.13404	0.916379	0	0	0	0	0	0	0	0	
0.163	0.963371	0.0315923	1.09199	1.03802	2.83378	1.13351	0.916776	0	0	0	0	0	0	0	0	
0.164	0.963636	0.031655	1.0918	1.03774	2.83251	1.133	0.917163	0	0	0	0	0	0	0	0	
0.165	0.963894	0.0317175	1.09161	1.03746	2.83126	1.1325	0.917545	0	0	0	0	0	0	0	0	
0.166	0.964159	0.0317795	1.09142	1.03717	2.82999	1.13199	0.91793	0	0	0	0	0	0	0	0	
0.167	0.964436	0.031841	1.09123	1.03688	2.82868	1.13147	0.918324	0	0	0	0	0	0	0	0	
0.168	0.964726	0.031902	1.09104	1.03656	2.82734	1.13094	0.918725	0	0	0	0	0	0	0	0	
0.169	0.965022	0.0319623	1.09086	1.03625	2.82599	1.13039	0.919129	0	0	0	0	0	0	0	0	
0.17	0.965318	0.0320219	1.09067	1.03593	2.82463	1.12985	0.919533	0	0	0	0	0	0	0	0	
0.171	0.965615	0.0320807	1.09048	1.03561	2.82328	1.12931	0.919937	0	0	0	0	0	0	0	0	
0.172	0.965916	0.0321387	1.09029	1.03529	2.82192	1.12877	0.920342	0	0	0	0	0	0	0	0	
0.173	0.966217	0.0321958	1.09011	1.03496	2.82056	1.12822	0.920746	0	0	0	0	0	0	0	0	
0.174	0.966507	0.032252	1.08992	1.03465	2.81923	1.12769	0.921142	0	0	0	0	0	0	0	0	
0.175	0.966775	0.0323074	1.08974	1.03437	2.81797	1.12719	0.921522	0	0	0	0	0	0	0	0	
0.176	0.967015	0.0323619	1.08956	1.03411	2.8168	1.12672	0.921883	0	0	0	0	0	0	0	0	
0.177	0.967233	0.0324157	1.08937	1.03388	2.8157	1.12628	0.922228	0	0	0	0	0	0	0	0	
0.178	0.967439	0.0324687	1.08919	1.03366	2.81463	1.12585	0.922564	0	0	0	0	0	0	0	0	
0.179	0.967649	0.0325211	1.08901	1.03343	2.81355	1.12542	0.922902	0	0	0	0	0	0	0	0	
0.18	0.967873	0.0325726	1.08883	1.03319	2.81244	1.12498	0.923249	0	0	0	0	0	0	0	0	
0.181	0.968118	0.0326234	1.08866	1.03293	2.81127	1.12451	0.923608	0	0	0	0	0	0	0	0	
0.182	0.968382	0.0326734	1.08848	1.03265	2.81005	1.12402	0.923979	0	0	0	0	0	0	0	0	
0.183	0.968665	0.0327225	1.0883	1.03235	2.80877	1.12351	0.924361	0	0	0	0	0	0	0	0	
0.184	0.96896	0.0327707	1.08813	1.03203	2.80746	1.12299	0.92475	0	0	0	0	0	0	0	0	
0.185	0.969261	0.032818	1.08795	1.03171	2.80614	1.12246	0.925141	0	0	0	0	0	0	0	0	
0.186	0.969558	0.0328645	1.08778	1.0314	2.80483	1.12193	0.92553	0	0	0	0	0	0	0	0	
0.187	0.969848	0.0329103	1.08761	1.03109	2.80355	1.12142	0.925913	0	0	0	0	0	0	0	0	
0.188	0.970128	0.0329554	1.08743	1.03079	2.8023	1.12092	0.926288	0	0	0	0	0	0	0	0	
0.189	0.970396	0.0330001	1.08726	1.03051	2.80108	1.12043	0.926656	0	0	0	0	0	0	0	0	
0.19	0.970654	0.0330443	1.08709	1.03023	2.79989	1.11996	0.927015	0	0	0	0	0	0	0	0	
0.191	0.9709	0.0330882	1.08692	1.02997	2.79874	1.1195	0.927367	0	0	0	0	0	0	0	0	
0.192	0.971137	0.0331319	1.08675	1.02972	2.79762	1.11905	0.927713	0	0	0	0	0	0	0	0	
0.193	0.971364	0.0331754	1.08658	1.02948	2.79652	1.11861	0.928051	0	0	0	0	0	0	0	0	
0.194	0.971581	0.0332189	1.08641	1.02925	2.79546	1.11818	0.928384	0	0	0	0	0	0	0	0	
0.195	0.97179	0.0332624	1.08623	1.02903	2.79442	1.11777	0.92871	0	0	0	0	0	0	0	0	
0.196	0.972	0.033306	1.08606	1.02881	2.79337	1.11735	0.929037	0	0	0	0	0	0	0	0	
0.197	0.972223	0.0333496	1.08589	1.02857	2.79229	1.11692	0.929371	0	0	0	0	0	0	0	0	
0.198	0.97247	0.0333932	1.08572	1.02831	2.79114	1.11646	0.92972	0	0	0	0	0	0	0	0	
0.199	0.972743	0.0334367	1.08555	1.02802	2.78992	1.11597	0.930085	0	0	0	0	0	0	0	0	
0.2	0.973033	0.03348	1.08538	1.02771	2.78864	1.11546	0.930459	0	0	0	0	0	0	0	0	
0.201	0.973324	0.0335231	1.0852	1.02741	2.78737	1.11495	0.930834	0	0	0	0	0	0	0	0	
0.202	0.973602	0.0335658	1.08503	1.02711	2.78613	1.11445	0.9312	0	0	0	0	0	0	0	0	
0.203	0.973859	0.0336082	1.08486	1.02684	2.78495	1.11398	0.931552	0	0	0	0	0	0	0	0	
0.204	0.974094	0.0336504	1.08469	1.02659	2.78384	1.11353	0.931891	0	0	0	0	0	0	0	0	
0.205	0.974314	0.0336922	1.08452	1.02636	2.78277	1.11311	0.932219	0	0	0	0	0	0	0	0	
0.206	0.974525	0.0337337	1.08435	1.02614	2.78173	1.11269	0.932542	0	0	0	0	0	0	0	0	
0.207	0.974734	0.0337747	1.08417	1.02592	2.78069	1.11228	0.932863	0	0	0	0	0	0	0	0	
0.208	0.974945	0.0338153	1.084	1.0257	2.77966	1.11186	0.933184	0	0	0	0	0	0	0	0	
0.209	0.97516	0.0338553	1.08384	1.02547	2.77861	1.11144	0.933507	0	0	0	0	0	0	0	0	
0.21	0.975379	0.0338947	1.08367	1.02524	2.77755	1.11102	0.933831	0	0	0	0	0	0	0	0	
0.211	0.975601	0.0339334	1.0835	1.02501	2.77649	1.1106	0.934157	0	0	0	0	0	0	0	0	
0.212	0.975825	0.0339714	1.08333	1.02477	2.77543	1.11017	0.934483	0	0	0	0	0	0	0	0	
0.213	0.97605	0.0340087	1.08317	1.02454	2.77436	1.10974	0.934809	0	0	0	0	0	0	0	0	
0.214	0.976275	0.0340453	1.083	1.0243	2.7733	1.10932	0.935134	0	0	0	0	0	0	0	0	
0.215	0.9765	0.0340812	1.08284	1.02407	2.77224	1.10889	0.935458	0	0	0	0	0	0	0	0	
0.216	0.976722	0.0341165	1.08267	1.02383	2.77119	1.10848	0.93578	0	0	0	0	0	0	0	0	
0.217	0.976936	0.0341511	1.08251	1.02361	2.77016	1.10806	0.936097	0	0	0	0	0	0	0	0	
0.218	0.977134	0.0341853	1.08235	1.0234	2.76919	1.10768	0.936403	0	0	0	0	0	0	0	0	
0.219	0.977303	0.0342191	1.08219	1.02322	2.76829	1.10732	0.936692	0	0	0	0	0	0	0	0	
0.22	0.977441	0.0342527	1.08202	1.02308	2.76749	1.107	0.936963	0	0	0	0	0	0	0	0	
0.221	0.97756	0.0342863	1.08186	1.02296	2.76674	1.1067	0.937221	0	0	0	0	0	0	0	0	
0.222	0.977693	0.0343199	1.0817	1.02282	2.76596	1.10638	0.937488	0	0	0	0	0	0	0	0	
0.223	0.977879	0.0343535	1.08154	1.02262	2.76502	1.10601	0.937784	0	0	0	0	0	0	0	0	
0.224	0.978146	0.034387	1.08138	1.02234	2.76386	1.10554	0.938126	0	0	0	0	0	0	0	0	
0.225	0.978489	0.0344202	1.08122	1.02198	2.76248	1.10499	0.938511	0	0	0	0	0	0	0	0	
0.226	0.978876	0.0344529	1.08106	1.02158	2.76098	1.10439	0.938921	0	0	0	0	0	0	0	0	
0.227	0.979259	0.0344853	1.0809	1.02118	2.75948	1.10379	0.939328	0	0	0	0	0	0	0	0	
0.228	0.9796	0.0345174	1.08074	1.02083	2.75811	1.10325	0.93971	0	0	0	0	0	0	0	0	
0.229	0.979877	0.0345493	1.08058	1.02054	2.75692	1.10277	0.940057	0	0	0	0	0	0	0	0	
0.23	0.980092	0.0345812	1.08042	1.02031	2.75591	1.10236	0.940367	0	0	0	0	0	0	0	0	
0.231	0.980262	0.0346132	1.08026	1.02014	2.75502	1.10201	0.940651	0	0	0	0	0	0	0	0	
0.232	0.980406	0.0346454	1.0801	1.01999	2.75421	1.10168	0.940921	0	0	0	0	0	0	0	0	
0.233	0.980546	0.0346778	1.07994	1.01984	2.7534	1.10136	0.941188	0	0	0	0	0	0	0	0	
0.234	0.980694	0.0347104	1.07978	1.01969	2.75258	1.10103	0.941459	0	0	0	0	0	0	0	0	
0.235	0.980855	0.034743	1.07962	1.01952	2.75172	1.10069	0.941736	0	0	0	0	0	0	0	0	
0.236	0.981031	0.0347756	1.07946	1.01934	2.75082	1.10033	0.942022	0	0	0	0	0	0	0	0	
0.237	0.98122	0.0348081	1.0793	1.01914	2.74988	1.09995	0.942314	0	0	0	0	0	0	0	0	
0.238	0.981419	0.0348404	1.07914	1.01893	2.74892	1.09957	0.942611	0	0	0	0	0	0	0	0	
0.239	0.981622	0.0348726	1.07898	1.01872	2.74795	1.09918	0.94291	0	0	0	0	0	0	0	0	
0.24	0.981827	0.0349045	1.07882	1.01851	2.74697	1.09879	0.943209	0	0	0	0	0	0	0	0	
0.241	0.982031	0.0349362	1.07866	1.0183	2.746	1.0984	0.943507	0	0	0	0	0	0	0	0	
0.242	0.982231	0.0349677	1.0785	1.01809	2.74504	1.09802	0.943802	0	0	0	0	0	0	0	0	
0.243	0.982422	0.0349989	1.07835	1.01789	2.74411	1.09764	0.944092	0	0	0	0	0	0	0	0	
0.244	0.982596	0.0350301	1.07819	1.01771	2.74322	1.09729	0.944373	0	0	0	0	0	0	0	0	
0.245	0.98275	0.0350612	1.07804	1.01755	2.7424	1.09696	0.944642	0	0	0	0	0	0	0	0	
0.246	0.982893	0.0350923	1.07788	1.0174	2.7416	1.09664	0.944906	0	0	0	0	0	0	0	0	
0.247	0.983047	0.0351235	1.07772	1.01725	2.74077	1.09631	0.945174	0	0	0	0	0	0	0	0	
0.248	0.983231	0.0351547	1.07757	1.01706	2.73987	1.09595	0.945457	0	0	0	0	0	0	0	0	
0.249	0.983454	0.0351859	1.07741	1.01682	2.73885	1.09554	0.945761	0	0	0	0	0	0	0	0	
0.25	0.98371	0.0352169	1.07726	1.01656	2.73774	1.0951	0.946081	0	0	0	0	0	0	0	0	
0.251	0.983977	0.0352478	1.0771	1.01628	2.7366	1.09464	0.946407	0	0	0	0	0	0	0	0	
0.252	0.984236	0.0352786	1.07695	1.01602	2.73549	1.0942	0.946728	0	0	0	0	0	0	0	0	
0.253	0.984472	0.0353092	1.07679	1.01577	2.73444	1.09378	0.947037	0	0	0	0	0	0	0	0	
0.254	0.984681	0.0353397	1.07664	1.01556	2.73347	1.09339	0.947331	0	0	0	0	0	0	0	0	
0.255	0.984867	0.03537	1.07648	1.01537	2.73256	1.09302	0.947613	0	0	0	0	0	0	0	0	
0.256	0.985039	0.0354003	1.07633	1.01519	2.73169	1.09268	0.947887	0	0	0	0	0	0	0	0	
0.257	0.985208	0.0354304	1.07617	1.01501	2.73083	1.09233	0.948159	0	0	0	0	0	0	0	0	
0.258	0.985381	0.0354602	1.07602	1.01484	2.72996	1.09198	0.948432	0	0	0	0	0	0	0	0	
0.259	0.985557	0.0354896	1.07587	1.01465	2.72909	1.09163	0.948706	0	0	0	0	0	0	0	0	
0.26	0.985735	0.0355185	1.07572	1.01447	2.72821	1.09128	0.948981	0	0	0	0	0	0	0	0	
0.261	0.985912	0.0355469	1.07557	1.01429	2.72733	1.09093	0.949254	0	0	0	0	0	0	0	0	
0.262	0.98609	0.0355746	1.07542	1.01411	2.72646	1.09059	0.949527	0	0	0	0	0	0	0	0	
0.263	0.986269	0.0356015	1.07527	1.01392	2.72559	1.09024	0.9498	0	0	0	0	0	0	0	0	
0.264	0.986449	0.0356276	1.07512	1.01374	2.72472	1.08989	0.950073	0	0	0	0	0	0	0	0	
0.265	0.986628	0.0356528	1.07497	1.01355	2.72386	1.08954	0.950345	0	0	0	0	0	0	0	0	
0.266	0.986802	0.0356771	1.07483	1.01337	2.72301	1.0892	0.950613	0	0	0	0	0	0	0	0	
0.267	0.98696	0.0357004	1.07469	1.01321	2.72221	1.08888	0.950872	0	0	0	0	0	0	0	0	
0.268	0.987091	0.0357229	1.07454	1.01308	2.72149	1.0886	0.951118	0	0	0	0	0	0	0	0	
0.269	0.987191	0.0357447	1.0744	1.01298	2.72086	1.08834	0.951348	0	0	0	0	0	0	0	0	
0.27	0.987275	0.0357658	1.07427	1.01289	2.72028	1.08811	0.951569	0	0	0	0	0	0	0	0	
0.271	0.987374	0.0357863	1.07413	1.01279	2.71966	1.08786	0.951797	0	0	0	0	0	0	0	0	
0.272	0.987528	0.0358063	1.07399	1.01263	2.71889	1.08756	0.95205	0	0	0	0	0	0	0	0	
0.273	0.987759	0.0358257	1.07386	1.01239	2.71791	1.08716	0.95234	0	0	0	0	0	0	0	0	
0.274	0.988064	0.0358445	1.07372	1.01208	2.71673	1.08669	0.952665	0	0	0	0	0	0	0	0	
0.275	0.988409	0.0358626	1.07359	1.01173	2.71544	1.08617	0.953008	0	0	0	0	0	0	0	0	
0.276	0.988747	0.0358803	1.07345	1.01138	2.71417	1.08567	0.953347	0	0	0	0	0	0	0	0	
0.277	0.989037	0.0358978	1.07332	1.01108	2.71303	1.08521	0.953664	0	0	0	0	0	0	0	0	
0.278	0.989267	0.0359154	1.07318	1.01085	2.71206	1.08482	0.953951	0	0	0	0	0	0	0	0	
0.279	0.989443	0.0359333	1.07305	1.01067	2.71124	1.08449	0.954213	0	0	0	0	0	0	0	0	
0.28	0.989583	0.0359518	1.07291	1.01053	2.71051	1.0842	0.954457	0	0	0	0	0	0	0	0	
0.281	0.989704	0.0359712	1.07277	1.0104	2.70983	1.08393	0.954693	0	0	0	0	0	0	0	0	
0.282	0.989821	0.0359915	1.07263	1.01028	2.70916	1.08366	0.954927	0	0	0	0	0	0	0	0	
0.283	0.989944	0.0360128	1.07249	1.01016	2.70847	1.08339	0.955163	0	0	0	0	0	0	0	0	
0.284	0.99008	0.0360352	1.07235	1.01002	2.70775	1.0831	0.955406	0	0	0	0	0	0	0	0	
0.285	0.990227	0.0360587	1.07221	1.00987	2.70698	1.08279	0.955654	0	0	0	0	0	0	0	0	
0.286	0.990381	0.0360832	1.07207	1.00971	2.7062	1.08248	0.955905	0	0	0	0	0	0	0	0	
0.287	0.990536	0.0361087	1.07192	1.00955	2.70541	1.08216	0.956157	0	0	0	0	0	0	0	0	
0.288	0.990694	0.0361351	1.07178	1.00939	2.70461	1.08184	0.95641	0	0	0	0	0	0	0	0	
0.289	0.990855	0.0361622	1.07163	1.00923	2.7038	1.08152	0.956665	0	0	0	0	0	0	0	0	
0.29	0.991016	0.03619	1.07148	1.00907	2.70299	1.0812	0.956919	0	0	0	0	0	0	0	0	
0.291	0.991168	0.0362184	1.07133	1.00891	2.7022	1.08088	0.95717	0	0	0	0	0	0	0	0	
0.292	0.991303	0.036247	1.07118	1.00877	2.70146	1.08058	0.957412	0	0	0	0	0	0	0	0	
0.293	0.99142	0.0362759	1.07104	1.00865	2.70076	1.0803	0.957647	0	0	0	0	0	0	0	0	
0.294	0.991534	0.0363048	1.07089	1.00854	2.70008	1.08003	0.95788	0	0	0	0	0	0	0	0	
0.295	0.991666	0.0363335	1.07074	1.0084	2.69934	1.07974	0.95812	0	0	0	0	0	0	0	0	
0.296	0.991837	0.0363618	1.07059	1.00823	2.6985	1.0794	0.958376	0	0	0	0	0	0	0	0	
0.297	0.99205	0.0363893	1.07044	1.00801	2.69756	1.07902	0.958651	0	0	0	0	0	0	0	0	
0.298	0.992288	0.0364159	1.0703	1.00777	2.69654	1.07862	0.958935	0	0	0	0	0	0	0	0	
0.299	0.992523	0.0364415	1.07015	1.00753	2.69554	1.07822	0.959217	0	0	0	0	0	0	0	0	
0.3	0.992732	0.0364659	1.07001	1.00732	2.69461	1.07785	0.959487	0	0	0	0	0	0	0	0	
0.301	0.992911	0.0364891	1.06987	1.00714	2.69377	1.07751	0.959743	0	0	0	0	0	0	0	0	
0.302	0.993067	0.0365111	1.06973	1.00698	2.693	1.0772	0.959989	0	0	0	0	0	0	0	0	
0.303	0.993209	0.0365321	1.0696	1.00684	2.69227	1.07691	0.960228	0	0	0	0	0	0	0	0	
0.304	0.993339	0.0365519	1.06946	1.00671	2.69158	1.07663	0.960461	0	0	0	0	0	0	0	0	
0.305	0.993461	0.0365708	1.06933	1.00658	2.69091	1.07637	0.960689	0	0	0	0	0	0	0	0	
0.306	0.993581	0.0365888	1.0692	1.00646	2.69026	1.0761	0.960916	0	0	0	0	0	0	0	0	
0.307	0.993711	0.0366059	1.06907	1.00633	2.68958	1.07583	0.961147	0	0	0	0	0	0	0	0	
0.308	0.993857	0.0366224	1.06894	1.00618	2.68886	1.07554	0.961384	0	0	0	0	0	0	0	0	
0.309	0.994017	0.0366383	1.06881	1.00602	2.6881	1.07524	0.961626	0	0	0	0	0	0	0	0	
0.31	0.994183	0.0366537	1.06868	1.00585	2.68734	1.07493	0.961869	0	0	0	0	0	0	0	0	
0.311	0.99435	0.0366689	1.06855	1.00568	2.68656	1.07463	0.962113	0	0	0	0	0	0	0	0	
0.312	0.994523	0.0366839	1.06843	1.00551	2.68578	1.07431	0.962359	0	0	0	0	0	0	0	0	
0.313	0.994705	0.036699	1.0683	1.00532	2.68497	1.07399	0.962608	0	0	0	0	0	0	0	0	
0.314	0.994893	0.0367142	1.06818	1.00513	2.68415	1.07366	0.962858	0	0	0	0	0	0	0	0	
0.315	0.99508	0.0367297	1.06805	1.00494	2.68333	1.07333	0.963108	0	0	0	0	0	0	0	0	
0.316	0.995264	0.0367455	1.06792	1.00476	2.68251	1.07301	0.963357	0	0	0	0	0	0	0	0	
0.317	0.995449	0.0367618	1.0678	1.00457	2.6817	1.07268	0.963605	0	0	0	0	0	0	0	0	
0.318	0.995637	0.0367786	1.06767	1.00438	2.68087	1.07235	0.963855	0	0	0	0	0	0	0	0	
0.319	0.995833	0.0367959	1.06754	1.00418	2.68002	1.07201	0.964107	0	0	0	0	0	0	0	0	
0.32	0.996044	0.0368138	1.06741	1.00397	2.67913	1.07165	0.964364	0	0	0	0	0	0	0	0	
0.321	0.996279	0.036832	1.06728	1.00374	2.67817	1.07127	0.96463	0	0	0	0	0	0	0	0	
0.322	0.99654	0.0368505	1.06715	1.00347	2.67714	1.07086	0.964906	0	0	0	0	0	0	0	0	
0.323	0.996822	0.0368692	1.06702	1.00319	2.67605	1.07042	0.965188	0	0	0	0	0	0	0	0	
0.324	0.99711	0.036888	1.06689	1.0029	2.67495	1.06998	0.965473	0	0	0	0	0	0	0	0	
0.325	0.997384	0.0369067	1.06676	1.00262	2.67389	1.06956	0.965751	0	0	0	0	0	0	0	0	
0.326	0.997623	0.0369253	1.06663	1.00238	2.67292	1.06917	0.966016	0	0	0	0	0	0	0	0	
0.327	0.997806	0.0369438	1.0665	1.0022	2.6721	1.06884	0.966259	0	0	0	0	0	0	0	0	
0.328	0.997921	0.0369621	1.06637	1.00208	2.67147	1.06859	0.966477	0	0	0	0	0	0	0	0	
0.329	0.997974	0.0369802	1.06624	1.00203	2.671	1.0684	0.966672	0	0	0	0	0	0	0	0	
0.33	0.997992	0.0369982	1.06611	1.00201	2.67063	1.06825	0.966853	0	0	0	0	0	0	0	0	
0.331	0.99801	0.0370159	1.06598	1.00199	2.67026	1.06811	0.967034	0	0	0	0	0	0	0	0	
0.332	0.998053	0.0370333	1.06585	1.00195	2.66983	1.06793	0.967223	0	0	0	0	0	0	0	0	
0.333	0.998118	0.0370502	1.06573	1.00189	2.66934	1.06774	0.967421	0	0	0	0	0	0	0	0	
0.334	0.998186	0.0370666	1.0656	1.00182	2.66885	1.06754	0.967619	0	0	0	0	0	0	0	0	
0.335	0.998245	0.0370824	1.06548	1.00176	2.66838	1.06735	0.967814	0	0	0	0	0	0	0	0	
0.336	0.998309	0.0370976	1.06536	1.00169	2.66791	1.06716	0.968011	0	0	0	0	0	0	0	0	
0.337	0.998401	0.0371122	1.06524	1.0016	2.66736	1.06694	0.968217	0	0	0	0	0	0	0	0	
0.338	0.998531	0.0371261	1.06512	1.00147	2.66671	1.06668	0.968436	0	0	0	0	0	0	0	0	
0.339	0.998679	0.0371394	1.065	1.00132	2.66602	1.06641	0.968661	0	0	0	0	0	0	0	0	
0.34	0.998808	0.037152	1.06488	1.00119	2.66538	1.06615	0.968879	0	0	0	0	0	0	0	0	
0.341	0.998891	0.037164	1.06477	1.00111	2.66487	1.06595	0.969081	0	0	0	0	0	0	0	0	
0.342	0.998936	0.0371757	1.06465	1.00106	2.66446	1.06578	0.96927	0	0	0	0	0	0	0	0	
0.343	0.998977	0.037187	1.06454	1.00102	2.66406	1.06563	0.969457	0	0	0	0	0	0	0	0	
0.344	0.999057	0.0371981	1.06442	1.00094	2.66357	1.06543	0.969656	0	0	0	0	0	0	0	0	
0.345	0.999209	0.0372089	1.06431	1.00079	2.66288	1.06515	0.969879	0	0	0	0	0	0	0	0	
0.346	0.999452	0.0372193	1.0642	1.00055	2.66195	1.06478	0.970133	0	0	0	0	0	0	0	0	
0.347	0.999773	0.0372292	1.06408	1.00023	2.66081	1.06432	0.970412	0	0	0	0	0	0	0	0	
0.348	1.00013	0.0372387	1.06397	0.999874	2.65959	1.06384	0.970701	0	0	0	0	0	0	0	0	
0.349	1.00044	0.0372478	1.06386	0.999559	2.65847	1.06339	0.970977	0	0	0	0	0	0	0	0	
0.35	1.00066	0.0372569	1.06375	0.999345	2.65762	1.06305	0.97122	0	0	0	0	0	0	0	0	
0.351	1.00076	0.0372663	1.06363	0.999245	2.65708	1.06283	0.971425	0	0	0	0	0	0	0	0	
0.352	1.00079	0.0372762	1.06352	0.999212	2.65671	1.06268	0.971608	0	0	0	0	0	0	0	0	
0.353	1.00083	0.037287	1.06341	0.999172	2.65631	1.06253	0.971792	0	0	0	0	0	0	0	0	
0.354	1.00093	0.0372986	1.06329	0.999073	2.65577	1.06231	0.971995	0	0	0	0	0	0	0	0	
0.355	1.00108	0.0373113	1.06318	0.998923	2.65508	1.06203	0.972215	0	0	0	0	0	0	0	0	
0.356	1.00123	0.037325	1.06306	0.998776	2.65439	1.06176	0.972435	0	0	0	0	0	0	0	0	
0.357	1.00132	0.0373401	1.06294	0.998684	2.65384	1.06154	0.972638	0	0	0	0	0	0	0	0	
0.358	1.00135	0.0373566	1.06282	0.998648	2.65345	1.06138	0.972823	0	0	0	0	0	0	0	0	
0.359	1.00138	0.0373749	1.06269	0.998619	2.65306	1.06122	0.973006	0	0	0	0	0	0	0	0	
0.36	1.00147	0.0373948	1.06257	0.998536	2.65252	1.06101	0.973207	0	0	0	0	0	0	0	0	
0.361	1.00162	0.0374162	1.06244	0.998378	2.65179	1.06071	0.97343	0	0	0	0	0	0	0	0	
0.362	1.00181	0.037439	1.06231	0.99819	2.65096	1.06038	0.973663	0	0	0	0	0	0	0	0	
0.363	1.00196	0.037463	1.06217	0.99804	2.65023	1.06009	0.973886	0	0	0	0	0	0	0	0	
0.364	1.00203	0.0374882	1.06204	0.997974	2.64972	1.05989	0.974083	0	0	0	0	0	0	0	0	
0.365	1.00203	0.0375145	1.06191	0.997977	2.6494	1.05976	0.97426	0	0	0	0	0	0	0	0	
0.366	1.00201	0.0375416	1.06177	0.997997	2.64911	1.05964	0.974431	0	0	0	0	0	0	0	0	
0.367	1.00203	0.0375693	1.06163	0.997973	2.64871	1.05948	0.974615	0	0	0	0	0	0	0	0	
0.368	1.00213	0.0375972	1.0615	0.997878	2.64811	1.05925	0.97482	0	0	0	0	0	0	0	0	
0.369	1.0023	0.0376247	1.06136	0.99771	2.64733	1.05893	0.975046	0	0	0	0	0	0	0	0	
0.37	1.00253	0.0376516	1.06123	0.997475	2.64637	1.05855	0.97529	0	0	0	0	0	0	0	0	
0.371	1.00283	0.0376773	1.06109	0.997179	2.64525	1.0581	0.975552	0	0	0	0	0	0	0	0	
0.372	1.00316	0.0377017	1.06096	0.996849	2.64404	1.05762	0.975822	0	0	0	0	0	0	0	0	
0.373	1.00346	0.0377245	1.06083	0.99655	2.64292	1.05717	0.976084	0	0	0	0	0	0	0	0	
0.374	1.00365	0.0377457	1.0607	0.996364	2.64211	1.05684	0.976312	0	0	0	0	0	0	0	0	
0.375	1.00367	0.0377655	1.06058	0.996339	2.64173	1.05669	0.976495	0	0	0	0	0	0	0	0	
0.376	1.00357	0.0377842	1.06045	0.996441	2.64169	1.05668	0.976642	0	0	0	0	0	0	0	0	
0.377	1.00345	0.0378018	1.06033	0.996562	2.64171	1.05668	0.976782	0	0	0	0	0	0	0	0	
0.378	1.00344	0.0378184	1.06021	0.99657	2.64144	1.05658	0.976952	0	0	0	0	0	0	0	0	
0.379	1.00362	0.0378337	1.06009	0.996396	2.64069	1.05627	0.97717	0	0	0	0	0	0	0	0	
0.38	1.00394	0.0378475	1.05998	0.996079	2.63956	1.05582	0.977428	0	0	0	0	0	0	0	0	
0.381	1.00427	0.0378598	1.05987	0.995745	2.63839	1.05536	0.97769	0	0	0	0	0	0	0	0	
0.382	1.00449	0.0378708	1.05975	0.995526	2.63753	1.05501	0.977922	0	0	0	0	0	0	0	0	
0.383	1.00455	0.0378809	1.05964	0.995473	2.63712	1.05485	0.978109	0	0	0	0	0	0	0	0	
0.384	1.00449	0.0378902	1.05954	0.995529	2.637	1.0548	0.978266	0	0	0	0	0	0	0	0	
0.385	1.00445	0.0378988	1.05943	0.995573	2.63685	1.05474	0.978426	0	0	0	0	0	0	0	0	
0.386	1.00453	0.0379067	1.05932	0.995493	2.63638	1.05455	0.978616	0	0	0	0	0	0	0	0	
0.387	1.00476	0.0379135	1.05922	0.995258	2.6355	1.0542	0.978846	0	0	0	0	0	0	0	0	
0.388	1.00509	0.0379191	1.05912	0.994941	2.6344	1.05376	0.979097	0	0	0	0	0	0	0	0	
0.389	1.00535	0.0379234	1.05902	0.994677	2.63346	1.05338	0.979334	0	0	0	0	0	0	0	0	
0.39	1.00545	0.0379266	1.05892	0.994576	2.63295	1.05318	0.979531	0	0	0	0	0	0	0	0	
0.391	1.00539	0.037929	1.05883	0.994634	2.63286	1.05315	0.979688	0	0	0	0	0	0	0	0	
0.392	1.00529	0.0379309	1.05873	0.99474	2.63291	1.05316	0.979832	0	0	0	0	0	0	0	0	
0.393	1.00527	0.0379326	1.05864	0.994762	2.63273	1.05309	0.979996	0	0	0	0	0	0	0	0	
0.394	1.00538	0.0379342	1.05855	0.994653	2.63222	1.05289	0.980191	0	0	0	0	0	0	0	0	
0.395	1.00556	0.0379361	1.05845	0.994467	2.63149	1.0526	0.980405	0	0	0	0	0	0	0	0	
0.396	1.00574	0.0379386	1.05836	0.994288	2.63078	1.05231	0.980618	0	0	0	0	0	0	0	0	
0.397	1.00588	0.0379426	1.05826	0.994157	2.6302	1.05208	0.98082	0	0	0	0	0	0	0	0	
0.398	1.00599	0.0379485	1.05817	0.994045	2.62966	1.05186	0.981017	0	0	0	0	0	0	0	0	
0.399	1.00615	0.0379572	1.05806	0.993886	2.62899	1.05159	0.981225	0	0	0	0	0	0	0	0	
0.4	1.00642	0.0379688	1.05796	0.993623	2.62803	1.05121	0.981456	0	0	0	0	0	0	0	0	
0.401	1.00678	0.0379836	1.05785	0.993262	2.62679	1.05072	0.98171	0	0	0	0	0	0	0	0	
0.402	1.00715	0.0380017	1.05773	0.992897	2.62554	1.05022	0.981965	0	0	0	0	0	0	0	0	
0.403	1.00739	0.0380232	1.05761	0.992665	2.62463	1.04985	0.982191	0	0	0	0	0	0	0	0	
0.404	1.00739	0.0380479	1.05748	0.992662	2.6243	1.04972	0.982368	0	0	0	0	0	0	0	0	
0.405	1.00719	0.0380757	1.05735	0.992861	2.62451	1.0498	0.982501	0	0	0	0	0	0	0	0	
0.406	1.00691	0.0381059	1.05722	0.993134	2.6249	1.04996	0.982617	0	0	0	0	0	0	0	0	
0.407	1.00672	0.0381378	1.05709	0.993325	2.62508	1.05003	0.982751	0	0	0	0	0	0	0	0	
0.408	1.00672	0.0381701	1.05695	0.993327	2.62475	1.0499	0.982925	0	0	0	0	0	0	0	0	
0.409	1.00694	0.0382015	1.05682	0.993107	2.62384	1.04954	0.983146	0	0	0	0	0	0	0	0	
0.41	1.00735	0.0382308	1.05669	0.992702	2.62245	1.04898	0.983406	0	0	0	0	0	0	0	0	
0.411	1.00784	0.038257	1.05657	0.992221	2.62087	1.04835	0.98368	0	0	0	0	0	0	0	0	
0.412	1.00824	0.0382796	1.05644	0.991831	2.61953	1.04781	0.983934	0	0	0	0	0	0	0	0	
0.413	1.00839	0.0382986	1.05633	0.991681	2.61885	1.04754	0.98414	0	0	0	0	0	0	0	0	
0.414	1.00826	0.0383143	1.05622	0.991805	2.6189	1.04756	0.98429	0	0	0	0	0	0	0	0	
0.415	1.00799	0.038327	1.05611	0.992076	2.61936	1.04774	0.984409	0	0	0	0	0	0	0	0	
0.416	1.00779	0.0383371	1.05601	0.992266	2.61961	1.04784	0.984542	0	0	0	0	0	0	0	0	
0.417	1.00787	0.0383447	1.05591	0.99219	2.61917	1.04767	0.984726	0	0	0	0	0	0	0	0	
0.418	1.00821	0.0383499	1.05582	0.991854	2.61805	1.04722	0.984959	0	0	0	0	0	0	0	0	
0.419	1.00861	0.0383529	1.05573	0.991462	2.61679	1.04672	0.985204	0	0	0	0	0	0	0	0	
0.42	1.00883	0.0383544	1.05564	0.991246	2.616	1.0464	0.985416	0	0	0	0	0	0	0	0	
0.421	1.00879	0.0383553	1.05555	0.991285	2.61588	1.04635	0.985582	0	0	0	0	0	0	0	0	
0.422	1.0086	0.0383564	1.05546	0.991474	2.61616	1.04647	0.985718	0	0	0	0	0	0	0	0	
0.423	1.00844	0.0383581	1.05538	0.991632	2.61636	1.04655	0.98586	0	0	0	0	0	0	0	0	
0.424	1.00844	0.0383606	1.05529	0.991631	2.61614	1.04646	0.98603	0	0	0	0	0	0	0	0	
0.425	1.00864	0.0383638	1.0552	0.991439	2.61541	1.04617	0.986234	0	0	0	0	0	0	0	0	
0.426	1.00899	0.0383676	1.05511	0.991091	2.61427	1.04571	0.986465	0	0	0	0	0	0	0	0	
0.427	1.00945	0.0383718	1.05502	0.990642	2.61286	1.04514	0.986713	0	0	0	0	0	0	0	0	
0.428	1.00995	0.0383762	1.05493	0.990151	2.61134	1.04453	0.986967	0	0	0	0	0	0	0	0	
0.429	1.01039	0.0383807	1.05483	0.989713	2.60995	1.04398	0.987212	0	0	0	0	0	0	0	0	
0.43	1.01065	0.0383857	1.05474	0.989465	2.60906	1.04362	0.987424	0	0	0	0	0	0	0	0	
0.431	1.0106	0.0383916	1.05464	0.989515	2.60896	1.04358	0.987589	0	0	0	0	0	0	0	0	
0.432	1.01027	0.0383989	1.05455	0.989836	2.60957	1.04383	0.98771	0	0	0	0	0	0	0	0	
0.433	1.00984	0.0384084	1.05445	0.990254	2.61043	1.04417	0.987815	0	0	0	0	0	0	0	0	
0.434	1.00953	0.0384204	1.05435	0.990563	2.61099	1.0444	0.987938	0	0	0	0	0	0	0	0	
0.435	1.00945	0.0384351	1.05424	0.990641	2.61094	1.04438	0.988098	0	0	0	0	0	0	0	0	
0.436	1.0096	0.0384526	1.05413	0.990491	2.61028	1.04411	0.988294	0	0	0	0	0	0	0	0	
0.437	1.00991	0.0384729	1.05402	0.990188	2.6092	1.04368	0.988514	0	0	0	0	0	0	0	0	
0.438	1.01029	0.038496	1.05391	0.989818	2.60794	1.04317	0.988744	0	0	0	0	0	0	0	0	
0.439	1.01058	0.0385218	1.05378	0.989532	2.60688	1.04275	0.988962	0	0	0	0	0	0	0	0	
0.44	1.0107	0.0385502	1.05366	0.989417	2.60627	1.04251	0.989155	0	0	0	0	0	0	0	0	
0.441	1.01073	0.0385809	1.05353	0.989388	2.60588	1.04235	0.989335	0	0	0	0	0	0	0	0	
0.442	1.01079	0.0386134	1.0534	0.989322	2.60538	1.04215	0.98952	0	0	0	0	0	0	0	0	
0.443	1.01092	0.038647	1.05327	0.989202	2.60474	1.0419	0.989713	0	0	0	0	0	0	0	0	
0.444	1.01105	0.0386813	1.05314	0.989072	2.60407	1.04163	0.989906	0	0	0	0	0	0	0	0	
0.445	1.01117	0.0387157	1.053	0.988952	2.60342	1.04137	0.990098	0	0	0	0	0	0	0	0	
0.446	1.0113	0.0387496	1.05287	0.988822	2.60275	1.0411	0.99029	0	0	0	0	0	0	0	0	
0.447	1.01147	0.0387823	1.05274	0.98866	2.602	1.0408	0.990486	0	0	0	0	0	0	0	0	
0.448	1.01168	0.0388127	1.05261	0.988456	2.60115	1.04046	0.990686	0	0	0	0	0	0	0	0	
0.449	1.01193	0.0388396	1.05249	0.988211	2.6002	1.04008	0.99089	0	0	0	0	0	0	0	0	
0.45	1.01222	0.0388613	1.05237	0.987927	2.59917	1.03967	0.991097	0	0	0	0	0	0	0	0	
0.451	1.01255	0.0388764	1.05227	0.987603	2.59805	1.03922	0.991307	0	0	0	0	0	0	0	0	
0.452	1.01284	0.0388838	1.05217	0.987327	2.59709	1.03884	0.99151	0	0	0	0	0	0	0	0	
0.453	1.01291	0.0388831	1.05209	0.987258	2.5967	1.03868	0.991688	0	0	0	0	0	0	0	0	
0.454	1.01273	0.038875	1.05201	0.987432	2.59698	1.03879	0.99184	0	0	0	0	0	0	0	0	
0.455	1.01234	0.0388609	1.05195	0.987813	2.59783	1.03913	0.991969	0	0	0	0	0	0	0	0	
0.456	1.01186	0.0388431	1.0519	0.988281	2.59892	1.03957	0.99209	0	0	0	0	0	0	0	0	
0.457	1.01151	0.0388244	1.05184	0.988622	2.59969	1.03987	0.992225	0	0	0	0	0	0	0	0	
0.458	1.01145	0.0388075	1.05179	0.988682	2.59971	1.03988	0.99239	0	0	0	0	0	0	0	0	
0.459	1.01166	0.0387949	1.05173	0.988478	2.59902	1.03961	0.992583	0	0	0	0	0	0	0	0	
0.46	1.01201	0.0387892	1.05165	0.988136	2.59795	1.03918	0.99279	0	0	0	0	0	0	0	0	
0.461	1.01237	0.0387919	1.05157	0.987779	2.5968	1.03872	0.992998	0	0	0	0	0	0	0	0	
0.462	1.01269	0.0388038	1.05147	0.987467	2.59574	1.0383	0.993202	0	0	0	0	0	0	0	0	
0.463	1.01295	0.0388242	1.05136	0.987217	2.59481	1.03792	0.9934	0	0	0	0	0	0	0	0	
0.464	1.01317	0.038851	1.05124	0.986997	2.59394	1.03757	0.993594	0	0	0	0	0	0	0	0	
0.465	1.01368	0.0388809	1.05112	0.986507	2.59234	1.03694	0.99381	0	0	0	0	0	0	0	0	
0.466	1.01431	0.0389099	1.05099	0.985893	2.59042	1.03617	0.994034	0	0	0	0	0	0	0	0	
0.467	1.01458	0.0389346	1.05088	0.985625	2.58942	1.03577	0.994229	0	0	0	0	0	0	0	0	
0.468	1.0144	0.0389531	1.05077	0.985803	2.58962	1.03585	0.99439	0	0	0	0	0	0	0	0	
0.469	1.01379	0.0389652	1.05067	0.986394	2.59093	1.03637	0.99452	0	0	0	0	0	0	0	0	
0.47	1.01289	0.0389716	1.05058	0.987272	2.59302	1.03721	0.994629	0	0	0	0	0	0	0	0	
0.471	1.01249	0.038973	1.0505	0.987664	2.59386	1.03754	0.994773	0	0	0	0	0	0	0	0	
0.472	1.01286	0.038968	1.05043	0.987305	2.59274	1.0371	0.994971	0	0	0	0	0	0	0	0	
0.473	1.01354	0.0389528	1.05038	0.986641	2.59086	1.03634	0.995189	0	0	0	0	0	0	0	0	
0.474	1.01415	0.0389222	1.05034	0.986048	2.58922	1.03569	0.9954	0	0	0	0	0	0	0	0	
0.475	1.01491	0.0388727	1.05033	0.985307	2.58725	1.0349	0.995616	0	0	0	0	0	0	0	0	
0.476	1.01585	0.0388064	1.05035	0.984393	2.58489	1.03395	0.995837	0	0	0	0	0	0	0	0	
0.477	1.01618	0.0387359	1.05037	0.984075	2.5841	1.03364	0.996024	0	0	0	0	0	0	0	0	
0.478	1.01584	0.0386846	1.05036	0.984407	2.58496	1.03398	0.996175	0	0	0	0	0	0	0	0	
0.479	1.01529	0.0386784	1.05029	0.984943	2.58619	1.03448	0.996319	0	0	0	0	0	0	0	0	
0.48	1.01434	0.0387299	1.05014	0.985859	2.58822	1.03529	0.996451	0	0	0	0	0	0	0	0	
0.481	1.01357	0.0388309	1.04992	0.986608	2.58964	1.03586	0.996595	0	0	0	0	0	0	0	0	
0.482	1.01353	0.0389658	1.04965	0.986651	2.58909	1.03564	0.996775	0	0	0	0	0	0	0	0	
0.483	1.01392	0.0391204	1.04935	0.986266	2.58734	1.03494	0.996975	0	0	0	0	0	0	0	0	
0.484	1.01435	0.0392594	1.04907	0.985854	2.58558	1.03423	0.997174	0	0	0	0	0	0	0	0	
0.485	1.01328	0.0393317	1.04889	0.98689	2.58785	1.03514	0.997316	0	0	0	0	0	0	0	0	
0.486	1.01522	0.0393478	1.04879	0.985009	2.58267	1.03307	0.997554	0	0	0	0	0	0	0	0	
0.487	1.01645	0.0393967	1.04864	0.983818	2.57918	1.03167	0.997769	0	0	0	0	0	0	0	0	
0.488	1.01634	0.0394436	1.04849	0.983923	2.57909	1.03164	0.997942	0	0	0	0	0	0	0	0	
0.489	1.01619	0.0392997	1.04862	0.98407	2.57979	1.03192	0.998106	0	0	0	0	0	0	0	0	
0.49	1.01583	0.039094	1.04884	0.984417	2.58125	1.0325	0.998265	0	0	0	0	0	0	0	0	
0.491	1.01621	0.0393216	1.04843	0.984048	2.57928	1.03171	0.99845	0	0	0	0	0	0	0	0	
0.492	1.0157	0.0397574	1.04773	0.984543	2.57883	1.03153	0.998623	0	0	0	0	0	0	0	0	
0.493	1.01596	0.0390687	1.04865	0.98429	2.58043	1.03217	0.998794	0	0	0	0	0	0	0	0	
0.494	1.017	0.0380557	1.05004	0.983281	2.58121	1.03248	0.998971	0	0	0	0	0	0	0	0	
0.495	1.01382	0.0396423	1.04768	0.986365	2.58349	1.0334	0.999129	0	0	0	0	0	0	0	0	
0.496	1.01119	0.0421043	1.04402	0.988932	2.58117	1.03247	0.999307	0	0	0	0	0	0	0	0	
0.497	1.01618	0.0385461	1.04848	0.984078	2.57946	1.03178	0.9995	0	0	0	0	0	0	0	0	
0.498	1.02179	0.0278836	1.05582	0.978679	2.58328	1.03331	0.999677	0	0	0	0	0	0	0	0	
0.499	0.981634	-0.000151944	0.997655	1.01871	2.5408	1.01632	0.999846	0	0	0	0	0	0	0	0	
0.5	0.873101	-0.117082	0.839075	1.14534	2.40257	0.961028	0.999961	0	0	0	0	0	0	0	0	
0.501	0.581749	-0.494904	0.506173	1.71896	2.17522	0.870089	0.999997	0	0	0	0	0	0	0	0	
0.502	0.259259	-1.35769	0.0967742	3.85715	0.933181	0.373272	1	0	0	0	0	0	0	0	0	
0.503	0.259259	-1.35769	0.0967742	3.85715	0.933181	0.373272	1	0	0	0	0	0	0	0	0	
0.504	0.259259	-1.35769	0.0967742	3.85715	0.933181	0.373272	1	0	0	0	0	0	0	0	0	
0.505	0.259259	-1.35769	0.0967742	3.85715	0.933181	0.373272	1	0	0	0	0	0	0	0	0	
0.506	0.259259	-1.35769	0.0967742	3.85715	0.933181	0.373272	1	0	0	0	0	0	0	0	0	
0.507	0.259259	-1.35769	0.0967742	3.85715	0.933181	0.373272	1	0	0	0	0	0	0	0	0	
0.508	0.259259	-1.35769	0.0967742	3.85715	0.933181	0.373272	1	0	0	0	0	0	0	0	0	
0.509	0.259259	-1.35769	0.0967742	3.85715	0.933181	0.373272	1	0	0	0	0	0	0	0	0	
0.51	0.259259	-1.35769	0.0967742	3.85715	0.933181	0.373272	1	0	0	0	0	0	0	0	0	
0.511	0.259259	-1.35769	0.0967742	3.85715	0.933181	0.373272	1	0	0	0	0	0	0	0	0	
0.512	0.259259	-1.35769	0.0967742	3.85715	0.933181	0.373272	1	0	0	0	0	0	0	0	0	
0.513	0.259259	-1.35769	0.0967742	3.85715	0.933181	0.373272	1	0	0	0	0	0	0	0	0	
0.514	0.259259	-1.35769	0.0967742	3.85715	0.933181	0.373272	1	0	0	0	0	0	0	0	0	
0.515	0.259259	-1.35769	0.0967742	3.85715	0.933181	0.373272	1	0	0	0	0	0	0	0	0	
0.516	0.259259	-1.35769	0.0967742	3.85715	0.933181	0.373272	1	0	0	0	0	0	0	0	0	
0.517	0.259259	-1.35769	0.0967742	3.85715	0.933181	0.373272	1	0	0	0	0	0	0	0	0	
0.518	0.259259	-1.35769	0.0967742	3.85715	0.933181	0.373272	1	0	0	0	0	0	0	0	0	
0.519	0.259259	-1.35769	0.0967742	3.85715	0.933181	0.373272	1	0	0	0	0	0	0	0	0	
0.52	0.259259	-1.35769	0.0967742	3.85715	0.933181	0.373272	1	0	0	0	0	0	0	0	0	
0.521	0.259259	-1.35769	0.0967742	3.85715	0.933181	0.373272	1	0	0	0	0	0	0	0	0	
0.522	0.259259	-1.35769	0.0967742	3.85715	0.933181	0.373272	1	0	0	0	0	0	0	0	0	
0.523	0.259259	-1.35769	0.0967742	3.85715	0.933181	0.373272	1	0	0	0	0	0	0	0	0	
0.524	0.259259	-1.35769	0.0967742	3.85715	0.933181	0.373272	1	0	0	0	0	0	0	0	0	
0.525	0.259259	-1.35769	0.0967742	3.85715	0.933181	0.373272	1	0	0	0	0	0	0	0	0	
0.526	0.259259	-1.35769	0.0967742	3.85715	0.933181	0.373272	1	0	0	0	0	0	0	0	0	
0.527	0.259259	-1.35769	0.0967742	3.85715	0.933181	0.373272	1	0	0	0	0	0	0	0	0	
0.528	0.259259	-1.35769	0.0967742	3.85715	0.933181	0.373272	1	0	0	0	0	0	0	0	0	
0.529	0.259259	-1.35769	0.0967742	3.85715	0.933181	0.373272	1	0	0	0	0	0	0	0	0	
0.53	0.259259	-1.35769	0.0967742	3.85715	0.933181	0.373272	1	0	0	0	0	0	0	0	0	
0.531	0.259259	-1.35769	0.0967742	3.85715	0.933181	0.373272	1	0	0	0	0	0	0	0	0	
0.532	0.259259	-1.35769	0.0967742	3.85715	0.933181	0.373272	1	0	0	0	0	0	0	0	0	
0.533	0.259259	-1.35769	0.0967742	3.85715	0.933181	0.373272	1	0	0	0	0	0	0	0	0	
0.534	0.259259	-1.35769	0.0967742	3.85715	0.933181	0.373272	1	0	0	0	0	0	0	0	0	
0.535	0.259259	-1.35769	0.0967742	3.85715	0.933181	0.373272	1	0	0	0	0	0	0	0	0	
0.536	0.259259	-1.35769	0.0967742	3.85715	0.933181	0.373272	1	0	0	0	0	0	0	0	0	
0.537	0.259259	-1.35769	0.0967742	3.85715	0.933181	0.373272	1	0	0	0	0	0	0	0	0	
0.538	0.259259	-1.35769	0.0967742	3.85715	0.933181	0.373272	1	0	0	0	0	0	0	0	0	
0.539	0.259259	-1.35769	0.0967742	3.85715	0.933181	0.373272	1	0	0	0	0	0	0	0	0	
0.54	0.259259	-1.35769	0.0967742	3.85715	0.933181	0.373272	1	0	0	0	0	0	0	0	0	
0.541	0.259259	-1.35769	0.0967742	3.85715	0.933181	0.373272	1	0	0	0	0	0	0	0	0	
0.542	0.259259	-1.35769	0.0967742	3.85715	0.933181	0.373272	1	0	0	0	0	0	0	0	0	
0.543	0.259259	-1.35769	0.0967742	3.85715	0.933181	0.373272	1	0	0	0	0	0	0	0	0	
0.544	0.259259	-1.35769	0.0967742	3.85715	0.933181	0.373272	1	0	0	0	0	0	0	0	0	
0.545	0.259259	-1.35769	0.0967742	3.85715	0.933181	0.373272	1	0	0	0	0	0	0	0	0	
0.546	0.259259	-1.35769	0.0967742	3.85715	0.933181	0.373272	1	0	0	0	0	0	0	0	0	
0.547	0.259259	-1.35769	0.0967742	3.85715	0.933181	0.373272	1	0	0	0	0	0	0	0	0	
0.548	0.259259	-1.35769	0.0967742	3.85715	0.933181	0.373272	1	0	0	0	0	0	0	0	0	
0.549	0.259259	-1.35769	0.0967742	3.85715	0.933181	0.373272	1	0	0	0	0	0	0	0	0	
0.55	0.259259	-1.35769	0.0967742	3.85715	0.933181	0.373272	1	0	0	0	0	0	0	0	0	
0.551	0.259259	-1.35769	0.0967742	3.85715	0.933181	0.373272	1	0	0	0	0	0	0	0	0	
0.552	0.259259	-1.35769	0.0967742	3.85715	0.933181	0.373272	1	0	0	0	0	0	0	0	0	
0.553	0.259259	-1.35769	0.0967742	3.85715	0.933181	0.373272	1	0	0	0	0	0	0	0	0	
0.554	0.259259	-1.35769	0.0967742	3.85715	0.933181	0.373272	1	0	0	0	0	0	0	0	0	
0.555	0.259259	-1.35769	0.0967742	3.85715	0.933181	0.373272	1	0	0	0	0	0	0	0	0	
0.556	0.259259	-1.35769	0.0967742	3.85715	0.933181	0.373272	1	0	0	0	0	0	0	0	0	
0.557	0.259259	-1.35769	0.0967742	3.85715	0.933181	0.373272	1	0	0	0	0	0	0	0	0	
0.558	0.259259	-1.35769	0.0967742	3.85715	0.933181	0.373272	1	0	0	0	0	0	0	0	0	
0.559	0.259259	-1.35769	0.0967742	3.85715	0.933181	0.373272	1	0	0	0	0	0	0	0	0	
0.56	0.259259	-1.35769	0.0967742	3.85715	0.933181	0.373272	1	0	0	0	0	0	0	0	0	
0.561	0.259259	-1.35769	0.0967742	3.85715	0.933181	0.373272	1	0	0	0	0	0	0	0	0	
0.562	0.259259	-1.35769	0.0967742	3.85715	0.933181	0.373272	1	0	0	0	0	0	0	0	0	
0.563	0.259259	-1.35769	0.0967742	3.85715	0.933181	0.373272	1	0	0	0	0	0	0	0	0	
0.564	0.259259	-1.35769	0.0967742	3.85715	0.933181	0.373272	1	0	0	0	0	0	0	0	0	
0.565	0.259259	-1.35769	0.0967742	3.85715	0.933181	0.373272	1	0	0	0	0	0	0	0	0	
0.566	0.259259	-1.35769	0.0967742	3.85715	0.933181	0.373272	1	0	0	0	0	0	0	0	0	
0.567	0.259259	-1.35769	0.0967742	3.85715	0.933181	0.373272	1	0	0	0	0	0	0	0	0	
0.568	0.259259	-1.35769	0.0967742	3.85715	0.933181	0.373272	1	0	0	0	0	0	0	0	0	
0.569	0.259259	-1.35769	0.0967742	3.85715	0.933181	0.373272	1	0	0	0	0	0	0	0	0	
0.57	0.259259	-1.35769	0.0967742	3.85715	0.933181	0.373272	1	0	0	0	0	0	0	0	0	
0.571	0.259259	-1.35769	0.0967742	3.85715	0.933181	0.373272	1	0	0	0	0	0	0	0	0	
0.572	0.259259	-1.35769	0.0967742	3.85715	0.933181	0.373272	1	0	0	0	0	0	0	0	0	
0.573	0.259259	-1.35769	0.0967742	3.85715	0.933181	0.373272	1	0	0	0	0	0	0	0	0	
0.574	0.259259	-1.35769	0.0967742	3.85715	0.933181	0.373272	1	0	0	0	0	0	0	0	0	
0.575	0.259259	-1.35769	0.0967742	3.85715	0.933181	0.373272	1	0	0	0	0	0	0	0	0	
0.576	0.259259	-1.35769	0.0967742	3.85715	0.933181	0.373272	1	0	0	0	0	0	0	0	0	
0.577	0.259259	-1.35769	0.0967742	3.85715	0.933181	0.373272	1	0	0	0	0	0	0	0	0	
0.578	0.259259	-1.35769	0.0967742	3.85715	0.933181	0.373272	1	0	0	0	0	0	0	0	0	
0.579	0.259259	-1.35769	0.0967742	3.85715	0.933181	0.373272	1	0	0	0	0	0	0	0	0	
0.58	0.259259	-1.35769	0.0967742	3.85715	0.933181	0.373272	1	0	0	0	0	0	0	0	0	
0.581	0.259259	-1.35769	0.0967742	3.85715	0.933181	0.373272	1	0	0	0	0	0	0	0	0	
0.582	0.259259	-1.35769	0.0967742	3.85715	0.933181	0.373272	1	0	0	0	0	0	0	0	0	
0.583	0.259259	-1.35769	0.0967742	3.85715	0.933181	0.373272	1	0	0	0	0	0	0	0	0	
0.584	0.259259	-1.35769	0.0967742	3.85715	0.933181	0.373272	1	0	0	0	0	0	0	0	0	
0.585	0.259259	-1.35769	0.0967742	3.85715	0.933181	0.373272	1	0	0	0	0	0	0	0	0	
0.586	0.259259	-1.35769	0.0967742	3.85715	0.933181	0.373272	1	0	0	0	0	0	0	0	0	
0.587	0.259259	-1.35769	0.0967742	3.85715	0.933181	0.373272	1	0	0	0	0	0	0	0	0	
0.588	0.259259	-1.35769	0.0967742	3.85715	0.933181	0.373272	1	0	0	0	0	0	0	0	0	
0.589	0.259259	-1.35769	0.0967742	3.85715	0.933181	0.373272	1	0	0	0	0	0	0	0	0	
0.59	0.259259	-1.35769	0.0967742	3.85715	0.933181	0.373272	1	0	0	0	0	0	0	0	0	
0.591	0.259259	-1.35769	0.0967742	3.85715	0.933181	0.373272	1	0	0	0	0	0	0	0	0	
0.592	0.259259	-1.35769	0.0967742	3.85715	0.933181	0.373272	1	0	0	0	0	0	0	0	0	
0.593	0.259259	-1.35769	0.0967742	3.85715	0.933181	0.373272	1	0	0	0	0	0	0	0	0	
0.594	0.259259	-1.35769	0.0967742	3.85715	0.933181	0.373272	1	0	0	0	0	0	0	0	0	
0.595	0.259259	-1.35769	0.0967742	3.85715	0.933181	0.373272	1	0	0	0	0	0	0	0	0	
0.596	0.259259	-1.35769	0.0967742	3.85715	0.933181	0.373272	1	0	0	0	0	0	0	0	0	
0.597	0.259259	-1.35769	0.0967742	3.85715	0.933181	0.373272	1	0	0	0	0	0	0	0	0	
0.598	0.259259	-1.35769	0.0967742	3.85715	0.933181	0.373272	1	0	0	0	0	0	0	0	0	
0.599	0.259259	-1.35769	0.0967742	3.85715	0.933181	0.373272	1	0	0	0	0	0	0	0	0	
0.6	0.259259	-1.35769	0.0967742	3.85715	0.933181	0.373272	1	0	0	0	0	0	0	0	0	
0.601	0.259259	-1.35769	0.0967742	3.85715	0.933181	0.373272	1	0	0	0	0	0	0	0	0	
0.602	0.259259	-1.35769	0.0967742	3.85715	0.933181	0.373272	1	0	0	0	0	0	0	0	0	
0.603	0.259259	-1.35769	0.0967742	3.85715	0.933181	0.373272	1	0	0	0	0	0	0	0	0	
0.604	0.259259	-1.35769	0.0967742	3.85715	0.933181	0.373272	1	0	0	0	0	0	0	0	0	
0.605	0.259259	-1.35769	0.0967742	3.85715	0.933181	0.373272	1	0	0	0	0	0	0	0	0	
0.606	0.259259	-1.35769	0.0967742	3.85715	0.933181	0.373272	1	0	0	0	0	0	0	0	0	
0.607	0.259259	-1.35769	0.0967742	3.85715	0.933181	0.373272	1	0	0	0	0	0	0	0	0	
0.608	0.259259	-1.35769	0.0967742	3.85715	0.933181	0.373272	1	0	0	0	0	0	0	0	0	
0.609	0.259259	-1.35769	0.0967742	3.85715	0.933181	0.373272	1	0	0	0	0	0	0	0	0	
0.61	0.259259	-1.35769	0.0967742	3.85715	0.933181	0.373272	1	0	0	0	0	0	0	0	0	
0.611	0.259259	-1.35769	0.0967742	3.85715	0.933181	0.373272	1	0	0	0	0	0	0	0	0	
0.612	0.259259	-1.35769	0.0967742	3.85715	0.933181	0.373272	1	0	0	0	0	0	0	0	0	
0.613	0.259259	-1.35769	0.0967742	3.85715	0.933181	0.373272	1	0	0	0	0	0	0	0	0	
0.614	0.259259	-1.35769	0.0967742	3.85715	0.933181	0.373272	1	0	0	0	0	0	0	0	0	
0.615	0.259259	-1.35769	0.0967742	3.85715	0.933181	0.373272	1	0	0	0	0	0	0	0	0	
0.616	0.259259	-1.35769	0.0967742	3.85715	0.933181	0.373272	1	0	0	0	0	0	0	0	0	
0.617	0.259259	-1.35769	0.0967742	3.85715	0.933181	0.373272	1	0	0	0	0	0	0	0	0	
0.618	0.259259	-1.35769	0.0967742	3.85715	0.933181	0.373272	1	0	0	0	0	0	0	0	0	
0.619	0.259259	-1.35769	0.0967742	3.85715	0.933181	0.373272	1	0	0	0	0	0	0	0	0	
0.62	0.259259	-1.35769	0.0967742	3.85715	0.933181	0.373272	1	0	0	0	0	0	0	0	0	
0.621	0.259259	-1.35769	0.0967742	3.85715	0.933181	0.373272	1	0	0	0	0	0	0	0	0	
0.622	0.259259	-1.35769	0.0967742	3.85715	0.933181	0.373272	1	0	0	0	0	0	0	0	0	
0.623	0.259259	-1.35769	0.0967742	3.85715	0.933181	0.373272	1	0	0	0	0	0	0	0	0	
0.624	0.259259	-1.35769	0.0967742	3.85715	0.933181	0.373272	1	0	0	0	0	0	0	0	0	
0.625	0.259259	-1.35769	0.0967742	3.85715	0.933181	0.373272	1	0	0	0	0	0	0	0	0	
0.626	0.259259	-1.35769	0.0967742	3.85715	0.933181	0.373272	1	0	0	0	0	0	0	0	0	
0.627	0.259259	-1.35769	0.0967742	3.85715	0.933181	0.373272	1	0	0	0	0	0	0	0	0	
0.628	0.259259	-1.35769	0.0967742	3.85715	0.933181	0.373272	1	0	0	0	0	0	0	0	0	
0.629	0.259259	-1.35769	0.0967742	3.85715	0.933181	0.373272	1	0	0	0	0	0	0	0	0	
0.63	0.259259	-1.35769	0.0967742	3.85715	0.933181	0.373272	1	0	0	0	0	0	0	0	0	
0.631	0.259259	-1.35769	0.0967742	3.85715	0.933181	0.373272	1	0	0	0	0	0	0	0	0	
0.632	0.259259	-1.35769	0.0967742	3.85715	0.933181	0.373272	1	0	0	0	0	0	0	0	0	
0.633	0.259259	-1.35769	0.0967742	3.85715	0.933181	0.373272	1	0	0	0	0	0	0	0	0	
0.634	0.259259	-1.35769	0.0967742	3.85715	0.933181	0.373272	1	0	0	0	0	0	0	0	0	
0.635	0.259259	-1.35769	0.0967742	3.85715	0.933181	0.373272	1	0	0	0	0	0	0	0	0	
0.636	0.259259	-1.35769	0.0967742	3.85715	0.933181	0.373272	1	0	0	0	0	0	0	0	0	
0.637	0.259259	-1.35769	0.0967742	3.85715	0.933181	0.373272	1	0	0	0	0	0	0	0	0	
0.638	0.259259	-1.35769	0.0967742	3.85715	0.933181	0.373272	1	0	0	0	0	0	0	0	0	
0.639	0.259259	-1.35769	0.0967742	3.85715	0.933181	0.373272	1	0	0	0	0	0	0	0	0	
0.64	0.259259	-1.35769	0.0967742	3.85715	0.933181	0.373272	1	0	0	0	0	0	0	0	0	
0.641	0.259259	-1.35769	0.0967742	3.85715	0.933181	0.373272	1	0	0	0	0	0	0	0	0	
0.642	0.259259	-1.35769	0.0967742	3.85715	0.933181	0.373272	1	0	0	0	0	0	0	0	0	
0.643	0.259259	-1.35769	0.0967742	3.85715	0.933181	0.373272	1	0	0	0	0	0	0	0	0	
0.644	0.259259	-1.35769	0.0967742	3.85715	0.933181	0.373272	1	0	0	0	0	0	0	0	0	
0.645	0.259259	-1.35769	0.0967742	3.85715	0.933181	0.373272	1	0	0	0	0	0	0	0	0	
0.646	0.259259	-1.35769	0.0967742	3.85715	0.933181	0.373272	1	0	0	0	0	0	0	0	0	
0.647	0.259259	-1.35769	0.0967742	3.85715	0.933181	0.373272	1	0	0	0	0	0	0	0	0	
0.648	0.259259	-1.35769	0.0967742	3.85715	0.933181	0.373272	1	0	0	0	0	0	0	0	0	
0.649	0.259259	-1.35769	0.0967742	3.85715	0.933181	0.373272	1	0	0	0	0	0	0	0	0	
0.65	0.259259	-1.35769	0.0967742	3.85715	0.933181	0.373272	1	0	0	0	0	0	0	0	0	
0.651	0.259259	-1.35769	0.0967742	3.85715	0.933181	0.373272	1	0	0	0	0	0	0	0	0	
0.652	0.259259	-1.35769	0.0967742	3.85715	0.933181	0.373272	1	0	0	0	0	0	0	0	0	
0.653	0.259259	-1.35769	0.0967742	3.85715	0.933181	0.373272	1	0	0	0	0	0	0	0	0	
0.654	0.259259	-1.35769	0.0967742	3.85715	0.933181	0.373272	1	0	0	0	0	0	0	0	0	
0.655	0.259259	-1.35769	0.0967742	3.85715	0.933181	0.373272	1	0	0	0	0	0	0	0	0	
0.656	0.259259	-1.35769	0.0967742	3.85715	0.933181	0.373272	1	0	0	0	0	0	0	0	0	
0.657	0.259259	-1.35769	0.0967742	3.85715	0.933181	0.373272	1	0	0	0	0	0	0	0	0	
0.658	0.259259	-1.35769	0.0967742	3.85715	0.933181	0.373272	1	0	0	0	0	0	0	0	0	
0.659	0.259259	-1.35769	0.0967742	3.85715	0.933181	0.373272	1	0	0	0	0	0	0	0	0	
0.66	0.259259	-1.35769	0.0967742	3.85715	0.933181	0.373272	1	0	0	0	0	0	0	0	0	
0.661	0.259259	-1.35769	0.0967742	3.85715	0.933181	0.373272	1	0	0	0	0	0	0	0	0	
0.662	0.259259	-1.35769	0.0967742	3.85715	0.933181	0.373272	1	0	0	0	0	0	0	0	0	
0.663	0.259259	-1.35769	0.0967742	3.85715	0.933181	0.373272	1	0	0	0	0	0	0	0	0	
0.664	0.259259	-1.35769	0.0967742	3.85715	0.933181	0.373272	1	0	0	0	0	0	0	0	0	
0.665	0.259259	-1.35769	0.0967742	3.85715	0.933181	0.373272	1	0	0	0	0	0	0	0	0	
0.666	0.259259	-1.35769	0.0967742	3.85715	0.933181	0.373272	1	0	0	0	0	0	0	0	0	
0.667	0.259259	-1.35769	0.0967742	3.85715	0.933181	0.373272	1	0	0	0	0	0	0	0	0	
0.668	0.259259	-1.35769	0.0967742	3.85715	0.933181	0.373272	1	0	0	0	0	0	0	0	0	
0.669	0.259259	-1.35769	0.0967742	3.85715	0.933181	0.373272	1	0	0	0	0	0	0	0	0	
0.67	0.259259	-1.35769	0.0967742	3.85715	0.933181	0.373272	1	0	0	0	0	0	0	0	0	
0.671	0.259259	-1.35769	0.0967742	3.85715	0.933181	0.373272	1	0	0	0	0	0	0	0	0	
0.672	0.259259	-1.35769	0.0967742	3.85715	0.933181	0.373272	1	0	0	0	0	0	0	0	0	
0.673	0.259259	-1.35769	0.0967742	3.85715	0.933181	0.373272	1	0	0	0	0	0	0	0	0	
0.674	0.259259	-1.35769	0.0967742	3.85715	0.933181	0.373272	1	0	0	0	0	0	0	0	0	
0.675	0.259259	-1.35769	0.0967742	3.85715	0.933181	0.373272	1	0	0	0	0	0	0	0	0	
0.676	0.259259	-1.35769	0.0967742	3.85715	0.933181	0.373272	1	0	0	0	0	0	0	0	0	
0.677	0.259259	-1.35769	0.0967742	3.85715	0.933181	0.373272	1	0	0	0	0	0	0	0	0	
0.678	0.259259	-1.35769	0.0967742	3.85715	0.933181	0.373272	1	0	0	0	0	0	0	0	0	
0.679	0.259259	-1.35769	0.0967742	3.85715	0.933181	0.373272	1	0	0	0	0	0	0	0	0	
0.68	0.259259	-1.35769	0.0967742	3.85715	0.933181	0.373272	1	0	0	0	0	0	0	0	0	
0.681	0.259259	-1.35769	0.0967742	3.85715	0.933181	0.373272	1	0	0	0	0	0	0	0	0	
0.682	0.259259	-1.35769	0.0967742	3.85715	0.933181	0.373272	1	0	0	0	0	0	0	0	0	
0.683	0.259259	-1.35769	0.0967742	3.85715	0.933181	0.373272	1	0	0	0	0	0	0	0	0	
0.684	0.259259	-1.35769	0.0967742	3.85715	0.933181	0.373272	1	0	0	0	0	0	0	0	0	
0.685	0.259259	-1.35769	0.0967742	3.85715	0.933181	0.373272	1	0	0	0	0	0	0	0	0	
0.686	0.259259	-1.35769	0.0967742	3.85715	0.933181	0.373272	1	0	0	0	0	0	0	0	0	
0.687	0.259259	-1.35769	0.0967742	3.85715	0.933181	0.373272	1	0	0	0	0	0	0	0	0	
0.688	0.259259	-1.35769	0.0967742	3.85715	0.933181	0.373272	1	0	0	0	0	0	0	0	0	
0.689	0.259259	-1.35769	0.0967742	3.85715	0.933181	0.373272	1	0	0	0	0	0	0	0	0	
0.69	0.259259	-1.35769	0.0967742	3.85715	0.933181	0.373272	1	0	0	0	0	0	0	0	0	
0.691	0.259259	-1.35769	0.0967742	3.85715	0.933181	0.373272	1	0	0	0	0	0	0	0	0	
0.692	0.259259	-1.35769	0.0967742	3.85715	0.933181	0.373272	1	0	0	0	0	0	0	0	0	
0.693	0.259259	-1.35769	0.0967742	3.85715	0.933181	0.373272	1	0	0	0	0	0	0	0	0	
0.694	0.259259	-1.35769	0.0967742	3.85715	0.933181	0.373272	1	0	0	0	0	0	0	0	0	
0.695	0.259259	-1.35769	0.0967742	3.85715	0.933181	0.373272	1	0	0	0	0	0	0	0	0	
0.696	0.259259	-1.35769	0.0967742	3.85715	0.933181	0.373272	1	0	0	0	0	0	0	0	0	
0.697	0.259259	-1.35769	0.0967742	3.85715	0.933181	0.373272	1	0	0	0	0	0	0	0	0	
0.698	0.259259	-1.35769	0.0967742	3.85715	0.933181	0.373272	1	0	0	0	0	0	0	0	0	
0.699	0.259259	-1.35769	0.0967742	3.85715	0.933181	0.373272	1	0	0	0	0	0	0	0	0	
0.7	0.259259	-1.35769	0.0967742	3.85715	0.933181	0.373272	1	0	0	0	0	0	0	0	0	
0.701	0.259259	-1.35769	0.0967742	3.85715	0.933181	0.373272	1	0	0	0	0	0	0	0	0	
0.702	0.259259	-1.35769	0.0967742	3.85715	0.933181	0.373272	1	0	0	0	0	0	0	0	0	
0.703	0.259259	-1.35769	0.0967742	3.85715	0.933181	0.373272	1	0	0	0	0	0	0	0	0	
0.704	0.259259	-1.35769	0.0967742	3.85715	0.933181	0.373272	1	0	0	0	0	0	0	0	0	
0.705	0.259259	-1.35769	0.0967742	3.85715	0.933181	0.373272	1	0	0	0	0	0	0	0	0	
0.706	0.259259	-1.35769	0.0967742	3.85715	0.933181	0.373272	1	0	0	0	0	0	0	0	0	
0.707	0.259259	-1.35769	0.0967742	3.85715	0.933181	0.373272	1	0	0	0	0	0	0	0	0	
0.708	0.259259	-1.35769	0.0967742	3.85715	0.933181	0.373272	1	0	0	0	0	0	0	0	0	
0.709	0.259259	-1.35769	0.0967742	3.85715	0.933181	0.373272	1	0	0	0	0	0	0	0	0	
0.71	0.259259	-1.35769	0.0967742	3.85715	0.933181	0.373272	1	0	0	0	0	0	0	0	0	
0.711	0.259259	-1.35769	0.0967742	3.85715	0.933181	0.373272	1	0	0	0	0	0	0	0	0	
0.712	0.259259	-1.35769	0.0967742	3.85715	0.933181	0.373272	1	0	0	0	0	0	0	0	0	
0.713	0.259259	-1.35769	0.0967742	3.85715	0.933181	0.373272	1	0	0	0	0	0	0	0	0	
0.714	0.259259	-1.35769	0.0967742	3.85715	0.933181	0.373272	1	0	0	0	0	0	0	0	0	
0.715	0.259259	-1.35769	0.0967742	3.85715	0.933181	0.373272	1	0	0	0	0	0	0	0	0	
0.716	0.259259	-1.35769	0.0967742	3.85715	0.933181	0.373272	1	0	0	0	0	0	0	0	0	
0.717	0.259259	-1.35769	0.0967742	3.85715	0.933181	0.373272	1	0	0	0	0	0	0	0	0	
0.718	0.259259	-1.35769	0.0967742	3.85715	0.933181	0.373272	1	0	0	0	0	0	0	0	0	
0.719	0.259259	-1.35769	0.0967742	3.85715	0.933181	0.373272	1	0	0	0	0	0	0	0	0	
0.72	0.259259	-1.35769	0.0967742	3.85715	0.933181	0.373272	1	0	0	0	0	0	0	0	0	
0.721	0.259259	-1.35769	0.0967742	3.85715	0.933181	0.373272	1	0	0	0	0	0	0	0	0	
0.722	0.259259	-1.35769	0.0967742	3.85715	0.933181	0.373272	1	0	0	0	0	0	0	0	0	
0.723	0.259259	-1.35769	0.0967742	3.85715	0.933181	0.373272	1	0	0	0	0	0	0	0	0	
0.724	0.259259	-1.35769	0.0967742	3.85715	0.933181	0.373272	1	0	0	0	0	0	0	0	0	
0.725	0.259259	-1.35769	0.0967742	3.85715	0.933181	0.373272	1	0	0	0	0	0	0	0	0	
0.726	0.259259	-1.35769	0.0967742	3.85715	0.933181	0.373272	1	0	0	0	0	0	0	0	0	
0.727	0.259259	-1.35769	0.0967742	3.85715	0.933181	0.373272	1	0	0	0	0	0	0	0	0	
0.728	0.259259	-1.35769	0.0967742	3.85715	0.933181	0.373272	1	0	0	0	0	0	0	0	0	
0.729	0.259259	-1.35769	0.0967742	3.85715	0.933181	0.373272	1	0	0	0	0	0	0	0	0	
0.73	0.259259	-1.35769	0.0967742	3.85715	0.933181	0.373272	1	0	0	0	0	0	0	0	0	
0.731	0.259259	-1.35769	0.0967742	3.85715	0.933181	0.373272	1	0	0	0	0	0	0	0	0	
0.732	0.259259	-1.35769	0.0967742	3.85715	0.933181	0.373272	1	0	0	0	0	0	0	0	0	
0.733	0.259259	-1.35769	0.0967742	3.85715	0.933181	0.373272	1	0	0	0	0	0	0	0	0	
0.734	0.259259	-1.35769	0.0967742	3.85715	0.933181	0.373272	1	0	0	0	0	0	0	0	0	
0.735	0.259259	-1.35769	0.0967742	3.85715	0.933181	0.373272	1	0	0	0	0	0	0	0	0	
0.736	0.259259	-1.35769	0.0967742	3.85715	0.933181	0.373272	1	0	0	0	0	0	0	0	0	
0.737	0.259259	-1.35769	0.0967742	3.85715	0.933181	0.373272	1	0	0	0	0	0	0	0	0	
0.738	0.259259	-1.35769	0.0967742	3.85715	0.933181	0.373272	1	0	0	0	0	0	0	0	0	
0.739	0.259259	-1.35769	0.0967742	3.85715	0.933181	0.373272	1	0	0	0	0	0	0	0	0	
0.74	0.259259	-1.35769	0.0967742	3.85715	0.933181	0.373272	1	0	0	0	0	0	0	0	0	
0.741	0.259259	-1.35769	0.0967742	3.85715	0.933181	0.373272	1	0	0	0	0	0	0	0	0	
0.742	0.259259	-1.35769	0.0967742	3.85715	0.933181	0.373272	1	0	0	0	0	0	0	0	0	
0.743	0.259259	-1.35769	0.0967742	3.85715	0.933181	0.373272	1	0	0	0	0	0	0	0	0	
0.744	0.259259	-1.35769	0.0967742	3.85715	0.933181	0.373272	1	0	0	0	0	0	0	0	0	
0.745	0.259259	-1.35769	0.0967742	3.85715	0.933181	0.373272	1	0	0	0	0	0	0	0	0	
0.746	0.259259	-1.35769	0.0967742	3.85715	0.933181	0.373272	1	0	0	0	0	0	0	0	0	
0.747	0.259259	-1.35769	0.0967742	3.85715	0.933181	0.373272	1	0	0	0	0	0	0	0	0	
0.748	0.259259	-1.35769	0.0967742	3.85715	0.933181	0.373272	1	0	0	0	0	0	0	0	0	
0.749	0.259259	-1.35769	0.0967742	3.85715	0.933181	0.373272	1	0	0	0	0	0	0	0	0	
0.75	0.259259	-1.35769	0.0967742	3.85715	0.933181	0.373272	1	0	0	0	0	0	0	0	0	
0.751	0.259259	-1.35769	0.0967742	3.85715	0.933181	0.373272	1	0	0	0	0	0	0	0	0	
0.752	0.259259	-1.35769	0.0967742	3.85715	0.933181	0.373272	1	0	0	0	0	0	0	0	0	
0.753	0.259259	-1.35769	0.0967742	3.85715	0.933181	0.373272	1	0	0	0	0	0	0	0	0	
0.754	0.259259	-1.35769	0.0967742	3.85715	0.933181	0.373272	1	0	0	0	0	0	0	0	0	
0.755	0.259259	-1.35769	0.0967742	3.85715	0.933181	0.373272	1	0	0	0	0	0	0	0	0	
0.756	0.259259	-1.35769	0.0967742	3.85715	0.933181	0.373272	1	0	0	0	0	0	0	0	0	
0.757	0.259259	-1.35769	0.0967742	3.85715	0.933181	0.373272	1	0	0	0	0	0	0	0	0	
0.758	0.259259	-1.35769	0.0967742	3.85715	0.933181	0.373272	1	0	0	0	0	0	0	0	0	
0.759	0.259259	-1.35769	0.0967742	3.85715	0.933181	0.373272	1	0	0	0	0	0	0	0	0	
0.76	0.259259	-1.35769	0.0967742	3.85715	0.933181	0.373272	1	0	0	0	0	0	0	0	0	
0.761	0.259259	-1.35769	0.0967742	3.85715	0.933181	0.373272	1	0	0	0	0	0	0	0	0	
0.762	0.259259	-1.35769	0.0967742	3.85715	0.933181	0.373272	1	0	0	0	0	0	0	0	0	
0.763	0.259259	-1.35769	0.0967742	3.85715	0.933181	0.373272	1	0	0	0	0	0	0	0	0	
0.764	0.259259	-1.35769	0.0967742	3.85715	0.933181	0.373272	1	0	0	0	0	0	0	0	0	
0.765	0.259259	-1.35769	0.0967742	3.85715	0.933181	0.373272	1	0	0	0	0	0	0	0	0	
0.766	0.259259	-1.35769	0.0967742	3.85715	0.933181	0.373272	1	0	0	0	0	0	0	0	0	
0.767	0.259259	-1.35769	0.0967742	3.85715	0.933181	0.373272	1	0	0	0	0	0	0	0	0	
0.768	0.259259	-1.35769	0.0967742	3.85715	0.933181	0.373272	1	0	0	0	0	0	0	0	0	
0.769	0.259259	-1.35769	0.0967742	3.85715	0.933181	0.373272	1	0	0	0	0	0	0	0	0	
0.77	0.259259	-1.35769	0.0967742	3.85715	0.933181	0.373272	1	0	0	0	0	0	0	0	0	
0.771	0.259259	-1.35769	0.0967742	3.85715	0.933181	0.373272	1	0	0	0	0	0	0	0	0	
0.772	0.259259	-1.35769	0.0967742	3.85715	0.933181	0.373272	1	0	0	0	0	0	0	0	0	
0.773	0.259259	-1.35769	0.0967742	3.85715	0.933181	0.373272	1	0	0	0	0	0	0	0	0	
0.774	0.259259	-1.35769	0.0967742	3.85715	0.933181	0.373272	1	0	0	0	0	0	0	0	0	
0.775	0.259259	-1.35769	0.0967742	3.85715	0.933181	0.373272	1	0	0	0	0	0	0	0	0	
0.776	0.259259	-1.35769	0.0967742	3.85715	0.933181	0.373272	1	0	0	0	0	0	0	0	0	
0.777	0.259259	-1.35769	0.0967742	3.85715	0.933181	0.373272	1	0	0	0	0	0	0	0	0	
0.778	0.259259	-1.35769	0.0967742	3.85715	0.933181	0.373272	1	0	0	0	0	0	0	0	0	
0.779	0.259259	-1.35769	0.0967742	3.85715	0.933181	0.373272	1	0	0	0	0	0	0	0	0	
0.78	0.259259	-1.35769	0.0967742	3.85715	0.933181	0.373272	1	0	0	0	0	0	0	0	0	
0.781	0.259259	-1.35769	0.0967742	3.85715	0.933181	0.373272	1	0	0	0	0	0	0	0	0	
0.782	0.259259	-1.35769	0.0967742	3.85715	0.933181	0.373272	1	0	0	0	0	0	0	0	0	
0.783	0.259259	-1.35769	0.0967742	3.85715	0.933181	0.373272	1	0	0	0	0	0	0	0	0	
0.784	0.259259	-1.35769	0.0967742	3.85715	0.933181	0.373272	1	0	0	0	0	0	0	0	0	
0.785	0.259259	-1.35769	0.0967742	3.85715	0.933181	0.373272	1	0	0	0	0	0	0	0	0	
0.786	0.259259	-1.35769	0.0967742	3.85715	0.933181	0.373272	1	0	0	0	0	0	0	0	0	
0.787	0.259259	-1.35769	0.0967742	3.85715	0.933181	0.373272	1	0	0	0	0	0	0	0	0	
0.788	0.259259	-1.35769	0.0967742	3.85715	0.933181	0.373272	1	0	0	0	0	0	0	0	0	
0.789	0.259259	-1.35769	0.0967742	3.85715	0.933181	0.373272	1	0	0	0	0	0	0	0	0	
0.79	0.259259	-1.35769	0.0967742	3.85715	0.933181	0.373272	1	0	0	0	0	0	0	0	0	
0.791	0.259259	-1.35769	0.0967742	3.85715	0.933181	0.373272	1	0	0	0	0	0	0	0	0	
0.792	0.259259	-1.35769	0.0967742	3.85715	0.933181	0.373272	1	0	0	0	0	0	0	0	0	
0.793	0.259259	-1.35769	0.0967742	3.85715	0.933181	0.373272	1	0	0	0	0	0	0	0	0	
0.794	0.259259	-1.35769	0.0967742	3.85715	0.933181	0.373272	1	0	0	0	0	0	0	0	0	
0.795	0.259259	-1.35769	0.0967742	3.85715	0.933181	0.373272	1	0	0	0	0	0	0	0	0	
0.796	0.259259	-1.35769	0.0967742	3.85715	0.933181	0.373272	1	0	0	0	0	0	0	0	0	
0.797	0.259259	-1.35769	0.0967742	3.85715	0.933181	0.373272	1	0	0	0	0	0	0	0	0	
0.798	0.259259	-1.35769	0.0967742	3.85715	0.933181	0.373272	1	0	0	0	0	0	0	0	0	
0.799	0.259259	-1.35769	0.0967742	3.85715	0.933181	0.373272	1	0	0	0	0	0	0	0	0	
0.8	0.259259	-1.35769	0.0967742	3.85715	0.933181	0.373272	1	0	0	0	0	0	0	0	0	
0.801	0.259259	-1.35769	0.0967742	3.85715	0.933181	0.373272	1	0	0	0	0	0	0	0	0	
0.802	0.259259	-1.35769	0.0967742	3.85715	0.933181	0.373272	1	0	0	0	0	0	0	0	0	
0.803	0.259259	-1.35769	0.0967742	3.85715	0.933181	0.373272	1	0	0	0	0	0	0	0	0	
0.804	0.259259	-1.35769	0.0967742	3.85715	0.933181	0.373272	1	0	0	0	0	0	0	0	0	
0.805	0.259259	-1.35769	0.0967742	3.85715	0.933181	0.373272	1	0	0	0	0	0	0	0	0	
0.806	0.259259	-1.35769	0.0967742	3.85715	0.933181	0.373272	1	0	0	0	0	0	0	0	0	
0.807	0.259259	-1.35769	0.0967742	3.85715	0.933181	0.373272	1	0	0	0	0	0	0	0	0	
0.808	0.259259	-1.35769	0.0967742	3.85715	0.933181	0.373272	1	0	0	0	0	0	0	0	0	
0.809	0.259259	-1.35769	0.0967742	3.85715	0.933181	0.373272	1	0	0	0	0	0	0	0	0	
0.81	0.259259	-1.35769	0.0967742	3.85715	0.933181	0.373272	1	0	0	0	0	0	0	0	0	
0.811	0.259259	-1.35769	0.0967742	3.85715	0.933181	0.373272	1	0	0	0	0	0	0	0	0	
0.812	0.259259	-1.35769	0.0967742	3.85715	0.933181	0.373272	1	0	0	0	0	0	0	0	0	
0.813	0.259259	-1.35769	0.0967742	3.85715	0.933181	0.373272	1	0	0	0	0	0	0	0	0	
0.814	0.259259	-1.35769	0.0967742	3.85715	0.933181	0.373272	1	0	0	0	0	0	0	0	0	
0.815	0.259259	-1.35769	0.0967742	3.85715	0.933181	0.373272	1	0	0	0	0	0	0	0	0	
0.816	0.259259	-1.35769	0.0967742	3.85715	0.933181	0.373272	1	0	0	0	0	0	0	0	0	
0.817	0.259259	-1.35769	0.0967742	3.85715	0.933181	0.373272	1	0	0	0	0	0	0	0	0	
0.818	0.259259	-1.35769	0.0967742	3.85715	0.933181	0.373272	1	0	0	0	0	0	0	0	0	
0.819	0.259259	-1.35769	0.0967742	3.85715	0.933181	0.373272	1	0	0	0	0	0	0	0	0	
0.82	0.259259	-1.35769	0.0967742	3.85715	0.933181	0.373272	1	0	0	0	0	0	0	0	0	
0.821	0.259259	-1.35769	0.0967742	3.85715	0.933181	0.373272	1	0	0	0	0	0	0	0	0	
0.822	0.259259	-1.35769	0.0967742	3.85715	0.933181	0.373272	1	0	0	0	0	0	0	0	0	
0.823	0.259259	-1.35769	0.0967742	3.85715	0.933181	0.373272	1	0	0	0	0	0	0	0	0	
0.824	0.259259	-1.35769	0.0967742	3.85715	0.933181	0.373272	1	0	0	0	0	0	0	0	0	
0.825	0.259259	-1.35769	0.0967742	3.85715	0.933181	0.373272	1	0	0	0	0	0	0	0	0	
0.826	0.259259	-1.35769	0.0967742	3.85715	0.933181	0.373272	1	0	0	0	0	0	0	0	0	
0.827	0.259259	-1.35769	0.0967742	3.85715	0.933181	0.373272	1	0	0	0	0	0	0	0	0	
0.828	0.259259	-1.35769	0.0967742	3.85715	0.933181	0.373272	1	0	0	0	0	0	0	0	0	
0.829	0.259259	-1.35769	0.0967742	3.85715	0.933181	0.373272	1	0	0	0	0	0	0	0	0	
0.83	0.259259	-1.35769	0.0967742	3.85715	0.933181	0.373272	1	0	0	0	0	0	0	0	0	
0.831	0.259259	-1.35769	0.0967742	3.85715	0.933181	0.373272	1	0	0	0	0	0	0	0	0	
0.832	0.259259	-1.35769	0.0967742	3.85715	0.933181	0.373272	1	0	0	0	0	0	0	0	0	
0.833	0.259259	-1.35769	0.0967742	3.85715	0.933181	0.373272	1	0	0	0	0	0	0	0	0	
0.834	0.259259	-1.35769	0.0967742	3.85715	0.933181	0.373272	1	0	0	0	0	0	0	0	0	
0.835	0.259259	-1.35769	0.0967742	3.85715	0.933181	0.373272	1	0	0	0	0	0	0	0	0	
0.836	0.259259	-1.35769	0.0967742	3.85715	0.933181	0.373272	1	0	0	0	0	0	0	0	0	
0.837	0.259259	-1.35769	0.0967742	3.85715	0.933181	0.373272	1	0	0	0	0	0	0	0	0	
0.838	0.259259	-1.35769	0.0967742	3.85715	0.933181	0.373272	1	0	0	0	0	0	0	0	0	
0.839	0.259259	-1.35769	0.0967742	3.85715	0.933181	0.373272	1	0	0	0	0	0	0	0	0	
0.84	0.259259	-1.35769	0.0967742	3.85715	0.933181	0.373272	1	0	0	0	0	0	0	0	0	
0.841	0.259259	-1.35769	0.0967742	3.85715	0.933181	0.373272	1	0	0	0	0	0	0	0	0	
0.842	0.259259	-1.35769	0.0967742	3.85715	0.933181	0.373272	1	0	0	0	0	0	0	0	0	
0.843	0.259259	-1.35769	0.0967742	3.85715	0.933181	0.373272	1	0	0	0	0	0	0	0	0	
0.844	0.259259	-1.35769	0.0967742	3.85715	0.933181	0.373272	1	0	0	0	0	0	0	0	0	
0.845	0.259259	-1.35769	0.0967742	3.85715	0.933181	0.373272	1	0	0	0	0	0	0	0	0	
0.846	0.259259	-1.35769	0.0967742	3.85715	0.933181	0.373272	1	0	0	0	0	0	0	0	0	
0.847	0.259259	-1.35769	0.0967742	3.85715	0.933181	0.373272	1	0	0	0	0	0	0	0	0	
0.848	0.259259	-1.35769	0.0967742	3.85715	0.933181	0.373272	1	0	0	0	0	0	0	0	0	
0.849	0.259259	-1.35769	0.0967742	3.85715	0.933181	0.373272	1	0	0	0	0	0	0	0	0	
0.85	0.259259	-1.35769	0.0967742	3.85715	0.933181	0.373272	1	0	0	0	0	0	0	0	0	
0.851	0.259259	-1.35769	0.0967742	3.85715	0.933181	0.373272	1	0	0	0	0	0	0	0	0	
0.852	0.259259	-1.35769	0.0967742	3.85715	0.933181	0.373272	1	0	0	0	0	0	0	0	0	
0.853	0.259259	-1.35769	0.0967742	3.85715	0.933181	0.373272	1	0	0	0	0	0	0	0	0	
0.854	0.259259	-1.35769	0.0967742	3.85715	0.933181	0.373272	1	0	0	0	0	0	0	0	0	
0.855	0.259259	-1.35769	0.0967742	3.85715	0.933181	0.373272	1	0	0	0	0	0	0	0	0	
0.856	0.259259	-1.35769	0.0967742	3.85715	0.933181	0.373272	1	0	0	0	0	0	0	0	0	
0.857	0.259259	-1.35769	0.0967742	3.85715	0.933181	0.373272	1	0	0	0	0	0	0	0	0	
0.858	0.259259	-1.35769	0.0967742	3.85715	0.933181	0.373272	1	0	0	0	0	0	0	0	0	
0.859	0.259259	-1.35769	0.0967742	3.85715	0.933181	0.373272	1	0	0	0	0	0	0	0	0	
0.86	0.259259	-1.35769	0.0967742	3.85715	0.933181	0.373272	1	0	0	0	0	0	0	0	0	
0.861	0.259259	-1.35769	0.0967742	3.85715	0.933181	0.373272	1	0	0	0	0	0	0	0	0	
0.862	0.259259	-1.35769	0.0967742	3.85715	0.933181	0.373272	1	0	0	0	0	0	0	0	0	
0.863	0.259259	-1.35769	0.0967742	3.85715	0.933181	0.373272	1	0	0	0	0	0	0	0	0	
0.864	0.259259	-1.35769	0.0967742	3.85715	0.933181	0.373272	1	0	0	0	0	0	0	0	0	
0.865	0.259259	-1.35769	0.0967742	3.85715	0.933181	0.373272	1	0	0	0	0	0	0	0	0	
0.866	0.259259	-1.35769	0.0967742	3.85715	0.933181	0.373272	1	0	0	0	0	0	0	0	0	
0.867	0.259259	-1.35769	0.0967742	3.85715	0.933181	0.373272	1	0	0	0	0	0	0	0	0	
0.868	0.259259	-1.35769	0.0967742	3.85715	0.933181	0.373272	1	0	0	0	0	0	0	0	0	
0.869	0.259259	-1.35769	0.0967742	3.85715	0.933181	0.373272	1	0	0	0	0	0	0	0	0	
0.87	0.259259	-1.35769	0.0967742	3.85715	0.933181	0.373272	1	0	0	0	0	0	0	0	0	
0.871	0.259259	-1.35769	0.0967742	3.85715	0.933181	0.373272	1	0	0	0	0	0	0	0	0	
0.872	0.259259	-1.35769	0.0967742	3.85715	0.933181	0.373272	1	0	0	0	0	0	0	0	0	
0.873	0.259259	-1.35769	0.0967742	3.85715	0.933181	0.373272	1	0	0	0	0	0	0	0	0	
0.874	0.259259	-1.35769	0.0967742	3.85715	0.933181	0.373272	1	0	0	0	0	0	0	0	0	
0.875	0.259259	-1.35769	0.0967742	3.85715	0.933181	0.373272	1	0	0	0	0	0	0	0	0	
0.876	0.259259	-1.35769	0.0967742	3.85715	0.933181	0.373272	1	0	0	0	0	0	0	0	0	
0.877	0.259259	-1.35769	0.0967742	3.85715	0.933181	0.373272	1	0	0	0	0	0	0	0	0	
0.878	0.259259	-1.35769	0.0967742	3.85715	0.933181	0.373272	1	0	0	0	0	0	0	0	0	
0.879	0.259259	-1.35769	0.0967742	3.85715	0.933181	0.373272	1	0	0	0	0	0	0	0	0	
0.88	0.259259	-1.35769	0.0967742	3.85715	0.933181	0.373272	1	0	0	0	0	0	0	0	0	
0.881	0.259259	-1.35769	0.0967742	3.85715	0.933181	0.373272	1	0	0	0	0	0	0	0	0	
0.882	0.259259	-1.35769	0.0967742	3.85715	0.933181	0.373272	1	0	0	0	0	0	0	0	0	
0.883	0.259259	-1.35769	0.0967742	3.85715	0.933181	0.373272	1	0	0	0	0	0	0	0	0	
0.884	0.259259	-1.35769	0.0967742	3.85715	0.933181	0.373272	1	0	0	0	0	0	0	0	0	
0.885	0.259259	-1.35769	0.0967742	3.85715	0.933181	0.373272	1	0	0	0	0	0	0	0	0	
0.886	0.259259	-1.35769	0.0967742	3.85715	0.933181	0.373272	1	0	0	0	0	0	0	0	0	
0.887	0.259259	-1.35769	0.0967742	3.85715	0.933181	0.373272	1	0	0	0	0	0	0	0	0	
0.888	0.259259	-1.35769	0.0967742	3.85715	0.933181	0.373272	1	0	0	0	0	0	0	0	0	
0.889	0.259259	-1.35769	0.0967742	3.85715	0.933181	0.373272	1	0	0	0	0	0	0	0	0	
0.89	0.259259	-1.35769	0.0967742	3.85715	0.933181	0.373272	1	0	0	0	0	0	0	0	0	
0.891	0.259259	-1.35769	0.0967742	3.85715	0.933181	0.373272	1	0	0	0	0	0	0	0	0	
0.892	0.259259	-1.35769	0.0967742	3.85715	0.933181	0.373272	1	0	0	0	0	0	0	0	0	
0.893	0.259259	-1.35769	0.0967742	3.85715	0.933181	0.373272	1	0	0	0	0	0	0	0	0	
0.894	0.259259	-1.35769	0.0967742	3.85715	0.933181	0.373272	1	0	0	0	0	0	0	0	0	
0.895	0.259259	-1.35769	0.0967742	3.85715	0.933181	0.373272	1	0	0	0	0	0	0	0	0	
0.896	0.259259	-1.35769	0.0967742	3.85715	0.933181	0.373272	1	0	0	0	0	0	0	0	0	
0.897	0.259259	-1.35769	0.0967742	3.85715	0.933181	0.373272	1	0	0	0	0	0	0	0	0	
0.898	0.259259	-1.35769	0.0967742	3.85715	0.933181	0.373272	1	0	0	0	0	0	0	0	0	
0.899	0.259259	-1.35769	0.0967742	3.85715	0.933181	0.373272	1	0	0	0	0	0	0	0	0	
0.9	0.259259	-1.35769	0.0967742	3.85715	0.933181	0.373272	1	0	0	0	0	0	0	0	0	
0.901	0.259259	-1.35769	0.0967742	3.85715	0.933181	0.373272	1	0	0	0	0	0	0	0	0	
0.902	0.259259	-1.35769	0.0967742	3.85715	0.933181	0.373272	1	0	0	0	0	0	0	0	0	
0.903	0.259259	-1.35769	0.0967742	3.85715	0.933181	0.373272	1	0	0	0	0	0	0	0	0	
0.904	0.259259	-1.35769	0.0967742	3.85715	0.933181	0.373272	1	0	0	0	0	0	0	0	0	
0.905	0.259259	-1.35769	0.0967742	3.85715	0.933181	0.373272	1	0	0	0	0	0	0	0	0	
0.906	0.259259	-1.35769	0.0967742	3.85715	0.933181	0.373272	1	0	0	0	0	0	0	0	0	
0.907	0.259259	-1.35769	0.0967742	3.85715	0.933181	0.373272	1	0	0	0	0	0	0	0	0	
0.908	0.259259	-1.35769	0.0967742	3.85715	0.933181	0.373272	1	0	0	0	0	0	0	0	0	
0.909	0.259259	-1.35769	0.0967742	3.85715	0.933181	0.373272	1	0	0	0	0	0	0	0	0	
0.91	0.259259	-1.35769	0.0967742	3.85715	0.933181	0.373272	1	0	0	0	0	0	0	0	0	
0.911	0.259259	-1.35769	0.0967742	3.85715	0.933181	0.373272	1	0	0	0	0	0	0	0	0	
0.912	0.259259	-1.35769	0.0967742	3.85715	0.933181	0.373272	1	0	0	0	0	0	0	0	0	
0.913	0.259259	-1.35769	0.0967742	3.85715	0.933181	0.373272	1	0	0	0	0	0	0	0	0	
0.914	0.259259	-1.35769	0.0967742	3.85715	0.933181	0.373272	1	0	0	0	0	0	0	0	0	
0.915	0.259259	-1.35769	0.0967742	3.85715	0.933181	0.373272	1	0	0	0	0	0	0	0	0	
0.916	0.259259	-1.35769	0.0967742	3.85715	0.933181	0.373272	1	0	0	0	0	0	0	0	0	
0.917	0.259259	-1.35769	0.0967742	3.85715	0.933181	0.373272	1	0	0	0	0	0	0	0	0	
0.918	0.259259	-1.35769	0.0967742	3.85715	0.933181	0.373272	1	0	0	0	0	0	0	0	0	
0.919	0.259259	-1.35769	0.0967742	3.85715	0.933181	0.373272	1	0	0	0	0	0	0	0	0	
0.92	0.259259	-1.35769	0.0967742	3.85715	0.933181	0.373272	1	0	0	0	0	0	0	0	0	
0.921	0.259259	-1.35769	0.0967742	3.85715	0.933181	0.373272	1	0	0	0	0	0	0	0	0	
0.922	0.259259	-1.35769	0.0967742	3.85715	0.933181	0.373272	1	0	0	0	0	0	0	0	0	
0.923	0.259259	-1.35769	0.0967742	3.85715	0.933181	0.373272	1	0	0	0	0	0	0	0	0	
0.924	0.259259	-1.35769	0.0967742	3.85715	0.933181	0.373272	1	0	0	0	0	0	0	0	0	
0.925	0.259259	-1.35769	0.0967742	3.85715	0.933181	0.373272	1	0	0	0	0	0	0	0	0	
0.926	0.259259	-1.35769	0.0967742	3.85715	0.933181	0.373272	1	0	0	0	0	0	0	0	0	
0.927	0.259259	-1.35769	0.0967742	3.85715	0.933181	0.373272	1	0	0	0	0	0	0	0	0	
0.928	0.259259	-1.35769	0.0967742	3.85715	0.933181	0.373272	1	0	0	0	0	0	0	0	0	
0.929	0.259259	-1.35769	0.0967742	3.85715	0.933181	0.373272	1	0	0	0	0	0	0	0	0	
0.93	0.259259	-1.35769	0.0967742	3.85715	0.933181	0.373272	1	0	0	0	0	0	0	0	0	
0.931	0.259259	-1.35769	0.0967742	3.85715	0.933181	0.373272	1	0	0	0	0	0	0	0	0	
0.932	0.259259	-1.35769	0.0967742	3.85715	0.933181	0.373272	1	0	0	0	0	0	0	0	0	
0.933	0.259259	-1.35769	0.0967742	3.85715	0.933181	0.373272	1	0	0	0	0	0	0	0	0	
0.934	0.259259	-1.35769	0.0967742	3.85715	0.933181	0.373272	1	0	0	0	0	0	0	0	0	
0.935	0.259259	-1.35769	0.0967742	3.85715	0.933181	0.373272	1	0	0	0	0	0	0	0	0	
0.936	0.259259	-1.35769	0.0967742	3.85715	0.933181	0.373272	1	0	0	0	0	0	0	0	0	
0.937	0.259259	-1.35769	0.0967742	3.85715	0.933181	0.373272	1	0	0	0	0	0	0	0	0	
0.938	0.259259	-1.35769	0.0967742	3.85715	0.933181	0.373272	1	0	0	0	0	0	0	0	0	
0.939	0.259259	-1.35769	0.0967742	3.85715	0.933181	0.373272	1	0	0	0	0	0	0	0	0	
0.94	0.259259	-1.35769	0.0967742	3.85715	0.933181	0.373272	1	0	0	0	0	0	0	0	0	
0.941	0.259259	-1.35769	0.0967742	3.85715	0.933181	0.373272	1	0	0	0	0	0	0	0	0	
0.942	0.259259	-1.35769	0.0967742	3.85715	0.933181	0.373272	1	0	0	0	0	0	0	0	0	
0.943	0.259259	-1.35769	0.0967742	3.85715	0.933181	0.373272	1	0	0	0	0	0	0	0	0	
0.944	0.259259	-1.35769	0.0967742	3.85715	0.933181	0.373272	1	0	0	0	0	0	0	0	0	
0.945	0.259259	-1.35769	0.0967742	3.85715	0.933181	0.373272	1	0	0	0	0	0	0	0	0	
0.946	0.259259	-1.35769	0.0967742	3.85715	0.933181	0.373272	1	0	0	0	0	0	0	0	0	
0.947	0.259259	-1.35769	0.0967742	3.85715	0.933181	0.373272	1	0	0	0	0	0	0	0	0	
0.948	0.259259	-1.35769	0.0967742	3.85715	0.933181	0.373272	1	0	0	0	0	0	0	0	0	
0.949	0.259259	-1.35769	0.0967742	3.85715	0.933181	0.373272	1	0	0	0	0	0	0	0	0	
0.95	0.259259	-1.35769	0.0967742	3.85715	0.933181	0.373272	1	0	0	0	0	0	0	0	0	
0.951	0.259259	-1.35769	0.0967742	3.85715	0.933181	0.373272	1	0	0	0	0	0	0	0	0	
0.952	0.259259	-1.35769	0.0967742	3.85715	0.933181	0.373272	1	0	0	0	0	0	0	0	0	
0.953	0.259259	-1.35769	0.0967742	3.85715	0.933181	0.373272	1	0	0	0	0	0	0	0	0	
0.954	0.259259	-1.35769	0.0967742	3.85715	0.933181	0.373272	1	0	0	0	0	0	0	0	0	
0.955	0.259259	-1.35769	0.0967742	3.85715	0.933181	0.373272	1	0	0	0	0	0	0	0	0	
0.956	0.259259	-1.35769	0.0967742	3.85715	0.933181	0.373272	1	0	0	0	0	0	0	0	0	
0.957	0.259259	-1.35769	0.0967742	3.85715	0.933181	0.373272	1	0	0	0	0	0	0	0	0	
0.958	0.259259	-1.35769	0.0967742	3.85715	0.933181	0.373272	1	0	0	0	0	0	0	0	0	
0.959	0.259259	-1.35769	0.0967742	3.85715	0.933181	0.373272	1	0	0	0	0	0	0	0	0	
0.96	0.259259	-1.35769	0.0967742	3.85715	0.933181	0.373272	1	0	0	0	0	0	0	0	0	
0.961	0.259259	-1.35769	0.0967742	3.85715	0.933181	0.373272	1	0	0	0	0	0	0	0	0	
0.962	0.259259	-1.35769	0.0967742	3.85715	0.933181	0.373272	1	0	0	0	0	0	0	0	0	
0.963	0.259259	-1.35769	0.0967742	3.85715	0.933181	0.373272	1	0	0	0	0	0	0	0	0	
0.964	0.259259	-1.35769	0.0967742	3.85715	0.933181	0.373272	1	0	0	0	0	0	0	0	0	
0.965	0.259259	-1.35769	0.0967742	3.85715	0.933181	0.373272	1	0	0	0	0	0	0	0	0	
0.966	0.259259	-1.35769	0.0967742	3.85715	0.933181	0.373272	1	0	0	0	0	0	0	0	0	
0.967	0.259259	-1.35769	0.0967742	3.85715	0.933181	0.373272	1	0	0	0	0	0	0	0	0	
0.968	0.259259	-1.35769	0.0967742	3.85715	0.933181	0.373272	1	0	0	0	0	0	0	0	0	
0.969	0.259259	-1.35769	0.0967742	3.85715	0.933181	0.373272	1	0	0	0	0	0	0	0	0	
0.97	0.259259	-1.35769	0.0967742	3.85715	0.933181	0.373272	1	0	0	0	0	0	0	0	0	
0.971	0.259259	-1.35769	0.0967742	3.85715	0.933181	0.373272	1	0	0	0	0	0	0	0	0	
0.972	0.259259	-1.35769	0.0967742	3.85715	0.933181	0.373272	1	0	0	0	0	0	0	0	0	
0.973	0.259259	-1.35769	0.0967742	3.85715	0.933181	0.373272	1	0	0	0	0	0	0	0	0	
0.974	0.259259	-1.35769	0.0967742	3.85715	0.933181	0.373272	1	0	0	0	0	0	0	0	0	
0.975	0.259259	-1.35769	0.0967742	3.85715	0.933181	0.373272	1	0	0	0	0	0	0	0	0	
0.976	0.259259	-1.35769	0.0967742	3.85715	0.933181	0.373272	1	0	0	0	0	0	0	0	0	
0.977	0.259259	-1.35769	0.0967742	3.85715	0.933181	0.373272	1	0	0	0	0	0	0	0	0	
0.978	0.259259	-1.35769	0.0967742	3.85715	0.933181	0.373272	1	0	0	0	0	0	0	0	0	
0.979	0.259259	-1.35769	0.0967742	3.85715	0.933181	0.373272	1	0	0	0	0	0	0	0	0	
0.98	0.259259	-1.35769	0.0967742	3.85715	0.933181	0.373272	1	0	0	0	0	0	0	0	0	
0.981	0.259259	-1.35769	0.0967742	3.85715	0.933181	0.373272	1	0	0	0	0	0	0	0	0	
0.982	0.259259	-1.35769	0.0967742	3.85715	0.933181	0.373272	1	0	0	0	0	0	0	0	0	
0.983	0.259259	-1.35769	0.0967742	3.85715	0.933181	0.373272	1	0	0	0	0	0	0	0	0	
0.984	0.259259	-1.35769	0.0967742	3.85715	0.933181	0.373272	1	0	0	0	0	0	0	0	0	
0.985	0.259259	-1.35769	0.0967742	3.85715	0.933181	0.373272	1	0	0	0	0	0	0	0	0	
0.986	0.259259	-1.35769	0.0967742	3.85715	0.933181	0.373272	1	0	0	0	0	0	0	0	0	
0.987	0.259259	-1.35769	0.0967742	3.85715	0.933181	0.373272	1	0	0	0	0	0	0	0	0	
0.988	0.259259	-1.35769	0.0967742	3.85715	0.933181	0.373272	1	0	0	0	0	0	0	0	0	
0.989	0.259259	-1.35769	0.0967742	3.85715	0.933181	0.373272	1	0	0	0	0	0	0	0	0	
0.99	0.259259	-1.35769	0.0967742	3.85715	0.933181	0.373272	1	0	0	0	0	0	0	0	0	
0.991	0.259259	-1.35769	0.0967742	3.85715	0.933181	0.373272	1	0	0	0	0	0	0	0	0	
0.992	0.259259	-1.35769	0.0967742	3.85715	0.933181	0.373272	1	0	0	0	0	0	0	0	0	
0.993	0.259259	-1.35769	0.0967742	3.85715	0.933181	0.373272	1	0	0	0	0	0	0	0	0	
0.994	0.259259	-1.35769	0.0967742	3.85715	0.933181	0.373272	1	0	0	0	0	0	0	0	0	
0.995	0.259259	-1.35769	0.0967742	3.85715	0.933181	0.373272	1	0	0	0	0	0	0	0	0	
0.996	0.259259	-1.35769	0.0967742	3.85715	0.933181	0.373272	1	0	0	0	0	0	0	0	0	
0.997	0.259259	-1.35769	0.0967742	3.85715	0.933181	0.373272	1	0	0	0	0	0	0	0	0	
0.998	0.259259	-1.35769	0.0967742	3.85715	0.933181	0.373272	1	0	0	0	0	0	0	0	0	
0.999	0.259259	-1.35769	0.0967742	3.85715	0.933181	0.373272	1	0	0	0	0	0	0	0	0	
1	0.259259	-1.35769	0.0967742	3.85715	0.933181	0.373272	1	0	0	0	0	0	0	0	0	
