|||||||||||||||||||||||||||||||||***SIMULATION: detonation***||||||||||||||||||||||||||||||||||
Sanpshot time = 1.21. Timestep = 2772. Run time = 4 seconds
No. of cells = 1000
#Position	 Density	 Velocity	 Pressure	 Specific_Volume I_Energy	 Temperature	 Species
-0.001	0.744321	0.000676703	1.90728	1.34351	6.4061	0	9.33149e-08	0	0	0	0	0	0	0	0	
0	0.744275	0.000226274	1.90729	1.34359	6.40655	0	9.65346e-08	0	0	0	0	0	0	0	0	
0.001	0.744275	-0.000226274	1.90729	1.34359	6.40655	2.56262	9.65346e-08	0	0	0	0	0	0	0	0	
0.002	0.744321	-0.000676703	1.90728	1.34351	6.4061	2.56244	9.33149e-08	0	0	0	0	0	0	0	0	
0.003	0.743085	-0.00112963	1.90724	1.34574	6.41663	2.56665	9.90246e-08	0	0	0	0	0	0	0	0	
0.004	0.744	-0.00158623	1.90719	1.34409	6.40857	2.56343	9.80086e-08	0	0	0	0	0	0	0	0	
0.005	0.741509	-0.00204804	1.90713	1.3486	6.42988	2.57195	9.72103e-08	0	0	0	0	0	0	0	0	
0.006	0.739952	-0.0025162	1.90705	1.35144	6.44313	2.57725	8.85825e-08	0	0	0	0	0	0	0	0	
0.007	0.74029	-0.00299179	1.90695	1.35082	6.43987	2.57595	9.26358e-08	0	0	0	0	0	0	0	0	
0.008	0.741586	-0.00347579	1.90684	1.34846	6.42824	2.5713	9.26728e-08	0	0	0	0	0	0	0	0	
0.009	0.743278	-0.00396906	1.90671	1.34539	6.41318	2.56527	9.18947e-08	0	0	0	0	0	0	0	0	
0.01	0.74506	-0.00447229	1.90657	1.34217	6.39738	2.55895	9.02235e-08	0	0	0	0	0	0	0	0	
0.011	0.746686	-0.00498603	1.90642	1.33925	6.38293	2.55317	9.66245e-08	0	0	0	0	0	0	0	0	
0.012	0.748092	-0.00551063	1.90625	1.33673	6.37038	2.54815	9.41462e-08	0	0	0	0	0	0	0	0	
0.013	0.749232	-0.00604626	1.90607	1.3347	6.36009	2.54404	9.40871e-08	0	0	0	0	0	0	0	0	
0.014	0.750055	-0.0065929	1.90589	1.33324	6.35249	2.54099	9.29378e-08	0	0	0	0	0	0	0	0	
0.015	0.750598	-0.0071503	1.90569	1.33227	6.34723	2.53889	9.67314e-08	0	0	0	0	0	0	0	0	
0.016	0.750938	-0.00771801	1.90548	1.33167	6.34367	2.53747	9.57714e-08	0	0	0	0	0	0	0	0	
0.017	0.751121	-0.00829537	1.90527	1.33134	6.34141	2.53657	9.48099e-08	0	0	0	0	0	0	0	0	
0.018	0.751172	-0.0088815	1.90505	1.33125	6.34025	2.5361	9.59085e-08	0	0	0	0	0	0	0	0	
0.019	0.75113	-0.00947534	1.90482	1.33133	6.33986	2.53594	9.44115e-08	0	0	0	0	0	0	0	0	
0.02	0.751042	-0.0100756	1.90459	1.33148	6.33984	2.53594	9.20878e-08	0	0	0	0	0	0	0	0	
0.021	0.750949	-0.0106811	1.90436	1.33165	6.33984	2.53594	9.03811e-08	0	0	0	0	0	0	0	0	
0.022	0.750879	-0.0112901	1.90412	1.33177	6.33965	2.53586	9.00729e-08	0	0	0	0	0	0	0	0	
0.023	0.750847	-0.0119012	1.90388	1.33183	6.33912	2.53565	9.13349e-08	0	0	0	0	0	0	0	0	
0.024	0.750861	-0.0125129	1.90364	1.3318	6.33819	2.53528	9.35851e-08	0	0	0	0	0	0	0	0	
0.025	0.750925	-0.0131237	1.90339	1.33169	6.33683	2.53473	9.51605e-08	0	0	0	0	0	0	0	0	
0.026	0.751034	-0.0137322	1.90314	1.3315	6.33508	2.53403	9.43646e-08	0	0	0	0	0	0	0	0	
0.027	0.75118	-0.0143372	1.90289	1.33124	6.33299	2.5332	9.27078e-08	0	0	0	0	0	0	0	0	
0.028	0.751354	-0.0149377	1.90263	1.33093	6.33066	2.53226	9.37582e-08	0	0	0	0	0	0	0	0	
0.029	0.751543	-0.0155329	1.90236	1.3306	6.32818	2.53127	9.44493e-08	0	0	0	0	0	0	0	0	
0.03	0.751736	-0.0161223	1.90209	1.33025	6.32564	2.53026	9.23589e-08	0	0	0	0	0	0	0	0	
0.031	0.751922	-0.0167057	1.9018	1.32992	6.32314	2.52926	9.11427e-08	0	0	0	0	0	0	0	0	
0.032	0.752098	-0.0172833	1.90151	1.32961	6.3207	2.52828	9.15125e-08	0	0	0	0	0	0	0	0	
0.033	0.752265	-0.0178553	1.90121	1.32932	6.31829	2.52732	9.29318e-08	0	0	0	0	0	0	0	0	
0.034	0.752431	-0.0184227	1.9009	1.32902	6.31587	2.52635	9.30741e-08	0	0	0	0	0	0	0	0	
0.035	0.752606	-0.0189861	1.90058	1.32872	6.31333	2.52533	9.09349e-08	0	0	0	0	0	0	0	0	
0.036	0.752798	-0.0195469	1.90025	1.32838	6.31061	2.52425	8.93275e-08	0	0	0	0	0	0	0	0	
0.037	0.753014	-0.0201063	1.8999	1.328	6.30765	2.52306	8.86162e-08	0	0	0	0	0	0	0	0	
0.038	0.753257	-0.0206659	1.89954	1.32757	6.30442	2.52177	8.88241e-08	0	0	0	0	0	0	0	0	
0.039	0.753526	-0.0212271	1.89916	1.32709	6.30092	2.52037	8.9809e-08	0	0	0	0	0	0	0	0	
0.04	0.75382	-0.0217916	1.89877	1.32658	6.29717	2.51887	9.12756e-08	0	0	0	0	0	0	0	0	
0.041	0.754136	-0.0223609	1.89836	1.32602	6.29317	2.51727	9.27541e-08	0	0	0	0	0	0	0	0	
0.042	0.754473	-0.0229366	1.89794	1.32543	6.28895	2.51558	9.36761e-08	0	0	0	0	0	0	0	0	
0.043	0.754829	-0.0235199	1.89749	1.3248	6.28451	2.5138	9.3757e-08	0	0	0	0	0	0	0	0	
0.044	0.755203	-0.0241123	1.89703	1.32415	6.27987	2.51195	9.35068e-08	0	0	0	0	0	0	0	0	
0.045	0.75559	-0.0247149	1.89655	1.32347	6.27505	2.51002	9.38107e-08	0	0	0	0	0	0	0	0	
0.046	0.755985	-0.0253286	1.89604	1.32278	6.2701	2.50804	9.42989e-08	0	0	0	0	0	0	0	0	
0.047	0.75638	-0.0259542	1.89552	1.32209	6.26509	2.50604	9.38224e-08	0	0	0	0	0	0	0	0	
0.048	0.756763	-0.0265921	1.89497	1.32142	6.26012	2.50405	9.34639e-08	0	0	0	0	0	0	0	0	
0.049	0.757123	-0.0272428	1.8944	1.32079	6.25527	2.50211	9.40392e-08	0	0	0	0	0	0	0	0	
0.05	0.757452	-0.0279063	1.89381	1.32022	6.25061	2.50025	9.54083e-08	0	0	0	0	0	0	0	0	
0.051	0.757744	-0.0285824	1.89321	1.31971	6.2462	2.49848	9.72466e-08	0	0	0	0	0	0	0	0	
0.052	0.758003	-0.0292708	1.89258	1.31926	6.24201	2.4968	9.82698e-08	0	0	0	0	0	0	0	0	
0.053	0.758235	-0.0299709	1.89194	1.31885	6.23798	2.49519	9.83498e-08	0	0	0	0	0	0	0	0	
0.054	0.758455	-0.0306818	1.89129	1.31847	6.23401	2.49361	9.75225e-08	0	0	0	0	0	0	0	0	
0.055	0.758676	-0.0314023	1.89062	1.31809	6.23	2.492	9.58923e-08	0	0	0	0	0	0	0	0	
0.056	0.758912	-0.0321313	1.88994	1.31768	6.22582	2.49033	9.39397e-08	0	0	0	0	0	0	0	0	
0.057	0.759174	-0.0328671	1.88926	1.31722	6.22142	2.48857	9.26687e-08	0	0	0	0	0	0	0	0	
0.058	0.759466	-0.0336079	1.88857	1.31671	6.21678	2.48671	9.27531e-08	0	0	0	0	0	0	0	0	
0.059	0.759785	-0.0343519	1.88789	1.31616	6.21191	2.48476	9.34102e-08	0	0	0	0	0	0	0	0	
0.06	0.760126	-0.0350968	1.88721	1.31557	6.20688	2.48275	9.34609e-08	0	0	0	0	0	0	0	0	
0.061	0.76048	-0.0358404	1.88653	1.31496	6.20178	2.48071	9.32228e-08	0	0	0	0	0	0	0	0	
0.062	0.760837	-0.0365803	1.88587	1.31434	6.19669	2.47868	9.31677e-08	0	0	0	0	0	0	0	0	
0.063	0.761191	-0.037314	1.88522	1.31373	6.19168	2.47667	9.31275e-08	0	0	0	0	0	0	0	0	
0.064	0.761538	-0.038039	1.88459	1.31313	6.1868	2.47472	9.3108e-08	0	0	0	0	0	0	0	0	
0.065	0.761874	-0.0387528	1.88398	1.31255	6.18207	2.47283	9.38441e-08	0	0	0	0	0	0	0	0	
0.066	0.762203	-0.0394531	1.8834	1.31199	6.17749	2.471	9.49759e-08	0	0	0	0	0	0	0	0	
0.067	0.762526	-0.0401376	1.88284	1.31143	6.17304	2.46922	9.57235e-08	0	0	0	0	0	0	0	0	
0.068	0.762852	-0.0408042	1.88231	1.31087	6.16868	2.46747	9.61506e-08	0	0	0	0	0	0	0	0	
0.069	0.763185	-0.0414509	1.88182	1.3103	6.16435	2.46574	9.62449e-08	0	0	0	0	0	0	0	0	
0.07	0.763535	-0.0420763	1.88135	1.3097	6.16	2.464	9.57954e-08	0	0	0	0	0	0	0	0	
0.071	0.763905	-0.042679	1.88092	1.30906	6.1556	2.46224	9.46944e-08	0	0	0	0	0	0	0	0	
0.072	0.764301	-0.0432579	1.88052	1.30839	6.15111	2.46044	9.34172e-08	0	0	0	0	0	0	0	0	
0.073	0.764722	-0.0438123	1.88015	1.30767	6.14653	2.45861	9.2892e-08	0	0	0	0	0	0	0	0	
0.074	0.765168	-0.0443419	1.87982	1.3069	6.14187	2.45675	9.35952e-08	0	0	0	0	0	0	0	0	
0.075	0.765636	-0.0448465	1.87953	1.3061	6.13714	2.45486	9.47367e-08	0	0	0	0	0	0	0	0	
0.076	0.766121	-0.0453263	1.87926	1.30528	6.13238	2.45295	9.51793e-08	0	0	0	0	0	0	0	0	
0.077	0.76662	-0.0457818	1.87903	1.30443	6.12763	2.45105	9.47548e-08	0	0	0	0	0	0	0	0	
0.078	0.767127	-0.0462138	1.87882	1.30357	6.12292	2.44917	9.38713e-08	0	0	0	0	0	0	0	0	
0.079	0.767638	-0.0466233	1.87865	1.3027	6.11827	2.44731	9.34222e-08	0	0	0	0	0	0	0	0	
0.08	0.768152	-0.0470114	1.8785	1.30183	6.1137	2.44548	9.39279e-08	0	0	0	0	0	0	0	0	
0.081	0.768668	-0.0473794	1.87838	1.30095	6.1092	2.44368	9.48908e-08	0	0	0	0	0	0	0	0	
0.082	0.76919	-0.0477287	1.87828	1.30007	6.10474	2.4419	9.5611e-08	0	0	0	0	0	0	0	0	
0.083	0.76972	-0.0480607	1.8782	1.29917	6.10028	2.44011	9.60054e-08	0	0	0	0	0	0	0	0	
0.084	0.770267	-0.048377	1.87815	1.29825	6.09577	2.43831	9.59239e-08	0	0	0	0	0	0	0	0	
0.085	0.770836	-0.0486789	1.87811	1.29729	6.09114	2.43646	9.53401e-08	0	0	0	0	0	0	0	0	
0.086	0.771434	-0.0489678	1.87809	1.29629	6.08635	2.43454	9.45875e-08	0	0	0	0	0	0	0	0	
0.087	0.772065	-0.0492451	1.87808	1.29523	6.08135	2.43254	9.42147e-08	0	0	0	0	0	0	0	0	
0.088	0.772728	-0.0495119	1.87808	1.29412	6.07614	2.43046	9.43509e-08	0	0	0	0	0	0	0	0	
0.089	0.773422	-0.0497696	1.8781	1.29295	6.07074	2.42829	9.44973e-08	0	0	0	0	0	0	0	0	
0.09	0.774139	-0.0500191	1.87812	1.29176	6.06519	2.42607	9.44469e-08	0	0	0	0	0	0	0	0	
0.091	0.774871	-0.0502615	1.87815	1.29054	6.05956	2.42382	9.46151e-08	0	0	0	0	0	0	0	0	
0.092	0.775607	-0.0504977	1.87819	1.28931	6.05392	2.42157	9.49907e-08	0	0	0	0	0	0	0	0	
0.093	0.77634	-0.0507285	1.87823	1.2881	6.04834	2.41933	9.54627e-08	0	0	0	0	0	0	0	0	
0.094	0.777064	-0.0509548	1.87827	1.2869	6.04284	2.41714	9.60202e-08	0	0	0	0	0	0	0	0	
0.095	0.777774	-0.0511773	1.87832	1.28572	6.03748	2.41499	9.63635e-08	0	0	0	0	0	0	0	0	
0.096	0.778467	-0.0513966	1.87836	1.28458	6.03225	2.4129	9.63772e-08	0	0	0	0	0	0	0	0	
0.097	0.77914	-0.0516134	1.87841	1.28347	6.02719	2.41088	9.61197e-08	0	0	0	0	0	0	0	0	
0.098	0.779791	-0.0518284	1.87846	1.2824	6.02232	2.40893	9.58163e-08	0	0	0	0	0	0	0	0	
0.099	0.780414	-0.0520421	1.87851	1.28137	6.01767	2.40707	9.50283e-08	0	0	0	0	0	0	0	0	
0.1	0.781006	-0.0522552	1.87856	1.2804	6.01325	2.4053	9.38131e-08	0	0	0	0	0	0	0	0	
0.101	0.781565	-0.0524682	1.8786	1.27948	6.0091	2.40364	9.3301e-08	0	0	0	0	0	0	0	0	
0.102	0.782088	-0.0526817	1.87865	1.27863	6.00523	2.40209	9.4077e-08	0	0	0	0	0	0	0	0	
0.103	0.782575	-0.0528959	1.87869	1.27783	6.00164	2.40066	9.53687e-08	0	0	0	0	0	0	0	0	
0.104	0.783025	-0.0531115	1.87874	1.2771	5.99833	2.39933	9.59498e-08	0	0	0	0	0	0	0	0	
0.105	0.783439	-0.0533286	1.87878	1.27642	5.9953	2.39812	9.56627e-08	0	0	0	0	0	0	0	0	
0.106	0.783818	-0.0535475	1.87883	1.27581	5.99255	2.39702	9.51936e-08	0	0	0	0	0	0	0	0	
0.107	0.784162	-0.0537683	1.87887	1.27525	5.99005	2.39602	9.50317e-08	0	0	0	0	0	0	0	0	
0.108	0.784473	-0.0539912	1.87891	1.27474	5.98781	2.39512	9.46923e-08	0	0	0	0	0	0	0	0	
0.109	0.784752	-0.0542161	1.87895	1.27429	5.9858	2.39432	9.40178e-08	0	0	0	0	0	0	0	0	
0.11	0.785003	-0.0544431	1.87899	1.27388	5.98401	2.39361	9.35257e-08	0	0	0	0	0	0	0	0	
0.111	0.785228	-0.0546721	1.87903	1.27352	5.98243	2.39297	9.34751e-08	0	0	0	0	0	0	0	0	
0.112	0.785429	-0.0549028	1.87906	1.27319	5.98102	2.39241	9.33659e-08	0	0	0	0	0	0	0	0	
0.113	0.785609	-0.0551349	1.8791	1.2729	5.97975	2.3919	9.32207e-08	0	0	0	0	0	0	0	0	
0.114	0.785774	-0.0553682	1.87914	1.27263	5.97861	2.39145	9.33261e-08	0	0	0	0	0	0	0	0	
0.115	0.785924	-0.0556023	1.87917	1.27239	5.97758	2.39103	9.37838e-08	0	0	0	0	0	0	0	0	
0.116	0.786062	-0.0558368	1.8792	1.27216	5.97662	2.39065	9.47619e-08	0	0	0	0	0	0	0	0	
0.117	0.786191	-0.0560713	1.87923	1.27196	5.97573	2.39029	9.58707e-08	0	0	0	0	0	0	0	0	
0.118	0.786313	-0.0563056	1.87925	1.27176	5.97489	2.38996	9.66441e-08	0	0	0	0	0	0	0	0	
0.119	0.786428	-0.0565393	1.87928	1.27157	5.97409	2.38964	9.67366e-08	0	0	0	0	0	0	0	0	
0.12	0.786539	-0.0567723	1.8793	1.27139	5.97332	2.38933	9.66946e-08	0	0	0	0	0	0	0	0	
0.121	0.786647	-0.0570043	1.87932	1.27122	5.97256	2.38902	9.66929e-08	0	0	0	0	0	0	0	0	
0.122	0.786752	-0.0572353	1.87934	1.27105	5.97182	2.38873	9.65128e-08	0	0	0	0	0	0	0	0	
0.123	0.786854	-0.0574648	1.87935	1.27088	5.9711	2.38844	9.60642e-08	0	0	0	0	0	0	0	0	
0.124	0.786952	-0.0576927	1.87937	1.27073	5.9704	2.38816	9.5088e-08	0	0	0	0	0	0	0	0	
0.125	0.787044	-0.0579185	1.87939	1.27058	5.96976	2.3879	9.38384e-08	0	0	0	0	0	0	0	0	
0.126	0.787127	-0.0581416	1.8794	1.27044	5.96918	2.38767	9.28135e-08	0	0	0	0	0	0	0	0	
0.127	0.7872	-0.0583615	1.87942	1.27033	5.9687	2.38748	9.27142e-08	0	0	0	0	0	0	0	0	
0.128	0.787259	-0.0585775	1.87945	1.27023	5.96832	2.38733	9.33534e-08	0	0	0	0	0	0	0	0	
0.129	0.787303	-0.0587886	1.87947	1.27016	5.96808	2.38723	9.43201e-08	0	0	0	0	0	0	0	0	
0.13	0.78733	-0.0589938	1.87951	1.27011	5.96797	2.38719	9.51644e-08	0	0	0	0	0	0	0	0	
0.131	0.787342	-0.0591919	1.87955	1.2701	5.96801	2.38721	9.52513e-08	0	0	0	0	0	0	0	0	
0.132	0.787338	-0.0593813	1.8796	1.2701	5.9682	2.38728	9.4764e-08	0	0	0	0	0	0	0	0	
0.133	0.787319	-0.0595603	1.87966	1.27013	5.96854	2.38742	9.41516e-08	0	0	0	0	0	0	0	0	
0.134	0.787286	-0.0597265	1.87973	1.27019	5.96902	2.38761	9.36167e-08	0	0	0	0	0	0	0	0	
0.135	0.787242	-0.0598776	1.87982	1.27026	5.96963	2.38785	9.34677e-08	0	0	0	0	0	0	0	0	
0.136	0.787188	-0.060011	1.87992	1.27035	5.97036	2.38814	9.37658e-08	0	0	0	0	0	0	0	0	
0.137	0.787126	-0.0601238	1.88003	1.27044	5.97119	2.38848	9.43478e-08	0	0	0	0	0	0	0	0	
0.138	0.787059	-0.0602134	1.88017	1.27055	5.97213	2.38885	9.4644e-08	0	0	0	0	0	0	0	0	
0.139	0.786989	-0.0602772	1.88032	1.27067	5.97315	2.38926	9.44778e-08	0	0	0	0	0	0	0	0	
0.14	0.786918	-0.0603129	1.8805	1.27078	5.97424	2.3897	9.41151e-08	0	0	0	0	0	0	0	0	
0.141	0.786851	-0.0603188	1.8807	1.27089	5.9754	2.39016	9.37396e-08	0	0	0	0	0	0	0	0	
0.142	0.786788	-0.0602936	1.88093	1.27099	5.97662	2.39065	9.35042e-08	0	0	0	0	0	0	0	0	
0.143	0.786732	-0.0602367	1.8812	1.27108	5.9779	2.39116	9.34066e-08	0	0	0	0	0	0	0	0	
0.144	0.786687	-0.0601482	1.88151	1.27115	5.97924	2.39169	9.34251e-08	0	0	0	0	0	0	0	0	
0.145	0.786654	-0.060029	1.88188	1.27121	5.98063	2.39225	9.34054e-08	0	0	0	0	0	0	0	0	
0.146	0.786637	-0.0598804	1.88229	1.27123	5.98208	2.39283	9.31846e-08	0	0	0	0	0	0	0	0	
0.147	0.786641	-0.0597041	1.88277	1.27123	5.98358	2.39343	9.26536e-08	0	0	0	0	0	0	0	0	
0.148	0.786671	-0.0595021	1.88332	1.27118	5.98511	2.39404	9.20097e-08	0	0	0	0	0	0	0	0	
0.149	0.786731	-0.0592762	1.88395	1.27108	5.98664	2.39466	9.15334e-08	0	0	0	0	0	0	0	0	
0.15	0.786827	-0.059028	1.88466	1.27093	5.98816	2.39526	9.1272e-08	0	0	0	0	0	0	0	0	
0.151	0.786961	-0.0587588	1.88545	1.27071	5.98966	2.39586	9.12363e-08	0	0	0	0	0	0	0	0	
0.152	0.787135	-0.0584696	1.88633	1.27043	5.99111	2.39645	9.14202e-08	0	0	0	0	0	0	0	0	
0.153	0.78735	-0.0581609	1.88729	1.27008	5.99254	2.39702	9.16077e-08	0	0	0	0	0	0	0	0	
0.154	0.787601	-0.057833	1.88834	1.26968	5.99395	2.39758	9.15963e-08	0	0	0	0	0	0	0	0	
0.155	0.787885	-0.0574858	1.88946	1.26922	5.99536	2.39814	9.148e-08	0	0	0	0	0	0	0	0	
0.156	0.788196	-0.057119	1.89066	1.26872	5.9968	2.39872	9.15028e-08	0	0	0	0	0	0	0	0	
0.157	0.788528	-0.0567322	1.89193	1.26819	5.99829	2.39932	9.16809e-08	0	0	0	0	0	0	0	0	
0.158	0.788875	-0.0563252	1.89326	1.26763	5.99986	2.39994	9.18311e-08	0	0	0	0	0	0	0	0	
0.159	0.78923	-0.0558974	1.89463	1.26706	6.00152	2.40061	9.18868e-08	0	0	0	0	0	0	0	0	
0.16	0.789588	-0.0554489	1.89605	1.26648	6.00329	2.40131	9.19774e-08	0	0	0	0	0	0	0	0	
0.161	0.789945	-0.0549799	1.8975	1.26591	6.00515	2.40206	9.21589e-08	0	0	0	0	0	0	0	0	
0.162	0.790297	-0.0544913	1.89896	1.26535	6.0071	2.40284	9.2271e-08	0	0	0	0	0	0	0	0	
0.163	0.79064	-0.0539846	1.90042	1.2648	6.00912	2.40365	9.21151e-08	0	0	0	0	0	0	0	0	
0.164	0.790972	-0.053462	1.90188	1.26427	6.01121	2.40448	9.17064e-08	0	0	0	0	0	0	0	0	
0.165	0.791292	-0.0529268	1.90332	1.26376	6.01332	2.40533	9.13097e-08	0	0	0	0	0	0	0	0	
0.166	0.791597	-0.0523832	1.90473	1.26327	6.01546	2.40618	9.11897e-08	0	0	0	0	0	0	0	0	
0.167	0.791888	-0.0518366	1.9061	1.26281	6.01758	2.40703	9.13662e-08	0	0	0	0	0	0	0	0	
0.168	0.792163	-0.0512934	1.90743	1.26237	6.01968	2.40787	9.16184e-08	0	0	0	0	0	0	0	0	
0.169	0.792422	-0.0507608	1.9087	1.26195	6.02173	2.40869	9.16726e-08	0	0	0	0	0	0	0	0	
0.17	0.792664	-0.0502458	1.90992	1.26157	6.02372	2.40949	9.1388e-08	0	0	0	0	0	0	0	0	
0.171	0.792889	-0.0497552	1.91107	1.26121	6.02565	2.41026	9.08479e-08	0	0	0	0	0	0	0	0	
0.172	0.793096	-0.0492951	1.91215	1.26088	6.02748	2.41099	9.03456e-08	0	0	0	0	0	0	0	0	
0.173	0.793284	-0.0488701	1.91316	1.26058	6.02923	2.41169	9.02396e-08	0	0	0	0	0	0	0	0	
0.174	0.793451	-0.0484842	1.91408	1.26032	6.03088	2.41235	9.07467e-08	0	0	0	0	0	0	0	0	
0.175	0.793597	-0.0481402	1.91493	1.26009	6.03243	2.41297	9.1827e-08	0	0	0	0	0	0	0	0	
0.176	0.793723	-0.0478403	1.91569	1.25989	6.03387	2.41355	9.32328e-08	0	0	0	0	0	0	0	0	
0.177	0.793829	-0.0475855	1.91637	1.25972	6.0352	2.41408	9.46558e-08	0	0	0	0	0	0	0	0	
0.178	0.793918	-0.0473756	1.91697	1.25958	6.03643	2.41457	9.58634e-08	0	0	0	0	0	0	0	0	
0.179	0.793992	-0.0472084	1.91751	1.25946	6.03755	2.41502	9.67553e-08	0	0	0	0	0	0	0	0	
0.18	0.794056	-0.0470798	1.91798	1.25936	6.03855	2.41542	9.73428e-08	0	0	0	0	0	0	0	0	
0.181	0.794112	-0.0469832	1.9184	1.25927	6.03945	2.41578	9.76818e-08	0	0	0	0	0	0	0	0	
0.182	0.794166	-0.0469098	1.91879	1.25918	6.04025	2.4161	9.77992e-08	0	0	0	0	0	0	0	0	
0.183	0.794222	-0.0468491	1.91914	1.25909	6.04096	2.41638	9.76678e-08	0	0	0	0	0	0	0	0	
0.184	0.794282	-0.0467886	1.91949	1.259	6.0416	2.41664	9.72339e-08	0	0	0	0	0	0	0	0	
0.185	0.794353	-0.0467147	1.91985	1.25889	6.04219	2.41688	9.64549e-08	0	0	0	0	0	0	0	0	
0.186	0.794438	-0.0466131	1.92024	1.25875	6.04276	2.41711	9.53235e-08	0	0	0	0	0	0	0	0	
0.187	0.794543	-0.04647	1.92068	1.25859	6.04335	2.41734	9.3881e-08	0	0	0	0	0	0	0	0	
0.188	0.794674	-0.0462724	1.9212	1.25838	6.04399	2.4176	9.22246e-08	0	0	0	0	0	0	0	0	
0.189	0.794839	-0.0460088	1.92183	1.25812	6.04472	2.41789	9.04991e-08	0	0	0	0	0	0	0	0	
0.19	0.795045	-0.0456687	1.9226	1.25779	6.04557	2.41823	8.88717e-08	0	0	0	0	0	0	0	0	
0.191	0.795298	-0.0452414	1.92354	1.25739	6.04659	2.41864	8.75014e-08	0	0	0	0	0	0	0	0	
0.192	0.795605	-0.0447151	1.92466	1.25691	6.04779	2.41911	8.65098e-08	0	0	0	0	0	0	0	0	
0.193	0.795969	-0.0440773	1.92598	1.25633	6.04918	2.41967	8.59583e-08	0	0	0	0	0	0	0	0	
0.194	0.796394	-0.0433161	1.92753	1.25566	6.05079	2.42032	8.5838e-08	0	0	0	0	0	0	0	0	
0.195	0.796885	-0.0424222	1.9293	1.25489	6.05263	2.42105	8.60718e-08	0	0	0	0	0	0	0	0	
0.196	0.797446	-0.0413909	1.93132	1.254	6.0547	2.42188	8.65278e-08	0	0	0	0	0	0	0	0	
0.197	0.798082	-0.0402217	1.9336	1.253	6.05701	2.4228	8.70481e-08	0	0	0	0	0	0	0	0	
0.198	0.798798	-0.0389169	1.93615	1.25188	6.05958	2.42383	8.7489e-08	0	0	0	0	0	0	0	0	
0.199	0.799598	-0.0374791	1.93899	1.25063	6.0624	2.42496	8.77624e-08	0	0	0	0	0	0	0	0	
0.2	0.80048	-0.0359081	1.94212	1.24925	6.06548	2.42619	8.78586e-08	0	0	0	0	0	0	0	0	
0.201	0.801441	-0.0341996	1.94551	1.24775	6.06879	2.42752	8.78426e-08	0	0	0	0	0	0	0	0	
0.202	0.802475	-0.0323467	1.94915	1.24615	6.07232	2.42893	8.78218e-08	0	0	0	0	0	0	0	0	
0.203	0.803577	-0.0303472	1.95303	1.24444	6.07605	2.43042	8.78956e-08	0	0	0	0	0	0	0	0	
0.204	0.804747	-0.0282075	1.95714	1.24263	6.07998	2.43199	8.81051e-08	0	0	0	0	0	0	0	0	
0.205	0.805986	-0.0259397	1.96148	1.24072	6.0841	2.43364	8.8409e-08	0	0	0	0	0	0	0	0	
0.206	0.807293	-0.0235544	1.96605	1.23871	6.08842	2.43537	8.86991e-08	0	0	0	0	0	0	0	0	
0.207	0.808665	-0.0210608	1.97085	1.23661	6.09292	2.43717	8.88527e-08	0	0	0	0	0	0	0	0	
0.208	0.810107	-0.0184762	1.97589	1.2344	6.09761	2.43904	8.87923e-08	0	0	0	0	0	0	0	0	
0.209	0.811607	-0.0158057	1.98112	1.23212	6.10247	2.44099	8.85232e-08	0	0	0	0	0	0	0	0	
0.21	0.813142	-0.0130181	1.98648	1.2298	6.10741	2.44296	8.81294e-08	0	0	0	0	0	0	0	0	
0.211	0.81471	-0.0101138	1.99194	1.22743	6.11242	2.44497	8.77303e-08	0	0	0	0	0	0	0	0	
0.212	0.816295	-0.00709914	1.99746	1.22505	6.11746	2.44698	8.74236e-08	0	0	0	0	0	0	0	0	
0.213	0.81798	-0.00405406	2.00332	1.22252	6.12277	2.44911	8.72447e-08	0	0	0	0	0	0	0	0	
0.214	0.819629	-0.00103352	2.00906	1.22006	6.12794	2.45118	8.7165e-08	0	0	0	0	0	0	0	0	
0.215	0.821713	0.00320578	2.01628	1.21697	6.13437	2.45375	8.71227e-08	0	0	0	0	0	0	0	0	
0.216	0.824447	0.00891552	2.02573	1.21293	6.1427	2.45708	8.70652e-08	0	0	0	0	0	0	0	0	
0.217	0.827232	0.014043	2.03537	1.20885	6.15115	2.46046	8.69735e-08	0	0	0	0	0	0	0	0	
0.218	0.829963	0.0190553	2.04483	1.20487	6.15939	2.46376	8.68601e-08	0	0	0	0	0	0	0	0	
0.219	0.832651	0.023976	2.05414	1.20098	6.16748	2.46699	8.67472e-08	0	0	0	0	0	0	0	0	
0.22	0.835307	0.0288277	2.06336	1.19716	6.17544	2.47018	8.66467e-08	0	0	0	0	0	0	0	0	
0.221	0.837943	0.0336315	2.07251	1.1934	6.18332	2.47333	8.65552e-08	0	0	0	0	0	0	0	0	
0.222	0.840566	0.038404	2.08163	1.18967	6.19115	2.47646	8.6465e-08	0	0	0	0	0	0	0	0	
0.223	0.843185	0.0431584	2.09074	1.18598	6.19894	2.47957	8.6379e-08	0	0	0	0	0	0	0	0	
0.224	0.845805	0.047906	2.09987	1.18231	6.20672	2.48269	8.63156e-08	0	0	0	0	0	0	0	0	
0.225	0.84843	0.0526557	2.10903	1.17865	6.2145	2.4858	8.63003e-08	0	0	0	0	0	0	0	0	
0.226	0.851064	0.057415	2.11823	1.175	6.22231	2.48892	8.63513e-08	0	0	0	0	0	0	0	0	
0.227	0.853709	0.0621901	2.12749	1.17136	6.23013	2.49205	8.64696e-08	0	0	0	0	0	0	0	0	
0.228	0.856367	0.0669863	2.13681	1.16772	6.238	2.4952	8.66394e-08	0	0	0	0	0	0	0	0	
0.229	0.859039	0.0718078	2.14619	1.16409	6.2459	2.49836	8.68337e-08	0	0	0	0	0	0	0	0	
0.23	0.861725	0.0766585	2.15564	1.16046	6.25386	2.50154	8.70204e-08	0	0	0	0	0	0	0	0	
0.231	0.864425	0.0815413	2.16517	1.15684	6.26187	2.50475	8.71648e-08	0	0	0	0	0	0	0	0	
0.232	0.867139	0.0864587	2.17477	1.15322	6.26995	2.50798	8.72332e-08	0	0	0	0	0	0	0	0	
0.233	0.869866	0.0914123	2.18445	1.1496	6.27811	2.51124	8.71984e-08	0	0	0	0	0	0	0	0	
0.234	0.872605	0.0964027	2.1942	1.14599	6.28636	2.51454	8.70477e-08	0	0	0	0	0	0	0	0	
0.235	0.875356	0.10143	2.20404	1.14239	6.29471	2.51788	8.67889e-08	0	0	0	0	0	0	0	0	
0.236	0.878121	0.106493	2.21397	1.1388	6.30316	2.52126	8.64502e-08	0	0	0	0	0	0	0	0	
0.237	0.880902	0.111589	2.224	1.1352	6.31172	2.52469	8.6075e-08	0	0	0	0	0	0	0	0	
0.238	0.883704	0.116716	2.23413	1.1316	6.32036	2.52814	8.5713e-08	0	0	0	0	0	0	0	0	
0.239	0.886535	0.12187	2.24438	1.12799	6.32908	2.53163	8.54103e-08	0	0	0	0	0	0	0	0	
0.24	0.889401	0.127047	2.25475	1.12435	6.33783	2.53513	8.52019e-08	0	0	0	0	0	0	0	0	
0.241	0.892311	0.132245	2.26525	1.12069	6.34659	2.53863	8.51073e-08	0	0	0	0	0	0	0	0	
0.242	0.895274	0.137461	2.2759	1.11698	6.35531	2.54212	8.51291e-08	0	0	0	0	0	0	0	0	
0.243	0.898297	0.142694	2.28669	1.11322	6.36396	2.54558	8.52539e-08	0	0	0	0	0	0	0	0	
0.244	0.901384	0.147942	2.29763	1.10941	6.37251	2.54901	8.54551e-08	0	0	0	0	0	0	0	0	
0.245	0.904538	0.153209	2.30873	1.10554	6.38096	2.55238	8.56975e-08	0	0	0	0	0	0	0	0	
0.246	0.907758	0.158496	2.31998	1.10162	6.38931	2.55572	8.59452e-08	0	0	0	0	0	0	0	0	
0.247	0.911038	0.163808	2.33137	1.09765	6.39756	2.55903	8.61693e-08	0	0	0	0	0	0	0	0	
0.248	0.914372	0.16915	2.3429	1.09365	6.40577	2.56231	8.63534e-08	0	0	0	0	0	0	0	0	
0.249	0.917751	0.174526	2.35457	1.08962	6.41397	2.56559	8.64929e-08	0	0	0	0	0	0	0	0	
0.25	0.921165	0.179941	2.36636	1.08558	6.4222	2.56888	8.65912e-08	0	0	0	0	0	0	0	0	
0.251	0.924604	0.1854	2.37828	1.08154	6.43053	2.57221	8.66545e-08	0	0	0	0	0	0	0	0	
0.252	0.92806	0.190906	2.39031	1.07752	6.43899	2.57559	8.66897e-08	0	0	0	0	0	0	0	0	
0.253	0.931527	0.196461	2.40245	1.07351	6.44762	2.57905	8.67042e-08	0	0	0	0	0	0	0	0	
0.254	0.934999	0.202066	2.41471	1.06952	6.45645	2.58258	8.67057e-08	0	0	0	0	0	0	0	0	
0.255	0.938476	0.207722	2.42709	1.06556	6.4655	2.5862	8.67018e-08	0	0	0	0	0	0	0	0	
0.256	0.941958	0.213429	2.43958	1.06162	6.47477	2.58991	8.6698e-08	0	0	0	0	0	0	0	0	
0.257	0.945445	0.219184	2.4522	1.0577	6.48425	2.5937	8.66971e-08	0	0	0	0	0	0	0	0	
0.258	0.948943	0.224988	2.46495	1.0538	6.49394	2.59758	8.66983e-08	0	0	0	0	0	0	0	0	
0.259	0.952454	0.23084	2.47784	1.04992	6.50382	2.60153	8.66959e-08	0	0	0	0	0	0	0	0	
0.26	0.955983	0.236737	2.49086	1.04604	6.51386	2.60555	8.66794e-08	0	0	0	0	0	0	0	0	
0.261	0.959533	0.242679	2.50402	1.04217	6.52406	2.60962	8.66362e-08	0	0	0	0	0	0	0	0	
0.262	0.96311	0.248666	2.51733	1.0383	6.53438	2.61375	8.65589e-08	0	0	0	0	0	0	0	0	
0.263	0.966715	0.254697	2.53079	1.03443	6.54482	2.61793	8.64525e-08	0	0	0	0	0	0	0	0	
0.264	0.970353	0.260771	2.5444	1.03055	6.55535	2.62214	8.63364e-08	0	0	0	0	0	0	0	0	
0.265	0.974027	0.26689	2.55817	1.02667	6.56597	2.62639	8.62372e-08	0	0	0	0	0	0	0	0	
0.266	0.977738	0.273051	2.5721	1.02277	6.57666	2.63066	8.6175e-08	0	0	0	0	0	0	0	0	
0.267	0.981492	0.279256	2.58619	1.01886	6.58739	2.63496	8.61506e-08	0	0	0	0	0	0	0	0	
0.268	0.985291	0.285504	2.60044	1.01493	6.59816	2.63926	8.61409e-08	0	0	0	0	0	0	0	0	
0.269	0.989138	0.291796	2.61486	1.01098	6.60893	2.64357	8.61065e-08	0	0	0	0	0	0	0	0	
0.27	0.993038	0.298132	2.62944	1.00701	6.61969	2.64788	8.60065e-08	0	0	0	0	0	0	0	0	
0.271	0.996991	0.304514	2.64419	1.00302	6.63042	2.65217	8.58153e-08	0	0	0	0	0	0	0	0	
0.272	1.001	0.310943	2.65909	0.999002	6.6411	2.65644	8.5533e-08	0	0	0	0	0	0	0	0	
0.273	1.00506	0.317424	2.67416	0.994966	6.65174	2.6607	8.51896e-08	0	0	0	0	0	0	0	0	
0.274	1.00917	0.323959	2.68937	0.990913	6.66234	2.66493	8.48418e-08	0	0	0	0	0	0	0	0	
0.275	1.01333	0.330553	2.70473	0.98685	6.67289	2.66916	8.45619e-08	0	0	0	0	0	0	0	0	
0.276	1.01752	0.337211	2.72021	0.982782	6.68343	2.67337	8.44213e-08	0	0	0	0	0	0	0	0	
0.277	1.02175	0.343936	2.73582	0.978716	6.69397	2.67759	8.44718e-08	0	0	0	0	0	0	0	0	
0.278	1.026	0.35073	2.75155	0.974658	6.70454	2.68182	8.4731e-08	0	0	0	0	0	0	0	0	
0.279	1.03028	0.357591	2.7674	0.97061	6.71517	2.68607	8.51777e-08	0	0	0	0	0	0	0	0	
0.28	1.03458	0.364512	2.7834	0.966572	6.72589	2.69036	8.57573e-08	0	0	0	0	0	0	0	0	
0.281	1.03892	0.371482	2.79957	0.962541	6.73674	2.6947	8.63973e-08	0	0	0	0	0	0	0	0	
0.282	1.04329	0.378485	2.81594	0.958508	6.74776	2.6991	8.7024e-08	0	0	0	0	0	0	0	0	
0.283	1.04771	0.385503	2.83257	0.954465	6.75897	2.70359	8.75769e-08	0	0	0	0	0	0	0	0	
0.284	1.05219	0.392517	2.8495	0.950399	6.77041	2.70816	8.80146e-08	0	0	0	0	0	0	0	0	
0.285	1.05674	0.399514	2.86677	0.946304	6.7821	2.71284	8.8315e-08	0	0	0	0	0	0	0	0	
0.286	1.06138	0.406485	2.88441	0.942174	6.79403	2.71761	8.84711e-08	0	0	0	0	0	0	0	0	
0.287	1.06609	0.413431	2.90241	0.938009	6.80622	2.72249	8.84849e-08	0	0	0	0	0	0	0	0	
0.288	1.07087	0.420362	2.92076	0.933816	6.81864	2.72745	8.83611e-08	0	0	0	0	0	0	0	0	
0.289	1.07573	0.427295	2.93942	0.929605	6.83125	2.7325	8.81045e-08	0	0	0	0	0	0	0	0	
0.29	1.08063	0.434253	2.95834	0.925388	6.84402	2.73761	8.77248e-08	0	0	0	0	0	0	0	0	
0.291	1.08557	0.441259	2.97745	0.921179	6.85692	2.74277	8.72449e-08	0	0	0	0	0	0	0	0	
0.292	1.09053	0.448331	2.99673	0.916986	6.86989	2.74796	8.67056e-08	0	0	0	0	0	0	0	0	
0.293	1.09551	0.455486	3.01611	0.912816	6.88289	2.75316	8.61566e-08	0	0	0	0	0	0	0	0	
0.294	1.10051	0.46273	3.0356	0.908668	6.89589	2.75836	8.56381e-08	0	0	0	0	0	0	0	0	
0.295	1.10554	0.470062	3.05519	0.904537	6.90884	2.76354	8.51652e-08	0	0	0	0	0	0	0	0	
0.296	1.1106	0.477479	3.07489	0.900416	6.92171	2.76868	8.47302e-08	0	0	0	0	0	0	0	0	
0.297	1.11571	0.484972	3.09473	0.896293	6.93447	2.77379	8.43222e-08	0	0	0	0	0	0	0	0	
0.298	1.12087	0.492532	3.11473	0.892162	6.94711	2.77884	8.39444e-08	0	0	0	0	0	0	0	0	
0.299	1.12611	0.500149	3.13491	0.888016	6.95964	2.78385	8.36204e-08	0	0	0	0	0	0	0	0	
0.3	1.13141	0.507819	3.15531	0.883854	6.97207	2.78883	8.33853e-08	0	0	0	0	0	0	0	0	
0.301	1.13678	0.515535	3.17592	0.879676	6.98446	2.79378	8.32707e-08	0	0	0	0	0	0	0	0	
0.302	1.14222	0.523295	3.19677	0.875489	6.99684	2.79874	8.32896e-08	0	0	0	0	0	0	0	0	
0.303	1.14771	0.531098	3.21786	0.871297	7.00929	2.80372	8.34322e-08	0	0	0	0	0	0	0	0	
0.304	1.15326	0.538944	3.2392	0.867109	7.02185	2.80874	8.36754e-08	0	0	0	0	0	0	0	0	
0.305	1.15884	0.546833	3.26079	0.86293	7.03458	2.81383	8.39941e-08	0	0	0	0	0	0	0	0	
0.306	1.16446	0.554768	3.28263	0.858765	7.04752	2.81901	8.43635e-08	0	0	0	0	0	0	0	0	
0.307	1.17012	0.562747	3.30472	0.854616	7.06067	2.82427	8.47619e-08	0	0	0	0	0	0	0	0	
0.308	1.1758	0.570772	3.32708	0.850484	7.07407	2.82963	8.51765e-08	0	0	0	0	0	0	0	0	
0.309	1.18152	0.578842	3.3497	0.846368	7.08769	2.83507	8.55947e-08	0	0	0	0	0	0	0	0	
0.31	1.18727	0.586959	3.37258	0.842265	7.10153	2.84061	8.59859e-08	0	0	0	0	0	0	0	0	
0.311	1.19307	0.59512	3.39575	0.838174	7.11558	2.84623	8.63156e-08	0	0	0	0	0	0	0	0	
0.312	1.19891	0.603325	3.41922	0.834093	7.12986	2.85194	8.66001e-08	0	0	0	0	0	0	0	0	
0.313	1.20479	0.611574	3.44298	0.830021	7.14436	2.85774	8.69245e-08	0	0	0	0	0	0	0	0	
0.314	1.21071	0.619866	3.46705	0.82596	7.15911	2.86364	8.73542e-08	0	0	0	0	0	0	0	0	
0.315	1.21668	0.628204	3.49144	0.82191	7.17411	2.86965	8.78218e-08	0	0	0	0	0	0	0	0	
0.316	1.22269	0.636595	3.51613	0.817872	7.18935	2.87574	8.81329e-08	0	0	0	0	0	0	0	0	
0.317	1.22874	0.645053	3.54109	0.813845	7.20474	2.8819	8.80804e-08	0	0	0	0	0	0	0	0	
0.318	1.23483	0.653603	3.56626	0.809827	7.22015	2.88806	8.75873e-08	0	0	0	0	0	0	0	0	
0.319	1.24098	0.662275	3.59158	0.805816	7.23538	2.89415	8.67553e-08	0	0	0	0	0	0	0	0	
0.32	1.24719	0.671097	3.61696	0.801805	7.25024	2.9001	8.57393e-08	0	0	0	0	0	0	0	0	
0.321	1.25347	0.680079	3.64239	0.797784	7.2646	2.90584	8.4666e-08	0	0	0	0	0	0	0	0	
0.322	1.25987	0.689198	3.66795	0.793734	7.27844	2.91137	8.38356e-08	0	0	0	0	0	0	0	0	
0.323	1.26642	0.698389	3.69386	0.789627	7.29192	2.91677	8.36417e-08	0	0	0	0	0	0	0	0	
0.324	1.27319	0.707555	3.72043	0.785429	7.30535	2.92214	8.40542e-08	0	0	0	0	0	0	0	0	
0.325	1.28022	0.716593	3.74803	0.781114	7.31909	2.92763	8.46737e-08	0	0	0	0	0	0	0	0	
0.326	1.28754	0.725445	3.77686	0.776674	7.33347	2.93339	8.55738e-08	0	0	0	0	0	0	0	0	
0.327	1.29511	0.734122	3.80695	0.772133	7.34868	2.93947	8.6796e-08	0	0	0	0	0	0	0	0	
0.328	1.30286	0.742715	3.83807	0.767543	7.36471	2.94588	8.76056e-08	0	0	0	0	0	0	0	0	
0.329	1.31067	0.751361	3.86984	0.762969	7.38141	2.95256	8.77873e-08	0	0	0	0	0	0	0	0	
0.33	1.31845	0.760192	3.90187	0.758464	7.39857	2.95943	8.67375e-08	0	0	0	0	0	0	0	0	
0.331	1.32616	0.769297	3.93395	0.754054	7.41602	2.96641	8.40693e-08	0	0	0	0	0	0	0	0	
0.332	1.3338	0.7787	3.96601	0.749735	7.43365	2.97346	8.18796e-08	0	0	0	0	0	0	0	0	
0.333	1.34142	0.788377	3.99821	0.745479	7.45146	2.98058	8.34261e-08	0	0	0	0	0	0	0	0	
0.334	1.34907	0.798281	4.03075	0.741249	7.46948	2.98779	8.30339e-08	0	0	0	0	0	0	0	0	
0.335	1.35682	0.808376	4.06384	0.737015	7.48778	2.99511	8.03043e-08	0	0	0	0	0	0	0	0	
0.336	1.3647	0.818643	4.09764	0.732762	7.50648	3.00259	8.14865e-08	0	0	0	0	0	0	0	0	
0.337	1.37271	0.829085	4.13224	0.728487	7.52571	3.01028	8.88494e-08	0	0	0	0	0	0	0	0	
0.338	1.38086	0.839716	4.16775	0.724186	7.54557	3.01823	7.57278e-08	0	0	0	0	0	0	0	0	
0.339	1.38919	0.85056	4.20426	0.719846	7.56604	3.02642	8.95521e-08	0	0	0	0	0	0	0	0	
0.34	1.39777	0.861645	4.24186	0.715427	7.58686	3.03474	1.5724e-07	0	0	0	0	0	0	0	0	
0.341	1.40673	0.873008	4.28068	0.710871	7.60753	3.04301	2.85542e-07	0	0	0	0	0	0	0	0	
0.342	1.41621	0.884687	4.3209	0.70611	7.62758	3.05103	5.29584e-07	0	0	0	0	0	0	0	0	
0.343	1.42633	0.896724	4.36274	0.701099	7.64679	3.05872	9.94798e-07	0	0	0	0	0	0	0	0	
0.344	1.43712	0.909184	4.40646	0.695836	7.66543	3.06617	1.87891e-06	0	0	0	0	0	0	0	0	
0.345	1.44852	0.922166	4.45231	0.690358	7.68421	3.07368	3.55376e-06	0	0	0	0	0	0	0	0	
0.346	1.46048	0.93578	4.50066	0.684708	7.70409	3.08164	6.72608e-06	0	0	0	0	0	0	0	0	
0.347	1.47298	0.950133	4.55216	0.678894	7.72608	3.09043	1.27613e-05	0	0	0	0	0	0	0	0	
0.348	1.48616	0.965375	4.60764	0.672877	7.75095	3.10038	2.43608e-05	0	0	0	0	0	0	0	0	
0.349	1.50017	0.981794	4.66797	0.666591	7.77907	3.11163	4.69858e-05	0	0	0	0	0	0	0	0	
0.35	1.51533	0.999804	4.73433	0.659921	7.81071	3.12428	9.18784e-05	0	0	0	0	0	0	0	0	
0.351	1.5322	1.01988	4.80889	0.652656	7.84638	3.13855	0.000182833	0	0	0	0	0	0	0	0	
0.352	1.55165	1.04268	4.89521	0.644475	7.8871	3.15484	0.000371533	0	0	0	0	0	0	0	0	
0.353	1.57485	1.06935	4.99817	0.63498	7.93435	3.17374	0.000772638	0	0	0	0	0	0	0	0	
0.354	1.60352	1.10193	5.12481	0.623628	7.98994	3.19598	0.00165217	0	0	0	0	0	0	0	0	
0.355	1.64079	1.1436	5.28765	0.609461	8.05654	3.22262	0.00365648	0	0	0	0	0	0	0	0	
0.356	1.69296	1.19915	5.51124	0.590681	8.13846	3.25538	0.0084174	0	0	0	0	0	0	0	0	
0.357	1.77259	1.27731	5.84038	0.564145	8.23705	3.29482	0.0203723	0	0	0	0	0	0	0	0	
0.358	1.90528	1.39508	6.35149	0.524857	8.33405	3.33362	0.0523834	0	0	0	0	0	0	0	0	
0.359	2.1473	1.57421	7.15928	0.465701	8.33521	3.33408	0.141945	0	0	0	0	0	0	0	0	
0.36	2.4273	1.69419	7.41187	0.411981	7.63387	3.05355	0.389096	0	0	0	0	0	0	0	0	
0.361	1.97599	1.23761	4.44159	0.506076	5.61946	2.24779	0.755302	0	0	0	0	0	0	0	0	
0.362	1.15789	0.24614	1.47054	0.863637	3.17504	1.27002	0.917648	0	0	0	0	0	0	0	0	
0.363	1.01995	0.0944817	1.18275	0.980444	2.89905	1.15962	0.920733	0	0	0	0	0	0	0	0	
0.364	1.01787	0.0926302	1.17845	0.982444	2.89441	1.15776	0.921268	0	0	0	0	0	0	0	0	
0.365	1.01782	0.0922567	1.1775	0.982496	2.89222	1.15689	0.92178	0	0	0	0	0	0	0	0	
0.366	1.01775	0.0919005	1.17659	0.982555	2.89015	1.15606	0.922272	0	0	0	0	0	0	0	0	
0.367	1.01768	0.0915495	1.17568	0.982632	2.88816	1.15527	0.922746	0	0	0	0	0	0	0	0	
0.368	1.01758	0.0912037	1.17479	0.982722	2.88624	1.1545	0.923207	0	0	0	0	0	0	0	0	
0.369	1.01748	0.090863	1.17391	0.982819	2.88436	1.15374	0.923658	0	0	0	0	0	0	0	0	
0.37	1.01738	0.0905273	1.17304	0.982919	2.88252	1.15301	0.924103	0	0	0	0	0	0	0	0	
0.371	1.01728	0.0901966	1.17218	0.983017	2.88069	1.15228	0.924544	0	0	0	0	0	0	0	0	
0.372	1.01718	0.0898707	1.17133	0.983111	2.87888	1.15155	0.924983	0	0	0	0	0	0	0	0	
0.373	1.01709	0.0895495	1.17049	0.983202	2.87708	1.15083	0.92542	0	0	0	0	0	0	0	0	
0.374	1.01699	0.0892331	1.16966	0.983291	2.8753	1.15012	0.925854	0	0	0	0	0	0	0	0	
0.375	1.0169	0.0889211	1.16884	0.98338	2.87354	1.14942	0.926283	0	0	0	0	0	0	0	0	
0.376	1.01681	0.0886137	1.16803	0.983469	2.87181	1.14872	0.926709	0	0	0	0	0	0	0	0	
0.377	1.01672	0.0883107	1.16723	0.983553	2.87008	1.14803	0.927134	0	0	0	0	0	0	0	0	
0.378	1.01665	0.088012	1.16643	0.983625	2.86833	1.14733	0.927562	0	0	0	0	0	0	0	0	
0.379	1.0166	0.0877175	1.16565	0.983675	2.86654	1.14662	0.928	0	0	0	0	0	0	0	0	
0.38	1.01658	0.0874269	1.16487	0.983695	2.86469	1.14587	0.928453	0	0	0	0	0	0	0	0	
0.381	1.01659	0.0871401	1.1641	0.983681	2.86275	1.1451	0.928922	0	0	0	0	0	0	0	0	
0.382	1.01664	0.0868569	1.16334	0.983636	2.86075	1.1443	0.929407	0	0	0	0	0	0	0	0	
0.383	1.0167	0.0865772	1.16258	0.983571	2.8587	1.14348	0.929901	0	0	0	0	0	0	0	0	
0.384	1.01678	0.0863007	1.16183	0.983499	2.85665	1.14266	0.930394	0	0	0	0	0	0	0	0	
0.385	1.01684	0.0860275	1.16109	0.983437	2.85465	1.14186	0.930879	0	0	0	0	0	0	0	0	
0.386	1.01688	0.0857576	1.16036	0.983396	2.85273	1.14109	0.931347	0	0	0	0	0	0	0	0	
0.387	1.0169	0.085491	1.15963	0.98338	2.8509	1.14036	0.931796	0	0	0	0	0	0	0	0	
0.388	1.0169	0.0852277	1.15892	0.983385	2.84915	1.13966	0.932229	0	0	0	0	0	0	0	0	
0.389	1.01688	0.0849678	1.1582	0.983402	2.84745	1.13898	0.932652	0	0	0	0	0	0	0	0	
0.39	1.01686	0.0847112	1.1575	0.983421	2.84577	1.13831	0.933069	0	0	0	0	0	0	0	0	
0.391	1.01684	0.0844578	1.1568	0.983435	2.8441	1.13764	0.933486	0	0	0	0	0	0	0	0	
0.392	1.01684	0.0842076	1.15611	0.983443	2.84242	1.13697	0.933905	0	0	0	0	0	0	0	0	
0.393	1.01683	0.0839604	1.15542	0.983445	2.84074	1.1363	0.934323	0	0	0	0	0	0	0	0	
0.394	1.01683	0.0837163	1.15474	0.983445	2.83907	1.13563	0.934739	0	0	0	0	0	0	0	0	
0.395	1.01683	0.0834751	1.15407	0.983446	2.83742	1.13497	0.935152	0	0	0	0	0	0	0	0	
0.396	1.01683	0.0832369	1.15341	0.983448	2.83578	1.13431	0.935562	0	0	0	0	0	0	0	0	
0.397	1.01683	0.0830015	1.15274	0.983449	2.83416	1.13367	0.935969	0	0	0	0	0	0	0	0	
0.398	1.01683	0.0827689	1.15209	0.983449	2.83256	1.13302	0.936373	0	0	0	0	0	0	0	0	
0.399	1.01683	0.0825391	1.15144	0.983452	2.83097	1.13239	0.936774	0	0	0	0	0	0	0	0	
0.4	1.01682	0.082312	1.1508	0.983461	2.82941	1.13177	0.937168	0	0	0	0	0	0	0	0	
0.401	1.01679	0.0820877	1.15016	0.983483	2.82791	1.13116	0.937553	0	0	0	0	0	0	0	0	
0.402	1.01676	0.0818661	1.14953	0.983519	2.82646	1.13058	0.937927	0	0	0	0	0	0	0	0	
0.403	1.01671	0.0816473	1.1489	0.983568	2.82506	1.13002	0.938291	0	0	0	0	0	0	0	0	
0.404	1.01665	0.0814313	1.14828	0.983625	2.8237	1.12948	0.938648	0	0	0	0	0	0	0	0	
0.405	1.01659	0.081218	1.14767	0.983682	2.82235	1.12894	0.939003	0	0	0	0	0	0	0	0	
0.406	1.01654	0.0810074	1.14706	0.983727	2.82097	1.12839	0.939362	0	0	0	0	0	0	0	0	
0.407	1.01652	0.0807994	1.14645	0.98375	2.81955	1.12782	0.93973	0	0	0	0	0	0	0	0	
0.408	1.01652	0.0805938	1.14585	0.983745	2.81806	1.12722	0.940113	0	0	0	0	0	0	0	0	
0.409	1.01656	0.0803905	1.14526	0.983705	2.81648	1.12659	0.940511	0	0	0	0	0	0	0	0	
0.41	1.01664	0.0801894	1.14466	0.983633	2.81483	1.12593	0.940925	0	0	0	0	0	0	0	0	
0.411	1.01674	0.0799902	1.14408	0.983537	2.81311	1.12524	0.94135	0	0	0	0	0	0	0	0	
0.412	1.01685	0.079793	1.1435	0.98343	2.81138	1.12455	0.941778	0	0	0	0	0	0	0	0	
0.413	1.01695	0.0795977	1.14292	0.983333	2.80968	1.12387	0.942199	0	0	0	0	0	0	0	0	
0.414	1.01702	0.0794042	1.14235	0.983263	2.80808	1.12323	0.942604	0	0	0	0	0	0	0	0	
0.415	1.01705	0.0792127	1.14178	0.983231	2.80659	1.12264	0.942984	0	0	0	0	0	0	0	0	
0.416	1.01705	0.0790233	1.14122	0.983239	2.80523	1.12209	0.943342	0	0	0	0	0	0	0	0	
0.417	1.01701	0.0788359	1.14066	0.983275	2.80397	1.12159	0.943681	0	0	0	0	0	0	0	0	
0.418	1.01696	0.0786506	1.14011	0.983319	2.80274	1.12109	0.944015	0	0	0	0	0	0	0	0	
0.419	1.01693	0.0784673	1.13956	0.983349	2.80147	1.12059	0.944353	0	0	0	0	0	0	0	0	
0.42	1.01693	0.0782859	1.13902	0.983348	2.80014	1.12005	0.944705	0	0	0	0	0	0	0	0	
0.421	1.01697	0.0781063	1.13848	0.983313	2.79871	1.11948	0.945074	0	0	0	0	0	0	0	0	
0.422	1.01703	0.0779283	1.13795	0.983251	2.79722	1.11889	0.945454	0	0	0	0	0	0	0	0	
0.423	1.01711	0.0777517	1.13742	0.98318	2.79572	1.11829	0.945837	0	0	0	0	0	0	0	0	
0.424	1.01717	0.0775767	1.13689	0.983116	2.79424	1.1177	0.946215	0	0	0	0	0	0	0	0	
0.425	1.01722	0.0774031	1.13637	0.983072	2.79284	1.11714	0.946581	0	0	0	0	0	0	0	0	
0.426	1.01724	0.0772311	1.13586	0.983051	2.79151	1.1166	0.946932	0	0	0	0	0	0	0	0	
0.427	1.01724	0.0770607	1.13534	0.983049	2.79025	1.1161	0.947272	0	0	0	0	0	0	0	0	
0.428	1.01723	0.076892	1.13484	0.98306	2.78903	1.11561	0.947603	0	0	0	0	0	0	0	0	
0.429	1.01721	0.076725	1.13433	0.983077	2.78784	1.11514	0.947929	0	0	0	0	0	0	0	0	
0.43	1.01719	0.0765598	1.13383	0.983101	2.78668	1.11467	0.94825	0	0	0	0	0	0	0	0	
0.431	1.01716	0.0763963	1.13334	0.98313	2.78554	1.11422	0.948566	0	0	0	0	0	0	0	0	
0.432	1.01712	0.0762346	1.13284	0.983164	2.78443	1.11377	0.948879	0	0	0	0	0	0	0	0	
0.433	1.01709	0.0760748	1.13236	0.983196	2.78332	1.11333	0.949191	0	0	0	0	0	0	0	0	
0.434	1.01707	0.0759168	1.13187	0.983213	2.78218	1.11287	0.949509	0	0	0	0	0	0	0	0	
0.435	1.01709	0.0757606	1.13139	0.983199	2.78095	1.11238	0.94984	0	0	0	0	0	0	0	0	
0.436	1.01715	0.0756061	1.13091	0.983141	2.77962	1.11185	0.950191	0	0	0	0	0	0	0	0	
0.437	1.01726	0.0754532	1.13044	0.983036	2.77815	1.11126	0.950564	0	0	0	0	0	0	0	0	
0.438	1.0174	0.0753018	1.12997	0.982893	2.77659	1.11064	0.950953	0	0	0	0	0	0	0	0	
0.439	1.01757	0.0751517	1.1295	0.982736	2.77499	1.11	0.951348	0	0	0	0	0	0	0	0	
0.44	1.01771	0.0750031	1.12903	0.982594	2.77345	1.10938	0.951735	0	0	0	0	0	0	0	0	
0.441	1.01781	0.074856	1.12857	0.982498	2.77204	1.10881	0.952098	0	0	0	0	0	0	0	0	
0.442	1.01785	0.0747107	1.12811	0.982466	2.77082	1.10833	0.952429	0	0	0	0	0	0	0	0	
0.443	1.01781	0.0745671	1.12765	0.982503	2.76979	1.10792	0.952726	0	0	0	0	0	0	0	0	
0.444	1.01771	0.0744257	1.12719	0.982594	2.76894	1.10757	0.952995	0	0	0	0	0	0	0	0	
0.445	1.01759	0.0742864	1.12674	0.982714	2.76816	1.10727	0.95325	0	0	0	0	0	0	0	0	
0.446	1.01747	0.0741492	1.12629	0.982833	2.76739	1.10696	0.953503	0	0	0	0	0	0	0	0	
0.447	1.01737	0.0740142	1.12585	0.982923	2.76655	1.10662	0.953769	0	0	0	0	0	0	0	0	
0.448	1.01733	0.073881	1.1254	0.982969	2.76558	1.10623	0.954055	0	0	0	0	0	0	0	0	
0.449	1.01733	0.0737497	1.12496	0.982967	2.76449	1.1058	0.954361	0	0	0	0	0	0	0	0	
0.45	1.01737	0.0736199	1.12452	0.982922	2.76329	1.10532	0.954687	0	0	0	0	0	0	0	0	
0.451	1.01745	0.0734916	1.12408	0.982847	2.762	1.1048	0.955026	0	0	0	0	0	0	0	0	
0.452	1.01755	0.0733647	1.12365	0.982752	2.76066	1.10427	0.955373	0	0	0	0	0	0	0	0	
0.453	1.01766	0.073239	1.12321	0.982645	2.7593	1.10372	0.955723	0	0	0	0	0	0	0	0	
0.454	1.01778	0.0731145	1.12278	0.982533	2.75793	1.10317	0.956075	0	0	0	0	0	0	0	0	
0.455	1.0179	0.0729911	1.12236	0.982413	2.75654	1.10262	0.956429	0	0	0	0	0	0	0	0	
0.456	1.01804	0.0728687	1.12193	0.982282	2.75514	1.10205	0.956786	0	0	0	0	0	0	0	0	
0.457	1.01819	0.0727472	1.12151	0.982138	2.75369	1.10148	0.957147	0	0	0	0	0	0	0	0	
0.458	1.01835	0.0726265	1.12109	0.981977	2.75221	1.10088	0.957513	0	0	0	0	0	0	0	0	
0.459	1.01853	0.0725065	1.12067	0.981804	2.7507	1.10028	0.957883	0	0	0	0	0	0	0	0	
0.46	1.01872	0.072387	1.12026	0.981627	2.74919	1.09968	0.958253	0	0	0	0	0	0	0	0	
0.461	1.01888	0.072268	1.11985	0.981466	2.74773	1.09909	0.958615	0	0	0	0	0	0	0	0	
0.462	1.01901	0.0721495	1.11944	0.981343	2.74638	1.09855	0.958958	0	0	0	0	0	0	0	0	
0.463	1.01908	0.0720315	1.11903	0.981281	2.74522	1.09809	0.959274	0	0	0	0	0	0	0	0	
0.464	1.01906	0.0719142	1.11863	0.981297	2.74427	1.09771	0.959556	0	0	0	0	0	0	0	0	
0.465	1.01896	0.0717976	1.11823	0.981393	2.74357	1.09743	0.959802	0	0	0	0	0	0	0	0	
0.466	1.01879	0.0716819	1.11784	0.981557	2.74305	1.09722	0.960018	0	0	0	0	0	0	0	0	
0.467	1.01858	0.0715673	1.11745	0.981761	2.74266	1.09707	0.960216	0	0	0	0	0	0	0	0	
0.468	1.01836	0.0714536	1.11706	0.981969	2.74229	1.09692	0.960411	0	0	0	0	0	0	0	0	
0.469	1.01818	0.0713409	1.11667	0.982143	2.74183	1.09673	0.960619	0	0	0	0	0	0	0	0	
0.47	1.01807	0.071229	1.11629	0.982253	2.7412	1.09648	0.960853	0	0	0	0	0	0	0	0	
0.471	1.01804	0.0711177	1.11591	0.982277	2.74034	1.09614	0.961122	0	0	0	0	0	0	0	0	
0.472	1.01811	0.0710068	1.11554	0.98221	2.73923	1.09569	0.961427	0	0	0	0	0	0	0	0	
0.473	1.01827	0.0708961	1.11517	0.982058	2.73789	1.09516	0.961766	0	0	0	0	0	0	0	0	
0.474	1.01849	0.0707856	1.1148	0.981845	2.73639	1.09456	0.962129	0	0	0	0	0	0	0	0	
0.475	1.01874	0.070675	1.11443	0.981603	2.73481	1.09393	0.962502	0	0	0	0	0	0	0	0	
0.476	1.01898	0.0705646	1.11406	0.981373	2.73328	1.09331	0.962869	0	0	0	0	0	0	0	0	
0.477	1.01917	0.0704545	1.1137	0.981194	2.73189	1.09276	0.963215	0	0	0	0	0	0	0	0	
0.478	1.01927	0.0703449	1.11334	0.981093	2.73073	1.09229	0.963528	0	0	0	0	0	0	0	0	
0.479	1.01929	0.0702361	1.11298	0.981075	2.7298	1.09192	0.963808	0	0	0	0	0	0	0	0	
0.48	1.01924	0.0701283	1.11263	0.98112	2.72905	1.09162	0.964061	0	0	0	0	0	0	0	0	
0.481	1.01917	0.0700216	1.11227	0.981188	2.72838	1.09135	0.964303	0	0	0	0	0	0	0	0	
0.482	1.01913	0.0699161	1.11192	0.981233	2.72764	1.09105	0.964554	0	0	0	0	0	0	0	0	
0.483	1.01914	0.0698116	1.11157	0.981215	2.72673	1.09069	0.964827	0	0	0	0	0	0	0	0	
0.484	1.01924	0.069708	1.11123	0.981119	2.72561	1.09024	0.965129	0	0	0	0	0	0	0	0	
0.485	1.01941	0.0696051	1.11088	0.980959	2.72432	1.08973	0.965455	0	0	0	0	0	0	0	0	
0.486	1.0196	0.0695027	1.11054	0.980775	2.72296	1.08919	0.96579	0	0	0	0	0	0	0	0	
0.487	1.01977	0.0694009	1.11019	0.980617	2.72168	1.08867	0.966114	0	0	0	0	0	0	0	0	
0.488	1.01986	0.0692997	1.10985	0.980531	2.72061	1.08824	0.966411	0	0	0	0	0	0	0	0	
0.489	1.01984	0.0691994	1.10951	0.980541	2.71981	1.08792	0.966671	0	0	0	0	0	0	0	0	
0.49	1.01974	0.0691001	1.10918	0.980645	2.71928	1.08771	0.966896	0	0	0	0	0	0	0	0	
0.491	1.01956	0.069002	1.10884	0.98081	2.71891	1.08757	0.967098	0	0	0	0	0	0	0	0	
0.492	1.01938	0.0689051	1.10851	0.980986	2.71859	1.08743	0.967294	0	0	0	0	0	0	0	0	
0.493	1.01925	0.0688096	1.10818	0.981117	2.71814	1.08726	0.967506	0	0	0	0	0	0	0	0	
0.494	1.0192	0.068715	1.10785	0.981159	2.71745	1.08698	0.967749	0	0	0	0	0	0	0	0	
0.495	1.01927	0.0686213	1.10753	0.981092	2.71646	1.08659	0.968031	0	0	0	0	0	0	0	0	
0.496	1.01945	0.0685282	1.1072	0.980921	2.71519	1.08608	0.968349	0	0	0	0	0	0	0	0	
0.497	1.0197	0.0684355	1.10688	0.980677	2.71373	1.08549	0.968692	0	0	0	0	0	0	0	0	
0.498	1.01999	0.0683431	1.10656	0.980405	2.71218	1.08487	0.969044	0	0	0	0	0	0	0	0	
0.499	1.02025	0.0682511	1.10624	0.980154	2.71071	1.08428	0.969388	0	0	0	0	0	0	0	0	
0.5	1.02044	0.0681594	1.10592	0.979967	2.7094	1.08376	0.969709	0	0	0	0	0	0	0	0	
0.501	1.02054	0.0680685	1.1056	0.97987	2.70836	1.08334	0.969998	0	0	0	0	0	0	0	0	
0.502	1.02054	0.0679784	1.10528	0.979873	2.7076	1.08304	0.970253	0	0	0	0	0	0	0	0	
0.503	1.02045	0.0678895	1.10497	0.979964	2.70708	1.08283	0.970476	0	0	0	0	0	0	0	0	
0.504	1.02029	0.0678019	1.10466	0.980111	2.70672	1.08269	0.97068	0	0	0	0	0	0	0	0	
0.505	1.02013	0.0677157	1.10435	0.980271	2.7064	1.08256	0.970879	0	0	0	0	0	0	0	0	
0.506	1.01999	0.0676309	1.10404	0.980401	2.706	1.0824	0.971088	0	0	0	0	0	0	0	0	
0.507	1.01993	0.0675473	1.10373	0.980464	2.70542	1.08217	0.971318	0	0	0	0	0	0	0	0	
0.508	1.01995	0.0674647	1.10342	0.980441	2.7046	1.08184	0.971575	0	0	0	0	0	0	0	0	
0.509	1.02006	0.0673829	1.10312	0.980333	2.70355	1.08142	0.97186	0	0	0	0	0	0	0	0	
0.51	1.02025	0.0673017	1.10281	0.980154	2.70231	1.08093	0.972167	0	0	0	0	0	0	0	0	
0.511	1.02048	0.0672211	1.10251	0.979927	2.70094	1.08038	0.972489	0	0	0	0	0	0	0	0	
0.512	1.02074	0.0671408	1.10221	0.979678	2.69951	1.07981	0.972817	0	0	0	0	0	0	0	0	
0.513	1.021	0.0670609	1.1019	0.979434	2.69811	1.07924	0.973142	0	0	0	0	0	0	0	0	
0.514	1.02122	0.0669814	1.1016	0.979225	2.6968	1.07872	0.973455	0	0	0	0	0	0	0	0	
0.515	1.02137	0.0669023	1.10131	0.979077	2.69566	1.07826	0.973748	0	0	0	0	0	0	0	0	
0.516	1.02143	0.0668239	1.10101	0.979017	2.69476	1.07791	0.974013	0	0	0	0	0	0	0	0	
0.517	1.02139	0.0667463	1.10071	0.979056	2.69415	1.07766	0.974248	0	0	0	0	0	0	0	0	
0.518	1.02125	0.0666697	1.10042	0.97919	2.6938	1.07752	0.974454	0	0	0	0	0	0	0	0	
0.519	1.02104	0.0665942	1.10013	0.979394	2.69364	1.07746	0.974638	0	0	0	0	0	0	0	0	
0.52	1.0208	0.0665199	1.09983	0.979625	2.69356	1.07743	0.974814	0	0	0	0	0	0	0	0	
0.521	1.02058	0.0664468	1.09955	0.979836	2.69343	1.07737	0.974996	0	0	0	0	0	0	0	0	
0.522	1.02042	0.0663746	1.09926	0.979985	2.69314	1.07726	0.975196	0	0	0	0	0	0	0	0	
0.523	1.02036	0.0663032	1.09897	0.980047	2.69261	1.07704	0.975421	0	0	0	0	0	0	0	0	
0.524	1.02039	0.0662323	1.09869	0.980015	2.69182	1.07673	0.975674	0	0	0	0	0	0	0	0	
0.525	1.02051	0.0661617	1.0984	0.979901	2.69081	1.07633	0.975949	0	0	0	0	0	0	0	0	
0.526	1.02069	0.0660911	1.09812	0.979729	2.68965	1.07586	0.97624	0	0	0	0	0	0	0	0	
0.527	1.0209	0.0660205	1.09784	0.979531	2.68842	1.07537	0.976538	0	0	0	0	0	0	0	0	
0.528	1.02111	0.0659497	1.09756	0.979331	2.68719	1.07488	0.976835	0	0	0	0	0	0	0	0	
0.529	1.02129	0.0658788	1.09729	0.97915	2.68602	1.07441	0.977126	0	0	0	0	0	0	0	0	
0.53	1.02145	0.0658078	1.09701	0.978998	2.68493	1.07397	0.977408	0	0	0	0	0	0	0	0	
0.531	1.02158	0.0657368	1.09674	0.978872	2.68391	1.07357	0.977682	0	0	0	0	0	0	0	0	
0.532	1.02169	0.065666	1.09647	0.978769	2.68297	1.07319	0.977948	0	0	0	0	0	0	0	0	
0.533	1.02179	0.0655954	1.0962	0.978677	2.68206	1.07282	0.97821	0	0	0	0	0	0	0	0	
0.534	1.02188	0.0655252	1.09593	0.978592	2.68117	1.07247	0.97847	0	0	0	0	0	0	0	0	
0.535	1.02196	0.0654554	1.09566	0.978508	2.68028	1.07211	0.978729	0	0	0	0	0	0	0	0	
0.536	1.02205	0.0653862	1.09539	0.978421	2.67939	1.07176	0.978987	0	0	0	0	0	0	0	0	
0.537	1.02215	0.0653176	1.09513	0.978333	2.6785	1.0714	0.979245	0	0	0	0	0	0	0	0	
0.538	1.02223	0.0652499	1.09486	0.978253	2.67763	1.07105	0.979501	0	0	0	0	0	0	0	0	
0.539	1.02228	0.0651831	1.0946	0.978202	2.67684	1.07074	0.979749	0	0	0	0	0	0	0	0	
0.54	1.02229	0.0651175	1.09433	0.978193	2.67617	1.07047	0.979987	0	0	0	0	0	0	0	0	
0.541	1.02227	0.0650531	1.09407	0.97822	2.6756	1.07024	0.980216	0	0	0	0	0	0	0	0	
0.542	1.02223	0.0649901	1.09381	0.978249	2.67503	1.07001	0.980443	0	0	0	0	0	0	0	0	
0.543	1.02224	0.0649285	1.09354	0.978245	2.67438	1.06975	0.980678	0	0	0	0	0	0	0	0	
0.544	1.02229	0.0648682	1.09328	0.978195	2.6736	1.06944	0.980923	0	0	0	0	0	0	0	0	
0.545	1.02237	0.0648089	1.09301	0.978118	2.67274	1.0691	0.981175	0	0	0	0	0	0	0	0	
0.546	1.02246	0.0647507	1.09275	0.978038	2.67187	1.06875	0.981428	0	0	0	0	0	0	0	0	
0.547	1.02252	0.0646934	1.09249	0.977973	2.67105	1.06842	0.981677	0	0	0	0	0	0	0	0	
0.548	1.02257	0.0646368	1.09222	0.977927	2.67028	1.06811	0.981921	0	0	0	0	0	0	0	0	
0.549	1.0226	0.0645808	1.09196	0.977902	2.66958	1.06783	0.982161	0	0	0	0	0	0	0	0	
0.55	1.0226	0.0645252	1.0917	0.977901	2.66893	1.06757	0.982395	0	0	0	0	0	0	0	0	
0.551	1.02258	0.0644699	1.09144	0.977917	2.66835	1.06734	0.982624	0	0	0	0	0	0	0	0	
0.552	1.02256	0.0644147	1.09118	0.977938	2.66777	1.06711	0.982852	0	0	0	0	0	0	0	0	
0.553	1.02255	0.0643594	1.09093	0.97795	2.66718	1.06687	0.983082	0	0	0	0	0	0	0	0	
0.554	1.02255	0.0643039	1.09067	0.977949	2.66656	1.06662	0.983313	0	0	0	0	0	0	0	0	
0.555	1.02256	0.0642479	1.09042	0.977941	2.66592	1.06637	0.983546	0	0	0	0	0	0	0	0	
0.556	1.02257	0.0641915	1.09017	0.977926	2.66527	1.06611	0.983781	0	0	0	0	0	0	0	0	
0.557	1.0226	0.0641346	1.08993	0.977902	2.66461	1.06584	0.984016	0	0	0	0	0	0	0	0	
0.558	1.02262	0.0640772	1.08968	0.977881	2.66395	1.06558	0.984251	0	0	0	0	0	0	0	0	
0.559	1.0226	0.0640193	1.08944	0.977896	2.66341	1.06536	0.984478	0	0	0	0	0	0	0	0	
0.56	1.02253	0.0639612	1.0892	0.977971	2.66303	1.06521	0.984694	0	0	0	0	0	0	0	0	
0.561	1.02241	0.0639032	1.08897	0.97808	2.66274	1.0651	0.984903	0	0	0	0	0	0	0	0	
0.562	1.02234	0.0638453	1.08873	0.978153	2.66237	1.06495	0.985118	0	0	0	0	0	0	0	0	
0.563	1.02235	0.0637879	1.0885	0.978134	2.66174	1.0647	0.98535	0	0	0	0	0	0	0	0	
0.564	1.02246	0.0637309	1.08827	0.978029	2.66089	1.06435	0.985597	0	0	0	0	0	0	0	0	
0.565	1.02261	0.0636747	1.08803	0.977888	2.65993	1.06397	0.985852	0	0	0	0	0	0	0	0	
0.566	1.02274	0.0636193	1.0878	0.977761	2.65902	1.06361	0.986105	0	0	0	0	0	0	0	0	
0.567	1.02284	0.0635652	1.08757	0.977668	2.6582	1.06328	0.986351	0	0	0	0	0	0	0	0	
0.568	1.02291	0.0635124	1.08733	0.977605	2.65745	1.06298	0.986591	0	0	0	0	0	0	0	0	
0.569	1.02296	0.0634611	1.0871	0.977555	2.65674	1.0627	0.986829	0	0	0	0	0	0	0	0	
0.57	1.023	0.0634111	1.08686	0.977519	2.65607	1.06243	0.987064	0	0	0	0	0	0	0	0	
0.571	1.023	0.0633624	1.08663	0.977521	2.6555	1.0622	0.987292	0	0	0	0	0	0	0	0	
0.572	1.02291	0.0633148	1.08639	0.977599	2.65514	1.06206	0.98751	0	0	0	0	0	0	0	0	
0.573	1.02274	0.0632683	1.08616	0.977763	2.65501	1.06201	0.987713	0	0	0	0	0	0	0	0	
0.574	1.02251	0.0632227	1.08593	0.977987	2.65505	1.06202	0.987908	0	0	0	0	0	0	0	0	
0.575	1.02226	0.0631777	1.08569	0.978224	2.65513	1.06205	0.988101	0	0	0	0	0	0	0	0	
0.576	1.02208	0.0631332	1.08546	0.9784	2.65504	1.06202	0.988304	0	0	0	0	0	0	0	0	
0.577	1.02204	0.0630884	1.08523	0.978438	2.65459	1.06183	0.988528	0	0	0	0	0	0	0	0	
0.578	1.02217	0.063043	1.08501	0.978312	2.65369	1.06148	0.988776	0	0	0	0	0	0	0	0	
0.579	1.02241	0.0629964	1.08478	0.978084	2.65252	1.06101	0.989038	0	0	0	0	0	0	0	0	
0.58	1.02265	0.0629485	1.08456	0.977848	2.65135	1.06054	0.989301	0	0	0	0	0	0	0	0	
0.581	1.02287	0.0628995	1.08435	0.977642	2.65025	1.0601	0.989559	0	0	0	0	0	0	0	0	
0.582	1.02308	0.0628498	1.08413	0.977438	2.64917	1.05967	0.989815	0	0	0	0	0	0	0	0	
0.583	1.0233	0.0628	1.08391	0.977229	2.64808	1.05923	0.99007	0	0	0	0	0	0	0	0	
0.584	1.02347	0.0627511	1.0837	0.977066	2.64711	1.05884	0.990318	0	0	0	0	0	0	0	0	
0.585	1.02354	0.0627042	1.08348	0.977006	2.64642	1.05857	0.990554	0	0	0	0	0	0	0	0	
0.586	1.02349	0.0626602	1.08326	0.977052	2.646	1.0584	0.990775	0	0	0	0	0	0	0	0	
0.587	1.02341	0.0626197	1.08304	0.977127	2.64566	1.05826	0.990994	0	0	0	0	0	0	0	0	
0.588	1.02339	0.0625824	1.08281	0.977148	2.64516	1.05807	0.991218	0	0	0	0	0	0	0	0	
0.589	1.02345	0.0625471	1.08258	0.977089	2.64445	1.05778	0.991452	0	0	0	0	0	0	0	0	
0.59	1.02354	0.0625126	1.08235	0.977003	2.64366	1.05746	0.991689	0	0	0	0	0	0	0	0	
0.591	1.0236	0.0624771	1.08213	0.976942	2.64294	1.05718	0.991923	0	0	0	0	0	0	0	0	
0.592	1.02365	0.0624393	1.08191	0.976898	2.64228	1.05691	0.992154	0	0	0	0	0	0	0	0	
0.593	1.02374	0.0623987	1.08169	0.976807	2.64151	1.0566	0.992389	0	0	0	0	0	0	0	0	
0.594	1.02389	0.0623556	1.08148	0.976671	2.64062	1.05625	0.992628	0	0	0	0	0	0	0	0	
0.595	1.02404	0.0623112	1.08127	0.97652	2.63971	1.05588	0.992867	0	0	0	0	0	0	0	0	
0.596	1.02418	0.0622675	1.08106	0.976393	2.63886	1.05554	0.993104	0	0	0	0	0	0	0	0	
0.597	1.02424	0.0622261	1.08085	0.976332	2.63818	1.05527	0.993334	0	0	0	0	0	0	0	0	
0.598	1.02429	0.0621879	1.08064	0.976285	2.63753	1.05501	0.993563	0	0	0	0	0	0	0	0	
0.599	1.02431	0.0621521	1.08042	0.976264	2.63694	1.05478	0.993789	0	0	0	0	0	0	0	0	
0.6	1.02427	0.0621167	1.08021	0.976305	2.63653	1.05461	0.994011	0	0	0	0	0	0	0	0	
0.601	1.02416	0.0620793	1.07999	0.976411	2.63629	1.05452	0.994227	0	0	0	0	0	0	0	0	
0.602	1.02419	0.0620383	1.07979	0.976382	2.63572	1.05429	0.994453	0	0	0	0	0	0	0	0	
0.603	1.02438	0.0619934	1.07959	0.976204	2.63475	1.0539	0.994689	0	0	0	0	0	0	0	0	
0.604	1.0245	0.0619471	1.0794	0.976088	2.63396	1.05359	0.994921	0	0	0	0	0	0	0	0	
0.605	1.02457	0.0619038	1.0792	0.97602	2.6333	1.05332	0.995149	0	0	0	0	0	0	0	0	
0.606	1.02468	0.0618674	1.07899	0.975917	2.63251	1.053	0.995378	0	0	0	0	0	0	0	0	
0.607	1.02474	0.0618397	1.07877	0.975859	2.63181	1.05273	0.995606	0	0	0	0	0	0	0	0	
0.608	1.02461	0.0618186	1.07854	0.975979	2.63158	1.05263	0.995824	0	0	0	0	0	0	0	0	
0.609	1.02457	0.0617975	1.07831	0.976017	2.63113	1.05245	0.996046	0	0	0	0	0	0	0	0	
0.61	1.02485	0.0617676	1.0781	0.97575	2.62989	1.05196	0.996283	0	0	0	0	0	0	0	0	
0.611	1.02483	0.0617218	1.07791	0.975774	2.62949	1.0518	0.996506	0	0	0	0	0	0	0	0	
0.612	1.0247	0.0616587	1.07775	0.975898	2.62943	1.05177	0.996722	0	0	0	0	0	0	0	0	
0.613	1.02516	0.0615857	1.0776	0.975455	2.62788	1.05115	0.996961	0	0	0	0	0	0	0	0	
0.614	1.02501	0.0615209	1.07744	0.975597	2.62788	1.05115	0.99718	0	0	0	0	0	0	0	0	
0.615	1.02451	0.061484	1.07725	0.976076	2.62869	1.05147	0.997386	0	0	0	0	0	0	0	0	
0.616	1.02452	0.0614888	1.07699	0.976067	2.62804	1.05121	0.997611	0	0	0	0	0	0	0	0	
0.617	1.02462	0.0615485	1.07665	0.975972	2.62696	1.05078	0.997842	0	0	0	0	0	0	0	0	
0.618	1.02452	0.0616523	1.07625	0.976066	2.62623	1.05049	0.998067	0	0	0	0	0	0	0	0	
0.619	1.0249	0.0616782	1.07597	0.975706	2.62457	1.04983	0.9983	0	0	0	0	0	0	0	0	
0.62	1.02581	0.0614377	1.07607	0.974842	2.62249	1.049	0.998538	0	0	0	0	0	0	0	0	
0.621	1.02495	0.0611015	1.07631	0.975659	2.62528	1.05011	0.998742	0	0	0	0	0	0	0	0	
0.622	1.02381	0.061341	1.07568	0.976746	2.62666	1.05066	0.998954	0	0	0	0	0	0	0	0	
0.623	1.02463	0.0618535	1.07435	0.975963	2.62131	1.04853	0.999198	0	0	0	0	0	0	0	0	
0.624	1.02497	0.0593551	1.0754	0.975636	2.623	1.0492	0.999416	0	0	0	0	0	0	0	0	
0.625	1.0239	0.0491231	1.0728	0.976658	2.6194	1.04776	0.999638	0	0	0	0	0	0	0	0	
0.626	0.981809	0.00471881	1.00888	1.01853	2.56894	1.02757	0.999846	0	0	0	0	0	0	0	0	
0.627	0.856716	-0.137505	0.826539	1.16725	2.41194	0.964776	0.999968	0	0	0	0	0	0	0	0	
0.628	0.524551	-0.581652	0.437534	1.90639	2.08528	0.834112	0.999999	0	0	0	0	0	0	0	0	
0.629	0.259259	-1.35769	0.0967742	3.85715	0.933181	0.373272	1	0	0	0	0	0	0	0	0	
0.63	0.259259	-1.35769	0.0967742	3.85715	0.933181	0.373272	1	0	0	0	0	0	0	0	0	
0.631	0.259259	-1.35769	0.0967742	3.85715	0.933181	0.373272	1	0	0	0	0	0	0	0	0	
0.632	0.259259	-1.35769	0.0967742	3.85715	0.933181	0.373272	1	0	0	0	0	0	0	0	0	
0.633	0.259259	-1.35769	0.0967742	3.85715	0.933181	0.373272	1	0	0	0	0	0	0	0	0	
0.634	0.259259	-1.35769	0.0967742	3.85715	0.933181	0.373272	1	0	0	0	0	0	0	0	0	
0.635	0.259259	-1.35769	0.0967742	3.85715	0.933181	0.373272	1	0	0	0	0	0	0	0	0	
0.636	0.259259	-1.35769	0.0967742	3.85715	0.933181	0.373272	1	0	0	0	0	0	0	0	0	
0.637	0.259259	-1.35769	0.0967742	3.85715	0.933181	0.373272	1	0	0	0	0	0	0	0	0	
0.638	0.259259	-1.35769	0.0967742	3.85715	0.933181	0.373272	1	0	0	0	0	0	0	0	0	
0.639	0.259259	-1.35769	0.0967742	3.85715	0.933181	0.373272	1	0	0	0	0	0	0	0	0	
0.64	0.259259	-1.35769	0.0967742	3.85715	0.933181	0.373272	1	0	0	0	0	0	0	0	0	
0.641	0.259259	-1.35769	0.0967742	3.85715	0.933181	0.373272	1	0	0	0	0	0	0	0	0	
0.642	0.259259	-1.35769	0.0967742	3.85715	0.933181	0.373272	1	0	0	0	0	0	0	0	0	
0.643	0.259259	-1.35769	0.0967742	3.85715	0.933181	0.373272	1	0	0	0	0	0	0	0	0	
0.644	0.259259	-1.35769	0.0967742	3.85715	0.933181	0.373272	1	0	0	0	0	0	0	0	0	
0.645	0.259259	-1.35769	0.0967742	3.85715	0.933181	0.373272	1	0	0	0	0	0	0	0	0	
0.646	0.259259	-1.35769	0.0967742	3.85715	0.933181	0.373272	1	0	0	0	0	0	0	0	0	
0.647	0.259259	-1.35769	0.0967742	3.85715	0.933181	0.373272	1	0	0	0	0	0	0	0	0	
0.648	0.259259	-1.35769	0.0967742	3.85715	0.933181	0.373272	1	0	0	0	0	0	0	0	0	
0.649	0.259259	-1.35769	0.0967742	3.85715	0.933181	0.373272	1	0	0	0	0	0	0	0	0	
0.65	0.259259	-1.35769	0.0967742	3.85715	0.933181	0.373272	1	0	0	0	0	0	0	0	0	
0.651	0.259259	-1.35769	0.0967742	3.85715	0.933181	0.373272	1	0	0	0	0	0	0	0	0	
0.652	0.259259	-1.35769	0.0967742	3.85715	0.933181	0.373272	1	0	0	0	0	0	0	0	0	
0.653	0.259259	-1.35769	0.0967742	3.85715	0.933181	0.373272	1	0	0	0	0	0	0	0	0	
0.654	0.259259	-1.35769	0.0967742	3.85715	0.933181	0.373272	1	0	0	0	0	0	0	0	0	
0.655	0.259259	-1.35769	0.0967742	3.85715	0.933181	0.373272	1	0	0	0	0	0	0	0	0	
0.656	0.259259	-1.35769	0.0967742	3.85715	0.933181	0.373272	1	0	0	0	0	0	0	0	0	
0.657	0.259259	-1.35769	0.0967742	3.85715	0.933181	0.373272	1	0	0	0	0	0	0	0	0	
0.658	0.259259	-1.35769	0.0967742	3.85715	0.933181	0.373272	1	0	0	0	0	0	0	0	0	
0.659	0.259259	-1.35769	0.0967742	3.85715	0.933181	0.373272	1	0	0	0	0	0	0	0	0	
0.66	0.259259	-1.35769	0.0967742	3.85715	0.933181	0.373272	1	0	0	0	0	0	0	0	0	
0.661	0.259259	-1.35769	0.0967742	3.85715	0.933181	0.373272	1	0	0	0	0	0	0	0	0	
0.662	0.259259	-1.35769	0.0967742	3.85715	0.933181	0.373272	1	0	0	0	0	0	0	0	0	
0.663	0.259259	-1.35769	0.0967742	3.85715	0.933181	0.373272	1	0	0	0	0	0	0	0	0	
0.664	0.259259	-1.35769	0.0967742	3.85715	0.933181	0.373272	1	0	0	0	0	0	0	0	0	
0.665	0.259259	-1.35769	0.0967742	3.85715	0.933181	0.373272	1	0	0	0	0	0	0	0	0	
0.666	0.259259	-1.35769	0.0967742	3.85715	0.933181	0.373272	1	0	0	0	0	0	0	0	0	
0.667	0.259259	-1.35769	0.0967742	3.85715	0.933181	0.373272	1	0	0	0	0	0	0	0	0	
0.668	0.259259	-1.35769	0.0967742	3.85715	0.933181	0.373272	1	0	0	0	0	0	0	0	0	
0.669	0.259259	-1.35769	0.0967742	3.85715	0.933181	0.373272	1	0	0	0	0	0	0	0	0	
0.67	0.259259	-1.35769	0.0967742	3.85715	0.933181	0.373272	1	0	0	0	0	0	0	0	0	
0.671	0.259259	-1.35769	0.0967742	3.85715	0.933181	0.373272	1	0	0	0	0	0	0	0	0	
0.672	0.259259	-1.35769	0.0967742	3.85715	0.933181	0.373272	1	0	0	0	0	0	0	0	0	
0.673	0.259259	-1.35769	0.0967742	3.85715	0.933181	0.373272	1	0	0	0	0	0	0	0	0	
0.674	0.259259	-1.35769	0.0967742	3.85715	0.933181	0.373272	1	0	0	0	0	0	0	0	0	
0.675	0.259259	-1.35769	0.0967742	3.85715	0.933181	0.373272	1	0	0	0	0	0	0	0	0	
0.676	0.259259	-1.35769	0.0967742	3.85715	0.933181	0.373272	1	0	0	0	0	0	0	0	0	
0.677	0.259259	-1.35769	0.0967742	3.85715	0.933181	0.373272	1	0	0	0	0	0	0	0	0	
0.678	0.259259	-1.35769	0.0967742	3.85715	0.933181	0.373272	1	0	0	0	0	0	0	0	0	
0.679	0.259259	-1.35769	0.0967742	3.85715	0.933181	0.373272	1	0	0	0	0	0	0	0	0	
0.68	0.259259	-1.35769	0.0967742	3.85715	0.933181	0.373272	1	0	0	0	0	0	0	0	0	
0.681	0.259259	-1.35769	0.0967742	3.85715	0.933181	0.373272	1	0	0	0	0	0	0	0	0	
0.682	0.259259	-1.35769	0.0967742	3.85715	0.933181	0.373272	1	0	0	0	0	0	0	0	0	
0.683	0.259259	-1.35769	0.0967742	3.85715	0.933181	0.373272	1	0	0	0	0	0	0	0	0	
0.684	0.259259	-1.35769	0.0967742	3.85715	0.933181	0.373272	1	0	0	0	0	0	0	0	0	
0.685	0.259259	-1.35769	0.0967742	3.85715	0.933181	0.373272	1	0	0	0	0	0	0	0	0	
0.686	0.259259	-1.35769	0.0967742	3.85715	0.933181	0.373272	1	0	0	0	0	0	0	0	0	
0.687	0.259259	-1.35769	0.0967742	3.85715	0.933181	0.373272	1	0	0	0	0	0	0	0	0	
0.688	0.259259	-1.35769	0.0967742	3.85715	0.933181	0.373272	1	0	0	0	0	0	0	0	0	
0.689	0.259259	-1.35769	0.0967742	3.85715	0.933181	0.373272	1	0	0	0	0	0	0	0	0	
0.69	0.259259	-1.35769	0.0967742	3.85715	0.933181	0.373272	1	0	0	0	0	0	0	0	0	
0.691	0.259259	-1.35769	0.0967742	3.85715	0.933181	0.373272	1	0	0	0	0	0	0	0	0	
0.692	0.259259	-1.35769	0.0967742	3.85715	0.933181	0.373272	1	0	0	0	0	0	0	0	0	
0.693	0.259259	-1.35769	0.0967742	3.85715	0.933181	0.373272	1	0	0	0	0	0	0	0	0	
0.694	0.259259	-1.35769	0.0967742	3.85715	0.933181	0.373272	1	0	0	0	0	0	0	0	0	
0.695	0.259259	-1.35769	0.0967742	3.85715	0.933181	0.373272	1	0	0	0	0	0	0	0	0	
0.696	0.259259	-1.35769	0.0967742	3.85715	0.933181	0.373272	1	0	0	0	0	0	0	0	0	
0.697	0.259259	-1.35769	0.0967742	3.85715	0.933181	0.373272	1	0	0	0	0	0	0	0	0	
0.698	0.259259	-1.35769	0.0967742	3.85715	0.933181	0.373272	1	0	0	0	0	0	0	0	0	
0.699	0.259259	-1.35769	0.0967742	3.85715	0.933181	0.373272	1	0	0	0	0	0	0	0	0	
0.7	0.259259	-1.35769	0.0967742	3.85715	0.933181	0.373272	1	0	0	0	0	0	0	0	0	
0.701	0.259259	-1.35769	0.0967742	3.85715	0.933181	0.373272	1	0	0	0	0	0	0	0	0	
0.702	0.259259	-1.35769	0.0967742	3.85715	0.933181	0.373272	1	0	0	0	0	0	0	0	0	
0.703	0.259259	-1.35769	0.0967742	3.85715	0.933181	0.373272	1	0	0	0	0	0	0	0	0	
0.704	0.259259	-1.35769	0.0967742	3.85715	0.933181	0.373272	1	0	0	0	0	0	0	0	0	
0.705	0.259259	-1.35769	0.0967742	3.85715	0.933181	0.373272	1	0	0	0	0	0	0	0	0	
0.706	0.259259	-1.35769	0.0967742	3.85715	0.933181	0.373272	1	0	0	0	0	0	0	0	0	
0.707	0.259259	-1.35769	0.0967742	3.85715	0.933181	0.373272	1	0	0	0	0	0	0	0	0	
0.708	0.259259	-1.35769	0.0967742	3.85715	0.933181	0.373272	1	0	0	0	0	0	0	0	0	
0.709	0.259259	-1.35769	0.0967742	3.85715	0.933181	0.373272	1	0	0	0	0	0	0	0	0	
0.71	0.259259	-1.35769	0.0967742	3.85715	0.933181	0.373272	1	0	0	0	0	0	0	0	0	
0.711	0.259259	-1.35769	0.0967742	3.85715	0.933181	0.373272	1	0	0	0	0	0	0	0	0	
0.712	0.259259	-1.35769	0.0967742	3.85715	0.933181	0.373272	1	0	0	0	0	0	0	0	0	
0.713	0.259259	-1.35769	0.0967742	3.85715	0.933181	0.373272	1	0	0	0	0	0	0	0	0	
0.714	0.259259	-1.35769	0.0967742	3.85715	0.933181	0.373272	1	0	0	0	0	0	0	0	0	
0.715	0.259259	-1.35769	0.0967742	3.85715	0.933181	0.373272	1	0	0	0	0	0	0	0	0	
0.716	0.259259	-1.35769	0.0967742	3.85715	0.933181	0.373272	1	0	0	0	0	0	0	0	0	
0.717	0.259259	-1.35769	0.0967742	3.85715	0.933181	0.373272	1	0	0	0	0	0	0	0	0	
0.718	0.259259	-1.35769	0.0967742	3.85715	0.933181	0.373272	1	0	0	0	0	0	0	0	0	
0.719	0.259259	-1.35769	0.0967742	3.85715	0.933181	0.373272	1	0	0	0	0	0	0	0	0	
0.72	0.259259	-1.35769	0.0967742	3.85715	0.933181	0.373272	1	0	0	0	0	0	0	0	0	
0.721	0.259259	-1.35769	0.0967742	3.85715	0.933181	0.373272	1	0	0	0	0	0	0	0	0	
0.722	0.259259	-1.35769	0.0967742	3.85715	0.933181	0.373272	1	0	0	0	0	0	0	0	0	
0.723	0.259259	-1.35769	0.0967742	3.85715	0.933181	0.373272	1	0	0	0	0	0	0	0	0	
0.724	0.259259	-1.35769	0.0967742	3.85715	0.933181	0.373272	1	0	0	0	0	0	0	0	0	
0.725	0.259259	-1.35769	0.0967742	3.85715	0.933181	0.373272	1	0	0	0	0	0	0	0	0	
0.726	0.259259	-1.35769	0.0967742	3.85715	0.933181	0.373272	1	0	0	0	0	0	0	0	0	
0.727	0.259259	-1.35769	0.0967742	3.85715	0.933181	0.373272	1	0	0	0	0	0	0	0	0	
0.728	0.259259	-1.35769	0.0967742	3.85715	0.933181	0.373272	1	0	0	0	0	0	0	0	0	
0.729	0.259259	-1.35769	0.0967742	3.85715	0.933181	0.373272	1	0	0	0	0	0	0	0	0	
0.73	0.259259	-1.35769	0.0967742	3.85715	0.933181	0.373272	1	0	0	0	0	0	0	0	0	
0.731	0.259259	-1.35769	0.0967742	3.85715	0.933181	0.373272	1	0	0	0	0	0	0	0	0	
0.732	0.259259	-1.35769	0.0967742	3.85715	0.933181	0.373272	1	0	0	0	0	0	0	0	0	
0.733	0.259259	-1.35769	0.0967742	3.85715	0.933181	0.373272	1	0	0	0	0	0	0	0	0	
0.734	0.259259	-1.35769	0.0967742	3.85715	0.933181	0.373272	1	0	0	0	0	0	0	0	0	
0.735	0.259259	-1.35769	0.0967742	3.85715	0.933181	0.373272	1	0	0	0	0	0	0	0	0	
0.736	0.259259	-1.35769	0.0967742	3.85715	0.933181	0.373272	1	0	0	0	0	0	0	0	0	
0.737	0.259259	-1.35769	0.0967742	3.85715	0.933181	0.373272	1	0	0	0	0	0	0	0	0	
0.738	0.259259	-1.35769	0.0967742	3.85715	0.933181	0.373272	1	0	0	0	0	0	0	0	0	
0.739	0.259259	-1.35769	0.0967742	3.85715	0.933181	0.373272	1	0	0	0	0	0	0	0	0	
0.74	0.259259	-1.35769	0.0967742	3.85715	0.933181	0.373272	1	0	0	0	0	0	0	0	0	
0.741	0.259259	-1.35769	0.0967742	3.85715	0.933181	0.373272	1	0	0	0	0	0	0	0	0	
0.742	0.259259	-1.35769	0.0967742	3.85715	0.933181	0.373272	1	0	0	0	0	0	0	0	0	
0.743	0.259259	-1.35769	0.0967742	3.85715	0.933181	0.373272	1	0	0	0	0	0	0	0	0	
0.744	0.259259	-1.35769	0.0967742	3.85715	0.933181	0.373272	1	0	0	0	0	0	0	0	0	
0.745	0.259259	-1.35769	0.0967742	3.85715	0.933181	0.373272	1	0	0	0	0	0	0	0	0	
0.746	0.259259	-1.35769	0.0967742	3.85715	0.933181	0.373272	1	0	0	0	0	0	0	0	0	
0.747	0.259259	-1.35769	0.0967742	3.85715	0.933181	0.373272	1	0	0	0	0	0	0	0	0	
0.748	0.259259	-1.35769	0.0967742	3.85715	0.933181	0.373272	1	0	0	0	0	0	0	0	0	
0.749	0.259259	-1.35769	0.0967742	3.85715	0.933181	0.373272	1	0	0	0	0	0	0	0	0	
0.75	0.259259	-1.35769	0.0967742	3.85715	0.933181	0.373272	1	0	0	0	0	0	0	0	0	
0.751	0.259259	-1.35769	0.0967742	3.85715	0.933181	0.373272	1	0	0	0	0	0	0	0	0	
0.752	0.259259	-1.35769	0.0967742	3.85715	0.933181	0.373272	1	0	0	0	0	0	0	0	0	
0.753	0.259259	-1.35769	0.0967742	3.85715	0.933181	0.373272	1	0	0	0	0	0	0	0	0	
0.754	0.259259	-1.35769	0.0967742	3.85715	0.933181	0.373272	1	0	0	0	0	0	0	0	0	
0.755	0.259259	-1.35769	0.0967742	3.85715	0.933181	0.373272	1	0	0	0	0	0	0	0	0	
0.756	0.259259	-1.35769	0.0967742	3.85715	0.933181	0.373272	1	0	0	0	0	0	0	0	0	
0.757	0.259259	-1.35769	0.0967742	3.85715	0.933181	0.373272	1	0	0	0	0	0	0	0	0	
0.758	0.259259	-1.35769	0.0967742	3.85715	0.933181	0.373272	1	0	0	0	0	0	0	0	0	
0.759	0.259259	-1.35769	0.0967742	3.85715	0.933181	0.373272	1	0	0	0	0	0	0	0	0	
0.76	0.259259	-1.35769	0.0967742	3.85715	0.933181	0.373272	1	0	0	0	0	0	0	0	0	
0.761	0.259259	-1.35769	0.0967742	3.85715	0.933181	0.373272	1	0	0	0	0	0	0	0	0	
0.762	0.259259	-1.35769	0.0967742	3.85715	0.933181	0.373272	1	0	0	0	0	0	0	0	0	
0.763	0.259259	-1.35769	0.0967742	3.85715	0.933181	0.373272	1	0	0	0	0	0	0	0	0	
0.764	0.259259	-1.35769	0.0967742	3.85715	0.933181	0.373272	1	0	0	0	0	0	0	0	0	
0.765	0.259259	-1.35769	0.0967742	3.85715	0.933181	0.373272	1	0	0	0	0	0	0	0	0	
0.766	0.259259	-1.35769	0.0967742	3.85715	0.933181	0.373272	1	0	0	0	0	0	0	0	0	
0.767	0.259259	-1.35769	0.0967742	3.85715	0.933181	0.373272	1	0	0	0	0	0	0	0	0	
0.768	0.259259	-1.35769	0.0967742	3.85715	0.933181	0.373272	1	0	0	0	0	0	0	0	0	
0.769	0.259259	-1.35769	0.0967742	3.85715	0.933181	0.373272	1	0	0	0	0	0	0	0	0	
0.77	0.259259	-1.35769	0.0967742	3.85715	0.933181	0.373272	1	0	0	0	0	0	0	0	0	
0.771	0.259259	-1.35769	0.0967742	3.85715	0.933181	0.373272	1	0	0	0	0	0	0	0	0	
0.772	0.259259	-1.35769	0.0967742	3.85715	0.933181	0.373272	1	0	0	0	0	0	0	0	0	
0.773	0.259259	-1.35769	0.0967742	3.85715	0.933181	0.373272	1	0	0	0	0	0	0	0	0	
0.774	0.259259	-1.35769	0.0967742	3.85715	0.933181	0.373272	1	0	0	0	0	0	0	0	0	
0.775	0.259259	-1.35769	0.0967742	3.85715	0.933181	0.373272	1	0	0	0	0	0	0	0	0	
0.776	0.259259	-1.35769	0.0967742	3.85715	0.933181	0.373272	1	0	0	0	0	0	0	0	0	
0.777	0.259259	-1.35769	0.0967742	3.85715	0.933181	0.373272	1	0	0	0	0	0	0	0	0	
0.778	0.259259	-1.35769	0.0967742	3.85715	0.933181	0.373272	1	0	0	0	0	0	0	0	0	
0.779	0.259259	-1.35769	0.0967742	3.85715	0.933181	0.373272	1	0	0	0	0	0	0	0	0	
0.78	0.259259	-1.35769	0.0967742	3.85715	0.933181	0.373272	1	0	0	0	0	0	0	0	0	
0.781	0.259259	-1.35769	0.0967742	3.85715	0.933181	0.373272	1	0	0	0	0	0	0	0	0	
0.782	0.259259	-1.35769	0.0967742	3.85715	0.933181	0.373272	1	0	0	0	0	0	0	0	0	
0.783	0.259259	-1.35769	0.0967742	3.85715	0.933181	0.373272	1	0	0	0	0	0	0	0	0	
0.784	0.259259	-1.35769	0.0967742	3.85715	0.933181	0.373272	1	0	0	0	0	0	0	0	0	
0.785	0.259259	-1.35769	0.0967742	3.85715	0.933181	0.373272	1	0	0	0	0	0	0	0	0	
0.786	0.259259	-1.35769	0.0967742	3.85715	0.933181	0.373272	1	0	0	0	0	0	0	0	0	
0.787	0.259259	-1.35769	0.0967742	3.85715	0.933181	0.373272	1	0	0	0	0	0	0	0	0	
0.788	0.259259	-1.35769	0.0967742	3.85715	0.933181	0.373272	1	0	0	0	0	0	0	0	0	
0.789	0.259259	-1.35769	0.0967742	3.85715	0.933181	0.373272	1	0	0	0	0	0	0	0	0	
0.79	0.259259	-1.35769	0.0967742	3.85715	0.933181	0.373272	1	0	0	0	0	0	0	0	0	
0.791	0.259259	-1.35769	0.0967742	3.85715	0.933181	0.373272	1	0	0	0	0	0	0	0	0	
0.792	0.259259	-1.35769	0.0967742	3.85715	0.933181	0.373272	1	0	0	0	0	0	0	0	0	
0.793	0.259259	-1.35769	0.0967742	3.85715	0.933181	0.373272	1	0	0	0	0	0	0	0	0	
0.794	0.259259	-1.35769	0.0967742	3.85715	0.933181	0.373272	1	0	0	0	0	0	0	0	0	
0.795	0.259259	-1.35769	0.0967742	3.85715	0.933181	0.373272	1	0	0	0	0	0	0	0	0	
0.796	0.259259	-1.35769	0.0967742	3.85715	0.933181	0.373272	1	0	0	0	0	0	0	0	0	
0.797	0.259259	-1.35769	0.0967742	3.85715	0.933181	0.373272	1	0	0	0	0	0	0	0	0	
0.798	0.259259	-1.35769	0.0967742	3.85715	0.933181	0.373272	1	0	0	0	0	0	0	0	0	
0.799	0.259259	-1.35769	0.0967742	3.85715	0.933181	0.373272	1	0	0	0	0	0	0	0	0	
0.8	0.259259	-1.35769	0.0967742	3.85715	0.933181	0.373272	1	0	0	0	0	0	0	0	0	
0.801	0.259259	-1.35769	0.0967742	3.85715	0.933181	0.373272	1	0	0	0	0	0	0	0	0	
0.802	0.259259	-1.35769	0.0967742	3.85715	0.933181	0.373272	1	0	0	0	0	0	0	0	0	
0.803	0.259259	-1.35769	0.0967742	3.85715	0.933181	0.373272	1	0	0	0	0	0	0	0	0	
0.804	0.259259	-1.35769	0.0967742	3.85715	0.933181	0.373272	1	0	0	0	0	0	0	0	0	
0.805	0.259259	-1.35769	0.0967742	3.85715	0.933181	0.373272	1	0	0	0	0	0	0	0	0	
0.806	0.259259	-1.35769	0.0967742	3.85715	0.933181	0.373272	1	0	0	0	0	0	0	0	0	
0.807	0.259259	-1.35769	0.0967742	3.85715	0.933181	0.373272	1	0	0	0	0	0	0	0	0	
0.808	0.259259	-1.35769	0.0967742	3.85715	0.933181	0.373272	1	0	0	0	0	0	0	0	0	
0.809	0.259259	-1.35769	0.0967742	3.85715	0.933181	0.373272	1	0	0	0	0	0	0	0	0	
0.81	0.259259	-1.35769	0.0967742	3.85715	0.933181	0.373272	1	0	0	0	0	0	0	0	0	
0.811	0.259259	-1.35769	0.0967742	3.85715	0.933181	0.373272	1	0	0	0	0	0	0	0	0	
0.812	0.259259	-1.35769	0.0967742	3.85715	0.933181	0.373272	1	0	0	0	0	0	0	0	0	
0.813	0.259259	-1.35769	0.0967742	3.85715	0.933181	0.373272	1	0	0	0	0	0	0	0	0	
0.814	0.259259	-1.35769	0.0967742	3.85715	0.933181	0.373272	1	0	0	0	0	0	0	0	0	
0.815	0.259259	-1.35769	0.0967742	3.85715	0.933181	0.373272	1	0	0	0	0	0	0	0	0	
0.816	0.259259	-1.35769	0.0967742	3.85715	0.933181	0.373272	1	0	0	0	0	0	0	0	0	
0.817	0.259259	-1.35769	0.0967742	3.85715	0.933181	0.373272	1	0	0	0	0	0	0	0	0	
0.818	0.259259	-1.35769	0.0967742	3.85715	0.933181	0.373272	1	0	0	0	0	0	0	0	0	
0.819	0.259259	-1.35769	0.0967742	3.85715	0.933181	0.373272	1	0	0	0	0	0	0	0	0	
0.82	0.259259	-1.35769	0.0967742	3.85715	0.933181	0.373272	1	0	0	0	0	0	0	0	0	
0.821	0.259259	-1.35769	0.0967742	3.85715	0.933181	0.373272	1	0	0	0	0	0	0	0	0	
0.822	0.259259	-1.35769	0.0967742	3.85715	0.933181	0.373272	1	0	0	0	0	0	0	0	0	
0.823	0.259259	-1.35769	0.0967742	3.85715	0.933181	0.373272	1	0	0	0	0	0	0	0	0	
0.824	0.259259	-1.35769	0.0967742	3.85715	0.933181	0.373272	1	0	0	0	0	0	0	0	0	
0.825	0.259259	-1.35769	0.0967742	3.85715	0.933181	0.373272	1	0	0	0	0	0	0	0	0	
0.826	0.259259	-1.35769	0.0967742	3.85715	0.933181	0.373272	1	0	0	0	0	0	0	0	0	
0.827	0.259259	-1.35769	0.0967742	3.85715	0.933181	0.373272	1	0	0	0	0	0	0	0	0	
0.828	0.259259	-1.35769	0.0967742	3.85715	0.933181	0.373272	1	0	0	0	0	0	0	0	0	
0.829	0.259259	-1.35769	0.0967742	3.85715	0.933181	0.373272	1	0	0	0	0	0	0	0	0	
0.83	0.259259	-1.35769	0.0967742	3.85715	0.933181	0.373272	1	0	0	0	0	0	0	0	0	
0.831	0.259259	-1.35769	0.0967742	3.85715	0.933181	0.373272	1	0	0	0	0	0	0	0	0	
0.832	0.259259	-1.35769	0.0967742	3.85715	0.933181	0.373272	1	0	0	0	0	0	0	0	0	
0.833	0.259259	-1.35769	0.0967742	3.85715	0.933181	0.373272	1	0	0	0	0	0	0	0	0	
0.834	0.259259	-1.35769	0.0967742	3.85715	0.933181	0.373272	1	0	0	0	0	0	0	0	0	
0.835	0.259259	-1.35769	0.0967742	3.85715	0.933181	0.373272	1	0	0	0	0	0	0	0	0	
0.836	0.259259	-1.35769	0.0967742	3.85715	0.933181	0.373272	1	0	0	0	0	0	0	0	0	
0.837	0.259259	-1.35769	0.0967742	3.85715	0.933181	0.373272	1	0	0	0	0	0	0	0	0	
0.838	0.259259	-1.35769	0.0967742	3.85715	0.933181	0.373272	1	0	0	0	0	0	0	0	0	
0.839	0.259259	-1.35769	0.0967742	3.85715	0.933181	0.373272	1	0	0	0	0	0	0	0	0	
0.84	0.259259	-1.35769	0.0967742	3.85715	0.933181	0.373272	1	0	0	0	0	0	0	0	0	
0.841	0.259259	-1.35769	0.0967742	3.85715	0.933181	0.373272	1	0	0	0	0	0	0	0	0	
0.842	0.259259	-1.35769	0.0967742	3.85715	0.933181	0.373272	1	0	0	0	0	0	0	0	0	
0.843	0.259259	-1.35769	0.0967742	3.85715	0.933181	0.373272	1	0	0	0	0	0	0	0	0	
0.844	0.259259	-1.35769	0.0967742	3.85715	0.933181	0.373272	1	0	0	0	0	0	0	0	0	
0.845	0.259259	-1.35769	0.0967742	3.85715	0.933181	0.373272	1	0	0	0	0	0	0	0	0	
0.846	0.259259	-1.35769	0.0967742	3.85715	0.933181	0.373272	1	0	0	0	0	0	0	0	0	
0.847	0.259259	-1.35769	0.0967742	3.85715	0.933181	0.373272	1	0	0	0	0	0	0	0	0	
0.848	0.259259	-1.35769	0.0967742	3.85715	0.933181	0.373272	1	0	0	0	0	0	0	0	0	
0.849	0.259259	-1.35769	0.0967742	3.85715	0.933181	0.373272	1	0	0	0	0	0	0	0	0	
0.85	0.259259	-1.35769	0.0967742	3.85715	0.933181	0.373272	1	0	0	0	0	0	0	0	0	
0.851	0.259259	-1.35769	0.0967742	3.85715	0.933181	0.373272	1	0	0	0	0	0	0	0	0	
0.852	0.259259	-1.35769	0.0967742	3.85715	0.933181	0.373272	1	0	0	0	0	0	0	0	0	
0.853	0.259259	-1.35769	0.0967742	3.85715	0.933181	0.373272	1	0	0	0	0	0	0	0	0	
0.854	0.259259	-1.35769	0.0967742	3.85715	0.933181	0.373272	1	0	0	0	0	0	0	0	0	
0.855	0.259259	-1.35769	0.0967742	3.85715	0.933181	0.373272	1	0	0	0	0	0	0	0	0	
0.856	0.259259	-1.35769	0.0967742	3.85715	0.933181	0.373272	1	0	0	0	0	0	0	0	0	
0.857	0.259259	-1.35769	0.0967742	3.85715	0.933181	0.373272	1	0	0	0	0	0	0	0	0	
0.858	0.259259	-1.35769	0.0967742	3.85715	0.933181	0.373272	1	0	0	0	0	0	0	0	0	
0.859	0.259259	-1.35769	0.0967742	3.85715	0.933181	0.373272	1	0	0	0	0	0	0	0	0	
0.86	0.259259	-1.35769	0.0967742	3.85715	0.933181	0.373272	1	0	0	0	0	0	0	0	0	
0.861	0.259259	-1.35769	0.0967742	3.85715	0.933181	0.373272	1	0	0	0	0	0	0	0	0	
0.862	0.259259	-1.35769	0.0967742	3.85715	0.933181	0.373272	1	0	0	0	0	0	0	0	0	
0.863	0.259259	-1.35769	0.0967742	3.85715	0.933181	0.373272	1	0	0	0	0	0	0	0	0	
0.864	0.259259	-1.35769	0.0967742	3.85715	0.933181	0.373272	1	0	0	0	0	0	0	0	0	
0.865	0.259259	-1.35769	0.0967742	3.85715	0.933181	0.373272	1	0	0	0	0	0	0	0	0	
0.866	0.259259	-1.35769	0.0967742	3.85715	0.933181	0.373272	1	0	0	0	0	0	0	0	0	
0.867	0.259259	-1.35769	0.0967742	3.85715	0.933181	0.373272	1	0	0	0	0	0	0	0	0	
0.868	0.259259	-1.35769	0.0967742	3.85715	0.933181	0.373272	1	0	0	0	0	0	0	0	0	
0.869	0.259259	-1.35769	0.0967742	3.85715	0.933181	0.373272	1	0	0	0	0	0	0	0	0	
0.87	0.259259	-1.35769	0.0967742	3.85715	0.933181	0.373272	1	0	0	0	0	0	0	0	0	
0.871	0.259259	-1.35769	0.0967742	3.85715	0.933181	0.373272	1	0	0	0	0	0	0	0	0	
0.872	0.259259	-1.35769	0.0967742	3.85715	0.933181	0.373272	1	0	0	0	0	0	0	0	0	
0.873	0.259259	-1.35769	0.0967742	3.85715	0.933181	0.373272	1	0	0	0	0	0	0	0	0	
0.874	0.259259	-1.35769	0.0967742	3.85715	0.933181	0.373272	1	0	0	0	0	0	0	0	0	
0.875	0.259259	-1.35769	0.0967742	3.85715	0.933181	0.373272	1	0	0	0	0	0	0	0	0	
0.876	0.259259	-1.35769	0.0967742	3.85715	0.933181	0.373272	1	0	0	0	0	0	0	0	0	
0.877	0.259259	-1.35769	0.0967742	3.85715	0.933181	0.373272	1	0	0	0	0	0	0	0	0	
0.878	0.259259	-1.35769	0.0967742	3.85715	0.933181	0.373272	1	0	0	0	0	0	0	0	0	
0.879	0.259259	-1.35769	0.0967742	3.85715	0.933181	0.373272	1	0	0	0	0	0	0	0	0	
0.88	0.259259	-1.35769	0.0967742	3.85715	0.933181	0.373272	1	0	0	0	0	0	0	0	0	
0.881	0.259259	-1.35769	0.0967742	3.85715	0.933181	0.373272	1	0	0	0	0	0	0	0	0	
0.882	0.259259	-1.35769	0.0967742	3.85715	0.933181	0.373272	1	0	0	0	0	0	0	0	0	
0.883	0.259259	-1.35769	0.0967742	3.85715	0.933181	0.373272	1	0	0	0	0	0	0	0	0	
0.884	0.259259	-1.35769	0.0967742	3.85715	0.933181	0.373272	1	0	0	0	0	0	0	0	0	
0.885	0.259259	-1.35769	0.0967742	3.85715	0.933181	0.373272	1	0	0	0	0	0	0	0	0	
0.886	0.259259	-1.35769	0.0967742	3.85715	0.933181	0.373272	1	0	0	0	0	0	0	0	0	
0.887	0.259259	-1.35769	0.0967742	3.85715	0.933181	0.373272	1	0	0	0	0	0	0	0	0	
0.888	0.259259	-1.35769	0.0967742	3.85715	0.933181	0.373272	1	0	0	0	0	0	0	0	0	
0.889	0.259259	-1.35769	0.0967742	3.85715	0.933181	0.373272	1	0	0	0	0	0	0	0	0	
0.89	0.259259	-1.35769	0.0967742	3.85715	0.933181	0.373272	1	0	0	0	0	0	0	0	0	
0.891	0.259259	-1.35769	0.0967742	3.85715	0.933181	0.373272	1	0	0	0	0	0	0	0	0	
0.892	0.259259	-1.35769	0.0967742	3.85715	0.933181	0.373272	1	0	0	0	0	0	0	0	0	
0.893	0.259259	-1.35769	0.0967742	3.85715	0.933181	0.373272	1	0	0	0	0	0	0	0	0	
0.894	0.259259	-1.35769	0.0967742	3.85715	0.933181	0.373272	1	0	0	0	0	0	0	0	0	
0.895	0.259259	-1.35769	0.0967742	3.85715	0.933181	0.373272	1	0	0	0	0	0	0	0	0	
0.896	0.259259	-1.35769	0.0967742	3.85715	0.933181	0.373272	1	0	0	0	0	0	0	0	0	
0.897	0.259259	-1.35769	0.0967742	3.85715	0.933181	0.373272	1	0	0	0	0	0	0	0	0	
0.898	0.259259	-1.35769	0.0967742	3.85715	0.933181	0.373272	1	0	0	0	0	0	0	0	0	
0.899	0.259259	-1.35769	0.0967742	3.85715	0.933181	0.373272	1	0	0	0	0	0	0	0	0	
0.9	0.259259	-1.35769	0.0967742	3.85715	0.933181	0.373272	1	0	0	0	0	0	0	0	0	
0.901	0.259259	-1.35769	0.0967742	3.85715	0.933181	0.373272	1	0	0	0	0	0	0	0	0	
0.902	0.259259	-1.35769	0.0967742	3.85715	0.933181	0.373272	1	0	0	0	0	0	0	0	0	
0.903	0.259259	-1.35769	0.0967742	3.85715	0.933181	0.373272	1	0	0	0	0	0	0	0	0	
0.904	0.259259	-1.35769	0.0967742	3.85715	0.933181	0.373272	1	0	0	0	0	0	0	0	0	
0.905	0.259259	-1.35769	0.0967742	3.85715	0.933181	0.373272	1	0	0	0	0	0	0	0	0	
0.906	0.259259	-1.35769	0.0967742	3.85715	0.933181	0.373272	1	0	0	0	0	0	0	0	0	
0.907	0.259259	-1.35769	0.0967742	3.85715	0.933181	0.373272	1	0	0	0	0	0	0	0	0	
0.908	0.259259	-1.35769	0.0967742	3.85715	0.933181	0.373272	1	0	0	0	0	0	0	0	0	
0.909	0.259259	-1.35769	0.0967742	3.85715	0.933181	0.373272	1	0	0	0	0	0	0	0	0	
0.91	0.259259	-1.35769	0.0967742	3.85715	0.933181	0.373272	1	0	0	0	0	0	0	0	0	
0.911	0.259259	-1.35769	0.0967742	3.85715	0.933181	0.373272	1	0	0	0	0	0	0	0	0	
0.912	0.259259	-1.35769	0.0967742	3.85715	0.933181	0.373272	1	0	0	0	0	0	0	0	0	
0.913	0.259259	-1.35769	0.0967742	3.85715	0.933181	0.373272	1	0	0	0	0	0	0	0	0	
0.914	0.259259	-1.35769	0.0967742	3.85715	0.933181	0.373272	1	0	0	0	0	0	0	0	0	
0.915	0.259259	-1.35769	0.0967742	3.85715	0.933181	0.373272	1	0	0	0	0	0	0	0	0	
0.916	0.259259	-1.35769	0.0967742	3.85715	0.933181	0.373272	1	0	0	0	0	0	0	0	0	
0.917	0.259259	-1.35769	0.0967742	3.85715	0.933181	0.373272	1	0	0	0	0	0	0	0	0	
0.918	0.259259	-1.35769	0.0967742	3.85715	0.933181	0.373272	1	0	0	0	0	0	0	0	0	
0.919	0.259259	-1.35769	0.0967742	3.85715	0.933181	0.373272	1	0	0	0	0	0	0	0	0	
0.92	0.259259	-1.35769	0.0967742	3.85715	0.933181	0.373272	1	0	0	0	0	0	0	0	0	
0.921	0.259259	-1.35769	0.0967742	3.85715	0.933181	0.373272	1	0	0	0	0	0	0	0	0	
0.922	0.259259	-1.35769	0.0967742	3.85715	0.933181	0.373272	1	0	0	0	0	0	0	0	0	
0.923	0.259259	-1.35769	0.0967742	3.85715	0.933181	0.373272	1	0	0	0	0	0	0	0	0	
0.924	0.259259	-1.35769	0.0967742	3.85715	0.933181	0.373272	1	0	0	0	0	0	0	0	0	
0.925	0.259259	-1.35769	0.0967742	3.85715	0.933181	0.373272	1	0	0	0	0	0	0	0	0	
0.926	0.259259	-1.35769	0.0967742	3.85715	0.933181	0.373272	1	0	0	0	0	0	0	0	0	
0.927	0.259259	-1.35769	0.0967742	3.85715	0.933181	0.373272	1	0	0	0	0	0	0	0	0	
0.928	0.259259	-1.35769	0.0967742	3.85715	0.933181	0.373272	1	0	0	0	0	0	0	0	0	
0.929	0.259259	-1.35769	0.0967742	3.85715	0.933181	0.373272	1	0	0	0	0	0	0	0	0	
0.93	0.259259	-1.35769	0.0967742	3.85715	0.933181	0.373272	1	0	0	0	0	0	0	0	0	
0.931	0.259259	-1.35769	0.0967742	3.85715	0.933181	0.373272	1	0	0	0	0	0	0	0	0	
0.932	0.259259	-1.35769	0.0967742	3.85715	0.933181	0.373272	1	0	0	0	0	0	0	0	0	
0.933	0.259259	-1.35769	0.0967742	3.85715	0.933181	0.373272	1	0	0	0	0	0	0	0	0	
0.934	0.259259	-1.35769	0.0967742	3.85715	0.933181	0.373272	1	0	0	0	0	0	0	0	0	
0.935	0.259259	-1.35769	0.0967742	3.85715	0.933181	0.373272	1	0	0	0	0	0	0	0	0	
0.936	0.259259	-1.35769	0.0967742	3.85715	0.933181	0.373272	1	0	0	0	0	0	0	0	0	
0.937	0.259259	-1.35769	0.0967742	3.85715	0.933181	0.373272	1	0	0	0	0	0	0	0	0	
0.938	0.259259	-1.35769	0.0967742	3.85715	0.933181	0.373272	1	0	0	0	0	0	0	0	0	
0.939	0.259259	-1.35769	0.0967742	3.85715	0.933181	0.373272	1	0	0	0	0	0	0	0	0	
0.94	0.259259	-1.35769	0.0967742	3.85715	0.933181	0.373272	1	0	0	0	0	0	0	0	0	
0.941	0.259259	-1.35769	0.0967742	3.85715	0.933181	0.373272	1	0	0	0	0	0	0	0	0	
0.942	0.259259	-1.35769	0.0967742	3.85715	0.933181	0.373272	1	0	0	0	0	0	0	0	0	
0.943	0.259259	-1.35769	0.0967742	3.85715	0.933181	0.373272	1	0	0	0	0	0	0	0	0	
0.944	0.259259	-1.35769	0.0967742	3.85715	0.933181	0.373272	1	0	0	0	0	0	0	0	0	
0.945	0.259259	-1.35769	0.0967742	3.85715	0.933181	0.373272	1	0	0	0	0	0	0	0	0	
0.946	0.259259	-1.35769	0.0967742	3.85715	0.933181	0.373272	1	0	0	0	0	0	0	0	0	
0.947	0.259259	-1.35769	0.0967742	3.85715	0.933181	0.373272	1	0	0	0	0	0	0	0	0	
0.948	0.259259	-1.35769	0.0967742	3.85715	0.933181	0.373272	1	0	0	0	0	0	0	0	0	
0.949	0.259259	-1.35769	0.0967742	3.85715	0.933181	0.373272	1	0	0	0	0	0	0	0	0	
0.95	0.259259	-1.35769	0.0967742	3.85715	0.933181	0.373272	1	0	0	0	0	0	0	0	0	
0.951	0.259259	-1.35769	0.0967742	3.85715	0.933181	0.373272	1	0	0	0	0	0	0	0	0	
0.952	0.259259	-1.35769	0.0967742	3.85715	0.933181	0.373272	1	0	0	0	0	0	0	0	0	
0.953	0.259259	-1.35769	0.0967742	3.85715	0.933181	0.373272	1	0	0	0	0	0	0	0	0	
0.954	0.259259	-1.35769	0.0967742	3.85715	0.933181	0.373272	1	0	0	0	0	0	0	0	0	
0.955	0.259259	-1.35769	0.0967742	3.85715	0.933181	0.373272	1	0	0	0	0	0	0	0	0	
0.956	0.259259	-1.35769	0.0967742	3.85715	0.933181	0.373272	1	0	0	0	0	0	0	0	0	
0.957	0.259259	-1.35769	0.0967742	3.85715	0.933181	0.373272	1	0	0	0	0	0	0	0	0	
0.958	0.259259	-1.35769	0.0967742	3.85715	0.933181	0.373272	1	0	0	0	0	0	0	0	0	
0.959	0.259259	-1.35769	0.0967742	3.85715	0.933181	0.373272	1	0	0	0	0	0	0	0	0	
0.96	0.259259	-1.35769	0.0967742	3.85715	0.933181	0.373272	1	0	0	0	0	0	0	0	0	
0.961	0.259259	-1.35769	0.0967742	3.85715	0.933181	0.373272	1	0	0	0	0	0	0	0	0	
0.962	0.259259	-1.35769	0.0967742	3.85715	0.933181	0.373272	1	0	0	0	0	0	0	0	0	
0.963	0.259259	-1.35769	0.0967742	3.85715	0.933181	0.373272	1	0	0	0	0	0	0	0	0	
0.964	0.259259	-1.35769	0.0967742	3.85715	0.933181	0.373272	1	0	0	0	0	0	0	0	0	
0.965	0.259259	-1.35769	0.0967742	3.85715	0.933181	0.373272	1	0	0	0	0	0	0	0	0	
0.966	0.259259	-1.35769	0.0967742	3.85715	0.933181	0.373272	1	0	0	0	0	0	0	0	0	
0.967	0.259259	-1.35769	0.0967742	3.85715	0.933181	0.373272	1	0	0	0	0	0	0	0	0	
0.968	0.259259	-1.35769	0.0967742	3.85715	0.933181	0.373272	1	0	0	0	0	0	0	0	0	
0.969	0.259259	-1.35769	0.0967742	3.85715	0.933181	0.373272	1	0	0	0	0	0	0	0	0	
0.97	0.259259	-1.35769	0.0967742	3.85715	0.933181	0.373272	1	0	0	0	0	0	0	0	0	
0.971	0.259259	-1.35769	0.0967742	3.85715	0.933181	0.373272	1	0	0	0	0	0	0	0	0	
0.972	0.259259	-1.35769	0.0967742	3.85715	0.933181	0.373272	1	0	0	0	0	0	0	0	0	
0.973	0.259259	-1.35769	0.0967742	3.85715	0.933181	0.373272	1	0	0	0	0	0	0	0	0	
0.974	0.259259	-1.35769	0.0967742	3.85715	0.933181	0.373272	1	0	0	0	0	0	0	0	0	
0.975	0.259259	-1.35769	0.0967742	3.85715	0.933181	0.373272	1	0	0	0	0	0	0	0	0	
0.976	0.259259	-1.35769	0.0967742	3.85715	0.933181	0.373272	1	0	0	0	0	0	0	0	0	
0.977	0.259259	-1.35769	0.0967742	3.85715	0.933181	0.373272	1	0	0	0	0	0	0	0	0	
0.978	0.259259	-1.35769	0.0967742	3.85715	0.933181	0.373272	1	0	0	0	0	0	0	0	0	
0.979	0.259259	-1.35769	0.0967742	3.85715	0.933181	0.373272	1	0	0	0	0	0	0	0	0	
0.98	0.259259	-1.35769	0.0967742	3.85715	0.933181	0.373272	1	0	0	0	0	0	0	0	0	
0.981	0.259259	-1.35769	0.0967742	3.85715	0.933181	0.373272	1	0	0	0	0	0	0	0	0	
0.982	0.259259	-1.35769	0.0967742	3.85715	0.933181	0.373272	1	0	0	0	0	0	0	0	0	
0.983	0.259259	-1.35769	0.0967742	3.85715	0.933181	0.373272	1	0	0	0	0	0	0	0	0	
0.984	0.259259	-1.35769	0.0967742	3.85715	0.933181	0.373272	1	0	0	0	0	0	0	0	0	
0.985	0.259259	-1.35769	0.0967742	3.85715	0.933181	0.373272	1	0	0	0	0	0	0	0	0	
0.986	0.259259	-1.35769	0.0967742	3.85715	0.933181	0.373272	1	0	0	0	0	0	0	0	0	
0.987	0.259259	-1.35769	0.0967742	3.85715	0.933181	0.373272	1	0	0	0	0	0	0	0	0	
0.988	0.259259	-1.35769	0.0967742	3.85715	0.933181	0.373272	1	0	0	0	0	0	0	0	0	
0.989	0.259259	-1.35769	0.0967742	3.85715	0.933181	0.373272	1	0	0	0	0	0	0	0	0	
0.99	0.259259	-1.35769	0.0967742	3.85715	0.933181	0.373272	1	0	0	0	0	0	0	0	0	
0.991	0.259259	-1.35769	0.0967742	3.85715	0.933181	0.373272	1	0	0	0	0	0	0	0	0	
0.992	0.259259	-1.35769	0.0967742	3.85715	0.933181	0.373272	1	0	0	0	0	0	0	0	0	
0.993	0.259259	-1.35769	0.0967742	3.85715	0.933181	0.373272	1	0	0	0	0	0	0	0	0	
0.994	0.259259	-1.35769	0.0967742	3.85715	0.933181	0.373272	1	0	0	0	0	0	0	0	0	
0.995	0.259259	-1.35769	0.0967742	3.85715	0.933181	0.373272	1	0	0	0	0	0	0	0	0	
0.996	0.259259	-1.35769	0.0967742	3.85715	0.933181	0.373272	1	0	0	0	0	0	0	0	0	
0.997	0.259259	-1.35769	0.0967742	3.85715	0.933181	0.373272	1	0	0	0	0	0	0	0	0	
0.998	0.259259	-1.35769	0.0967742	3.85715	0.933181	0.373272	1	0	0	0	0	0	0	0	0	
0.999	0.259259	-1.35769	0.0967742	3.85715	0.933181	0.373272	1	0	0	0	0	0	0	0	0	
1	0.259259	-1.35769	0.0967742	3.85715	0.933181	0.373272	1	0	0	0	0	0	0	0	0	
