|||||||||||||||||||||||||||||||||***SIMULATION: detonation***||||||||||||||||||||||||||||||||||
Sanpshot time = 1.22. Timestep = 2809. Run time = 4 seconds
No. of cells = 1000
#Position	 Density	 Velocity	 Pressure	 Specific_Volume I_Energy	 Temperature	 Species
-0.001	0.747534	0.000674732	1.91885	1.33773	6.41727	0	9.33638e-08	0	0	0	0	0	0	0	0	
0	0.747491	0.000224548	1.91884	1.33781	6.41761	0	9.65208e-08	0	0	0	0	0	0	0	0	
0.001	0.747491	-0.000224548	1.91884	1.33781	6.41761	2.56704	9.65208e-08	0	0	0	0	0	0	0	0	
0.002	0.747534	-0.000674732	1.91885	1.33773	6.41727	2.56691	9.33638e-08	0	0	0	0	0	0	0	0	
0.003	0.746329	-0.00112468	1.91887	1.33989	6.42768	2.57107	9.90114e-08	0	0	0	0	0	0	0	0	
0.004	0.747213	-0.00157395	1.91889	1.33831	6.42014	2.56806	9.79934e-08	0	0	0	0	0	0	0	0	
0.005	0.744746	-0.00202255	1.91891	1.34274	6.44149	2.5766	9.70262e-08	0	0	0	0	0	0	0	0	
0.006	0.743256	-0.0024701	1.91894	1.34543	6.4545	2.5818	8.86873e-08	0	0	0	0	0	0	0	0	
0.007	0.743661	-0.00291629	1.91897	1.3447	6.45109	2.58043	9.26365e-08	0	0	0	0	0	0	0	0	
0.008	0.745022	-0.00336089	1.919	1.34224	6.4394	2.57576	9.26447e-08	0	0	0	0	0	0	0	0	
0.009	0.746776	-0.00380368	1.91902	1.33909	6.42436	2.56974	9.18347e-08	0	0	0	0	0	0	0	0	
0.01	0.748613	-0.00424452	1.91904	1.3358	6.40867	2.56347	9.05001e-08	0	0	0	0	0	0	0	0	
0.011	0.750291	-0.0046833	1.91906	1.33282	6.39439	2.55775	9.65052e-08	0	0	0	0	0	0	0	0	
0.012	0.751745	-0.00511999	1.91907	1.33024	6.38205	2.55282	9.41415e-08	0	0	0	0	0	0	0	0	
0.013	0.752928	-0.0055547	1.91907	1.32815	6.37202	2.54881	9.4028e-08	0	0	0	0	0	0	0	0	
0.014	0.75379	-0.00598761	1.91905	1.32663	6.36468	2.54587	9.31704e-08	0	0	0	0	0	0	0	0	
0.015	0.754373	-0.00641905	1.91903	1.3256	6.35967	2.54387	9.66654e-08	0	0	0	0	0	0	0	0	
0.016	0.754753	-0.00684947	1.91898	1.32494	6.35633	2.54253	9.57058e-08	0	0	0	0	0	0	0	0	
0.017	0.754971	-0.00727943	1.91892	1.32455	6.3543	2.54172	9.48885e-08	0	0	0	0	0	0	0	0	
0.018	0.755056	-0.00770959	1.91885	1.3244	6.35333	2.54133	9.57795e-08	0	0	0	0	0	0	0	0	
0.019	0.755048	-0.00814073	1.91876	1.32442	6.35309	2.54124	9.42063e-08	0	0	0	0	0	0	0	0	
0.02	0.754992	-0.00857364	1.91864	1.32452	6.35319	2.54127	9.19325e-08	0	0	0	0	0	0	0	0	
0.021	0.754931	-0.00900918	1.91851	1.32462	6.35327	2.54131	9.03583e-08	0	0	0	0	0	0	0	0	
0.022	0.754889	-0.00944819	1.91836	1.3247	6.35313	2.54125	9.02112e-08	0	0	0	0	0	0	0	0	
0.023	0.754882	-0.0098915	1.91819	1.32471	6.35262	2.54105	9.15796e-08	0	0	0	0	0	0	0	0	
0.024	0.754919	-0.0103399	1.91801	1.32464	6.35169	2.54068	9.37523e-08	0	0	0	0	0	0	0	0	
0.025	0.755002	-0.0107939	1.9178	1.3245	6.35031	2.54013	9.50583e-08	0	0	0	0	0	0	0	0	
0.026	0.755125	-0.0112543	1.91757	1.32428	6.34853	2.53941	9.41752e-08	0	0	0	0	0	0	0	0	
0.027	0.755282	-0.0117214	1.91733	1.32401	6.34641	2.53856	9.28429e-08	0	0	0	0	0	0	0	0	
0.028	0.755462	-0.0121956	1.91708	1.32369	6.34405	2.53762	9.38283e-08	0	0	0	0	0	0	0	0	
0.029	0.755653	-0.0126769	1.9168	1.32336	6.34154	2.53662	9.4159e-08	0	0	0	0	0	0	0	0	
0.03	0.755844	-0.0131654	1.91651	1.32302	6.33899	2.53559	9.21953e-08	0	0	0	0	0	0	0	0	
0.031	0.756027	-0.0136611	1.91621	1.3227	6.33646	2.53458	9.12109e-08	0	0	0	0	0	0	0	0	
0.032	0.756198	-0.0141637	1.9159	1.3224	6.33399	2.53359	9.17221e-08	0	0	0	0	0	0	0	0	
0.033	0.756362	-0.0146728	1.91558	1.32212	6.33154	2.53262	9.29261e-08	0	0	0	0	0	0	0	0	
0.034	0.756527	-0.015188	1.91524	1.32183	6.32906	2.53163	9.27175e-08	0	0	0	0	0	0	0	0	
0.035	0.756703	-0.015709	1.9149	1.32152	6.32647	2.53059	9.06662e-08	0	0	0	0	0	0	0	0	
0.036	0.7569	-0.016235	1.91456	1.32118	6.32368	2.52947	8.92136e-08	0	0	0	0	0	0	0	0	
0.037	0.757124	-0.0167657	1.91421	1.32079	6.32064	2.52826	8.86682e-08	0	0	0	0	0	0	0	0	
0.038	0.757379	-0.0173005	1.91385	1.32034	6.31735	2.52694	8.90216e-08	0	0	0	0	0	0	0	0	
0.039	0.757663	-0.0178389	1.91349	1.31985	6.3138	2.52552	9.00981e-08	0	0	0	0	0	0	0	0	
0.04	0.757977	-0.0183804	1.91314	1.3193	6.31001	2.524	9.15638e-08	0	0	0	0	0	0	0	0	
0.041	0.758319	-0.0189245	1.91278	1.31871	6.30599	2.5224	9.29288e-08	0	0	0	0	0	0	0	0	
0.042	0.758686	-0.019471	1.91242	1.31807	6.30177	2.52071	9.36871e-08	0	0	0	0	0	0	0	0	
0.043	0.759078	-0.0200195	1.91207	1.31739	6.29734	2.51894	9.37147e-08	0	0	0	0	0	0	0	0	
0.044	0.759494	-0.0205697	1.91172	1.31667	6.29274	2.5171	9.35779e-08	0	0	0	0	0	0	0	0	
0.045	0.759928	-0.0211217	1.91137	1.31591	6.28799	2.5152	9.38999e-08	0	0	0	0	0	0	0	0	
0.046	0.760375	-0.0216752	1.91102	1.31514	6.28315	2.51326	9.41913e-08	0	0	0	0	0	0	0	0	
0.047	0.760825	-0.0222304	1.91067	1.31436	6.27829	2.51132	9.37625e-08	0	0	0	0	0	0	0	0	
0.048	0.761267	-0.0227873	1.91032	1.3136	6.2735	2.5094	9.36298e-08	0	0	0	0	0	0	0	0	
0.049	0.761689	-0.0233461	1.90998	1.31287	6.26888	2.50755	9.43984e-08	0	0	0	0	0	0	0	0	
0.05	0.762083	-0.023907	1.90962	1.31219	6.26449	2.50579	9.58581e-08	0	0	0	0	0	0	0	0	
0.051	0.762446	-0.0244705	1.90927	1.31157	6.26034	2.50414	9.74855e-08	0	0	0	0	0	0	0	0	
0.052	0.76278	-0.025037	1.9089	1.31099	6.25641	2.50256	9.82585e-08	0	0	0	0	0	0	0	0	
0.053	0.763093	-0.0256068	1.90853	1.31046	6.25263	2.50105	9.80903e-08	0	0	0	0	0	0	0	0	
0.054	0.763398	-0.0261806	1.90815	1.30993	6.24888	2.49955	9.70488e-08	0	0	0	0	0	0	0	0	
0.055	0.76371	-0.026759	1.90776	1.3094	6.24504	2.49802	9.53544e-08	0	0	0	0	0	0	0	0	
0.056	0.764038	-0.0273425	1.90735	1.30884	6.24103	2.49641	9.36173e-08	0	0	0	0	0	0	0	0	
0.057	0.76439	-0.0279317	1.90693	1.30823	6.23676	2.49471	9.27159e-08	0	0	0	0	0	0	0	0	
0.058	0.764767	-0.0285274	1.90649	1.30759	6.23224	2.4929	9.29302e-08	0	0	0	0	0	0	0	0	
0.059	0.765164	-0.02913	1.90602	1.30691	6.2275	2.491	9.3414e-08	0	0	0	0	0	0	0	0	
0.06	0.765573	-0.0297403	1.90554	1.30621	6.2226	2.48904	9.33922e-08	0	0	0	0	0	0	0	0	
0.061	0.765983	-0.0303585	1.90503	1.30551	6.21762	2.48705	9.32057e-08	0	0	0	0	0	0	0	0	
0.062	0.766384	-0.0309852	1.90451	1.30483	6.21264	2.48506	9.31594e-08	0	0	0	0	0	0	0	0	
0.063	0.766769	-0.0316206	1.90396	1.30417	6.20772	2.48309	9.31633e-08	0	0	0	0	0	0	0	0	
0.064	0.767134	-0.0322649	1.90338	1.30355	6.20289	2.48116	9.33881e-08	0	0	0	0	0	0	0	0	
0.065	0.767476	-0.0329181	1.90278	1.30297	6.19818	2.47927	9.42286e-08	0	0	0	0	0	0	0	0	
0.066	0.767797	-0.03358	1.90216	1.30243	6.19357	2.47743	9.52296e-08	0	0	0	0	0	0	0	0	
0.067	0.768102	-0.0342501	1.90152	1.30191	6.18902	2.47561	9.5859e-08	0	0	0	0	0	0	0	0	
0.068	0.768396	-0.034928	1.90086	1.30141	6.1845	2.4738	9.61467e-08	0	0	0	0	0	0	0	0	
0.069	0.768687	-0.0356127	1.90018	1.30092	6.17994	2.47198	9.60256e-08	0	0	0	0	0	0	0	0	
0.07	0.768982	-0.0363033	1.89948	1.30042	6.17531	2.47012	9.53537e-08	0	0	0	0	0	0	0	0	
0.071	0.769286	-0.0369984	1.89877	1.29991	6.17057	2.46823	9.42432e-08	0	0	0	0	0	0	0	0	
0.072	0.769601	-0.0376967	1.89805	1.29937	6.16569	2.46628	9.32948e-08	0	0	0	0	0	0	0	0	
0.073	0.76993	-0.0383966	1.89732	1.29882	6.16069	2.46427	9.32107e-08	0	0	0	0	0	0	0	0	
0.074	0.770272	-0.0390963	1.89659	1.29824	6.15557	2.46223	9.40154e-08	0	0	0	0	0	0	0	0	
0.075	0.770623	-0.0397938	1.89585	1.29765	6.15038	2.46015	9.48537e-08	0	0	0	0	0	0	0	0	
0.076	0.770981	-0.0404874	1.89512	1.29705	6.14515	2.45806	9.49627e-08	0	0	0	0	0	0	0	0	
0.077	0.771342	-0.0411748	1.89439	1.29644	6.13991	2.45596	9.44121e-08	0	0	0	0	0	0	0	0	
0.078	0.771704	-0.0418542	1.89367	1.29583	6.1347	2.45388	9.37571e-08	0	0	0	0	0	0	0	0	
0.079	0.772064	-0.0425236	1.89296	1.29523	6.12955	2.45182	9.36878e-08	0	0	0	0	0	0	0	0	
0.08	0.772424	-0.043181	1.89227	1.29463	6.12446	2.44979	9.43425e-08	0	0	0	0	0	0	0	0	
0.081	0.772786	-0.0438248	1.8916	1.29402	6.11943	2.44777	9.51878e-08	0	0	0	0	0	0	0	0	
0.082	0.773155	-0.0444532	1.89096	1.2934	6.11442	2.44577	9.57446e-08	0	0	0	0	0	0	0	0	
0.083	0.773538	-0.0450649	1.89034	1.29276	6.10939	2.44376	9.59177e-08	0	0	0	0	0	0	0	0	
0.084	0.773942	-0.0456585	1.88975	1.29209	6.10429	2.44172	9.56352e-08	0	0	0	0	0	0	0	0	
0.085	0.774376	-0.0462332	1.88919	1.29136	6.09906	2.43963	9.50223e-08	0	0	0	0	0	0	0	0	
0.086	0.774845	-0.046788	1.88866	1.29058	6.09367	2.43747	9.4457e-08	0	0	0	0	0	0	0	0	
0.087	0.775352	-0.0473224	1.88817	1.28974	6.08809	2.43524	9.42799e-08	0	0	0	0	0	0	0	0	
0.088	0.775899	-0.0478361	1.88771	1.28883	6.08234	2.43293	9.44066e-08	0	0	0	0	0	0	0	0	
0.089	0.776479	-0.0483288	1.88729	1.28786	6.07644	2.43057	9.44982e-08	0	0	0	0	0	0	0	0	
0.09	0.777087	-0.0488008	1.88691	1.28686	6.07045	2.42818	9.45543e-08	0	0	0	0	0	0	0	0	
0.091	0.777713	-0.0492521	1.88656	1.28582	6.06445	2.42578	9.4815e-08	0	0	0	0	0	0	0	0	
0.092	0.778348	-0.0496833	1.88625	1.28477	6.0585	2.4234	9.52345e-08	0	0	0	0	0	0	0	0	
0.093	0.778986	-0.0500949	1.88597	1.28372	6.05265	2.42106	9.57173e-08	0	0	0	0	0	0	0	0	
0.094	0.779622	-0.0504876	1.88573	1.28267	6.04694	2.41878	9.61551e-08	0	0	0	0	0	0	0	0	
0.095	0.780251	-0.0508623	1.88552	1.28164	6.04139	2.41656	9.63389e-08	0	0	0	0	0	0	0	0	
0.096	0.78087	-0.0512198	1.88534	1.28062	6.03603	2.41441	9.62301e-08	0	0	0	0	0	0	0	0	
0.097	0.781475	-0.051561	1.88519	1.27963	6.03087	2.41235	9.59019e-08	0	0	0	0	0	0	0	0	
0.098	0.782063	-0.051887	1.88507	1.27867	6.02594	2.41038	9.53714e-08	0	0	0	0	0	0	0	0	
0.099	0.782628	-0.0521987	1.88496	1.27775	6.02127	2.40851	9.44951e-08	0	0	0	0	0	0	0	0	
0.1	0.783167	-0.0524971	1.88488	1.27687	6.01686	2.40674	9.36995e-08	0	0	0	0	0	0	0	0	
0.101	0.783678	-0.0527832	1.88482	1.27603	6.01275	2.4051	9.37569e-08	0	0	0	0	0	0	0	0	
0.102	0.784157	-0.0530582	1.88478	1.27525	6.00893	2.40357	9.46639e-08	0	0	0	0	0	0	0	0	
0.103	0.784604	-0.053323	1.88475	1.27453	6.00541	2.40216	9.55735e-08	0	0	0	0	0	0	0	0	
0.104	0.785019	-0.0535786	1.88473	1.27385	6.00219	2.40087	9.57795e-08	0	0	0	0	0	0	0	0	
0.105	0.785401	-0.053826	1.88473	1.27323	5.99925	2.3997	9.5443e-08	0	0	0	0	0	0	0	0	
0.106	0.785751	-0.0540661	1.88473	1.27267	5.99659	2.39863	9.50787e-08	0	0	0	0	0	0	0	0	
0.107	0.786069	-0.0542998	1.88474	1.27215	5.99419	2.39768	9.48113e-08	0	0	0	0	0	0	0	0	
0.108	0.786358	-0.0545279	1.88476	1.27169	5.99204	2.39682	9.43558e-08	0	0	0	0	0	0	0	0	
0.109	0.786618	-0.0547512	1.88478	1.27127	5.99013	2.39605	9.3802e-08	0	0	0	0	0	0	0	0	
0.11	0.786851	-0.0549703	1.8848	1.27089	5.98843	2.39537	9.34906e-08	0	0	0	0	0	0	0	0	
0.111	0.787061	-0.0551858	1.88483	1.27055	5.98692	2.39477	9.34165e-08	0	0	0	0	0	0	0	0	
0.112	0.787249	-0.0553982	1.88486	1.27025	5.98558	2.39423	9.33257e-08	0	0	0	0	0	0	0	0	
0.113	0.78742	-0.0556079	1.88489	1.26997	5.98437	2.39375	9.33351e-08	0	0	0	0	0	0	0	0	
0.114	0.787575	-0.0558151	1.88491	1.26972	5.98328	2.39331	9.36498e-08	0	0	0	0	0	0	0	0	
0.115	0.787717	-0.05602	1.88494	1.26949	5.98227	2.39291	9.43395e-08	0	0	0	0	0	0	0	0	
0.116	0.787849	-0.0562224	1.88496	1.26928	5.98134	2.39254	9.53268e-08	0	0	0	0	0	0	0	0	
0.117	0.787971	-0.0564223	1.88497	1.26908	5.98046	2.39219	9.62152e-08	0	0	0	0	0	0	0	0	
0.118	0.788085	-0.0566193	1.88498	1.2689	5.97963	2.39185	9.66791e-08	0	0	0	0	0	0	0	0	
0.119	0.788192	-0.056813	1.88498	1.26873	5.97882	2.39153	9.67132e-08	0	0	0	0	0	0	0	0	
0.12	0.788293	-0.0570031	1.88498	1.26856	5.97803	2.39121	9.66622e-08	0	0	0	0	0	0	0	0	
0.121	0.788389	-0.057189	1.88496	1.26841	5.97724	2.3909	9.65409e-08	0	0	0	0	0	0	0	0	
0.122	0.788479	-0.0573705	1.88493	1.26827	5.97647	2.39059	9.6178e-08	0	0	0	0	0	0	0	0	
0.123	0.788561	-0.0575474	1.88489	1.26813	5.97572	2.39029	9.54715e-08	0	0	0	0	0	0	0	0	
0.124	0.788635	-0.0577199	1.88484	1.26801	5.97499	2.39	9.44187e-08	0	0	0	0	0	0	0	0	
0.125	0.788698	-0.0578882	1.88477	1.26791	5.97431	2.38973	9.33888e-08	0	0	0	0	0	0	0	0	
0.126	0.788748	-0.0580533	1.8847	1.26783	5.97371	2.38948	9.28654e-08	0	0	0	0	0	0	0	0	
0.127	0.788783	-0.0582162	1.88462	1.26778	5.9732	2.38928	9.31287e-08	0	0	0	0	0	0	0	0	
0.128	0.788801	-0.0583785	1.88454	1.26775	5.9728	2.38912	9.38837e-08	0	0	0	0	0	0	0	0	
0.129	0.788801	-0.0585419	1.88446	1.26775	5.97254	2.38902	9.46959e-08	0	0	0	0	0	0	0	0	
0.13	0.788784	-0.0587084	1.88438	1.26777	5.97241	2.38897	9.51313e-08	0	0	0	0	0	0	0	0	
0.131	0.788751	-0.0588801	1.88431	1.26783	5.97244	2.38897	9.49479e-08	0	0	0	0	0	0	0	0	
0.132	0.788703	-0.0590589	1.88425	1.2679	5.97261	2.38904	9.44222e-08	0	0	0	0	0	0	0	0	
0.133	0.788642	-0.0592467	1.8842	1.268	5.97292	2.38917	9.39005e-08	0	0	0	0	0	0	0	0	
0.134	0.78857	-0.059445	1.88417	1.26812	5.97338	2.38935	9.35987e-08	0	0	0	0	0	0	0	0	
0.135	0.788489	-0.0596547	1.88416	1.26825	5.97397	2.38959	9.3679e-08	0	0	0	0	0	0	0	0	
0.136	0.788401	-0.0598764	1.88417	1.26839	5.97467	2.38987	9.40612e-08	0	0	0	0	0	0	0	0	
0.137	0.788308	-0.0601099	1.88421	1.26854	5.97548	2.39019	9.4453e-08	0	0	0	0	0	0	0	0	
0.138	0.788212	-0.0603546	1.88426	1.26869	5.97639	2.39055	9.45147e-08	0	0	0	0	0	0	0	0	
0.139	0.788115	-0.0606091	1.88434	1.26885	5.97737	2.39095	9.42604e-08	0	0	0	0	0	0	0	0	
0.14	0.788017	-0.0608715	1.88444	1.26901	5.97842	2.39137	9.39121e-08	0	0	0	0	0	0	0	0	
0.141	0.78792	-0.0611395	1.88455	1.26916	5.97951	2.39181	9.36199e-08	0	0	0	0	0	0	0	0	
0.142	0.787823	-0.0614101	1.88468	1.26932	5.98065	2.39226	9.34603e-08	0	0	0	0	0	0	0	0	
0.143	0.787727	-0.0616803	1.88482	1.26947	5.98183	2.39273	9.34056e-08	0	0	0	0	0	0	0	0	
0.144	0.787632	-0.0619465	1.88497	1.26963	5.98302	2.39321	9.33739e-08	0	0	0	0	0	0	0	0	
0.145	0.787537	-0.0622053	1.88512	1.26978	5.98423	2.39369	9.32204e-08	0	0	0	0	0	0	0	0	
0.146	0.787445	-0.0624532	1.88528	1.26993	5.98544	2.39418	9.28465e-08	0	0	0	0	0	0	0	0	
0.147	0.787357	-0.0626868	1.88544	1.27007	5.98662	2.39465	9.22898e-08	0	0	0	0	0	0	0	0	
0.148	0.787276	-0.0629032	1.88561	1.2702	5.98776	2.3951	9.17561e-08	0	0	0	0	0	0	0	0	
0.149	0.787206	-0.0630997	1.88577	1.27031	5.98882	2.39553	9.14128e-08	0	0	0	0	0	0	0	0	
0.15	0.787151	-0.063274	1.88595	1.2704	5.98979	2.39592	9.1283e-08	0	0	0	0	0	0	0	0	
0.151	0.787111	-0.0634243	1.88613	1.27047	5.99066	2.39626	9.13446e-08	0	0	0	0	0	0	0	0	
0.152	0.787089	-0.0635492	1.88631	1.2705	5.99143	2.39657	9.1503e-08	0	0	0	0	0	0	0	0	
0.153	0.787084	-0.0636478	1.88652	1.27051	5.99211	2.39684	9.15889e-08	0	0	0	0	0	0	0	0	
0.154	0.787095	-0.0637192	1.88674	1.27049	5.99273	2.39709	9.155e-08	0	0	0	0	0	0	0	0	
0.155	0.78712	-0.0637626	1.88699	1.27046	5.99333	2.39733	9.15166e-08	0	0	0	0	0	0	0	0	
0.156	0.787155	-0.0637776	1.88726	1.2704	5.99393	2.39757	9.16054e-08	0	0	0	0	0	0	0	0	
0.157	0.787199	-0.0637636	1.88757	1.27033	5.99458	2.39783	9.17596e-08	0	0	0	0	0	0	0	0	
0.158	0.78725	-0.06372	1.88792	1.27025	5.99529	2.39812	9.18722e-08	0	0	0	0	0	0	0	0	
0.159	0.787305	-0.0636462	1.8883	1.27016	5.99609	2.39844	9.19523e-08	0	0	0	0	0	0	0	0	
0.16	0.787365	-0.063542	1.88873	1.27006	5.99701	2.3988	9.2069e-08	0	0	0	0	0	0	0	0	
0.161	0.78743	-0.0634067	1.88922	1.26995	5.99804	2.39922	9.21811e-08	0	0	0	0	0	0	0	0	
0.162	0.787501	-0.0632399	1.88975	1.26984	5.99919	2.39968	9.21432e-08	0	0	0	0	0	0	0	0	
0.163	0.787579	-0.0630413	1.89033	1.26971	6.00046	2.40018	9.18826e-08	0	0	0	0	0	0	0	0	
0.164	0.787665	-0.0628104	1.89097	1.26958	6.00183	2.40073	9.15193e-08	0	0	0	0	0	0	0	0	
0.165	0.787762	-0.0625466	1.89167	1.26942	6.00329	2.40132	9.12817e-08	0	0	0	0	0	0	0	0	
0.166	0.78787	-0.0622496	1.89241	1.26924	6.00484	2.40194	9.12964e-08	0	0	0	0	0	0	0	0	
0.167	0.787992	-0.061919	1.89321	1.26905	6.00645	2.40258	9.14762e-08	0	0	0	0	0	0	0	0	
0.168	0.788127	-0.061555	1.89406	1.26883	6.00812	2.40325	9.15996e-08	0	0	0	0	0	0	0	0	
0.169	0.788278	-0.0611579	1.89497	1.26859	6.00983	2.40393	9.14819e-08	0	0	0	0	0	0	0	0	
0.17	0.788444	-0.0607289	1.89591	1.26832	6.01157	2.40463	9.1102e-08	0	0	0	0	0	0	0	0	
0.171	0.788625	-0.0602697	1.8969	1.26803	6.01333	2.40533	9.06338e-08	0	0	0	0	0	0	0	0	
0.172	0.788821	-0.0597827	1.89794	1.26771	6.01511	2.40604	9.0374e-08	0	0	0	0	0	0	0	0	
0.173	0.789033	-0.059271	1.89901	1.26737	6.0169	2.40676	9.05877e-08	0	0	0	0	0	0	0	0	
0.174	0.789259	-0.0587378	1.90013	1.26701	6.0187	2.40748	9.13617e-08	0	0	0	0	0	0	0	0	
0.175	0.789499	-0.0581872	1.90127	1.26663	6.02051	2.4082	9.25681e-08	0	0	0	0	0	0	0	0	
0.176	0.789751	-0.0576231	1.90245	1.26622	6.0223	2.40892	9.39478e-08	0	0	0	0	0	0	0	0	
0.177	0.790016	-0.0570498	1.90365	1.2658	6.02408	2.40963	9.52418e-08	0	0	0	0	0	0	0	0	
0.178	0.790291	-0.0564719	1.90487	1.26536	6.02584	2.41034	9.62843e-08	0	0	0	0	0	0	0	0	
0.179	0.790577	-0.0558944	1.9061	1.2649	6.02756	2.41102	9.70241e-08	0	0	0	0	0	0	0	0	
0.18	0.790873	-0.0553224	1.90734	1.26443	6.02922	2.41169	9.74863e-08	0	0	0	0	0	0	0	0	
0.181	0.791177	-0.0547612	1.90858	1.26394	6.03082	2.41233	9.77094e-08	0	0	0	0	0	0	0	0	
0.182	0.791488	-0.0542156	1.90981	1.26344	6.03235	2.41294	9.76965e-08	0	0	0	0	0	0	0	0	
0.183	0.791802	-0.0536902	1.91103	1.26294	6.03381	2.41352	9.74116e-08	0	0	0	0	0	0	0	0	
0.184	0.792117	-0.053189	1.91223	1.26244	6.03519	2.41407	9.68093e-08	0	0	0	0	0	0	0	0	
0.185	0.792429	-0.0527152	1.91339	1.26194	6.03648	2.41459	9.58656e-08	0	0	0	0	0	0	0	0	
0.186	0.792733	-0.0522714	1.91452	1.26146	6.03771	2.41508	9.45971e-08	0	0	0	0	0	0	0	0	
0.187	0.793027	-0.0518602	1.91559	1.26099	6.03886	2.41554	9.30707e-08	0	0	0	0	0	0	0	0	
0.188	0.793307	-0.0514836	1.91661	1.26055	6.03994	2.41598	9.14027e-08	0	0	0	0	0	0	0	0	
0.189	0.79357	-0.0511433	1.91757	1.26013	6.04097	2.41639	8.97447e-08	0	0	0	0	0	0	0	0	
0.19	0.793814	-0.0508401	1.91847	1.25974	6.04195	2.41678	8.8256e-08	0	0	0	0	0	0	0	0	
0.191	0.794037	-0.0505736	1.91931	1.25939	6.04288	2.41715	8.70749e-08	0	0	0	0	0	0	0	0	
0.192	0.794239	-0.0503418	1.92008	1.25907	6.04378	2.41751	8.62927e-08	0	0	0	0	0	0	0	0	
0.193	0.794421	-0.0501416	1.92079	1.25878	6.04463	2.41785	8.59375e-08	0	0	0	0	0	0	0	0	
0.194	0.794582	-0.0499686	1.92144	1.25852	6.04545	2.41818	8.59699e-08	0	0	0	0	0	0	0	0	
0.195	0.794726	-0.0498177	1.92204	1.2583	6.04624	2.4185	8.62905e-08	0	0	0	0	0	0	0	0	
0.196	0.794856	-0.0496832	1.9226	1.25809	6.04701	2.4188	8.67607e-08	0	0	0	0	0	0	0	0	
0.197	0.794975	-0.0495583	1.92313	1.2579	6.04776	2.4191	8.72345e-08	0	0	0	0	0	0	0	0	
0.198	0.79509	-0.0494351	1.92364	1.25772	6.0485	2.4194	8.75971e-08	0	0	0	0	0	0	0	0	
0.199	0.795205	-0.0493044	1.92416	1.25754	6.04926	2.4197	8.77963e-08	0	0	0	0	0	0	0	0	
0.2	0.795326	-0.0491562	1.9247	1.25735	6.05003	2.42001	8.78522e-08	0	0	0	0	0	0	0	0	
0.201	0.795459	-0.0489798	1.92528	1.25714	6.05083	2.42033	8.78424e-08	0	0	0	0	0	0	0	0	
0.202	0.795611	-0.0487647	1.92592	1.2569	6.05169	2.42068	8.78644e-08	0	0	0	0	0	0	0	0	
0.203	0.795788	-0.0485009	1.92664	1.25662	6.05262	2.42105	8.79894e-08	0	0	0	0	0	0	0	0	
0.204	0.795997	-0.0481779	1.92747	1.25629	6.05364	2.42146	8.8226e-08	0	0	0	0	0	0	0	0	
0.205	0.796245	-0.0477848	1.92843	1.2559	6.05477	2.42191	8.85125e-08	0	0	0	0	0	0	0	0	
0.206	0.796535	-0.0473093	1.92954	1.25544	6.05603	2.42241	8.87432e-08	0	0	0	0	0	0	0	0	
0.207	0.796873	-0.0467389	1.9308	1.2549	6.05741	2.42297	8.88188e-08	0	0	0	0	0	0	0	0	
0.208	0.797262	-0.0460622	1.93223	1.25429	6.05894	2.42358	8.86929e-08	0	0	0	0	0	0	0	0	
0.209	0.797706	-0.0452708	1.93384	1.25359	6.06063	2.42425	8.83939e-08	0	0	0	0	0	0	0	0	
0.21	0.79821	-0.0443595	1.93565	1.2528	6.06248	2.42499	8.80098e-08	0	0	0	0	0	0	0	0	
0.211	0.798779	-0.0433254	1.93768	1.25191	6.06451	2.42581	8.76461e-08	0	0	0	0	0	0	0	0	
0.212	0.799415	-0.0421647	1.93993	1.25092	6.06672	2.42669	8.73785e-08	0	0	0	0	0	0	0	0	
0.213	0.800116	-0.0408716	1.9424	1.24982	6.06911	2.42764	8.72259e-08	0	0	0	0	0	0	0	0	
0.214	0.800884	-0.0394403	1.94508	1.24862	6.07167	2.42867	8.71552e-08	0	0	0	0	0	0	0	0	
0.215	0.801716	-0.0378682	1.94798	1.24732	6.0744	2.42976	8.71107e-08	0	0	0	0	0	0	0	0	
0.216	0.802613	-0.0361579	1.95109	1.24593	6.0773	2.43092	8.70489e-08	0	0	0	0	0	0	0	0	
0.217	0.803578	-0.034316	1.95442	1.24443	6.08038	2.43215	8.69566e-08	0	0	0	0	0	0	0	0	
0.218	0.80461	-0.0323516	1.95799	1.24284	6.08365	2.43346	8.68466e-08	0	0	0	0	0	0	0	0	
0.219	0.805712	-0.0302741	1.96178	1.24114	6.0871	2.43484	8.67383e-08	0	0	0	0	0	0	0	0	
0.22	0.806879	-0.0280894	1.96579	1.23934	6.09073	2.43629	8.66415e-08	0	0	0	0	0	0	0	0	
0.221	0.808105	-0.0257957	1.97001	1.23746	6.09453	2.43781	8.65528e-08	0	0	0	0	0	0	0	0	
0.222	0.809382	-0.0233874	1.9744	1.23551	6.09847	2.43939	8.64659e-08	0	0	0	0	0	0	0	0	
0.223	0.810707	-0.0208688	1.97895	1.23349	6.10255	2.44102	8.63837e-08	0	0	0	0	0	0	0	0	
0.224	0.812082	-0.0182573	1.98368	1.2314	6.10677	2.44271	8.63223e-08	0	0	0	0	0	0	0	0	
0.225	0.813511	-0.0155712	1.9886	1.22924	6.11116	2.44446	8.6304e-08	0	0	0	0	0	0	0	0	
0.226	0.81501	-0.0128439	1.99376	1.22698	6.11575	2.4463	8.63451e-08	0	0	0	0	0	0	0	0	
0.227	0.816564	-0.0100973	1.99912	1.22464	6.12052	2.44821	8.6448e-08	0	0	0	0	0	0	0	0	
0.228	0.818113	-0.00724125	2.00447	1.22232	6.12527	2.45011	8.66004e-08	0	0	0	0	0	0	0	0	
0.229	0.819723	-0.00434836	2.01003	1.21992	6.1302	2.45208	8.67802e-08	0	0	0	0	0	0	0	0	
0.23	0.821259	-0.00143384	2.01535	1.21764	6.13494	2.45398	8.69598e-08	0	0	0	0	0	0	0	0	
0.231	0.823166	0.00217966	2.02196	1.21482	6.1408	2.45632	8.71093e-08	0	0	0	0	0	0	0	0	
0.232	0.825722	0.00757544	2.03082	1.21106	6.14861	2.45944	8.71993e-08	0	0	0	0	0	0	0	0	
0.233	0.828396	0.0124388	2.04011	1.20715	6.1568	2.46272	8.72049e-08	0	0	0	0	0	0	0	0	
0.234	0.831035	0.0172122	2.04931	1.20332	6.16494	2.46598	8.71109e-08	0	0	0	0	0	0	0	0	
0.235	0.833625	0.0218941	2.05838	1.19958	6.17298	2.46919	8.69169e-08	0	0	0	0	0	0	0	0	
0.236	0.836173	0.0265044	2.06734	1.19592	6.18096	2.47238	8.66392e-08	0	0	0	0	0	0	0	0	
0.237	0.838689	0.0310634	2.07622	1.19234	6.18889	2.47556	8.63085e-08	0	0	0	0	0	0	0	0	
0.238	0.84118	0.0355875	2.08505	1.18881	6.19679	2.47872	8.59638e-08	0	0	0	0	0	0	0	0	
0.239	0.843657	0.0400906	2.09384	1.18532	6.20466	2.48186	8.56456e-08	0	0	0	0	0	0	0	0	
0.24	0.846127	0.0445837	2.10262	1.18186	6.21248	2.48499	8.53893e-08	0	0	0	0	0	0	0	0	
0.241	0.848601	0.0490758	2.1114	1.17841	6.22025	2.4881	8.52202e-08	0	0	0	0	0	0	0	0	
0.242	0.851087	0.0535737	2.1202	1.17497	6.22793	2.49117	8.51508e-08	0	0	0	0	0	0	0	0	
0.243	0.853593	0.058083	2.12903	1.17152	6.23549	2.4942	8.51806e-08	0	0	0	0	0	0	0	0	
0.244	0.856126	0.0626075	2.1379	1.16805	6.24293	2.49717	8.52966e-08	0	0	0	0	0	0	0	0	
0.245	0.858693	0.0671503	2.14681	1.16456	6.25022	2.50009	8.5476e-08	0	0	0	0	0	0	0	0	
0.246	0.861295	0.0717138	2.15578	1.16104	6.25737	2.50295	8.56906e-08	0	0	0	0	0	0	0	0	
0.247	0.863935	0.0762995	2.16481	1.15749	6.26438	2.50575	8.59126e-08	0	0	0	0	0	0	0	0	
0.248	0.866612	0.0809087	2.17391	1.15392	6.27129	2.50851	8.61192e-08	0	0	0	0	0	0	0	0	
0.249	0.869322	0.0855423	2.18308	1.15032	6.27811	2.51124	8.62961e-08	0	0	0	0	0	0	0	0	
0.25	0.872061	0.0902012	2.19232	1.14671	6.2849	2.51396	8.64372e-08	0	0	0	0	0	0	0	0	
0.251	0.874825	0.0948861	2.20165	1.14309	6.29169	2.51668	8.65425e-08	0	0	0	0	0	0	0	0	
0.252	0.877607	0.0995976	2.21106	1.13946	6.29854	2.51942	8.66157e-08	0	0	0	0	0	0	0	0	
0.253	0.880402	0.104337	2.22055	1.13584	6.30549	2.5222	8.6662e-08	0	0	0	0	0	0	0	0	
0.254	0.883206	0.109104	2.23012	1.13224	6.31257	2.52503	8.66874e-08	0	0	0	0	0	0	0	0	
0.255	0.886015	0.113901	2.23978	1.12865	6.31981	2.52792	8.66983e-08	0	0	0	0	0	0	0	0	
0.256	0.888825	0.11873	2.24952	1.12508	6.32722	2.53089	8.67009e-08	0	0	0	0	0	0	0	0	
0.257	0.891636	0.123591	2.25934	1.12153	6.33481	2.53393	8.66999e-08	0	0	0	0	0	0	0	0	
0.258	0.894447	0.128487	2.26924	1.11801	6.34258	2.53703	8.66988e-08	0	0	0	0	0	0	0	0	
0.259	0.897257	0.133419	2.27922	1.11451	6.35051	2.54021	8.66979e-08	0	0	0	0	0	0	0	0	
0.26	0.900069	0.13839	2.28927	1.11103	6.3586	2.54344	8.66945e-08	0	0	0	0	0	0	0	0	
0.261	0.902884	0.1434	2.2994	1.10756	6.36681	2.54673	8.66827e-08	0	0	0	0	0	0	0	0	
0.262	0.905704	0.14845	2.3096	1.10411	6.37515	2.55006	8.66548e-08	0	0	0	0	0	0	0	0	
0.263	0.908533	0.15354	2.31988	1.10068	6.38359	2.55344	8.66049e-08	0	0	0	0	0	0	0	0	
0.264	0.911373	0.158668	2.33024	1.09725	6.39211	2.55685	8.65322e-08	0	0	0	0	0	0	0	0	
0.265	0.91423	0.163831	2.34069	1.09382	6.40072	2.56029	8.64439e-08	0	0	0	0	0	0	0	0	
0.266	0.917108	0.169026	2.35124	1.09038	6.4094	2.56376	8.63529e-08	0	0	0	0	0	0	0	0	
0.267	0.920012	0.174247	2.36191	1.08694	6.41815	2.56726	8.62737e-08	0	0	0	0	0	0	0	0	
0.268	0.922949	0.179487	2.3727	1.08348	6.42696	2.57078	8.6215e-08	0	0	0	0	0	0	0	0	
0.269	0.925926	0.184741	2.38364	1.08	6.43583	2.57433	8.61743e-08	0	0	0	0	0	0	0	0	
0.27	0.928948	0.190004	2.39473	1.07649	6.44475	2.5779	8.61374e-08	0	0	0	0	0	0	0	0	
0.271	0.93202	0.195271	2.406	1.07294	6.45372	2.58149	8.60815e-08	0	0	0	0	0	0	0	0	
0.272	0.935148	0.200539	2.41744	1.06935	6.46272	2.58509	8.59832e-08	0	0	0	0	0	0	0	0	
0.273	0.938333	0.205809	2.42906	1.06572	6.47175	2.5887	8.58263e-08	0	0	0	0	0	0	0	0	
0.274	0.941577	0.211083	2.44086	1.06205	6.48079	2.59232	8.56089e-08	0	0	0	0	0	0	0	0	
0.275	0.944876	0.216366	2.45284	1.05834	6.48984	2.59594	8.53471e-08	0	0	0	0	0	0	0	0	
0.276	0.948229	0.221665	2.46497	1.0546	6.49889	2.59955	8.50733e-08	0	0	0	0	0	0	0	0	
0.277	0.951629	0.226988	2.47725	1.05083	6.50793	2.60317	8.48319e-08	0	0	0	0	0	0	0	0	
0.278	0.955071	0.232342	2.48967	1.04704	6.51697	2.60679	8.46702e-08	0	0	0	0	0	0	0	0	
0.279	0.958546	0.237735	2.5022	1.04325	6.52603	2.61041	8.46282e-08	0	0	0	0	0	0	0	0	
0.28	0.962049	0.243175	2.51483	1.03945	6.53509	2.61404	8.47303e-08	0	0	0	0	0	0	0	0	
0.281	0.965573	0.248667	2.52756	1.03565	6.54419	2.61768	8.49797e-08	0	0	0	0	0	0	0	0	
0.282	0.969115	0.254213	2.54037	1.03187	6.55333	2.62133	8.53578e-08	0	0	0	0	0	0	0	0	
0.283	0.972672	0.259815	2.55327	1.0281	6.56253	2.62501	8.58287e-08	0	0	0	0	0	0	0	0	
0.284	0.97624	0.265473	2.56626	1.02434	6.5718	2.62872	8.63468e-08	0	0	0	0	0	0	0	0	
0.285	0.979822	0.271184	2.57934	1.02059	6.58116	2.63246	8.68644e-08	0	0	0	0	0	0	0	0	
0.286	0.983417	0.276947	2.59252	1.01686	6.59061	2.63624	8.73389e-08	0	0	0	0	0	0	0	0	
0.287	0.987027	0.282758	2.60581	1.01314	6.60015	2.64006	8.77369e-08	0	0	0	0	0	0	0	0	
0.288	0.990655	0.288615	2.61921	1.00943	6.6098	2.64392	8.80357e-08	0	0	0	0	0	0	0	0	
0.289	0.994302	0.294513	2.63273	1.00573	6.61955	2.64782	8.82222e-08	0	0	0	0	0	0	0	0	
0.29	0.997971	0.300452	2.64638	1.00203	6.6294	2.65176	8.82907e-08	0	0	0	0	0	0	0	0	
0.291	1.00166	0.306429	2.66016	0.998339	6.63936	2.65574	8.8241e-08	0	0	0	0	0	0	0	0	
0.292	1.00538	0.312442	2.67408	0.994647	6.64943	2.65977	8.8078e-08	0	0	0	0	0	0	0	0	
0.293	1.00913	0.31849	2.68815	0.990957	6.65959	2.66384	8.78119e-08	0	0	0	0	0	0	0	0	
0.294	1.0129	0.324573	2.70235	0.987267	6.66986	2.66794	8.74601e-08	0	0	0	0	0	0	0	0	
0.295	1.0167	0.330689	2.7167	0.983576	6.68022	2.67209	8.70457e-08	0	0	0	0	0	0	0	0	
0.296	1.02053	0.336839	2.73121	0.979882	6.69066	2.67626	8.65951e-08	0	0	0	0	0	0	0	0	
0.297	1.0244	0.343021	2.74586	0.976183	6.70116	2.68046	8.61329e-08	0	0	0	0	0	0	0	0	
0.298	1.0283	0.349236	2.76067	0.972475	6.7117	2.68468	8.5678e-08	0	0	0	0	0	0	0	0	
0.299	1.03225	0.355484	2.77563	0.968755	6.72226	2.6889	8.52422e-08	0	0	0	0	0	0	0	0	
0.3	1.03625	0.361766	2.79074	0.965021	6.7328	2.69312	8.48327e-08	0	0	0	0	0	0	0	0	
0.301	1.04029	0.368085	2.806	0.961271	6.7433	2.69732	8.44564e-08	0	0	0	0	0	0	0	0	
0.302	1.04438	0.374442	2.8214	0.957504	6.75375	2.7015	8.41228e-08	0	0	0	0	0	0	0	0	
0.303	1.04852	0.380841	2.83693	0.953723	6.76412	2.70565	8.3845e-08	0	0	0	0	0	0	0	0	
0.304	1.05271	0.387288	2.85259	0.949932	6.77443	2.70977	8.36381e-08	0	0	0	0	0	0	0	0	
0.305	1.05693	0.393786	2.86837	0.946136	6.78467	2.71387	8.35149e-08	0	0	0	0	0	0	0	0	
0.306	1.06119	0.400338	2.88425	0.94234	6.79487	2.71795	8.34825e-08	0	0	0	0	0	0	0	0	
0.307	1.06547	0.406944	2.90024	0.93855	6.80506	2.72202	8.3541e-08	0	0	0	0	0	0	0	0	
0.308	1.06978	0.413601	2.91636	0.934767	6.81529	2.72611	8.36836e-08	0	0	0	0	0	0	0	0	
0.309	1.07412	0.420299	2.93261	0.930993	6.82559	2.73024	8.38984e-08	0	0	0	0	0	0	0	0	
0.31	1.07849	0.427024	2.94904	0.927223	6.83603	2.73441	8.41708e-08	0	0	0	0	0	0	0	0	
0.311	1.0829	0.43376	2.96568	0.92345	6.84665	2.73866	8.44853e-08	0	0	0	0	0	0	0	0	
0.312	1.08735	0.440487	2.9826	0.919666	6.8575	2.743	8.48262e-08	0	0	0	0	0	0	0	0	
0.313	1.09187	0.447189	2.99984	0.915863	6.8686	2.74744	8.51781e-08	0	0	0	0	0	0	0	0	
0.314	1.09645	0.453854	3.01742	0.912036	6.88	2.752	8.55279e-08	0	0	0	0	0	0	0	0	
0.315	1.1011	0.46048	3.03537	0.908184	6.89168	2.75667	8.5869e-08	0	0	0	0	0	0	0	0	
0.316	1.10582	0.467073	3.05366	0.90431	6.90364	2.76146	8.62026e-08	0	0	0	0	0	0	0	0	
0.317	1.11059	0.473649	3.07226	0.900424	6.91585	2.76634	8.65341e-08	0	0	0	0	0	0	0	0	
0.318	1.1154	0.480231	3.09113	0.896538	6.92828	2.77131	8.68629e-08	0	0	0	0	0	0	0	0	
0.319	1.12024	0.486842	3.11019	0.892664	6.94088	2.77635	8.71705e-08	0	0	0	0	0	0	0	0	
0.32	1.12509	0.493507	3.12938	0.888815	6.9536	2.78144	8.74164e-08	0	0	0	0	0	0	0	0	
0.321	1.12995	0.500243	3.14867	0.884995	6.96639	2.78656	8.75458e-08	0	0	0	0	0	0	0	0	
0.322	1.13481	0.507062	3.16801	0.881207	6.97919	2.79168	8.7507e-08	0	0	0	0	0	0	0	0	
0.323	1.13967	0.513968	3.18741	0.877444	6.99193	2.79677	8.72708e-08	0	0	0	0	0	0	0	0	
0.324	1.14456	0.520959	3.20686	0.873696	7.00455	2.80182	8.68467e-08	0	0	0	0	0	0	0	0	
0.325	1.14949	0.528027	3.22639	0.86995	7.01699	2.8068	8.62883e-08	0	0	0	0	0	0	0	0	
0.326	1.15448	0.535163	3.24602	0.866193	7.02919	2.81168	8.56869e-08	0	0	0	0	0	0	0	0	
0.327	1.15954	0.542358	3.26578	0.862415	7.04113	2.81645	8.51511e-08	0	0	0	0	0	0	0	0	
0.328	1.16467	0.549605	3.28569	0.858611	7.05282	2.82113	8.47807e-08	0	0	0	0	0	0	0	0	
0.329	1.16989	0.556896	3.30578	0.854782	7.0643	2.82572	8.46432e-08	0	0	0	0	0	0	0	0	
0.33	1.17518	0.564228	3.32606	0.850933	7.07563	2.83025	8.47577e-08	0	0	0	0	0	0	0	0	
0.331	1.18053	0.571598	3.34654	0.847074	7.08691	2.83476	8.50872e-08	0	0	0	0	0	0	0	0	
0.332	1.18594	0.579006	3.36723	0.843216	7.09825	2.8393	8.55349e-08	0	0	0	0	0	0	0	0	
0.333	1.19137	0.586451	3.38813	0.83937	7.10973	2.84389	8.59553e-08	0	0	0	0	0	0	0	0	
0.334	1.19682	0.593933	3.40925	0.835545	7.12145	2.84858	8.61917e-08	0	0	0	0	0	0	0	0	
0.335	1.20229	0.601454	3.43059	0.831748	7.13346	2.85338	8.61352e-08	0	0	0	0	0	0	0	0	
0.336	1.20776	0.609014	3.45215	0.827982	7.14579	2.85832	8.57699e-08	0	0	0	0	0	0	0	0	
0.337	1.21323	0.616613	3.47394	0.824246	7.15845	2.86338	8.5173e-08	0	0	0	0	0	0	0	0	
0.338	1.21871	0.624253	3.49596	0.820539	7.17142	2.86857	8.44748e-08	0	0	0	0	0	0	0	0	
0.339	1.22421	0.631932	3.51821	0.816856	7.18469	2.87387	8.38116e-08	0	0	0	0	0	0	0	0	
0.34	1.22972	0.639652	3.54072	0.813193	7.19822	2.87929	8.32957e-08	0	0	0	0	0	0	0	0	
0.341	1.23526	0.64741	3.56348	0.809547	7.212	2.8848	8.30113e-08	0	0	0	0	0	0	0	0	
0.342	1.24083	0.655207	3.5865	0.805913	7.22603	2.89041	8.30165e-08	0	0	0	0	0	0	0	0	
0.343	1.24643	0.663043	3.6098	0.80229	7.24028	2.89611	8.33341e-08	0	0	0	0	0	0	0	0	
0.344	1.25207	0.670923	3.63338	0.798675	7.25472	2.90189	8.39379e-08	0	0	0	0	0	0	0	0	
0.345	1.25776	0.678858	3.6572	0.795065	7.26928	2.90771	8.47417e-08	0	0	0	0	0	0	0	0	
0.346	1.26349	0.686866	3.68123	0.791456	7.28383	2.91353	8.5621e-08	0	0	0	0	0	0	0	0	
0.347	1.26929	0.694973	3.7054	0.787843	7.29819	2.91928	8.64654e-08	0	0	0	0	0	0	0	0	
0.348	1.27515	0.703204	3.72965	0.784219	7.31215	2.92486	8.71822e-08	0	0	0	0	0	0	0	0	
0.349	1.28111	0.711575	3.75395	0.780572	7.32557	2.93023	8.77007e-08	0	0	0	0	0	0	0	0	
0.35	1.28719	0.720069	3.77835	0.776888	7.3384	2.93536	8.79721e-08	0	0	0	0	0	0	0	0	
0.351	1.29342	0.728638	3.80304	0.773143	7.35074	2.9403	8.78878e-08	0	0	0	0	0	0	0	0	
0.352	1.29987	0.737198	3.8283	0.76931	7.36287	2.94515	8.73623e-08	0	0	0	0	0	0	0	0	
0.353	1.30656	0.745662	3.85442	0.76537	7.37514	2.95006	8.67529e-08	0	0	0	0	0	0	0	0	
0.354	1.31351	0.753972	3.88164	0.761319	7.38791	2.95517	8.66025e-08	0	0	0	0	0	0	0	0	
0.355	1.32069	0.762131	3.90999	0.75718	7.40142	2.96057	8.68201e-08	0	0	0	0	0	0	0	0	
0.356	1.32802	0.770211	3.9393	0.753001	7.41574	2.9663	8.70287e-08	0	0	0	0	0	0	0	0	
0.357	1.3354	0.778327	3.96923	0.74884	7.4308	2.97232	8.65808e-08	0	0	0	0	0	0	0	0	
0.358	1.34274	0.786596	3.99947	0.744746	7.44646	2.97858	8.48042e-08	0	0	0	0	0	0	0	0	
0.359	1.35	0.795095	4.02978	0.740742	7.46257	2.98503	8.25942e-08	0	0	0	0	0	0	0	0	
0.36	1.35717	0.803852	4.06015	0.736825	7.47904	2.99162	8.25705e-08	0	0	0	0	0	0	0	0	
0.361	1.36431	0.812849	4.09066	0.73297	7.49583	2.99833	8.28151e-08	0	0	0	0	0	0	0	0	
0.362	1.37147	0.822049	4.12152	0.729144	7.51296	3.00518	8.13142e-08	0	0	0	0	0	0	0	0	
0.363	1.3787	0.831422	4.1529	0.725319	7.53045	3.01218	8.12668e-08	0	0	0	0	0	0	0	0	
0.364	1.38604	0.840956	4.18494	0.721479	7.54837	3.01935	8.59873e-08	0	0	0	0	0	0	0	0	
0.365	1.3935	0.850656	4.21774	0.717618	7.56681	3.02672	8.12666e-08	0	0	0	0	0	0	0	0	
0.366	1.40109	0.860534	4.25139	0.713729	7.58586	3.03434	7.77698e-08	0	0	0	0	0	0	0	0	
0.367	1.40885	0.87061	4.28599	0.709799	7.60548	3.04219	8.43171e-08	0	0	0	0	0	0	0	0	
0.368	1.41684	0.880915	4.32163	0.705795	7.62546	3.05018	1.07671e-07	0	0	0	0	0	0	0	0	
0.369	1.42518	0.891494	4.35838	0.701668	7.64535	3.05814	1.97668e-07	0	0	0	0	0	0	0	0	
0.37	1.43398	0.902389	4.39641	0.69736	7.66469	3.06588	3.70455e-07	0	0	0	0	0	0	0	0	
0.371	1.44337	0.913633	4.43594	0.692821	7.68329	3.07331	7.03477e-07	0	0	0	0	0	0	0	0	
0.372	1.45341	0.925281	4.47725	0.688039	7.70131	3.08053	1.34464e-06	0	0	0	0	0	0	0	0	
0.373	1.46404	0.937426	4.5206	0.68304	7.71937	3.08775	2.57698e-06	0	0	0	0	0	0	0	0	
0.374	1.47523	0.950173	4.56632	0.677859	7.73831	3.09532	4.94778e-06	0	0	0	0	0	0	0	0	
0.375	1.48699	0.963619	4.61507	0.6725	7.75909	3.10364	9.529e-06	0	0	0	0	0	0	0	0	
0.376	1.49942	0.97789	4.66769	0.666926	7.78251	3.113	1.84614e-05	0	0	0	0	0	0	0	0	
0.377	1.51268	0.993255	4.725	0.66108	7.80901	3.1236	3.61175e-05	0	0	0	0	0	0	0	0	
0.378	1.52701	1.01013	4.788	0.654873	7.83883	3.13553	7.15831e-05	0	0	0	0	0	0	0	0	
0.379	1.54293	1.02896	4.85869	0.648116	7.87249	3.149	0.000144214	0	0	0	0	0	0	0	0	
0.38	1.56131	1.05028	4.94064	0.640488	7.91106	3.16442	0.000296507	0	0	0	0	0	0	0	0	
0.381	1.58326	1.07512	5.03849	0.631609	7.9559	3.18236	0.000623617	0	0	0	0	0	0	0	0	
0.382	1.61019	1.10552	5.15796	0.621046	8.00833	3.20333	0.00134689	0	0	0	0	0	0	0	0	
0.383	1.64486	1.14446	5.31007	0.607953	8.07068	3.22827	0.00300872	0	0	0	0	0	0	0	0	
0.384	1.69328	1.19595	5.51871	0.590569	8.14795	3.25918	0.00698044	0	0	0	0	0	0	0	0	
0.385	1.76666	1.26786	5.82489	0.566039	8.24279	3.29711	0.0169604	0	0	0	0	0	0	0	0	
0.386	1.88671	1.37671	6.29446	0.530024	8.34054	3.33621	0.0437224	0	0	0	0	0	0	0	0	
0.387	2.10418	1.54447	7.04432	0.475243	8.36942	3.34777	0.119051	0	0	0	0	0	0	0	0	
0.388	2.42519	1.71157	7.6527	0.412339	7.88877	3.15551	0.33074	0	0	0	0	0	0	0	0	
0.389	2.16408	1.39803	5.22355	0.462089	6.03436	2.41374	0.708551	0	0	0	0	0	0	0	0	
0.39	1.22324	0.315138	1.60429	0.817502	3.27878	1.31151	0.92463	0	0	0	0	0	0	0	0	
0.391	1.02302	0.0923109	1.17299	0.9775	2.8665	1.1466	0.929899	0	0	0	0	0	0	0	0	
0.392	1.01971	0.0896776	1.16695	0.980667	2.86096	1.14438	0.930345	0	0	0	0	0	0	0	0	
0.393	1.01964	0.0893569	1.16611	0.980735	2.8591	1.14364	0.930789	0	0	0	0	0	0	0	0	
0.394	1.0196	0.0890583	1.16532	0.980772	2.85727	1.14291	0.931231	0	0	0	0	0	0	0	0	
0.395	1.01957	0.0887638	1.16454	0.980808	2.85546	1.14219	0.931671	0	0	0	0	0	0	0	0	
0.396	1.01953	0.0884732	1.16376	0.980842	2.85367	1.14147	0.932108	0	0	0	0	0	0	0	0	
0.397	1.0195	0.0881864	1.163	0.980876	2.85189	1.14076	0.932542	0	0	0	0	0	0	0	0	
0.398	1.01946	0.0879034	1.16224	0.980909	2.85013	1.14005	0.932973	0	0	0	0	0	0	0	0	
0.399	1.01943	0.087624	1.16149	0.980943	2.84839	1.13935	0.9334	0	0	0	0	0	0	0	0	
0.4	1.01939	0.0873482	1.16075	0.980979	2.84667	1.13867	0.933821	0	0	0	0	0	0	0	0	
0.401	1.01934	0.0870759	1.16001	0.981023	2.845	1.138	0.934235	0	0	0	0	0	0	0	0	
0.402	1.01929	0.0868071	1.15928	0.981078	2.84337	1.13735	0.934639	0	0	0	0	0	0	0	0	
0.403	1.01922	0.0865418	1.15856	0.981147	2.8418	1.13672	0.935032	0	0	0	0	0	0	0	0	
0.404	1.01913	0.08628	1.15785	0.981227	2.84029	1.13611	0.935416	0	0	0	0	0	0	0	0	
0.405	1.01904	0.0860215	1.15714	0.981311	2.8388	1.13552	0.935793	0	0	0	0	0	0	0	0	
0.406	1.01896	0.0857664	1.15645	0.981392	2.83732	1.13493	0.93617	0	0	0	0	0	0	0	0	
0.407	1.01889	0.0855144	1.15575	0.981459	2.83581	1.13432	0.936552	0	0	0	0	0	0	0	0	
0.408	1.01885	0.0852655	1.15507	0.981502	2.83425	1.1337	0.936944	0	0	0	0	0	0	0	0	
0.409	1.01883	0.0850195	1.15439	0.981514	2.83262	1.13305	0.93735	0	0	0	0	0	0	0	0	
0.41	1.01886	0.0847762	1.15371	0.981493	2.8309	1.13236	0.937773	0	0	0	0	0	0	0	0	
0.411	1.01891	0.0845353	1.15305	0.981441	2.82912	1.13165	0.93821	0	0	0	0	0	0	0	0	
0.412	1.01899	0.0842969	1.15239	0.981367	2.82729	1.13091	0.938656	0	0	0	0	0	0	0	0	
0.413	1.01907	0.0840606	1.15173	0.981288	2.82545	1.13018	0.939103	0	0	0	0	0	0	0	0	
0.414	1.01914	0.0838267	1.15108	0.981222	2.82367	1.12947	0.93954	0	0	0	0	0	0	0	0	
0.415	1.01918	0.0835949	1.15044	0.981183	2.82199	1.1288	0.939958	0	0	0	0	0	0	0	0	
0.416	1.01918	0.0833656	1.14981	0.981181	2.82042	1.12817	0.940353	0	0	0	0	0	0	0	0	
0.417	1.01915	0.0831387	1.14918	0.981214	2.81897	1.12759	0.940726	0	0	0	0	0	0	0	0	
0.418	1.01909	0.0829144	1.14855	0.981268	2.8176	1.12704	0.941084	0	0	0	0	0	0	0	0	
0.419	1.01903	0.0826926	1.14794	0.981325	2.81624	1.1265	0.941438	0	0	0	0	0	0	0	0	
0.42	1.01899	0.0824734	1.14732	0.981364	2.81485	1.12594	0.941798	0	0	0	0	0	0	0	0	
0.421	1.01898	0.0822566	1.14672	0.981375	2.81339	1.12536	0.942172	0	0	0	0	0	0	0	0	
0.422	1.019	0.0820422	1.14611	0.981355	2.81186	1.12474	0.94256	0	0	0	0	0	0	0	0	
0.423	1.01904	0.08183	1.14552	0.981314	2.81028	1.12411	0.942957	0	0	0	0	0	0	0	0	
0.424	1.01909	0.0816201	1.14492	0.981268	2.80869	1.12348	0.943355	0	0	0	0	0	0	0	0	
0.425	1.01913	0.0814124	1.14434	0.98123	2.80715	1.12286	0.943746	0	0	0	0	0	0	0	0	
0.426	1.01915	0.0812071	1.14376	0.981212	2.80566	1.12227	0.944125	0	0	0	0	0	0	0	0	
0.427	1.01915	0.0810041	1.14318	0.981214	2.80425	1.1217	0.944491	0	0	0	0	0	0	0	0	
0.428	1.01913	0.0808036	1.1426	0.981233	2.8029	1.12116	0.944845	0	0	0	0	0	0	0	0	
0.429	1.01909	0.0806056	1.14204	0.981265	2.8016	1.12064	0.94519	0	0	0	0	0	0	0	0	
0.43	1.01905	0.0804102	1.14147	0.981305	2.80033	1.12013	0.94553	0	0	0	0	0	0	0	0	
0.431	1.019	0.0802173	1.14091	0.981351	2.79909	1.11963	0.945864	0	0	0	0	0	0	0	0	
0.432	1.01895	0.0800269	1.14035	0.981403	2.79787	1.11915	0.946193	0	0	0	0	0	0	0	0	
0.433	1.01889	0.0798392	1.1398	0.981457	2.79667	1.11867	0.94652	0	0	0	0	0	0	0	0	
0.434	1.01884	0.0796539	1.13925	0.981505	2.79546	1.11818	0.946848	0	0	0	0	0	0	0	0	
0.435	1.01882	0.0794711	1.13871	0.981531	2.7942	1.11768	0.947185	0	0	0	0	0	0	0	0	
0.436	1.01882	0.0792907	1.13817	0.981524	2.79285	1.11714	0.947537	0	0	0	0	0	0	0	0	
0.437	1.01888	0.0791125	1.13763	0.981473	2.79139	1.11656	0.94791	0	0	0	0	0	0	0	0	
0.438	1.01897	0.0789362	1.1371	0.981379	2.78981	1.11593	0.948303	0	0	0	0	0	0	0	0	
0.439	1.0191	0.0787618	1.13657	0.981255	2.78816	1.11527	0.948708	0	0	0	0	0	0	0	0	
0.44	1.01924	0.0785892	1.13604	0.981126	2.7865	1.1146	0.949116	0	0	0	0	0	0	0	0	
0.441	1.01935	0.0784184	1.13552	0.981019	2.78492	1.11397	0.949509	0	0	0	0	0	0	0	0	
0.442	1.01941	0.0782493	1.135	0.980962	2.78349	1.11339	0.949877	0	0	0	0	0	0	0	0	
0.443	1.0194	0.0780823	1.13449	0.980967	2.78224	1.1129	0.950213	0	0	0	0	0	0	0	0	
0.444	1.01933	0.0779173	1.13398	0.981035	2.78118	1.11247	0.950515	0	0	0	0	0	0	0	0	
0.445	1.01921	0.0777545	1.13347	0.981148	2.78025	1.1121	0.950794	0	0	0	0	0	0	0	0	
0.446	1.01908	0.077594	1.13297	0.981281	2.77939	1.11176	0.951061	0	0	0	0	0	0	0	0	
0.447	1.01895	0.0774355	1.13247	0.981406	2.77852	1.11141	0.95133	0	0	0	0	0	0	0	0	
0.448	1.01885	0.0772791	1.13197	0.9815	2.77757	1.11103	0.951613	0	0	0	0	0	0	0	0	
0.449	1.0188	0.0771245	1.13148	0.981551	2.7765	1.1106	0.951915	0	0	0	0	0	0	0	0	
0.45	1.01879	0.0769714	1.13099	0.981555	2.77532	1.11013	0.952239	0	0	0	0	0	0	0	0	
0.451	1.01883	0.0768197	1.1305	0.981519	2.77402	1.10961	0.952579	0	0	0	0	0	0	0	0	
0.452	1.0189	0.0766692	1.13002	0.981454	2.77266	1.10906	0.952933	0	0	0	0	0	0	0	0	
0.453	1.01898	0.0765196	1.12954	0.98137	2.77125	1.1085	0.953293	0	0	0	0	0	0	0	0	
0.454	1.01908	0.076371	1.12907	0.981273	2.76982	1.10793	0.953658	0	0	0	0	0	0	0	0	
0.455	1.01919	0.0762231	1.1286	0.981168	2.76837	1.10735	0.954025	0	0	0	0	0	0	0	0	
0.456	1.01931	0.0760759	1.12814	0.981052	2.7669	1.10676	0.954394	0	0	0	0	0	0	0	0	
0.457	1.01945	0.0759294	1.12767	0.980924	2.76541	1.10616	0.954767	0	0	0	0	0	0	0	0	
0.458	1.0196	0.0757833	1.12722	0.98078	2.76388	1.10555	0.955145	0	0	0	0	0	0	0	0	
0.459	1.01976	0.0756377	1.12676	0.980622	2.76232	1.10493	0.955528	0	0	0	0	0	0	0	0	
0.46	1.01994	0.0754926	1.12631	0.980453	2.76074	1.1043	0.955912	0	0	0	0	0	0	0	0	
0.461	1.02011	0.0753478	1.12587	0.980289	2.75919	1.10368	0.956293	0	0	0	0	0	0	0	0	
0.462	1.02026	0.0752036	1.12543	0.980147	2.75771	1.10308	0.956662	0	0	0	0	0	0	0	0	
0.463	1.02036	0.0750599	1.12499	0.980051	2.75636	1.10254	0.957009	0	0	0	0	0	0	0	0	
0.464	1.02039	0.0749171	1.12455	0.98002	2.75521	1.10208	0.957324	0	0	0	0	0	0	0	0	
0.465	1.02034	0.0747753	1.12412	0.980067	2.75429	1.10172	0.957605	0	0	0	0	0	0	0	0	
0.466	1.02021	0.0746348	1.1237	0.980189	2.75358	1.10143	0.957851	0	0	0	0	0	0	0	0	
0.467	1.02002	0.0744958	1.12327	0.980369	2.75305	1.10122	0.95807	0	0	0	0	0	0	0	0	
0.468	1.01981	0.0743586	1.12285	0.980579	2.75261	1.10104	0.958275	0	0	0	0	0	0	0	0	
0.469	1.0196	0.0742231	1.12243	0.980781	2.75216	1.10086	0.958481	0	0	0	0	0	0	0	0	
0.47	1.01943	0.0740893	1.12202	0.980942	2.75159	1.10064	0.958705	0	0	0	0	0	0	0	0	
0.471	1.01933	0.0739571	1.12161	0.981034	2.75084	1.10034	0.958958	0	0	0	0	0	0	0	0	
0.472	1.01933	0.0738262	1.1212	0.98104	2.74985	1.09994	0.959247	0	0	0	0	0	0	0	0	
0.473	1.01941	0.0736965	1.12079	0.980958	2.74863	1.09945	0.959572	0	0	0	0	0	0	0	0	
0.474	1.01958	0.0735677	1.12039	0.9808	2.74719	1.09888	0.959929	0	0	0	0	0	0	0	0	
0.475	1.01979	0.0734396	1.11999	0.980591	2.74562	1.09825	0.960306	0	0	0	0	0	0	0	0	
0.476	1.02003	0.0733121	1.11959	0.980367	2.74401	1.0976	0.960688	0	0	0	0	0	0	0	0	
0.477	1.02024	0.0731852	1.11919	0.980166	2.74248	1.09699	0.96106	0	0	0	0	0	0	0	0	
0.478	1.02038	0.0730591	1.11879	0.980024	2.74111	1.09644	0.961406	0	0	0	0	0	0	0	0	
0.479	1.02045	0.0729339	1.1184	0.979957	2.73997	1.09599	0.961719	0	0	0	0	0	0	0	0	
0.48	1.02045	0.0728097	1.11801	0.979964	2.73903	1.09561	0.962001	0	0	0	0	0	0	0	0	
0.481	1.02039	0.0726868	1.11763	0.980019	2.73824	1.09529	0.962261	0	0	0	0	0	0	0	0	
0.482	1.02032	0.0725651	1.11724	0.980081	2.73747	1.09499	0.962517	0	0	0	0	0	0	0	0	
0.483	1.0203	0.0724447	1.11686	0.980109	2.73661	1.09464	0.962786	0	0	0	0	0	0	0	0	
0.484	1.02033	0.0723253	1.11648	0.980073	2.73558	1.09423	0.963078	0	0	0	0	0	0	0	0	
0.485	1.02044	0.0722068	1.1161	0.979968	2.73436	1.09374	0.963397	0	0	0	0	0	0	0	0	
0.486	1.0206	0.072089	1.11573	0.979815	2.73301	1.0932	0.963734	0	0	0	0	0	0	0	0	
0.487	1.02077	0.071972	1.11535	0.979655	2.73165	1.09266	0.964074	0	0	0	0	0	0	0	0	
0.488	1.02089	0.0718558	1.11498	0.979536	2.73041	1.09216	0.964397	0	0	0	0	0	0	0	0	
0.489	1.02094	0.0717404	1.11461	0.979494	2.72939	1.09176	0.964689	0	0	0	0	0	0	0	0	
0.49	1.02088	0.0716263	1.11424	0.979544	2.72863	1.09145	0.964945	0	0	0	0	0	0	0	0	
0.491	1.02075	0.0715135	1.11388	0.979673	2.72809	1.09124	0.96517	0	0	0	0	0	0	0	0	
0.492	1.02057	0.0714023	1.11352	0.979844	2.72768	1.09107	0.965377	0	0	0	0	0	0	0	0	
0.493	1.0204	0.0712927	1.11316	0.980007	2.72725	1.0909	0.965587	0	0	0	0	0	0	0	0	
0.494	1.02029	0.0711845	1.1128	0.980113	2.72667	1.09067	0.965817	0	0	0	0	0	0	0	0	
0.495	1.02028	0.0710777	1.11244	0.980127	2.72583	1.09033	0.966081	0	0	0	0	0	0	0	0	
0.496	1.02037	0.070972	1.11208	0.980037	2.72471	1.08988	0.966383	0	0	0	0	0	0	0	0	
0.497	1.02056	0.070867	1.11173	0.979856	2.72334	1.08933	0.966717	0	0	0	0	0	0	0	0	
0.498	1.02081	0.0707627	1.11138	0.979618	2.72181	1.08872	0.967073	0	0	0	0	0	0	0	0	
0.499	1.02107	0.0706589	1.11103	0.979369	2.72026	1.0881	0.967431	0	0	0	0	0	0	0	0	
0.5	1.02129	0.0705556	1.11068	0.979152	2.7188	1.08752	0.967777	0	0	0	0	0	0	0	0	
0.501	1.02144	0.0704531	1.11033	0.979007	2.71755	1.08702	0.968097	0	0	0	0	0	0	0	0	
0.502	1.0215	0.0703514	1.10998	0.978953	2.71655	1.08662	0.968382	0	0	0	0	0	0	0	0	
0.503	1.02146	0.0702509	1.10964	0.978992	2.71582	1.08633	0.968634	0	0	0	0	0	0	0	0	
0.504	1.02134	0.0701515	1.1093	0.979107	2.7153	1.08612	0.968858	0	0	0	0	0	0	0	0	
0.505	1.02118	0.0700536	1.10896	0.979263	2.7149	1.08596	0.969067	0	0	0	0	0	0	0	0	
0.506	1.02102	0.0699571	1.10862	0.979417	2.7145	1.0858	0.969275	0	0	0	0	0	0	0	0	
0.507	1.0209	0.0698618	1.10828	0.97953	2.71398	1.08559	0.969497	0	0	0	0	0	0	0	0	
0.508	1.02085	0.0697677	1.10795	0.979572	2.71328	1.08531	0.969743	0	0	0	0	0	0	0	0	
0.509	1.0209	0.0696745	1.10761	0.97953	2.71235	1.08494	0.970017	0	0	0	0	0	0	0	0	
0.51	1.02102	0.069582	1.10728	0.979409	2.7112	1.08448	0.970317	0	0	0	0	0	0	0	0	
0.511	1.02122	0.0694899	1.10695	0.979223	2.70988	1.08395	0.970638	0	0	0	0	0	0	0	0	
0.512	1.02145	0.0693981	1.10662	0.978998	2.70845	1.08338	0.970971	0	0	0	0	0	0	0	0	
0.513	1.0217	0.0693065	1.1063	0.97876	2.707	1.0828	0.971307	0	0	0	0	0	0	0	0	
0.514	1.02193	0.069215	1.10597	0.978536	2.70558	1.08223	0.971637	0	0	0	0	0	0	0	0	
0.515	1.02212	0.0691237	1.10565	0.978356	2.7043	1.08172	0.971952	0	0	0	0	0	0	0	0	
0.516	1.02224	0.0690327	1.10533	0.978247	2.70321	1.08128	0.972243	0	0	0	0	0	0	0	0	
0.517	1.02226	0.0689421	1.10501	0.978227	2.70238	1.08095	0.972505	0	0	0	0	0	0	0	0	
0.518	1.02218	0.0688523	1.1047	0.978305	2.70182	1.08073	0.972734	0	0	0	0	0	0	0	0	
0.519	1.02201	0.0687632	1.10438	0.978466	2.7015	1.0806	0.972937	0	0	0	0	0	0	0	0	
0.52	1.02178	0.0686752	1.10407	0.97868	2.70133	1.08053	0.973123	0	0	0	0	0	0	0	0	
0.521	1.02155	0.0685883	1.10376	0.978905	2.70119	1.08048	0.973305	0	0	0	0	0	0	0	0	
0.522	1.02135	0.0685025	1.10345	0.979095	2.70097	1.08039	0.973497	0	0	0	0	0	0	0	0	
0.523	1.02122	0.0684177	1.10315	0.979218	2.70056	1.08022	0.97371	0	0	0	0	0	0	0	0	
0.524	1.02119	0.0683338	1.10284	0.979252	2.69991	1.07996	0.973949	0	0	0	0	0	0	0	0	
0.525	1.02124	0.0682508	1.10254	0.979199	2.69902	1.07961	0.974215	0	0	0	0	0	0	0	0	
0.526	1.02137	0.0681684	1.10224	0.979074	2.69794	1.07917	0.974503	0	0	0	0	0	0	0	0	
0.527	1.02155	0.0680866	1.10194	0.978902	2.69673	1.07869	0.974803	0	0	0	0	0	0	0	0	
0.528	1.02175	0.0680056	1.10164	0.978711	2.69547	1.07819	0.975109	0	0	0	0	0	0	0	0	
0.529	1.02195	0.0679252	1.10134	0.978525	2.69423	1.07769	0.975412	0	0	0	0	0	0	0	0	
0.53	1.02212	0.0678457	1.10104	0.97836	2.69304	1.07722	0.975708	0	0	0	0	0	0	0	0	
0.531	1.02226	0.0677671	1.10075	0.978223	2.69194	1.07678	0.975996	0	0	0	0	0	0	0	0	
0.532	1.02238	0.0676895	1.10045	0.97811	2.6909	1.07636	0.976275	0	0	0	0	0	0	0	0	
0.533	1.02248	0.0676131	1.10015	0.978017	2.68992	1.07597	0.976548	0	0	0	0	0	0	0	0	
0.534	1.02256	0.0675377	1.09986	0.977935	2.68897	1.07559	0.976816	0	0	0	0	0	0	0	0	
0.535	1.02264	0.0674633	1.09956	0.977858	2.68804	1.07522	0.977083	0	0	0	0	0	0	0	0	
0.536	1.02272	0.06739	1.09927	0.977782	2.68711	1.07485	0.977348	0	0	0	0	0	0	0	0	
0.537	1.0228	0.0673175	1.09898	0.977704	2.68618	1.07447	0.977613	0	0	0	0	0	0	0	0	
0.538	1.02288	0.0672458	1.09868	0.97763	2.68526	1.07411	0.977877	0	0	0	0	0	0	0	0	
0.539	1.02294	0.0671747	1.09839	0.977573	2.6844	1.07376	0.978136	0	0	0	0	0	0	0	0	
0.54	1.02297	0.0671042	1.0981	0.97755	2.68362	1.07345	0.978385	0	0	0	0	0	0	0	0	
0.541	1.02295	0.0670341	1.09781	0.977562	2.68295	1.07318	0.978624	0	0	0	0	0	0	0	0	
0.542	1.02292	0.0669644	1.09753	0.977593	2.68234	1.07293	0.978858	0	0	0	0	0	0	0	0	
0.543	1.0229	0.0668949	1.09724	0.977611	2.68169	1.07268	0.979095	0	0	0	0	0	0	0	0	
0.544	1.02292	0.0668254	1.09696	0.977594	2.68095	1.07238	0.979339	0	0	0	0	0	0	0	0	
0.545	1.02298	0.0667558	1.09668	0.97754	2.68012	1.07205	0.979592	0	0	0	0	0	0	0	0	
0.546	1.02305	0.066686	1.0964	0.977468	2.67925	1.0717	0.979849	0	0	0	0	0	0	0	0	
0.547	1.02312	0.0666158	1.09613	0.977398	2.67838	1.07135	0.980106	0	0	0	0	0	0	0	0	
0.548	1.02318	0.0665453	1.09585	0.977341	2.67756	1.07102	0.980359	0	0	0	0	0	0	0	0	
0.549	1.02323	0.0664747	1.09558	0.977302	2.67679	1.07072	0.980607	0	0	0	0	0	0	0	0	
0.55	1.02324	0.0664039	1.09532	0.977284	2.67609	1.07043	0.980849	0	0	0	0	0	0	0	0	
0.551	1.02324	0.0663333	1.09505	0.977287	2.67544	1.07018	0.981086	0	0	0	0	0	0	0	0	
0.552	1.02323	0.0662629	1.09478	0.977302	2.67484	1.06993	0.981319	0	0	0	0	0	0	0	0	
0.553	1.02321	0.066193	1.09452	0.977316	2.67423	1.06969	0.981553	0	0	0	0	0	0	0	0	
0.554	1.0232	0.0661237	1.09426	0.977322	2.67361	1.06944	0.981788	0	0	0	0	0	0	0	0	
0.555	1.02321	0.0660552	1.094	0.97732	2.67296	1.06919	0.982024	0	0	0	0	0	0	0	0	
0.556	1.02322	0.0659877	1.09374	0.977311	2.6723	1.06892	0.982262	0	0	0	0	0	0	0	0	
0.557	1.02323	0.0659212	1.09348	0.977295	2.67162	1.06865	0.982501	0	0	0	0	0	0	0	0	
0.558	1.02325	0.0658559	1.09322	0.977279	2.67094	1.06838	0.982741	0	0	0	0	0	0	0	0	
0.559	1.02325	0.0657917	1.09296	0.977283	2.67032	1.06813	0.982976	0	0	0	0	0	0	0	0	
0.56	1.02319	0.0657288	1.0927	0.977332	2.66982	1.06793	0.983202	0	0	0	0	0	0	0	0	
0.561	1.0231	0.0656671	1.09244	0.977426	2.66944	1.06778	0.983418	0	0	0	0	0	0	0	0	
0.562	1.023	0.0656066	1.09218	0.977521	2.66907	1.06763	0.983634	0	0	0	0	0	0	0	0	
0.563	1.02295	0.065547	1.09192	0.977561	2.66855	1.06742	0.98386	0	0	0	0	0	0	0	0	
0.564	1.023	0.065488	1.09166	0.97752	2.66781	1.06712	0.984103	0	0	0	0	0	0	0	0	
0.565	1.0231	0.0654293	1.09141	0.977419	2.6669	1.06676	0.984358	0	0	0	0	0	0	0	0	
0.566	1.02323	0.0653705	1.09115	0.977299	2.66596	1.06638	0.984616	0	0	0	0	0	0	0	0	
0.567	1.02334	0.0653116	1.0909	0.977196	2.66506	1.06602	0.984871	0	0	0	0	0	0	0	0	
0.568	1.02342	0.0652525	1.09065	0.977118	2.66423	1.06569	0.985121	0	0	0	0	0	0	0	0	
0.569	1.02348	0.0651932	1.0904	0.977061	2.66347	1.06539	0.985366	0	0	0	0	0	0	0	0	
0.57	1.02352	0.0651338	1.09015	0.977018	2.66275	1.0651	0.985607	0	0	0	0	0	0	0	0	
0.571	1.02354	0.0650744	1.08991	0.977002	2.6621	1.06484	0.985844	0	0	0	0	0	0	0	0	
0.572	1.0235	0.0650155	1.08966	0.97704	2.66161	1.06464	0.98607	0	0	0	0	0	0	0	0	
0.573	1.02338	0.0649575	1.08942	0.977155	2.66133	1.06453	0.986284	0	0	0	0	0	0	0	0	
0.574	1.02318	0.0649008	1.08918	0.977342	2.66125	1.0645	0.986486	0	0	0	0	0	0	0	0	
0.575	1.02295	0.0648459	1.08893	0.977568	2.66127	1.06451	0.986681	0	0	0	0	0	0	0	0	
0.576	1.02273	0.0647929	1.08869	0.977777	2.66124	1.0645	0.98688	0	0	0	0	0	0	0	0	
0.577	1.0226	0.0647417	1.08845	0.977896	2.66097	1.06439	0.987094	0	0	0	0	0	0	0	0	
0.578	1.02263	0.0646921	1.0882	0.977874	2.66031	1.06412	0.987331	0	0	0	0	0	0	0	0	
0.579	1.02278	0.0646434	1.08796	0.977725	2.65931	1.06372	0.98759	0	0	0	0	0	0	0	0	
0.58	1.023	0.0645952	1.08771	0.977517	2.65814	1.06326	0.987857	0	0	0	0	0	0	0	0	
0.581	1.02322	0.064547	1.08747	0.977308	2.65698	1.06279	0.988125	0	0	0	0	0	0	0	0	
0.582	1.02343	0.0644985	1.08723	0.977107	2.65584	1.06234	0.98839	0	0	0	0	0	0	0	0	
0.583	1.02364	0.0644495	1.08699	0.976907	2.65471	1.06189	0.988653	0	0	0	0	0	0	0	0	
0.584	1.02382	0.0644	1.08675	0.97673	2.65365	1.06146	0.988911	0	0	0	0	0	0	0	0	
0.585	1.02394	0.0643503	1.08651	0.976622	2.65278	1.06111	0.989159	0	0	0	0	0	0	0	0	
0.586	1.02395	0.0643005	1.08628	0.976609	2.65217	1.06087	0.989393	0	0	0	0	0	0	0	0	
0.587	1.0239	0.0642511	1.08604	0.976658	2.65173	1.06069	0.989617	0	0	0	0	0	0	0	0	
0.588	1.02386	0.0642022	1.08581	0.976699	2.65128	1.06051	0.989842	0	0	0	0	0	0	0	0	
0.589	1.02387	0.0641537	1.08558	0.976683	2.65067	1.06027	0.990075	0	0	0	0	0	0	0	0	
0.59	1.02394	0.0641054	1.08535	0.976618	2.64993	1.05997	0.990313	0	0	0	0	0	0	0	0	
0.591	1.02402	0.0640573	1.08512	0.976547	2.64917	1.05967	0.990553	0	0	0	0	0	0	0	0	
0.592	1.02408	0.0640094	1.08489	0.976491	2.64846	1.05939	0.99079	0	0	0	0	0	0	0	0	
0.593	1.02415	0.063962	1.08466	0.97642	2.64772	1.05909	0.991028	0	0	0	0	0	0	0	0	
0.594	1.02426	0.0639151	1.08444	0.976313	2.64687	1.05875	0.99127	0	0	0	0	0	0	0	0	
0.595	1.0244	0.063869	1.08421	0.976181	2.64596	1.05838	0.991514	0	0	0	0	0	0	0	0	
0.596	1.02454	0.0638236	1.08398	0.976052	2.64505	1.05802	0.991757	0	0	0	0	0	0	0	0	
0.597	1.02463	0.0637787	1.08375	0.975963	2.64426	1.0577	0.991996	0	0	0	0	0	0	0	0	
0.598	1.02469	0.0637339	1.08353	0.975903	2.64355	1.05742	0.992231	0	0	0	0	0	0	0	0	
0.599	1.02473	0.0636887	1.08331	0.975868	2.64291	1.05716	0.992462	0	0	0	0	0	0	0	0	
0.6	1.02472	0.063643	1.08308	0.975876	2.64239	1.05696	0.99269	0	0	0	0	0	0	0	0	
0.601	1.02465	0.0635972	1.08286	0.975944	2.64204	1.05681	0.992911	0	0	0	0	0	0	0	0	
0.602	1.02462	0.0635522	1.08265	0.975972	2.64158	1.05663	0.993136	0	0	0	0	0	0	0	0	
0.603	1.02471	0.0635092	1.08242	0.975887	2.64081	1.05632	0.993371	0	0	0	0	0	0	0	0	
0.604	1.02483	0.0634692	1.0822	0.975776	2.63996	1.05598	0.993608	0	0	0	0	0	0	0	0	
0.605	1.02491	0.0634322	1.08197	0.975695	2.63919	1.05568	0.993843	0	0	0	0	0	0	0	0	
0.606	1.025	0.0633966	1.08174	0.975612	2.63841	1.05536	0.994077	0	0	0	0	0	0	0	0	
0.607	1.02507	0.0633592	1.08152	0.975539	2.63766	1.05506	0.99431	0	0	0	0	0	0	0	0	
0.608	1.02505	0.0633164	1.0813	0.975562	2.6372	1.05488	0.994535	0	0	0	0	0	0	0	0	
0.609	1.02501	0.063265	1.0811	0.975596	2.6368	1.05472	0.994759	0	0	0	0	0	0	0	0	
0.61	1.02517	0.063204	1.08092	0.975451	2.63595	1.05438	0.994994	0	0	0	0	0	0	0	0	
0.611	1.02527	0.0631352	1.08074	0.975356	2.63527	1.05411	0.995225	0	0	0	0	0	0	0	0	
0.612	1.02523	0.0630635	1.08058	0.975394	2.63497	1.05399	0.995448	0	0	0	0	0	0	0	0	
0.613	1.02543	0.0629949	1.0804	0.9752	2.63402	1.05361	0.995683	0	0	0	0	0	0	0	0	
0.614	1.02548	0.0629348	1.08022	0.975152	2.63345	1.05338	0.995912	0	0	0	0	0	0	0	0	
0.615	1.02519	0.0628865	1.08002	0.975426	2.63371	1.05348	0.996124	0	0	0	0	0	0	0	0	
0.616	1.02503	0.0628495	1.07981	0.975582	2.63361	1.05344	0.996343	0	0	0	0	0	0	0	0	
0.617	1.02508	0.062821	1.07958	0.975533	2.63292	1.05317	0.996573	0	0	0	0	0	0	0	0	
0.618	1.02515	0.0627967	1.07935	0.975472	2.6322	1.05288	0.996804	0	0	0	0	0	0	0	0	
0.619	1.0254	0.0627703	1.07913	0.975228	2.63099	1.0524	0.997041	0	0	0	0	0	0	0	0	
0.62	1.02593	0.0627382	1.07891	0.974723	2.6291	1.05164	0.997286	0	0	0	0	0	0	0	0	
0.621	1.02558	0.0627121	1.07869	0.975062	2.62946	1.05179	0.997502	0	0	0	0	0	0	0	0	
0.622	1.02476	0.0627132	1.07842	0.975837	2.63091	1.05237	0.997706	0	0	0	0	0	0	0	0	
0.623	1.02517	0.0627395	1.07812	0.975451	2.62914	1.05166	0.997945	0	0	0	0	0	0	0	0	
0.624	1.02524	0.062779	1.07781	0.975377	2.62817	1.05127	0.998176	0	0	0	0	0	0	0	0	
0.625	1.02535	0.0628971	1.07737	0.975275	2.62684	1.05074	0.998408	0	0	0	0	0	0	0	0	
0.626	1.02598	0.0631354	1.07676	0.974679	2.62374	1.0495	0.99865	0	0	0	0	0	0	0	0	
0.627	1.02541	0.0630323	1.07664	0.975223	2.6249	1.04996	0.998867	0	0	0	0	0	0	0	0	
0.628	1.02643	0.0619097	1.07789	0.974252	2.62534	1.05014	0.999093	0	0	0	0	0	0	0	0	
0.629	1.0256	0.0608447	1.07815	0.975035	2.62808	1.05123	0.999309	0	0	0	0	0	0	0	0	
0.63	1.02069	0.060541	1.07083	0.979728	2.62282	1.04913	0.999534	0	0	0	0	0	0	0	0	
0.631	1.0031	0.0421482	1.04329	0.996912	2.60017	1.04007	0.999758	0	0	0	0	0	0	0	0	
0.632	0.927537	-0.0810636	0.929155	1.07812	2.50436	1.00174	0.99993	0	0	0	0	0	0	0	0	
0.633	0.755395	-0.289401	0.693547	1.32381	2.29531	0.918125	0.999992	0	0	0	0	0	0	0	0	
0.634	0.260852	-1.34937	0.0990255	3.83358	0.949057	0.379623	1	0	0	0	0	0	0	0	0	
0.635	0.259259	-1.35769	0.0967742	3.85715	0.933181	0.373272	1	0	0	0	0	0	0	0	0	
0.636	0.259259	-1.35769	0.0967742	3.85715	0.933181	0.373272	1	0	0	0	0	0	0	0	0	
0.637	0.259259	-1.35769	0.0967742	3.85715	0.933181	0.373272	1	0	0	0	0	0	0	0	0	
0.638	0.259259	-1.35769	0.0967742	3.85715	0.933181	0.373272	1	0	0	0	0	0	0	0	0	
0.639	0.259259	-1.35769	0.0967742	3.85715	0.933181	0.373272	1	0	0	0	0	0	0	0	0	
0.64	0.259259	-1.35769	0.0967742	3.85715	0.933181	0.373272	1	0	0	0	0	0	0	0	0	
0.641	0.259259	-1.35769	0.0967742	3.85715	0.933181	0.373272	1	0	0	0	0	0	0	0	0	
0.642	0.259259	-1.35769	0.0967742	3.85715	0.933181	0.373272	1	0	0	0	0	0	0	0	0	
0.643	0.259259	-1.35769	0.0967742	3.85715	0.933181	0.373272	1	0	0	0	0	0	0	0	0	
0.644	0.259259	-1.35769	0.0967742	3.85715	0.933181	0.373272	1	0	0	0	0	0	0	0	0	
0.645	0.259259	-1.35769	0.0967742	3.85715	0.933181	0.373272	1	0	0	0	0	0	0	0	0	
0.646	0.259259	-1.35769	0.0967742	3.85715	0.933181	0.373272	1	0	0	0	0	0	0	0	0	
0.647	0.259259	-1.35769	0.0967742	3.85715	0.933181	0.373272	1	0	0	0	0	0	0	0	0	
0.648	0.259259	-1.35769	0.0967742	3.85715	0.933181	0.373272	1	0	0	0	0	0	0	0	0	
0.649	0.259259	-1.35769	0.0967742	3.85715	0.933181	0.373272	1	0	0	0	0	0	0	0	0	
0.65	0.259259	-1.35769	0.0967742	3.85715	0.933181	0.373272	1	0	0	0	0	0	0	0	0	
0.651	0.259259	-1.35769	0.0967742	3.85715	0.933181	0.373272	1	0	0	0	0	0	0	0	0	
0.652	0.259259	-1.35769	0.0967742	3.85715	0.933181	0.373272	1	0	0	0	0	0	0	0	0	
0.653	0.259259	-1.35769	0.0967742	3.85715	0.933181	0.373272	1	0	0	0	0	0	0	0	0	
0.654	0.259259	-1.35769	0.0967742	3.85715	0.933181	0.373272	1	0	0	0	0	0	0	0	0	
0.655	0.259259	-1.35769	0.0967742	3.85715	0.933181	0.373272	1	0	0	0	0	0	0	0	0	
0.656	0.259259	-1.35769	0.0967742	3.85715	0.933181	0.373272	1	0	0	0	0	0	0	0	0	
0.657	0.259259	-1.35769	0.0967742	3.85715	0.933181	0.373272	1	0	0	0	0	0	0	0	0	
0.658	0.259259	-1.35769	0.0967742	3.85715	0.933181	0.373272	1	0	0	0	0	0	0	0	0	
0.659	0.259259	-1.35769	0.0967742	3.85715	0.933181	0.373272	1	0	0	0	0	0	0	0	0	
0.66	0.259259	-1.35769	0.0967742	3.85715	0.933181	0.373272	1	0	0	0	0	0	0	0	0	
0.661	0.259259	-1.35769	0.0967742	3.85715	0.933181	0.373272	1	0	0	0	0	0	0	0	0	
0.662	0.259259	-1.35769	0.0967742	3.85715	0.933181	0.373272	1	0	0	0	0	0	0	0	0	
0.663	0.259259	-1.35769	0.0967742	3.85715	0.933181	0.373272	1	0	0	0	0	0	0	0	0	
0.664	0.259259	-1.35769	0.0967742	3.85715	0.933181	0.373272	1	0	0	0	0	0	0	0	0	
0.665	0.259259	-1.35769	0.0967742	3.85715	0.933181	0.373272	1	0	0	0	0	0	0	0	0	
0.666	0.259259	-1.35769	0.0967742	3.85715	0.933181	0.373272	1	0	0	0	0	0	0	0	0	
0.667	0.259259	-1.35769	0.0967742	3.85715	0.933181	0.373272	1	0	0	0	0	0	0	0	0	
0.668	0.259259	-1.35769	0.0967742	3.85715	0.933181	0.373272	1	0	0	0	0	0	0	0	0	
0.669	0.259259	-1.35769	0.0967742	3.85715	0.933181	0.373272	1	0	0	0	0	0	0	0	0	
0.67	0.259259	-1.35769	0.0967742	3.85715	0.933181	0.373272	1	0	0	0	0	0	0	0	0	
0.671	0.259259	-1.35769	0.0967742	3.85715	0.933181	0.373272	1	0	0	0	0	0	0	0	0	
0.672	0.259259	-1.35769	0.0967742	3.85715	0.933181	0.373272	1	0	0	0	0	0	0	0	0	
0.673	0.259259	-1.35769	0.0967742	3.85715	0.933181	0.373272	1	0	0	0	0	0	0	0	0	
0.674	0.259259	-1.35769	0.0967742	3.85715	0.933181	0.373272	1	0	0	0	0	0	0	0	0	
0.675	0.259259	-1.35769	0.0967742	3.85715	0.933181	0.373272	1	0	0	0	0	0	0	0	0	
0.676	0.259259	-1.35769	0.0967742	3.85715	0.933181	0.373272	1	0	0	0	0	0	0	0	0	
0.677	0.259259	-1.35769	0.0967742	3.85715	0.933181	0.373272	1	0	0	0	0	0	0	0	0	
0.678	0.259259	-1.35769	0.0967742	3.85715	0.933181	0.373272	1	0	0	0	0	0	0	0	0	
0.679	0.259259	-1.35769	0.0967742	3.85715	0.933181	0.373272	1	0	0	0	0	0	0	0	0	
0.68	0.259259	-1.35769	0.0967742	3.85715	0.933181	0.373272	1	0	0	0	0	0	0	0	0	
0.681	0.259259	-1.35769	0.0967742	3.85715	0.933181	0.373272	1	0	0	0	0	0	0	0	0	
0.682	0.259259	-1.35769	0.0967742	3.85715	0.933181	0.373272	1	0	0	0	0	0	0	0	0	
0.683	0.259259	-1.35769	0.0967742	3.85715	0.933181	0.373272	1	0	0	0	0	0	0	0	0	
0.684	0.259259	-1.35769	0.0967742	3.85715	0.933181	0.373272	1	0	0	0	0	0	0	0	0	
0.685	0.259259	-1.35769	0.0967742	3.85715	0.933181	0.373272	1	0	0	0	0	0	0	0	0	
0.686	0.259259	-1.35769	0.0967742	3.85715	0.933181	0.373272	1	0	0	0	0	0	0	0	0	
0.687	0.259259	-1.35769	0.0967742	3.85715	0.933181	0.373272	1	0	0	0	0	0	0	0	0	
0.688	0.259259	-1.35769	0.0967742	3.85715	0.933181	0.373272	1	0	0	0	0	0	0	0	0	
0.689	0.259259	-1.35769	0.0967742	3.85715	0.933181	0.373272	1	0	0	0	0	0	0	0	0	
0.69	0.259259	-1.35769	0.0967742	3.85715	0.933181	0.373272	1	0	0	0	0	0	0	0	0	
0.691	0.259259	-1.35769	0.0967742	3.85715	0.933181	0.373272	1	0	0	0	0	0	0	0	0	
0.692	0.259259	-1.35769	0.0967742	3.85715	0.933181	0.373272	1	0	0	0	0	0	0	0	0	
0.693	0.259259	-1.35769	0.0967742	3.85715	0.933181	0.373272	1	0	0	0	0	0	0	0	0	
0.694	0.259259	-1.35769	0.0967742	3.85715	0.933181	0.373272	1	0	0	0	0	0	0	0	0	
0.695	0.259259	-1.35769	0.0967742	3.85715	0.933181	0.373272	1	0	0	0	0	0	0	0	0	
0.696	0.259259	-1.35769	0.0967742	3.85715	0.933181	0.373272	1	0	0	0	0	0	0	0	0	
0.697	0.259259	-1.35769	0.0967742	3.85715	0.933181	0.373272	1	0	0	0	0	0	0	0	0	
0.698	0.259259	-1.35769	0.0967742	3.85715	0.933181	0.373272	1	0	0	0	0	0	0	0	0	
0.699	0.259259	-1.35769	0.0967742	3.85715	0.933181	0.373272	1	0	0	0	0	0	0	0	0	
0.7	0.259259	-1.35769	0.0967742	3.85715	0.933181	0.373272	1	0	0	0	0	0	0	0	0	
0.701	0.259259	-1.35769	0.0967742	3.85715	0.933181	0.373272	1	0	0	0	0	0	0	0	0	
0.702	0.259259	-1.35769	0.0967742	3.85715	0.933181	0.373272	1	0	0	0	0	0	0	0	0	
0.703	0.259259	-1.35769	0.0967742	3.85715	0.933181	0.373272	1	0	0	0	0	0	0	0	0	
0.704	0.259259	-1.35769	0.0967742	3.85715	0.933181	0.373272	1	0	0	0	0	0	0	0	0	
0.705	0.259259	-1.35769	0.0967742	3.85715	0.933181	0.373272	1	0	0	0	0	0	0	0	0	
0.706	0.259259	-1.35769	0.0967742	3.85715	0.933181	0.373272	1	0	0	0	0	0	0	0	0	
0.707	0.259259	-1.35769	0.0967742	3.85715	0.933181	0.373272	1	0	0	0	0	0	0	0	0	
0.708	0.259259	-1.35769	0.0967742	3.85715	0.933181	0.373272	1	0	0	0	0	0	0	0	0	
0.709	0.259259	-1.35769	0.0967742	3.85715	0.933181	0.373272	1	0	0	0	0	0	0	0	0	
0.71	0.259259	-1.35769	0.0967742	3.85715	0.933181	0.373272	1	0	0	0	0	0	0	0	0	
0.711	0.259259	-1.35769	0.0967742	3.85715	0.933181	0.373272	1	0	0	0	0	0	0	0	0	
0.712	0.259259	-1.35769	0.0967742	3.85715	0.933181	0.373272	1	0	0	0	0	0	0	0	0	
0.713	0.259259	-1.35769	0.0967742	3.85715	0.933181	0.373272	1	0	0	0	0	0	0	0	0	
0.714	0.259259	-1.35769	0.0967742	3.85715	0.933181	0.373272	1	0	0	0	0	0	0	0	0	
0.715	0.259259	-1.35769	0.0967742	3.85715	0.933181	0.373272	1	0	0	0	0	0	0	0	0	
0.716	0.259259	-1.35769	0.0967742	3.85715	0.933181	0.373272	1	0	0	0	0	0	0	0	0	
0.717	0.259259	-1.35769	0.0967742	3.85715	0.933181	0.373272	1	0	0	0	0	0	0	0	0	
0.718	0.259259	-1.35769	0.0967742	3.85715	0.933181	0.373272	1	0	0	0	0	0	0	0	0	
0.719	0.259259	-1.35769	0.0967742	3.85715	0.933181	0.373272	1	0	0	0	0	0	0	0	0	
0.72	0.259259	-1.35769	0.0967742	3.85715	0.933181	0.373272	1	0	0	0	0	0	0	0	0	
0.721	0.259259	-1.35769	0.0967742	3.85715	0.933181	0.373272	1	0	0	0	0	0	0	0	0	
0.722	0.259259	-1.35769	0.0967742	3.85715	0.933181	0.373272	1	0	0	0	0	0	0	0	0	
0.723	0.259259	-1.35769	0.0967742	3.85715	0.933181	0.373272	1	0	0	0	0	0	0	0	0	
0.724	0.259259	-1.35769	0.0967742	3.85715	0.933181	0.373272	1	0	0	0	0	0	0	0	0	
0.725	0.259259	-1.35769	0.0967742	3.85715	0.933181	0.373272	1	0	0	0	0	0	0	0	0	
0.726	0.259259	-1.35769	0.0967742	3.85715	0.933181	0.373272	1	0	0	0	0	0	0	0	0	
0.727	0.259259	-1.35769	0.0967742	3.85715	0.933181	0.373272	1	0	0	0	0	0	0	0	0	
0.728	0.259259	-1.35769	0.0967742	3.85715	0.933181	0.373272	1	0	0	0	0	0	0	0	0	
0.729	0.259259	-1.35769	0.0967742	3.85715	0.933181	0.373272	1	0	0	0	0	0	0	0	0	
0.73	0.259259	-1.35769	0.0967742	3.85715	0.933181	0.373272	1	0	0	0	0	0	0	0	0	
0.731	0.259259	-1.35769	0.0967742	3.85715	0.933181	0.373272	1	0	0	0	0	0	0	0	0	
0.732	0.259259	-1.35769	0.0967742	3.85715	0.933181	0.373272	1	0	0	0	0	0	0	0	0	
0.733	0.259259	-1.35769	0.0967742	3.85715	0.933181	0.373272	1	0	0	0	0	0	0	0	0	
0.734	0.259259	-1.35769	0.0967742	3.85715	0.933181	0.373272	1	0	0	0	0	0	0	0	0	
0.735	0.259259	-1.35769	0.0967742	3.85715	0.933181	0.373272	1	0	0	0	0	0	0	0	0	
0.736	0.259259	-1.35769	0.0967742	3.85715	0.933181	0.373272	1	0	0	0	0	0	0	0	0	
0.737	0.259259	-1.35769	0.0967742	3.85715	0.933181	0.373272	1	0	0	0	0	0	0	0	0	
0.738	0.259259	-1.35769	0.0967742	3.85715	0.933181	0.373272	1	0	0	0	0	0	0	0	0	
0.739	0.259259	-1.35769	0.0967742	3.85715	0.933181	0.373272	1	0	0	0	0	0	0	0	0	
0.74	0.259259	-1.35769	0.0967742	3.85715	0.933181	0.373272	1	0	0	0	0	0	0	0	0	
0.741	0.259259	-1.35769	0.0967742	3.85715	0.933181	0.373272	1	0	0	0	0	0	0	0	0	
0.742	0.259259	-1.35769	0.0967742	3.85715	0.933181	0.373272	1	0	0	0	0	0	0	0	0	
0.743	0.259259	-1.35769	0.0967742	3.85715	0.933181	0.373272	1	0	0	0	0	0	0	0	0	
0.744	0.259259	-1.35769	0.0967742	3.85715	0.933181	0.373272	1	0	0	0	0	0	0	0	0	
0.745	0.259259	-1.35769	0.0967742	3.85715	0.933181	0.373272	1	0	0	0	0	0	0	0	0	
0.746	0.259259	-1.35769	0.0967742	3.85715	0.933181	0.373272	1	0	0	0	0	0	0	0	0	
0.747	0.259259	-1.35769	0.0967742	3.85715	0.933181	0.373272	1	0	0	0	0	0	0	0	0	
0.748	0.259259	-1.35769	0.0967742	3.85715	0.933181	0.373272	1	0	0	0	0	0	0	0	0	
0.749	0.259259	-1.35769	0.0967742	3.85715	0.933181	0.373272	1	0	0	0	0	0	0	0	0	
0.75	0.259259	-1.35769	0.0967742	3.85715	0.933181	0.373272	1	0	0	0	0	0	0	0	0	
0.751	0.259259	-1.35769	0.0967742	3.85715	0.933181	0.373272	1	0	0	0	0	0	0	0	0	
0.752	0.259259	-1.35769	0.0967742	3.85715	0.933181	0.373272	1	0	0	0	0	0	0	0	0	
0.753	0.259259	-1.35769	0.0967742	3.85715	0.933181	0.373272	1	0	0	0	0	0	0	0	0	
0.754	0.259259	-1.35769	0.0967742	3.85715	0.933181	0.373272	1	0	0	0	0	0	0	0	0	
0.755	0.259259	-1.35769	0.0967742	3.85715	0.933181	0.373272	1	0	0	0	0	0	0	0	0	
0.756	0.259259	-1.35769	0.0967742	3.85715	0.933181	0.373272	1	0	0	0	0	0	0	0	0	
0.757	0.259259	-1.35769	0.0967742	3.85715	0.933181	0.373272	1	0	0	0	0	0	0	0	0	
0.758	0.259259	-1.35769	0.0967742	3.85715	0.933181	0.373272	1	0	0	0	0	0	0	0	0	
0.759	0.259259	-1.35769	0.0967742	3.85715	0.933181	0.373272	1	0	0	0	0	0	0	0	0	
0.76	0.259259	-1.35769	0.0967742	3.85715	0.933181	0.373272	1	0	0	0	0	0	0	0	0	
0.761	0.259259	-1.35769	0.0967742	3.85715	0.933181	0.373272	1	0	0	0	0	0	0	0	0	
0.762	0.259259	-1.35769	0.0967742	3.85715	0.933181	0.373272	1	0	0	0	0	0	0	0	0	
0.763	0.259259	-1.35769	0.0967742	3.85715	0.933181	0.373272	1	0	0	0	0	0	0	0	0	
0.764	0.259259	-1.35769	0.0967742	3.85715	0.933181	0.373272	1	0	0	0	0	0	0	0	0	
0.765	0.259259	-1.35769	0.0967742	3.85715	0.933181	0.373272	1	0	0	0	0	0	0	0	0	
0.766	0.259259	-1.35769	0.0967742	3.85715	0.933181	0.373272	1	0	0	0	0	0	0	0	0	
0.767	0.259259	-1.35769	0.0967742	3.85715	0.933181	0.373272	1	0	0	0	0	0	0	0	0	
0.768	0.259259	-1.35769	0.0967742	3.85715	0.933181	0.373272	1	0	0	0	0	0	0	0	0	
0.769	0.259259	-1.35769	0.0967742	3.85715	0.933181	0.373272	1	0	0	0	0	0	0	0	0	
0.77	0.259259	-1.35769	0.0967742	3.85715	0.933181	0.373272	1	0	0	0	0	0	0	0	0	
0.771	0.259259	-1.35769	0.0967742	3.85715	0.933181	0.373272	1	0	0	0	0	0	0	0	0	
0.772	0.259259	-1.35769	0.0967742	3.85715	0.933181	0.373272	1	0	0	0	0	0	0	0	0	
0.773	0.259259	-1.35769	0.0967742	3.85715	0.933181	0.373272	1	0	0	0	0	0	0	0	0	
0.774	0.259259	-1.35769	0.0967742	3.85715	0.933181	0.373272	1	0	0	0	0	0	0	0	0	
0.775	0.259259	-1.35769	0.0967742	3.85715	0.933181	0.373272	1	0	0	0	0	0	0	0	0	
0.776	0.259259	-1.35769	0.0967742	3.85715	0.933181	0.373272	1	0	0	0	0	0	0	0	0	
0.777	0.259259	-1.35769	0.0967742	3.85715	0.933181	0.373272	1	0	0	0	0	0	0	0	0	
0.778	0.259259	-1.35769	0.0967742	3.85715	0.933181	0.373272	1	0	0	0	0	0	0	0	0	
0.779	0.259259	-1.35769	0.0967742	3.85715	0.933181	0.373272	1	0	0	0	0	0	0	0	0	
0.78	0.259259	-1.35769	0.0967742	3.85715	0.933181	0.373272	1	0	0	0	0	0	0	0	0	
0.781	0.259259	-1.35769	0.0967742	3.85715	0.933181	0.373272	1	0	0	0	0	0	0	0	0	
0.782	0.259259	-1.35769	0.0967742	3.85715	0.933181	0.373272	1	0	0	0	0	0	0	0	0	
0.783	0.259259	-1.35769	0.0967742	3.85715	0.933181	0.373272	1	0	0	0	0	0	0	0	0	
0.784	0.259259	-1.35769	0.0967742	3.85715	0.933181	0.373272	1	0	0	0	0	0	0	0	0	
0.785	0.259259	-1.35769	0.0967742	3.85715	0.933181	0.373272	1	0	0	0	0	0	0	0	0	
0.786	0.259259	-1.35769	0.0967742	3.85715	0.933181	0.373272	1	0	0	0	0	0	0	0	0	
0.787	0.259259	-1.35769	0.0967742	3.85715	0.933181	0.373272	1	0	0	0	0	0	0	0	0	
0.788	0.259259	-1.35769	0.0967742	3.85715	0.933181	0.373272	1	0	0	0	0	0	0	0	0	
0.789	0.259259	-1.35769	0.0967742	3.85715	0.933181	0.373272	1	0	0	0	0	0	0	0	0	
0.79	0.259259	-1.35769	0.0967742	3.85715	0.933181	0.373272	1	0	0	0	0	0	0	0	0	
0.791	0.259259	-1.35769	0.0967742	3.85715	0.933181	0.373272	1	0	0	0	0	0	0	0	0	
0.792	0.259259	-1.35769	0.0967742	3.85715	0.933181	0.373272	1	0	0	0	0	0	0	0	0	
0.793	0.259259	-1.35769	0.0967742	3.85715	0.933181	0.373272	1	0	0	0	0	0	0	0	0	
0.794	0.259259	-1.35769	0.0967742	3.85715	0.933181	0.373272	1	0	0	0	0	0	0	0	0	
0.795	0.259259	-1.35769	0.0967742	3.85715	0.933181	0.373272	1	0	0	0	0	0	0	0	0	
0.796	0.259259	-1.35769	0.0967742	3.85715	0.933181	0.373272	1	0	0	0	0	0	0	0	0	
0.797	0.259259	-1.35769	0.0967742	3.85715	0.933181	0.373272	1	0	0	0	0	0	0	0	0	
0.798	0.259259	-1.35769	0.0967742	3.85715	0.933181	0.373272	1	0	0	0	0	0	0	0	0	
0.799	0.259259	-1.35769	0.0967742	3.85715	0.933181	0.373272	1	0	0	0	0	0	0	0	0	
0.8	0.259259	-1.35769	0.0967742	3.85715	0.933181	0.373272	1	0	0	0	0	0	0	0	0	
0.801	0.259259	-1.35769	0.0967742	3.85715	0.933181	0.373272	1	0	0	0	0	0	0	0	0	
0.802	0.259259	-1.35769	0.0967742	3.85715	0.933181	0.373272	1	0	0	0	0	0	0	0	0	
0.803	0.259259	-1.35769	0.0967742	3.85715	0.933181	0.373272	1	0	0	0	0	0	0	0	0	
0.804	0.259259	-1.35769	0.0967742	3.85715	0.933181	0.373272	1	0	0	0	0	0	0	0	0	
0.805	0.259259	-1.35769	0.0967742	3.85715	0.933181	0.373272	1	0	0	0	0	0	0	0	0	
0.806	0.259259	-1.35769	0.0967742	3.85715	0.933181	0.373272	1	0	0	0	0	0	0	0	0	
0.807	0.259259	-1.35769	0.0967742	3.85715	0.933181	0.373272	1	0	0	0	0	0	0	0	0	
0.808	0.259259	-1.35769	0.0967742	3.85715	0.933181	0.373272	1	0	0	0	0	0	0	0	0	
0.809	0.259259	-1.35769	0.0967742	3.85715	0.933181	0.373272	1	0	0	0	0	0	0	0	0	
0.81	0.259259	-1.35769	0.0967742	3.85715	0.933181	0.373272	1	0	0	0	0	0	0	0	0	
0.811	0.259259	-1.35769	0.0967742	3.85715	0.933181	0.373272	1	0	0	0	0	0	0	0	0	
0.812	0.259259	-1.35769	0.0967742	3.85715	0.933181	0.373272	1	0	0	0	0	0	0	0	0	
0.813	0.259259	-1.35769	0.0967742	3.85715	0.933181	0.373272	1	0	0	0	0	0	0	0	0	
0.814	0.259259	-1.35769	0.0967742	3.85715	0.933181	0.373272	1	0	0	0	0	0	0	0	0	
0.815	0.259259	-1.35769	0.0967742	3.85715	0.933181	0.373272	1	0	0	0	0	0	0	0	0	
0.816	0.259259	-1.35769	0.0967742	3.85715	0.933181	0.373272	1	0	0	0	0	0	0	0	0	
0.817	0.259259	-1.35769	0.0967742	3.85715	0.933181	0.373272	1	0	0	0	0	0	0	0	0	
0.818	0.259259	-1.35769	0.0967742	3.85715	0.933181	0.373272	1	0	0	0	0	0	0	0	0	
0.819	0.259259	-1.35769	0.0967742	3.85715	0.933181	0.373272	1	0	0	0	0	0	0	0	0	
0.82	0.259259	-1.35769	0.0967742	3.85715	0.933181	0.373272	1	0	0	0	0	0	0	0	0	
0.821	0.259259	-1.35769	0.0967742	3.85715	0.933181	0.373272	1	0	0	0	0	0	0	0	0	
0.822	0.259259	-1.35769	0.0967742	3.85715	0.933181	0.373272	1	0	0	0	0	0	0	0	0	
0.823	0.259259	-1.35769	0.0967742	3.85715	0.933181	0.373272	1	0	0	0	0	0	0	0	0	
0.824	0.259259	-1.35769	0.0967742	3.85715	0.933181	0.373272	1	0	0	0	0	0	0	0	0	
0.825	0.259259	-1.35769	0.0967742	3.85715	0.933181	0.373272	1	0	0	0	0	0	0	0	0	
0.826	0.259259	-1.35769	0.0967742	3.85715	0.933181	0.373272	1	0	0	0	0	0	0	0	0	
0.827	0.259259	-1.35769	0.0967742	3.85715	0.933181	0.373272	1	0	0	0	0	0	0	0	0	
0.828	0.259259	-1.35769	0.0967742	3.85715	0.933181	0.373272	1	0	0	0	0	0	0	0	0	
0.829	0.259259	-1.35769	0.0967742	3.85715	0.933181	0.373272	1	0	0	0	0	0	0	0	0	
0.83	0.259259	-1.35769	0.0967742	3.85715	0.933181	0.373272	1	0	0	0	0	0	0	0	0	
0.831	0.259259	-1.35769	0.0967742	3.85715	0.933181	0.373272	1	0	0	0	0	0	0	0	0	
0.832	0.259259	-1.35769	0.0967742	3.85715	0.933181	0.373272	1	0	0	0	0	0	0	0	0	
0.833	0.259259	-1.35769	0.0967742	3.85715	0.933181	0.373272	1	0	0	0	0	0	0	0	0	
0.834	0.259259	-1.35769	0.0967742	3.85715	0.933181	0.373272	1	0	0	0	0	0	0	0	0	
0.835	0.259259	-1.35769	0.0967742	3.85715	0.933181	0.373272	1	0	0	0	0	0	0	0	0	
0.836	0.259259	-1.35769	0.0967742	3.85715	0.933181	0.373272	1	0	0	0	0	0	0	0	0	
0.837	0.259259	-1.35769	0.0967742	3.85715	0.933181	0.373272	1	0	0	0	0	0	0	0	0	
0.838	0.259259	-1.35769	0.0967742	3.85715	0.933181	0.373272	1	0	0	0	0	0	0	0	0	
0.839	0.259259	-1.35769	0.0967742	3.85715	0.933181	0.373272	1	0	0	0	0	0	0	0	0	
0.84	0.259259	-1.35769	0.0967742	3.85715	0.933181	0.373272	1	0	0	0	0	0	0	0	0	
0.841	0.259259	-1.35769	0.0967742	3.85715	0.933181	0.373272	1	0	0	0	0	0	0	0	0	
0.842	0.259259	-1.35769	0.0967742	3.85715	0.933181	0.373272	1	0	0	0	0	0	0	0	0	
0.843	0.259259	-1.35769	0.0967742	3.85715	0.933181	0.373272	1	0	0	0	0	0	0	0	0	
0.844	0.259259	-1.35769	0.0967742	3.85715	0.933181	0.373272	1	0	0	0	0	0	0	0	0	
0.845	0.259259	-1.35769	0.0967742	3.85715	0.933181	0.373272	1	0	0	0	0	0	0	0	0	
0.846	0.259259	-1.35769	0.0967742	3.85715	0.933181	0.373272	1	0	0	0	0	0	0	0	0	
0.847	0.259259	-1.35769	0.0967742	3.85715	0.933181	0.373272	1	0	0	0	0	0	0	0	0	
0.848	0.259259	-1.35769	0.0967742	3.85715	0.933181	0.373272	1	0	0	0	0	0	0	0	0	
0.849	0.259259	-1.35769	0.0967742	3.85715	0.933181	0.373272	1	0	0	0	0	0	0	0	0	
0.85	0.259259	-1.35769	0.0967742	3.85715	0.933181	0.373272	1	0	0	0	0	0	0	0	0	
0.851	0.259259	-1.35769	0.0967742	3.85715	0.933181	0.373272	1	0	0	0	0	0	0	0	0	
0.852	0.259259	-1.35769	0.0967742	3.85715	0.933181	0.373272	1	0	0	0	0	0	0	0	0	
0.853	0.259259	-1.35769	0.0967742	3.85715	0.933181	0.373272	1	0	0	0	0	0	0	0	0	
0.854	0.259259	-1.35769	0.0967742	3.85715	0.933181	0.373272	1	0	0	0	0	0	0	0	0	
0.855	0.259259	-1.35769	0.0967742	3.85715	0.933181	0.373272	1	0	0	0	0	0	0	0	0	
0.856	0.259259	-1.35769	0.0967742	3.85715	0.933181	0.373272	1	0	0	0	0	0	0	0	0	
0.857	0.259259	-1.35769	0.0967742	3.85715	0.933181	0.373272	1	0	0	0	0	0	0	0	0	
0.858	0.259259	-1.35769	0.0967742	3.85715	0.933181	0.373272	1	0	0	0	0	0	0	0	0	
0.859	0.259259	-1.35769	0.0967742	3.85715	0.933181	0.373272	1	0	0	0	0	0	0	0	0	
0.86	0.259259	-1.35769	0.0967742	3.85715	0.933181	0.373272	1	0	0	0	0	0	0	0	0	
0.861	0.259259	-1.35769	0.0967742	3.85715	0.933181	0.373272	1	0	0	0	0	0	0	0	0	
0.862	0.259259	-1.35769	0.0967742	3.85715	0.933181	0.373272	1	0	0	0	0	0	0	0	0	
0.863	0.259259	-1.35769	0.0967742	3.85715	0.933181	0.373272	1	0	0	0	0	0	0	0	0	
0.864	0.259259	-1.35769	0.0967742	3.85715	0.933181	0.373272	1	0	0	0	0	0	0	0	0	
0.865	0.259259	-1.35769	0.0967742	3.85715	0.933181	0.373272	1	0	0	0	0	0	0	0	0	
0.866	0.259259	-1.35769	0.0967742	3.85715	0.933181	0.373272	1	0	0	0	0	0	0	0	0	
0.867	0.259259	-1.35769	0.0967742	3.85715	0.933181	0.373272	1	0	0	0	0	0	0	0	0	
0.868	0.259259	-1.35769	0.0967742	3.85715	0.933181	0.373272	1	0	0	0	0	0	0	0	0	
0.869	0.259259	-1.35769	0.0967742	3.85715	0.933181	0.373272	1	0	0	0	0	0	0	0	0	
0.87	0.259259	-1.35769	0.0967742	3.85715	0.933181	0.373272	1	0	0	0	0	0	0	0	0	
0.871	0.259259	-1.35769	0.0967742	3.85715	0.933181	0.373272	1	0	0	0	0	0	0	0	0	
0.872	0.259259	-1.35769	0.0967742	3.85715	0.933181	0.373272	1	0	0	0	0	0	0	0	0	
0.873	0.259259	-1.35769	0.0967742	3.85715	0.933181	0.373272	1	0	0	0	0	0	0	0	0	
0.874	0.259259	-1.35769	0.0967742	3.85715	0.933181	0.373272	1	0	0	0	0	0	0	0	0	
0.875	0.259259	-1.35769	0.0967742	3.85715	0.933181	0.373272	1	0	0	0	0	0	0	0	0	
0.876	0.259259	-1.35769	0.0967742	3.85715	0.933181	0.373272	1	0	0	0	0	0	0	0	0	
0.877	0.259259	-1.35769	0.0967742	3.85715	0.933181	0.373272	1	0	0	0	0	0	0	0	0	
0.878	0.259259	-1.35769	0.0967742	3.85715	0.933181	0.373272	1	0	0	0	0	0	0	0	0	
0.879	0.259259	-1.35769	0.0967742	3.85715	0.933181	0.373272	1	0	0	0	0	0	0	0	0	
0.88	0.259259	-1.35769	0.0967742	3.85715	0.933181	0.373272	1	0	0	0	0	0	0	0	0	
0.881	0.259259	-1.35769	0.0967742	3.85715	0.933181	0.373272	1	0	0	0	0	0	0	0	0	
0.882	0.259259	-1.35769	0.0967742	3.85715	0.933181	0.373272	1	0	0	0	0	0	0	0	0	
0.883	0.259259	-1.35769	0.0967742	3.85715	0.933181	0.373272	1	0	0	0	0	0	0	0	0	
0.884	0.259259	-1.35769	0.0967742	3.85715	0.933181	0.373272	1	0	0	0	0	0	0	0	0	
0.885	0.259259	-1.35769	0.0967742	3.85715	0.933181	0.373272	1	0	0	0	0	0	0	0	0	
0.886	0.259259	-1.35769	0.0967742	3.85715	0.933181	0.373272	1	0	0	0	0	0	0	0	0	
0.887	0.259259	-1.35769	0.0967742	3.85715	0.933181	0.373272	1	0	0	0	0	0	0	0	0	
0.888	0.259259	-1.35769	0.0967742	3.85715	0.933181	0.373272	1	0	0	0	0	0	0	0	0	
0.889	0.259259	-1.35769	0.0967742	3.85715	0.933181	0.373272	1	0	0	0	0	0	0	0	0	
0.89	0.259259	-1.35769	0.0967742	3.85715	0.933181	0.373272	1	0	0	0	0	0	0	0	0	
0.891	0.259259	-1.35769	0.0967742	3.85715	0.933181	0.373272	1	0	0	0	0	0	0	0	0	
0.892	0.259259	-1.35769	0.0967742	3.85715	0.933181	0.373272	1	0	0	0	0	0	0	0	0	
0.893	0.259259	-1.35769	0.0967742	3.85715	0.933181	0.373272	1	0	0	0	0	0	0	0	0	
0.894	0.259259	-1.35769	0.0967742	3.85715	0.933181	0.373272	1	0	0	0	0	0	0	0	0	
0.895	0.259259	-1.35769	0.0967742	3.85715	0.933181	0.373272	1	0	0	0	0	0	0	0	0	
0.896	0.259259	-1.35769	0.0967742	3.85715	0.933181	0.373272	1	0	0	0	0	0	0	0	0	
0.897	0.259259	-1.35769	0.0967742	3.85715	0.933181	0.373272	1	0	0	0	0	0	0	0	0	
0.898	0.259259	-1.35769	0.0967742	3.85715	0.933181	0.373272	1	0	0	0	0	0	0	0	0	
0.899	0.259259	-1.35769	0.0967742	3.85715	0.933181	0.373272	1	0	0	0	0	0	0	0	0	
0.9	0.259259	-1.35769	0.0967742	3.85715	0.933181	0.373272	1	0	0	0	0	0	0	0	0	
0.901	0.259259	-1.35769	0.0967742	3.85715	0.933181	0.373272	1	0	0	0	0	0	0	0	0	
0.902	0.259259	-1.35769	0.0967742	3.85715	0.933181	0.373272	1	0	0	0	0	0	0	0	0	
0.903	0.259259	-1.35769	0.0967742	3.85715	0.933181	0.373272	1	0	0	0	0	0	0	0	0	
0.904	0.259259	-1.35769	0.0967742	3.85715	0.933181	0.373272	1	0	0	0	0	0	0	0	0	
0.905	0.259259	-1.35769	0.0967742	3.85715	0.933181	0.373272	1	0	0	0	0	0	0	0	0	
0.906	0.259259	-1.35769	0.0967742	3.85715	0.933181	0.373272	1	0	0	0	0	0	0	0	0	
0.907	0.259259	-1.35769	0.0967742	3.85715	0.933181	0.373272	1	0	0	0	0	0	0	0	0	
0.908	0.259259	-1.35769	0.0967742	3.85715	0.933181	0.373272	1	0	0	0	0	0	0	0	0	
0.909	0.259259	-1.35769	0.0967742	3.85715	0.933181	0.373272	1	0	0	0	0	0	0	0	0	
0.91	0.259259	-1.35769	0.0967742	3.85715	0.933181	0.373272	1	0	0	0	0	0	0	0	0	
0.911	0.259259	-1.35769	0.0967742	3.85715	0.933181	0.373272	1	0	0	0	0	0	0	0	0	
0.912	0.259259	-1.35769	0.0967742	3.85715	0.933181	0.373272	1	0	0	0	0	0	0	0	0	
0.913	0.259259	-1.35769	0.0967742	3.85715	0.933181	0.373272	1	0	0	0	0	0	0	0	0	
0.914	0.259259	-1.35769	0.0967742	3.85715	0.933181	0.373272	1	0	0	0	0	0	0	0	0	
0.915	0.259259	-1.35769	0.0967742	3.85715	0.933181	0.373272	1	0	0	0	0	0	0	0	0	
0.916	0.259259	-1.35769	0.0967742	3.85715	0.933181	0.373272	1	0	0	0	0	0	0	0	0	
0.917	0.259259	-1.35769	0.0967742	3.85715	0.933181	0.373272	1	0	0	0	0	0	0	0	0	
0.918	0.259259	-1.35769	0.0967742	3.85715	0.933181	0.373272	1	0	0	0	0	0	0	0	0	
0.919	0.259259	-1.35769	0.0967742	3.85715	0.933181	0.373272	1	0	0	0	0	0	0	0	0	
0.92	0.259259	-1.35769	0.0967742	3.85715	0.933181	0.373272	1	0	0	0	0	0	0	0	0	
0.921	0.259259	-1.35769	0.0967742	3.85715	0.933181	0.373272	1	0	0	0	0	0	0	0	0	
0.922	0.259259	-1.35769	0.0967742	3.85715	0.933181	0.373272	1	0	0	0	0	0	0	0	0	
0.923	0.259259	-1.35769	0.0967742	3.85715	0.933181	0.373272	1	0	0	0	0	0	0	0	0	
0.924	0.259259	-1.35769	0.0967742	3.85715	0.933181	0.373272	1	0	0	0	0	0	0	0	0	
0.925	0.259259	-1.35769	0.0967742	3.85715	0.933181	0.373272	1	0	0	0	0	0	0	0	0	
0.926	0.259259	-1.35769	0.0967742	3.85715	0.933181	0.373272	1	0	0	0	0	0	0	0	0	
0.927	0.259259	-1.35769	0.0967742	3.85715	0.933181	0.373272	1	0	0	0	0	0	0	0	0	
0.928	0.259259	-1.35769	0.0967742	3.85715	0.933181	0.373272	1	0	0	0	0	0	0	0	0	
0.929	0.259259	-1.35769	0.0967742	3.85715	0.933181	0.373272	1	0	0	0	0	0	0	0	0	
0.93	0.259259	-1.35769	0.0967742	3.85715	0.933181	0.373272	1	0	0	0	0	0	0	0	0	
0.931	0.259259	-1.35769	0.0967742	3.85715	0.933181	0.373272	1	0	0	0	0	0	0	0	0	
0.932	0.259259	-1.35769	0.0967742	3.85715	0.933181	0.373272	1	0	0	0	0	0	0	0	0	
0.933	0.259259	-1.35769	0.0967742	3.85715	0.933181	0.373272	1	0	0	0	0	0	0	0	0	
0.934	0.259259	-1.35769	0.0967742	3.85715	0.933181	0.373272	1	0	0	0	0	0	0	0	0	
0.935	0.259259	-1.35769	0.0967742	3.85715	0.933181	0.373272	1	0	0	0	0	0	0	0	0	
0.936	0.259259	-1.35769	0.0967742	3.85715	0.933181	0.373272	1	0	0	0	0	0	0	0	0	
0.937	0.259259	-1.35769	0.0967742	3.85715	0.933181	0.373272	1	0	0	0	0	0	0	0	0	
0.938	0.259259	-1.35769	0.0967742	3.85715	0.933181	0.373272	1	0	0	0	0	0	0	0	0	
0.939	0.259259	-1.35769	0.0967742	3.85715	0.933181	0.373272	1	0	0	0	0	0	0	0	0	
0.94	0.259259	-1.35769	0.0967742	3.85715	0.933181	0.373272	1	0	0	0	0	0	0	0	0	
0.941	0.259259	-1.35769	0.0967742	3.85715	0.933181	0.373272	1	0	0	0	0	0	0	0	0	
0.942	0.259259	-1.35769	0.0967742	3.85715	0.933181	0.373272	1	0	0	0	0	0	0	0	0	
0.943	0.259259	-1.35769	0.0967742	3.85715	0.933181	0.373272	1	0	0	0	0	0	0	0	0	
0.944	0.259259	-1.35769	0.0967742	3.85715	0.933181	0.373272	1	0	0	0	0	0	0	0	0	
0.945	0.259259	-1.35769	0.0967742	3.85715	0.933181	0.373272	1	0	0	0	0	0	0	0	0	
0.946	0.259259	-1.35769	0.0967742	3.85715	0.933181	0.373272	1	0	0	0	0	0	0	0	0	
0.947	0.259259	-1.35769	0.0967742	3.85715	0.933181	0.373272	1	0	0	0	0	0	0	0	0	
0.948	0.259259	-1.35769	0.0967742	3.85715	0.933181	0.373272	1	0	0	0	0	0	0	0	0	
0.949	0.259259	-1.35769	0.0967742	3.85715	0.933181	0.373272	1	0	0	0	0	0	0	0	0	
0.95	0.259259	-1.35769	0.0967742	3.85715	0.933181	0.373272	1	0	0	0	0	0	0	0	0	
0.951	0.259259	-1.35769	0.0967742	3.85715	0.933181	0.373272	1	0	0	0	0	0	0	0	0	
0.952	0.259259	-1.35769	0.0967742	3.85715	0.933181	0.373272	1	0	0	0	0	0	0	0	0	
0.953	0.259259	-1.35769	0.0967742	3.85715	0.933181	0.373272	1	0	0	0	0	0	0	0	0	
0.954	0.259259	-1.35769	0.0967742	3.85715	0.933181	0.373272	1	0	0	0	0	0	0	0	0	
0.955	0.259259	-1.35769	0.0967742	3.85715	0.933181	0.373272	1	0	0	0	0	0	0	0	0	
0.956	0.259259	-1.35769	0.0967742	3.85715	0.933181	0.373272	1	0	0	0	0	0	0	0	0	
0.957	0.259259	-1.35769	0.0967742	3.85715	0.933181	0.373272	1	0	0	0	0	0	0	0	0	
0.958	0.259259	-1.35769	0.0967742	3.85715	0.933181	0.373272	1	0	0	0	0	0	0	0	0	
0.959	0.259259	-1.35769	0.0967742	3.85715	0.933181	0.373272	1	0	0	0	0	0	0	0	0	
0.96	0.259259	-1.35769	0.0967742	3.85715	0.933181	0.373272	1	0	0	0	0	0	0	0	0	
0.961	0.259259	-1.35769	0.0967742	3.85715	0.933181	0.373272	1	0	0	0	0	0	0	0	0	
0.962	0.259259	-1.35769	0.0967742	3.85715	0.933181	0.373272	1	0	0	0	0	0	0	0	0	
0.963	0.259259	-1.35769	0.0967742	3.85715	0.933181	0.373272	1	0	0	0	0	0	0	0	0	
0.964	0.259259	-1.35769	0.0967742	3.85715	0.933181	0.373272	1	0	0	0	0	0	0	0	0	
0.965	0.259259	-1.35769	0.0967742	3.85715	0.933181	0.373272	1	0	0	0	0	0	0	0	0	
0.966	0.259259	-1.35769	0.0967742	3.85715	0.933181	0.373272	1	0	0	0	0	0	0	0	0	
0.967	0.259259	-1.35769	0.0967742	3.85715	0.933181	0.373272	1	0	0	0	0	0	0	0	0	
0.968	0.259259	-1.35769	0.0967742	3.85715	0.933181	0.373272	1	0	0	0	0	0	0	0	0	
0.969	0.259259	-1.35769	0.0967742	3.85715	0.933181	0.373272	1	0	0	0	0	0	0	0	0	
0.97	0.259259	-1.35769	0.0967742	3.85715	0.933181	0.373272	1	0	0	0	0	0	0	0	0	
0.971	0.259259	-1.35769	0.0967742	3.85715	0.933181	0.373272	1	0	0	0	0	0	0	0	0	
0.972	0.259259	-1.35769	0.0967742	3.85715	0.933181	0.373272	1	0	0	0	0	0	0	0	0	
0.973	0.259259	-1.35769	0.0967742	3.85715	0.933181	0.373272	1	0	0	0	0	0	0	0	0	
0.974	0.259259	-1.35769	0.0967742	3.85715	0.933181	0.373272	1	0	0	0	0	0	0	0	0	
0.975	0.259259	-1.35769	0.0967742	3.85715	0.933181	0.373272	1	0	0	0	0	0	0	0	0	
0.976	0.259259	-1.35769	0.0967742	3.85715	0.933181	0.373272	1	0	0	0	0	0	0	0	0	
0.977	0.259259	-1.35769	0.0967742	3.85715	0.933181	0.373272	1	0	0	0	0	0	0	0	0	
0.978	0.259259	-1.35769	0.0967742	3.85715	0.933181	0.373272	1	0	0	0	0	0	0	0	0	
0.979	0.259259	-1.35769	0.0967742	3.85715	0.933181	0.373272	1	0	0	0	0	0	0	0	0	
0.98	0.259259	-1.35769	0.0967742	3.85715	0.933181	0.373272	1	0	0	0	0	0	0	0	0	
0.981	0.259259	-1.35769	0.0967742	3.85715	0.933181	0.373272	1	0	0	0	0	0	0	0	0	
0.982	0.259259	-1.35769	0.0967742	3.85715	0.933181	0.373272	1	0	0	0	0	0	0	0	0	
0.983	0.259259	-1.35769	0.0967742	3.85715	0.933181	0.373272	1	0	0	0	0	0	0	0	0	
0.984	0.259259	-1.35769	0.0967742	3.85715	0.933181	0.373272	1	0	0	0	0	0	0	0	0	
0.985	0.259259	-1.35769	0.0967742	3.85715	0.933181	0.373272	1	0	0	0	0	0	0	0	0	
0.986	0.259259	-1.35769	0.0967742	3.85715	0.933181	0.373272	1	0	0	0	0	0	0	0	0	
0.987	0.259259	-1.35769	0.0967742	3.85715	0.933181	0.373272	1	0	0	0	0	0	0	0	0	
0.988	0.259259	-1.35769	0.0967742	3.85715	0.933181	0.373272	1	0	0	0	0	0	0	0	0	
0.989	0.259259	-1.35769	0.0967742	3.85715	0.933181	0.373272	1	0	0	0	0	0	0	0	0	
0.99	0.259259	-1.35769	0.0967742	3.85715	0.933181	0.373272	1	0	0	0	0	0	0	0	0	
0.991	0.259259	-1.35769	0.0967742	3.85715	0.933181	0.373272	1	0	0	0	0	0	0	0	0	
0.992	0.259259	-1.35769	0.0967742	3.85715	0.933181	0.373272	1	0	0	0	0	0	0	0	0	
0.993	0.259259	-1.35769	0.0967742	3.85715	0.933181	0.373272	1	0	0	0	0	0	0	0	0	
0.994	0.259259	-1.35769	0.0967742	3.85715	0.933181	0.373272	1	0	0	0	0	0	0	0	0	
0.995	0.259259	-1.35769	0.0967742	3.85715	0.933181	0.373272	1	0	0	0	0	0	0	0	0	
0.996	0.259259	-1.35769	0.0967742	3.85715	0.933181	0.373272	1	0	0	0	0	0	0	0	0	
0.997	0.259259	-1.35769	0.0967742	3.85715	0.933181	0.373272	1	0	0	0	0	0	0	0	0	
0.998	0.259259	-1.35769	0.0967742	3.85715	0.933181	0.373272	1	0	0	0	0	0	0	0	0	
0.999	0.259259	-1.35769	0.0967742	3.85715	0.933181	0.373272	1	0	0	0	0	0	0	0	0	
1	0.259259	-1.35769	0.0967742	3.85715	0.933181	0.373272	1	0	0	0	0	0	0	0	0	
