|||||||||||||||||||||||||||||||||***SIMULATION: detonation***||||||||||||||||||||||||||||||||||
Sanpshot time = 1.4. Timestep = 3486. Run time = 6 seconds
No. of cells = 1000
#Position	 Density	 Velocity	 Pressure	 Specific_Volume I_Energy	 Temperature	 Species
-0.001	0.779007	0.000216075	2.03325	1.28369	6.52515	0	9.38064e-08	0	0	0	0	0	0	0	0	
0	0.779063	7.23679e-05	2.03326	1.28359	6.5247	0	9.64021e-08	0	0	0	0	0	0	0	0	
0.001	0.779063	-7.23679e-05	2.03326	1.28359	6.5247	2.60988	9.64021e-08	0	0	0	0	0	0	0	0	
0.002	0.779007	-0.000216075	2.03325	1.28369	6.52515	2.61006	9.38064e-08	0	0	0	0	0	0	0	0	
0.003	0.777922	-0.000359363	2.03324	1.28548	6.53421	2.61368	9.88785e-08	0	0	0	0	0	0	0	0	
0.004	0.778335	-0.000501962	2.03322	1.28479	6.53069	2.61227	9.77258e-08	0	0	0	0	0	0	0	0	
0.005	0.775887	-0.000643713	2.0332	1.28885	6.55122	2.62049	9.55577e-08	0	0	0	0	0	0	0	0	
0.006	0.774737	-0.000784413	2.03317	1.29076	6.56085	2.62434	8.9553e-08	0	0	0	0	0	0	0	0	
0.007	0.775438	-0.000923892	2.03314	1.28959	6.55482	2.62193	9.26034e-08	0	0	0	0	0	0	0	0	
0.008	0.777021	-0.00106202	2.03311	1.28697	6.54136	2.61654	9.23878e-08	0	0	0	0	0	0	0	0	
0.009	0.778923	-0.00119867	2.03307	1.28382	6.52526	2.6101	9.17565e-08	0	0	0	0	0	0	0	0	
0.01	0.780822	-0.00133379	2.03303	1.2807	6.50926	2.6037	9.23669e-08	0	0	0	0	0	0	0	0	
0.011	0.782511	-0.00146733	2.03299	1.27794	6.49508	2.59803	9.56259e-08	0	0	0	0	0	0	0	0	
0.012	0.783924	-0.00159929	2.03295	1.27563	6.48325	2.5933	9.4073e-08	0	0	0	0	0	0	0	0	
0.013	0.785017	-0.00172972	2.03291	1.27386	6.47409	2.58963	9.40264e-08	0	0	0	0	0	0	0	0	
0.014	0.785785	-0.00185871	2.03287	1.27261	6.46764	2.58705	9.45714e-08	0	0	0	0	0	0	0	0	
0.015	0.786288	-0.00198638	2.03283	1.2718	6.46337	2.58535	9.61281e-08	0	0	0	0	0	0	0	0	
0.016	0.786597	-0.00211289	2.0328	1.2713	6.46073	2.58429	9.53739e-08	0	0	0	0	0	0	0	0	
0.017	0.786756	-0.00223845	2.03276	1.27104	6.45932	2.58373	9.49798e-08	0	0	0	0	0	0	0	0	
0.018	0.786805	-0.00236328	2.03274	1.27096	6.45883	2.58353	9.44812e-08	0	0	0	0	0	0	0	0	
0.019	0.786796	-0.00248762	2.03271	1.27098	6.45884	2.58354	9.26793e-08	0	0	0	0	0	0	0	0	
0.02	0.786774	-0.00261175	2.0327	1.27101	6.45897	2.58359	9.11258e-08	0	0	0	0	0	0	0	0	
0.021	0.786773	-0.00273594	2.03269	1.27101	6.45893	2.58357	9.07325e-08	0	0	0	0	0	0	0	0	
0.022	0.786816	-0.00286048	2.03268	1.27095	6.45856	2.58342	9.16181e-08	0	0	0	0	0	0	0	0	
0.023	0.786912	-0.00298566	2.03268	1.27079	6.45778	2.58311	9.31513e-08	0	0	0	0	0	0	0	0	
0.024	0.787063	-0.00311173	2.03269	1.27055	6.45655	2.58262	9.42436e-08	0	0	0	0	0	0	0	0	
0.025	0.787267	-0.00323895	2.0327	1.27022	6.45492	2.58197	9.42004e-08	0	0	0	0	0	0	0	0	
0.026	0.787512	-0.00336756	2.03271	1.26982	6.45296	2.58118	9.3565e-08	0	0	0	0	0	0	0	0	
0.027	0.787789	-0.00349775	2.03274	1.26938	6.45077	2.58031	9.33658e-08	0	0	0	0	0	0	0	0	
0.028	0.788083	-0.00362969	2.03277	1.2689	6.44845	2.57938	9.33169e-08	0	0	0	0	0	0	0	0	
0.029	0.788384	-0.00376349	2.0328	1.26842	6.44609	2.57844	9.25527e-08	0	0	0	0	0	0	0	0	
0.03	0.788683	-0.00389925	2.03283	1.26794	6.44376	2.5775	9.18098e-08	0	0	0	0	0	0	0	0	
0.031	0.788979	-0.00403698	2.03287	1.26746	6.44147	2.57659	9.18834e-08	0	0	0	0	0	0	0	0	
0.032	0.789275	-0.00417667	2.03291	1.26699	6.43918	2.57567	9.2118e-08	0	0	0	0	0	0	0	0	
0.033	0.789581	-0.00431824	2.03296	1.2665	6.43683	2.57473	9.16744e-08	0	0	0	0	0	0	0	0	
0.034	0.789904	-0.00446159	2.033	1.26598	6.43433	2.57373	9.05077e-08	0	0	0	0	0	0	0	0	
0.035	0.790255	-0.00460654	2.03304	1.26541	6.43161	2.57264	8.94936e-08	0	0	0	0	0	0	0	0	
0.036	0.790638	-0.00475289	2.03309	1.2648	6.42863	2.57145	8.93085e-08	0	0	0	0	0	0	0	0	
0.037	0.791054	-0.0049004	2.03313	1.26414	6.42538	2.57015	8.98835e-08	0	0	0	0	0	0	0	0	
0.038	0.791503	-0.00504878	2.03316	1.26342	6.42185	2.56874	9.0948e-08	0	0	0	0	0	0	0	0	
0.039	0.791983	-0.00519772	2.0332	1.26265	6.41806	2.56722	9.21271e-08	0	0	0	0	0	0	0	0	
0.04	0.792493	-0.0053469	2.03323	1.26184	6.41403	2.56561	9.30616e-08	0	0	0	0	0	0	0	0	
0.041	0.793028	-0.00549597	2.03325	1.26099	6.40977	2.56391	9.35703e-08	0	0	0	0	0	0	0	0	
0.042	0.793586	-0.00564459	2.03327	1.2601	6.40532	2.56213	9.37424e-08	0	0	0	0	0	0	0	0	
0.043	0.794162	-0.0057924	2.03328	1.25919	6.4007	2.56028	9.38184e-08	0	0	0	0	0	0	0	0	
0.044	0.794749	-0.00593907	2.03328	1.25826	6.39599	2.5584	9.39342e-08	0	0	0	0	0	0	0	0	
0.045	0.795336	-0.00608426	2.03328	1.25733	6.39125	2.5565	9.40699e-08	0	0	0	0	0	0	0	0	
0.046	0.795914	-0.00622766	2.03327	1.25642	6.38658	2.55463	9.43002e-08	0	0	0	0	0	0	0	0	
0.047	0.796471	-0.006369	2.03325	1.25554	6.38205	2.55282	9.48663e-08	0	0	0	0	0	0	0	0	
0.048	0.797002	-0.00650802	2.03322	1.2547	6.37771	2.55109	9.58159e-08	0	0	0	0	0	0	0	0	
0.049	0.797502	-0.00664451	2.03318	1.25392	6.3736	2.54944	9.68017e-08	0	0	0	0	0	0	0	0	
0.05	0.797977	-0.0067783	2.03314	1.25317	6.36967	2.54787	9.73561e-08	0	0	0	0	0	0	0	0	
0.051	0.798434	-0.00690926	2.03309	1.25245	6.36586	2.54634	9.71949e-08	0	0	0	0	0	0	0	0	
0.052	0.798888	-0.00703731	2.03303	1.25174	6.36206	2.54482	9.63644e-08	0	0	0	0	0	0	0	0	
0.053	0.799351	-0.00716241	2.03296	1.25102	6.35818	2.54327	9.51839e-08	0	0	0	0	0	0	0	0	
0.054	0.799833	-0.00728458	2.03289	1.25026	6.35412	2.54165	9.40674e-08	0	0	0	0	0	0	0	0	
0.055	0.80034	-0.00740387	2.03282	1.24947	6.34985	2.53994	9.3357e-08	0	0	0	0	0	0	0	0	
0.056	0.800874	-0.0075204	2.03273	1.24864	6.34536	2.53815	9.31356e-08	0	0	0	0	0	0	0	0	
0.057	0.801429	-0.00763433	2.03265	1.24777	6.3407	2.53628	9.32018e-08	0	0	0	0	0	0	0	0	
0.058	0.801997	-0.00774585	2.03256	1.24689	6.33593	2.53437	9.3293e-08	0	0	0	0	0	0	0	0	
0.059	0.802569	-0.00785519	2.03247	1.246	6.33113	2.53245	9.33332e-08	0	0	0	0	0	0	0	0	
0.06	0.803137	-0.00796265	2.03237	1.24512	6.32636	2.53054	9.34295e-08	0	0	0	0	0	0	0	0	
0.061	0.803695	-0.00806851	2.03228	1.24425	6.32167	2.52867	9.36946e-08	0	0	0	0	0	0	0	0	
0.062	0.80424	-0.00817312	2.03219	1.24341	6.3171	2.52684	9.41513e-08	0	0	0	0	0	0	0	0	
0.063	0.804772	-0.00827684	2.03209	1.24259	6.31263	2.52505	9.47286e-08	0	0	0	0	0	0	0	0	
0.064	0.805294	-0.00838003	2.032	1.24178	6.30825	2.5233	9.52603e-08	0	0	0	0	0	0	0	0	
0.065	0.805813	-0.00848308	2.03191	1.24098	6.30391	2.52156	9.55501e-08	0	0	0	0	0	0	0	0	
0.066	0.806333	-0.00858637	2.03182	1.24018	6.29957	2.51983	9.54932e-08	0	0	0	0	0	0	0	0	
0.067	0.806861	-0.00869027	2.03174	1.23937	6.29519	2.51808	9.51275e-08	0	0	0	0	0	0	0	0	
0.068	0.807402	-0.00879515	2.03166	1.23854	6.29072	2.51629	9.46033e-08	0	0	0	0	0	0	0	0	
0.069	0.807959	-0.00890136	2.03158	1.23769	6.28615	2.51446	9.41398e-08	0	0	0	0	0	0	0	0	
0.07	0.808532	-0.00900921	2.03151	1.23681	6.28147	2.51259	9.39336e-08	0	0	0	0	0	0	0	0	
0.071	0.80912	-0.00911899	2.03144	1.23591	6.27669	2.51068	9.40253e-08	0	0	0	0	0	0	0	0	
0.072	0.80972	-0.00923096	2.03138	1.23499	6.27185	2.50874	9.42596e-08	0	0	0	0	0	0	0	0	
0.073	0.810328	-0.00934531	2.03132	1.23407	6.26696	2.50678	9.44163e-08	0	0	0	0	0	0	0	0	
0.074	0.81094	-0.00946222	2.03126	1.23314	6.26207	2.50483	9.44088e-08	0	0	0	0	0	0	0	0	
0.075	0.811554	-0.00958179	2.03122	1.2322	6.25718	2.50287	9.43486e-08	0	0	0	0	0	0	0	0	
0.076	0.812167	-0.00970408	2.03117	1.23127	6.25232	2.50093	9.44153e-08	0	0	0	0	0	0	0	0	
0.077	0.81278	-0.0098291	2.03113	1.23035	6.24748	2.49899	9.46768e-08	0	0	0	0	0	0	0	0	
0.078	0.813396	-0.0099568	2.03109	1.22941	6.24263	2.49705	9.50306e-08	0	0	0	0	0	0	0	0	
0.079	0.814019	-0.0100871	2.03106	1.22847	6.23774	2.4951	9.52945e-08	0	0	0	0	0	0	0	0	
0.08	0.814655	-0.0102198	2.03102	1.22751	6.23277	2.49311	9.53449e-08	0	0	0	0	0	0	0	0	
0.081	0.815311	-0.0103548	2.03099	1.22653	6.22766	2.49107	9.51856e-08	0	0	0	0	0	0	0	0	
0.082	0.81599	-0.0104918	2.03096	1.22551	6.22239	2.48895	9.49216e-08	0	0	0	0	0	0	0	0	
0.083	0.816696	-0.0106306	2.03093	1.22445	6.21692	2.48677	9.46856e-08	0	0	0	0	0	0	0	0	
0.084	0.817428	-0.0107708	2.0309	1.22335	6.21125	2.4845	9.45722e-08	0	0	0	0	0	0	0	0	
0.085	0.818184	-0.0109122	2.03087	1.22222	6.20542	2.48217	9.46062e-08	0	0	0	0	0	0	0	0	
0.086	0.818956	-0.0110544	2.03084	1.22107	6.19947	2.47979	9.47594e-08	0	0	0	0	0	0	0	0	
0.087	0.819737	-0.0111971	2.0308	1.2199	6.19345	2.47738	9.49922e-08	0	0	0	0	0	0	0	0	
0.088	0.820519	-0.01134	2.03076	1.21874	6.18743	2.47497	9.52709e-08	0	0	0	0	0	0	0	0	
0.089	0.821294	-0.0114827	2.03072	1.21759	6.18147	2.47259	9.55511e-08	0	0	0	0	0	0	0	0	
0.09	0.822055	-0.0116249	2.03067	1.21646	6.17561	2.47024	9.57654e-08	0	0	0	0	0	0	0	0	
0.091	0.822796	-0.0117663	2.03062	1.21537	6.16989	2.46796	9.58435e-08	0	0	0	0	0	0	0	0	
0.092	0.823513	-0.0119067	2.03057	1.21431	6.16435	2.46574	9.57457e-08	0	0	0	0	0	0	0	0	
0.093	0.824201	-0.0120458	2.03051	1.2133	6.15903	2.46361	9.5487e-08	0	0	0	0	0	0	0	0	
0.094	0.824857	-0.0121833	2.03045	1.21233	6.15393	2.46157	9.51388e-08	0	0	0	0	0	0	0	0	
0.095	0.825477	-0.0123193	2.03038	1.21142	6.1491	2.45964	9.48126e-08	0	0	0	0	0	0	0	0	
0.096	0.826059	-0.0124534	2.0303	1.21057	6.14454	2.45782	9.4621e-08	0	0	0	0	0	0	0	0	
0.097	0.826599	-0.0125856	2.03022	1.20978	6.14029	2.45611	9.46252e-08	0	0	0	0	0	0	0	0	
0.098	0.827098	-0.0127159	2.03014	1.20905	6.13633	2.45453	9.47905e-08	0	0	0	0	0	0	0	0	
0.099	0.827554	-0.0128442	2.03005	1.20838	6.13268	2.45307	9.49922e-08	0	0	0	0	0	0	0	0	
0.1	0.827968	-0.0129707	2.02996	1.20778	6.12934	2.45174	9.50864e-08	0	0	0	0	0	0	0	0	
0.101	0.82834	-0.0130954	2.02986	1.20723	6.1263	2.45052	9.49987e-08	0	0	0	0	0	0	0	0	
0.102	0.828673	-0.0132183	2.02976	1.20675	6.12354	2.44941	9.47543e-08	0	0	0	0	0	0	0	0	
0.103	0.828969	-0.0133398	2.02966	1.20632	6.12105	2.44842	9.44347e-08	0	0	0	0	0	0	0	0	
0.104	0.82923	-0.0134599	2.02956	1.20594	6.11881	2.44752	9.41212e-08	0	0	0	0	0	0	0	0	
0.105	0.829459	-0.013579	2.02945	1.20561	6.1168	2.44672	9.38741e-08	0	0	0	0	0	0	0	0	
0.106	0.829659	-0.0136972	2.02935	1.20531	6.115	2.446	9.37397e-08	0	0	0	0	0	0	0	0	
0.107	0.829835	-0.0138148	2.02924	1.20506	6.11338	2.44535	9.37533e-08	0	0	0	0	0	0	0	0	
0.108	0.82999	-0.0139321	2.02913	1.20483	6.11192	2.44477	9.39321e-08	0	0	0	0	0	0	0	0	
0.109	0.830127	-0.0140495	2.02903	1.20464	6.11059	2.44424	9.42695e-08	0	0	0	0	0	0	0	0	
0.11	0.83025	-0.0141672	2.02892	1.20446	6.10937	2.44375	9.473e-08	0	0	0	0	0	0	0	0	
0.111	0.830361	-0.0142856	2.02882	1.2043	6.10824	2.44329	9.52452e-08	0	0	0	0	0	0	0	0	
0.112	0.830463	-0.0144049	2.02871	1.20415	6.10717	2.44287	9.57196e-08	0	0	0	0	0	0	0	0	
0.113	0.830558	-0.0145255	2.02861	1.20401	6.10617	2.44247	9.60564e-08	0	0	0	0	0	0	0	0	
0.114	0.830648	-0.0146477	2.02851	1.20388	6.10521	2.44208	9.61905e-08	0	0	0	0	0	0	0	0	
0.115	0.830733	-0.0147718	2.02842	1.20376	6.1043	2.44172	9.61043e-08	0	0	0	0	0	0	0	0	
0.116	0.830813	-0.0148979	2.02832	1.20364	6.10342	2.44137	9.58227e-08	0	0	0	0	0	0	0	0	
0.117	0.830888	-0.0150264	2.02823	1.20353	6.10259	2.44104	9.53981e-08	0	0	0	0	0	0	0	0	
0.118	0.830957	-0.0151574	2.02814	1.20343	6.10182	2.44073	9.49041e-08	0	0	0	0	0	0	0	0	
0.119	0.831017	-0.015291	2.02805	1.20334	6.10111	2.44045	9.44335e-08	0	0	0	0	0	0	0	0	
0.12	0.831066	-0.0154275	2.02797	1.20327	6.1005	2.4402	9.40838e-08	0	0	0	0	0	0	0	0	
0.121	0.831102	-0.0155668	2.02788	1.20322	6.09998	2.43999	9.39234e-08	0	0	0	0	0	0	0	0	
0.122	0.831121	-0.015709	2.0278	1.20319	6.09959	2.43984	9.39556e-08	0	0	0	0	0	0	0	0	
0.123	0.831124	-0.015854	2.02772	1.20319	6.09933	2.43973	9.41106e-08	0	0	0	0	0	0	0	0	
0.124	0.831107	-0.0160019	2.02764	1.20321	6.09921	2.43968	9.42783e-08	0	0	0	0	0	0	0	0	
0.125	0.83107	-0.0161525	2.02756	1.20327	6.09924	2.43969	9.43657e-08	0	0	0	0	0	0	0	0	
0.126	0.831014	-0.0163058	2.02748	1.20335	6.09941	2.43976	9.4341e-08	0	0	0	0	0	0	0	0	
0.127	0.830938	-0.0164615	2.02739	1.20346	6.09971	2.43989	9.42387e-08	0	0	0	0	0	0	0	0	
0.128	0.830845	-0.0166194	2.02731	1.20359	6.10015	2.44006	9.41265e-08	0	0	0	0	0	0	0	0	
0.129	0.830734	-0.0167793	2.02723	1.20375	6.10071	2.44028	9.40579e-08	0	0	0	0	0	0	0	0	
0.13	0.830608	-0.0169409	2.02714	1.20394	6.10136	2.44055	9.40432e-08	0	0	0	0	0	0	0	0	
0.131	0.830469	-0.0171041	2.02705	1.20414	6.10211	2.44084	9.40507e-08	0	0	0	0	0	0	0	0	
0.132	0.830319	-0.0172684	2.02695	1.20436	6.10294	2.44117	9.40328e-08	0	0	0	0	0	0	0	0	
0.133	0.830158	-0.0174337	2.02685	1.20459	6.10382	2.44153	9.3956e-08	0	0	0	0	0	0	0	0	
0.134	0.82999	-0.0175996	2.02675	1.20483	6.10475	2.4419	9.38161e-08	0	0	0	0	0	0	0	0	
0.135	0.829815	-0.0177658	2.02665	1.20509	6.10572	2.44229	9.36316e-08	0	0	0	0	0	0	0	0	
0.136	0.829635	-0.017932	2.02653	1.20535	6.10671	2.44268	9.34242e-08	0	0	0	0	0	0	0	0	
0.137	0.829452	-0.0180981	2.02642	1.20562	6.1077	2.44308	9.32032e-08	0	0	0	0	0	0	0	0	
0.138	0.829268	-0.0182636	2.0263	1.20588	6.10869	2.44348	9.29639e-08	0	0	0	0	0	0	0	0	
0.139	0.829085	-0.0184284	2.02617	1.20615	6.10967	2.44387	9.26989e-08	0	0	0	0	0	0	0	0	
0.14	0.828905	-0.0185924	2.02604	1.20641	6.1106	2.44424	9.24124e-08	0	0	0	0	0	0	0	0	
0.141	0.828731	-0.0187552	2.02591	1.20666	6.11148	2.44459	9.21259e-08	0	0	0	0	0	0	0	0	
0.142	0.828564	-0.0189168	2.02577	1.20691	6.11229	2.44492	9.18722e-08	0	0	0	0	0	0	0	0	
0.143	0.828408	-0.019077	2.02563	1.20714	6.11302	2.44521	9.16817e-08	0	0	0	0	0	0	0	0	
0.144	0.828262	-0.0192357	2.02548	1.20735	6.11365	2.44546	9.15689e-08	0	0	0	0	0	0	0	0	
0.145	0.828127	-0.0193929	2.02533	1.20754	6.1142	2.44568	9.15286e-08	0	0	0	0	0	0	0	0	
0.146	0.828002	-0.0195486	2.02518	1.20773	6.11466	2.44586	9.15413e-08	0	0	0	0	0	0	0	0	
0.147	0.827885	-0.0197028	2.02503	1.2079	6.11506	2.44602	9.15849e-08	0	0	0	0	0	0	0	0	
0.148	0.827772	-0.0198554	2.02487	1.20806	6.11542	2.44617	9.16432e-08	0	0	0	0	0	0	0	0	
0.149	0.827662	-0.0200067	2.02471	1.20822	6.11576	2.4463	9.17079e-08	0	0	0	0	0	0	0	0	
0.15	0.827551	-0.0201565	2.02455	1.20838	6.1161	2.44644	9.1774e-08	0	0	0	0	0	0	0	0	
0.151	0.827436	-0.0203052	2.02439	1.20855	6.11647	2.44659	9.18346e-08	0	0	0	0	0	0	0	0	
0.152	0.827315	-0.0204528	2.02424	1.20873	6.11689	2.44675	9.18784e-08	0	0	0	0	0	0	0	0	
0.153	0.827186	-0.0205994	2.02408	1.20892	6.11736	2.44694	9.18929e-08	0	0	0	0	0	0	0	0	
0.154	0.827049	-0.0207454	2.02392	1.20912	6.11789	2.44716	9.18694e-08	0	0	0	0	0	0	0	0	
0.155	0.826905	-0.0208908	2.02376	1.20933	6.11849	2.44739	9.18069e-08	0	0	0	0	0	0	0	0	
0.156	0.826753	-0.0210358	2.02361	1.20955	6.11914	2.44766	9.17143e-08	0	0	0	0	0	0	0	0	
0.157	0.826595	-0.0211807	2.02345	1.20978	6.11984	2.44794	9.16072e-08	0	0	0	0	0	0	0	0	
0.158	0.826433	-0.0213257	2.0233	1.21002	6.12059	2.44823	9.15024e-08	0	0	0	0	0	0	0	0	
0.159	0.826268	-0.021471	2.02315	1.21026	6.12136	2.44854	9.14124e-08	0	0	0	0	0	0	0	0	
0.16	0.826102	-0.0216167	2.02301	1.2105	6.12215	2.44886	9.13433e-08	0	0	0	0	0	0	0	0	
0.161	0.825935	-0.021763	2.02286	1.21075	6.12294	2.44918	9.13006e-08	0	0	0	0	0	0	0	0	
0.162	0.825771	-0.0219102	2.02272	1.21099	6.12373	2.44949	9.12997e-08	0	0	0	0	0	0	0	0	
0.163	0.825608	-0.0220584	2.02258	1.21123	6.12452	2.44981	9.13735e-08	0	0	0	0	0	0	0	0	
0.164	0.825449	-0.0222076	2.02244	1.21146	6.12528	2.45011	9.15684e-08	0	0	0	0	0	0	0	0	
0.165	0.825295	-0.0223581	2.02231	1.21169	6.12602	2.45041	9.19287e-08	0	0	0	0	0	0	0	0	
0.166	0.825144	-0.0225098	2.02217	1.21191	6.12673	2.45069	9.24745e-08	0	0	0	0	0	0	0	0	
0.167	0.825	-0.0226628	2.02204	1.21212	6.1274	2.45096	9.31858e-08	0	0	0	0	0	0	0	0	
0.168	0.824861	-0.0228172	2.02191	1.21233	6.12804	2.45121	9.40013e-08	0	0	0	0	0	0	0	0	
0.169	0.824728	-0.022973	2.02178	1.21252	6.12863	2.45145	9.48309e-08	0	0	0	0	0	0	0	0	
0.17	0.824603	-0.02313	2.02165	1.21271	6.12917	2.45167	9.55772e-08	0	0	0	0	0	0	0	0	
0.171	0.824485	-0.0232884	2.02152	1.21288	6.12966	2.45186	9.61558e-08	0	0	0	0	0	0	0	0	
0.172	0.824374	-0.0234479	2.02139	1.21304	6.13009	2.45204	9.65059e-08	0	0	0	0	0	0	0	0	
0.173	0.824271	-0.0236086	2.02126	1.21319	6.13046	2.45218	9.65927e-08	0	0	0	0	0	0	0	0	
0.174	0.824176	-0.0237703	2.02113	1.21333	6.13077	2.45231	9.64028e-08	0	0	0	0	0	0	0	0	
0.175	0.824088	-0.023933	2.021	1.21346	6.13103	2.45241	9.59392e-08	0	0	0	0	0	0	0	0	
0.176	0.824006	-0.0240964	2.02087	1.21358	6.13124	2.4525	9.52197e-08	0	0	0	0	0	0	0	0	
0.177	0.823929	-0.0242606	2.02074	1.2137	6.1314	2.45256	9.42781e-08	0	0	0	0	0	0	0	0	
0.178	0.823856	-0.0244252	2.0206	1.2138	6.13153	2.45261	9.31665e-08	0	0	0	0	0	0	0	0	
0.179	0.823785	-0.0245903	2.02046	1.21391	6.13163	2.45265	9.19552e-08	0	0	0	0	0	0	0	0	
0.18	0.823715	-0.0247558	2.02032	1.21401	6.13172	2.45269	9.07279e-08	0	0	0	0	0	0	0	0	
0.181	0.823645	-0.0249214	2.02017	1.21411	6.1318	2.45272	8.95728e-08	0	0	0	0	0	0	0	0	
0.182	0.823574	-0.0250872	2.02002	1.21422	6.13188	2.45275	8.85701e-08	0	0	0	0	0	0	0	0	
0.183	0.823501	-0.025253	2.01987	1.21433	6.13197	2.45279	8.778e-08	0	0	0	0	0	0	0	0	
0.184	0.823426	-0.0254187	2.01972	1.21444	6.13206	2.45282	8.72341e-08	0	0	0	0	0	0	0	0	
0.185	0.823348	-0.0255843	2.01956	1.21455	6.13216	2.45286	8.69314e-08	0	0	0	0	0	0	0	0	
0.186	0.823267	-0.0257498	2.0194	1.21467	6.13228	2.45291	8.68412e-08	0	0	0	0	0	0	0	0	
0.187	0.823183	-0.0259152	2.01923	1.2148	6.1324	2.45296	8.6912e-08	0	0	0	0	0	0	0	0	
0.188	0.823097	-0.0260804	2.01907	1.21492	6.13253	2.45301	8.70831e-08	0	0	0	0	0	0	0	0	
0.189	0.823009	-0.0262454	2.0189	1.21505	6.13267	2.45307	8.72981e-08	0	0	0	0	0	0	0	0	
0.19	0.822919	-0.0264103	2.01872	1.21519	6.1328	2.45312	8.75141e-08	0	0	0	0	0	0	0	0	
0.191	0.822829	-0.0265751	2.01854	1.21532	6.13294	2.45318	8.77071e-08	0	0	0	0	0	0	0	0	
0.192	0.822737	-0.0267399	2.01836	1.21546	6.13308	2.45323	8.787e-08	0	0	0	0	0	0	0	0	
0.193	0.822644	-0.0269047	2.01818	1.21559	6.13321	2.45328	8.80068e-08	0	0	0	0	0	0	0	0	
0.194	0.822552	-0.0270697	2.01799	1.21573	6.13334	2.45333	8.81234e-08	0	0	0	0	0	0	0	0	
0.195	0.822459	-0.0272348	2.01781	1.21587	6.13345	2.45338	8.82209e-08	0	0	0	0	0	0	0	0	
0.196	0.822367	-0.0274003	2.01762	1.216	6.13357	2.45343	8.82923e-08	0	0	0	0	0	0	0	0	
0.197	0.822275	-0.0275661	2.01742	1.21614	6.13367	2.45347	8.83245e-08	0	0	0	0	0	0	0	0	
0.198	0.822183	-0.0277324	2.01723	1.21627	6.13376	2.4535	8.83043e-08	0	0	0	0	0	0	0	0	
0.199	0.822092	-0.0278994	2.01703	1.21641	6.13384	2.45353	8.82247e-08	0	0	0	0	0	0	0	0	
0.2	0.822002	-0.0280671	2.01683	1.21654	6.1339	2.45356	8.80899e-08	0	0	0	0	0	0	0	0	
0.201	0.821914	-0.0282357	2.01663	1.21667	6.13396	2.45358	8.79144e-08	0	0	0	0	0	0	0	0	
0.202	0.821827	-0.0284052	2.01643	1.2168	6.13399	2.4536	8.77198e-08	0	0	0	0	0	0	0	0	
0.203	0.821741	-0.0285758	2.01623	1.21693	6.13401	2.45361	8.75276e-08	0	0	0	0	0	0	0	0	
0.204	0.821658	-0.0287476	2.01603	1.21705	6.13402	2.45361	8.73535e-08	0	0	0	0	0	0	0	0	
0.205	0.821576	-0.0289207	2.01582	1.21717	6.13401	2.4536	8.72048e-08	0	0	0	0	0	0	0	0	
0.206	0.821496	-0.0290951	2.01561	1.21729	6.13398	2.45359	8.70802e-08	0	0	0	0	0	0	0	0	
0.207	0.821417	-0.0292711	2.01541	1.21741	6.13393	2.45357	8.69737e-08	0	0	0	0	0	0	0	0	
0.208	0.821341	-0.0294486	2.0152	1.21752	6.13387	2.45355	8.68784e-08	0	0	0	0	0	0	0	0	
0.209	0.821265	-0.0296277	2.01499	1.21763	6.1338	2.45352	8.67894e-08	0	0	0	0	0	0	0	0	
0.21	0.821191	-0.0298086	2.01478	1.21774	6.13371	2.45348	8.67056e-08	0	0	0	0	0	0	0	0	
0.211	0.821118	-0.0299912	2.01457	1.21785	6.13362	2.45345	8.6629e-08	0	0	0	0	0	0	0	0	
0.212	0.821045	-0.0301757	2.01436	1.21796	6.13352	2.45341	8.65639e-08	0	0	0	0	0	0	0	0	
0.213	0.820972	-0.030362	2.01415	1.21807	6.13341	2.45337	8.65153e-08	0	0	0	0	0	0	0	0	
0.214	0.8209	-0.0305502	2.01393	1.21818	6.13331	2.45332	8.64882e-08	0	0	0	0	0	0	0	0	
0.215	0.820827	-0.0307403	2.01372	1.21828	6.1332	2.45328	8.64864e-08	0	0	0	0	0	0	0	0	
0.216	0.820753	-0.0309324	2.0135	1.21839	6.1331	2.45324	8.65118e-08	0	0	0	0	0	0	0	0	
0.217	0.820678	-0.0311263	2.01329	1.2185	6.133	2.4532	8.6563e-08	0	0	0	0	0	0	0	0	
0.218	0.820602	-0.0313221	2.01307	1.21862	6.13291	2.45316	8.66347e-08	0	0	0	0	0	0	0	0	
0.219	0.820524	-0.0315198	2.01285	1.21873	6.13283	2.45313	8.67173e-08	0	0	0	0	0	0	0	0	
0.22	0.820444	-0.0317192	2.01264	1.21885	6.13277	2.45311	8.67979e-08	0	0	0	0	0	0	0	0	
0.221	0.82036	-0.0319204	2.01242	1.21898	6.13272	2.45309	8.68616e-08	0	0	0	0	0	0	0	0	
0.222	0.820274	-0.0321233	2.0122	1.21911	6.1327	2.45308	8.68937e-08	0	0	0	0	0	0	0	0	
0.223	0.820183	-0.0323277	2.01198	1.21924	6.1327	2.45308	8.68823e-08	0	0	0	0	0	0	0	0	
0.224	0.820089	-0.0325337	2.01175	1.21938	6.13273	2.45309	8.68203e-08	0	0	0	0	0	0	0	0	
0.225	0.81999	-0.032741	2.01153	1.21953	6.13278	2.45311	8.67068e-08	0	0	0	0	0	0	0	0	
0.226	0.819887	-0.0329496	2.0113	1.21968	6.13287	2.45315	8.65477e-08	0	0	0	0	0	0	0	0	
0.227	0.819781	-0.0331593	2.01108	1.21984	6.13297	2.45319	8.6355e-08	0	0	0	0	0	0	0	0	
0.228	0.819673	-0.0333701	2.01085	1.22	6.13308	2.45323	8.61455e-08	0	0	0	0	0	0	0	0	
0.229	0.819564	-0.0335818	2.01062	1.22016	6.13319	2.45328	8.59387e-08	0	0	0	0	0	0	0	0	
0.23	0.819457	-0.0337942	2.01039	1.22032	6.13329	2.45331	8.57537e-08	0	0	0	0	0	0	0	0	
0.231	0.819354	-0.0340072	2.01015	1.22047	6.13334	2.45334	8.56069e-08	0	0	0	0	0	0	0	0	
0.232	0.819257	-0.0342208	2.00991	1.22062	6.13334	2.45334	8.55102e-08	0	0	0	0	0	0	0	0	
0.233	0.81917	-0.0344347	2.00968	1.22075	6.13326	2.45331	8.54692e-08	0	0	0	0	0	0	0	0	
0.234	0.819094	-0.0346488	2.00943	1.22086	6.1331	2.45324	8.54836e-08	0	0	0	0	0	0	0	0	
0.235	0.819031	-0.0348632	2.00919	1.22095	6.13282	2.45313	8.55476e-08	0	0	0	0	0	0	0	0	
0.236	0.818982	-0.0350776	2.00894	1.22103	6.13244	2.45297	8.56509e-08	0	0	0	0	0	0	0	0	
0.237	0.818947	-0.0352919	2.00869	1.22108	6.13194	2.45278	8.57811e-08	0	0	0	0	0	0	0	0	
0.238	0.818924	-0.0355063	2.00844	1.22111	6.13134	2.45254	8.59248e-08	0	0	0	0	0	0	0	0	
0.239	0.818912	-0.0357205	2.00818	1.22113	6.13065	2.45226	8.60701e-08	0	0	0	0	0	0	0	0	
0.24	0.818908	-0.0359347	2.00792	1.22114	6.12988	2.45195	8.62071e-08	0	0	0	0	0	0	0	0	
0.241	0.81891	-0.0361488	2.00766	1.22114	6.12907	2.45163	8.63289e-08	0	0	0	0	0	0	0	0	
0.242	0.818914	-0.036363	2.0074	1.22113	6.12824	2.45129	8.64315e-08	0	0	0	0	0	0	0	0	
0.243	0.818916	-0.0365772	2.00713	1.22113	6.1274	2.45096	8.65136e-08	0	0	0	0	0	0	0	0	
0.244	0.818913	-0.0367916	2.00686	1.22113	6.1266	2.45064	8.65761e-08	0	0	0	0	0	0	0	0	
0.245	0.818903	-0.0370064	2.00659	1.22115	6.12584	2.45034	8.66211e-08	0	0	0	0	0	0	0	0	
0.246	0.818883	-0.0372217	2.00631	1.22118	6.12515	2.45006	8.66515e-08	0	0	0	0	0	0	0	0	
0.247	0.818851	-0.0374377	2.00603	1.22122	6.12453	2.44981	8.667e-08	0	0	0	0	0	0	0	0	
0.248	0.818807	-0.0376547	2.00575	1.22129	6.12401	2.4496	8.66792e-08	0	0	0	0	0	0	0	0	
0.249	0.81875	-0.0378727	2.00547	1.22137	6.12357	2.44943	8.66809e-08	0	0	0	0	0	0	0	0	
0.25	0.818681	-0.0380921	2.00519	1.22148	6.12323	2.44929	8.66761e-08	0	0	0	0	0	0	0	0	
0.251	0.818599	-0.0383131	2.0049	1.2216	6.12297	2.44919	8.66649e-08	0	0	0	0	0	0	0	0	
0.252	0.818506	-0.038536	2.00462	1.22174	6.12279	2.44912	8.66471e-08	0	0	0	0	0	0	0	0	
0.253	0.818403	-0.0387608	2.00433	1.22189	6.12268	2.44907	8.66219e-08	0	0	0	0	0	0	0	0	
0.254	0.818292	-0.038988	2.00404	1.22206	6.12264	2.44905	8.65889e-08	0	0	0	0	0	0	0	0	
0.255	0.818174	-0.0392175	2.00375	1.22223	6.12264	2.44905	8.65481e-08	0	0	0	0	0	0	0	0	
0.256	0.81805	-0.0394496	2.00346	1.22242	6.12268	2.44907	8.65001e-08	0	0	0	0	0	0	0	0	
0.257	0.817923	-0.0396845	2.00317	1.22261	6.12274	2.4491	8.64461e-08	0	0	0	0	0	0	0	0	
0.258	0.817793	-0.0399222	2.00288	1.2228	6.12283	2.44913	8.63876e-08	0	0	0	0	0	0	0	0	
0.259	0.817663	-0.0401628	2.00259	1.223	6.12291	2.44917	8.6326e-08	0	0	0	0	0	0	0	0	
0.26	0.817532	-0.0404063	2.0023	1.22319	6.123	2.4492	8.62617e-08	0	0	0	0	0	0	0	0	
0.261	0.817403	-0.0406527	2.00201	1.22339	6.12307	2.44923	8.6194e-08	0	0	0	0	0	0	0	0	
0.262	0.817277	-0.040902	2.00171	1.22358	6.12311	2.44924	8.61209e-08	0	0	0	0	0	0	0	0	
0.263	0.817154	-0.0411541	2.00141	1.22376	6.12312	2.44925	8.60396e-08	0	0	0	0	0	0	0	0	
0.264	0.817036	-0.041409	2.00112	1.22394	6.12309	2.44924	8.59471e-08	0	0	0	0	0	0	0	0	
0.265	0.816923	-0.0416664	2.00082	1.2241	6.12302	2.44921	8.58414e-08	0	0	0	0	0	0	0	0	
0.266	0.816816	-0.0419263	2.00051	1.22427	6.12289	2.44916	8.57227e-08	0	0	0	0	0	0	0	0	
0.267	0.816715	-0.0421884	2.00021	1.22442	6.12271	2.44909	8.55939e-08	0	0	0	0	0	0	0	0	
0.268	0.81662	-0.0424526	1.9999	1.22456	6.12248	2.44899	8.54615e-08	0	0	0	0	0	0	0	0	
0.269	0.81653	-0.0427186	1.99958	1.22469	6.12219	2.44888	8.53349e-08	0	0	0	0	0	0	0	0	
0.27	0.816445	-0.0429864	1.99926	1.22482	6.12185	2.44874	8.52257e-08	0	0	0	0	0	0	0	0	
0.271	0.816365	-0.0432557	1.99894	1.22494	6.12146	2.44858	8.51466e-08	0	0	0	0	0	0	0	0	
0.272	0.816287	-0.0435263	1.99861	1.22506	6.12104	2.44841	8.51096e-08	0	0	0	0	0	0	0	0	
0.273	0.816211	-0.0437981	1.99827	1.22517	6.12058	2.44823	8.51241e-08	0	0	0	0	0	0	0	0	
0.274	0.816136	-0.0440709	1.99793	1.22529	6.1201	2.44804	8.51962e-08	0	0	0	0	0	0	0	0	
0.275	0.816059	-0.0443446	1.99758	1.2254	6.1196	2.44784	8.53273e-08	0	0	0	0	0	0	0	0	
0.276	0.815981	-0.0446191	1.99723	1.22552	6.1191	2.44764	8.5514e-08	0	0	0	0	0	0	0	0	
0.277	0.8159	-0.0448944	1.99686	1.22564	6.11859	2.44744	8.57482e-08	0	0	0	0	0	0	0	0	
0.278	0.815815	-0.0451704	1.99649	1.22577	6.1181	2.44724	8.60183e-08	0	0	0	0	0	0	0	0	
0.279	0.815725	-0.045447	1.99612	1.2259	6.11761	2.44705	8.63099e-08	0	0	0	0	0	0	0	0	
0.28	0.815629	-0.0457245	1.99573	1.22605	6.11715	2.44686	8.66072e-08	0	0	0	0	0	0	0	0	
0.281	0.815527	-0.0460028	1.99533	1.2262	6.1167	2.44668	8.68947e-08	0	0	0	0	0	0	0	0	
0.282	0.815419	-0.046282	1.99493	1.22636	6.11627	2.44651	8.71577e-08	0	0	0	0	0	0	0	0	
0.283	0.815304	-0.0465624	1.99452	1.22654	6.11587	2.44635	8.73838e-08	0	0	0	0	0	0	0	0	
0.284	0.815183	-0.0468441	1.9941	1.22672	6.11549	2.4462	8.75628e-08	0	0	0	0	0	0	0	0	
0.285	0.815056	-0.0471274	1.99367	1.22691	6.11513	2.44605	8.76875e-08	0	0	0	0	0	0	0	0	
0.286	0.814923	-0.0474125	1.99323	1.22711	6.11479	2.44592	8.77537e-08	0	0	0	0	0	0	0	0	
0.287	0.814783	-0.0476998	1.99279	1.22732	6.11447	2.44579	8.77599e-08	0	0	0	0	0	0	0	0	
0.288	0.814638	-0.0479896	1.99233	1.22754	6.11417	2.44567	8.77071e-08	0	0	0	0	0	0	0	0	
0.289	0.814489	-0.0482822	1.99187	1.22776	6.11388	2.44555	8.75988e-08	0	0	0	0	0	0	0	0	
0.29	0.814334	-0.0485781	1.99141	1.228	6.1136	2.44544	8.74401e-08	0	0	0	0	0	0	0	0	
0.291	0.814177	-0.0488777	1.99093	1.22823	6.11332	2.44533	8.72376e-08	0	0	0	0	0	0	0	0	
0.292	0.814016	-0.0491813	1.99045	1.22848	6.11305	2.44522	8.6999e-08	0	0	0	0	0	0	0	0	
0.293	0.813853	-0.0494894	1.98996	1.22872	6.11277	2.44511	8.67325e-08	0	0	0	0	0	0	0	0	
0.294	0.813689	-0.0498025	1.98946	1.22897	6.11248	2.44499	8.64464e-08	0	0	0	0	0	0	0	0	
0.295	0.813525	-0.0501209	1.98896	1.22922	6.11217	2.44487	8.6149e-08	0	0	0	0	0	0	0	0	
0.296	0.813361	-0.050445	1.98845	1.22947	6.11183	2.44473	8.58482e-08	0	0	0	0	0	0	0	0	
0.297	0.8132	-0.0507752	1.98794	1.22971	6.11147	2.44459	8.55512e-08	0	0	0	0	0	0	0	0	
0.298	0.813041	-0.0511118	1.98742	1.22995	6.11107	2.44443	8.52648e-08	0	0	0	0	0	0	0	0	
0.299	0.812885	-0.0514552	1.98689	1.23019	6.11063	2.44425	8.4995e-08	0	0	0	0	0	0	0	0	
0.3	0.812733	-0.0518056	1.98636	1.23042	6.11014	2.44406	8.47472e-08	0	0	0	0	0	0	0	0	
0.301	0.812585	-0.0521633	1.98583	1.23064	6.10961	2.44384	8.45264e-08	0	0	0	0	0	0	0	0	
0.302	0.81244	-0.0525285	1.98529	1.23086	6.10903	2.44361	8.43365e-08	0	0	0	0	0	0	0	0	
0.303	0.8123	-0.0529012	1.98474	1.23107	6.1084	2.44336	8.41811e-08	0	0	0	0	0	0	0	0	
0.304	0.812163	-0.0532815	1.98419	1.23128	6.10774	2.4431	8.40627e-08	0	0	0	0	0	0	0	0	
0.305	0.812027	-0.0536695	1.98363	1.23149	6.10704	2.44282	8.3983e-08	0	0	0	0	0	0	0	0	
0.306	0.811894	-0.0540651	1.98307	1.23169	6.10631	2.44252	8.39427e-08	0	0	0	0	0	0	0	0	
0.307	0.81176	-0.0544683	1.9825	1.23189	6.10556	2.44222	8.39415e-08	0	0	0	0	0	0	0	0	
0.308	0.811626	-0.0548789	1.98192	1.23209	6.10479	2.44192	8.39782e-08	0	0	0	0	0	0	0	0	
0.309	0.811489	-0.0552967	1.98134	1.2323	6.10402	2.44161	8.40506e-08	0	0	0	0	0	0	0	0	
0.31	0.811349	-0.0557216	1.98075	1.23251	6.10325	2.4413	8.41556e-08	0	0	0	0	0	0	0	0	
0.311	0.811205	-0.0561532	1.98015	1.23273	6.10249	2.44099	8.42897e-08	0	0	0	0	0	0	0	0	
0.312	0.811054	-0.0565913	1.97954	1.23296	6.10174	2.44069	8.44489e-08	0	0	0	0	0	0	0	0	
0.313	0.810897	-0.0570356	1.97892	1.2332	6.10101	2.4404	8.46289e-08	0	0	0	0	0	0	0	0	
0.314	0.810733	-0.0574857	1.97829	1.23345	6.1003	2.44012	8.48253e-08	0	0	0	0	0	0	0	0	
0.315	0.810561	-0.0579414	1.97765	1.23371	6.09963	2.43985	8.50336e-08	0	0	0	0	0	0	0	0	
0.316	0.81038	-0.0584022	1.977	1.23399	6.09898	2.43959	8.52492e-08	0	0	0	0	0	0	0	0	
0.317	0.81019	-0.0588679	1.97633	1.23428	6.09836	2.43935	8.54677e-08	0	0	0	0	0	0	0	0	
0.318	0.809992	-0.059338	1.97566	1.23458	6.09778	2.43911	8.56845e-08	0	0	0	0	0	0	0	0	
0.319	0.809784	-0.0598123	1.97497	1.2349	6.09722	2.43889	8.58946e-08	0	0	0	0	0	0	0	0	
0.32	0.809567	-0.0602904	1.97427	1.23523	6.09669	2.43868	8.60932e-08	0	0	0	0	0	0	0	0	
0.321	0.809342	-0.060772	1.97356	1.23557	6.09619	2.43848	8.6275e-08	0	0	0	0	0	0	0	0	
0.322	0.809108	-0.0612568	1.97283	1.23593	6.0957	2.43828	8.64348e-08	0	0	0	0	0	0	0	0	
0.323	0.808868	-0.0617445	1.9721	1.2363	6.09523	2.43809	8.65675e-08	0	0	0	0	0	0	0	0	
0.324	0.808621	-0.0622348	1.97134	1.23667	6.09477	2.43791	8.66686e-08	0	0	0	0	0	0	0	0	
0.325	0.808368	-0.0627274	1.97058	1.23706	6.09431	2.43772	8.67345e-08	0	0	0	0	0	0	0	0	
0.326	0.808112	-0.063222	1.9698	1.23745	6.09384	2.43754	8.67627e-08	0	0	0	0	0	0	0	0	
0.327	0.807853	-0.0637185	1.96901	1.23785	6.09335	2.43734	8.67528e-08	0	0	0	0	0	0	0	0	
0.328	0.807593	-0.0642165	1.96821	1.23825	6.09283	2.43713	8.67061e-08	0	0	0	0	0	0	0	0	
0.329	0.807333	-0.0647158	1.9674	1.23865	6.09228	2.43691	8.66261e-08	0	0	0	0	0	0	0	0	
0.33	0.807075	-0.0652162	1.96658	1.23904	6.09168	2.43667	8.65182e-08	0	0	0	0	0	0	0	0	
0.331	0.806821	-0.0657175	1.96575	1.23943	6.09103	2.43641	8.63894e-08	0	0	0	0	0	0	0	0	
0.332	0.80657	-0.0662194	1.96491	1.23982	6.09031	2.43613	8.62478e-08	0	0	0	0	0	0	0	0	
0.333	0.806325	-0.0667217	1.96406	1.24019	6.08954	2.43582	8.61021e-08	0	0	0	0	0	0	0	0	
0.334	0.806086	-0.0672242	1.96321	1.24056	6.0887	2.43548	8.59603e-08	0	0	0	0	0	0	0	0	
0.335	0.805854	-0.0677268	1.96235	1.24092	6.08779	2.43512	8.58295e-08	0	0	0	0	0	0	0	0	
0.336	0.805627	-0.0682293	1.96149	1.24127	6.08683	2.43473	8.57151e-08	0	0	0	0	0	0	0	0	
0.337	0.805408	-0.0687314	1.96063	1.24161	6.08582	2.43433	8.56202e-08	0	0	0	0	0	0	0	0	
0.338	0.805194	-0.0692329	1.95976	1.24194	6.08476	2.4339	8.55456e-08	0	0	0	0	0	0	0	0	
0.339	0.804985	-0.0697337	1.9589	1.24226	6.08366	2.43347	8.54896e-08	0	0	0	0	0	0	0	0	
0.34	0.80478	-0.0702336	1.95805	1.24257	6.08255	2.43302	8.54484e-08	0	0	0	0	0	0	0	0	
0.341	0.804579	-0.0707323	1.9572	1.24289	6.08142	2.43257	8.54167e-08	0	0	0	0	0	0	0	0	
0.342	0.804381	-0.0712296	1.95635	1.24319	6.0803	2.43212	8.53884e-08	0	0	0	0	0	0	0	0	
0.343	0.804184	-0.0717253	1.95552	1.2435	6.0792	2.43168	8.53574e-08	0	0	0	0	0	0	0	0	
0.344	0.803987	-0.072219	1.95469	1.2438	6.07812	2.43125	8.53179e-08	0	0	0	0	0	0	0	0	
0.345	0.80379	-0.0727105	1.95388	1.24411	6.07709	2.43084	8.52657e-08	0	0	0	0	0	0	0	0	
0.346	0.803593	-0.0731995	1.95309	1.24441	6.07611	2.43044	8.51984e-08	0	0	0	0	0	0	0	0	
0.347	0.803394	-0.0736855	1.95231	1.24472	6.07518	2.43007	8.51157e-08	0	0	0	0	0	0	0	0	
0.348	0.803194	-0.0741682	1.95154	1.24503	6.07432	2.42973	8.50195e-08	0	0	0	0	0	0	0	0	
0.349	0.802992	-0.0746472	1.9508	1.24534	6.07353	2.42941	8.49136e-08	0	0	0	0	0	0	0	0	
0.35	0.802788	-0.075122	1.95007	1.24566	6.07281	2.42913	8.48037e-08	0	0	0	0	0	0	0	0	
0.351	0.802584	-0.0755921	1.94937	1.24598	6.07217	2.42887	8.46965e-08	0	0	0	0	0	0	0	0	
0.352	0.802379	-0.076057	1.94869	1.24629	6.0716	2.42864	8.45994e-08	0	0	0	0	0	0	0	0	
0.353	0.802173	-0.076516	1.94803	1.24661	6.0711	2.42844	8.45197e-08	0	0	0	0	0	0	0	0	
0.354	0.801969	-0.0769686	1.94739	1.24693	6.07066	2.42826	8.44641e-08	0	0	0	0	0	0	0	0	
0.355	0.801766	-0.0774141	1.94678	1.24725	6.07028	2.42811	8.4438e-08	0	0	0	0	0	0	0	0	
0.356	0.801565	-0.077852	1.94619	1.24756	6.06995	2.42798	8.44455e-08	0	0	0	0	0	0	0	0	
0.357	0.801368	-0.0782814	1.94562	1.24787	6.06967	2.42787	8.44885e-08	0	0	0	0	0	0	0	0	
0.358	0.801176	-0.0787018	1.94507	1.24817	6.06942	2.42777	8.45671e-08	0	0	0	0	0	0	0	0	
0.359	0.800989	-0.0791125	1.94454	1.24846	6.06919	2.42768	8.46793e-08	0	0	0	0	0	0	0	0	
0.36	0.80081	-0.0795128	1.94404	1.24874	6.06897	2.42759	8.48213e-08	0	0	0	0	0	0	0	0	
0.361	0.80064	-0.0799023	1.94355	1.249	6.06875	2.4275	8.49879e-08	0	0	0	0	0	0	0	0	
0.362	0.800479	-0.0802803	1.94309	1.24925	6.06852	2.42741	8.51726e-08	0	0	0	0	0	0	0	0	
0.363	0.800328	-0.0806464	1.94264	1.24949	6.06826	2.4273	8.53682e-08	0	0	0	0	0	0	0	0	
0.364	0.800189	-0.0810002	1.94221	1.24971	6.06797	2.42719	8.55672e-08	0	0	0	0	0	0	0	0	
0.365	0.800062	-0.0813413	1.94179	1.2499	6.06764	2.42705	8.5762e-08	0	0	0	0	0	0	0	0	
0.366	0.799947	-0.0816696	1.94139	1.25008	6.06726	2.4269	8.59456e-08	0	0	0	0	0	0	0	0	
0.367	0.799844	-0.0819848	1.94101	1.25024	6.06683	2.42673	8.61115e-08	0	0	0	0	0	0	0	0	
0.368	0.799754	-0.082287	1.94064	1.25038	6.06635	2.42654	8.62543e-08	0	0	0	0	0	0	0	0	
0.369	0.799676	-0.082576	1.94028	1.25051	6.06582	2.42633	8.63693e-08	0	0	0	0	0	0	0	0	
0.37	0.799609	-0.0828521	1.93993	1.25061	6.06524	2.4261	8.6453e-08	0	0	0	0	0	0	0	0	
0.371	0.799552	-0.0831153	1.93959	1.2507	6.06462	2.42585	8.65029e-08	0	0	0	0	0	0	0	0	
0.372	0.799503	-0.0833659	1.93926	1.25078	6.06396	2.42559	8.65174e-08	0	0	0	0	0	0	0	0	
0.373	0.799461	-0.0836041	1.93894	1.25084	6.06328	2.42531	8.6496e-08	0	0	0	0	0	0	0	0	
0.374	0.799425	-0.0838304	1.93863	1.2509	6.06259	2.42504	8.64389e-08	0	0	0	0	0	0	0	0	
0.375	0.799393	-0.0840452	1.93833	1.25095	6.06189	2.42476	8.6347e-08	0	0	0	0	0	0	0	0	
0.376	0.799362	-0.0842488	1.93804	1.251	6.0612	2.42448	8.62221e-08	0	0	0	0	0	0	0	0	
0.377	0.799332	-0.0844419	1.93775	1.25104	6.06053	2.42421	8.60664e-08	0	0	0	0	0	0	0	0	
0.378	0.799301	-0.0846248	1.93747	1.25109	6.05989	2.42396	8.58828e-08	0	0	0	0	0	0	0	0	
0.379	0.799266	-0.0847982	1.9372	1.25115	6.05929	2.42372	8.56744e-08	0	0	0	0	0	0	0	0	
0.38	0.799228	-0.0849627	1.93693	1.25121	6.05875	2.4235	8.54448e-08	0	0	0	0	0	0	0	0	
0.381	0.799186	-0.0851189	1.93667	1.25127	6.05825	2.4233	8.51977e-08	0	0	0	0	0	0	0	0	
0.382	0.799137	-0.0852675	1.93641	1.25135	6.05783	2.42313	8.49368e-08	0	0	0	0	0	0	0	0	
0.383	0.799083	-0.085409	1.93617	1.25144	6.05747	2.42299	8.46657e-08	0	0	0	0	0	0	0	0	
0.384	0.799022	-0.0855443	1.93593	1.25153	6.05718	2.42287	8.4388e-08	0	0	0	0	0	0	0	0	
0.385	0.798954	-0.0856739	1.93569	1.25164	6.05696	2.42278	8.4107e-08	0	0	0	0	0	0	0	0	
0.386	0.798881	-0.0857985	1.93547	1.25175	6.05681	2.42272	8.3826e-08	0	0	0	0	0	0	0	0	
0.387	0.798802	-0.0859188	1.93525	1.25187	6.05673	2.42269	8.35479e-08	0	0	0	0	0	0	0	0	
0.388	0.798719	-0.0860355	1.93505	1.252	6.05671	2.42269	8.32757e-08	0	0	0	0	0	0	0	0	
0.389	0.798632	-0.086149	1.93485	1.25214	6.05676	2.4227	8.30123e-08	0	0	0	0	0	0	0	0	
0.39	0.798543	-0.0862601	1.93466	1.25228	6.05685	2.42274	8.27604e-08	0	0	0	0	0	0	0	0	
0.391	0.798452	-0.086369	1.93449	1.25242	6.05699	2.4228	8.25231e-08	0	0	0	0	0	0	0	0	
0.392	0.798362	-0.0864762	1.93432	1.25256	6.05716	2.42286	8.23034e-08	0	0	0	0	0	0	0	0	
0.393	0.798274	-0.0865819	1.93417	1.2527	6.05736	2.42294	8.21044e-08	0	0	0	0	0	0	0	0	
0.394	0.798189	-0.0866865	1.93404	1.25284	6.05757	2.42303	8.19293e-08	0	0	0	0	0	0	0	0	
0.395	0.798109	-0.08679	1.93391	1.25296	6.05779	2.42312	8.1781e-08	0	0	0	0	0	0	0	0	
0.396	0.798036	-0.0868923	1.9338	1.25308	6.05801	2.4232	8.16623e-08	0	0	0	0	0	0	0	0	
0.397	0.79797	-0.0869935	1.93371	1.25318	6.05821	2.42328	8.15754e-08	0	0	0	0	0	0	0	0	
0.398	0.797913	-0.0870932	1.93363	1.25327	6.05839	2.42336	8.15221e-08	0	0	0	0	0	0	0	0	
0.399	0.797866	-0.0871912	1.93356	1.25334	6.05854	2.42342	8.15032e-08	0	0	0	0	0	0	0	0	
0.4	0.79783	-0.087287	1.93351	1.2534	6.05866	2.42346	8.15189e-08	0	0	0	0	0	0	0	0	
0.401	0.797805	-0.0873801	1.93348	1.25344	6.05874	2.4235	8.15683e-08	0	0	0	0	0	0	0	0	
0.402	0.797792	-0.0874697	1.93346	1.25346	6.05878	2.42351	8.16497e-08	0	0	0	0	0	0	0	0	
0.403	0.79779	-0.0875552	1.93345	1.25346	6.05878	2.42351	8.17606e-08	0	0	0	0	0	0	0	0	
0.404	0.7978	-0.0876357	1.93347	1.25345	6.05874	2.4235	8.18979e-08	0	0	0	0	0	0	0	0	
0.405	0.79782	-0.0877102	1.93349	1.25342	6.05867	2.42347	8.20578e-08	0	0	0	0	0	0	0	0	
0.406	0.79785	-0.0877778	1.93353	1.25337	6.05857	2.42343	8.22363e-08	0	0	0	0	0	0	0	0	
0.407	0.797888	-0.0878377	1.93358	1.25331	6.05844	2.42338	8.24292e-08	0	0	0	0	0	0	0	0	
0.408	0.797935	-0.0878887	1.93365	1.25324	6.0583	2.42332	8.26323e-08	0	0	0	0	0	0	0	0	
0.409	0.797988	-0.08793	1.93373	1.25315	6.05815	2.42326	8.28414e-08	0	0	0	0	0	0	0	0	
0.41	0.798046	-0.0879606	1.93383	1.25306	6.05801	2.4232	8.3053e-08	0	0	0	0	0	0	0	0	
0.411	0.798109	-0.0879796	1.93394	1.25296	6.05787	2.42315	8.32634e-08	0	0	0	0	0	0	0	0	
0.412	0.798175	-0.0879862	1.93406	1.25286	6.05775	2.4231	8.34695e-08	0	0	0	0	0	0	0	0	
0.413	0.798243	-0.0879796	1.93419	1.25275	6.05766	2.42307	8.36688e-08	0	0	0	0	0	0	0	0	
0.414	0.798311	-0.087959	1.93434	1.25264	6.05761	2.42304	8.38589e-08	0	0	0	0	0	0	0	0	
0.415	0.79838	-0.0879238	1.9345	1.25254	6.05759	2.42304	8.40379e-08	0	0	0	0	0	0	0	0	
0.416	0.798448	-0.0878733	1.93468	1.25243	6.05762	2.42305	8.42045e-08	0	0	0	0	0	0	0	0	
0.417	0.798516	-0.0878071	1.93487	1.25232	6.0577	2.42308	8.43577e-08	0	0	0	0	0	0	0	0	
0.418	0.798583	-0.0877248	1.93507	1.25222	6.05784	2.42313	8.4497e-08	0	0	0	0	0	0	0	0	
0.419	0.798648	-0.0876262	1.93529	1.25212	6.05802	2.42321	8.46222e-08	0	0	0	0	0	0	0	0	
0.42	0.798713	-0.0875111	1.93553	1.25201	6.05826	2.42331	8.47338e-08	0	0	0	0	0	0	0	0	
0.421	0.798777	-0.0873794	1.93577	1.25191	6.05856	2.42342	8.48323e-08	0	0	0	0	0	0	0	0	
0.422	0.798841	-0.0872311	1.93604	1.25181	6.0589	2.42356	8.49187e-08	0	0	0	0	0	0	0	0	
0.423	0.798906	-0.0870664	1.93632	1.25171	6.0593	2.42372	8.49943e-08	0	0	0	0	0	0	0	0	
0.424	0.798972	-0.0868854	1.93662	1.25161	6.05973	2.42389	8.50603e-08	0	0	0	0	0	0	0	0	
0.425	0.79904	-0.0866885	1.93694	1.2515	6.0602	2.42408	8.51181e-08	0	0	0	0	0	0	0	0	
0.426	0.799112	-0.086476	1.93727	1.25139	6.06071	2.42428	8.5169e-08	0	0	0	0	0	0	0	0	
0.427	0.799189	-0.0862482	1.93763	1.25127	6.06124	2.4245	8.52142e-08	0	0	0	0	0	0	0	0	
0.428	0.79927	-0.0860059	1.938	1.25114	6.06179	2.42472	8.52547e-08	0	0	0	0	0	0	0	0	
0.429	0.799359	-0.0857496	1.9384	1.251	6.06235	2.42494	8.52913e-08	0	0	0	0	0	0	0	0	
0.43	0.799455	-0.08548	1.93881	1.25085	6.06292	2.42517	8.53247e-08	0	0	0	0	0	0	0	0	
0.431	0.799559	-0.0851979	1.93925	1.25069	6.06349	2.4254	8.53554e-08	0	0	0	0	0	0	0	0	
0.432	0.799673	-0.0849042	1.9397	1.25051	6.06405	2.42562	8.53836e-08	0	0	0	0	0	0	0	0	
0.433	0.799798	-0.0845998	1.94018	1.25032	6.06461	2.42584	8.54097e-08	0	0	0	0	0	0	0	0	
0.434	0.799933	-0.0842855	1.94069	1.2501	6.06515	2.42606	8.54337e-08	0	0	0	0	0	0	0	0	
0.435	0.80008	-0.0839622	1.94121	1.24987	6.06568	2.42627	8.54557e-08	0	0	0	0	0	0	0	0	
0.436	0.800239	-0.0836308	1.94176	1.24963	6.06619	2.42648	8.54757e-08	0	0	0	0	0	0	0	0	
0.437	0.800409	-0.0832922	1.94233	1.24936	6.06669	2.42668	8.54937e-08	0	0	0	0	0	0	0	0	
0.438	0.800592	-0.0829471	1.94293	1.24908	6.06717	2.42687	8.55097e-08	0	0	0	0	0	0	0	0	
0.439	0.800785	-0.0825963	1.94355	1.24877	6.06764	2.42706	8.55235e-08	0	0	0	0	0	0	0	0	
0.44	0.80099	-0.0822405	1.94419	1.24846	6.0681	2.42724	8.5535e-08	0	0	0	0	0	0	0	0	
0.441	0.801205	-0.0818804	1.94486	1.24812	6.06855	2.42742	8.5544e-08	0	0	0	0	0	0	0	0	
0.442	0.80143	-0.0815167	1.94555	1.24777	6.069	2.4276	8.555e-08	0	0	0	0	0	0	0	0	
0.443	0.801663	-0.08115	1.94627	1.24741	6.06946	2.42778	8.55527e-08	0	0	0	0	0	0	0	0	
0.444	0.801905	-0.0807805	1.947	1.24703	6.06993	2.42797	8.55516e-08	0	0	0	0	0	0	0	0	
0.445	0.802154	-0.0804086	1.94776	1.24664	6.07042	2.42817	8.55459e-08	0	0	0	0	0	0	0	0	
0.446	0.80241	-0.0800344	1.94855	1.24625	6.07093	2.42837	8.55352e-08	0	0	0	0	0	0	0	0	
0.447	0.80267	-0.0796574	1.94935	1.24584	6.07146	2.42858	8.55187e-08	0	0	0	0	0	0	0	0	
0.448	0.802935	-0.0792775	1.95018	1.24543	6.07203	2.42881	8.54959e-08	0	0	0	0	0	0	0	0	
0.449	0.803203	-0.078894	1.95102	1.24502	6.07263	2.42905	8.54661e-08	0	0	0	0	0	0	0	0	
0.45	0.803473	-0.0785061	1.95188	1.2446	6.07327	2.42931	8.54289e-08	0	0	0	0	0	0	0	0	
0.451	0.803745	-0.0781131	1.95276	1.24418	6.07395	2.42958	8.53839e-08	0	0	0	0	0	0	0	0	
0.452	0.804019	-0.0777142	1.95366	1.24375	6.07467	2.42987	8.53309e-08	0	0	0	0	0	0	0	0	
0.453	0.804293	-0.0773086	1.95457	1.24333	6.07544	2.43017	8.52697e-08	0	0	0	0	0	0	0	0	
0.454	0.804568	-0.0768954	1.9555	1.2429	6.07624	2.4305	8.52005e-08	0	0	0	0	0	0	0	0	
0.455	0.804844	-0.0764736	1.95644	1.24248	6.07709	2.43084	8.51234e-08	0	0	0	0	0	0	0	0	
0.456	0.80512	-0.0760423	1.9574	1.24205	6.07798	2.43119	8.50391e-08	0	0	0	0	0	0	0	0	
0.457	0.805398	-0.0756003	1.95838	1.24162	6.07891	2.43156	8.49481e-08	0	0	0	0	0	0	0	0	
0.458	0.805678	-0.0751467	1.95937	1.24119	6.07987	2.43195	8.48514e-08	0	0	0	0	0	0	0	0	
0.459	0.805959	-0.0746801	1.96037	1.24076	6.08087	2.43235	8.47499e-08	0	0	0	0	0	0	0	0	
0.46	0.806244	-0.0741994	1.9614	1.24032	6.08189	2.43276	8.46449e-08	0	0	0	0	0	0	0	0	
0.461	0.806532	-0.0737035	1.96244	1.23988	6.08294	2.43318	8.45378e-08	0	0	0	0	0	0	0	0	
0.462	0.806825	-0.0731911	1.9635	1.23943	6.08402	2.43361	8.443e-08	0	0	0	0	0	0	0	0	
0.463	0.807124	-0.0726611	1.96458	1.23897	6.08511	2.43404	8.43229e-08	0	0	0	0	0	0	0	0	
0.464	0.807429	-0.0721126	1.96568	1.2385	6.08622	2.43449	8.42178e-08	0	0	0	0	0	0	0	0	
0.465	0.807742	-0.0715444	1.9668	1.23802	6.08734	2.43494	8.41159e-08	0	0	0	0	0	0	0	0	
0.466	0.808063	-0.0709553	1.96795	1.23753	6.08848	2.43539	8.40182e-08	0	0	0	0	0	0	0	0	
0.467	0.808394	-0.0703443	1.96912	1.23702	6.08962	2.43585	8.39254e-08	0	0	0	0	0	0	0	0	
0.468	0.808735	-0.0697098	1.97033	1.2365	6.09077	2.43631	8.38377e-08	0	0	0	0	0	0	0	0	
0.469	0.809086	-0.0690508	1.97156	1.23596	6.09193	2.43677	8.37552e-08	0	0	0	0	0	0	0	0	
0.47	0.809449	-0.0683661	1.97282	1.23541	6.09309	2.43724	8.36775e-08	0	0	0	0	0	0	0	0	
0.471	0.809825	-0.0676547	1.97411	1.23484	6.09426	2.43771	8.36038e-08	0	0	0	0	0	0	0	0	
0.472	0.810213	-0.066916	1.97544	1.23424	6.09545	2.43818	8.35333e-08	0	0	0	0	0	0	0	0	
0.473	0.810614	-0.0661498	1.97681	1.23363	6.09664	2.43866	8.3465e-08	0	0	0	0	0	0	0	0	
0.474	0.81103	-0.0653556	1.97822	1.233	6.09786	2.43914	8.33977e-08	0	0	0	0	0	0	0	0	
0.475	0.81146	-0.0645335	1.97967	1.23235	6.09909	2.43964	8.33304e-08	0	0	0	0	0	0	0	0	
0.476	0.811905	-0.0636831	1.98116	1.23167	6.10035	2.44014	8.32622e-08	0	0	0	0	0	0	0	0	
0.477	0.812364	-0.0628041	1.9827	1.23097	6.10164	2.44066	8.31924e-08	0	0	0	0	0	0	0	0	
0.478	0.812839	-0.061896	1.98429	1.23026	6.10297	2.44119	8.31208e-08	0	0	0	0	0	0	0	0	
0.479	0.813329	-0.0609585	1.98593	1.22951	6.10433	2.44173	8.30472e-08	0	0	0	0	0	0	0	0	
0.48	0.813834	-0.0599918	1.98762	1.22875	6.10573	2.44229	8.29719e-08	0	0	0	0	0	0	0	0	
0.481	0.814354	-0.0589961	1.98936	1.22797	6.10718	2.44287	8.28956e-08	0	0	0	0	0	0	0	0	
0.482	0.81489	-0.0579723	1.99116	1.22716	6.10869	2.44348	8.2819e-08	0	0	0	0	0	0	0	0	
0.483	0.815442	-0.0569216	1.99302	1.22633	6.11025	2.4441	8.27433e-08	0	0	0	0	0	0	0	0	
0.484	0.81601	-0.0558448	1.99494	1.22548	6.11187	2.44475	8.26695e-08	0	0	0	0	0	0	0	0	
0.485	0.816595	-0.0547429	1.99692	1.2246	6.11356	2.44543	8.25987e-08	0	0	0	0	0	0	0	0	
0.486	0.817197	-0.0536162	1.99897	1.2237	6.11532	2.44613	8.25322e-08	0	0	0	0	0	0	0	0	
0.487	0.817815	-0.0524646	2.00107	1.22277	6.11714	2.44685	8.24709e-08	0	0	0	0	0	0	0	0	
0.488	0.818448	-0.0512881	2.00324	1.22182	6.11902	2.44761	8.24158e-08	0	0	0	0	0	0	0	0	
0.489	0.819098	-0.0500865	2.00547	1.22086	6.12098	2.44839	8.23674e-08	0	0	0	0	0	0	0	0	
0.49	0.819762	-0.04886	2.00776	1.21987	6.12299	2.4492	8.23263e-08	0	0	0	0	0	0	0	0	
0.491	0.820442	-0.0476092	2.01011	1.21885	6.12507	2.45003	8.22928e-08	0	0	0	0	0	0	0	0	
0.492	0.821138	-0.0463353	2.01251	1.21782	6.12721	2.45088	8.22671e-08	0	0	0	0	0	0	0	0	
0.493	0.82185	-0.0450391	2.01498	1.21677	6.12941	2.45177	8.22493e-08	0	0	0	0	0	0	0	0	
0.494	0.822577	-0.0437217	2.01751	1.21569	6.13168	2.45267	8.22392e-08	0	0	0	0	0	0	0	0	
0.495	0.82332	-0.0423834	2.0201	1.21459	6.13399	2.4536	8.22368e-08	0	0	0	0	0	0	0	0	
0.496	0.824078	-0.0410244	2.02274	1.21348	6.13636	2.45454	8.22419e-08	0	0	0	0	0	0	0	0	
0.497	0.824851	-0.0396447	2.02543	1.21234	6.13878	2.45551	8.22545e-08	0	0	0	0	0	0	0	0	
0.498	0.825638	-0.0382442	2.02818	1.21118	6.14124	2.4565	8.22743e-08	0	0	0	0	0	0	0	0	
0.499	0.826438	-0.0368228	2.03097	1.21001	6.14375	2.4575	8.23011e-08	0	0	0	0	0	0	0	0	
0.5	0.827251	-0.0353805	2.03381	1.20882	6.14628	2.45851	8.23349e-08	0	0	0	0	0	0	0	0	
0.501	0.828077	-0.0339174	2.03669	1.20762	6.14885	2.45954	8.23753e-08	0	0	0	0	0	0	0	0	
0.502	0.828914	-0.0324338	2.03961	1.2064	6.15145	2.46058	8.24222e-08	0	0	0	0	0	0	0	0	
0.503	0.829761	-0.03093	2.04256	1.20517	6.15407	2.46163	8.2475e-08	0	0	0	0	0	0	0	0	
0.504	0.83062	-0.0294069	2.04556	1.20392	6.15672	2.46269	8.25335e-08	0	0	0	0	0	0	0	0	
0.505	0.831489	-0.0278658	2.04858	1.20266	6.15938	2.46375	8.25971e-08	0	0	0	0	0	0	0	0	
0.506	0.832369	-0.0263082	2.05164	1.20139	6.16207	2.46483	8.26651e-08	0	0	0	0	0	0	0	0	
0.507	0.833257	-0.0247336	2.05473	1.20011	6.16476	2.46591	8.2737e-08	0	0	0	0	0	0	0	0	
0.508	0.834151	-0.0231391	2.05784	1.19882	6.16747	2.46699	8.28121e-08	0	0	0	0	0	0	0	0	
0.509	0.835048	-0.0215216	2.06096	1.19754	6.17017	2.46807	8.28897e-08	0	0	0	0	0	0	0	0	
0.51	0.835949	-0.0198811	2.06408	1.19625	6.17287	2.46915	8.29694e-08	0	0	0	0	0	0	0	0	
0.511	0.836853	-0.0182218	2.06722	1.19495	6.17556	2.47023	8.30505e-08	0	0	0	0	0	0	0	0	
0.512	0.837763	-0.0165487	2.07037	1.19366	6.17827	2.47131	8.31327e-08	0	0	0	0	0	0	0	0	
0.513	0.838678	-0.014864	2.07354	1.19235	6.18098	2.47239	8.32157e-08	0	0	0	0	0	0	0	0	
0.514	0.839597	-0.013168	2.07672	1.19105	6.18369	2.47348	8.32995e-08	0	0	0	0	0	0	0	0	
0.515	0.84052	-0.0114606	2.07992	1.18974	6.18641	2.47456	8.3384e-08	0	0	0	0	0	0	0	0	
0.516	0.841445	-0.00974034	2.08312	1.18843	6.18912	2.47565	8.34691e-08	0	0	0	0	0	0	0	0	
0.517	0.842375	-0.00801146	2.08635	1.18712	6.19185	2.47674	8.35551e-08	0	0	0	0	0	0	0	0	
0.518	0.843303	-0.00626863	2.08956	1.18581	6.19457	2.47783	8.3642e-08	0	0	0	0	0	0	0	0	
0.519	0.844241	-0.00450752	2.09281	1.1845	6.19731	2.47893	8.37297e-08	0	0	0	0	0	0	0	0	
0.52	0.845218	-0.00281266	2.0962	1.18313	6.20017	2.48007	8.38183e-08	0	0	0	0	0	0	0	0	
0.521	0.846088	-0.00113614	2.09922	1.18191	6.20272	2.48109	8.39077e-08	0	0	0	0	0	0	0	0	
0.522	0.847109	0.00108347	2.10277	1.18049	6.20571	2.48229	8.39975e-08	0	0	0	0	0	0	0	0	
0.523	0.848535	0.00414922	2.10772	1.1785	6.20989	2.48396	8.40873e-08	0	0	0	0	0	0	0	0	
0.524	0.85008	0.00706108	2.1131	1.17636	6.21442	2.48577	8.41768e-08	0	0	0	0	0	0	0	0	
0.525	0.851595	0.00989358	2.11838	1.17427	6.21886	2.48754	8.42655e-08	0	0	0	0	0	0	0	0	
0.526	0.853066	0.0126486	2.12351	1.17224	6.22317	2.48927	8.43527e-08	0	0	0	0	0	0	0	0	
0.527	0.854506	0.0153445	2.12854	1.17027	6.22739	2.49096	8.44377e-08	0	0	0	0	0	0	0	0	
0.528	0.85592	0.0179912	2.13348	1.16833	6.23154	2.49261	8.45199e-08	0	0	0	0	0	0	0	0	
0.529	0.857315	0.0205966	2.13836	1.16643	6.23562	2.49425	8.45986e-08	0	0	0	0	0	0	0	0	
0.53	0.858694	0.0231665	2.14318	1.16456	6.23966	2.49587	8.46731e-08	0	0	0	0	0	0	0	0	
0.531	0.860061	0.0257054	2.14797	1.16271	6.24366	2.49747	8.4743e-08	0	0	0	0	0	0	0	0	
0.532	0.861419	0.0282165	2.15273	1.16088	6.24763	2.49905	8.48075e-08	0	0	0	0	0	0	0	0	
0.533	0.86277	0.0307025	2.15747	1.15906	6.25157	2.50063	8.48663e-08	0	0	0	0	0	0	0	0	
0.534	0.864116	0.0331658	2.16219	1.15725	6.25549	2.50219	8.49189e-08	0	0	0	0	0	0	0	0	
0.535	0.865459	0.0356083	2.1669	1.15546	6.25938	2.50375	8.49649e-08	0	0	0	0	0	0	0	0	
0.536	0.866801	0.0380319	2.1716	1.15367	6.26326	2.5053	8.50037e-08	0	0	0	0	0	0	0	0	
0.537	0.868142	0.0404382	2.1763	1.15188	6.26712	2.50685	8.50352e-08	0	0	0	0	0	0	0	0	
0.538	0.869485	0.0428288	2.181	1.15011	6.27096	2.50839	8.50588e-08	0	0	0	0	0	0	0	0	
0.539	0.870829	0.0452053	2.18571	1.14833	6.2748	2.50992	8.50741e-08	0	0	0	0	0	0	0	0	
0.54	0.872175	0.0475691	2.19042	1.14656	6.27863	2.51145	8.50807e-08	0	0	0	0	0	0	0	0	
0.541	0.873523	0.0499217	2.19515	1.14479	6.28245	2.51298	8.50782e-08	0	0	0	0	0	0	0	0	
0.542	0.874874	0.0522647	2.19988	1.14302	6.28626	2.51451	8.5066e-08	0	0	0	0	0	0	0	0	
0.543	0.876228	0.0545996	2.20462	1.14126	6.29008	2.51603	8.50437e-08	0	0	0	0	0	0	0	0	
0.544	0.877583	0.0569279	2.20936	1.13949	6.29389	2.51756	8.50108e-08	0	0	0	0	0	0	0	0	
0.545	0.878941	0.0592511	2.21412	1.13773	6.2977	2.51908	8.49671e-08	0	0	0	0	0	0	0	0	
0.546	0.880299	0.0615708	2.21889	1.13598	6.30152	2.52061	8.49123e-08	0	0	0	0	0	0	0	0	
0.547	0.881658	0.0638884	2.22366	1.13423	6.30534	2.52214	8.48463e-08	0	0	0	0	0	0	0	0	
0.548	0.883018	0.0662053	2.22844	1.13248	6.30917	2.52367	8.47692e-08	0	0	0	0	0	0	0	0	
0.549	0.884376	0.0685228	2.23323	1.13074	6.31301	2.5252	8.46813e-08	0	0	0	0	0	0	0	0	
0.55	0.885734	0.0708421	2.23802	1.12901	6.31686	2.52674	8.45831e-08	0	0	0	0	0	0	0	0	
0.551	0.88709	0.0731644	2.24282	1.12728	6.32072	2.52829	8.44756e-08	0	0	0	0	0	0	0	0	
0.552	0.888444	0.0754907	2.24762	1.12556	6.32459	2.52984	8.43596e-08	0	0	0	0	0	0	0	0	
0.553	0.889795	0.0778218	2.25242	1.12385	6.32848	2.53139	8.42365e-08	0	0	0	0	0	0	0	0	
0.554	0.891144	0.0801584	2.25723	1.12215	6.33239	2.53295	8.41076e-08	0	0	0	0	0	0	0	0	
0.555	0.89249	0.0825013	2.26203	1.12046	6.3363	2.53452	8.39744e-08	0	0	0	0	0	0	0	0	
0.556	0.893833	0.0848507	2.26684	1.11878	6.34023	2.53609	8.38386e-08	0	0	0	0	0	0	0	0	
0.557	0.895173	0.0872071	2.27165	1.1171	6.34418	2.53767	8.37015e-08	0	0	0	0	0	0	0	0	
0.558	0.896511	0.0895707	2.27647	1.11544	6.34813	2.53925	8.35646e-08	0	0	0	0	0	0	0	0	
0.559	0.897847	0.0919418	2.28128	1.11378	6.35209	2.54084	8.34293e-08	0	0	0	0	0	0	0	0	
0.56	0.899182	0.0943202	2.2861	1.11212	6.35605	2.54242	8.32968e-08	0	0	0	0	0	0	0	0	
0.561	0.900516	0.096706	2.29092	1.11047	6.36002	2.54401	8.3168e-08	0	0	0	0	0	0	0	0	
0.562	0.90185	0.0990991	2.29575	1.10883	6.36399	2.54559	8.30436e-08	0	0	0	0	0	0	0	0	
0.563	0.903185	0.101499	2.30057	1.10719	6.36795	2.54718	8.29242e-08	0	0	0	0	0	0	0	0	
0.564	0.904521	0.103907	2.30541	1.10556	6.3719	2.54876	8.28103e-08	0	0	0	0	0	0	0	0	
0.565	0.90586	0.10632	2.31025	1.10392	6.37584	2.55034	8.27019e-08	0	0	0	0	0	0	0	0	
0.566	0.907201	0.108741	2.31509	1.10229	6.37976	2.55191	8.25992e-08	0	0	0	0	0	0	0	0	
0.567	0.908546	0.111167	2.31995	1.10066	6.38367	2.55347	8.25022e-08	0	0	0	0	0	0	0	0	
0.568	0.909896	0.113599	2.32481	1.09903	6.38757	2.55503	8.24106e-08	0	0	0	0	0	0	0	0	
0.569	0.91125	0.116037	2.32968	1.09739	6.39144	2.55658	8.23244e-08	0	0	0	0	0	0	0	0	
0.57	0.912609	0.11848	2.33456	1.09576	6.39529	2.55812	8.22433e-08	0	0	0	0	0	0	0	0	
0.571	0.913973	0.120927	2.33945	1.09412	6.39913	2.55965	8.21674e-08	0	0	0	0	0	0	0	0	
0.572	0.915342	0.123378	2.34436	1.09249	6.40295	2.56118	8.20965e-08	0	0	0	0	0	0	0	0	
0.573	0.916717	0.125834	2.34928	1.09085	6.40676	2.5627	8.20306e-08	0	0	0	0	0	0	0	0	
0.574	0.918097	0.128293	2.35421	1.08921	6.41056	2.56422	8.19699e-08	0	0	0	0	0	0	0	0	
0.575	0.919482	0.130756	2.35915	1.08757	6.41435	2.56574	8.19147e-08	0	0	0	0	0	0	0	0	
0.576	0.92087	0.133223	2.36411	1.08593	6.41814	2.56726	8.18653e-08	0	0	0	0	0	0	0	0	
0.577	0.922262	0.135694	2.36908	1.08429	6.42193	2.56877	8.18222e-08	0	0	0	0	0	0	0	0	
0.578	0.923655	0.138171	2.37406	1.08266	6.42573	2.57029	8.17861e-08	0	0	0	0	0	0	0	0	
0.579	0.925049	0.140654	2.37905	1.08102	6.42953	2.57181	8.17573e-08	0	0	0	0	0	0	0	0	
0.58	0.926441	0.143146	2.38404	1.0794	6.43334	2.57334	8.17367e-08	0	0	0	0	0	0	0	0	
0.581	0.927829	0.145651	2.38903	1.07778	6.43716	2.57486	8.17245e-08	0	0	0	0	0	0	0	0	
0.582	0.929211	0.14817	2.39401	1.07618	6.44098	2.57639	8.17213e-08	0	0	0	0	0	0	0	0	
0.583	0.930584	0.150709	2.39897	1.07459	6.44481	2.57792	8.17272e-08	0	0	0	0	0	0	0	0	
0.584	0.931943	0.153275	2.4039	1.07303	6.44863	2.57945	8.17421e-08	0	0	0	0	0	0	0	0	
0.585	0.933284	0.155872	2.40878	1.07148	6.45243	2.58097	8.17657e-08	0	0	0	0	0	0	0	0	
0.586	0.934603	0.158511	2.4136	1.06997	6.45621	2.58248	8.17975e-08	0	0	0	0	0	0	0	0	
0.587	0.935894	0.1612	2.41833	1.0685	6.45995	2.58398	8.18365e-08	0	0	0	0	0	0	0	0	
0.588	0.937151	0.163949	2.42295	1.06706	6.46362	2.58545	8.18818e-08	0	0	0	0	0	0	0	0	
0.589	0.938368	0.16677	2.42745	1.06568	6.4672	2.58688	8.1932e-08	0	0	0	0	0	0	0	0	
0.59	0.939537	0.169677	2.43178	1.06435	6.47068	2.58827	8.19858e-08	0	0	0	0	0	0	0	0	
0.591	0.940651	0.172683	2.43592	1.06309	6.47402	2.58961	8.20418e-08	0	0	0	0	0	0	0	0	
0.592	0.941701	0.175801	2.43983	1.06191	6.4772	2.59088	8.20986e-08	0	0	0	0	0	0	0	0	
0.593	0.942681	0.179048	2.4435	1.0608	6.48018	2.59207	8.2155e-08	0	0	0	0	0	0	0	0	
0.594	0.943581	0.182439	2.44687	1.05979	6.48293	2.59317	8.22098e-08	0	0	0	0	0	0	0	0	
0.595	0.944393	0.185987	2.44992	1.05888	6.48543	2.59417	8.2262e-08	0	0	0	0	0	0	0	0	
0.596	0.94511	0.189709	2.45261	1.05808	6.48764	2.59506	8.23109e-08	0	0	0	0	0	0	0	0	
0.597	0.945723	0.193618	2.45492	1.05739	6.48954	2.59581	8.23558e-08	0	0	0	0	0	0	0	0	
0.598	0.946224	0.197727	2.45681	1.05683	6.49109	2.59644	8.23964e-08	0	0	0	0	0	0	0	0	
0.599	0.946608	0.20205	2.45826	1.0564	6.49228	2.59691	8.24323e-08	0	0	0	0	0	0	0	0	
0.6	0.946866	0.206596	2.45923	1.05612	6.49309	2.59724	8.24636e-08	0	0	0	0	0	0	0	0	
0.601	0.946994	0.211374	2.45972	1.05597	6.49349	2.5974	8.24901e-08	0	0	0	0	0	0	0	0	
0.602	0.946987	0.216394	2.4597	1.05598	6.49349	2.5974	8.25119e-08	0	0	0	0	0	0	0	0	
0.603	0.946841	0.22166	2.45916	1.05614	6.49306	2.59723	8.25291e-08	0	0	0	0	0	0	0	0	
0.604	0.946553	0.227177	2.45809	1.05647	6.49221	2.59688	8.25419e-08	0	0	0	0	0	0	0	0	
0.605	0.946119	0.232947	2.45648	1.05695	6.49094	2.59637	8.25508e-08	0	0	0	0	0	0	0	0	
0.606	0.94554	0.238972	2.45433	1.0576	6.48924	2.5957	8.25561e-08	0	0	0	0	0	0	0	0	
0.607	0.944814	0.245251	2.45165	1.05841	6.48713	2.59485	8.25585e-08	0	0	0	0	0	0	0	0	
0.608	0.943941	0.251782	2.44844	1.05939	6.48462	2.59385	8.25589e-08	0	0	0	0	0	0	0	0	
0.609	0.942924	0.25856	2.4447	1.06053	6.48171	2.59268	8.25584e-08	0	0	0	0	0	0	0	0	
0.61	0.941764	0.265582	2.44046	1.06184	6.47842	2.59137	8.25583e-08	0	0	0	0	0	0	0	0	
0.611	0.940464	0.272843	2.43571	1.06331	6.47477	2.58991	8.25601e-08	0	0	0	0	0	0	0	0	
0.612	0.939026	0.280334	2.43049	1.06493	6.47076	2.58831	8.25654e-08	0	0	0	0	0	0	0	0	
0.613	0.937456	0.288049	2.4248	1.06672	6.46643	2.58657	8.25759e-08	0	0	0	0	0	0	0	0	
0.614	0.935758	0.29598	2.41866	1.06865	6.46177	2.58471	8.25933e-08	0	0	0	0	0	0	0	0	
0.615	0.933937	0.304117	2.4121	1.07074	6.45682	2.58273	8.2619e-08	0	0	0	0	0	0	0	0	
0.616	0.931998	0.312454	2.40514	1.07296	6.45158	2.58063	8.26542e-08	0	0	0	0	0	0	0	0	
0.617	0.929947	0.320979	2.3978	1.07533	6.44606	2.57842	8.26998e-08	0	0	0	0	0	0	0	0	
0.618	0.92779	0.329684	2.39009	1.07783	6.44029	2.57612	8.27562e-08	0	0	0	0	0	0	0	0	
0.619	0.925535	0.338559	2.38205	1.08046	6.43427	2.57371	8.28232e-08	0	0	0	0	0	0	0	0	
0.62	0.923186	0.347596	2.3737	1.08321	6.42801	2.5712	8.29002e-08	0	0	0	0	0	0	0	0	
0.621	0.920751	0.356783	2.36505	1.08607	6.42153	2.56861	8.29861e-08	0	0	0	0	0	0	0	0	
0.622	0.918237	0.366112	2.35613	1.08904	6.41483	2.56593	8.3079e-08	0	0	0	0	0	0	0	0	
0.623	0.91565	0.375573	2.34697	1.09212	6.40793	2.56317	8.31771e-08	0	0	0	0	0	0	0	0	
0.624	0.912996	0.385158	2.33757	1.0953	6.40083	2.56033	8.32781e-08	0	0	0	0	0	0	0	0	
0.625	0.910282	0.394856	2.32797	1.09856	6.39355	2.55742	8.33793e-08	0	0	0	0	0	0	0	0	
0.626	0.907514	0.404659	2.31819	1.10191	6.38609	2.55444	8.34784e-08	0	0	0	0	0	0	0	0	
0.627	0.904699	0.414557	2.30824	1.10534	6.37847	2.55139	8.35729e-08	0	0	0	0	0	0	0	0	
0.628	0.901842	0.424542	2.29814	1.10884	6.37069	2.54828	8.36605e-08	0	0	0	0	0	0	0	0	
0.629	0.898948	0.434604	2.28792	1.11241	6.36277	2.54511	8.37393e-08	0	0	0	0	0	0	0	0	
0.63	0.896025	0.444734	2.2776	1.11604	6.35472	2.54189	8.38076e-08	0	0	0	0	0	0	0	0	
0.631	0.893077	0.454922	2.26719	1.11972	6.34656	2.53862	8.38643e-08	0	0	0	0	0	0	0	0	
0.632	0.890109	0.46516	2.25671	1.12346	6.3383	2.53532	8.39084e-08	0	0	0	0	0	0	0	0	
0.633	0.887128	0.475436	2.24619	1.12723	6.32996	2.53198	8.39397e-08	0	0	0	0	0	0	0	0	
0.634	0.884138	0.485742	2.23565	1.13105	6.32156	2.52862	8.3958e-08	0	0	0	0	0	0	0	0	
0.635	0.881146	0.496065	2.22511	1.13489	6.31311	2.52524	8.39638e-08	0	0	0	0	0	0	0	0	
0.636	0.878157	0.506394	2.21459	1.13875	6.30465	2.52186	8.39575e-08	0	0	0	0	0	0	0	0	
0.637	0.875177	0.516717	2.20411	1.14263	6.29619	2.51848	8.39401e-08	0	0	0	0	0	0	0	0	
0.638	0.872214	0.527021	2.19371	1.14651	6.28776	2.5151	8.39126e-08	0	0	0	0	0	0	0	0	
0.639	0.869274	0.537291	2.1834	1.15039	6.27939	2.51176	8.3876e-08	0	0	0	0	0	0	0	0	
0.64	0.866366	0.54751	2.17323	1.15425	6.27111	2.50844	8.38318e-08	0	0	0	0	0	0	0	0	
0.641	0.863499	0.55766	2.16322	1.15808	6.26295	2.50518	8.37811e-08	0	0	0	0	0	0	0	0	
0.642	0.860684	0.567723	2.15341	1.16187	6.25494	2.50198	8.37252e-08	0	0	0	0	0	0	0	0	
0.643	0.85793	0.577674	2.14384	1.1656	6.24713	2.49885	8.36652e-08	0	0	0	0	0	0	0	0	
0.644	0.855252	0.587491	2.13455	1.16925	6.23955	2.49582	8.36024e-08	0	0	0	0	0	0	0	0	
0.645	0.852663	0.597143	2.12561	1.1728	6.23225	2.4929	8.35377e-08	0	0	0	0	0	0	0	0	
0.646	0.850181	0.606601	2.11705	1.17622	6.22529	2.49011	8.34721e-08	0	0	0	0	0	0	0	0	
0.647	0.847822	0.61583	2.10894	1.17949	6.2187	2.48748	8.34062e-08	0	0	0	0	0	0	0	0	
0.648	0.845608	0.624791	2.10136	1.18258	6.21257	2.48503	8.33408e-08	0	0	0	0	0	0	0	0	
0.649	0.843559	0.633443	2.09437	1.18545	6.20694	2.48277	8.32764e-08	0	0	0	0	0	0	0	0	
0.65	0.841701	0.64174	2.08805	1.18807	6.20188	2.48075	8.32133e-08	0	0	0	0	0	0	0	0	
0.651	0.840057	0.649635	2.08249	1.1904	6.19748	2.47899	8.31517e-08	0	0	0	0	0	0	0	0	
0.652	0.838653	0.65708	2.07778	1.19239	6.1938	2.47752	8.30917e-08	0	0	0	0	0	0	0	0	
0.653	0.837517	0.664024	2.074	1.19401	6.19091	2.47636	8.30335e-08	0	0	0	0	0	0	0	0	
0.654	0.836671	0.670423	2.07123	1.19521	6.18889	2.47556	8.29768e-08	0	0	0	0	0	0	0	0	
0.655	0.836139	0.676234	2.06954	1.19597	6.18779	2.47512	8.29216e-08	0	0	0	0	0	0	0	0	
0.656	0.835937	0.681426	2.069	1.19626	6.18767	2.47507	8.28678e-08	0	0	0	0	0	0	0	0	
0.657	0.836078	0.685978	2.06964	1.19606	6.18855	2.47542	8.28153e-08	0	0	0	0	0	0	0	0	
0.658	0.836565	0.689885	2.07148	1.19536	6.19043	2.47617	8.2764e-08	0	0	0	0	0	0	0	0	
0.659	0.837393	0.693162	2.07449	1.19418	6.1933	2.47732	8.27139e-08	0	0	0	0	0	0	0	0	
0.66	0.838545	0.69584	2.07862	1.19254	6.19709	2.47884	8.26653e-08	0	0	0	0	0	0	0	0	
0.661	0.839995	0.697972	2.08377	1.19048	6.20173	2.48069	8.26183e-08	0	0	0	0	0	0	0	0	
0.662	0.84171	0.699625	2.08984	1.18806	6.20711	2.48285	8.25734e-08	0	0	0	0	0	0	0	0	
0.663	0.843647	0.70088	2.09667	1.18533	6.21311	2.48524	8.25312e-08	0	0	0	0	0	0	0	0	
0.664	0.845763	0.701824	2.10411	1.18236	6.21957	2.48783	8.24924e-08	0	0	0	0	0	0	0	0	
0.665	0.848011	0.702545	2.11201	1.17923	6.22637	2.49055	8.24579e-08	0	0	0	0	0	0	0	0	
0.666	0.850349	0.703123	2.12022	1.17599	6.23339	2.49335	8.24286e-08	0	0	0	0	0	0	0	0	
0.667	0.852737	0.70363	2.1286	1.17269	6.24049	2.4962	8.24056e-08	0	0	0	0	0	0	0	0	
0.668	0.855146	0.704126	2.13704	1.16939	6.24761	2.49904	8.23899e-08	0	0	0	0	0	0	0	0	
0.669	0.857549	0.704655	2.14547	1.16611	6.25466	2.50186	8.23828e-08	0	0	0	0	0	0	0	0	
0.67	0.85993	0.705247	2.15382	1.16288	6.2616	2.50464	8.23851e-08	0	0	0	0	0	0	0	0	
0.671	0.862279	0.70592	2.16205	1.15972	6.26841	2.50737	8.23978e-08	0	0	0	0	0	0	0	0	
0.672	0.86459	0.706682	2.17015	1.15662	6.27509	2.51004	8.24215e-08	0	0	0	0	0	0	0	0	
0.673	0.866861	0.707535	2.17812	1.15359	6.28162	2.51265	8.24567e-08	0	0	0	0	0	0	0	0	
0.674	0.869092	0.708476	2.18595	1.15063	6.28803	2.51521	8.25035e-08	0	0	0	0	0	0	0	0	
0.675	0.871287	0.709499	2.19366	1.14773	6.29433	2.51773	8.25618e-08	0	0	0	0	0	0	0	0	
0.676	0.873445	0.710599	2.20126	1.14489	6.30052	2.52021	8.2631e-08	0	0	0	0	0	0	0	0	
0.677	0.87557	0.711772	2.20876	1.14211	6.30662	2.52265	8.27101e-08	0	0	0	0	0	0	0	0	
0.678	0.877663	0.713013	2.21615	1.13939	6.31265	2.52506	8.27979e-08	0	0	0	0	0	0	0	0	
0.679	0.879723	0.714321	2.22345	1.13672	6.3186	2.52744	8.28926e-08	0	0	0	0	0	0	0	0	
0.68	0.88175	0.715695	2.23064	1.13411	6.32448	2.52979	8.29922e-08	0	0	0	0	0	0	0	0	
0.681	0.883745	0.717134	2.23775	1.13155	6.3303	2.53212	8.30942e-08	0	0	0	0	0	0	0	0	
0.682	0.885707	0.718637	2.24475	1.12904	6.33604	2.53442	8.3196e-08	0	0	0	0	0	0	0	0	
0.683	0.887637	0.720203	2.25166	1.12659	6.34173	2.53669	8.32947e-08	0	0	0	0	0	0	0	0	
0.684	0.889537	0.72183	2.25848	1.12418	6.34735	2.53894	8.33873e-08	0	0	0	0	0	0	0	0	
0.685	0.891407	0.723515	2.26522	1.12182	6.35292	2.54117	8.34706e-08	0	0	0	0	0	0	0	0	
0.686	0.893251	0.725254	2.27187	1.11951	6.35843	2.54337	8.35417e-08	0	0	0	0	0	0	0	0	
0.687	0.89507	0.727044	2.27845	1.11723	6.36388	2.54555	8.35977e-08	0	0	0	0	0	0	0	0	
0.688	0.896866	0.728882	2.28495	1.11499	6.36927	2.54771	8.36361e-08	0	0	0	0	0	0	0	0	
0.689	0.898643	0.730765	2.2914	1.11279	6.37461	2.54984	8.36545e-08	0	0	0	0	0	0	0	0	
0.69	0.9004	0.732692	2.29778	1.11062	6.37988	2.55195	8.36514e-08	0	0	0	0	0	0	0	0	
0.691	0.902139	0.734663	2.3041	1.10848	6.3851	2.55404	8.36254e-08	0	0	0	0	0	0	0	0	
0.692	0.903861	0.736677	2.31035	1.10636	6.39023	2.55609	8.35761e-08	0	0	0	0	0	0	0	0	
0.693	0.905565	0.738736	2.31654	1.10428	6.3953	2.55812	8.35035e-08	0	0	0	0	0	0	0	0	
0.694	0.90725	0.740841	2.32266	1.10223	6.40027	2.56011	8.34083e-08	0	0	0	0	0	0	0	0	
0.695	0.908919	0.742991	2.32871	1.10021	6.40517	2.56207	8.32921e-08	0	0	0	0	0	0	0	0	
0.696	0.910572	0.745185	2.3347	1.09821	6.40997	2.56399	8.31567e-08	0	0	0	0	0	0	0	0	
0.697	0.91221	0.747418	2.34062	1.09624	6.4147	2.56588	8.30047e-08	0	0	0	0	0	0	0	0	
0.698	0.913839	0.749684	2.3465	1.09428	6.41935	2.56774	8.28392e-08	0	0	0	0	0	0	0	0	
0.699	0.915463	0.751973	2.35236	1.09234	6.42396	2.56958	8.26635e-08	0	0	0	0	0	0	0	0	
0.7	0.917088	0.754275	2.35821	1.09041	6.42853	2.57141	8.2481e-08	0	0	0	0	0	0	0	0	
0.701	0.91872	0.756576	2.36408	1.08847	6.43309	2.57324	8.22954e-08	0	0	0	0	0	0	0	0	
0.702	0.920367	0.758864	2.37001	1.08652	6.43767	2.57507	8.21103e-08	0	0	0	0	0	0	0	0	
0.703	0.922034	0.761125	2.37601	1.08456	6.4423	2.57692	8.19289e-08	0	0	0	0	0	0	0	0	
0.704	0.923728	0.76335	2.38211	1.08257	6.44699	2.5788	8.17545e-08	0	0	0	0	0	0	0	0	
0.705	0.925451	0.765531	2.38832	1.08055	6.45177	2.58071	8.15898e-08	0	0	0	0	0	0	0	0	
0.706	0.927206	0.767664	2.39466	1.07851	6.45665	2.58266	8.14373e-08	0	0	0	0	0	0	0	0	
0.707	0.92899	0.769749	2.40112	1.07644	6.46164	2.58466	8.12989e-08	0	0	0	0	0	0	0	0	
0.708	0.930802	0.771789	2.4077	1.07434	6.46674	2.58669	8.11761e-08	0	0	0	0	0	0	0	0	
0.709	0.932636	0.773793	2.41438	1.07223	6.47193	2.58877	8.10701e-08	0	0	0	0	0	0	0	0	
0.71	0.934487	0.775769	2.42115	1.07011	6.47722	2.59089	8.09816e-08	0	0	0	0	0	0	0	0	
0.711	0.936348	0.777728	2.42798	1.06798	6.48259	2.59304	8.09109e-08	0	0	0	0	0	0	0	0	
0.712	0.938212	0.779679	2.43486	1.06586	6.48802	2.59521	8.0858e-08	0	0	0	0	0	0	0	0	
0.713	0.940076	0.781631	2.44175	1.06374	6.4935	2.5974	8.08225e-08	0	0	0	0	0	0	0	0	
0.714	0.941934	0.783592	2.44866	1.06165	6.49903	2.59961	8.08038e-08	0	0	0	0	0	0	0	0	
0.715	0.943785	0.785565	2.45557	1.05956	6.50458	2.60183	8.0801e-08	0	0	0	0	0	0	0	0	
0.716	0.945627	0.787554	2.46247	1.0575	6.51015	2.60406	8.08127e-08	0	0	0	0	0	0	0	0	
0.717	0.947461	0.789559	2.46936	1.05545	6.51574	2.6063	8.08375e-08	0	0	0	0	0	0	0	0	
0.718	0.949287	0.79158	2.47625	1.05342	6.52134	2.60854	8.08734e-08	0	0	0	0	0	0	0	0	
0.719	0.951107	0.793618	2.48312	1.05141	6.52694	2.61077	8.09185e-08	0	0	0	0	0	0	0	0	
0.72	0.952921	0.795673	2.48999	1.04941	6.53253	2.61301	8.09702e-08	0	0	0	0	0	0	0	0	
0.721	0.95473	0.797745	2.49685	1.04742	6.5381	2.61524	8.10261e-08	0	0	0	0	0	0	0	0	
0.722	0.956535	0.799836	2.50369	1.04544	6.54364	2.61746	8.10832e-08	0	0	0	0	0	0	0	0	
0.723	0.958334	0.801948	2.51051	1.04348	6.54914	2.61966	8.11387e-08	0	0	0	0	0	0	0	0	
0.724	0.960129	0.804084	2.5173	1.04153	6.55459	2.62184	8.11896e-08	0	0	0	0	0	0	0	0	
0.725	0.961919	0.806246	2.52407	1.03959	6.55998	2.62399	8.12331e-08	0	0	0	0	0	0	0	0	
0.726	0.963702	0.808435	2.5308	1.03766	6.56529	2.62612	8.12666e-08	0	0	0	0	0	0	0	0	
0.727	0.965481	0.810652	2.53749	1.03575	6.57054	2.62821	8.12879e-08	0	0	0	0	0	0	0	0	
0.728	0.967254	0.812896	2.54415	1.03385	6.5757	2.63028	8.12952e-08	0	0	0	0	0	0	0	0	
0.729	0.969024	0.815165	2.55078	1.03197	6.5808	2.63232	8.12875e-08	0	0	0	0	0	0	0	0	
0.73	0.970792	0.817456	2.55739	1.03009	6.58584	2.63433	8.12645e-08	0	0	0	0	0	0	0	0	
0.731	0.972558	0.819766	2.56398	1.02822	6.59081	2.63633	8.12268e-08	0	0	0	0	0	0	0	0	
0.732	0.974324	0.822093	2.57056	1.02635	6.59575	2.6383	8.11756e-08	0	0	0	0	0	0	0	0	
0.733	0.97609	0.824434	2.57713	1.0245	6.60065	2.64026	8.11132e-08	0	0	0	0	0	0	0	0	
0.734	0.977854	0.826789	2.58369	1.02265	6.60552	2.64221	8.10427e-08	0	0	0	0	0	0	0	0	
0.735	0.979616	0.829157	2.59025	1.02081	6.61038	2.64415	8.09677e-08	0	0	0	0	0	0	0	0	
0.736	0.981373	0.83154	2.5968	1.01898	6.61523	2.64609	8.08925e-08	0	0	0	0	0	0	0	0	
0.737	0.983122	0.833941	2.60334	1.01717	6.62008	2.64803	8.08215e-08	0	0	0	0	0	0	0	0	
0.738	0.98486	0.836362	2.60985	1.01537	6.62493	2.64997	8.07596e-08	0	0	0	0	0	0	0	0	
0.739	0.986586	0.838804	2.61634	1.0136	6.62979	2.65192	8.07113e-08	0	0	0	0	0	0	0	0	
0.74	0.988297	0.841267	2.62281	1.01184	6.63467	2.65387	8.06811e-08	0	0	0	0	0	0	0	0	
0.741	0.989994	0.843751	2.62925	1.01011	6.63957	2.65583	8.06728e-08	0	0	0	0	0	0	0	0	
0.742	0.99168	0.846248	2.63569	1.00839	6.64451	2.65781	8.06898e-08	0	0	0	0	0	0	0	0	
0.743	0.993359	0.84875	2.64214	1.00669	6.64951	2.6598	8.0735e-08	0	0	0	0	0	0	0	0	
0.744	0.995038	0.851246	2.64863	1.00499	6.65458	2.66183	8.08104e-08	0	0	0	0	0	0	0	0	
0.745	0.996726	0.853722	2.65518	1.00328	6.65975	2.6639	8.09175e-08	0	0	0	0	0	0	0	0	
0.746	0.998431	0.856166	2.66183	1.00157	6.66504	2.66602	8.10573e-08	0	0	0	0	0	0	0	0	
0.747	1.00016	0.858566	2.66861	0.999842	6.67047	2.66819	8.12303e-08	0	0	0	0	0	0	0	0	
0.748	1.00191	0.860916	2.67552	0.998093	6.67605	2.67042	8.14367e-08	0	0	0	0	0	0	0	0	
0.749	1.00369	0.863218	2.68257	0.996325	6.68179	2.67271	8.16767e-08	0	0	0	0	0	0	0	0	
0.75	1.00548	0.86548	2.68974	0.994547	6.68769	2.67507	8.19503e-08	0	0	0	0	0	0	0	0	
0.751	1.00728	0.867719	2.69699	0.992772	6.69375	2.6775	8.22574e-08	0	0	0	0	0	0	0	0	
0.752	1.00906	0.869956	2.70427	0.991021	6.69997	2.67999	8.25979e-08	0	0	0	0	0	0	0	0	
0.753	1.0108	0.872218	2.71152	0.989319	6.70639	2.68256	8.29711e-08	0	0	0	0	0	0	0	0	
0.754	1.01246	0.874531	2.71867	0.987694	6.71304	2.68522	8.33763e-08	0	0	0	0	0	0	0	0	
0.755	1.01402	0.876918	2.72568	0.986178	6.72001	2.68801	8.38115e-08	0	0	0	0	0	0	0	0	
0.756	1.01543	0.879395	2.7325	0.984806	6.72746	2.69098	8.42738e-08	0	0	0	0	0	0	0	0	
0.757	1.01666	0.881971	2.73911	0.983614	6.73557	2.69423	8.4759e-08	0	0	0	0	0	0	0	0	
0.758	1.01766	0.884644	2.74552	0.982642	6.74464	2.69786	8.52608e-08	0	0	0	0	0	0	0	0	
0.759	1.0184	0.887405	2.75173	0.981933	6.75503	2.70201	8.57712e-08	0	0	0	0	0	0	0	0	
0.76	1.01881	0.890235	2.75779	0.981537	6.76719	2.70688	8.62798e-08	0	0	0	0	0	0	0	0	
0.761	1.01884	0.893108	2.76377	0.981509	6.78166	2.71266	8.67743e-08	0	0	0	0	0	0	0	0	
0.762	1.01842	0.895994	2.76972	0.981913	6.79907	2.71963	8.72402e-08	0	0	0	0	0	0	0	0	
0.763	1.01748	0.898857	2.77573	0.982821	6.82012	2.72805	8.76616e-08	0	0	0	0	0	0	0	0	
0.764	1.01593	0.901663	2.78188	0.984316	6.84562	2.73825	8.80211e-08	0	0	0	0	0	0	0	0	
0.765	1.0137	0.904378	2.78824	0.986488	6.87642	2.75057	8.83005e-08	0	0	0	0	0	0	0	0	
0.766	1.01067	0.906973	2.79487	0.989439	6.9134	2.76536	8.84814e-08	0	0	0	0	0	0	0	0	
0.767	1.00677	0.909425	2.80183	0.993277	6.95749	2.783	8.8546e-08	0	0	0	0	0	0	0	0	
0.768	1.00189	0.911722	2.80913	0.998117	7.00961	2.80384	8.84772e-08	0	0	0	0	0	0	0	0	
0.769	0.995939	0.913862	2.81678	1.00408	7.07065	2.82826	8.82593e-08	0	0	0	0	0	0	0	0	
0.77	0.988851	0.915853	2.82473	1.01127	7.14144	2.85658	8.78788e-08	0	0	0	0	0	0	0	0	
0.771	0.980565	0.917715	2.83294	1.01982	7.22273	2.88909	8.73244e-08	0	0	0	0	0	0	0	0	
0.772	0.971051	0.919474	2.84133	1.02981	7.3151	2.92604	8.65878e-08	0	0	0	0	0	0	0	0	
0.773	0.960309	0.921165	2.84981	1.04133	7.419	2.9676	8.56635e-08	0	0	0	0	0	0	0	0	
0.774	0.948379	0.922826	2.85828	1.05443	7.53464	3.01386	8.45497e-08	0	0	0	0	0	0	0	0	
0.775	0.93534	0.924499	2.86663	1.06913	7.66199	3.0648	8.32484e-08	0	0	0	0	0	0	0	0	
0.776	0.921311	0.926225	2.87475	1.08541	7.80072	3.12029	8.17656e-08	0	0	0	0	0	0	0	0	
0.777	0.906451	0.928042	2.88257	1.1032	7.95014	3.18006	8.01119e-08	0	0	0	0	0	0	0	0	
0.778	0.890957	0.929983	2.88999	1.12239	8.10922	3.24369	7.8303e-08	0	0	0	0	0	0	0	0	
0.779	0.875052	0.932076	2.89696	1.14279	8.27653	3.31061	7.63598e-08	0	0	0	0	0	0	0	0	
0.78	0.85898	0.934338	2.90344	1.16417	8.45025	3.3801	7.43084e-08	0	0	0	0	0	0	0	0	
0.781	0.842996	0.936778	2.90942	1.18624	8.62821	3.45129	7.21806e-08	0	0	0	0	0	0	0	0	
0.782	0.827355	0.939394	2.91492	1.20867	8.80795	3.52318	7.00129e-08	0	0	0	0	0	0	0	0	
0.783	0.812298	0.942176	2.91997	1.23107	8.98675	3.5947	6.78459e-08	0	0	0	0	0	0	0	0	
0.784	0.798047	0.945106	2.92462	1.25306	9.1618	3.66472	6.57228e-08	0	0	0	0	0	0	0	0	
0.785	0.78479	0.948161	2.92893	1.27423	9.33029	3.73212	6.36877e-08	0	0	0	0	0	0	0	0	
0.786	0.772684	0.951314	2.93297	1.29419	9.48957	3.79583	6.17825e-08	0	0	0	0	0	0	0	0	
0.787	0.761839	0.954537	2.93682	1.31261	9.63725	3.8549	6.00453e-08	0	0	0	0	0	0	0	0	
0.788	0.75233	0.957801	2.94053	1.3292	9.77141	3.90857	5.85067e-08	0	0	0	0	0	0	0	0	
0.789	0.744187	0.961074	2.94419	1.34375	9.89062	3.95625	5.71884e-08	0	0	0	0	0	0	0	0	
0.79	0.737406	0.964328	2.94786	1.35611	9.99403	3.99761	5.6101e-08	0	0	0	0	0	0	0	0	
0.791	0.731948	0.96753	2.95162	1.36622	10.0814	4.03256	5.52434e-08	0	0	0	0	0	0	0	0	
0.792	0.727748	0.970649	2.95553	1.3741	10.153	4.0612	5.46034e-08	0	0	0	0	0	0	0	0	
0.793	0.724721	0.973655	2.95967	1.37984	10.2097	4.08388	5.41585e-08	0	0	0	0	0	0	0	0	
0.794	0.722763	0.976521	2.96409	1.38358	10.2526	4.10105	5.38789e-08	0	0	0	0	0	0	0	0	
0.795	0.721764	0.979224	2.96885	1.3855	10.2833	4.11332	5.37297e-08	0	0	0	0	0	0	0	0	
0.796	0.721603	0.981751	2.97397	1.3858	10.3034	4.12135	5.36749e-08	0	0	0	0	0	0	0	0	
0.797	0.72216	0.984102	2.97948	1.38474	10.3145	4.12579	5.36801e-08	0	0	0	0	0	0	0	0	
0.798	0.723313	0.986291	2.98533	1.38253	10.3183	4.1273	5.37156e-08	0	0	0	0	0	0	0	0	
0.799	0.724947	0.988346	2.99149	1.37941	10.3162	4.1265	5.37585e-08	0	0	0	0	0	0	0	0	
0.8	0.726948	0.99031	2.99787	1.37561	10.3098	4.12391	5.37942e-08	0	0	0	0	0	0	0	0	
0.801	0.729217	0.992228	3.00437	1.37133	10.3	4.11999	5.38168e-08	0	0	0	0	0	0	0	0	
0.802	0.731664	0.994149	3.01091	1.36675	10.2879	4.11515	5.38285e-08	0	0	0	0	0	0	0	0	
0.803	0.734216	0.996111	3.01739	1.362	10.2742	4.10968	5.38381e-08	0	0	0	0	0	0	0	0	
0.804	0.736814	0.99814	3.02377	1.35719	10.2596	4.10385	5.38589e-08	0	0	0	0	0	0	0	0	
0.805	0.739419	1.00024	3.03004	1.35241	10.2447	4.09786	5.39061e-08	0	0	0	0	0	0	0	0	
0.806	0.742004	1.00242	3.0362	1.3477	10.2297	4.09188	5.39935e-08	0	0	0	0	0	0	0	0	
0.807	0.744558	1.00464	3.04229	1.34308	10.2151	4.08604	5.4131e-08	0	0	0	0	0	0	0	0	
0.808	0.747075	1.00688	3.04837	1.33855	10.201	4.08041	5.43221e-08	0	0	0	0	0	0	0	0	
0.809	0.749553	1.00913	3.05447	1.33413	10.1876	4.07506	5.45624e-08	0	0	0	0	0	0	0	0	
0.81	0.751989	1.01138	3.06061	1.32981	10.1751	4.07002	5.48392e-08	0	0	0	0	0	0	0	0	
0.811	0.754379	1.01363	3.06678	1.32559	10.1633	4.06531	5.51323e-08	0	0	0	0	0	0	0	0	
0.812	0.756713	1.0159	3.07293	1.32151	10.1522	4.0609	5.54158e-08	0	0	0	0	0	0	0	0	
0.813	0.758979	1.01823	3.07901	1.31756	10.1419	4.05677	5.56616e-08	0	0	0	0	0	0	0	0	
0.814	0.761164	1.02064	3.08493	1.31378	10.1323	4.05292	5.58425e-08	0	0	0	0	0	0	0	0	
0.815	0.76326	1.02316	3.09067	1.31017	10.1233	4.0493	5.5936e-08	0	0	0	0	0	0	0	0	
0.816	0.765263	1.02579	3.09619	1.30674	10.1148	4.04592	5.59274e-08	0	0	0	0	0	0	0	0	
0.817	0.767175	1.02852	3.10152	1.30348	10.1069	4.04278	5.58113e-08	0	0	0	0	0	0	0	0	
0.818	0.769003	1.03135	3.10668	1.30039	10.0997	4.03988	5.55922e-08	0	0	0	0	0	0	0	0	
0.819	0.77076	1.03423	3.11174	1.29742	10.0931	4.03724	5.52835e-08	0	0	0	0	0	0	0	0	
0.82	0.772458	1.03713	3.11677	1.29457	10.0872	4.03487	5.49048e-08	0	0	0	0	0	0	0	0	
0.821	0.774112	1.04004	3.12182	1.2918	10.0819	4.03278	5.44795e-08	0	0	0	0	0	0	0	0	
0.822	0.775731	1.04292	3.12695	1.28911	10.0774	4.03096	5.40317e-08	0	0	0	0	0	0	0	0	
0.823	0.777324	1.04577	3.13217	1.28646	10.0736	4.02943	5.35838e-08	0	0	0	0	0	0	0	0	
0.824	0.778895	1.04858	3.13751	1.28387	10.0704	4.02815	5.31556e-08	0	0	0	0	0	0	0	0	
0.825	0.780446	1.05135	3.14295	1.28132	10.0678	4.02713	5.27641e-08	0	0	0	0	0	0	0	0	
0.826	0.781978	1.05409	3.1485	1.27881	10.0658	4.02633	5.24249e-08	0	0	0	0	0	0	0	0	
0.827	0.783491	1.0568	3.15414	1.27634	10.0644	4.02574	5.21542e-08	0	0	0	0	0	0	0	0	
0.828	0.784989	1.05948	3.15984	1.2739	10.0633	4.02533	5.19712e-08	0	0	0	0	0	0	0	0	
0.829	0.786476	1.06216	3.16561	1.27149	10.0626	4.02505	5.18996e-08	0	0	0	0	0	0	0	0	
0.83	0.787961	1.06482	3.17143	1.2691	10.0621	4.02485	5.19681e-08	0	0	0	0	0	0	0	0	
0.831	0.789453	1.06747	3.17729	1.2667	10.0617	4.02467	5.22086e-08	0	0	0	0	0	0	0	0	
0.832	0.790966	1.07012	3.18318	1.26428	10.0611	4.02442	5.26513e-08	0	0	0	0	0	0	0	0	
0.833	0.792509	1.07277	3.18911	1.26181	10.0602	4.02406	5.3317e-08	0	0	0	0	0	0	0	0	
0.834	0.79409	1.07542	3.19505	1.2593	10.0588	4.02354	5.42077e-08	0	0	0	0	0	0	0	0	
0.835	0.795709	1.07807	3.20101	1.25674	10.0571	4.02284	5.52965e-08	0	0	0	0	0	0	0	0	
0.836	0.797355	1.08075	3.20696	1.25415	10.055	4.022	5.65202e-08	0	0	0	0	0	0	0	0	
0.837	0.799007	1.08345	3.21286	1.25155	10.0527	4.02107	5.77779e-08	0	0	0	0	0	0	0	0	
0.838	0.800633	1.08622	3.21867	1.24901	10.0504	4.02016	5.894e-08	0	0	0	0	0	0	0	0	
0.839	0.802199	1.08906	3.22432	1.24657	10.0484	4.01936	5.98674e-08	0	0	0	0	0	0	0	0	
0.84	0.803676	1.092	3.22978	1.24428	10.0469	4.01876	6.04414e-08	0	0	0	0	0	0	0	0	
0.841	0.805053	1.09504	3.23505	1.24215	10.0461	4.01843	6.05976e-08	0	0	0	0	0	0	0	0	
0.842	0.806346	1.09813	3.24022	1.24016	10.046	4.0184	6.03542e-08	0	0	0	0	0	0	0	0	
0.843	0.807601	1.10121	3.24547	1.23824	10.0466	4.01865	5.9823e-08	0	0	0	0	0	0	0	0	
0.844	0.808883	1.10417	3.25097	1.23627	10.0477	4.01909	5.91958e-08	0	0	0	0	0	0	0	0	
0.845	0.810261	1.10696	3.25691	1.23417	10.049	4.01959	5.87031e-08	0	0	0	0	0	0	0	0	
0.846	0.811787	1.10955	3.26334	1.23185	10.0499	4.01995	5.85566e-08	0	0	0	0	0	0	0	0	
0.847	0.813477	1.11197	3.27019	1.22929	10.05	4.02001	5.88924e-08	0	0	0	0	0	0	0	0	
0.848	0.815316	1.1143	3.27727	1.22652	10.0491	4.01964	5.97372e-08	0	0	0	0	0	0	0	0	
0.849	0.81726	1.11663	3.28441	1.2236	10.047	4.01881	6.10097e-08	0	0	0	0	0	0	0	0	
0.85	0.819251	1.11902	3.29145	1.22063	10.0441	4.01764	6.25538e-08	0	0	0	0	0	0	0	0	
0.851	0.821227	1.12149	3.29833	1.21769	10.0409	4.01635	6.41741e-08	0	0	0	0	0	0	0	0	
0.852	0.823136	1.12405	3.30506	1.21487	10.038	4.0152	6.5643e-08	0	0	0	0	0	0	0	0	
0.853	0.824941	1.12668	3.31167	1.21221	10.0361	4.01443	6.66785e-08	0	0	0	0	0	0	0	0	
0.854	0.826624	1.12935	3.31821	1.20974	10.0354	4.01418	6.69456e-08	0	0	0	0	0	0	0	0	
0.855	0.82819	1.13206	3.32473	1.20745	10.0361	4.01445	6.61384e-08	0	0	0	0	0	0	0	0	
0.856	0.829659	1.13477	3.33124	1.20531	10.038	4.01519	6.4136e-08	0	0	0	0	0	0	0	0	
0.857	0.831058	1.13751	3.33777	1.20328	10.0407	4.01628	6.1138e-08	0	0	0	0	0	0	0	0	
0.858	0.832413	1.14025	3.34431	1.20133	10.044	4.01761	5.76598e-08	0	0	0	0	0	0	0	0	
0.859	0.833739	1.143	3.35088	1.19942	10.0477	4.01909	5.43959e-08	0	0	0	0	0	0	0	0	
0.86	0.835048	1.14576	3.35745	1.19754	10.0517	4.02067	5.19614e-08	0	0	0	0	0	0	0	0	
0.861	0.836359	1.14853	3.36405	1.19566	10.0556	4.02225	5.08203e-08	0	0	0	0	0	0	0	0	
0.862	0.837712	1.15129	3.37073	1.19373	10.0593	4.02373	5.09605e-08	0	0	0	0	0	0	0	0	
0.863	0.839118	1.15408	3.37738	1.19173	10.0623	4.02491	5.26193e-08	0	0	0	0	0	0	0	0	
0.864	0.840592	1.15692	3.38394	1.18964	10.0642	4.02566	5.45943e-08	0	0	0	0	0	0	0	0	
0.865	0.842219	1.15963	3.39087	1.18734	10.0653	4.02612	5.90384e-08	0	0	0	0	0	0	0	0	
0.866	0.843907	1.16237	3.3978	1.18496	10.0657	4.02627	5.92629e-08	0	0	0	0	0	0	0	0	
0.867	0.845443	1.16558	3.40366	1.18281	10.0647	4.02589	7.20286e-08	0	0	0	0	0	0	0	0	
0.868	0.84724	1.16815	3.4111	1.1803	10.0653	4.02613	5.27018e-08	0	0	0	0	0	0	0	0	
0.869	0.849379	1.16997	3.42038	1.17733	10.0673	4.02691	2.04004e-07	0	0	0	0	0	0	0	0	
0.87	0.850013	1.17507	3.42194	1.17645	10.0644	4.02575	2.00648e-06	0	0	0	0	0	0	0	0	
0.871	0.851725	1.17841	3.42817	1.17409	10.0624	4.02498	2.58427e-05	0	0	0	0	0	0	0	0	
0.872	0.85661	1.17445	3.45607	1.16739	10.0865	4.03459	0.00024632	0	0	0	0	0	0	0	0	
0.873	0.860197	1.19596	3.46216	1.16253	10.0621	4.02485	0.00323449	0	0	0	0	0	0	0	0	
0.874	0.881355	1.2715	3.55684	1.13462	10.0891	4.03565	0.0303062	0	0	0	0	0	0	0	0	
0.875	0.909241	0.949956	3.16039	1.09982	8.68963	3.47585	0.35009	0	0	0	0	0	0	0	0	
0.876	0.42859	-0.404608	0.672889	2.33323	3.92501	1.57	0.898897	0	0	0	0	0	0	0	0	
0.877	0.259259	-1.35769	0.0967742	3.85715	0.933181	0.373272	1	0	0	0	0	0	0	0	0	
0.878	0.259259	-1.35769	0.0967742	3.85715	0.933181	0.373272	1	0	0	0	0	0	0	0	0	
0.879	0.259259	-1.35769	0.0967742	3.85715	0.933181	0.373272	1	0	0	0	0	0	0	0	0	
0.88	0.259259	-1.35769	0.0967742	3.85715	0.933181	0.373272	1	0	0	0	0	0	0	0	0	
0.881	0.259259	-1.35769	0.0967742	3.85715	0.933181	0.373272	1	0	0	0	0	0	0	0	0	
0.882	0.259259	-1.35769	0.0967742	3.85715	0.933181	0.373272	1	0	0	0	0	0	0	0	0	
0.883	0.259259	-1.35769	0.0967742	3.85715	0.933181	0.373272	1	0	0	0	0	0	0	0	0	
0.884	0.259259	-1.35769	0.0967742	3.85715	0.933181	0.373272	1	0	0	0	0	0	0	0	0	
0.885	0.259259	-1.35769	0.0967742	3.85715	0.933181	0.373272	1	0	0	0	0	0	0	0	0	
0.886	0.259259	-1.35769	0.0967742	3.85715	0.933181	0.373272	1	0	0	0	0	0	0	0	0	
0.887	0.259259	-1.35769	0.0967742	3.85715	0.933181	0.373272	1	0	0	0	0	0	0	0	0	
0.888	0.259259	-1.35769	0.0967742	3.85715	0.933181	0.373272	1	0	0	0	0	0	0	0	0	
0.889	0.259259	-1.35769	0.0967742	3.85715	0.933181	0.373272	1	0	0	0	0	0	0	0	0	
0.89	0.259259	-1.35769	0.0967742	3.85715	0.933181	0.373272	1	0	0	0	0	0	0	0	0	
0.891	0.259259	-1.35769	0.0967742	3.85715	0.933181	0.373272	1	0	0	0	0	0	0	0	0	
0.892	0.259259	-1.35769	0.0967742	3.85715	0.933181	0.373272	1	0	0	0	0	0	0	0	0	
0.893	0.259259	-1.35769	0.0967742	3.85715	0.933181	0.373272	1	0	0	0	0	0	0	0	0	
0.894	0.259259	-1.35769	0.0967742	3.85715	0.933181	0.373272	1	0	0	0	0	0	0	0	0	
0.895	0.259259	-1.35769	0.0967742	3.85715	0.933181	0.373272	1	0	0	0	0	0	0	0	0	
0.896	0.259259	-1.35769	0.0967742	3.85715	0.933181	0.373272	1	0	0	0	0	0	0	0	0	
0.897	0.259259	-1.35769	0.0967742	3.85715	0.933181	0.373272	1	0	0	0	0	0	0	0	0	
0.898	0.259259	-1.35769	0.0967742	3.85715	0.933181	0.373272	1	0	0	0	0	0	0	0	0	
0.899	0.259259	-1.35769	0.0967742	3.85715	0.933181	0.373272	1	0	0	0	0	0	0	0	0	
0.9	0.259259	-1.35769	0.0967742	3.85715	0.933181	0.373272	1	0	0	0	0	0	0	0	0	
0.901	0.259259	-1.35769	0.0967742	3.85715	0.933181	0.373272	1	0	0	0	0	0	0	0	0	
0.902	0.259259	-1.35769	0.0967742	3.85715	0.933181	0.373272	1	0	0	0	0	0	0	0	0	
0.903	0.259259	-1.35769	0.0967742	3.85715	0.933181	0.373272	1	0	0	0	0	0	0	0	0	
0.904	0.259259	-1.35769	0.0967742	3.85715	0.933181	0.373272	1	0	0	0	0	0	0	0	0	
0.905	0.259259	-1.35769	0.0967742	3.85715	0.933181	0.373272	1	0	0	0	0	0	0	0	0	
0.906	0.259259	-1.35769	0.0967742	3.85715	0.933181	0.373272	1	0	0	0	0	0	0	0	0	
0.907	0.259259	-1.35769	0.0967742	3.85715	0.933181	0.373272	1	0	0	0	0	0	0	0	0	
0.908	0.259259	-1.35769	0.0967742	3.85715	0.933181	0.373272	1	0	0	0	0	0	0	0	0	
0.909	0.259259	-1.35769	0.0967742	3.85715	0.933181	0.373272	1	0	0	0	0	0	0	0	0	
0.91	0.259259	-1.35769	0.0967742	3.85715	0.933181	0.373272	1	0	0	0	0	0	0	0	0	
0.911	0.259259	-1.35769	0.0967742	3.85715	0.933181	0.373272	1	0	0	0	0	0	0	0	0	
0.912	0.259259	-1.35769	0.0967742	3.85715	0.933181	0.373272	1	0	0	0	0	0	0	0	0	
0.913	0.259259	-1.35769	0.0967742	3.85715	0.933181	0.373272	1	0	0	0	0	0	0	0	0	
0.914	0.259259	-1.35769	0.0967742	3.85715	0.933181	0.373272	1	0	0	0	0	0	0	0	0	
0.915	0.259259	-1.35769	0.0967742	3.85715	0.933181	0.373272	1	0	0	0	0	0	0	0	0	
0.916	0.259259	-1.35769	0.0967742	3.85715	0.933181	0.373272	1	0	0	0	0	0	0	0	0	
0.917	0.259259	-1.35769	0.0967742	3.85715	0.933181	0.373272	1	0	0	0	0	0	0	0	0	
0.918	0.259259	-1.35769	0.0967742	3.85715	0.933181	0.373272	1	0	0	0	0	0	0	0	0	
0.919	0.259259	-1.35769	0.0967742	3.85715	0.933181	0.373272	1	0	0	0	0	0	0	0	0	
0.92	0.259259	-1.35769	0.0967742	3.85715	0.933181	0.373272	1	0	0	0	0	0	0	0	0	
0.921	0.259259	-1.35769	0.0967742	3.85715	0.933181	0.373272	1	0	0	0	0	0	0	0	0	
0.922	0.259259	-1.35769	0.0967742	3.85715	0.933181	0.373272	1	0	0	0	0	0	0	0	0	
0.923	0.259259	-1.35769	0.0967742	3.85715	0.933181	0.373272	1	0	0	0	0	0	0	0	0	
0.924	0.259259	-1.35769	0.0967742	3.85715	0.933181	0.373272	1	0	0	0	0	0	0	0	0	
0.925	0.259259	-1.35769	0.0967742	3.85715	0.933181	0.373272	1	0	0	0	0	0	0	0	0	
0.926	0.259259	-1.35769	0.0967742	3.85715	0.933181	0.373272	1	0	0	0	0	0	0	0	0	
0.927	0.259259	-1.35769	0.0967742	3.85715	0.933181	0.373272	1	0	0	0	0	0	0	0	0	
0.928	0.259259	-1.35769	0.0967742	3.85715	0.933181	0.373272	1	0	0	0	0	0	0	0	0	
0.929	0.259259	-1.35769	0.0967742	3.85715	0.933181	0.373272	1	0	0	0	0	0	0	0	0	
0.93	0.259259	-1.35769	0.0967742	3.85715	0.933181	0.373272	1	0	0	0	0	0	0	0	0	
0.931	0.259259	-1.35769	0.0967742	3.85715	0.933181	0.373272	1	0	0	0	0	0	0	0	0	
0.932	0.259259	-1.35769	0.0967742	3.85715	0.933181	0.373272	1	0	0	0	0	0	0	0	0	
0.933	0.259259	-1.35769	0.0967742	3.85715	0.933181	0.373272	1	0	0	0	0	0	0	0	0	
0.934	0.259259	-1.35769	0.0967742	3.85715	0.933181	0.373272	1	0	0	0	0	0	0	0	0	
0.935	0.259259	-1.35769	0.0967742	3.85715	0.933181	0.373272	1	0	0	0	0	0	0	0	0	
0.936	0.259259	-1.35769	0.0967742	3.85715	0.933181	0.373272	1	0	0	0	0	0	0	0	0	
0.937	0.259259	-1.35769	0.0967742	3.85715	0.933181	0.373272	1	0	0	0	0	0	0	0	0	
0.938	0.259259	-1.35769	0.0967742	3.85715	0.933181	0.373272	1	0	0	0	0	0	0	0	0	
0.939	0.259259	-1.35769	0.0967742	3.85715	0.933181	0.373272	1	0	0	0	0	0	0	0	0	
0.94	0.259259	-1.35769	0.0967742	3.85715	0.933181	0.373272	1	0	0	0	0	0	0	0	0	
0.941	0.259259	-1.35769	0.0967742	3.85715	0.933181	0.373272	1	0	0	0	0	0	0	0	0	
0.942	0.259259	-1.35769	0.0967742	3.85715	0.933181	0.373272	1	0	0	0	0	0	0	0	0	
0.943	0.259259	-1.35769	0.0967742	3.85715	0.933181	0.373272	1	0	0	0	0	0	0	0	0	
0.944	0.259259	-1.35769	0.0967742	3.85715	0.933181	0.373272	1	0	0	0	0	0	0	0	0	
0.945	0.259259	-1.35769	0.0967742	3.85715	0.933181	0.373272	1	0	0	0	0	0	0	0	0	
0.946	0.259259	-1.35769	0.0967742	3.85715	0.933181	0.373272	1	0	0	0	0	0	0	0	0	
0.947	0.259259	-1.35769	0.0967742	3.85715	0.933181	0.373272	1	0	0	0	0	0	0	0	0	
0.948	0.259259	-1.35769	0.0967742	3.85715	0.933181	0.373272	1	0	0	0	0	0	0	0	0	
0.949	0.259259	-1.35769	0.0967742	3.85715	0.933181	0.373272	1	0	0	0	0	0	0	0	0	
0.95	0.259259	-1.35769	0.0967742	3.85715	0.933181	0.373272	1	0	0	0	0	0	0	0	0	
0.951	0.259259	-1.35769	0.0967742	3.85715	0.933181	0.373272	1	0	0	0	0	0	0	0	0	
0.952	0.259259	-1.35769	0.0967742	3.85715	0.933181	0.373272	1	0	0	0	0	0	0	0	0	
0.953	0.259259	-1.35769	0.0967742	3.85715	0.933181	0.373272	1	0	0	0	0	0	0	0	0	
0.954	0.259259	-1.35769	0.0967742	3.85715	0.933181	0.373272	1	0	0	0	0	0	0	0	0	
0.955	0.259259	-1.35769	0.0967742	3.85715	0.933181	0.373272	1	0	0	0	0	0	0	0	0	
0.956	0.259259	-1.35769	0.0967742	3.85715	0.933181	0.373272	1	0	0	0	0	0	0	0	0	
0.957	0.259259	-1.35769	0.0967742	3.85715	0.933181	0.373272	1	0	0	0	0	0	0	0	0	
0.958	0.259259	-1.35769	0.0967742	3.85715	0.933181	0.373272	1	0	0	0	0	0	0	0	0	
0.959	0.259259	-1.35769	0.0967742	3.85715	0.933181	0.373272	1	0	0	0	0	0	0	0	0	
0.96	0.259259	-1.35769	0.0967742	3.85715	0.933181	0.373272	1	0	0	0	0	0	0	0	0	
0.961	0.259259	-1.35769	0.0967742	3.85715	0.933181	0.373272	1	0	0	0	0	0	0	0	0	
0.962	0.259259	-1.35769	0.0967742	3.85715	0.933181	0.373272	1	0	0	0	0	0	0	0	0	
0.963	0.259259	-1.35769	0.0967742	3.85715	0.933181	0.373272	1	0	0	0	0	0	0	0	0	
0.964	0.259259	-1.35769	0.0967742	3.85715	0.933181	0.373272	1	0	0	0	0	0	0	0	0	
0.965	0.259259	-1.35769	0.0967742	3.85715	0.933181	0.373272	1	0	0	0	0	0	0	0	0	
0.966	0.259259	-1.35769	0.0967742	3.85715	0.933181	0.373272	1	0	0	0	0	0	0	0	0	
0.967	0.259259	-1.35769	0.0967742	3.85715	0.933181	0.373272	1	0	0	0	0	0	0	0	0	
0.968	0.259259	-1.35769	0.0967742	3.85715	0.933181	0.373272	1	0	0	0	0	0	0	0	0	
0.969	0.259259	-1.35769	0.0967742	3.85715	0.933181	0.373272	1	0	0	0	0	0	0	0	0	
0.97	0.259259	-1.35769	0.0967742	3.85715	0.933181	0.373272	1	0	0	0	0	0	0	0	0	
0.971	0.259259	-1.35769	0.0967742	3.85715	0.933181	0.373272	1	0	0	0	0	0	0	0	0	
0.972	0.259259	-1.35769	0.0967742	3.85715	0.933181	0.373272	1	0	0	0	0	0	0	0	0	
0.973	0.259259	-1.35769	0.0967742	3.85715	0.933181	0.373272	1	0	0	0	0	0	0	0	0	
0.974	0.259259	-1.35769	0.0967742	3.85715	0.933181	0.373272	1	0	0	0	0	0	0	0	0	
0.975	0.259259	-1.35769	0.0967742	3.85715	0.933181	0.373272	1	0	0	0	0	0	0	0	0	
0.976	0.259259	-1.35769	0.0967742	3.85715	0.933181	0.373272	1	0	0	0	0	0	0	0	0	
0.977	0.259259	-1.35769	0.0967742	3.85715	0.933181	0.373272	1	0	0	0	0	0	0	0	0	
0.978	0.259259	-1.35769	0.0967742	3.85715	0.933181	0.373272	1	0	0	0	0	0	0	0	0	
0.979	0.259259	-1.35769	0.0967742	3.85715	0.933181	0.373272	1	0	0	0	0	0	0	0	0	
0.98	0.259259	-1.35769	0.0967742	3.85715	0.933181	0.373272	1	0	0	0	0	0	0	0	0	
0.981	0.259259	-1.35769	0.0967742	3.85715	0.933181	0.373272	1	0	0	0	0	0	0	0	0	
0.982	0.259259	-1.35769	0.0967742	3.85715	0.933181	0.373272	1	0	0	0	0	0	0	0	0	
0.983	0.259259	-1.35769	0.0967742	3.85715	0.933181	0.373272	1	0	0	0	0	0	0	0	0	
0.984	0.259259	-1.35769	0.0967742	3.85715	0.933181	0.373272	1	0	0	0	0	0	0	0	0	
0.985	0.259259	-1.35769	0.0967742	3.85715	0.933181	0.373272	1	0	0	0	0	0	0	0	0	
0.986	0.259259	-1.35769	0.0967742	3.85715	0.933181	0.373272	1	0	0	0	0	0	0	0	0	
0.987	0.259259	-1.35769	0.0967742	3.85715	0.933181	0.373272	1	0	0	0	0	0	0	0	0	
0.988	0.259259	-1.35769	0.0967742	3.85715	0.933181	0.373272	1	0	0	0	0	0	0	0	0	
0.989	0.259259	-1.35769	0.0967742	3.85715	0.933181	0.373272	1	0	0	0	0	0	0	0	0	
0.99	0.259259	-1.35769	0.0967742	3.85715	0.933181	0.373272	1	0	0	0	0	0	0	0	0	
0.991	0.259259	-1.35769	0.0967742	3.85715	0.933181	0.373272	1	0	0	0	0	0	0	0	0	
0.992	0.259259	-1.35769	0.0967742	3.85715	0.933181	0.373272	1	0	0	0	0	0	0	0	0	
0.993	0.259259	-1.35769	0.0967742	3.85715	0.933181	0.373272	1	0	0	0	0	0	0	0	0	
0.994	0.259259	-1.35769	0.0967742	3.85715	0.933181	0.373272	1	0	0	0	0	0	0	0	0	
0.995	0.259259	-1.35769	0.0967742	3.85715	0.933181	0.373272	1	0	0	0	0	0	0	0	0	
0.996	0.259259	-1.35769	0.0967742	3.85715	0.933181	0.373272	1	0	0	0	0	0	0	0	0	
0.997	0.259259	-1.35769	0.0967742	3.85715	0.933181	0.373272	1	0	0	0	0	0	0	0	0	
0.998	0.259259	-1.35769	0.0967742	3.85715	0.933181	0.373272	1	0	0	0	0	0	0	0	0	
0.999	0.259259	-1.35769	0.0967742	3.85715	0.933181	0.373272	1	0	0	0	0	0	0	0	0	
1	0.259259	-1.35769	0.0967742	3.85715	0.933181	0.373272	1	0	0	0	0	0	0	0	0	
