|||||||||||||||||||||||||||||||||***SIMULATION: detonation***||||||||||||||||||||||||||||||||||
Sanpshot time = 0.75. Timestep = 1659. Run time = 2 seconds
No. of cells = 1000
#Position	 Density	 Velocity	 Pressure	 Specific_Volume I_Energy	 Temperature	 Species
-0.001	0.942175	-0.000223054	1.04867	1.06137	2.78257	0	0.921241	0	0	0	0	0	0	0	0	
0	0.941817	-7.45872e-05	1.04867	1.06178	2.78363	0	0.920996	0	0	0	0	0	0	0	0	
0.001	0.941817	7.45872e-05	1.04867	1.06178	2.78363	1.11345	0.920996	0	0	0	0	0	0	0	0	
0.002	0.942175	0.000223054	1.04867	1.06137	2.78257	1.11303	0.921241	0	0	0	0	0	0	0	0	
0.003	0.939622	0.000375861	1.04867	1.06426	2.79014	1.11606	0.919482	0	0	0	0	0	0	0	0	
0.004	0.946073	0.000519741	1.04866	1.057	2.77108	1.10843	0.923874	0	0	0	0	0	0	0	0	
0.005	0.934521	0.000678635	1.04868	1.07007	2.80538	1.12215	0.915878	0	0	0	0	0	0	0	0	
0.006	0.939847	0.000839169	1.04867	1.064	2.78946	1.11578	0.919633	0	0	0	0	0	0	0	0	
0.007	0.942041	0.000991278	1.04866	1.06153	2.78295	1.11318	0.921152	0	0	0	0	0	0	0	0	
0.008	0.940629	0.00114285	1.04866	1.06312	2.78712	1.11485	0.920184	0	0	0	0	0	0	0	0	
0.009	0.945081	0.00128739	1.04865	1.05811	2.77396	1.10958	0.923213	0	0	0	0	0	0	0	0	
0.01	0.944735	0.00142782	1.04864	1.0585	2.77496	1.10999	0.922988	0	0	0	0	0	0	0	0	
0.011	0.943767	0.0015696	1.04864	1.05958	2.7778	1.11112	0.922338	0	0	0	0	0	0	0	0	
0.012	0.947901	0.00170511	1.04863	1.05496	2.76565	1.10626	0.925102	0	0	0	0	0	0	0	0	
0.013	0.944746	0.00184189	1.04863	1.05849	2.77489	1.10996	0.922996	0	0	0	0	0	0	0	0	
0.014	0.944111	0.00198247	1.04862	1.0592	2.77674	1.1107	0.922577	0	0	0	0	0	0	0	0	
0.015	0.947549	0.00211815	1.04861	1.05535	2.76664	1.10665	0.924878	0	0	0	0	0	0	0	0	
0.016	0.944695	0.00225537	1.04861	1.05854	2.77499	1.10999	0.922971	0	0	0	0	0	0	0	0	
0.017	0.944257	0.00239586	1.0486	1.05903	2.77626	1.1105	0.922685	0	0	0	0	0	0	0	0	
0.018	0.946071	0.00253406	1.04859	1.057	2.7709	1.10836	0.92391	0	0	0	0	0	0	0	0	
0.019	0.94476	0.00267282	1.04858	1.05847	2.77473	1.10989	0.923035	0	0	0	0	0	0	0	0	
0.02	0.945267	0.00281185	1.04857	1.0579	2.77322	1.10929	0.923386	0	0	0	0	0	0	0	0	
0.021	0.945702	0.00294983	1.04856	1.05742	2.77191	1.10876	0.923695	0	0	0	0	0	0	0	0	
0.022	0.944951	0.00308869	1.04855	1.05826	2.77409	1.10963	0.923224	0	0	0	0	0	0	0	0	
0.023	0.946478	0.00322568	1.04854	1.05655	2.76958	1.10783	0.924301	0	0	0	0	0	0	0	0	
0.024	0.946181	0.00336178	1.04852	1.05688	2.77041	1.10816	0.924186	0	0	0	0	0	0	0	0	
0.025	0.945471	0.00349931	1.04851	1.05767	2.77246	1.10898	0.923811	0	0	0	0	0	0	0	0	
0.026	0.947293	0.00363456	1.0485	1.05564	2.76709	1.10683	0.925124	0	0	0	0	0	0	0	0	
0.027	0.946957	0.0037687	1.04848	1.05601	2.76803	1.10721	0.925012	0	0	0	0	0	0	0	0	
0.028	0.946212	0.00390433	1.04847	1.05685	2.77018	1.10807	0.924629	0	0	0	0	0	0	0	0	
0.029	0.947265	0.00403905	1.04845	1.05567	2.76705	1.10682	0.925436	0	0	0	0	0	0	0	0	
0.03	0.947313	0.00417282	1.04844	1.05562	2.76687	1.10675	0.925581	0	0	0	0	0	0	0	0	
0.031	0.947313	0.00430651	1.04842	1.05562	2.76682	1.10673	0.925694	0	0	0	0	0	0	0	0	
0.032	0.948054	0.004439	1.0484	1.05479	2.76462	1.10585	0.926293	0	0	0	0	0	0	0	0	
0.033	0.948087	0.00457076	1.04838	1.05476	2.76447	1.10579	0.926428	0	0	0	0	0	0	0	0	
0.034	0.948419	0.00470189	1.04836	1.05439	2.76345	1.10538	0.926758	0	0	0	0	0	0	0	0	
0.035	0.948931	0.00483188	1.04835	1.05382	2.76191	1.10476	0.927205	0	0	0	0	0	0	0	0	
0.036	0.948867	0.00496148	1.04833	1.05389	2.76205	1.10482	0.927277	0	0	0	0	0	0	0	0	
0.037	0.949412	0.0050902	1.04831	1.05328	2.76041	1.10416	0.927743	0	0	0	0	0	0	0	0	
0.038	0.949882	0.00521764	1.04828	1.05276	2.75899	1.10359	0.92816	0	0	0	0	0	0	0	0	
0.039	0.949839	0.00534464	1.04826	1.05281	2.75906	1.10362	0.928247	0	0	0	0	0	0	0	0	
0.04	0.950681	0.00547025	1.04824	1.05188	2.75655	1.10262	0.9289	0	0	0	0	0	0	0	0	
0.041	0.951192	0.00559419	1.04822	1.05131	2.75501	1.10201	0.929342	0	0	0	0	0	0	0	0	
0.042	0.950882	0.00571803	1.0482	1.05166	2.75586	1.10234	0.929259	0	0	0	0	0	0	0	0	
0.043	0.951248	0.00584151	1.04817	1.05125	2.75473	1.10189	0.929607	0	0	0	0	0	0	0	0	
0.044	0.951575	0.00596413	1.04815	1.05089	2.75373	1.10149	0.92993	0	0	0	0	0	0	0	0	
0.045	0.95134	0.00608677	1.04813	1.05115	2.75435	1.10174	0.929898	0	0	0	0	0	0	0	0	
0.046	0.951105	0.00620998	1.04811	1.05141	2.75497	1.10199	0.929866	0	0	0	0	0	0	0	0	
0.047	0.951432	0.00633292	1.04808	1.05105	2.75396	1.10158	0.93019	0	0	0	0	0	0	0	0	
0.048	0.952363	0.00645406	1.04805	1.05002	2.7512	1.10048	0.930894	0	0	0	0	0	0	0	0	
0.049	0.953033	0.00657316	1.04803	1.04928	2.74919	1.09968	0.931433	0	0	0	0	0	0	0	0	
0.05	0.953268	0.00669108	1.048	1.04902	2.74845	1.09938	0.931699	0	0	0	0	0	0	0	0	
0.051	0.953503	0.00680828	1.04798	1.04876	2.7477	1.09908	0.931963	0	0	0	0	0	0	0	0	
0.052	0.953613	0.00692502	1.04795	1.04864	2.74731	1.09893	0.93215	0	0	0	0	0	0	0	0	
0.053	0.953668	0.00704152	1.04792	1.04858	2.74709	1.09883	0.932302	0	0	0	0	0	0	0	0	
0.054	0.953896	0.0071576	1.0479	1.04833	2.74636	1.09854	0.932562	0	0	0	0	0	0	0	0	
0.055	0.954072	0.00727318	1.04787	1.04814	2.74578	1.09831	0.932791	0	0	0	0	0	0	0	0	
0.056	0.954221	0.00738834	1.04784	1.04798	2.74527	1.09811	0.933002	0	0	0	0	0	0	0	0	
0.057	0.954518	0.00750288	1.04781	1.04765	2.74435	1.09774	0.933304	0	0	0	0	0	0	0	0	
0.058	0.954759	0.00761677	1.04778	1.04738	2.74358	1.09743	0.933572	0	0	0	0	0	0	0	0	
0.059	0.95496	0.0077301	1.04775	1.04716	2.74292	1.09717	0.933816	0	0	0	0	0	0	0	0	
0.06	0.95529	0.00784272	1.04772	1.0468	2.74189	1.09676	0.934138	0	0	0	0	0	0	0	0	
0.061	0.955575	0.0079546	1.04769	1.04649	2.741	1.0964	0.934432	0	0	0	0	0	0	0	0	
0.062	0.955788	0.00806589	1.04766	1.04626	2.74031	1.09612	0.934683	0	0	0	0	0	0	0	0	
0.063	0.956081	0.00817653	1.04763	1.04594	2.73938	1.09575	0.934982	0	0	0	0	0	0	0	0	
0.064	0.956338	0.00828653	1.0476	1.04566	2.73857	1.09543	0.935259	0	0	0	0	0	0	0	0	
0.065	0.956526	0.00839602	1.04757	1.04545	2.73794	1.09518	0.935494	0	0	0	0	0	0	0	0	
0.066	0.956797	0.00850495	1.04753	1.04515	2.73708	1.09483	0.935779	0	0	0	0	0	0	0	0	
0.067	0.957067	0.00861325	1.0475	1.04486	2.73623	1.09449	0.936063	0	0	0	0	0	0	0	0	
0.068	0.95727	0.00872102	1.04747	1.04464	2.73556	1.09422	0.936307	0	0	0	0	0	0	0	0	
0.069	0.957503	0.00882827	1.04744	1.04438	2.73481	1.09392	0.936569	0	0	0	0	0	0	0	0	
0.07	0.957401	0.00893551	1.0474	1.04449	2.73502	1.09401	0.936631	0	0	0	0	0	0	0	0	
0.071	0.957116	0.00904329	1.04737	1.04481	2.73575	1.0943	0.936583	0	0	0	0	0	0	0	0	
0.072	0.957243	0.00915122	1.04734	1.04467	2.73529	1.09412	0.936779	0	0	0	0	0	0	0	0	
0.073	0.957976	0.00925802	1.0473	1.04387	2.73311	1.09324	0.937335	0	0	0	0	0	0	0	0	
0.074	0.958982	0.00936269	1.04727	1.04277	2.73015	1.09206	0.93805	0	0	0	0	0	0	0	0	
0.075	0.959748	0.00946526	1.04723	1.04194	2.72788	1.09115	0.938624	0	0	0	0	0	0	0	0	
0.076	0.960087	0.00956653	1.0472	1.04157	2.72683	1.09073	0.938948	0	0	0	0	0	0	0	0	
0.077	0.960229	0.0096672	1.04716	1.04142	2.72634	1.09053	0.939155	0	0	0	0	0	0	0	0	
0.078	0.960348	0.00976754	1.04713	1.04129	2.72591	1.09036	0.939348	0	0	0	0	0	0	0	0	
0.079	0.960477	0.00986758	1.04709	1.04115	2.72545	1.09018	0.939547	0	0	0	0	0	0	0	0	
0.08	0.960699	0.00996721	1.04706	1.04091	2.72473	1.08989	0.939799	0	0	0	0	0	0	0	0	
0.081	0.960974	0.0100662	1.04702	1.04061	2.72386	1.08954	0.940081	0	0	0	0	0	0	0	0	
0.082	0.961186	0.0101647	1.04699	1.04038	2.72317	1.08927	0.940327	0	0	0	0	0	0	0	0	
0.083	0.961392	0.0102627	1.04695	1.04016	2.72249	1.089	0.940569	0	0	0	0	0	0	0	0	
0.084	0.961636	0.0103602	1.04692	1.03989	2.72171	1.08868	0.940832	0	0	0	0	0	0	0	0	
0.085	0.961836	0.0104571	1.04688	1.03968	2.72105	1.08842	0.941071	0	0	0	0	0	0	0	0	
0.086	0.962045	0.0105536	1.04685	1.03945	2.72037	1.08815	0.941314	0	0	0	0	0	0	0	0	
0.087	0.962316	0.0106496	1.04681	1.03916	2.71951	1.08781	0.941592	0	0	0	0	0	0	0	0	
0.088	0.962555	0.010745	1.04678	1.0389	2.71874	1.0875	0.941852	0	0	0	0	0	0	0	0	
0.089	0.962789	0.0108399	1.04674	1.03865	2.71799	1.0872	0.942109	0	0	0	0	0	0	0	0	
0.09	0.963085	0.0109342	1.0467	1.03833	2.71706	1.08682	0.9424	0	0	0	0	0	0	0	0	
0.091	0.963349	0.011028	1.04667	1.03805	2.71622	1.08649	0.942673	0	0	0	0	0	0	0	0	
0.092	0.963581	0.0111212	1.04663	1.0378	2.71547	1.08619	0.942928	0	0	0	0	0	0	0	0	
0.093	0.963855	0.011214	1.04659	1.0375	2.7146	1.08584	0.943205	0	0	0	0	0	0	0	0	
0.094	0.963942	0.0113064	1.04656	1.03741	2.71426	1.0857	0.943379	0	0	0	0	0	0	0	0	
0.095	0.96371	0.0113992	1.04652	1.03766	2.71482	1.08593	0.943377	0	0	0	0	0	0	0	0	
0.096	0.963495	0.0114926	1.04648	1.03789	2.71532	1.08613	0.943385	0	0	0	0	0	0	0	0	
0.097	0.963767	0.011586	1.04644	1.0376	2.71446	1.08578	0.943659	0	0	0	0	0	0	0	0	
0.098	0.964563	0.0116782	1.0464	1.03674	2.71212	1.08485	0.944221	0	0	0	0	0	0	0	0	
0.099	0.965448	0.0117687	1.04636	1.03579	2.70953	1.08381	0.944831	0	0	0	0	0	0	0	0	
0.1	0.966028	0.0118576	1.04632	1.03517	2.7078	1.08312	0.945276	0	0	0	0	0	0	0	0	
0.101	0.966285	0.0119458	1.04628	1.03489	2.70698	1.08279	0.945544	0	0	0	0	0	0	0	0	
0.102	0.966375	0.0120337	1.04624	1.0348	2.70662	1.08265	0.945722	0	0	0	0	0	0	0	0	
0.103	0.966407	0.0121216	1.0462	1.03476	2.70643	1.08257	0.945868	0	0	0	0	0	0	0	0	
0.104	0.966482	0.0122095	1.04616	1.03468	2.70611	1.08245	0.946036	0	0	0	0	0	0	0	0	
0.105	0.96665	0.0122972	1.04612	1.0345	2.70554	1.08222	0.946254	0	0	0	0	0	0	0	0	
0.106	0.966857	0.0123847	1.04608	1.03428	2.70485	1.08194	0.946493	0	0	0	0	0	0	0	0	
0.107	0.967094	0.0124718	1.04604	1.03403	2.70408	1.08163	0.946747	0	0	0	0	0	0	0	0	
0.108	0.967393	0.0125584	1.046	1.03371	2.70314	1.08126	0.947034	0	0	0	0	0	0	0	0	
0.109	0.967699	0.0126444	1.04596	1.03338	2.70218	1.08087	0.947324	0	0	0	0	0	0	0	0	
0.11	0.967966	0.0127299	1.04591	1.03309	2.70132	1.08053	0.947593	0	0	0	0	0	0	0	0	
0.111	0.968222	0.0128149	1.04587	1.03282	2.7005	1.0802	0.947856	0	0	0	0	0	0	0	0	
0.112	0.96845	0.0128994	1.04583	1.03258	2.69975	1.0799	0.948105	0	0	0	0	0	0	0	0	
0.113	0.968604	0.0129836	1.04579	1.03241	2.69921	1.07969	0.948314	0	0	0	0	0	0	0	0	
0.114	0.96872	0.0130675	1.04574	1.03229	2.69878	1.07951	0.948504	0	0	0	0	0	0	0	0	
0.115	0.968857	0.0131512	1.0457	1.03214	2.69829	1.07931	0.948705	0	0	0	0	0	0	0	0	
0.116	0.969016	0.0132346	1.04566	1.03197	2.69773	1.07909	0.948918	0	0	0	0	0	0	0	0	
0.117	0.969211	0.0133177	1.04561	1.03177	2.69708	1.07883	0.949148	0	0	0	0	0	0	0	0	
0.118	0.969396	0.0134003	1.04557	1.03157	2.69645	1.07858	0.949374	0	0	0	0	0	0	0	0	
0.119	0.969517	0.0134827	1.04553	1.03144	2.696	1.0784	0.949566	0	0	0	0	0	0	0	0	
0.12	0.969632	0.0135648	1.04548	1.03132	2.69556	1.07823	0.949755	0	0	0	0	0	0	0	0	
0.121	0.969857	0.0136465	1.04544	1.03108	2.69483	1.07793	0.949999	0	0	0	0	0	0	0	0	
0.122	0.970259	0.0137276	1.04539	1.03065	2.69359	1.07744	0.950333	0	0	0	0	0	0	0	0	
0.123	0.970802	0.0138076	1.04535	1.03008	2.69197	1.07679	0.950736	0	0	0	0	0	0	0	0	
0.124	0.971313	0.0138866	1.0453	1.02953	2.69044	1.07617	0.951124	0	0	0	0	0	0	0	0	
0.125	0.971634	0.0139647	1.04526	1.02919	2.68943	1.07577	0.951416	0	0	0	0	0	0	0	0	
0.126	0.971774	0.0140424	1.04521	1.02905	2.68892	1.07557	0.951619	0	0	0	0	0	0	0	0	
0.127	0.971847	0.0141199	1.04516	1.02897	2.6886	1.07544	0.951787	0	0	0	0	0	0	0	0	
0.128	0.971923	0.0141973	1.04512	1.02889	2.68827	1.07531	0.951957	0	0	0	0	0	0	0	0	
0.129	0.972042	0.0142746	1.04507	1.02876	2.68783	1.07513	0.952147	0	0	0	0	0	0	0	0	
0.13	0.972229	0.0143517	1.04502	1.02856	2.68719	1.07487	0.952372	0	0	0	0	0	0	0	0	
0.131	0.972455	0.0144285	1.04498	1.02832	2.68644	1.07458	0.952615	0	0	0	0	0	0	0	0	
0.132	0.972685	0.0145049	1.04493	1.02808	2.68568	1.07427	0.95286	0	0	0	0	0	0	0	0	
0.133	0.972929	0.0145809	1.04488	1.02782	2.68488	1.07395	0.953111	0	0	0	0	0	0	0	0	
0.134	0.973176	0.0146566	1.04483	1.02756	2.68408	1.07363	0.953364	0	0	0	0	0	0	0	0	
0.135	0.973372	0.0147319	1.04478	1.02736	2.68341	1.07336	0.953592	0	0	0	0	0	0	0	0	
0.136	0.973514	0.014807	1.04473	1.02721	2.68289	1.07316	0.953794	0	0	0	0	0	0	0	0	
0.137	0.973657	0.0148819	1.04468	1.02706	2.68236	1.07295	0.953996	0	0	0	0	0	0	0	0	
0.138	0.973829	0.0149566	1.04463	1.02687	2.68176	1.07271	0.954212	0	0	0	0	0	0	0	0	
0.139	0.974035	0.015031	1.04458	1.02666	2.68106	1.07243	0.954444	0	0	0	0	0	0	0	0	
0.14	0.974294	0.015105	1.04453	1.02638	2.68022	1.07209	0.954701	0	0	0	0	0	0	0	0	
0.141	0.974574	0.0151785	1.04448	1.02609	2.67932	1.07173	0.954968	0	0	0	0	0	0	0	0	
0.142	0.974786	0.0152515	1.04443	1.02587	2.6786	1.07144	0.955202	0	0	0	0	0	0	0	0	
0.143	0.97488	0.0153243	1.04438	1.02577	2.67822	1.07129	0.955381	0	0	0	0	0	0	0	0	
0.144	0.974916	0.0153968	1.04432	1.02573	2.67799	1.07119	0.955533	0	0	0	0	0	0	0	0	
0.145	0.975033	0.0154692	1.04427	1.02561	2.67753	1.07101	0.955722	0	0	0	0	0	0	0	0	
0.146	0.975307	0.0155412	1.04422	1.02532	2.67665	1.07066	0.955984	0	0	0	0	0	0	0	0	
0.147	0.97567	0.0156125	1.04417	1.02494	2.67552	1.07021	0.956286	0	0	0	0	0	0	0	0	
0.148	0.976019	0.015683	1.04412	1.02457	2.67443	1.06977	0.956582	0	0	0	0	0	0	0	0	
0.149	0.976328	0.0157528	1.04407	1.02425	2.67346	1.06938	0.956858	0	0	0	0	0	0	0	0	
0.15	0.976591	0.015822	1.04402	1.02397	2.67261	1.06904	0.957112	0	0	0	0	0	0	0	0	
0.151	0.976775	0.0158908	1.04397	1.02378	2.67198	1.06879	0.957331	0	0	0	0	0	0	0	0	
0.152	0.976887	0.0159593	1.04392	1.02366	2.67154	1.06862	0.957516	0	0	0	0	0	0	0	0	
0.153	0.97699	0.0160275	1.04387	1.02355	2.67113	1.06845	0.957697	0	0	0	0	0	0	0	0	
0.154	0.977124	0.0160956	1.04382	1.02341	2.67064	1.06826	0.957892	0	0	0	0	0	0	0	0	
0.155	0.977301	0.0161635	1.04377	1.02323	2.67003	1.06801	0.958106	0	0	0	0	0	0	0	0	
0.156	0.977536	0.016231	1.04372	1.02298	2.66926	1.0677	0.958345	0	0	0	0	0	0	0	0	
0.157	0.977807	0.0162981	1.04367	1.0227	2.66839	1.06736	0.9586	0	0	0	0	0	0	0	0	
0.158	0.978038	0.0163649	1.04362	1.02245	2.66764	1.06706	0.958837	0	0	0	0	0	0	0	0	
0.159	0.978197	0.0164314	1.04357	1.02229	2.66708	1.06683	0.959042	0	0	0	0	0	0	0	0	
0.16	0.978331	0.0164977	1.04352	1.02215	2.66659	1.06664	0.959236	0	0	0	0	0	0	0	0	
0.161	0.978484	0.0165638	1.04347	1.02199	2.66605	1.06642	0.959438	0	0	0	0	0	0	0	0	
0.162	0.978663	0.0166296	1.04342	1.0218	2.66543	1.06617	0.959651	0	0	0	0	0	0	0	0	
0.163	0.978874	0.0166951	1.04338	1.02158	2.66473	1.06589	0.959878	0	0	0	0	0	0	0	0	
0.164	0.979119	0.0167602	1.04333	1.02133	2.66394	1.06558	0.960118	0	0	0	0	0	0	0	0	
0.165	0.979353	0.0168248	1.04328	1.02108	2.66318	1.06527	0.960354	0	0	0	0	0	0	0	0	
0.166	0.979544	0.0168889	1.04323	1.02088	2.66254	1.06502	0.960571	0	0	0	0	0	0	0	0	
0.167	0.979713	0.0169525	1.04318	1.02071	2.66196	1.06478	0.960779	0	0	0	0	0	0	0	0	
0.168	0.979909	0.0170156	1.04313	1.0205	2.6613	1.06452	0.960997	0	0	0	0	0	0	0	0	
0.169	0.980155	0.0170781	1.04309	1.02025	2.66051	1.06421	0.961236	0	0	0	0	0	0	0	0	
0.17	0.98041	0.01714	1.04304	1.01998	2.6597	1.06388	0.961478	0	0	0	0	0	0	0	0	
0.171	0.9806	0.0172012	1.04299	1.01978	2.65907	1.06363	0.961692	0	0	0	0	0	0	0	0	
0.172	0.980709	0.0172619	1.04295	1.01967	2.65865	1.06346	0.961873	0	0	0	0	0	0	0	0	
0.173	0.980805	0.0173223	1.0429	1.01957	2.65828	1.06331	0.962048	0	0	0	0	0	0	0	0	
0.174	0.98094	0.0173822	1.04285	1.01943	2.65779	1.06312	0.962239	0	0	0	0	0	0	0	0	
0.175	0.981103	0.0174417	1.04281	1.01926	2.65724	1.06289	0.962441	0	0	0	0	0	0	0	0	
0.176	0.981279	0.0175008	1.04276	1.01908	2.65664	1.06266	0.962649	0	0	0	0	0	0	0	0	
0.177	0.981482	0.0175595	1.04272	1.01887	2.65598	1.06239	0.962867	0	0	0	0	0	0	0	0	
0.178	0.9817	0.0176178	1.04267	1.01864	2.65527	1.06211	0.963091	0	0	0	0	0	0	0	0	
0.179	0.981911	0.0176757	1.04263	1.01842	2.65458	1.06183	0.963312	0	0	0	0	0	0	0	0	
0.18	0.982128	0.0177333	1.04258	1.0182	2.65388	1.06155	0.963535	0	0	0	0	0	0	0	0	
0.181	0.982365	0.0177905	1.04253	1.01795	2.65313	1.06125	0.963765	0	0	0	0	0	0	0	0	
0.182	0.982587	0.0178476	1.04249	1.01772	2.65241	1.06096	0.96399	0	0	0	0	0	0	0	0	
0.183	0.982767	0.0179044	1.04244	1.01754	2.6518	1.06072	0.964197	0	0	0	0	0	0	0	0	
0.184	0.982938	0.0179611	1.0424	1.01736	2.65122	1.06049	0.964401	0	0	0	0	0	0	0	0	
0.185	0.983133	0.0180176	1.04235	1.01716	2.65058	1.06023	0.964614	0	0	0	0	0	0	0	0	
0.186	0.983323	0.018074	1.0423	1.01696	2.64995	1.05998	0.964824	0	0	0	0	0	0	0	0	
0.187	0.983481	0.0181303	1.04225	1.0168	2.6494	1.05976	0.965023	0	0	0	0	0	0	0	0	
0.188	0.983632	0.0181865	1.04221	1.01664	2.64887	1.05955	0.965218	0	0	0	0	0	0	0	0	
0.189	0.983803	0.0182426	1.04216	1.01646	2.64829	1.05932	0.96542	0	0	0	0	0	0	0	0	
0.19	0.983974	0.0182986	1.04211	1.01629	2.6477	1.05908	0.965623	0	0	0	0	0	0	0	0	
0.191	0.984116	0.0183545	1.04206	1.01614	2.6472	1.05888	0.965815	0	0	0	0	0	0	0	0	
0.192	0.984228	0.0184104	1.04201	1.01602	2.64677	1.05871	0.965995	0	0	0	0	0	0	0	0	
0.193	0.984361	0.0184663	1.04196	1.01589	2.64629	1.05852	0.966183	0	0	0	0	0	0	0	0	
0.194	0.984577	0.0185221	1.04191	1.01566	2.64559	1.05823	0.966402	0	0	0	0	0	0	0	0	
0.195	0.984867	0.0185777	1.04186	1.01537	2.64468	1.05787	0.966648	0	0	0	0	0	0	0	0	
0.196	0.985143	0.0186331	1.04181	1.01508	2.64381	1.05752	0.966889	0	0	0	0	0	0	0	0	
0.197	0.985344	0.0186883	1.04176	1.01487	2.64314	1.05726	0.967102	0	0	0	0	0	0	0	0	
0.198	0.9855	0.0187436	1.04171	1.01471	2.6426	1.05704	0.967298	0	0	0	0	0	0	0	0	
0.199	0.985654	0.0187989	1.04166	1.01455	2.64205	1.05682	0.967493	0	0	0	0	0	0	0	0	
0.2	0.9858	0.0188542	1.04161	1.0144	2.64153	1.05661	0.967685	0	0	0	0	0	0	0	0	
0.201	0.98593	0.0189096	1.04156	1.01427	2.64105	1.05642	0.967871	0	0	0	0	0	0	0	0	
0.202	0.986076	0.0189649	1.0415	1.01412	2.64053	1.05621	0.968063	0	0	0	0	0	0	0	0	
0.203	0.986251	0.01902	1.04145	1.01394	2.63992	1.05597	0.968265	0	0	0	0	0	0	0	0	
0.204	0.986423	0.019075	1.0414	1.01376	2.63933	1.05573	0.968465	0	0	0	0	0	0	0	0	
0.205	0.986576	0.0191297	1.04135	1.01361	2.63879	1.05552	0.968659	0	0	0	0	0	0	0	0	
0.206	0.986739	0.019184	1.04129	1.01344	2.63822	1.05529	0.968856	0	0	0	0	0	0	0	0	
0.207	0.986924	0.0192378	1.04124	1.01325	2.63759	1.05504	0.969061	0	0	0	0	0	0	0	0	
0.208	0.987098	0.0192911	1.04119	1.01307	2.637	1.0548	0.969261	0	0	0	0	0	0	0	0	
0.209	0.987249	0.0193439	1.04114	1.01292	2.63646	1.05459	0.969453	0	0	0	0	0	0	0	0	
0.21	0.987411	0.0193961	1.04109	1.01275	2.6359	1.05436	0.969649	0	0	0	0	0	0	0	0	
0.211	0.987597	0.0194477	1.04104	1.01256	2.63527	1.05411	0.969852	0	0	0	0	0	0	0	0	
0.212	0.98777	0.0194989	1.04099	1.01238	2.63469	1.05387	0.970051	0	0	0	0	0	0	0	0	
0.213	0.987918	0.0195496	1.04093	1.01223	2.63416	1.05367	0.970241	0	0	0	0	0	0	0	0	
0.214	0.988077	0.0196	1.04088	1.01207	2.63361	1.05345	0.970434	0	0	0	0	0	0	0	0	
0.215	0.988221	0.0196502	1.04083	1.01192	2.6331	1.05324	0.970622	0	0	0	0	0	0	0	0	
0.216	0.988266	0.0197005	1.04078	1.01187	2.63285	1.05314	0.970777	0	0	0	0	0	0	0	0	
0.217	0.988225	0.0197512	1.04073	1.01192	2.63283	1.05313	0.970902	0	0	0	0	0	0	0	0	
0.218	0.98824	0.0198023	1.04068	1.0119	2.63266	1.05307	0.971046	0	0	0	0	0	0	0	0	
0.219	0.988447	0.0198539	1.04063	1.01169	2.63198	1.05279	0.971254	0	0	0	0	0	0	0	0	
0.22	0.988861	0.0199056	1.04057	1.01126	2.63074	1.0523	0.971531	0	0	0	0	0	0	0	0	
0.221	0.989359	0.0199574	1.04052	1.01076	2.62928	1.05171	0.971836	0	0	0	0	0	0	0	0	
0.222	0.989763	0.0200092	1.04046	1.01034	2.62806	1.05122	0.97211	0	0	0	0	0	0	0	0	
0.223	0.989977	0.0200613	1.04041	1.01012	2.62735	1.05094	0.972322	0	0	0	0	0	0	0	0	
0.224	0.990055	0.020114	1.04035	1.01005	2.627	1.0508	0.972489	0	0	0	0	0	0	0	0	
0.225	0.99011	0.0201672	1.04029	1.00999	2.6267	1.05068	0.972648	0	0	0	0	0	0	0	0	
0.226	0.990188	0.0202208	1.04023	1.00991	2.62635	1.05054	0.972814	0	0	0	0	0	0	0	0	
0.227	0.990262	0.0202747	1.04017	1.00983	2.626	1.0504	0.972979	0	0	0	0	0	0	0	0	
0.228	0.990339	0.0203288	1.04011	1.00976	2.62564	1.05026	0.973145	0	0	0	0	0	0	0	0	
0.229	0.990465	0.0203827	1.04005	1.00963	2.62516	1.05006	0.973327	0	0	0	0	0	0	0	0	
0.23	0.990637	0.0204364	1.03999	1.00945	2.62455	1.04982	0.973523	0	0	0	0	0	0	0	0	
0.231	0.990792	0.0204895	1.03993	1.00929	2.62399	1.04959	0.973713	0	0	0	0	0	0	0	0	
0.232	0.990917	0.0205419	1.03987	1.00917	2.62351	1.0494	0.973894	0	0	0	0	0	0	0	0	
0.233	0.99107	0.0205934	1.03981	1.00901	2.62295	1.04918	0.974083	0	0	0	0	0	0	0	0	
0.234	0.99127	0.0206439	1.03976	1.00881	2.62228	1.04891	0.974285	0	0	0	0	0	0	0	0	
0.235	0.991447	0.0206932	1.0397	1.00863	2.62168	1.04867	0.97448	0	0	0	0	0	0	0	0	
0.236	0.991567	0.0207413	1.03965	1.0085	2.62122	1.04849	0.974658	0	0	0	0	0	0	0	0	
0.237	0.991697	0.020788	1.03959	1.00837	2.62075	1.0483	0.974838	0	0	0	0	0	0	0	0	
0.238	0.991885	0.0208334	1.03954	1.00818	2.62012	1.04805	0.975034	0	0	0	0	0	0	0	0	
0.239	0.992079	0.0208774	1.0395	1.00798	2.61949	1.04779	0.975232	0	0	0	0	0	0	0	0	
0.24	0.992199	0.0209201	1.03945	1.00786	2.61905	1.04762	0.975408	0	0	0	0	0	0	0	0	
0.241	0.992241	0.0209617	1.0394	1.00782	2.61883	1.04753	0.975561	0	0	0	0	0	0	0	0	
0.242	0.992268	0.0210025	1.03936	1.00779	2.61864	1.04746	0.975708	0	0	0	0	0	0	0	0	
0.243	0.992374	0.0210427	1.03931	1.00768	2.61825	1.0473	0.975879	0	0	0	0	0	0	0	0	
0.244	0.992627	0.0210823	1.03927	1.00743	2.61748	1.04699	0.97609	0	0	0	0	0	0	0	0	
0.245	0.992986	0.0211214	1.03923	1.00706	2.61642	1.04657	0.976332	0	0	0	0	0	0	0	0	
0.246	0.993308	0.0211604	1.03918	1.00674	2.61546	1.04619	0.976563	0	0	0	0	0	0	0	0	
0.247	0.99349	0.0211997	1.03914	1.00655	2.61487	1.04595	0.976755	0	0	0	0	0	0	0	0	
0.248	0.993584	0.0212396	1.03909	1.00646	2.61451	1.0458	0.976922	0	0	0	0	0	0	0	0	
0.249	0.993703	0.0212806	1.03905	1.00634	2.61408	1.04563	0.977095	0	0	0	0	0	0	0	0	
0.25	0.993859	0.0213228	1.039	1.00618	2.61355	1.04542	0.977279	0	0	0	0	0	0	0	0	
0.251	0.993978	0.0213662	1.03895	1.00606	2.6131	1.04524	0.977453	0	0	0	0	0	0	0	0	
0.252	0.994058	0.021411	1.03889	1.00598	2.61276	1.0451	0.977617	0	0	0	0	0	0	0	0	
0.253	0.99419	0.021457	1.03884	1.00584	2.61228	1.04491	0.977795	0	0	0	0	0	0	0	0	
0.254	0.994402	0.0215038	1.03878	1.00563	2.61158	1.04463	0.977994	0	0	0	0	0	0	0	0	
0.255	0.994596	0.0215513	1.03873	1.00543	2.61092	1.04437	0.978189	0	0	0	0	0	0	0	0	
0.256	0.994694	0.0215992	1.03867	1.00533	2.61052	1.04421	0.978358	0	0	0	0	0	0	0	0	
0.257	0.994762	0.0216471	1.03861	1.00527	2.61019	1.04408	0.978519	0	0	0	0	0	0	0	0	
0.258	0.994906	0.0216946	1.03855	1.00512	2.60967	1.04387	0.9787	0	0	0	0	0	0	0	0	
0.259	0.995112	0.0217413	1.03849	1.00491	2.60898	1.04359	0.978896	0	0	0	0	0	0	0	0	
0.26	0.995272	0.0217868	1.03844	1.00475	2.60842	1.04337	0.979081	0	0	0	0	0	0	0	0	
0.261	0.995365	0.0218309	1.03838	1.00466	2.60804	1.04322	0.979248	0	0	0	0	0	0	0	0	
0.262	0.995485	0.0218736	1.03833	1.00454	2.6076	1.04304	0.97942	0	0	0	0	0	0	0	0	
0.263	0.995674	0.0219147	1.03828	1.00434	2.60697	1.04279	0.97961	0	0	0	0	0	0	0	0	
0.264	0.995779	0.0219544	1.03823	1.00424	2.60658	1.04263	0.979779	0	0	0	0	0	0	0	0	
0.265	0.995696	0.0219931	1.03818	1.00432	2.60668	1.04267	0.979901	0	0	0	0	0	0	0	0	
0.266	0.995591	0.0220313	1.03814	1.00443	2.60683	1.04273	0.980017	0	0	0	0	0	0	0	0	
0.267	0.995686	0.0220692	1.03809	1.00433	2.60647	1.04259	0.980181	0	0	0	0	0	0	0	0	
0.268	0.996005	0.0221071	1.03805	1.00401	2.60552	1.04221	0.980399	0	0	0	0	0	0	0	0	
0.269	0.996457	0.022145	1.038	1.00356	2.60422	1.04169	0.98065	0	0	0	0	0	0	0	0	
0.27	0.99694	0.0221834	1.03795	1.00307	2.60284	1.04114	0.980908	0	0	0	0	0	0	0	0	
0.271	0.997309	0.0222226	1.0379	1.0027	2.60175	1.0407	0.981139	0	0	0	0	0	0	0	0	
0.272	0.997439	0.0222633	1.03785	1.00257	2.60128	1.04051	0.981314	0	0	0	0	0	0	0	0	
0.273	0.997369	0.0223056	1.03779	1.00264	2.60132	1.04053	0.981442	0	0	0	0	0	0	0	0	
0.274	0.997311	0.0223499	1.03773	1.0027	2.60133	1.04053	0.981572	0	0	0	0	0	0	0	0	
0.275	0.997418	0.0223955	1.03767	1.00259	2.6009	1.04036	0.98174	0	0	0	0	0	0	0	0	
0.276	0.997612	0.0224421	1.03761	1.00239	2.60024	1.0401	0.981928	0	0	0	0	0	0	0	0	
0.277	0.997725	0.022489	1.03755	1.00228	2.59979	1.03992	0.982099	0	0	0	0	0	0	0	0	
0.278	0.997737	0.0225357	1.03749	1.00227	2.59961	1.03984	0.982247	0	0	0	0	0	0	0	0	
0.279	0.997808	0.0225816	1.03743	1.0022	2.59927	1.03971	0.982407	0	0	0	0	0	0	0	0	
0.28	0.998023	0.0226259	1.03737	1.00198	2.59857	1.03943	0.982598	0	0	0	0	0	0	0	0	
0.281	0.998262	0.0226678	1.03732	1.00174	2.59781	1.03912	0.982795	0	0	0	0	0	0	0	0	
0.282	0.998374	0.0227071	1.03726	1.00163	2.59738	1.03895	0.982963	0	0	0	0	0	0	0	0	
0.283	0.998389	0.0227436	1.03722	1.00161	2.59723	1.03889	0.98311	0	0	0	0	0	0	0	0	
0.284	0.99849	0.0227774	1.03717	1.00151	2.59685	1.03874	0.983274	0	0	0	0	0	0	0	0	
0.285	0.998744	0.0228085	1.03713	1.00126	2.59609	1.03844	0.983469	0	0	0	0	0	0	0	0	
0.286	0.998999	0.0228376	1.0371	1.001	2.59534	1.03813	0.983664	0	0	0	0	0	0	0	0	
0.287	0.999098	0.0228654	1.03706	1.0009	2.59499	1.038	0.983827	0	0	0	0	0	0	0	0	
0.288	0.99909	0.022893	1.03702	1.00091	2.59492	1.03797	0.983968	0	0	0	0	0	0	0	0	
0.289	0.999108	0.0229217	1.03699	1.00089	2.59478	1.03791	0.984114	0	0	0	0	0	0	0	0	
0.29	0.999199	0.0229522	1.03695	1.0008	2.59444	1.03778	0.984275	0	0	0	0	0	0	0	0	
0.291	0.999365	0.0229855	1.0369	1.00064	2.5939	1.03756	0.984451	0	0	0	0	0	0	0	0	
0.292	0.999673	0.0230221	1.03685	1.00033	2.59298	1.03719	0.984656	0	0	0	0	0	0	0	0	
0.293	1.00009	0.0230622	1.0368	0.999912	2.59177	1.03671	0.984881	0	0	0	0	0	0	0	0	
0.294	1.00039	0.0231062	1.03674	0.999609	2.59083	1.03633	0.985085	0	0	0	0	0	0	0	0	
0.295	1.00043	0.023154	1.03667	0.999575	2.59057	1.03623	0.985239	0	0	0	0	0	0	0	0	
0.296	1.0003	0.0232055	1.0366	0.999704	2.59073	1.03629	0.985362	0	0	0	0	0	0	0	0	
0.297	1.00029	0.0232597	1.03652	0.999708	2.59055	1.03622	0.985509	0	0	0	0	0	0	0	0	
0.298	1.00052	0.0233155	1.03644	0.99948	2.58976	1.03591	0.985698	0	0	0	0	0	0	0	0	
0.299	1.00078	0.0233714	1.03637	0.999225	2.58891	1.03556	0.985893	0	0	0	0	0	0	0	0	
0.3	1.00084	0.0234263	1.03629	0.999165	2.58856	1.03542	0.986053	0	0	0	0	0	0	0	0	
0.301	1.00073	0.0234795	1.03621	0.999269	2.58864	1.03546	0.986183	0	0	0	0	0	0	0	0	
0.302	1.00071	0.0235299	1.03614	0.99929	2.58851	1.03541	0.986327	0	0	0	0	0	0	0	0	
0.303	1.00095	0.0235765	1.03608	0.999054	2.58774	1.0351	0.986514	0	0	0	0	0	0	0	0	
0.304	1.00129	0.0236189	1.03602	0.998707	2.58669	1.03468	0.98672	0	0	0	0	0	0	0	0	
0.305	1.00148	0.023657	1.03596	0.99852	2.58607	1.03443	0.986899	0	0	0	0	0	0	0	0	
0.306	1.00146	0.0236914	1.03591	0.998547	2.58601	1.03441	0.987041	0	0	0	0	0	0	0	0	
0.307	1.00142	0.0237231	1.03587	0.998584	2.586	1.0344	0.987179	0	0	0	0	0	0	0	0	
0.308	1.00164	0.0237528	1.03582	0.998365	2.58532	1.03413	0.987359	0	0	0	0	0	0	0	0	
0.309	1.00203	0.0237813	1.03578	0.997971	2.58419	1.03368	0.987568	0	0	0	0	0	0	0	0	
0.31	1.00227	0.0238099	1.03574	0.997738	2.58349	1.03339	0.98775	0	0	0	0	0	0	0	0	
0.311	1.00223	0.0238398	1.03569	0.997773	2.58347	1.03339	0.98789	0	0	0	0	0	0	0	0	
0.312	1.00219	0.0238719	1.03565	0.997813	2.58345	1.03338	0.988028	0	0	0	0	0	0	0	0	
0.313	1.00247	0.0239063	1.03559	0.997537	2.58261	1.03304	0.988215	0	0	0	0	0	0	0	0	
0.314	1.00284	0.0239423	1.03554	0.99717	2.58153	1.03261	0.988417	0	0	0	0	0	0	0	0	
0.315	1.00293	0.0239795	1.03549	0.997083	2.58116	1.03246	0.988578	0	0	0	0	0	0	0	0	
0.316	1.0029	0.0240166	1.03543	0.997113	2.5811	1.03244	0.988719	0	0	0	0	0	0	0	0	
0.317	1.00319	0.0240517	1.03538	0.996821	2.58021	1.03208	0.988906	0	0	0	0	0	0	0	0	
0.318	1.0037	0.0240827	1.03533	0.996309	2.57877	1.03151	0.989124	0	0	0	0	0	0	0	0	
0.319	1.00401	0.0241078	1.03529	0.996004	2.57788	1.03115	0.989312	0	0	0	0	0	0	0	0	
0.32	1.00408	0.0241261	1.03526	0.995939	2.57763	1.03105	0.989464	0	0	0	0	0	0	0	0	
0.321	1.00423	0.024137	1.03524	0.995788	2.57719	1.03088	0.989626	0	0	0	0	0	0	0	0	
0.322	1.00448	0.024141	1.03523	0.99554	2.57653	1.03061	0.989801	0	0	0	0	0	0	0	0	
0.323	1.0046	0.0241397	1.03522	0.995421	2.57621	1.03048	0.989958	0	0	0	0	0	0	0	0	
0.324	1.00447	0.0241361	1.03523	0.995545	2.57654	1.03061	0.990082	0	0	0	0	0	0	0	0	
0.325	1.00424	0.0241337	1.03523	0.995774	2.57713	1.03085	0.990193	0	0	0	0	0	0	0	0	
0.326	1.00418	0.0241361	1.03522	0.995841	2.57729	1.03091	0.990326	0	0	0	0	0	0	0	0	
0.327	1.00447	0.0241468	1.0352	0.995554	2.57649	1.0306	0.990505	0	0	0	0	0	0	0	0	
0.328	1.00496	0.0241684	1.03517	0.995067	2.57515	1.03006	0.990711	0	0	0	0	0	0	0	0	
0.329	1.00517	0.024203	1.03511	0.994857	2.57447	1.02979	0.990885	0	0	0	0	0	0	0	0	
0.33	1.00492	0.0242518	1.03504	0.9951	2.57492	1.02997	0.991005	0	0	0	0	0	0	0	0	
0.331	1.00456	0.0243146	1.03495	0.995464	2.57563	1.03025	0.991111	0	0	0	0	0	0	0	0	
0.332	1.00448	0.0243895	1.03484	0.995545	2.57556	1.03023	0.991252	0	0	0	0	0	0	0	0	
0.333	1.00496	0.0244731	1.03471	0.995066	2.57402	1.02961	0.99146	0	0	0	0	0	0	0	0	
0.334	1.00558	0.0245618	1.03458	0.994452	2.57211	1.02884	0.991684	0	0	0	0	0	0	0	0	
0.335	1.00567	0.0246525	1.03445	0.994357	2.57153	1.02861	0.99185	0	0	0	0	0	0	0	0	
0.336	1.00523	0.0247423	1.03432	0.994799	2.57234	1.02894	0.991956	0	0	0	0	0	0	0	0	
0.337	1.00475	0.0248284	1.03419	0.995273	2.57325	1.0293	0.992058	0	0	0	0	0	0	0	0	
0.338	1.0046	0.0249078	1.03407	0.995425	2.57335	1.02934	0.992195	0	0	0	0	0	0	0	0	
0.339	1.005	0.0249775	1.03397	0.995026	2.57207	1.02883	0.992387	0	0	0	0	0	0	0	0	
0.34	1.00544	0.0250352	1.03388	0.994592	2.57073	1.02829	0.992583	0	0	0	0	0	0	0	0	
0.341	1.00556	0.025079	1.03382	0.994466	2.57024	1.0281	0.992745	0	0	0	0	0	0	0	0	
0.342	1.00579	0.0251073	1.03377	0.994248	2.56956	1.02782	0.992913	0	0	0	0	0	0	0	0	
0.343	1.00641	0.0251183	1.03375	0.993627	2.5679	1.02716	0.993117	0	0	0	0	0	0	0	0	
0.344	1.0073	0.0251107	1.03375	0.992751	2.56565	1.02626	0.993342	0	0	0	0	0	0	0	0	
0.345	1.00725	0.0250852	1.03378	0.992798	2.56584	1.02634	0.993482	0	0	0	0	0	0	0	0	
0.346	1.00648	0.0250446	1.03383	0.993559	2.56794	1.02718	0.993556	0	0	0	0	0	0	0	0	
0.347	1.00599	0.0249934	1.0339	0.994047	2.56937	1.02775	0.993653	0	0	0	0	0	0	0	0	
0.348	1.00617	0.024938	1.03398	0.993866	2.56909	1.02764	0.993808	0	0	0	0	0	0	0	0	
0.349	1.00688	0.0248868	1.03405	0.99317	2.56746	1.02698	0.994008	0	0	0	0	0	0	0	0	
0.35	1.00784	0.0248496	1.03409	0.992218	2.56511	1.02605	0.994228	0	0	0	0	0	0	0	0	
0.351	1.00843	0.024836	1.0341	0.991643	2.56365	1.02546	0.994419	0	0	0	0	0	0	0	0	
0.352	1.00789	0.0248535	1.03407	0.992174	2.56495	1.02598	0.994528	0	0	0	0	0	0	0	0	
0.353	1.00702	0.0249051	1.03399	0.993033	2.56697	1.02679	0.994613	0	0	0	0	0	0	0	0	
0.354	1.0067	0.024988	1.03387	0.993346	2.56748	1.02699	0.994742	0	0	0	0	0	0	0	0	
0.355	1.00704	0.0250943	1.03371	0.99301	2.56622	1.02649	0.994919	0	0	0	0	0	0	0	0	
0.356	1.00774	0.0252133	1.03354	0.992319	2.56399	1.0256	0.995123	0	0	0	0	0	0	0	0	
0.357	1.00887	0.0253336	1.03336	0.991211	2.56068	1.02427	0.995352	0	0	0	0	0	0	0	0	
0.358	1.00868	0.0254462	1.03319	0.991397	2.56074	1.0243	0.995497	0	0	0	0	0	0	0	0	
0.359	1.00757	0.0255453	1.03304	0.992483	2.56318	1.02527	0.995583	0	0	0	0	0	0	0	0	
0.36	1.0069	0.025627	1.03291	0.993151	2.5646	1.02584	0.995695	0	0	0	0	0	0	0	0	
0.361	1.007	0.0256898	1.03282	0.993047	2.56409	1.02564	0.995852	0	0	0	0	0	0	0	0	
0.362	1.00755	0.0257344	1.03275	0.992509	2.56253	1.02501	0.996034	0	0	0	0	0	0	0	0	
0.363	1.00803	0.0257643	1.0327	0.992033	2.56117	1.02447	0.996211	0	0	0	0	0	0	0	0	
0.364	1.00851	0.025783	1.03266	0.991566	2.55988	1.02395	0.996386	0	0	0	0	0	0	0	0	
0.365	1.00844	0.0257929	1.03264	0.991626	2.55998	1.02399	0.996532	0	0	0	0	0	0	0	0	
0.366	1.00839	0.0257971	1.03262	0.991682	2.56009	1.02403	0.996677	0	0	0	0	0	0	0	0	
0.367	1.00876	0.0258002	1.03261	0.991314	2.5591	1.02364	0.996841	0	0	0	0	0	0	0	0	
0.368	1.00983	0.0258027	1.0326	0.990269	2.55637	1.02255	0.997035	0	0	0	0	0	0	0	0	
0.369	1.01124	0.0257972	1.03259	0.988883	2.55278	1.02111	0.99724	0	0	0	0	0	0	0	0	
0.37	1.00927	0.0257848	1.0326	0.99082	2.5578	1.02312	0.997316	0	0	0	0	0	0	0	0	
0.371	1.00781	0.0257847	1.03259	0.992248	2.56147	1.02459	0.997412	0	0	0	0	0	0	0	0	
0.372	1.00791	0.0257912	1.03257	0.992156	2.56119	1.02448	0.997565	0	0	0	0	0	0	0	0	
0.373	1.0087	0.0257239	1.03266	0.991372	2.55938	1.02375	0.997739	0	0	0	0	0	0	0	0	
0.374	1.00973	0.0255158	1.03295	0.990365	2.5575	1.023	0.997913	0	0	0	0	0	0	0	0	
0.375	1.01117	0.0252873	1.03327	0.988953	2.55463	1.02185	0.998096	0	0	0	0	0	0	0	0	
0.376	1.01244	0.0252408	1.03332	0.987711	2.55156	1.02062	0.998277	0	0	0	0	0	0	0	0	
0.377	1.01271	0.0252751	1.03326	0.98745	2.55073	1.02029	0.998433	0	0	0	0	0	0	0	0	
0.378	1.00953	0.0251723	1.0334	0.990556	2.5591	1.02364	0.998513	0	0	0	0	0	0	0	0	
0.379	1.0091	0.0253401	1.03315	0.990983	2.55959	1.02384	0.998658	0	0	0	0	0	0	0	0	
0.38	1.00906	0.0263005	1.03177	0.991022	2.55627	1.02251	0.998827	0	0	0	0	0	0	0	0	
0.381	1.00921	0.0269591	1.03082	0.990872	2.55353	1.02141	0.998991	0	0	0	0	0	0	0	0	
0.382	1.01135	0.0255389	1.03284	0.988777	2.55313	1.02125	0.999151	0	0	0	0	0	0	0	0	
0.383	1.01294	0.0247435	1.03397	0.987224	2.5519	1.02076	0.999309	0	0	0	0	0	0	0	0	
0.384	1.01006	0.0284297	1.02863	0.990037	2.54596	1.01838	0.999469	0	0	0	0	0	0	0	0	
0.385	1.00786	0.0302721	1.02477	0.992202	2.54194	1.01677	0.999623	0	0	0	0	0	0	0	0	
0.386	1.00656	0.0160398	1.02936	0.993483	2.55663	1.02265	0.999753	0	0	0	0	0	0	0	0	
0.387	0.969584	-0.055778	0.973865	1.03137	2.51104	1.00442	0.999895	0	0	0	0	0	0	0	0	
0.388	0.843347	-0.151435	0.79002	1.18575	2.34192	0.936768	0.999977	0	0	0	0	0	0	0	0	
0.389	0.434887	-0.750607	0.333328	2.29945	1.91617	0.76647	1	0	0	0	0	0	0	0	0	
0.39	0.259259	-1.35769	0.0967742	3.85715	0.933181	0.373272	1	0	0	0	0	0	0	0	0	
0.391	0.259259	-1.35769	0.0967742	3.85715	0.933181	0.373272	1	0	0	0	0	0	0	0	0	
0.392	0.259259	-1.35769	0.0967742	3.85715	0.933181	0.373272	1	0	0	0	0	0	0	0	0	
0.393	0.259259	-1.35769	0.0967742	3.85715	0.933181	0.373272	1	0	0	0	0	0	0	0	0	
0.394	0.259259	-1.35769	0.0967742	3.85715	0.933181	0.373272	1	0	0	0	0	0	0	0	0	
0.395	0.259259	-1.35769	0.0967742	3.85715	0.933181	0.373272	1	0	0	0	0	0	0	0	0	
0.396	0.259259	-1.35769	0.0967742	3.85715	0.933181	0.373272	1	0	0	0	0	0	0	0	0	
0.397	0.259259	-1.35769	0.0967742	3.85715	0.933181	0.373272	1	0	0	0	0	0	0	0	0	
0.398	0.259259	-1.35769	0.0967742	3.85715	0.933181	0.373272	1	0	0	0	0	0	0	0	0	
0.399	0.259259	-1.35769	0.0967742	3.85715	0.933181	0.373272	1	0	0	0	0	0	0	0	0	
0.4	0.259259	-1.35769	0.0967742	3.85715	0.933181	0.373272	1	0	0	0	0	0	0	0	0	
0.401	0.259259	-1.35769	0.0967742	3.85715	0.933181	0.373272	1	0	0	0	0	0	0	0	0	
0.402	0.259259	-1.35769	0.0967742	3.85715	0.933181	0.373272	1	0	0	0	0	0	0	0	0	
0.403	0.259259	-1.35769	0.0967742	3.85715	0.933181	0.373272	1	0	0	0	0	0	0	0	0	
0.404	0.259259	-1.35769	0.0967742	3.85715	0.933181	0.373272	1	0	0	0	0	0	0	0	0	
0.405	0.259259	-1.35769	0.0967742	3.85715	0.933181	0.373272	1	0	0	0	0	0	0	0	0	
0.406	0.259259	-1.35769	0.0967742	3.85715	0.933181	0.373272	1	0	0	0	0	0	0	0	0	
0.407	0.259259	-1.35769	0.0967742	3.85715	0.933181	0.373272	1	0	0	0	0	0	0	0	0	
0.408	0.259259	-1.35769	0.0967742	3.85715	0.933181	0.373272	1	0	0	0	0	0	0	0	0	
0.409	0.259259	-1.35769	0.0967742	3.85715	0.933181	0.373272	1	0	0	0	0	0	0	0	0	
0.41	0.259259	-1.35769	0.0967742	3.85715	0.933181	0.373272	1	0	0	0	0	0	0	0	0	
0.411	0.259259	-1.35769	0.0967742	3.85715	0.933181	0.373272	1	0	0	0	0	0	0	0	0	
0.412	0.259259	-1.35769	0.0967742	3.85715	0.933181	0.373272	1	0	0	0	0	0	0	0	0	
0.413	0.259259	-1.35769	0.0967742	3.85715	0.933181	0.373272	1	0	0	0	0	0	0	0	0	
0.414	0.259259	-1.35769	0.0967742	3.85715	0.933181	0.373272	1	0	0	0	0	0	0	0	0	
0.415	0.259259	-1.35769	0.0967742	3.85715	0.933181	0.373272	1	0	0	0	0	0	0	0	0	
0.416	0.259259	-1.35769	0.0967742	3.85715	0.933181	0.373272	1	0	0	0	0	0	0	0	0	
0.417	0.259259	-1.35769	0.0967742	3.85715	0.933181	0.373272	1	0	0	0	0	0	0	0	0	
0.418	0.259259	-1.35769	0.0967742	3.85715	0.933181	0.373272	1	0	0	0	0	0	0	0	0	
0.419	0.259259	-1.35769	0.0967742	3.85715	0.933181	0.373272	1	0	0	0	0	0	0	0	0	
0.42	0.259259	-1.35769	0.0967742	3.85715	0.933181	0.373272	1	0	0	0	0	0	0	0	0	
0.421	0.259259	-1.35769	0.0967742	3.85715	0.933181	0.373272	1	0	0	0	0	0	0	0	0	
0.422	0.259259	-1.35769	0.0967742	3.85715	0.933181	0.373272	1	0	0	0	0	0	0	0	0	
0.423	0.259259	-1.35769	0.0967742	3.85715	0.933181	0.373272	1	0	0	0	0	0	0	0	0	
0.424	0.259259	-1.35769	0.0967742	3.85715	0.933181	0.373272	1	0	0	0	0	0	0	0	0	
0.425	0.259259	-1.35769	0.0967742	3.85715	0.933181	0.373272	1	0	0	0	0	0	0	0	0	
0.426	0.259259	-1.35769	0.0967742	3.85715	0.933181	0.373272	1	0	0	0	0	0	0	0	0	
0.427	0.259259	-1.35769	0.0967742	3.85715	0.933181	0.373272	1	0	0	0	0	0	0	0	0	
0.428	0.259259	-1.35769	0.0967742	3.85715	0.933181	0.373272	1	0	0	0	0	0	0	0	0	
0.429	0.259259	-1.35769	0.0967742	3.85715	0.933181	0.373272	1	0	0	0	0	0	0	0	0	
0.43	0.259259	-1.35769	0.0967742	3.85715	0.933181	0.373272	1	0	0	0	0	0	0	0	0	
0.431	0.259259	-1.35769	0.0967742	3.85715	0.933181	0.373272	1	0	0	0	0	0	0	0	0	
0.432	0.259259	-1.35769	0.0967742	3.85715	0.933181	0.373272	1	0	0	0	0	0	0	0	0	
0.433	0.259259	-1.35769	0.0967742	3.85715	0.933181	0.373272	1	0	0	0	0	0	0	0	0	
0.434	0.259259	-1.35769	0.0967742	3.85715	0.933181	0.373272	1	0	0	0	0	0	0	0	0	
0.435	0.259259	-1.35769	0.0967742	3.85715	0.933181	0.373272	1	0	0	0	0	0	0	0	0	
0.436	0.259259	-1.35769	0.0967742	3.85715	0.933181	0.373272	1	0	0	0	0	0	0	0	0	
0.437	0.259259	-1.35769	0.0967742	3.85715	0.933181	0.373272	1	0	0	0	0	0	0	0	0	
0.438	0.259259	-1.35769	0.0967742	3.85715	0.933181	0.373272	1	0	0	0	0	0	0	0	0	
0.439	0.259259	-1.35769	0.0967742	3.85715	0.933181	0.373272	1	0	0	0	0	0	0	0	0	
0.44	0.259259	-1.35769	0.0967742	3.85715	0.933181	0.373272	1	0	0	0	0	0	0	0	0	
0.441	0.259259	-1.35769	0.0967742	3.85715	0.933181	0.373272	1	0	0	0	0	0	0	0	0	
0.442	0.259259	-1.35769	0.0967742	3.85715	0.933181	0.373272	1	0	0	0	0	0	0	0	0	
0.443	0.259259	-1.35769	0.0967742	3.85715	0.933181	0.373272	1	0	0	0	0	0	0	0	0	
0.444	0.259259	-1.35769	0.0967742	3.85715	0.933181	0.373272	1	0	0	0	0	0	0	0	0	
0.445	0.259259	-1.35769	0.0967742	3.85715	0.933181	0.373272	1	0	0	0	0	0	0	0	0	
0.446	0.259259	-1.35769	0.0967742	3.85715	0.933181	0.373272	1	0	0	0	0	0	0	0	0	
0.447	0.259259	-1.35769	0.0967742	3.85715	0.933181	0.373272	1	0	0	0	0	0	0	0	0	
0.448	0.259259	-1.35769	0.0967742	3.85715	0.933181	0.373272	1	0	0	0	0	0	0	0	0	
0.449	0.259259	-1.35769	0.0967742	3.85715	0.933181	0.373272	1	0	0	0	0	0	0	0	0	
0.45	0.259259	-1.35769	0.0967742	3.85715	0.933181	0.373272	1	0	0	0	0	0	0	0	0	
0.451	0.259259	-1.35769	0.0967742	3.85715	0.933181	0.373272	1	0	0	0	0	0	0	0	0	
0.452	0.259259	-1.35769	0.0967742	3.85715	0.933181	0.373272	1	0	0	0	0	0	0	0	0	
0.453	0.259259	-1.35769	0.0967742	3.85715	0.933181	0.373272	1	0	0	0	0	0	0	0	0	
0.454	0.259259	-1.35769	0.0967742	3.85715	0.933181	0.373272	1	0	0	0	0	0	0	0	0	
0.455	0.259259	-1.35769	0.0967742	3.85715	0.933181	0.373272	1	0	0	0	0	0	0	0	0	
0.456	0.259259	-1.35769	0.0967742	3.85715	0.933181	0.373272	1	0	0	0	0	0	0	0	0	
0.457	0.259259	-1.35769	0.0967742	3.85715	0.933181	0.373272	1	0	0	0	0	0	0	0	0	
0.458	0.259259	-1.35769	0.0967742	3.85715	0.933181	0.373272	1	0	0	0	0	0	0	0	0	
0.459	0.259259	-1.35769	0.0967742	3.85715	0.933181	0.373272	1	0	0	0	0	0	0	0	0	
0.46	0.259259	-1.35769	0.0967742	3.85715	0.933181	0.373272	1	0	0	0	0	0	0	0	0	
0.461	0.259259	-1.35769	0.0967742	3.85715	0.933181	0.373272	1	0	0	0	0	0	0	0	0	
0.462	0.259259	-1.35769	0.0967742	3.85715	0.933181	0.373272	1	0	0	0	0	0	0	0	0	
0.463	0.259259	-1.35769	0.0967742	3.85715	0.933181	0.373272	1	0	0	0	0	0	0	0	0	
0.464	0.259259	-1.35769	0.0967742	3.85715	0.933181	0.373272	1	0	0	0	0	0	0	0	0	
0.465	0.259259	-1.35769	0.0967742	3.85715	0.933181	0.373272	1	0	0	0	0	0	0	0	0	
0.466	0.259259	-1.35769	0.0967742	3.85715	0.933181	0.373272	1	0	0	0	0	0	0	0	0	
0.467	0.259259	-1.35769	0.0967742	3.85715	0.933181	0.373272	1	0	0	0	0	0	0	0	0	
0.468	0.259259	-1.35769	0.0967742	3.85715	0.933181	0.373272	1	0	0	0	0	0	0	0	0	
0.469	0.259259	-1.35769	0.0967742	3.85715	0.933181	0.373272	1	0	0	0	0	0	0	0	0	
0.47	0.259259	-1.35769	0.0967742	3.85715	0.933181	0.373272	1	0	0	0	0	0	0	0	0	
0.471	0.259259	-1.35769	0.0967742	3.85715	0.933181	0.373272	1	0	0	0	0	0	0	0	0	
0.472	0.259259	-1.35769	0.0967742	3.85715	0.933181	0.373272	1	0	0	0	0	0	0	0	0	
0.473	0.259259	-1.35769	0.0967742	3.85715	0.933181	0.373272	1	0	0	0	0	0	0	0	0	
0.474	0.259259	-1.35769	0.0967742	3.85715	0.933181	0.373272	1	0	0	0	0	0	0	0	0	
0.475	0.259259	-1.35769	0.0967742	3.85715	0.933181	0.373272	1	0	0	0	0	0	0	0	0	
0.476	0.259259	-1.35769	0.0967742	3.85715	0.933181	0.373272	1	0	0	0	0	0	0	0	0	
0.477	0.259259	-1.35769	0.0967742	3.85715	0.933181	0.373272	1	0	0	0	0	0	0	0	0	
0.478	0.259259	-1.35769	0.0967742	3.85715	0.933181	0.373272	1	0	0	0	0	0	0	0	0	
0.479	0.259259	-1.35769	0.0967742	3.85715	0.933181	0.373272	1	0	0	0	0	0	0	0	0	
0.48	0.259259	-1.35769	0.0967742	3.85715	0.933181	0.373272	1	0	0	0	0	0	0	0	0	
0.481	0.259259	-1.35769	0.0967742	3.85715	0.933181	0.373272	1	0	0	0	0	0	0	0	0	
0.482	0.259259	-1.35769	0.0967742	3.85715	0.933181	0.373272	1	0	0	0	0	0	0	0	0	
0.483	0.259259	-1.35769	0.0967742	3.85715	0.933181	0.373272	1	0	0	0	0	0	0	0	0	
0.484	0.259259	-1.35769	0.0967742	3.85715	0.933181	0.373272	1	0	0	0	0	0	0	0	0	
0.485	0.259259	-1.35769	0.0967742	3.85715	0.933181	0.373272	1	0	0	0	0	0	0	0	0	
0.486	0.259259	-1.35769	0.0967742	3.85715	0.933181	0.373272	1	0	0	0	0	0	0	0	0	
0.487	0.259259	-1.35769	0.0967742	3.85715	0.933181	0.373272	1	0	0	0	0	0	0	0	0	
0.488	0.259259	-1.35769	0.0967742	3.85715	0.933181	0.373272	1	0	0	0	0	0	0	0	0	
0.489	0.259259	-1.35769	0.0967742	3.85715	0.933181	0.373272	1	0	0	0	0	0	0	0	0	
0.49	0.259259	-1.35769	0.0967742	3.85715	0.933181	0.373272	1	0	0	0	0	0	0	0	0	
0.491	0.259259	-1.35769	0.0967742	3.85715	0.933181	0.373272	1	0	0	0	0	0	0	0	0	
0.492	0.259259	-1.35769	0.0967742	3.85715	0.933181	0.373272	1	0	0	0	0	0	0	0	0	
0.493	0.259259	-1.35769	0.0967742	3.85715	0.933181	0.373272	1	0	0	0	0	0	0	0	0	
0.494	0.259259	-1.35769	0.0967742	3.85715	0.933181	0.373272	1	0	0	0	0	0	0	0	0	
0.495	0.259259	-1.35769	0.0967742	3.85715	0.933181	0.373272	1	0	0	0	0	0	0	0	0	
0.496	0.259259	-1.35769	0.0967742	3.85715	0.933181	0.373272	1	0	0	0	0	0	0	0	0	
0.497	0.259259	-1.35769	0.0967742	3.85715	0.933181	0.373272	1	0	0	0	0	0	0	0	0	
0.498	0.259259	-1.35769	0.0967742	3.85715	0.933181	0.373272	1	0	0	0	0	0	0	0	0	
0.499	0.259259	-1.35769	0.0967742	3.85715	0.933181	0.373272	1	0	0	0	0	0	0	0	0	
0.5	0.259259	-1.35769	0.0967742	3.85715	0.933181	0.373272	1	0	0	0	0	0	0	0	0	
0.501	0.259259	-1.35769	0.0967742	3.85715	0.933181	0.373272	1	0	0	0	0	0	0	0	0	
0.502	0.259259	-1.35769	0.0967742	3.85715	0.933181	0.373272	1	0	0	0	0	0	0	0	0	
0.503	0.259259	-1.35769	0.0967742	3.85715	0.933181	0.373272	1	0	0	0	0	0	0	0	0	
0.504	0.259259	-1.35769	0.0967742	3.85715	0.933181	0.373272	1	0	0	0	0	0	0	0	0	
0.505	0.259259	-1.35769	0.0967742	3.85715	0.933181	0.373272	1	0	0	0	0	0	0	0	0	
0.506	0.259259	-1.35769	0.0967742	3.85715	0.933181	0.373272	1	0	0	0	0	0	0	0	0	
0.507	0.259259	-1.35769	0.0967742	3.85715	0.933181	0.373272	1	0	0	0	0	0	0	0	0	
0.508	0.259259	-1.35769	0.0967742	3.85715	0.933181	0.373272	1	0	0	0	0	0	0	0	0	
0.509	0.259259	-1.35769	0.0967742	3.85715	0.933181	0.373272	1	0	0	0	0	0	0	0	0	
0.51	0.259259	-1.35769	0.0967742	3.85715	0.933181	0.373272	1	0	0	0	0	0	0	0	0	
0.511	0.259259	-1.35769	0.0967742	3.85715	0.933181	0.373272	1	0	0	0	0	0	0	0	0	
0.512	0.259259	-1.35769	0.0967742	3.85715	0.933181	0.373272	1	0	0	0	0	0	0	0	0	
0.513	0.259259	-1.35769	0.0967742	3.85715	0.933181	0.373272	1	0	0	0	0	0	0	0	0	
0.514	0.259259	-1.35769	0.0967742	3.85715	0.933181	0.373272	1	0	0	0	0	0	0	0	0	
0.515	0.259259	-1.35769	0.0967742	3.85715	0.933181	0.373272	1	0	0	0	0	0	0	0	0	
0.516	0.259259	-1.35769	0.0967742	3.85715	0.933181	0.373272	1	0	0	0	0	0	0	0	0	
0.517	0.259259	-1.35769	0.0967742	3.85715	0.933181	0.373272	1	0	0	0	0	0	0	0	0	
0.518	0.259259	-1.35769	0.0967742	3.85715	0.933181	0.373272	1	0	0	0	0	0	0	0	0	
0.519	0.259259	-1.35769	0.0967742	3.85715	0.933181	0.373272	1	0	0	0	0	0	0	0	0	
0.52	0.259259	-1.35769	0.0967742	3.85715	0.933181	0.373272	1	0	0	0	0	0	0	0	0	
0.521	0.259259	-1.35769	0.0967742	3.85715	0.933181	0.373272	1	0	0	0	0	0	0	0	0	
0.522	0.259259	-1.35769	0.0967742	3.85715	0.933181	0.373272	1	0	0	0	0	0	0	0	0	
0.523	0.259259	-1.35769	0.0967742	3.85715	0.933181	0.373272	1	0	0	0	0	0	0	0	0	
0.524	0.259259	-1.35769	0.0967742	3.85715	0.933181	0.373272	1	0	0	0	0	0	0	0	0	
0.525	0.259259	-1.35769	0.0967742	3.85715	0.933181	0.373272	1	0	0	0	0	0	0	0	0	
0.526	0.259259	-1.35769	0.0967742	3.85715	0.933181	0.373272	1	0	0	0	0	0	0	0	0	
0.527	0.259259	-1.35769	0.0967742	3.85715	0.933181	0.373272	1	0	0	0	0	0	0	0	0	
0.528	0.259259	-1.35769	0.0967742	3.85715	0.933181	0.373272	1	0	0	0	0	0	0	0	0	
0.529	0.259259	-1.35769	0.0967742	3.85715	0.933181	0.373272	1	0	0	0	0	0	0	0	0	
0.53	0.259259	-1.35769	0.0967742	3.85715	0.933181	0.373272	1	0	0	0	0	0	0	0	0	
0.531	0.259259	-1.35769	0.0967742	3.85715	0.933181	0.373272	1	0	0	0	0	0	0	0	0	
0.532	0.259259	-1.35769	0.0967742	3.85715	0.933181	0.373272	1	0	0	0	0	0	0	0	0	
0.533	0.259259	-1.35769	0.0967742	3.85715	0.933181	0.373272	1	0	0	0	0	0	0	0	0	
0.534	0.259259	-1.35769	0.0967742	3.85715	0.933181	0.373272	1	0	0	0	0	0	0	0	0	
0.535	0.259259	-1.35769	0.0967742	3.85715	0.933181	0.373272	1	0	0	0	0	0	0	0	0	
0.536	0.259259	-1.35769	0.0967742	3.85715	0.933181	0.373272	1	0	0	0	0	0	0	0	0	
0.537	0.259259	-1.35769	0.0967742	3.85715	0.933181	0.373272	1	0	0	0	0	0	0	0	0	
0.538	0.259259	-1.35769	0.0967742	3.85715	0.933181	0.373272	1	0	0	0	0	0	0	0	0	
0.539	0.259259	-1.35769	0.0967742	3.85715	0.933181	0.373272	1	0	0	0	0	0	0	0	0	
0.54	0.259259	-1.35769	0.0967742	3.85715	0.933181	0.373272	1	0	0	0	0	0	0	0	0	
0.541	0.259259	-1.35769	0.0967742	3.85715	0.933181	0.373272	1	0	0	0	0	0	0	0	0	
0.542	0.259259	-1.35769	0.0967742	3.85715	0.933181	0.373272	1	0	0	0	0	0	0	0	0	
0.543	0.259259	-1.35769	0.0967742	3.85715	0.933181	0.373272	1	0	0	0	0	0	0	0	0	
0.544	0.259259	-1.35769	0.0967742	3.85715	0.933181	0.373272	1	0	0	0	0	0	0	0	0	
0.545	0.259259	-1.35769	0.0967742	3.85715	0.933181	0.373272	1	0	0	0	0	0	0	0	0	
0.546	0.259259	-1.35769	0.0967742	3.85715	0.933181	0.373272	1	0	0	0	0	0	0	0	0	
0.547	0.259259	-1.35769	0.0967742	3.85715	0.933181	0.373272	1	0	0	0	0	0	0	0	0	
0.548	0.259259	-1.35769	0.0967742	3.85715	0.933181	0.373272	1	0	0	0	0	0	0	0	0	
0.549	0.259259	-1.35769	0.0967742	3.85715	0.933181	0.373272	1	0	0	0	0	0	0	0	0	
0.55	0.259259	-1.35769	0.0967742	3.85715	0.933181	0.373272	1	0	0	0	0	0	0	0	0	
0.551	0.259259	-1.35769	0.0967742	3.85715	0.933181	0.373272	1	0	0	0	0	0	0	0	0	
0.552	0.259259	-1.35769	0.0967742	3.85715	0.933181	0.373272	1	0	0	0	0	0	0	0	0	
0.553	0.259259	-1.35769	0.0967742	3.85715	0.933181	0.373272	1	0	0	0	0	0	0	0	0	
0.554	0.259259	-1.35769	0.0967742	3.85715	0.933181	0.373272	1	0	0	0	0	0	0	0	0	
0.555	0.259259	-1.35769	0.0967742	3.85715	0.933181	0.373272	1	0	0	0	0	0	0	0	0	
0.556	0.259259	-1.35769	0.0967742	3.85715	0.933181	0.373272	1	0	0	0	0	0	0	0	0	
0.557	0.259259	-1.35769	0.0967742	3.85715	0.933181	0.373272	1	0	0	0	0	0	0	0	0	
0.558	0.259259	-1.35769	0.0967742	3.85715	0.933181	0.373272	1	0	0	0	0	0	0	0	0	
0.559	0.259259	-1.35769	0.0967742	3.85715	0.933181	0.373272	1	0	0	0	0	0	0	0	0	
0.56	0.259259	-1.35769	0.0967742	3.85715	0.933181	0.373272	1	0	0	0	0	0	0	0	0	
0.561	0.259259	-1.35769	0.0967742	3.85715	0.933181	0.373272	1	0	0	0	0	0	0	0	0	
0.562	0.259259	-1.35769	0.0967742	3.85715	0.933181	0.373272	1	0	0	0	0	0	0	0	0	
0.563	0.259259	-1.35769	0.0967742	3.85715	0.933181	0.373272	1	0	0	0	0	0	0	0	0	
0.564	0.259259	-1.35769	0.0967742	3.85715	0.933181	0.373272	1	0	0	0	0	0	0	0	0	
0.565	0.259259	-1.35769	0.0967742	3.85715	0.933181	0.373272	1	0	0	0	0	0	0	0	0	
0.566	0.259259	-1.35769	0.0967742	3.85715	0.933181	0.373272	1	0	0	0	0	0	0	0	0	
0.567	0.259259	-1.35769	0.0967742	3.85715	0.933181	0.373272	1	0	0	0	0	0	0	0	0	
0.568	0.259259	-1.35769	0.0967742	3.85715	0.933181	0.373272	1	0	0	0	0	0	0	0	0	
0.569	0.259259	-1.35769	0.0967742	3.85715	0.933181	0.373272	1	0	0	0	0	0	0	0	0	
0.57	0.259259	-1.35769	0.0967742	3.85715	0.933181	0.373272	1	0	0	0	0	0	0	0	0	
0.571	0.259259	-1.35769	0.0967742	3.85715	0.933181	0.373272	1	0	0	0	0	0	0	0	0	
0.572	0.259259	-1.35769	0.0967742	3.85715	0.933181	0.373272	1	0	0	0	0	0	0	0	0	
0.573	0.259259	-1.35769	0.0967742	3.85715	0.933181	0.373272	1	0	0	0	0	0	0	0	0	
0.574	0.259259	-1.35769	0.0967742	3.85715	0.933181	0.373272	1	0	0	0	0	0	0	0	0	
0.575	0.259259	-1.35769	0.0967742	3.85715	0.933181	0.373272	1	0	0	0	0	0	0	0	0	
0.576	0.259259	-1.35769	0.0967742	3.85715	0.933181	0.373272	1	0	0	0	0	0	0	0	0	
0.577	0.259259	-1.35769	0.0967742	3.85715	0.933181	0.373272	1	0	0	0	0	0	0	0	0	
0.578	0.259259	-1.35769	0.0967742	3.85715	0.933181	0.373272	1	0	0	0	0	0	0	0	0	
0.579	0.259259	-1.35769	0.0967742	3.85715	0.933181	0.373272	1	0	0	0	0	0	0	0	0	
0.58	0.259259	-1.35769	0.0967742	3.85715	0.933181	0.373272	1	0	0	0	0	0	0	0	0	
0.581	0.259259	-1.35769	0.0967742	3.85715	0.933181	0.373272	1	0	0	0	0	0	0	0	0	
0.582	0.259259	-1.35769	0.0967742	3.85715	0.933181	0.373272	1	0	0	0	0	0	0	0	0	
0.583	0.259259	-1.35769	0.0967742	3.85715	0.933181	0.373272	1	0	0	0	0	0	0	0	0	
0.584	0.259259	-1.35769	0.0967742	3.85715	0.933181	0.373272	1	0	0	0	0	0	0	0	0	
0.585	0.259259	-1.35769	0.0967742	3.85715	0.933181	0.373272	1	0	0	0	0	0	0	0	0	
0.586	0.259259	-1.35769	0.0967742	3.85715	0.933181	0.373272	1	0	0	0	0	0	0	0	0	
0.587	0.259259	-1.35769	0.0967742	3.85715	0.933181	0.373272	1	0	0	0	0	0	0	0	0	
0.588	0.259259	-1.35769	0.0967742	3.85715	0.933181	0.373272	1	0	0	0	0	0	0	0	0	
0.589	0.259259	-1.35769	0.0967742	3.85715	0.933181	0.373272	1	0	0	0	0	0	0	0	0	
0.59	0.259259	-1.35769	0.0967742	3.85715	0.933181	0.373272	1	0	0	0	0	0	0	0	0	
0.591	0.259259	-1.35769	0.0967742	3.85715	0.933181	0.373272	1	0	0	0	0	0	0	0	0	
0.592	0.259259	-1.35769	0.0967742	3.85715	0.933181	0.373272	1	0	0	0	0	0	0	0	0	
0.593	0.259259	-1.35769	0.0967742	3.85715	0.933181	0.373272	1	0	0	0	0	0	0	0	0	
0.594	0.259259	-1.35769	0.0967742	3.85715	0.933181	0.373272	1	0	0	0	0	0	0	0	0	
0.595	0.259259	-1.35769	0.0967742	3.85715	0.933181	0.373272	1	0	0	0	0	0	0	0	0	
0.596	0.259259	-1.35769	0.0967742	3.85715	0.933181	0.373272	1	0	0	0	0	0	0	0	0	
0.597	0.259259	-1.35769	0.0967742	3.85715	0.933181	0.373272	1	0	0	0	0	0	0	0	0	
0.598	0.259259	-1.35769	0.0967742	3.85715	0.933181	0.373272	1	0	0	0	0	0	0	0	0	
0.599	0.259259	-1.35769	0.0967742	3.85715	0.933181	0.373272	1	0	0	0	0	0	0	0	0	
0.6	0.259259	-1.35769	0.0967742	3.85715	0.933181	0.373272	1	0	0	0	0	0	0	0	0	
0.601	0.259259	-1.35769	0.0967742	3.85715	0.933181	0.373272	1	0	0	0	0	0	0	0	0	
0.602	0.259259	-1.35769	0.0967742	3.85715	0.933181	0.373272	1	0	0	0	0	0	0	0	0	
0.603	0.259259	-1.35769	0.0967742	3.85715	0.933181	0.373272	1	0	0	0	0	0	0	0	0	
0.604	0.259259	-1.35769	0.0967742	3.85715	0.933181	0.373272	1	0	0	0	0	0	0	0	0	
0.605	0.259259	-1.35769	0.0967742	3.85715	0.933181	0.373272	1	0	0	0	0	0	0	0	0	
0.606	0.259259	-1.35769	0.0967742	3.85715	0.933181	0.373272	1	0	0	0	0	0	0	0	0	
0.607	0.259259	-1.35769	0.0967742	3.85715	0.933181	0.373272	1	0	0	0	0	0	0	0	0	
0.608	0.259259	-1.35769	0.0967742	3.85715	0.933181	0.373272	1	0	0	0	0	0	0	0	0	
0.609	0.259259	-1.35769	0.0967742	3.85715	0.933181	0.373272	1	0	0	0	0	0	0	0	0	
0.61	0.259259	-1.35769	0.0967742	3.85715	0.933181	0.373272	1	0	0	0	0	0	0	0	0	
0.611	0.259259	-1.35769	0.0967742	3.85715	0.933181	0.373272	1	0	0	0	0	0	0	0	0	
0.612	0.259259	-1.35769	0.0967742	3.85715	0.933181	0.373272	1	0	0	0	0	0	0	0	0	
0.613	0.259259	-1.35769	0.0967742	3.85715	0.933181	0.373272	1	0	0	0	0	0	0	0	0	
0.614	0.259259	-1.35769	0.0967742	3.85715	0.933181	0.373272	1	0	0	0	0	0	0	0	0	
0.615	0.259259	-1.35769	0.0967742	3.85715	0.933181	0.373272	1	0	0	0	0	0	0	0	0	
0.616	0.259259	-1.35769	0.0967742	3.85715	0.933181	0.373272	1	0	0	0	0	0	0	0	0	
0.617	0.259259	-1.35769	0.0967742	3.85715	0.933181	0.373272	1	0	0	0	0	0	0	0	0	
0.618	0.259259	-1.35769	0.0967742	3.85715	0.933181	0.373272	1	0	0	0	0	0	0	0	0	
0.619	0.259259	-1.35769	0.0967742	3.85715	0.933181	0.373272	1	0	0	0	0	0	0	0	0	
0.62	0.259259	-1.35769	0.0967742	3.85715	0.933181	0.373272	1	0	0	0	0	0	0	0	0	
0.621	0.259259	-1.35769	0.0967742	3.85715	0.933181	0.373272	1	0	0	0	0	0	0	0	0	
0.622	0.259259	-1.35769	0.0967742	3.85715	0.933181	0.373272	1	0	0	0	0	0	0	0	0	
0.623	0.259259	-1.35769	0.0967742	3.85715	0.933181	0.373272	1	0	0	0	0	0	0	0	0	
0.624	0.259259	-1.35769	0.0967742	3.85715	0.933181	0.373272	1	0	0	0	0	0	0	0	0	
0.625	0.259259	-1.35769	0.0967742	3.85715	0.933181	0.373272	1	0	0	0	0	0	0	0	0	
0.626	0.259259	-1.35769	0.0967742	3.85715	0.933181	0.373272	1	0	0	0	0	0	0	0	0	
0.627	0.259259	-1.35769	0.0967742	3.85715	0.933181	0.373272	1	0	0	0	0	0	0	0	0	
0.628	0.259259	-1.35769	0.0967742	3.85715	0.933181	0.373272	1	0	0	0	0	0	0	0	0	
0.629	0.259259	-1.35769	0.0967742	3.85715	0.933181	0.373272	1	0	0	0	0	0	0	0	0	
0.63	0.259259	-1.35769	0.0967742	3.85715	0.933181	0.373272	1	0	0	0	0	0	0	0	0	
0.631	0.259259	-1.35769	0.0967742	3.85715	0.933181	0.373272	1	0	0	0	0	0	0	0	0	
0.632	0.259259	-1.35769	0.0967742	3.85715	0.933181	0.373272	1	0	0	0	0	0	0	0	0	
0.633	0.259259	-1.35769	0.0967742	3.85715	0.933181	0.373272	1	0	0	0	0	0	0	0	0	
0.634	0.259259	-1.35769	0.0967742	3.85715	0.933181	0.373272	1	0	0	0	0	0	0	0	0	
0.635	0.259259	-1.35769	0.0967742	3.85715	0.933181	0.373272	1	0	0	0	0	0	0	0	0	
0.636	0.259259	-1.35769	0.0967742	3.85715	0.933181	0.373272	1	0	0	0	0	0	0	0	0	
0.637	0.259259	-1.35769	0.0967742	3.85715	0.933181	0.373272	1	0	0	0	0	0	0	0	0	
0.638	0.259259	-1.35769	0.0967742	3.85715	0.933181	0.373272	1	0	0	0	0	0	0	0	0	
0.639	0.259259	-1.35769	0.0967742	3.85715	0.933181	0.373272	1	0	0	0	0	0	0	0	0	
0.64	0.259259	-1.35769	0.0967742	3.85715	0.933181	0.373272	1	0	0	0	0	0	0	0	0	
0.641	0.259259	-1.35769	0.0967742	3.85715	0.933181	0.373272	1	0	0	0	0	0	0	0	0	
0.642	0.259259	-1.35769	0.0967742	3.85715	0.933181	0.373272	1	0	0	0	0	0	0	0	0	
0.643	0.259259	-1.35769	0.0967742	3.85715	0.933181	0.373272	1	0	0	0	0	0	0	0	0	
0.644	0.259259	-1.35769	0.0967742	3.85715	0.933181	0.373272	1	0	0	0	0	0	0	0	0	
0.645	0.259259	-1.35769	0.0967742	3.85715	0.933181	0.373272	1	0	0	0	0	0	0	0	0	
0.646	0.259259	-1.35769	0.0967742	3.85715	0.933181	0.373272	1	0	0	0	0	0	0	0	0	
0.647	0.259259	-1.35769	0.0967742	3.85715	0.933181	0.373272	1	0	0	0	0	0	0	0	0	
0.648	0.259259	-1.35769	0.0967742	3.85715	0.933181	0.373272	1	0	0	0	0	0	0	0	0	
0.649	0.259259	-1.35769	0.0967742	3.85715	0.933181	0.373272	1	0	0	0	0	0	0	0	0	
0.65	0.259259	-1.35769	0.0967742	3.85715	0.933181	0.373272	1	0	0	0	0	0	0	0	0	
0.651	0.259259	-1.35769	0.0967742	3.85715	0.933181	0.373272	1	0	0	0	0	0	0	0	0	
0.652	0.259259	-1.35769	0.0967742	3.85715	0.933181	0.373272	1	0	0	0	0	0	0	0	0	
0.653	0.259259	-1.35769	0.0967742	3.85715	0.933181	0.373272	1	0	0	0	0	0	0	0	0	
0.654	0.259259	-1.35769	0.0967742	3.85715	0.933181	0.373272	1	0	0	0	0	0	0	0	0	
0.655	0.259259	-1.35769	0.0967742	3.85715	0.933181	0.373272	1	0	0	0	0	0	0	0	0	
0.656	0.259259	-1.35769	0.0967742	3.85715	0.933181	0.373272	1	0	0	0	0	0	0	0	0	
0.657	0.259259	-1.35769	0.0967742	3.85715	0.933181	0.373272	1	0	0	0	0	0	0	0	0	
0.658	0.259259	-1.35769	0.0967742	3.85715	0.933181	0.373272	1	0	0	0	0	0	0	0	0	
0.659	0.259259	-1.35769	0.0967742	3.85715	0.933181	0.373272	1	0	0	0	0	0	0	0	0	
0.66	0.259259	-1.35769	0.0967742	3.85715	0.933181	0.373272	1	0	0	0	0	0	0	0	0	
0.661	0.259259	-1.35769	0.0967742	3.85715	0.933181	0.373272	1	0	0	0	0	0	0	0	0	
0.662	0.259259	-1.35769	0.0967742	3.85715	0.933181	0.373272	1	0	0	0	0	0	0	0	0	
0.663	0.259259	-1.35769	0.0967742	3.85715	0.933181	0.373272	1	0	0	0	0	0	0	0	0	
0.664	0.259259	-1.35769	0.0967742	3.85715	0.933181	0.373272	1	0	0	0	0	0	0	0	0	
0.665	0.259259	-1.35769	0.0967742	3.85715	0.933181	0.373272	1	0	0	0	0	0	0	0	0	
0.666	0.259259	-1.35769	0.0967742	3.85715	0.933181	0.373272	1	0	0	0	0	0	0	0	0	
0.667	0.259259	-1.35769	0.0967742	3.85715	0.933181	0.373272	1	0	0	0	0	0	0	0	0	
0.668	0.259259	-1.35769	0.0967742	3.85715	0.933181	0.373272	1	0	0	0	0	0	0	0	0	
0.669	0.259259	-1.35769	0.0967742	3.85715	0.933181	0.373272	1	0	0	0	0	0	0	0	0	
0.67	0.259259	-1.35769	0.0967742	3.85715	0.933181	0.373272	1	0	0	0	0	0	0	0	0	
0.671	0.259259	-1.35769	0.0967742	3.85715	0.933181	0.373272	1	0	0	0	0	0	0	0	0	
0.672	0.259259	-1.35769	0.0967742	3.85715	0.933181	0.373272	1	0	0	0	0	0	0	0	0	
0.673	0.259259	-1.35769	0.0967742	3.85715	0.933181	0.373272	1	0	0	0	0	0	0	0	0	
0.674	0.259259	-1.35769	0.0967742	3.85715	0.933181	0.373272	1	0	0	0	0	0	0	0	0	
0.675	0.259259	-1.35769	0.0967742	3.85715	0.933181	0.373272	1	0	0	0	0	0	0	0	0	
0.676	0.259259	-1.35769	0.0967742	3.85715	0.933181	0.373272	1	0	0	0	0	0	0	0	0	
0.677	0.259259	-1.35769	0.0967742	3.85715	0.933181	0.373272	1	0	0	0	0	0	0	0	0	
0.678	0.259259	-1.35769	0.0967742	3.85715	0.933181	0.373272	1	0	0	0	0	0	0	0	0	
0.679	0.259259	-1.35769	0.0967742	3.85715	0.933181	0.373272	1	0	0	0	0	0	0	0	0	
0.68	0.259259	-1.35769	0.0967742	3.85715	0.933181	0.373272	1	0	0	0	0	0	0	0	0	
0.681	0.259259	-1.35769	0.0967742	3.85715	0.933181	0.373272	1	0	0	0	0	0	0	0	0	
0.682	0.259259	-1.35769	0.0967742	3.85715	0.933181	0.373272	1	0	0	0	0	0	0	0	0	
0.683	0.259259	-1.35769	0.0967742	3.85715	0.933181	0.373272	1	0	0	0	0	0	0	0	0	
0.684	0.259259	-1.35769	0.0967742	3.85715	0.933181	0.373272	1	0	0	0	0	0	0	0	0	
0.685	0.259259	-1.35769	0.0967742	3.85715	0.933181	0.373272	1	0	0	0	0	0	0	0	0	
0.686	0.259259	-1.35769	0.0967742	3.85715	0.933181	0.373272	1	0	0	0	0	0	0	0	0	
0.687	0.259259	-1.35769	0.0967742	3.85715	0.933181	0.373272	1	0	0	0	0	0	0	0	0	
0.688	0.259259	-1.35769	0.0967742	3.85715	0.933181	0.373272	1	0	0	0	0	0	0	0	0	
0.689	0.259259	-1.35769	0.0967742	3.85715	0.933181	0.373272	1	0	0	0	0	0	0	0	0	
0.69	0.259259	-1.35769	0.0967742	3.85715	0.933181	0.373272	1	0	0	0	0	0	0	0	0	
0.691	0.259259	-1.35769	0.0967742	3.85715	0.933181	0.373272	1	0	0	0	0	0	0	0	0	
0.692	0.259259	-1.35769	0.0967742	3.85715	0.933181	0.373272	1	0	0	0	0	0	0	0	0	
0.693	0.259259	-1.35769	0.0967742	3.85715	0.933181	0.373272	1	0	0	0	0	0	0	0	0	
0.694	0.259259	-1.35769	0.0967742	3.85715	0.933181	0.373272	1	0	0	0	0	0	0	0	0	
0.695	0.259259	-1.35769	0.0967742	3.85715	0.933181	0.373272	1	0	0	0	0	0	0	0	0	
0.696	0.259259	-1.35769	0.0967742	3.85715	0.933181	0.373272	1	0	0	0	0	0	0	0	0	
0.697	0.259259	-1.35769	0.0967742	3.85715	0.933181	0.373272	1	0	0	0	0	0	0	0	0	
0.698	0.259259	-1.35769	0.0967742	3.85715	0.933181	0.373272	1	0	0	0	0	0	0	0	0	
0.699	0.259259	-1.35769	0.0967742	3.85715	0.933181	0.373272	1	0	0	0	0	0	0	0	0	
0.7	0.259259	-1.35769	0.0967742	3.85715	0.933181	0.373272	1	0	0	0	0	0	0	0	0	
0.701	0.259259	-1.35769	0.0967742	3.85715	0.933181	0.373272	1	0	0	0	0	0	0	0	0	
0.702	0.259259	-1.35769	0.0967742	3.85715	0.933181	0.373272	1	0	0	0	0	0	0	0	0	
0.703	0.259259	-1.35769	0.0967742	3.85715	0.933181	0.373272	1	0	0	0	0	0	0	0	0	
0.704	0.259259	-1.35769	0.0967742	3.85715	0.933181	0.373272	1	0	0	0	0	0	0	0	0	
0.705	0.259259	-1.35769	0.0967742	3.85715	0.933181	0.373272	1	0	0	0	0	0	0	0	0	
0.706	0.259259	-1.35769	0.0967742	3.85715	0.933181	0.373272	1	0	0	0	0	0	0	0	0	
0.707	0.259259	-1.35769	0.0967742	3.85715	0.933181	0.373272	1	0	0	0	0	0	0	0	0	
0.708	0.259259	-1.35769	0.0967742	3.85715	0.933181	0.373272	1	0	0	0	0	0	0	0	0	
0.709	0.259259	-1.35769	0.0967742	3.85715	0.933181	0.373272	1	0	0	0	0	0	0	0	0	
0.71	0.259259	-1.35769	0.0967742	3.85715	0.933181	0.373272	1	0	0	0	0	0	0	0	0	
0.711	0.259259	-1.35769	0.0967742	3.85715	0.933181	0.373272	1	0	0	0	0	0	0	0	0	
0.712	0.259259	-1.35769	0.0967742	3.85715	0.933181	0.373272	1	0	0	0	0	0	0	0	0	
0.713	0.259259	-1.35769	0.0967742	3.85715	0.933181	0.373272	1	0	0	0	0	0	0	0	0	
0.714	0.259259	-1.35769	0.0967742	3.85715	0.933181	0.373272	1	0	0	0	0	0	0	0	0	
0.715	0.259259	-1.35769	0.0967742	3.85715	0.933181	0.373272	1	0	0	0	0	0	0	0	0	
0.716	0.259259	-1.35769	0.0967742	3.85715	0.933181	0.373272	1	0	0	0	0	0	0	0	0	
0.717	0.259259	-1.35769	0.0967742	3.85715	0.933181	0.373272	1	0	0	0	0	0	0	0	0	
0.718	0.259259	-1.35769	0.0967742	3.85715	0.933181	0.373272	1	0	0	0	0	0	0	0	0	
0.719	0.259259	-1.35769	0.0967742	3.85715	0.933181	0.373272	1	0	0	0	0	0	0	0	0	
0.72	0.259259	-1.35769	0.0967742	3.85715	0.933181	0.373272	1	0	0	0	0	0	0	0	0	
0.721	0.259259	-1.35769	0.0967742	3.85715	0.933181	0.373272	1	0	0	0	0	0	0	0	0	
0.722	0.259259	-1.35769	0.0967742	3.85715	0.933181	0.373272	1	0	0	0	0	0	0	0	0	
0.723	0.259259	-1.35769	0.0967742	3.85715	0.933181	0.373272	1	0	0	0	0	0	0	0	0	
0.724	0.259259	-1.35769	0.0967742	3.85715	0.933181	0.373272	1	0	0	0	0	0	0	0	0	
0.725	0.259259	-1.35769	0.0967742	3.85715	0.933181	0.373272	1	0	0	0	0	0	0	0	0	
0.726	0.259259	-1.35769	0.0967742	3.85715	0.933181	0.373272	1	0	0	0	0	0	0	0	0	
0.727	0.259259	-1.35769	0.0967742	3.85715	0.933181	0.373272	1	0	0	0	0	0	0	0	0	
0.728	0.259259	-1.35769	0.0967742	3.85715	0.933181	0.373272	1	0	0	0	0	0	0	0	0	
0.729	0.259259	-1.35769	0.0967742	3.85715	0.933181	0.373272	1	0	0	0	0	0	0	0	0	
0.73	0.259259	-1.35769	0.0967742	3.85715	0.933181	0.373272	1	0	0	0	0	0	0	0	0	
0.731	0.259259	-1.35769	0.0967742	3.85715	0.933181	0.373272	1	0	0	0	0	0	0	0	0	
0.732	0.259259	-1.35769	0.0967742	3.85715	0.933181	0.373272	1	0	0	0	0	0	0	0	0	
0.733	0.259259	-1.35769	0.0967742	3.85715	0.933181	0.373272	1	0	0	0	0	0	0	0	0	
0.734	0.259259	-1.35769	0.0967742	3.85715	0.933181	0.373272	1	0	0	0	0	0	0	0	0	
0.735	0.259259	-1.35769	0.0967742	3.85715	0.933181	0.373272	1	0	0	0	0	0	0	0	0	
0.736	0.259259	-1.35769	0.0967742	3.85715	0.933181	0.373272	1	0	0	0	0	0	0	0	0	
0.737	0.259259	-1.35769	0.0967742	3.85715	0.933181	0.373272	1	0	0	0	0	0	0	0	0	
0.738	0.259259	-1.35769	0.0967742	3.85715	0.933181	0.373272	1	0	0	0	0	0	0	0	0	
0.739	0.259259	-1.35769	0.0967742	3.85715	0.933181	0.373272	1	0	0	0	0	0	0	0	0	
0.74	0.259259	-1.35769	0.0967742	3.85715	0.933181	0.373272	1	0	0	0	0	0	0	0	0	
0.741	0.259259	-1.35769	0.0967742	3.85715	0.933181	0.373272	1	0	0	0	0	0	0	0	0	
0.742	0.259259	-1.35769	0.0967742	3.85715	0.933181	0.373272	1	0	0	0	0	0	0	0	0	
0.743	0.259259	-1.35769	0.0967742	3.85715	0.933181	0.373272	1	0	0	0	0	0	0	0	0	
0.744	0.259259	-1.35769	0.0967742	3.85715	0.933181	0.373272	1	0	0	0	0	0	0	0	0	
0.745	0.259259	-1.35769	0.0967742	3.85715	0.933181	0.373272	1	0	0	0	0	0	0	0	0	
0.746	0.259259	-1.35769	0.0967742	3.85715	0.933181	0.373272	1	0	0	0	0	0	0	0	0	
0.747	0.259259	-1.35769	0.0967742	3.85715	0.933181	0.373272	1	0	0	0	0	0	0	0	0	
0.748	0.259259	-1.35769	0.0967742	3.85715	0.933181	0.373272	1	0	0	0	0	0	0	0	0	
0.749	0.259259	-1.35769	0.0967742	3.85715	0.933181	0.373272	1	0	0	0	0	0	0	0	0	
0.75	0.259259	-1.35769	0.0967742	3.85715	0.933181	0.373272	1	0	0	0	0	0	0	0	0	
0.751	0.259259	-1.35769	0.0967742	3.85715	0.933181	0.373272	1	0	0	0	0	0	0	0	0	
0.752	0.259259	-1.35769	0.0967742	3.85715	0.933181	0.373272	1	0	0	0	0	0	0	0	0	
0.753	0.259259	-1.35769	0.0967742	3.85715	0.933181	0.373272	1	0	0	0	0	0	0	0	0	
0.754	0.259259	-1.35769	0.0967742	3.85715	0.933181	0.373272	1	0	0	0	0	0	0	0	0	
0.755	0.259259	-1.35769	0.0967742	3.85715	0.933181	0.373272	1	0	0	0	0	0	0	0	0	
0.756	0.259259	-1.35769	0.0967742	3.85715	0.933181	0.373272	1	0	0	0	0	0	0	0	0	
0.757	0.259259	-1.35769	0.0967742	3.85715	0.933181	0.373272	1	0	0	0	0	0	0	0	0	
0.758	0.259259	-1.35769	0.0967742	3.85715	0.933181	0.373272	1	0	0	0	0	0	0	0	0	
0.759	0.259259	-1.35769	0.0967742	3.85715	0.933181	0.373272	1	0	0	0	0	0	0	0	0	
0.76	0.259259	-1.35769	0.0967742	3.85715	0.933181	0.373272	1	0	0	0	0	0	0	0	0	
0.761	0.259259	-1.35769	0.0967742	3.85715	0.933181	0.373272	1	0	0	0	0	0	0	0	0	
0.762	0.259259	-1.35769	0.0967742	3.85715	0.933181	0.373272	1	0	0	0	0	0	0	0	0	
0.763	0.259259	-1.35769	0.0967742	3.85715	0.933181	0.373272	1	0	0	0	0	0	0	0	0	
0.764	0.259259	-1.35769	0.0967742	3.85715	0.933181	0.373272	1	0	0	0	0	0	0	0	0	
0.765	0.259259	-1.35769	0.0967742	3.85715	0.933181	0.373272	1	0	0	0	0	0	0	0	0	
0.766	0.259259	-1.35769	0.0967742	3.85715	0.933181	0.373272	1	0	0	0	0	0	0	0	0	
0.767	0.259259	-1.35769	0.0967742	3.85715	0.933181	0.373272	1	0	0	0	0	0	0	0	0	
0.768	0.259259	-1.35769	0.0967742	3.85715	0.933181	0.373272	1	0	0	0	0	0	0	0	0	
0.769	0.259259	-1.35769	0.0967742	3.85715	0.933181	0.373272	1	0	0	0	0	0	0	0	0	
0.77	0.259259	-1.35769	0.0967742	3.85715	0.933181	0.373272	1	0	0	0	0	0	0	0	0	
0.771	0.259259	-1.35769	0.0967742	3.85715	0.933181	0.373272	1	0	0	0	0	0	0	0	0	
0.772	0.259259	-1.35769	0.0967742	3.85715	0.933181	0.373272	1	0	0	0	0	0	0	0	0	
0.773	0.259259	-1.35769	0.0967742	3.85715	0.933181	0.373272	1	0	0	0	0	0	0	0	0	
0.774	0.259259	-1.35769	0.0967742	3.85715	0.933181	0.373272	1	0	0	0	0	0	0	0	0	
0.775	0.259259	-1.35769	0.0967742	3.85715	0.933181	0.373272	1	0	0	0	0	0	0	0	0	
0.776	0.259259	-1.35769	0.0967742	3.85715	0.933181	0.373272	1	0	0	0	0	0	0	0	0	
0.777	0.259259	-1.35769	0.0967742	3.85715	0.933181	0.373272	1	0	0	0	0	0	0	0	0	
0.778	0.259259	-1.35769	0.0967742	3.85715	0.933181	0.373272	1	0	0	0	0	0	0	0	0	
0.779	0.259259	-1.35769	0.0967742	3.85715	0.933181	0.373272	1	0	0	0	0	0	0	0	0	
0.78	0.259259	-1.35769	0.0967742	3.85715	0.933181	0.373272	1	0	0	0	0	0	0	0	0	
0.781	0.259259	-1.35769	0.0967742	3.85715	0.933181	0.373272	1	0	0	0	0	0	0	0	0	
0.782	0.259259	-1.35769	0.0967742	3.85715	0.933181	0.373272	1	0	0	0	0	0	0	0	0	
0.783	0.259259	-1.35769	0.0967742	3.85715	0.933181	0.373272	1	0	0	0	0	0	0	0	0	
0.784	0.259259	-1.35769	0.0967742	3.85715	0.933181	0.373272	1	0	0	0	0	0	0	0	0	
0.785	0.259259	-1.35769	0.0967742	3.85715	0.933181	0.373272	1	0	0	0	0	0	0	0	0	
0.786	0.259259	-1.35769	0.0967742	3.85715	0.933181	0.373272	1	0	0	0	0	0	0	0	0	
0.787	0.259259	-1.35769	0.0967742	3.85715	0.933181	0.373272	1	0	0	0	0	0	0	0	0	
0.788	0.259259	-1.35769	0.0967742	3.85715	0.933181	0.373272	1	0	0	0	0	0	0	0	0	
0.789	0.259259	-1.35769	0.0967742	3.85715	0.933181	0.373272	1	0	0	0	0	0	0	0	0	
0.79	0.259259	-1.35769	0.0967742	3.85715	0.933181	0.373272	1	0	0	0	0	0	0	0	0	
0.791	0.259259	-1.35769	0.0967742	3.85715	0.933181	0.373272	1	0	0	0	0	0	0	0	0	
0.792	0.259259	-1.35769	0.0967742	3.85715	0.933181	0.373272	1	0	0	0	0	0	0	0	0	
0.793	0.259259	-1.35769	0.0967742	3.85715	0.933181	0.373272	1	0	0	0	0	0	0	0	0	
0.794	0.259259	-1.35769	0.0967742	3.85715	0.933181	0.373272	1	0	0	0	0	0	0	0	0	
0.795	0.259259	-1.35769	0.0967742	3.85715	0.933181	0.373272	1	0	0	0	0	0	0	0	0	
0.796	0.259259	-1.35769	0.0967742	3.85715	0.933181	0.373272	1	0	0	0	0	0	0	0	0	
0.797	0.259259	-1.35769	0.0967742	3.85715	0.933181	0.373272	1	0	0	0	0	0	0	0	0	
0.798	0.259259	-1.35769	0.0967742	3.85715	0.933181	0.373272	1	0	0	0	0	0	0	0	0	
0.799	0.259259	-1.35769	0.0967742	3.85715	0.933181	0.373272	1	0	0	0	0	0	0	0	0	
0.8	0.259259	-1.35769	0.0967742	3.85715	0.933181	0.373272	1	0	0	0	0	0	0	0	0	
0.801	0.259259	-1.35769	0.0967742	3.85715	0.933181	0.373272	1	0	0	0	0	0	0	0	0	
0.802	0.259259	-1.35769	0.0967742	3.85715	0.933181	0.373272	1	0	0	0	0	0	0	0	0	
0.803	0.259259	-1.35769	0.0967742	3.85715	0.933181	0.373272	1	0	0	0	0	0	0	0	0	
0.804	0.259259	-1.35769	0.0967742	3.85715	0.933181	0.373272	1	0	0	0	0	0	0	0	0	
0.805	0.259259	-1.35769	0.0967742	3.85715	0.933181	0.373272	1	0	0	0	0	0	0	0	0	
0.806	0.259259	-1.35769	0.0967742	3.85715	0.933181	0.373272	1	0	0	0	0	0	0	0	0	
0.807	0.259259	-1.35769	0.0967742	3.85715	0.933181	0.373272	1	0	0	0	0	0	0	0	0	
0.808	0.259259	-1.35769	0.0967742	3.85715	0.933181	0.373272	1	0	0	0	0	0	0	0	0	
0.809	0.259259	-1.35769	0.0967742	3.85715	0.933181	0.373272	1	0	0	0	0	0	0	0	0	
0.81	0.259259	-1.35769	0.0967742	3.85715	0.933181	0.373272	1	0	0	0	0	0	0	0	0	
0.811	0.259259	-1.35769	0.0967742	3.85715	0.933181	0.373272	1	0	0	0	0	0	0	0	0	
0.812	0.259259	-1.35769	0.0967742	3.85715	0.933181	0.373272	1	0	0	0	0	0	0	0	0	
0.813	0.259259	-1.35769	0.0967742	3.85715	0.933181	0.373272	1	0	0	0	0	0	0	0	0	
0.814	0.259259	-1.35769	0.0967742	3.85715	0.933181	0.373272	1	0	0	0	0	0	0	0	0	
0.815	0.259259	-1.35769	0.0967742	3.85715	0.933181	0.373272	1	0	0	0	0	0	0	0	0	
0.816	0.259259	-1.35769	0.0967742	3.85715	0.933181	0.373272	1	0	0	0	0	0	0	0	0	
0.817	0.259259	-1.35769	0.0967742	3.85715	0.933181	0.373272	1	0	0	0	0	0	0	0	0	
0.818	0.259259	-1.35769	0.0967742	3.85715	0.933181	0.373272	1	0	0	0	0	0	0	0	0	
0.819	0.259259	-1.35769	0.0967742	3.85715	0.933181	0.373272	1	0	0	0	0	0	0	0	0	
0.82	0.259259	-1.35769	0.0967742	3.85715	0.933181	0.373272	1	0	0	0	0	0	0	0	0	
0.821	0.259259	-1.35769	0.0967742	3.85715	0.933181	0.373272	1	0	0	0	0	0	0	0	0	
0.822	0.259259	-1.35769	0.0967742	3.85715	0.933181	0.373272	1	0	0	0	0	0	0	0	0	
0.823	0.259259	-1.35769	0.0967742	3.85715	0.933181	0.373272	1	0	0	0	0	0	0	0	0	
0.824	0.259259	-1.35769	0.0967742	3.85715	0.933181	0.373272	1	0	0	0	0	0	0	0	0	
0.825	0.259259	-1.35769	0.0967742	3.85715	0.933181	0.373272	1	0	0	0	0	0	0	0	0	
0.826	0.259259	-1.35769	0.0967742	3.85715	0.933181	0.373272	1	0	0	0	0	0	0	0	0	
0.827	0.259259	-1.35769	0.0967742	3.85715	0.933181	0.373272	1	0	0	0	0	0	0	0	0	
0.828	0.259259	-1.35769	0.0967742	3.85715	0.933181	0.373272	1	0	0	0	0	0	0	0	0	
0.829	0.259259	-1.35769	0.0967742	3.85715	0.933181	0.373272	1	0	0	0	0	0	0	0	0	
0.83	0.259259	-1.35769	0.0967742	3.85715	0.933181	0.373272	1	0	0	0	0	0	0	0	0	
0.831	0.259259	-1.35769	0.0967742	3.85715	0.933181	0.373272	1	0	0	0	0	0	0	0	0	
0.832	0.259259	-1.35769	0.0967742	3.85715	0.933181	0.373272	1	0	0	0	0	0	0	0	0	
0.833	0.259259	-1.35769	0.0967742	3.85715	0.933181	0.373272	1	0	0	0	0	0	0	0	0	
0.834	0.259259	-1.35769	0.0967742	3.85715	0.933181	0.373272	1	0	0	0	0	0	0	0	0	
0.835	0.259259	-1.35769	0.0967742	3.85715	0.933181	0.373272	1	0	0	0	0	0	0	0	0	
0.836	0.259259	-1.35769	0.0967742	3.85715	0.933181	0.373272	1	0	0	0	0	0	0	0	0	
0.837	0.259259	-1.35769	0.0967742	3.85715	0.933181	0.373272	1	0	0	0	0	0	0	0	0	
0.838	0.259259	-1.35769	0.0967742	3.85715	0.933181	0.373272	1	0	0	0	0	0	0	0	0	
0.839	0.259259	-1.35769	0.0967742	3.85715	0.933181	0.373272	1	0	0	0	0	0	0	0	0	
0.84	0.259259	-1.35769	0.0967742	3.85715	0.933181	0.373272	1	0	0	0	0	0	0	0	0	
0.841	0.259259	-1.35769	0.0967742	3.85715	0.933181	0.373272	1	0	0	0	0	0	0	0	0	
0.842	0.259259	-1.35769	0.0967742	3.85715	0.933181	0.373272	1	0	0	0	0	0	0	0	0	
0.843	0.259259	-1.35769	0.0967742	3.85715	0.933181	0.373272	1	0	0	0	0	0	0	0	0	
0.844	0.259259	-1.35769	0.0967742	3.85715	0.933181	0.373272	1	0	0	0	0	0	0	0	0	
0.845	0.259259	-1.35769	0.0967742	3.85715	0.933181	0.373272	1	0	0	0	0	0	0	0	0	
0.846	0.259259	-1.35769	0.0967742	3.85715	0.933181	0.373272	1	0	0	0	0	0	0	0	0	
0.847	0.259259	-1.35769	0.0967742	3.85715	0.933181	0.373272	1	0	0	0	0	0	0	0	0	
0.848	0.259259	-1.35769	0.0967742	3.85715	0.933181	0.373272	1	0	0	0	0	0	0	0	0	
0.849	0.259259	-1.35769	0.0967742	3.85715	0.933181	0.373272	1	0	0	0	0	0	0	0	0	
0.85	0.259259	-1.35769	0.0967742	3.85715	0.933181	0.373272	1	0	0	0	0	0	0	0	0	
0.851	0.259259	-1.35769	0.0967742	3.85715	0.933181	0.373272	1	0	0	0	0	0	0	0	0	
0.852	0.259259	-1.35769	0.0967742	3.85715	0.933181	0.373272	1	0	0	0	0	0	0	0	0	
0.853	0.259259	-1.35769	0.0967742	3.85715	0.933181	0.373272	1	0	0	0	0	0	0	0	0	
0.854	0.259259	-1.35769	0.0967742	3.85715	0.933181	0.373272	1	0	0	0	0	0	0	0	0	
0.855	0.259259	-1.35769	0.0967742	3.85715	0.933181	0.373272	1	0	0	0	0	0	0	0	0	
0.856	0.259259	-1.35769	0.0967742	3.85715	0.933181	0.373272	1	0	0	0	0	0	0	0	0	
0.857	0.259259	-1.35769	0.0967742	3.85715	0.933181	0.373272	1	0	0	0	0	0	0	0	0	
0.858	0.259259	-1.35769	0.0967742	3.85715	0.933181	0.373272	1	0	0	0	0	0	0	0	0	
0.859	0.259259	-1.35769	0.0967742	3.85715	0.933181	0.373272	1	0	0	0	0	0	0	0	0	
0.86	0.259259	-1.35769	0.0967742	3.85715	0.933181	0.373272	1	0	0	0	0	0	0	0	0	
0.861	0.259259	-1.35769	0.0967742	3.85715	0.933181	0.373272	1	0	0	0	0	0	0	0	0	
0.862	0.259259	-1.35769	0.0967742	3.85715	0.933181	0.373272	1	0	0	0	0	0	0	0	0	
0.863	0.259259	-1.35769	0.0967742	3.85715	0.933181	0.373272	1	0	0	0	0	0	0	0	0	
0.864	0.259259	-1.35769	0.0967742	3.85715	0.933181	0.373272	1	0	0	0	0	0	0	0	0	
0.865	0.259259	-1.35769	0.0967742	3.85715	0.933181	0.373272	1	0	0	0	0	0	0	0	0	
0.866	0.259259	-1.35769	0.0967742	3.85715	0.933181	0.373272	1	0	0	0	0	0	0	0	0	
0.867	0.259259	-1.35769	0.0967742	3.85715	0.933181	0.373272	1	0	0	0	0	0	0	0	0	
0.868	0.259259	-1.35769	0.0967742	3.85715	0.933181	0.373272	1	0	0	0	0	0	0	0	0	
0.869	0.259259	-1.35769	0.0967742	3.85715	0.933181	0.373272	1	0	0	0	0	0	0	0	0	
0.87	0.259259	-1.35769	0.0967742	3.85715	0.933181	0.373272	1	0	0	0	0	0	0	0	0	
0.871	0.259259	-1.35769	0.0967742	3.85715	0.933181	0.373272	1	0	0	0	0	0	0	0	0	
0.872	0.259259	-1.35769	0.0967742	3.85715	0.933181	0.373272	1	0	0	0	0	0	0	0	0	
0.873	0.259259	-1.35769	0.0967742	3.85715	0.933181	0.373272	1	0	0	0	0	0	0	0	0	
0.874	0.259259	-1.35769	0.0967742	3.85715	0.933181	0.373272	1	0	0	0	0	0	0	0	0	
0.875	0.259259	-1.35769	0.0967742	3.85715	0.933181	0.373272	1	0	0	0	0	0	0	0	0	
0.876	0.259259	-1.35769	0.0967742	3.85715	0.933181	0.373272	1	0	0	0	0	0	0	0	0	
0.877	0.259259	-1.35769	0.0967742	3.85715	0.933181	0.373272	1	0	0	0	0	0	0	0	0	
0.878	0.259259	-1.35769	0.0967742	3.85715	0.933181	0.373272	1	0	0	0	0	0	0	0	0	
0.879	0.259259	-1.35769	0.0967742	3.85715	0.933181	0.373272	1	0	0	0	0	0	0	0	0	
0.88	0.259259	-1.35769	0.0967742	3.85715	0.933181	0.373272	1	0	0	0	0	0	0	0	0	
0.881	0.259259	-1.35769	0.0967742	3.85715	0.933181	0.373272	1	0	0	0	0	0	0	0	0	
0.882	0.259259	-1.35769	0.0967742	3.85715	0.933181	0.373272	1	0	0	0	0	0	0	0	0	
0.883	0.259259	-1.35769	0.0967742	3.85715	0.933181	0.373272	1	0	0	0	0	0	0	0	0	
0.884	0.259259	-1.35769	0.0967742	3.85715	0.933181	0.373272	1	0	0	0	0	0	0	0	0	
0.885	0.259259	-1.35769	0.0967742	3.85715	0.933181	0.373272	1	0	0	0	0	0	0	0	0	
0.886	0.259259	-1.35769	0.0967742	3.85715	0.933181	0.373272	1	0	0	0	0	0	0	0	0	
0.887	0.259259	-1.35769	0.0967742	3.85715	0.933181	0.373272	1	0	0	0	0	0	0	0	0	
0.888	0.259259	-1.35769	0.0967742	3.85715	0.933181	0.373272	1	0	0	0	0	0	0	0	0	
0.889	0.259259	-1.35769	0.0967742	3.85715	0.933181	0.373272	1	0	0	0	0	0	0	0	0	
0.89	0.259259	-1.35769	0.0967742	3.85715	0.933181	0.373272	1	0	0	0	0	0	0	0	0	
0.891	0.259259	-1.35769	0.0967742	3.85715	0.933181	0.373272	1	0	0	0	0	0	0	0	0	
0.892	0.259259	-1.35769	0.0967742	3.85715	0.933181	0.373272	1	0	0	0	0	0	0	0	0	
0.893	0.259259	-1.35769	0.0967742	3.85715	0.933181	0.373272	1	0	0	0	0	0	0	0	0	
0.894	0.259259	-1.35769	0.0967742	3.85715	0.933181	0.373272	1	0	0	0	0	0	0	0	0	
0.895	0.259259	-1.35769	0.0967742	3.85715	0.933181	0.373272	1	0	0	0	0	0	0	0	0	
0.896	0.259259	-1.35769	0.0967742	3.85715	0.933181	0.373272	1	0	0	0	0	0	0	0	0	
0.897	0.259259	-1.35769	0.0967742	3.85715	0.933181	0.373272	1	0	0	0	0	0	0	0	0	
0.898	0.259259	-1.35769	0.0967742	3.85715	0.933181	0.373272	1	0	0	0	0	0	0	0	0	
0.899	0.259259	-1.35769	0.0967742	3.85715	0.933181	0.373272	1	0	0	0	0	0	0	0	0	
0.9	0.259259	-1.35769	0.0967742	3.85715	0.933181	0.373272	1	0	0	0	0	0	0	0	0	
0.901	0.259259	-1.35769	0.0967742	3.85715	0.933181	0.373272	1	0	0	0	0	0	0	0	0	
0.902	0.259259	-1.35769	0.0967742	3.85715	0.933181	0.373272	1	0	0	0	0	0	0	0	0	
0.903	0.259259	-1.35769	0.0967742	3.85715	0.933181	0.373272	1	0	0	0	0	0	0	0	0	
0.904	0.259259	-1.35769	0.0967742	3.85715	0.933181	0.373272	1	0	0	0	0	0	0	0	0	
0.905	0.259259	-1.35769	0.0967742	3.85715	0.933181	0.373272	1	0	0	0	0	0	0	0	0	
0.906	0.259259	-1.35769	0.0967742	3.85715	0.933181	0.373272	1	0	0	0	0	0	0	0	0	
0.907	0.259259	-1.35769	0.0967742	3.85715	0.933181	0.373272	1	0	0	0	0	0	0	0	0	
0.908	0.259259	-1.35769	0.0967742	3.85715	0.933181	0.373272	1	0	0	0	0	0	0	0	0	
0.909	0.259259	-1.35769	0.0967742	3.85715	0.933181	0.373272	1	0	0	0	0	0	0	0	0	
0.91	0.259259	-1.35769	0.0967742	3.85715	0.933181	0.373272	1	0	0	0	0	0	0	0	0	
0.911	0.259259	-1.35769	0.0967742	3.85715	0.933181	0.373272	1	0	0	0	0	0	0	0	0	
0.912	0.259259	-1.35769	0.0967742	3.85715	0.933181	0.373272	1	0	0	0	0	0	0	0	0	
0.913	0.259259	-1.35769	0.0967742	3.85715	0.933181	0.373272	1	0	0	0	0	0	0	0	0	
0.914	0.259259	-1.35769	0.0967742	3.85715	0.933181	0.373272	1	0	0	0	0	0	0	0	0	
0.915	0.259259	-1.35769	0.0967742	3.85715	0.933181	0.373272	1	0	0	0	0	0	0	0	0	
0.916	0.259259	-1.35769	0.0967742	3.85715	0.933181	0.373272	1	0	0	0	0	0	0	0	0	
0.917	0.259259	-1.35769	0.0967742	3.85715	0.933181	0.373272	1	0	0	0	0	0	0	0	0	
0.918	0.259259	-1.35769	0.0967742	3.85715	0.933181	0.373272	1	0	0	0	0	0	0	0	0	
0.919	0.259259	-1.35769	0.0967742	3.85715	0.933181	0.373272	1	0	0	0	0	0	0	0	0	
0.92	0.259259	-1.35769	0.0967742	3.85715	0.933181	0.373272	1	0	0	0	0	0	0	0	0	
0.921	0.259259	-1.35769	0.0967742	3.85715	0.933181	0.373272	1	0	0	0	0	0	0	0	0	
0.922	0.259259	-1.35769	0.0967742	3.85715	0.933181	0.373272	1	0	0	0	0	0	0	0	0	
0.923	0.259259	-1.35769	0.0967742	3.85715	0.933181	0.373272	1	0	0	0	0	0	0	0	0	
0.924	0.259259	-1.35769	0.0967742	3.85715	0.933181	0.373272	1	0	0	0	0	0	0	0	0	
0.925	0.259259	-1.35769	0.0967742	3.85715	0.933181	0.373272	1	0	0	0	0	0	0	0	0	
0.926	0.259259	-1.35769	0.0967742	3.85715	0.933181	0.373272	1	0	0	0	0	0	0	0	0	
0.927	0.259259	-1.35769	0.0967742	3.85715	0.933181	0.373272	1	0	0	0	0	0	0	0	0	
0.928	0.259259	-1.35769	0.0967742	3.85715	0.933181	0.373272	1	0	0	0	0	0	0	0	0	
0.929	0.259259	-1.35769	0.0967742	3.85715	0.933181	0.373272	1	0	0	0	0	0	0	0	0	
0.93	0.259259	-1.35769	0.0967742	3.85715	0.933181	0.373272	1	0	0	0	0	0	0	0	0	
0.931	0.259259	-1.35769	0.0967742	3.85715	0.933181	0.373272	1	0	0	0	0	0	0	0	0	
0.932	0.259259	-1.35769	0.0967742	3.85715	0.933181	0.373272	1	0	0	0	0	0	0	0	0	
0.933	0.259259	-1.35769	0.0967742	3.85715	0.933181	0.373272	1	0	0	0	0	0	0	0	0	
0.934	0.259259	-1.35769	0.0967742	3.85715	0.933181	0.373272	1	0	0	0	0	0	0	0	0	
0.935	0.259259	-1.35769	0.0967742	3.85715	0.933181	0.373272	1	0	0	0	0	0	0	0	0	
0.936	0.259259	-1.35769	0.0967742	3.85715	0.933181	0.373272	1	0	0	0	0	0	0	0	0	
0.937	0.259259	-1.35769	0.0967742	3.85715	0.933181	0.373272	1	0	0	0	0	0	0	0	0	
0.938	0.259259	-1.35769	0.0967742	3.85715	0.933181	0.373272	1	0	0	0	0	0	0	0	0	
0.939	0.259259	-1.35769	0.0967742	3.85715	0.933181	0.373272	1	0	0	0	0	0	0	0	0	
0.94	0.259259	-1.35769	0.0967742	3.85715	0.933181	0.373272	1	0	0	0	0	0	0	0	0	
0.941	0.259259	-1.35769	0.0967742	3.85715	0.933181	0.373272	1	0	0	0	0	0	0	0	0	
0.942	0.259259	-1.35769	0.0967742	3.85715	0.933181	0.373272	1	0	0	0	0	0	0	0	0	
0.943	0.259259	-1.35769	0.0967742	3.85715	0.933181	0.373272	1	0	0	0	0	0	0	0	0	
0.944	0.259259	-1.35769	0.0967742	3.85715	0.933181	0.373272	1	0	0	0	0	0	0	0	0	
0.945	0.259259	-1.35769	0.0967742	3.85715	0.933181	0.373272	1	0	0	0	0	0	0	0	0	
0.946	0.259259	-1.35769	0.0967742	3.85715	0.933181	0.373272	1	0	0	0	0	0	0	0	0	
0.947	0.259259	-1.35769	0.0967742	3.85715	0.933181	0.373272	1	0	0	0	0	0	0	0	0	
0.948	0.259259	-1.35769	0.0967742	3.85715	0.933181	0.373272	1	0	0	0	0	0	0	0	0	
0.949	0.259259	-1.35769	0.0967742	3.85715	0.933181	0.373272	1	0	0	0	0	0	0	0	0	
0.95	0.259259	-1.35769	0.0967742	3.85715	0.933181	0.373272	1	0	0	0	0	0	0	0	0	
0.951	0.259259	-1.35769	0.0967742	3.85715	0.933181	0.373272	1	0	0	0	0	0	0	0	0	
0.952	0.259259	-1.35769	0.0967742	3.85715	0.933181	0.373272	1	0	0	0	0	0	0	0	0	
0.953	0.259259	-1.35769	0.0967742	3.85715	0.933181	0.373272	1	0	0	0	0	0	0	0	0	
0.954	0.259259	-1.35769	0.0967742	3.85715	0.933181	0.373272	1	0	0	0	0	0	0	0	0	
0.955	0.259259	-1.35769	0.0967742	3.85715	0.933181	0.373272	1	0	0	0	0	0	0	0	0	
0.956	0.259259	-1.35769	0.0967742	3.85715	0.933181	0.373272	1	0	0	0	0	0	0	0	0	
0.957	0.259259	-1.35769	0.0967742	3.85715	0.933181	0.373272	1	0	0	0	0	0	0	0	0	
0.958	0.259259	-1.35769	0.0967742	3.85715	0.933181	0.373272	1	0	0	0	0	0	0	0	0	
0.959	0.259259	-1.35769	0.0967742	3.85715	0.933181	0.373272	1	0	0	0	0	0	0	0	0	
0.96	0.259259	-1.35769	0.0967742	3.85715	0.933181	0.373272	1	0	0	0	0	0	0	0	0	
0.961	0.259259	-1.35769	0.0967742	3.85715	0.933181	0.373272	1	0	0	0	0	0	0	0	0	
0.962	0.259259	-1.35769	0.0967742	3.85715	0.933181	0.373272	1	0	0	0	0	0	0	0	0	
0.963	0.259259	-1.35769	0.0967742	3.85715	0.933181	0.373272	1	0	0	0	0	0	0	0	0	
0.964	0.259259	-1.35769	0.0967742	3.85715	0.933181	0.373272	1	0	0	0	0	0	0	0	0	
0.965	0.259259	-1.35769	0.0967742	3.85715	0.933181	0.373272	1	0	0	0	0	0	0	0	0	
0.966	0.259259	-1.35769	0.0967742	3.85715	0.933181	0.373272	1	0	0	0	0	0	0	0	0	
0.967	0.259259	-1.35769	0.0967742	3.85715	0.933181	0.373272	1	0	0	0	0	0	0	0	0	
0.968	0.259259	-1.35769	0.0967742	3.85715	0.933181	0.373272	1	0	0	0	0	0	0	0	0	
0.969	0.259259	-1.35769	0.0967742	3.85715	0.933181	0.373272	1	0	0	0	0	0	0	0	0	
0.97	0.259259	-1.35769	0.0967742	3.85715	0.933181	0.373272	1	0	0	0	0	0	0	0	0	
0.971	0.259259	-1.35769	0.0967742	3.85715	0.933181	0.373272	1	0	0	0	0	0	0	0	0	
0.972	0.259259	-1.35769	0.0967742	3.85715	0.933181	0.373272	1	0	0	0	0	0	0	0	0	
0.973	0.259259	-1.35769	0.0967742	3.85715	0.933181	0.373272	1	0	0	0	0	0	0	0	0	
0.974	0.259259	-1.35769	0.0967742	3.85715	0.933181	0.373272	1	0	0	0	0	0	0	0	0	
0.975	0.259259	-1.35769	0.0967742	3.85715	0.933181	0.373272	1	0	0	0	0	0	0	0	0	
0.976	0.259259	-1.35769	0.0967742	3.85715	0.933181	0.373272	1	0	0	0	0	0	0	0	0	
0.977	0.259259	-1.35769	0.0967742	3.85715	0.933181	0.373272	1	0	0	0	0	0	0	0	0	
0.978	0.259259	-1.35769	0.0967742	3.85715	0.933181	0.373272	1	0	0	0	0	0	0	0	0	
0.979	0.259259	-1.35769	0.0967742	3.85715	0.933181	0.373272	1	0	0	0	0	0	0	0	0	
0.98	0.259259	-1.35769	0.0967742	3.85715	0.933181	0.373272	1	0	0	0	0	0	0	0	0	
0.981	0.259259	-1.35769	0.0967742	3.85715	0.933181	0.373272	1	0	0	0	0	0	0	0	0	
0.982	0.259259	-1.35769	0.0967742	3.85715	0.933181	0.373272	1	0	0	0	0	0	0	0	0	
0.983	0.259259	-1.35769	0.0967742	3.85715	0.933181	0.373272	1	0	0	0	0	0	0	0	0	
0.984	0.259259	-1.35769	0.0967742	3.85715	0.933181	0.373272	1	0	0	0	0	0	0	0	0	
0.985	0.259259	-1.35769	0.0967742	3.85715	0.933181	0.373272	1	0	0	0	0	0	0	0	0	
0.986	0.259259	-1.35769	0.0967742	3.85715	0.933181	0.373272	1	0	0	0	0	0	0	0	0	
0.987	0.259259	-1.35769	0.0967742	3.85715	0.933181	0.373272	1	0	0	0	0	0	0	0	0	
0.988	0.259259	-1.35769	0.0967742	3.85715	0.933181	0.373272	1	0	0	0	0	0	0	0	0	
0.989	0.259259	-1.35769	0.0967742	3.85715	0.933181	0.373272	1	0	0	0	0	0	0	0	0	
0.99	0.259259	-1.35769	0.0967742	3.85715	0.933181	0.373272	1	0	0	0	0	0	0	0	0	
0.991	0.259259	-1.35769	0.0967742	3.85715	0.933181	0.373272	1	0	0	0	0	0	0	0	0	
0.992	0.259259	-1.35769	0.0967742	3.85715	0.933181	0.373272	1	0	0	0	0	0	0	0	0	
0.993	0.259259	-1.35769	0.0967742	3.85715	0.933181	0.373272	1	0	0	0	0	0	0	0	0	
0.994	0.259259	-1.35769	0.0967742	3.85715	0.933181	0.373272	1	0	0	0	0	0	0	0	0	
0.995	0.259259	-1.35769	0.0967742	3.85715	0.933181	0.373272	1	0	0	0	0	0	0	0	0	
0.996	0.259259	-1.35769	0.0967742	3.85715	0.933181	0.373272	1	0	0	0	0	0	0	0	0	
0.997	0.259259	-1.35769	0.0967742	3.85715	0.933181	0.373272	1	0	0	0	0	0	0	0	0	
0.998	0.259259	-1.35769	0.0967742	3.85715	0.933181	0.373272	1	0	0	0	0	0	0	0	0	
0.999	0.259259	-1.35769	0.0967742	3.85715	0.933181	0.373272	1	0	0	0	0	0	0	0	0	
1	0.259259	-1.35769	0.0967742	3.85715	0.933181	0.373272	1	0	0	0	0	0	0	0	0	
