|||||||||||||||||||||||||||||||||***SIMULATION: detonation***||||||||||||||||||||||||||||||||||
Sanpshot time = 1.01. Timestep = 2202. Run time = 3 seconds
No. of cells = 1000
#Position	 Density	 Velocity	 Pressure	 Specific_Volume I_Energy	 Temperature	 Species
-0.001	0.87413	-0.00103634	1.1599	1.14399	3.31729	0	0.777138	0	0	0	0	0	0	0	0	
0	0.872719	-0.000350337	1.15992	1.14584	3.32272	0	0.775507	0	0	0	0	0	0	0	0	
0.001	0.872719	0.000350337	1.15992	1.14584	3.32272	1.32909	0.775507	0	0	0	0	0	0	0	0	
0.002	0.87413	0.00103634	1.1599	1.14399	3.31729	1.32692	0.777138	0	0	0	0	0	0	0	0	
0.003	0.86461	0.0018067	1.15996	1.15659	3.35401	1.3416	0.766065	0	0	0	0	0	0	0	0	
0.004	0.884649	0.00244632	1.15976	1.13039	3.27745	1.31098	0.789035	0	0	0	0	0	0	0	0	
0.005	0.851511	0.00330971	1.16	1.17438	3.40571	1.36228	0.750281	0	0	0	0	0	0	0	0	
0.006	0.858219	0.0042791	1.1599	1.1652	3.37881	1.35152	0.758503	0	0	0	0	0	0	0	0	
0.007	0.868534	0.0051266	1.1597	1.15137	3.3381	1.33524	0.770804	0	0	0	0	0	0	0	0	
0.008	0.868915	0.00590464	1.15957	1.15086	3.33626	1.3345	0.771344	0	0	0	0	0	0	0	0	
0.009	0.877794	0.00658823	1.15936	1.13922	3.3019	1.32076	0.781628	0	0	0	0	0	0	0	0	
0.01	0.882655	0.00717833	1.15916	1.13295	3.28317	1.31327	0.78721	0	0	0	0	0	0	0	0	
0.011	0.882309	0.00773873	1.15901	1.13339	3.28402	1.31361	0.786928	0	0	0	0	0	0	0	0	
0.012	0.888114	0.00824857	1.1588	1.12598	3.26197	1.30479	0.793457	0	0	0	0	0	0	0	0	
0.013	0.888351	0.00872794	1.15863	1.12568	3.26061	1.30424	0.793827	0	0	0	0	0	0	0	0	
0.014	0.88537	0.00922695	1.15848	1.12947	3.27117	1.30847	0.790647	0	0	0	0	0	0	0	0	
0.015	0.887829	0.00972073	1.15829	1.12634	3.26157	1.30463	0.793469	0	0	0	0	0	0	0	0	
0.016	0.887938	0.0102047	1.1581	1.1262	3.26065	1.30426	0.793704	0	0	0	0	0	0	0	0	
0.017	0.885673	0.0107061	1.15793	1.12909	3.26851	1.3074	0.791325	0	0	0	0	0	0	0	0	
0.018	0.885734	0.0112188	1.15774	1.12901	3.26774	1.3071	0.791516	0	0	0	0	0	0	0	0	
0.019	0.885775	0.0117335	1.15754	1.12895	3.26702	1.30681	0.791691	0	0	0	0	0	0	0	0	
0.02	0.885657	0.0122502	1.15733	1.12911	3.26687	1.30675	0.791694	0	0	0	0	0	0	0	0	
0.021	0.886082	0.0127651	1.15711	1.12856	3.26468	1.30587	0.792305	0	0	0	0	0	0	0	0	
0.022	0.88606	0.0132792	1.15689	1.12859	3.26413	1.30565	0.792433	0	0	0	0	0	0	0	0	
0.023	0.886779	0.0137884	1.15665	1.12768	3.26082	1.30433	0.793391	0	0	0	0	0	0	0	0	
0.024	0.887875	0.0142863	1.15641	1.12628	3.25611	1.30244	0.794784	0	0	0	0	0	0	0	0	
0.025	0.888123	0.0147776	1.15616	1.12597	3.2545	1.3018	0.795265	0	0	0	0	0	0	0	0	
0.026	0.888801	0.0152626	1.1559	1.12511	3.2513	1.30052	0.796235	0	0	0	0	0	0	0	0	
0.027	0.88997	0.0157361	1.15564	1.12363	3.24629	1.29851	0.797751	0	0	0	0	0	0	0	0	
0.028	0.89049	0.0162008	1.15537	1.12298	3.24364	1.29746	0.79857	0	0	0	0	0	0	0	0	
0.029	0.890748	0.0166614	1.1551	1.12265	3.24194	1.29678	0.79911	0	0	0	0	0	0	0	0	
0.03	0.891237	0.0171179	1.15483	1.12204	3.23939	1.29575	0.799905	0	0	0	0	0	0	0	0	
0.031	0.891816	0.0175687	1.15454	1.12131	3.23649	1.2946	0.8008	0	0	0	0	0	0	0	0	
0.032	0.892554	0.0180123	1.15425	1.12038	3.233	1.2932	0.801869	0	0	0	0	0	0	0	0	
0.033	0.893424	0.0184469	1.15396	1.11929	3.22903	1.29161	0.80308	0	0	0	0	0	0	0	0	
0.034	0.894312	0.0188717	1.15366	1.11818	3.22498	1.28999	0.804312	0	0	0	0	0	0	0	0	
0.035	0.895258	0.0192864	1.15335	1.117	3.22072	1.28829	0.805605	0	0	0	0	0	0	0	0	
0.036	0.896171	0.0196909	1.15304	1.11586	3.21658	1.28663	0.806861	0	0	0	0	0	0	0	0	
0.037	0.897035	0.020086	1.15273	1.11478	3.21261	1.28504	0.808064	0	0	0	0	0	0	0	0	
0.038	0.897972	0.0204715	1.15241	1.11362	3.20837	1.28335	0.809343	0	0	0	0	0	0	0	0	
0.039	0.898925	0.020847	1.15209	1.11244	3.20408	1.28163	0.810637	0	0	0	0	0	0	0	0	
0.04	0.899919	0.0212125	1.15177	1.11121	3.19964	1.27986	0.811973	0	0	0	0	0	0	0	0	
0.041	0.901077	0.0215667	1.15144	1.10978	3.19462	1.27785	0.813477	0	0	0	0	0	0	0	0	
0.042	0.902243	0.0219091	1.15111	1.10835	3.18957	1.27583	0.814986	0	0	0	0	0	0	0	0	
0.043	0.9032	0.0222411	1.15078	1.10717	3.18527	1.27411	0.816275	0	0	0	0	0	0	0	0	
0.044	0.90395	0.0225651	1.15044	1.10626	3.18171	1.27268	0.817348	0	0	0	0	0	0	0	0	
0.045	0.904526	0.0228833	1.15011	1.10555	3.17876	1.27151	0.81824	0	0	0	0	0	0	0	0	
0.046	0.904848	0.0231981	1.14978	1.10516	3.17671	1.27068	0.81887	0	0	0	0	0	0	0	0	
0.047	0.904931	0.0235124	1.14944	1.10506	3.1755	1.2702	0.819256	0	0	0	0	0	0	0	0	
0.048	0.90507	0.0238268	1.14911	1.10489	3.17408	1.26963	0.819699	0	0	0	0	0	0	0	0	
0.049	0.905614	0.0241387	1.14877	1.10422	3.17124	1.26849	0.82056	0	0	0	0	0	0	0	0	
0.05	0.90663	0.0244437	1.14842	1.10299	3.16673	1.26669	0.821901	0	0	0	0	0	0	0	0	
0.051	0.907885	0.0247383	1.14807	1.10146	3.16139	1.26456	0.823484	0	0	0	0	0	0	0	0	
0.052	0.909089	0.0250218	1.14772	1.1	3.15624	1.2625	0.82501	0	0	0	0	0	0	0	0	
0.053	0.910055	0.0252958	1.14737	1.09883	3.15192	1.26077	0.826293	0	0	0	0	0	0	0	0	
0.054	0.910756	0.025563	1.14702	1.09799	3.14854	1.25942	0.827305	0	0	0	0	0	0	0	0	
0.055	0.911268	0.0258257	1.14667	1.09737	3.14581	1.25832	0.828127	0	0	0	0	0	0	0	0	
0.056	0.911688	0.0260852	1.14632	1.09687	3.14339	1.25736	0.828855	0	0	0	0	0	0	0	0	
0.057	0.91209	0.0263422	1.14597	1.09638	3.14104	1.25642	0.829565	0	0	0	0	0	0	0	0	
0.058	0.912523	0.0265967	1.14561	1.09586	3.13859	1.25544	0.830305	0	0	0	0	0	0	0	0	
0.059	0.913004	0.0268482	1.14526	1.09528	3.13596	1.25439	0.831093	0	0	0	0	0	0	0	0	
0.06	0.913535	0.0270964	1.1449	1.09465	3.13317	1.25327	0.831929	0	0	0	0	0	0	0	0	
0.061	0.914112	0.0273408	1.14455	1.09396	3.13021	1.25209	0.832811	0	0	0	0	0	0	0	0	
0.062	0.91473	0.027581	1.14419	1.09322	3.12712	1.25085	0.833731	0	0	0	0	0	0	0	0	
0.063	0.915371	0.0278167	1.14383	1.09245	3.12395	1.24958	0.834674	0	0	0	0	0	0	0	0	
0.064	0.91602	0.0280478	1.14347	1.09168	3.12075	1.2483	0.835623	0	0	0	0	0	0	0	0	
0.065	0.916664	0.0282744	1.14311	1.09091	3.11758	1.24703	0.836565	0	0	0	0	0	0	0	0	
0.066	0.91729	0.0284966	1.14275	1.09017	3.11446	1.24579	0.837488	0	0	0	0	0	0	0	0	
0.067	0.917897	0.0287146	1.14238	1.08945	3.11142	1.24457	0.838391	0	0	0	0	0	0	0	0	
0.068	0.918489	0.0289285	1.14202	1.08874	3.10842	1.24337	0.839279	0	0	0	0	0	0	0	0	
0.069	0.919071	0.0291385	1.14166	1.08806	3.10547	1.24219	0.840155	0	0	0	0	0	0	0	0	
0.07	0.919621	0.0293449	1.1413	1.0874	3.10263	1.24105	0.840998	0	0	0	0	0	0	0	0	
0.071	0.920075	0.0295482	1.14093	1.08687	3.10011	1.24004	0.841748	0	0	0	0	0	0	0	0	
0.072	0.92036	0.0297497	1.14057	1.08653	3.09817	1.23927	0.842335	0	0	0	0	0	0	0	0	
0.073	0.920496	0.0299506	1.14021	1.08637	3.09673	1.23869	0.842778	0	0	0	0	0	0	0	0	
0.074	0.92065	0.0301515	1.13985	1.08619	3.09523	1.23809	0.843236	0	0	0	0	0	0	0	0	
0.075	0.92106	0.0303511	1.13949	1.08571	3.09287	1.23715	0.84394	0	0	0	0	0	0	0	0	
0.076	0.921872	0.0305465	1.13912	1.08475	3.08915	1.23566	0.845025	0	0	0	0	0	0	0	0	
0.077	0.923034	0.0307347	1.13875	1.08338	3.08427	1.23371	0.84644	0	0	0	0	0	0	0	0	
0.078	0.924338	0.0309138	1.13839	1.08186	3.07892	1.23157	0.847985	0	0	0	0	0	0	0	0	
0.079	0.925556	0.0310838	1.13802	1.08043	3.07388	1.22955	0.849443	0	0	0	0	0	0	0	0	
0.08	0.926549	0.0312461	1.13765	1.07927	3.06959	1.22784	0.850686	0	0	0	0	0	0	0	0	
0.081	0.927302	0.0314026	1.13729	1.0784	3.06611	1.22645	0.8517	0	0	0	0	0	0	0	0	
0.082	0.927878	0.0315551	1.13692	1.07773	3.06323	1.22529	0.852547	0	0	0	0	0	0	0	0	
0.083	0.928362	0.0317045	1.13656	1.07717	3.06066	1.22426	0.853306	0	0	0	0	0	0	0	0	
0.084	0.928815	0.0318515	1.1362	1.07664	3.05819	1.22328	0.854033	0	0	0	0	0	0	0	0	
0.085	0.929264	0.0319961	1.13584	1.07612	3.05575	1.2223	0.854756	0	0	0	0	0	0	0	0	
0.086	0.929716	0.0321385	1.13548	1.0756	3.05329	1.22132	0.855479	0	0	0	0	0	0	0	0	
0.087	0.93017	0.0322786	1.13512	1.07507	3.05084	1.22033	0.856203	0	0	0	0	0	0	0	0	
0.088	0.930625	0.0324164	1.13476	1.07455	3.04838	1.21935	0.856926	0	0	0	0	0	0	0	0	
0.089	0.931086	0.032552	1.1344	1.07401	3.04591	1.21837	0.857652	0	0	0	0	0	0	0	0	
0.09	0.931557	0.0326853	1.13405	1.07347	3.04342	1.21737	0.858387	0	0	0	0	0	0	0	0	
0.091	0.932042	0.0328162	1.13369	1.07291	3.04088	1.21635	0.859132	0	0	0	0	0	0	0	0	
0.092	0.932544	0.0329447	1.13333	1.07233	3.03829	1.21531	0.859891	0	0	0	0	0	0	0	0	
0.093	0.933061	0.0330706	1.13298	1.07174	3.03565	1.21426	0.86066	0	0	0	0	0	0	0	0	
0.094	0.933584	0.0331939	1.13263	1.07114	3.03301	1.2132	0.861434	0	0	0	0	0	0	0	0	
0.095	0.934087	0.0333148	1.13227	1.07056	3.03043	1.21217	0.862188	0	0	0	0	0	0	0	0	
0.096	0.93452	0.0334336	1.13192	1.07007	3.02809	1.21123	0.862877	0	0	0	0	0	0	0	0	
0.097	0.934823	0.0335511	1.13157	1.06972	3.02617	1.21047	0.863449	0	0	0	0	0	0	0	0	
0.098	0.934991	0.0336682	1.13122	1.06953	3.0247	1.20988	0.863898	0	0	0	0	0	0	0	0	
0.099	0.935108	0.0337856	1.13088	1.0694	3.02339	1.20936	0.864301	0	0	0	0	0	0	0	0	
0.1	0.935332	0.0339029	1.13053	1.06914	3.02174	1.2087	0.864798	0	0	0	0	0	0	0	0	
0.101	0.9358	0.0340191	1.13018	1.0686	3.0193	1.20772	0.86551	0	0	0	0	0	0	0	0	
0.102	0.936544	0.0341323	1.12984	1.06776	3.01598	1.20639	0.866464	0	0	0	0	0	0	0	0	
0.103	0.937469	0.0342412	1.12949	1.0667	3.01207	1.20483	0.867576	0	0	0	0	0	0	0	0	
0.104	0.938419	0.0343452	1.12914	1.06562	3.0081	1.20324	0.868707	0	0	0	0	0	0	0	0	
0.105	0.939253	0.0344446	1.1288	1.06468	3.00451	1.2018	0.869733	0	0	0	0	0	0	0	0	
0.106	0.939903	0.0345406	1.12845	1.06394	3.00151	1.20061	0.870595	0	0	0	0	0	0	0	0	
0.107	0.940378	0.0346345	1.12811	1.0634	2.99909	1.19964	0.871302	0	0	0	0	0	0	0	0	
0.108	0.940735	0.034727	1.12777	1.063	2.99704	1.19882	0.871906	0	0	0	0	0	0	0	0	
0.109	0.941048	0.0348189	1.12743	1.06264	2.99514	1.19806	0.87247	0	0	0	0	0	0	0	0	
0.11	0.941375	0.0349101	1.12709	1.06228	2.99321	1.19728	0.873043	0	0	0	0	0	0	0	0	
0.111	0.941747	0.0350007	1.12675	1.06186	2.99112	1.19645	0.873654	0	0	0	0	0	0	0	0	
0.112	0.942174	0.0350902	1.12642	1.06138	2.98888	1.19555	0.87431	0	0	0	0	0	0	0	0	
0.113	0.94264	0.0351784	1.12608	1.06085	2.9865	1.1946	0.874998	0	0	0	0	0	0	0	0	
0.114	0.943123	0.0352652	1.12574	1.06031	2.98409	1.19363	0.875698	0	0	0	0	0	0	0	0	
0.115	0.943592	0.0353505	1.12541	1.05978	2.98171	1.19269	0.876386	0	0	0	0	0	0	0	0	
0.116	0.944025	0.0354346	1.12508	1.05929	2.97946	1.19179	0.877041	0	0	0	0	0	0	0	0	
0.117	0.944408	0.0355176	1.12474	1.05886	2.97738	1.19095	0.877652	0	0	0	0	0	0	0	0	
0.118	0.944743	0.0356	1.12441	1.05849	2.97544	1.19018	0.878222	0	0	0	0	0	0	0	0	
0.119	0.945044	0.0356819	1.12408	1.05815	2.97362	1.18945	0.878761	0	0	0	0	0	0	0	0	
0.12	0.945325	0.0357634	1.12375	1.05784	2.97187	1.18875	0.879282	0	0	0	0	0	0	0	0	
0.121	0.945596	0.0358447	1.12342	1.05753	2.97015	1.18806	0.879793	0	0	0	0	0	0	0	0	
0.122	0.945863	0.0359257	1.1231	1.05724	2.96845	1.18738	0.8803	0	0	0	0	0	0	0	0	
0.123	0.94614	0.0360064	1.12277	1.05693	2.96672	1.18669	0.880814	0	0	0	0	0	0	0	0	
0.124	0.946456	0.0360866	1.12245	1.05657	2.96487	1.18595	0.88136	0	0	0	0	0	0	0	0	
0.125	0.946851	0.0361659	1.12212	1.05613	2.96278	1.18511	0.881968	0	0	0	0	0	0	0	0	
0.126	0.947351	0.0362438	1.1218	1.05557	2.96036	1.18414	0.882662	0	0	0	0	0	0	0	0	
0.127	0.94795	0.0363196	1.12148	1.05491	2.95764	1.18306	0.883435	0	0	0	0	0	0	0	0	
0.128	0.948602	0.0363929	1.12116	1.05418	2.95476	1.18191	0.884249	0	0	0	0	0	0	0	0	
0.129	0.94924	0.0364637	1.12084	1.05347	2.95194	1.18077	0.88505	0	0	0	0	0	0	0	0	
0.13	0.949804	0.0365321	1.12052	1.05285	2.94934	1.17974	0.885788	0	0	0	0	0	0	0	0	
0.131	0.950266	0.0365986	1.1202	1.05234	2.94708	1.17883	0.886441	0	0	0	0	0	0	0	0	
0.132	0.950632	0.0366637	1.11989	1.05193	2.94512	1.17805	0.887013	0	0	0	0	0	0	0	0	
0.133	0.950934	0.0367279	1.11958	1.0516	2.94336	1.17734	0.887533	0	0	0	0	0	0	0	0	
0.134	0.951213	0.0367914	1.11927	1.05129	2.94168	1.17667	0.888032	0	0	0	0	0	0	0	0	
0.135	0.951502	0.0368541	1.11896	1.05097	2.93998	1.17599	0.888536	0	0	0	0	0	0	0	0	
0.136	0.951816	0.0369159	1.11865	1.05062	2.9382	1.17528	0.88906	0	0	0	0	0	0	0	0	
0.137	0.952156	0.0369768	1.11834	1.05025	2.93635	1.17454	0.889603	0	0	0	0	0	0	0	0	
0.138	0.952511	0.0370365	1.11804	1.04986	2.93445	1.17378	0.890156	0	0	0	0	0	0	0	0	
0.139	0.952864	0.0370952	1.11774	1.04947	2.93257	1.17303	0.890706	0	0	0	0	0	0	0	0	
0.14	0.953204	0.0371528	1.11743	1.04909	2.93073	1.17229	0.891244	0	0	0	0	0	0	0	0	
0.141	0.953529	0.0372094	1.11714	1.04874	2.92895	1.17158	0.891768	0	0	0	0	0	0	0	0	
0.142	0.953848	0.0372651	1.11684	1.04838	2.92719	1.17087	0.892286	0	0	0	0	0	0	0	0	
0.143	0.954174	0.03732	1.11654	1.04803	2.92541	1.17016	0.892808	0	0	0	0	0	0	0	0	
0.144	0.954513	0.0373739	1.11624	1.04765	2.9236	1.16944	0.893339	0	0	0	0	0	0	0	0	
0.145	0.95486	0.0374269	1.11595	1.04727	2.92176	1.16871	0.893874	0	0	0	0	0	0	0	0	
0.146	0.955198	0.0374791	1.11566	1.0469	2.91997	1.16799	0.894401	0	0	0	0	0	0	0	0	
0.147	0.95551	0.0375305	1.11537	1.04656	2.91825	1.1673	0.894907	0	0	0	0	0	0	0	0	
0.148	0.955798	0.0375813	1.11508	1.04625	2.91661	1.16664	0.895392	0	0	0	0	0	0	0	0	
0.149	0.95608	0.0376316	1.11479	1.04594	2.91499	1.166	0.895872	0	0	0	0	0	0	0	0	
0.15	0.956386	0.0376814	1.1145	1.0456	2.9133	1.16532	0.896369	0	0	0	0	0	0	0	0	
0.151	0.95674	0.0377306	1.11421	1.04522	2.91147	1.16459	0.896902	0	0	0	0	0	0	0	0	
0.152	0.957148	0.0377789	1.11392	1.04477	2.90948	1.16379	0.897475	0	0	0	0	0	0	0	0	
0.153	0.957594	0.0378261	1.11364	1.04428	2.90738	1.16295	0.898075	0	0	0	0	0	0	0	0	
0.154	0.958049	0.0378723	1.11335	1.04379	2.90525	1.1621	0.898681	0	0	0	0	0	0	0	0	
0.155	0.95848	0.0379173	1.11306	1.04332	2.9032	1.16128	0.899267	0	0	0	0	0	0	0	0	
0.156	0.958866	0.0379614	1.11278	1.0429	2.90129	1.16052	0.899818	0	0	0	0	0	0	0	0	
0.157	0.959202	0.0380049	1.1125	1.04253	2.89954	1.15981	0.900329	0	0	0	0	0	0	0	0	
0.158	0.959499	0.0380479	1.11221	1.04221	2.8979	1.15916	0.900809	0	0	0	0	0	0	0	0	
0.159	0.959778	0.0380905	1.11193	1.04191	2.89633	1.15853	0.901275	0	0	0	0	0	0	0	0	
0.16	0.96006	0.0381327	1.11165	1.0416	2.89474	1.1579	0.901741	0	0	0	0	0	0	0	0	
0.161	0.960356	0.0381746	1.11137	1.04128	2.89312	1.15725	0.902217	0	0	0	0	0	0	0	0	
0.162	0.960664	0.0382159	1.11109	1.04095	2.89147	1.15659	0.902701	0	0	0	0	0	0	0	0	
0.163	0.960975	0.0382567	1.11081	1.04061	2.88981	1.15592	0.903186	0	0	0	0	0	0	0	0	
0.164	0.961279	0.0382968	1.11054	1.04028	2.88817	1.15527	0.903664	0	0	0	0	0	0	0	0	
0.165	0.961572	0.0383364	1.11026	1.03996	2.88658	1.15463	0.904133	0	0	0	0	0	0	0	0	
0.166	0.961859	0.0383754	1.10998	1.03965	2.885	1.154	0.904597	0	0	0	0	0	0	0	0	
0.167	0.962148	0.0384137	1.10971	1.03934	2.88342	1.15337	0.90506	0	0	0	0	0	0	0	0	
0.168	0.962447	0.0384515	1.10944	1.03902	2.88182	1.15273	0.90553	0	0	0	0	0	0	0	0	
0.169	0.962756	0.0384885	1.10917	1.03869	2.88018	1.15207	0.906005	0	0	0	0	0	0	0	0	
0.17	0.963072	0.0385247	1.10889	1.03834	2.87853	1.15141	0.906485	0	0	0	0	0	0	0	0	
0.171	0.963394	0.0385601	1.10863	1.038	2.87688	1.15075	0.906967	0	0	0	0	0	0	0	0	
0.172	0.963718	0.0385946	1.10836	1.03765	2.87521	1.15008	0.90745	0	0	0	0	0	0	0	0	
0.173	0.964044	0.0386284	1.10809	1.0373	2.87355	1.14942	0.907933	0	0	0	0	0	0	0	0	
0.174	0.964367	0.0386613	1.10782	1.03695	2.87189	1.14876	0.908413	0	0	0	0	0	0	0	0	
0.175	0.964681	0.0386934	1.10756	1.03661	2.87027	1.14811	0.908884	0	0	0	0	0	0	0	0	
0.176	0.964975	0.0387249	1.10729	1.0363	2.86871	1.14749	0.90934	0	0	0	0	0	0	0	0	
0.177	0.965244	0.0387558	1.10703	1.03601	2.86723	1.14689	0.909776	0	0	0	0	0	0	0	0	
0.178	0.965489	0.0387863	1.10677	1.03575	2.86583	1.14633	0.910194	0	0	0	0	0	0	0	0	
0.179	0.965718	0.0388164	1.10651	1.0355	2.86447	1.14579	0.9106	0	0	0	0	0	0	0	0	
0.18	0.965945	0.0388463	1.10625	1.03526	2.86313	1.14525	0.911004	0	0	0	0	0	0	0	0	
0.181	0.96618	0.038876	1.10599	1.035	2.86176	1.14471	0.911412	0	0	0	0	0	0	0	0	
0.182	0.966432	0.0389055	1.10573	1.03473	2.86035	1.14414	0.911831	0	0	0	0	0	0	0	0	
0.183	0.966704	0.0389346	1.10548	1.03444	2.85888	1.14355	0.912263	0	0	0	0	0	0	0	0	
0.184	0.966995	0.0389635	1.10522	1.03413	2.85736	1.14294	0.912708	0	0	0	0	0	0	0	0	
0.185	0.967301	0.0389919	1.10496	1.0338	2.85579	1.14232	0.913162	0	0	0	0	0	0	0	0	
0.186	0.967615	0.03902	1.10471	1.03347	2.85421	1.14168	0.91362	0	0	0	0	0	0	0	0	
0.187	0.967929	0.0390476	1.10445	1.03313	2.85262	1.14105	0.914078	0	0	0	0	0	0	0	0	
0.188	0.968238	0.0390749	1.1042	1.0328	2.85106	1.14042	0.914531	0	0	0	0	0	0	0	0	
0.189	0.968538	0.0391019	1.10395	1.03248	2.84952	1.13981	0.914977	0	0	0	0	0	0	0	0	
0.19	0.968825	0.0391285	1.1037	1.03218	2.84802	1.13921	0.915413	0	0	0	0	0	0	0	0	
0.191	0.9691	0.0391549	1.10344	1.03189	2.84657	1.13863	0.915839	0	0	0	0	0	0	0	0	
0.192	0.969363	0.0391811	1.10319	1.03161	2.84515	1.13806	0.916256	0	0	0	0	0	0	0	0	
0.193	0.969614	0.0392072	1.10294	1.03134	2.84376	1.13751	0.916664	0	0	0	0	0	0	0	0	
0.194	0.969854	0.0392331	1.10269	1.03108	2.84242	1.13697	0.917063	0	0	0	0	0	0	0	0	
0.195	0.970083	0.0392589	1.10244	1.03084	2.8411	1.13644	0.917455	0	0	0	0	0	0	0	0	
0.196	0.970305	0.0392846	1.10219	1.0306	2.83982	1.13593	0.91784	0	0	0	0	0	0	0	0	
0.197	0.970526	0.0393102	1.10195	1.03037	2.83853	1.13541	0.918224	0	0	0	0	0	0	0	0	
0.198	0.970758	0.0393358	1.1017	1.03012	2.83722	1.13489	0.918614	0	0	0	0	0	0	0	0	
0.199	0.97101	0.0393612	1.10145	1.02986	2.83585	1.13434	0.919017	0	0	0	0	0	0	0	0	
0.2	0.971285	0.0393863	1.10121	1.02956	2.83442	1.13377	0.919434	0	0	0	0	0	0	0	0	
0.201	0.971578	0.0394111	1.10097	1.02925	2.83293	1.13317	0.919863	0	0	0	0	0	0	0	0	
0.202	0.971878	0.0394355	1.10072	1.02894	2.83143	1.13257	0.920295	0	0	0	0	0	0	0	0	
0.203	0.972172	0.0394596	1.10048	1.02862	2.82995	1.13198	0.920722	0	0	0	0	0	0	0	0	
0.204	0.972451	0.0394834	1.10024	1.02833	2.82852	1.13141	0.921138	0	0	0	0	0	0	0	0	
0.205	0.972709	0.0395069	1.1	1.02806	2.82714	1.13086	0.921539	0	0	0	0	0	0	0	0	
0.206	0.97295	0.0395302	1.09975	1.0278	2.82583	1.13033	0.921928	0	0	0	0	0	0	0	0	
0.207	0.973178	0.0395534	1.09952	1.02756	2.82455	1.12982	0.922307	0	0	0	0	0	0	0	0	
0.208	0.973399	0.0395765	1.09928	1.02733	2.82329	1.12932	0.922682	0	0	0	0	0	0	0	0	
0.209	0.97362	0.0395995	1.09904	1.0271	2.82204	1.12882	0.923054	0	0	0	0	0	0	0	0	
0.21	0.973842	0.0396224	1.0988	1.02686	2.82079	1.12832	0.923427	0	0	0	0	0	0	0	0	
0.211	0.974068	0.0396452	1.09856	1.02662	2.81953	1.12781	0.923801	0	0	0	0	0	0	0	0	
0.212	0.974297	0.0396678	1.09833	1.02638	2.81826	1.12731	0.924177	0	0	0	0	0	0	0	0	
0.213	0.974528	0.0396902	1.09809	1.02614	2.81699	1.1268	0.924553	0	0	0	0	0	0	0	0	
0.214	0.97476	0.0397123	1.09786	1.02589	2.81572	1.12629	0.924929	0	0	0	0	0	0	0	0	
0.215	0.974993	0.0397341	1.09763	1.02565	2.81445	1.12578	0.925304	0	0	0	0	0	0	0	0	
0.216	0.975226	0.0397556	1.0974	1.0254	2.81319	1.12527	0.925678	0	0	0	0	0	0	0	0	
0.217	0.975455	0.0397767	1.09717	1.02516	2.81193	1.12477	0.926049	0	0	0	0	0	0	0	0	
0.218	0.975676	0.0397974	1.09694	1.02493	2.81071	1.12428	0.926413	0	0	0	0	0	0	0	0	
0.219	0.975881	0.0398176	1.09671	1.02471	2.80953	1.12381	0.926767	0	0	0	0	0	0	0	0	
0.22	0.976062	0.0398375	1.09648	1.02453	2.80843	1.12337	0.927104	0	0	0	0	0	0	0	0	
0.221	0.976215	0.039857	1.09626	1.02436	2.80742	1.12297	0.927423	0	0	0	0	0	0	0	0	
0.222	0.976351	0.0398761	1.09603	1.02422	2.80645	1.12258	0.927729	0	0	0	0	0	0	0	0	
0.223	0.976494	0.0398949	1.09581	1.02407	2.80547	1.12219	0.92804	0	0	0	0	0	0	0	0	
0.224	0.976679	0.0399133	1.09559	1.02388	2.80437	1.12175	0.928375	0	0	0	0	0	0	0	0	
0.225	0.97693	0.039931	1.09537	1.02361	2.80309	1.12124	0.92875	0	0	0	0	0	0	0	0	
0.226	0.977252	0.0399478	1.09515	1.02328	2.80161	1.12064	0.929168	0	0	0	0	0	0	0	0	
0.227	0.977626	0.0399636	1.09493	1.02289	2.79998	1.11999	0.929618	0	0	0	0	0	0	0	0	
0.228	0.978016	0.0399783	1.09472	1.02248	2.79831	1.11933	0.930076	0	0	0	0	0	0	0	0	
0.229	0.978386	0.0399918	1.0945	1.02209	2.79671	1.11868	0.93052	0	0	0	0	0	0	0	0	
0.23	0.978707	0.0400045	1.09429	1.02176	2.79525	1.1181	0.930933	0	0	0	0	0	0	0	0	
0.231	0.978971	0.0400165	1.09408	1.02148	2.79395	1.11758	0.93131	0	0	0	0	0	0	0	0	
0.232	0.979182	0.0400281	1.09387	1.02126	2.79281	1.11712	0.931654	0	0	0	0	0	0	0	0	
0.233	0.979359	0.0400395	1.09366	1.02108	2.79177	1.11671	0.931975	0	0	0	0	0	0	0	0	
0.234	0.979518	0.0400509	1.09345	1.02091	2.79079	1.11631	0.932286	0	0	0	0	0	0	0	0	
0.235	0.979675	0.0400623	1.09324	1.02075	2.78981	1.11592	0.932594	0	0	0	0	0	0	0	0	
0.236	0.97984	0.040074	1.09303	1.02057	2.78881	1.11552	0.932906	0	0	0	0	0	0	0	0	
0.237	0.980018	0.0400859	1.09283	1.02039	2.78777	1.11511	0.933226	0	0	0	0	0	0	0	0	
0.238	0.98021	0.040098	1.09262	1.02019	2.7867	1.11468	0.933553	0	0	0	0	0	0	0	0	
0.239	0.980412	0.0401105	1.09241	1.01998	2.78559	1.11424	0.933886	0	0	0	0	0	0	0	0	
0.24	0.980622	0.0401234	1.0922	1.01976	2.78447	1.11379	0.934223	0	0	0	0	0	0	0	0	
0.241	0.980835	0.0401367	1.092	1.01954	2.78334	1.11333	0.934562	0	0	0	0	0	0	0	0	
0.242	0.981047	0.0401505	1.09179	1.01932	2.7822	1.11288	0.9349	0	0	0	0	0	0	0	0	
0.243	0.981256	0.0401648	1.09158	1.0191	2.78108	1.11243	0.935235	0	0	0	0	0	0	0	0	
0.244	0.981455	0.0401796	1.09137	1.01889	2.77998	1.11199	0.935565	0	0	0	0	0	0	0	0	
0.245	0.98164	0.040195	1.09116	1.0187	2.77893	1.11157	0.935885	0	0	0	0	0	0	0	0	
0.246	0.981807	0.040211	1.09095	1.01853	2.77793	1.11117	0.936195	0	0	0	0	0	0	0	0	
0.247	0.981963	0.0402276	1.09075	1.01837	2.77695	1.11078	0.936499	0	0	0	0	0	0	0	0	
0.248	0.982124	0.0402447	1.09054	1.0182	2.77596	1.11038	0.936805	0	0	0	0	0	0	0	0	
0.249	0.982305	0.0402622	1.09033	1.01801	2.77492	1.10997	0.937122	0	0	0	0	0	0	0	0	
0.25	0.982518	0.04028	1.09012	1.01779	2.77378	1.10951	0.937456	0	0	0	0	0	0	0	0	
0.251	0.982761	0.0402979	1.08991	1.01754	2.77256	1.10903	0.937808	0	0	0	0	0	0	0	0	
0.252	0.983022	0.0403156	1.0897	1.01727	2.77129	1.10852	0.938169	0	0	0	0	0	0	0	0	
0.253	0.983286	0.0403332	1.08949	1.017	2.77002	1.10801	0.938531	0	0	0	0	0	0	0	0	
0.254	0.983536	0.0403504	1.08928	1.01674	2.76878	1.10751	0.938884	0	0	0	0	0	0	0	0	
0.255	0.983764	0.0403672	1.08907	1.0165	2.76761	1.10705	0.939224	0	0	0	0	0	0	0	0	
0.256	0.983969	0.0403836	1.08886	1.01629	2.76651	1.1066	0.939551	0	0	0	0	0	0	0	0	
0.257	0.984158	0.0403995	1.08866	1.0161	2.76546	1.10618	0.939867	0	0	0	0	0	0	0	0	
0.258	0.984337	0.0404149	1.08845	1.01591	2.76444	1.10577	0.940177	0	0	0	0	0	0	0	0	
0.259	0.984514	0.0404298	1.08825	1.01573	2.76342	1.10537	0.940485	0	0	0	0	0	0	0	0	
0.26	0.984693	0.040444	1.08805	1.01554	2.76241	1.10496	0.940792	0	0	0	0	0	0	0	0	
0.261	0.984874	0.0404575	1.08785	1.01536	2.76139	1.10456	0.9411	0	0	0	0	0	0	0	0	
0.262	0.985055	0.0404703	1.08765	1.01517	2.76038	1.10415	0.941407	0	0	0	0	0	0	0	0	
0.263	0.985237	0.0404825	1.08745	1.01498	2.75937	1.10375	0.941714	0	0	0	0	0	0	0	0	
0.264	0.98542	0.0404939	1.08726	1.0148	2.75836	1.10334	0.94202	0	0	0	0	0	0	0	0	
0.265	0.985604	0.0405047	1.08706	1.01461	2.75735	1.10294	0.942326	0	0	0	0	0	0	0	0	
0.266	0.985787	0.0405149	1.08687	1.01442	2.75635	1.10254	0.94263	0	0	0	0	0	0	0	0	
0.267	0.985963	0.0405245	1.08668	1.01424	2.75537	1.10215	0.94293	0	0	0	0	0	0	0	0	
0.268	0.986125	0.0405336	1.08648	1.01407	2.75443	1.10177	0.943221	0	0	0	0	0	0	0	0	
0.269	0.986264	0.0405425	1.0863	1.01393	2.75356	1.10142	0.9435	0	0	0	0	0	0	0	0	
0.27	0.986377	0.0405512	1.08611	1.01381	2.75277	1.10111	0.943764	0	0	0	0	0	0	0	0	
0.271	0.986474	0.0405598	1.08592	1.01371	2.75202	1.10081	0.944018	0	0	0	0	0	0	0	0	
0.272	0.986578	0.0405686	1.08573	1.0136	2.75126	1.1005	0.944276	0	0	0	0	0	0	0	0	
0.273	0.98672	0.0405774	1.08555	1.01346	2.75039	1.10016	0.944553	0	0	0	0	0	0	0	0	
0.274	0.986924	0.0405862	1.08536	1.01325	2.74935	1.09974	0.944862	0	0	0	0	0	0	0	0	
0.275	0.987194	0.040595	1.08517	1.01297	2.74813	1.09925	0.945205	0	0	0	0	0	0	0	0	
0.276	0.987511	0.0406036	1.08499	1.01265	2.74677	1.09871	0.945573	0	0	0	0	0	0	0	0	
0.277	0.987841	0.0406121	1.0848	1.01231	2.74539	1.09816	0.945947	0	0	0	0	0	0	0	0	
0.278	0.988149	0.0406203	1.08462	1.01199	2.74407	1.09763	0.946308	0	0	0	0	0	0	0	0	
0.279	0.98841	0.0406286	1.08443	1.01173	2.74287	1.09715	0.946645	0	0	0	0	0	0	0	0	
0.28	0.988621	0.040637	1.08425	1.01151	2.74182	1.09673	0.946955	0	0	0	0	0	0	0	0	
0.281	0.988788	0.0406456	1.08406	1.01134	2.74089	1.09636	0.947241	0	0	0	0	0	0	0	0	
0.282	0.988926	0.0406544	1.08388	1.0112	2.74005	1.09602	0.947512	0	0	0	0	0	0	0	0	
0.283	0.98905	0.0406636	1.0837	1.01107	2.73924	1.09569	0.947776	0	0	0	0	0	0	0	0	
0.284	0.989174	0.040673	1.08351	1.01094	2.73843	1.09537	0.948039	0	0	0	0	0	0	0	0	
0.285	0.989305	0.0406827	1.08333	1.01081	2.73761	1.09504	0.948305	0	0	0	0	0	0	0	0	
0.286	0.989447	0.0406924	1.08315	1.01067	2.73675	1.0947	0.948575	0	0	0	0	0	0	0	0	
0.287	0.989598	0.0407022	1.08297	1.01051	2.73588	1.09435	0.94885	0	0	0	0	0	0	0	0	
0.288	0.989756	0.040712	1.08279	1.01035	2.73498	1.09399	0.949128	0	0	0	0	0	0	0	0	
0.289	0.989919	0.0407216	1.08261	1.01018	2.73408	1.09363	0.949408	0	0	0	0	0	0	0	0	
0.29	0.990086	0.040731	1.08243	1.01001	2.73316	1.09327	0.949689	0	0	0	0	0	0	0	0	
0.291	0.990253	0.0407401	1.08225	1.00984	2.73225	1.0929	0.94997	0	0	0	0	0	0	0	0	
0.292	0.990415	0.0407489	1.08207	1.00968	2.73136	1.09254	0.950247	0	0	0	0	0	0	0	0	
0.293	0.990566	0.0407573	1.0819	1.00952	2.7305	1.0922	0.950518	0	0	0	0	0	0	0	0	
0.294	0.990703	0.0407653	1.08172	1.00938	2.72968	1.09187	0.950783	0	0	0	0	0	0	0	0	
0.295	0.990837	0.040773	1.08155	1.00925	2.72887	1.09155	0.951044	0	0	0	0	0	0	0	0	
0.296	0.990982	0.0407802	1.08137	1.0091	2.72804	1.09121	0.95131	0	0	0	0	0	0	0	0	
0.297	0.991154	0.040787	1.0812	1.00892	2.72713	1.09085	0.951589	0	0	0	0	0	0	0	0	
0.298	0.991361	0.0407933	1.08103	1.00871	2.72613	1.09045	0.951883	0	0	0	0	0	0	0	0	
0.299	0.991594	0.0407989	1.08086	1.00848	2.72506	1.09002	0.952189	0	0	0	0	0	0	0	0	
0.3	0.991835	0.040804	1.08069	1.00823	2.72397	1.08959	0.952498	0	0	0	0	0	0	0	0	
0.301	0.992065	0.0408084	1.08053	1.008	2.72292	1.08917	0.952801	0	0	0	0	0	0	0	0	
0.302	0.992273	0.0408124	1.08036	1.00779	2.72193	1.08877	0.953092	0	0	0	0	0	0	0	0	
0.303	0.992456	0.040816	1.08019	1.0076	2.72101	1.08841	0.953372	0	0	0	0	0	0	0	0	
0.304	0.992619	0.0408194	1.08003	1.00744	2.72015	1.08806	0.953641	0	0	0	0	0	0	0	0	
0.305	0.992765	0.0408226	1.07987	1.00729	2.71934	1.08774	0.953901	0	0	0	0	0	0	0	0	
0.306	0.992899	0.0408258	1.0797	1.00715	2.71856	1.08742	0.954156	0	0	0	0	0	0	0	0	
0.307	0.993029	0.0408291	1.07954	1.00702	2.7178	1.08712	0.954408	0	0	0	0	0	0	0	0	
0.308	0.993162	0.0408326	1.07938	1.00688	2.71702	1.08681	0.954661	0	0	0	0	0	0	0	0	
0.309	0.993306	0.0408363	1.07922	1.00674	2.71622	1.08649	0.954918	0	0	0	0	0	0	0	0	
0.31	0.99346	0.0408404	1.07905	1.00658	2.71539	1.08616	0.955181	0	0	0	0	0	0	0	0	
0.311	0.993623	0.0408448	1.07889	1.00642	2.71454	1.08581	0.955446	0	0	0	0	0	0	0	0	
0.312	0.993791	0.0408498	1.07873	1.00625	2.71367	1.08547	0.955714	0	0	0	0	0	0	0	0	
0.313	0.993965	0.0408554	1.07856	1.00607	2.71278	1.08511	0.955984	0	0	0	0	0	0	0	0	
0.314	0.994145	0.0408616	1.0784	1.00589	2.71188	1.08475	0.956257	0	0	0	0	0	0	0	0	
0.315	0.994329	0.0408686	1.07823	1.0057	2.71096	1.08438	0.956532	0	0	0	0	0	0	0	0	
0.316	0.994516	0.0408764	1.07807	1.00551	2.71003	1.08401	0.956807	0	0	0	0	0	0	0	0	
0.317	0.994703	0.0408849	1.0779	1.00533	2.7091	1.08364	0.957082	0	0	0	0	0	0	0	0	
0.318	0.994889	0.0408944	1.07773	1.00514	2.70818	1.08327	0.957356	0	0	0	0	0	0	0	0	
0.319	0.995078	0.0409046	1.07756	1.00495	2.70724	1.08289	0.957632	0	0	0	0	0	0	0	0	
0.32	0.995274	0.0409158	1.0774	1.00475	2.70628	1.08251	0.95791	0	0	0	0	0	0	0	0	
0.321	0.995483	0.0409277	1.07722	1.00454	2.70528	1.08211	0.958194	0	0	0	0	0	0	0	0	
0.322	0.995712	0.0409402	1.07705	1.00431	2.70423	1.08169	0.958485	0	0	0	0	0	0	0	0	
0.323	0.995965	0.0409533	1.07688	1.00405	2.70311	1.08124	0.958786	0	0	0	0	0	0	0	0	
0.324	0.996237	0.0409668	1.07671	1.00378	2.70193	1.08077	0.959095	0	0	0	0	0	0	0	0	
0.325	0.99652	0.0409805	1.07653	1.00349	2.70073	1.08029	0.959408	0	0	0	0	0	0	0	0	
0.326	0.996796	0.0409943	1.07636	1.00321	2.69955	1.07982	0.959717	0	0	0	0	0	0	0	0	
0.327	0.997046	0.041008	1.07619	1.00296	2.69844	1.07937	0.960015	0	0	0	0	0	0	0	0	
0.328	0.997249	0.0410217	1.07601	1.00276	2.69745	1.07898	0.960292	0	0	0	0	0	0	0	0	
0.329	0.997392	0.0410352	1.07584	1.00261	2.69663	1.07865	0.960544	0	0	0	0	0	0	0	0	
0.33	0.997476	0.0410485	1.07567	1.00253	2.69597	1.07839	0.96077	0	0	0	0	0	0	0	0	
0.331	0.997516	0.0410616	1.0755	1.00249	2.69544	1.07817	0.960978	0	0	0	0	0	0	0	0	
0.332	0.997539	0.0410744	1.07533	1.00247	2.69495	1.07798	0.961178	0	0	0	0	0	0	0	0	
0.333	0.997565	0.0410869	1.07516	1.00244	2.69445	1.07778	0.961379	0	0	0	0	0	0	0	0	
0.334	0.997604	0.0410988	1.07499	1.0024	2.69393	1.07757	0.961585	0	0	0	0	0	0	0	0	
0.335	0.997651	0.04111	1.07483	1.00235	2.69339	1.07736	0.961794	0	0	0	0	0	0	0	0	
0.336	0.997702	0.0411206	1.07466	1.0023	2.69284	1.07714	0.962004	0	0	0	0	0	0	0	0	
0.337	0.99776	0.0411303	1.0745	1.00224	2.69228	1.07691	0.962217	0	0	0	0	0	0	0	0	
0.338	0.997838	0.0411391	1.07434	1.00217	2.69167	1.07667	0.962436	0	0	0	0	0	0	0	0	
0.339	0.997943	0.041147	1.07418	1.00206	2.69099	1.0764	0.962666	0	0	0	0	0	0	0	0	
0.34	0.998064	0.0411539	1.07402	1.00194	2.69027	1.07611	0.962902	0	0	0	0	0	0	0	0	
0.341	0.998181	0.0411598	1.07387	1.00182	2.68957	1.07583	0.963136	0	0	0	0	0	0	0	0	
0.342	0.998274	0.0411647	1.07372	1.00173	2.68894	1.07557	0.963359	0	0	0	0	0	0	0	0	
0.343	0.998339	0.0411687	1.07357	1.00166	2.68838	1.07535	0.963572	0	0	0	0	0	0	0	0	
0.344	0.998393	0.0411719	1.07342	1.00161	2.68787	1.07515	0.963779	0	0	0	0	0	0	0	0	
0.345	0.998469	0.0411744	1.07327	1.00153	2.68729	1.07492	0.963994	0	0	0	0	0	0	0	0	
0.346	0.998598	0.041176	1.07313	1.0014	2.68658	1.07463	0.964228	0	0	0	0	0	0	0	0	
0.347	0.998803	0.0411769	1.07298	1.0012	2.68567	1.07427	0.964491	0	0	0	0	0	0	0	0	
0.348	0.999081	0.0411769	1.07284	1.00092	2.68457	1.07383	0.96478	0	0	0	0	0	0	0	0	
0.349	0.999401	0.041176	1.0727	1.0006	2.68335	1.07334	0.965086	0	0	0	0	0	0	0	0	
0.35	0.999714	0.0411744	1.07256	1.00029	2.68216	1.07287	0.965387	0	0	0	0	0	0	0	0	
0.351	0.999965	0.0411724	1.07242	1.00003	2.68114	1.07246	0.965665	0	0	0	0	0	0	0	0	
0.352	1.00013	0.0411702	1.07228	0.999868	2.68034	1.07214	0.965911	0	0	0	0	0	0	0	0	
0.353	1.00023	0.0411683	1.07214	0.999771	2.67974	1.07189	0.96613	0	0	0	0	0	0	0	0	
0.354	1.0003	0.0411669	1.072	0.9997	2.6792	1.07168	0.966339	0	0	0	0	0	0	0	0	
0.355	1.00039	0.0411663	1.07186	0.999612	2.67861	1.07145	0.966553	0	0	0	0	0	0	0	0	
0.356	1.0005	0.0411666	1.07172	0.999496	2.67795	1.07118	0.966779	0	0	0	0	0	0	0	0	
0.357	1.00063	0.0411681	1.07158	0.99937	2.67726	1.0709	0.967007	0	0	0	0	0	0	0	0	
0.358	1.00073	0.0411709	1.07144	0.999267	2.67663	1.07065	0.967229	0	0	0	0	0	0	0	0	
0.359	1.0008	0.0411751	1.07129	0.999196	2.67608	1.07043	0.967438	0	0	0	0	0	0	0	0	
0.36	1.00086	0.041181	1.07115	0.999139	2.67556	1.07022	0.967643	0	0	0	0	0	0	0	0	
0.361	1.00094	0.0411885	1.071	0.999059	2.67498	1.06999	0.967856	0	0	0	0	0	0	0	0	
0.362	1.00107	0.0411975	1.07085	0.998935	2.67427	1.06971	0.968085	0	0	0	0	0	0	0	0	
0.363	1.00122	0.0412079	1.0707	0.998782	2.67348	1.06939	0.968325	0	0	0	0	0	0	0	0	
0.364	1.00136	0.0412195	1.07054	0.998637	2.67271	1.06909	0.968562	0	0	0	0	0	0	0	0	
0.365	1.00146	0.0412321	1.07039	0.998539	2.67207	1.06883	0.968783	0	0	0	0	0	0	0	0	
0.366	1.00151	0.0412456	1.07024	0.998494	2.67156	1.06862	0.968986	0	0	0	0	0	0	0	0	
0.367	1.00152	0.0412598	1.07008	0.998478	2.67113	1.06845	0.969178	0	0	0	0	0	0	0	0	
0.368	1.00155	0.0412743	1.06993	0.99845	2.67067	1.06827	0.969374	0	0	0	0	0	0	0	0	
0.369	1.00163	0.0412888	1.06977	0.998375	2.67009	1.06804	0.969585	0	0	0	0	0	0	0	0	
0.37	1.00177	0.0413029	1.06962	0.998237	2.66934	1.06773	0.969818	0	0	0	0	0	0	0	0	
0.371	1.00198	0.0413162	1.06947	0.998028	2.6684	1.06736	0.970074	0	0	0	0	0	0	0	0	
0.372	1.00225	0.0413282	1.06932	0.997755	2.6673	1.06692	0.97035	0	0	0	0	0	0	0	0	
0.373	1.00256	0.0413388	1.06917	0.997445	2.6661	1.06644	0.970638	0	0	0	0	0	0	0	0	
0.374	1.00286	0.0413476	1.06903	0.997147	2.66494	1.06598	0.970921	0	0	0	0	0	0	0	0	
0.375	1.00309	0.0413548	1.06888	0.996922	2.66398	1.06559	0.971179	0	0	0	0	0	0	0	0	
0.376	1.0032	0.0413605	1.06874	0.996814	2.66334	1.06534	0.971398	0	0	0	0	0	0	0	0	
0.377	1.00319	0.0413649	1.06861	0.996817	2.66301	1.0652	0.97158	0	0	0	0	0	0	0	0	
0.378	1.00314	0.0413682	1.06847	0.996869	2.66281	1.06512	0.971745	0	0	0	0	0	0	0	0	
0.379	1.00313	0.0413706	1.06834	0.996876	2.6625	1.065	0.971923	0	0	0	0	0	0	0	0	
0.38	1.00324	0.041372	1.0682	0.99677	2.66189	1.06475	0.972136	0	0	0	0	0	0	0	0	
0.381	1.00346	0.0413725	1.06807	0.996548	2.66097	1.06439	0.972386	0	0	0	0	0	0	0	0	
0.382	1.00374	0.0413721	1.06795	0.996272	2.65991	1.06397	0.972653	0	0	0	0	0	0	0	0	
0.383	1.00398	0.041371	1.06782	0.996037	2.65897	1.06359	0.972907	0	0	0	0	0	0	0	0	
0.384	1.00411	0.0413695	1.06769	0.995902	2.65829	1.06332	0.97313	0	0	0	0	0	0	0	0	
0.385	1.00415	0.0413681	1.06756	0.995863	2.65787	1.06315	0.973322	0	0	0	0	0	0	0	0	
0.386	1.00416	0.0413671	1.06744	0.995855	2.65753	1.06301	0.973505	0	0	0	0	0	0	0	0	
0.387	1.00422	0.0413666	1.06731	0.995794	2.65705	1.06282	0.973702	0	0	0	0	0	0	0	0	
0.388	1.00438	0.0413667	1.06718	0.995636	2.65631	1.06253	0.973929	0	0	0	0	0	0	0	0	
0.389	1.00462	0.0413674	1.06706	0.995402	2.65537	1.06215	0.974178	0	0	0	0	0	0	0	0	
0.39	1.00485	0.0413689	1.06693	0.995173	2.65444	1.06178	0.974428	0	0	0	0	0	0	0	0	
0.391	1.005	0.0413714	1.06679	0.99503	2.65373	1.06149	0.974652	0	0	0	0	0	0	0	0	
0.392	1.00503	0.0413753	1.06666	0.995	2.65332	1.06133	0.974843	0	0	0	0	0	0	0	0	
0.393	1.00498	0.0413807	1.06653	0.99504	2.6531	1.06124	0.975013	0	0	0	0	0	0	0	0	
0.394	1.00495	0.0413879	1.06639	0.995071	2.65284	1.06114	0.975185	0	0	0	0	0	0	0	0	
0.395	1.00499	0.0413969	1.06625	0.995038	2.65241	1.06096	0.975377	0	0	0	0	0	0	0	0	
0.396	1.00509	0.0414075	1.06611	0.994937	2.65179	1.06072	0.975588	0	0	0	0	0	0	0	0	
0.397	1.00522	0.0414197	1.06597	0.994807	2.65109	1.06044	0.975808	0	0	0	0	0	0	0	0	
0.398	1.00535	0.0414333	1.06583	0.99468	2.6504	1.06016	0.976028	0	0	0	0	0	0	0	0	
0.399	1.00547	0.0414483	1.06568	0.994557	2.6497	1.05988	0.976246	0	0	0	0	0	0	0	0	
0.4	1.00563	0.0414644	1.06553	0.994404	2.64893	1.05957	0.976473	0	0	0	0	0	0	0	0	
0.401	1.00585	0.0414812	1.06539	0.994185	2.64798	1.05919	0.976717	0	0	0	0	0	0	0	0	
0.402	1.00614	0.0414985	1.06524	0.993893	2.64683	1.05873	0.97698	0	0	0	0	0	0	0	0	
0.403	1.00646	0.0415156	1.06509	0.993581	2.64562	1.05825	0.977249	0	0	0	0	0	0	0	0	
0.404	1.00671	0.0415324	1.06494	0.993338	2.64461	1.05784	0.977499	0	0	0	0	0	0	0	0	
0.405	1.0068	0.0415486	1.06479	0.993244	2.64399	1.0576	0.977709	0	0	0	0	0	0	0	0	
0.406	1.00673	0.0415641	1.06464	0.993314	2.64381	1.05752	0.977875	0	0	0	0	0	0	0	0	
0.407	1.00656	0.0415786	1.0645	0.993485	2.6439	1.05756	0.978013	0	0	0	0	0	0	0	0	
0.408	1.00639	0.041592	1.06436	0.99365	2.64399	1.0576	0.978151	0	0	0	0	0	0	0	0	
0.409	1.00634	0.0416037	1.06422	0.993703	2.64379	1.05751	0.978318	0	0	0	0	0	0	0	0	
0.41	1.00646	0.0416135	1.06408	0.993581	2.64313	1.05725	0.97853	0	0	0	0	0	0	0	0	
0.411	1.00676	0.0416207	1.06395	0.993285	2.64201	1.0568	0.978785	0	0	0	0	0	0	0	0	
0.412	1.00716	0.0416253	1.06382	0.992886	2.64063	1.05625	0.979067	0	0	0	0	0	0	0	0	
0.413	1.00755	0.0416272	1.06369	0.992507	2.63931	1.05572	0.979343	0	0	0	0	0	0	0	0	
0.414	1.00779	0.041627	1.06357	0.992269	2.63837	1.05535	0.979583	0	0	0	0	0	0	0	0	
0.415	1.00783	0.0416251	1.06345	0.992231	2.63797	1.05519	0.979772	0	0	0	0	0	0	0	0	
0.416	1.00771	0.0416223	1.06333	0.992344	2.63798	1.05519	0.979924	0	0	0	0	0	0	0	0	
0.417	1.00759	0.0416193	1.06322	0.992471	2.63803	1.05521	0.980071	0	0	0	0	0	0	0	0	
0.418	1.00758	0.0416162	1.0631	0.992473	2.63775	1.0551	0.980247	0	0	0	0	0	0	0	0	
0.419	1.00776	0.0416133	1.06299	0.992303	2.63701	1.0548	0.980464	0	0	0	0	0	0	0	0	
0.42	1.00802	0.0416105	1.06287	0.992041	2.63602	1.05441	0.980704	0	0	0	0	0	0	0	0	
0.421	1.00824	0.0416082	1.06275	0.991827	2.63517	1.05407	0.980934	0	0	0	0	0	0	0	0	
0.422	1.00831	0.0416065	1.06264	0.991755	2.63469	1.05387	0.98113	0	0	0	0	0	0	0	0	
0.423	1.00825	0.0416055	1.06252	0.991818	2.63456	1.05382	0.981295	0	0	0	0	0	0	0	0	
0.424	1.00814	0.0416053	1.0624	0.991924	2.63455	1.05382	0.98145	0	0	0	0	0	0	0	0	
0.425	1.0081	0.0416054	1.06228	0.991965	2.63437	1.05375	0.981619	0	0	0	0	0	0	0	0	
0.426	1.0082	0.0416054	1.06217	0.99187	2.63383	1.05353	0.981818	0	0	0	0	0	0	0	0	
0.427	1.00845	0.0416046	1.06205	0.991624	2.63289	1.05316	0.98205	0	0	0	0	0	0	0	0	
0.428	1.00883	0.0416026	1.06194	0.991252	2.63162	1.05265	0.98231	0	0	0	0	0	0	0	0	
0.429	1.00928	0.041599	1.06183	0.990809	2.63017	1.05207	0.982584	0	0	0	0	0	0	0	0	
0.43	1.00971	0.0415938	1.06172	0.990383	2.62876	1.05151	0.982853	0	0	0	0	0	0	0	0	
0.431	1.01002	0.0415873	1.06161	0.990083	2.6277	1.05108	0.983095	0	0	0	0	0	0	0	0	
0.432	1.0101	0.0415803	1.0615	0.989998	2.62721	1.05088	0.983291	0	0	0	0	0	0	0	0	
0.433	1.00996	0.0415738	1.06139	0.990139	2.62732	1.05093	0.98344	0	0	0	0	0	0	0	0	
0.434	1.00967	0.0415689	1.06129	0.990422	2.6278	1.05112	0.983559	0	0	0	0	0	0	0	0	
0.435	1.00938	0.0415665	1.06118	0.990706	2.62829	1.05131	0.983678	0	0	0	0	0	0	0	0	
0.436	1.00921	0.0415674	1.06106	0.990869	2.62844	1.05137	0.983822	0	0	0	0	0	0	0	0	
0.437	1.00923	0.0415721	1.06094	0.990853	2.6281	1.05124	0.984004	0	0	0	0	0	0	0	0	
0.438	1.00942	0.0415807	1.06082	0.99067	2.62731	1.05092	0.984219	0	0	0	0	0	0	0	0	
0.439	1.0097	0.0415934	1.06069	0.99039	2.62625	1.0505	0.984455	0	0	0	0	0	0	0	0	
0.44	1.00998	0.0416098	1.06056	0.990118	2.62519	1.05008	0.984691	0	0	0	0	0	0	0	0	
0.441	1.01018	0.0416297	1.06042	0.989922	2.62432	1.04973	0.984912	0	0	0	0	0	0	0	0	
0.442	1.0103	0.0416525	1.06027	0.989801	2.62365	1.04946	0.985118	0	0	0	0	0	0	0	0	
0.443	1.0104	0.0416772	1.06012	0.989708	2.62303	1.04921	0.985319	0	0	0	0	0	0	0	0	
0.444	1.0105	0.0417029	1.05998	0.989607	2.6224	1.04896	0.985521	0	0	0	0	0	0	0	0	
0.445	1.01062	0.0417284	1.05983	0.98949	2.62173	1.04869	0.985725	0	0	0	0	0	0	0	0	
0.446	1.01075	0.0417527	1.05968	0.989363	2.62103	1.04841	0.985931	0	0	0	0	0	0	0	0	
0.447	1.0109	0.041775	1.05954	0.989222	2.62031	1.04812	0.986138	0	0	0	0	0	0	0	0	
0.448	1.01106	0.0417949	1.0594	0.989057	2.61952	1.04781	0.986348	0	0	0	0	0	0	0	0	
0.449	1.01127	0.041812	1.05927	0.988857	2.61866	1.04747	0.986563	0	0	0	0	0	0	0	0	
0.45	1.01151	0.0418263	1.05914	0.988618	2.61771	1.04708	0.986783	0	0	0	0	0	0	0	0	
0.451	1.0118	0.0418381	1.05901	0.98834	2.61666	1.04666	0.987009	0	0	0	0	0	0	0	0	
0.452	1.0121	0.0418475	1.05889	0.988042	2.61556	1.04622	0.987237	0	0	0	0	0	0	0	0	
0.453	1.01236	0.041855	1.05877	0.987789	2.61459	1.04584	0.987457	0	0	0	0	0	0	0	0	
0.454	1.01249	0.0418611	1.05865	0.987668	2.61398	1.04559	0.987655	0	0	0	0	0	0	0	0	
0.455	1.01241	0.0418663	1.05853	0.987742	2.61388	1.04555	0.987822	0	0	0	0	0	0	0	0	
0.456	1.01213	0.0418709	1.05841	0.988011	2.61431	1.04573	0.987958	0	0	0	0	0	0	0	0	
0.457	1.01174	0.0418752	1.0583	0.988395	2.61505	1.04602	0.988078	0	0	0	0	0	0	0	0	
0.458	1.01138	0.041879	1.05819	0.988751	2.61572	1.04629	0.988202	0	0	0	0	0	0	0	0	
0.459	1.01117	0.0418821	1.05808	0.98895	2.61597	1.04639	0.98835	0	0	0	0	0	0	0	0	
0.46	1.01118	0.041884	1.05797	0.988939	2.61568	1.04627	0.98853	0	0	0	0	0	0	0	0	
0.461	1.01138	0.0418844	1.05787	0.988751	2.61492	1.04597	0.988737	0	0	0	0	0	0	0	0	
0.462	1.01167	0.0418833	1.05777	0.988461	2.6139	1.04556	0.988958	0	0	0	0	0	0	0	0	
0.463	1.012	0.0418808	1.05766	0.988145	2.61282	1.04513	0.989183	0	0	0	0	0	0	0	0	
0.464	1.01231	0.0418775	1.05756	0.987843	2.61177	1.04471	0.989404	0	0	0	0	0	0	0	0	
0.465	1.01265	0.0418738	1.05746	0.987507	2.61063	1.04425	0.989629	0	0	0	0	0	0	0	0	
0.466	1.0131	0.0418703	1.05736	0.987067	2.60922	1.04369	0.989865	0	0	0	0	0	0	0	0	
0.467	1.01359	0.0418673	1.05726	0.98659	2.60771	1.04308	0.990105	0	0	0	0	0	0	0	0	
0.468	1.01394	0.0418654	1.05716	0.986255	2.60657	1.04263	0.990327	0	0	0	0	0	0	0	0	
0.469	1.01396	0.041865	1.05705	0.986227	2.60623	1.04249	0.990509	0	0	0	0	0	0	0	0	
0.47	1.01361	0.0418666	1.05694	0.986571	2.60688	1.04275	0.990646	0	0	0	0	0	0	0	0	
0.471	1.01305	0.0418704	1.05684	0.987119	2.60806	1.04322	0.990757	0	0	0	0	0	0	0	0	
0.472	1.01263	0.041876	1.05672	0.987527	2.60886	1.04354	0.990886	0	0	0	0	0	0	0	0	
0.473	1.01259	0.0418826	1.05661	0.987563	2.60868	1.04347	0.99106	0	0	0	0	0	0	0	0	
0.474	1.0129	0.0418891	1.0565	0.987264	2.60762	1.04305	0.991273	0	0	0	0	0	0	0	0	
0.475	1.01343	0.0418947	1.05639	0.986753	2.60599	1.0424	0.991511	0	0	0	0	0	0	0	0	
0.476	1.0141	0.0418991	1.05628	0.986092	2.60398	1.04159	0.991764	0	0	0	0	0	0	0	0	
0.477	1.01477	0.0419019	1.05617	0.985445	2.602	1.0408	0.992013	0	0	0	0	0	0	0	0	
0.478	1.01516	0.0419034	1.05606	0.985065	2.60073	1.04029	0.992232	0	0	0	0	0	0	0	0	
0.479	1.01516	0.0419037	1.05596	0.985068	2.60048	1.04019	0.99241	0	0	0	0	0	0	0	0	
0.48	1.01477	0.041903	1.05586	0.985445	2.60122	1.04049	0.992551	0	0	0	0	0	0	0	0	
0.481	1.01414	0.0419009	1.05576	0.986057	2.60259	1.04104	0.992669	0	0	0	0	0	0	0	0	
0.482	1.01358	0.0418965	1.05566	0.986604	2.60381	1.04152	0.992794	0	0	0	0	0	0	0	0	
0.483	1.01336	0.0418891	1.05558	0.986817	2.60415	1.04166	0.992952	0	0	0	0	0	0	0	0	
0.484	1.01352	0.0418783	1.05549	0.986659	2.60353	1.04141	0.993145	0	0	0	0	0	0	0	0	
0.485	1.01362	0.0418657	1.05541	0.986567	2.60308	1.04123	0.993334	0	0	0	0	0	0	0	0	
0.486	1.01391	0.0418542	1.05533	0.986284	2.60214	1.04085	0.993539	0	0	0	0	0	0	0	0	
0.487	1.01467	0.0418471	1.05524	0.985544	2.59996	1.03998	0.99378	0	0	0	0	0	0	0	0	
0.488	1.01552	0.041848	1.05514	0.984721	2.59754	1.03901	0.994028	0	0	0	0	0	0	0	0	
0.489	1.01601	0.0418596	1.05502	0.98424	2.59597	1.03839	0.994247	0	0	0	0	0	0	0	0	
0.49	1.01604	0.0418832	1.05488	0.984217	2.59558	1.03823	0.99443	0	0	0	0	0	0	0	0	
0.491	1.01594	0.0419173	1.05473	0.984309	2.59545	1.03818	0.994603	0	0	0	0	0	0	0	0	
0.492	1.01591	0.041958	1.05457	0.984341	2.59514	1.03805	0.99478	0	0	0	0	0	0	0	0	
0.493	1.01581	0.0420006	1.05441	0.984432	2.59498	1.03799	0.994956	0	0	0	0	0	0	0	0	
0.494	1.01566	0.0420404	1.05425	0.984586	2.595	1.038	0.995128	0	0	0	0	0	0	0	0	
0.495	1.01518	0.0420739	1.0541	0.985042	2.59584	1.03833	0.995282	0	0	0	0	0	0	0	0	
0.496	1.01452	0.0420996	1.05397	0.985691	2.59721	1.03889	0.995424	0	0	0	0	0	0	0	0	
0.497	1.01434	0.0421184	1.05384	0.98586	2.59736	1.03894	0.995595	0	0	0	0	0	0	0	0	
0.498	1.01474	0.0421325	1.05373	0.985478	2.59606	1.03842	0.995799	0	0	0	0	0	0	0	0	
0.499	1.01525	0.0421478	1.05361	0.984982	2.59446	1.03778	0.99601	0	0	0	0	0	0	0	0	
0.5	1.01561	0.0421752	1.05347	0.984632	2.5932	1.03728	0.996212	0	0	0	0	0	0	0	0	
0.501	1.01579	0.0422235	1.0533	0.984458	2.59233	1.03693	0.996404	0	0	0	0	0	0	0	0	
0.502	1.01618	0.0422847	1.05312	0.984079	2.59087	1.03635	0.996604	0	0	0	0	0	0	0	0	
0.503	1.0165	0.0423373	1.05294	0.983765	2.58961	1.03585	0.996801	0	0	0	0	0	0	0	0	
0.504	1.01654	0.0423741	1.05279	0.98373	2.58915	1.03566	0.996983	0	0	0	0	0	0	0	0	
0.505	1.01649	0.0423993	1.05265	0.983782	2.58896	1.03558	0.997161	0	0	0	0	0	0	0	0	
0.506	1.01704	0.0423826	1.05258	0.983243	2.58735	1.03494	0.997359	0	0	0	0	0	0	0	0	
0.507	1.0174	0.0422867	1.05262	0.982897	2.58654	1.03462	0.997546	0	0	0	0	0	0	0	0	
0.508	1.01729	0.042192	1.05266	0.983	2.58691	1.03476	0.997719	0	0	0	0	0	0	0	0	
0.509	1.01699	0.0422317	1.0525	0.983293	2.5873	1.03492	0.99789	0	0	0	0	0	0	0	0	
0.51	1.01674	0.042249	1.05238	0.983535	2.58764	1.03506	0.998066	0	0	0	0	0	0	0	0	
0.511	1.01568	0.0419771	1.05268	0.984559	2.59107	1.03643	0.998218	0	0	0	0	0	0	0	0	
0.512	1.01548	0.0418166	1.05282	0.984757	2.59194	1.03678	0.998394	0	0	0	0	0	0	0	0	
0.513	1.01562	0.0424129	1.05187	0.98462	2.58923	1.03569	0.998593	0	0	0	0	0	0	0	0	
0.514	1.0159	0.0428604	1.05113	0.984353	2.5867	1.03468	0.998791	0	0	0	0	0	0	0	0	
0.515	1.0179	0.041294	1.05331	0.982411	2.58695	1.03478	0.99898	0	0	0	0	0	0	0	0	
0.516	1.0171	0.0404799	1.05439	0.983192	2.59168	1.03667	0.999143	0	0	0	0	0	0	0	0	
0.517	1.01576	0.0440903	1.04901	0.984486	2.58184	1.03273	0.999348	0	0	0	0	0	0	0	0	
0.518	1.01357	0.045799	1.0453	0.986611	2.57827	1.03131	0.999532	0	0	0	0	0	0	0	0	
0.519	1.01725	0.031762	1.05079	0.983039	2.58242	1.03297	0.99971	0	0	0	0	0	0	0	0	
0.52	0.978123	-0.0402961	0.993303	1.02237	2.5388	1.01552	0.999874	0	0	0	0	0	0	0	0	
0.521	0.846225	-0.137351	0.801318	1.18172	2.36733	0.946933	0.999973	0	0	0	0	0	0	0	0	
0.522	0.448922	-0.719257	0.351794	2.22756	1.95911	0.783642	1	0	0	0	0	0	0	0	0	
0.523	0.259259	-1.35769	0.0967742	3.85715	0.933181	0.373272	1	0	0	0	0	0	0	0	0	
0.524	0.259259	-1.35769	0.0967742	3.85715	0.933181	0.373272	1	0	0	0	0	0	0	0	0	
0.525	0.259259	-1.35769	0.0967742	3.85715	0.933181	0.373272	1	0	0	0	0	0	0	0	0	
0.526	0.259259	-1.35769	0.0967742	3.85715	0.933181	0.373272	1	0	0	0	0	0	0	0	0	
0.527	0.259259	-1.35769	0.0967742	3.85715	0.933181	0.373272	1	0	0	0	0	0	0	0	0	
0.528	0.259259	-1.35769	0.0967742	3.85715	0.933181	0.373272	1	0	0	0	0	0	0	0	0	
0.529	0.259259	-1.35769	0.0967742	3.85715	0.933181	0.373272	1	0	0	0	0	0	0	0	0	
0.53	0.259259	-1.35769	0.0967742	3.85715	0.933181	0.373272	1	0	0	0	0	0	0	0	0	
0.531	0.259259	-1.35769	0.0967742	3.85715	0.933181	0.373272	1	0	0	0	0	0	0	0	0	
0.532	0.259259	-1.35769	0.0967742	3.85715	0.933181	0.373272	1	0	0	0	0	0	0	0	0	
0.533	0.259259	-1.35769	0.0967742	3.85715	0.933181	0.373272	1	0	0	0	0	0	0	0	0	
0.534	0.259259	-1.35769	0.0967742	3.85715	0.933181	0.373272	1	0	0	0	0	0	0	0	0	
0.535	0.259259	-1.35769	0.0967742	3.85715	0.933181	0.373272	1	0	0	0	0	0	0	0	0	
0.536	0.259259	-1.35769	0.0967742	3.85715	0.933181	0.373272	1	0	0	0	0	0	0	0	0	
0.537	0.259259	-1.35769	0.0967742	3.85715	0.933181	0.373272	1	0	0	0	0	0	0	0	0	
0.538	0.259259	-1.35769	0.0967742	3.85715	0.933181	0.373272	1	0	0	0	0	0	0	0	0	
0.539	0.259259	-1.35769	0.0967742	3.85715	0.933181	0.373272	1	0	0	0	0	0	0	0	0	
0.54	0.259259	-1.35769	0.0967742	3.85715	0.933181	0.373272	1	0	0	0	0	0	0	0	0	
0.541	0.259259	-1.35769	0.0967742	3.85715	0.933181	0.373272	1	0	0	0	0	0	0	0	0	
0.542	0.259259	-1.35769	0.0967742	3.85715	0.933181	0.373272	1	0	0	0	0	0	0	0	0	
0.543	0.259259	-1.35769	0.0967742	3.85715	0.933181	0.373272	1	0	0	0	0	0	0	0	0	
0.544	0.259259	-1.35769	0.0967742	3.85715	0.933181	0.373272	1	0	0	0	0	0	0	0	0	
0.545	0.259259	-1.35769	0.0967742	3.85715	0.933181	0.373272	1	0	0	0	0	0	0	0	0	
0.546	0.259259	-1.35769	0.0967742	3.85715	0.933181	0.373272	1	0	0	0	0	0	0	0	0	
0.547	0.259259	-1.35769	0.0967742	3.85715	0.933181	0.373272	1	0	0	0	0	0	0	0	0	
0.548	0.259259	-1.35769	0.0967742	3.85715	0.933181	0.373272	1	0	0	0	0	0	0	0	0	
0.549	0.259259	-1.35769	0.0967742	3.85715	0.933181	0.373272	1	0	0	0	0	0	0	0	0	
0.55	0.259259	-1.35769	0.0967742	3.85715	0.933181	0.373272	1	0	0	0	0	0	0	0	0	
0.551	0.259259	-1.35769	0.0967742	3.85715	0.933181	0.373272	1	0	0	0	0	0	0	0	0	
0.552	0.259259	-1.35769	0.0967742	3.85715	0.933181	0.373272	1	0	0	0	0	0	0	0	0	
0.553	0.259259	-1.35769	0.0967742	3.85715	0.933181	0.373272	1	0	0	0	0	0	0	0	0	
0.554	0.259259	-1.35769	0.0967742	3.85715	0.933181	0.373272	1	0	0	0	0	0	0	0	0	
0.555	0.259259	-1.35769	0.0967742	3.85715	0.933181	0.373272	1	0	0	0	0	0	0	0	0	
0.556	0.259259	-1.35769	0.0967742	3.85715	0.933181	0.373272	1	0	0	0	0	0	0	0	0	
0.557	0.259259	-1.35769	0.0967742	3.85715	0.933181	0.373272	1	0	0	0	0	0	0	0	0	
0.558	0.259259	-1.35769	0.0967742	3.85715	0.933181	0.373272	1	0	0	0	0	0	0	0	0	
0.559	0.259259	-1.35769	0.0967742	3.85715	0.933181	0.373272	1	0	0	0	0	0	0	0	0	
0.56	0.259259	-1.35769	0.0967742	3.85715	0.933181	0.373272	1	0	0	0	0	0	0	0	0	
0.561	0.259259	-1.35769	0.0967742	3.85715	0.933181	0.373272	1	0	0	0	0	0	0	0	0	
0.562	0.259259	-1.35769	0.0967742	3.85715	0.933181	0.373272	1	0	0	0	0	0	0	0	0	
0.563	0.259259	-1.35769	0.0967742	3.85715	0.933181	0.373272	1	0	0	0	0	0	0	0	0	
0.564	0.259259	-1.35769	0.0967742	3.85715	0.933181	0.373272	1	0	0	0	0	0	0	0	0	
0.565	0.259259	-1.35769	0.0967742	3.85715	0.933181	0.373272	1	0	0	0	0	0	0	0	0	
0.566	0.259259	-1.35769	0.0967742	3.85715	0.933181	0.373272	1	0	0	0	0	0	0	0	0	
0.567	0.259259	-1.35769	0.0967742	3.85715	0.933181	0.373272	1	0	0	0	0	0	0	0	0	
0.568	0.259259	-1.35769	0.0967742	3.85715	0.933181	0.373272	1	0	0	0	0	0	0	0	0	
0.569	0.259259	-1.35769	0.0967742	3.85715	0.933181	0.373272	1	0	0	0	0	0	0	0	0	
0.57	0.259259	-1.35769	0.0967742	3.85715	0.933181	0.373272	1	0	0	0	0	0	0	0	0	
0.571	0.259259	-1.35769	0.0967742	3.85715	0.933181	0.373272	1	0	0	0	0	0	0	0	0	
0.572	0.259259	-1.35769	0.0967742	3.85715	0.933181	0.373272	1	0	0	0	0	0	0	0	0	
0.573	0.259259	-1.35769	0.0967742	3.85715	0.933181	0.373272	1	0	0	0	0	0	0	0	0	
0.574	0.259259	-1.35769	0.0967742	3.85715	0.933181	0.373272	1	0	0	0	0	0	0	0	0	
0.575	0.259259	-1.35769	0.0967742	3.85715	0.933181	0.373272	1	0	0	0	0	0	0	0	0	
0.576	0.259259	-1.35769	0.0967742	3.85715	0.933181	0.373272	1	0	0	0	0	0	0	0	0	
0.577	0.259259	-1.35769	0.0967742	3.85715	0.933181	0.373272	1	0	0	0	0	0	0	0	0	
0.578	0.259259	-1.35769	0.0967742	3.85715	0.933181	0.373272	1	0	0	0	0	0	0	0	0	
0.579	0.259259	-1.35769	0.0967742	3.85715	0.933181	0.373272	1	0	0	0	0	0	0	0	0	
0.58	0.259259	-1.35769	0.0967742	3.85715	0.933181	0.373272	1	0	0	0	0	0	0	0	0	
0.581	0.259259	-1.35769	0.0967742	3.85715	0.933181	0.373272	1	0	0	0	0	0	0	0	0	
0.582	0.259259	-1.35769	0.0967742	3.85715	0.933181	0.373272	1	0	0	0	0	0	0	0	0	
0.583	0.259259	-1.35769	0.0967742	3.85715	0.933181	0.373272	1	0	0	0	0	0	0	0	0	
0.584	0.259259	-1.35769	0.0967742	3.85715	0.933181	0.373272	1	0	0	0	0	0	0	0	0	
0.585	0.259259	-1.35769	0.0967742	3.85715	0.933181	0.373272	1	0	0	0	0	0	0	0	0	
0.586	0.259259	-1.35769	0.0967742	3.85715	0.933181	0.373272	1	0	0	0	0	0	0	0	0	
0.587	0.259259	-1.35769	0.0967742	3.85715	0.933181	0.373272	1	0	0	0	0	0	0	0	0	
0.588	0.259259	-1.35769	0.0967742	3.85715	0.933181	0.373272	1	0	0	0	0	0	0	0	0	
0.589	0.259259	-1.35769	0.0967742	3.85715	0.933181	0.373272	1	0	0	0	0	0	0	0	0	
0.59	0.259259	-1.35769	0.0967742	3.85715	0.933181	0.373272	1	0	0	0	0	0	0	0	0	
0.591	0.259259	-1.35769	0.0967742	3.85715	0.933181	0.373272	1	0	0	0	0	0	0	0	0	
0.592	0.259259	-1.35769	0.0967742	3.85715	0.933181	0.373272	1	0	0	0	0	0	0	0	0	
0.593	0.259259	-1.35769	0.0967742	3.85715	0.933181	0.373272	1	0	0	0	0	0	0	0	0	
0.594	0.259259	-1.35769	0.0967742	3.85715	0.933181	0.373272	1	0	0	0	0	0	0	0	0	
0.595	0.259259	-1.35769	0.0967742	3.85715	0.933181	0.373272	1	0	0	0	0	0	0	0	0	
0.596	0.259259	-1.35769	0.0967742	3.85715	0.933181	0.373272	1	0	0	0	0	0	0	0	0	
0.597	0.259259	-1.35769	0.0967742	3.85715	0.933181	0.373272	1	0	0	0	0	0	0	0	0	
0.598	0.259259	-1.35769	0.0967742	3.85715	0.933181	0.373272	1	0	0	0	0	0	0	0	0	
0.599	0.259259	-1.35769	0.0967742	3.85715	0.933181	0.373272	1	0	0	0	0	0	0	0	0	
0.6	0.259259	-1.35769	0.0967742	3.85715	0.933181	0.373272	1	0	0	0	0	0	0	0	0	
0.601	0.259259	-1.35769	0.0967742	3.85715	0.933181	0.373272	1	0	0	0	0	0	0	0	0	
0.602	0.259259	-1.35769	0.0967742	3.85715	0.933181	0.373272	1	0	0	0	0	0	0	0	0	
0.603	0.259259	-1.35769	0.0967742	3.85715	0.933181	0.373272	1	0	0	0	0	0	0	0	0	
0.604	0.259259	-1.35769	0.0967742	3.85715	0.933181	0.373272	1	0	0	0	0	0	0	0	0	
0.605	0.259259	-1.35769	0.0967742	3.85715	0.933181	0.373272	1	0	0	0	0	0	0	0	0	
0.606	0.259259	-1.35769	0.0967742	3.85715	0.933181	0.373272	1	0	0	0	0	0	0	0	0	
0.607	0.259259	-1.35769	0.0967742	3.85715	0.933181	0.373272	1	0	0	0	0	0	0	0	0	
0.608	0.259259	-1.35769	0.0967742	3.85715	0.933181	0.373272	1	0	0	0	0	0	0	0	0	
0.609	0.259259	-1.35769	0.0967742	3.85715	0.933181	0.373272	1	0	0	0	0	0	0	0	0	
0.61	0.259259	-1.35769	0.0967742	3.85715	0.933181	0.373272	1	0	0	0	0	0	0	0	0	
0.611	0.259259	-1.35769	0.0967742	3.85715	0.933181	0.373272	1	0	0	0	0	0	0	0	0	
0.612	0.259259	-1.35769	0.0967742	3.85715	0.933181	0.373272	1	0	0	0	0	0	0	0	0	
0.613	0.259259	-1.35769	0.0967742	3.85715	0.933181	0.373272	1	0	0	0	0	0	0	0	0	
0.614	0.259259	-1.35769	0.0967742	3.85715	0.933181	0.373272	1	0	0	0	0	0	0	0	0	
0.615	0.259259	-1.35769	0.0967742	3.85715	0.933181	0.373272	1	0	0	0	0	0	0	0	0	
0.616	0.259259	-1.35769	0.0967742	3.85715	0.933181	0.373272	1	0	0	0	0	0	0	0	0	
0.617	0.259259	-1.35769	0.0967742	3.85715	0.933181	0.373272	1	0	0	0	0	0	0	0	0	
0.618	0.259259	-1.35769	0.0967742	3.85715	0.933181	0.373272	1	0	0	0	0	0	0	0	0	
0.619	0.259259	-1.35769	0.0967742	3.85715	0.933181	0.373272	1	0	0	0	0	0	0	0	0	
0.62	0.259259	-1.35769	0.0967742	3.85715	0.933181	0.373272	1	0	0	0	0	0	0	0	0	
0.621	0.259259	-1.35769	0.0967742	3.85715	0.933181	0.373272	1	0	0	0	0	0	0	0	0	
0.622	0.259259	-1.35769	0.0967742	3.85715	0.933181	0.373272	1	0	0	0	0	0	0	0	0	
0.623	0.259259	-1.35769	0.0967742	3.85715	0.933181	0.373272	1	0	0	0	0	0	0	0	0	
0.624	0.259259	-1.35769	0.0967742	3.85715	0.933181	0.373272	1	0	0	0	0	0	0	0	0	
0.625	0.259259	-1.35769	0.0967742	3.85715	0.933181	0.373272	1	0	0	0	0	0	0	0	0	
0.626	0.259259	-1.35769	0.0967742	3.85715	0.933181	0.373272	1	0	0	0	0	0	0	0	0	
0.627	0.259259	-1.35769	0.0967742	3.85715	0.933181	0.373272	1	0	0	0	0	0	0	0	0	
0.628	0.259259	-1.35769	0.0967742	3.85715	0.933181	0.373272	1	0	0	0	0	0	0	0	0	
0.629	0.259259	-1.35769	0.0967742	3.85715	0.933181	0.373272	1	0	0	0	0	0	0	0	0	
0.63	0.259259	-1.35769	0.0967742	3.85715	0.933181	0.373272	1	0	0	0	0	0	0	0	0	
0.631	0.259259	-1.35769	0.0967742	3.85715	0.933181	0.373272	1	0	0	0	0	0	0	0	0	
0.632	0.259259	-1.35769	0.0967742	3.85715	0.933181	0.373272	1	0	0	0	0	0	0	0	0	
0.633	0.259259	-1.35769	0.0967742	3.85715	0.933181	0.373272	1	0	0	0	0	0	0	0	0	
0.634	0.259259	-1.35769	0.0967742	3.85715	0.933181	0.373272	1	0	0	0	0	0	0	0	0	
0.635	0.259259	-1.35769	0.0967742	3.85715	0.933181	0.373272	1	0	0	0	0	0	0	0	0	
0.636	0.259259	-1.35769	0.0967742	3.85715	0.933181	0.373272	1	0	0	0	0	0	0	0	0	
0.637	0.259259	-1.35769	0.0967742	3.85715	0.933181	0.373272	1	0	0	0	0	0	0	0	0	
0.638	0.259259	-1.35769	0.0967742	3.85715	0.933181	0.373272	1	0	0	0	0	0	0	0	0	
0.639	0.259259	-1.35769	0.0967742	3.85715	0.933181	0.373272	1	0	0	0	0	0	0	0	0	
0.64	0.259259	-1.35769	0.0967742	3.85715	0.933181	0.373272	1	0	0	0	0	0	0	0	0	
0.641	0.259259	-1.35769	0.0967742	3.85715	0.933181	0.373272	1	0	0	0	0	0	0	0	0	
0.642	0.259259	-1.35769	0.0967742	3.85715	0.933181	0.373272	1	0	0	0	0	0	0	0	0	
0.643	0.259259	-1.35769	0.0967742	3.85715	0.933181	0.373272	1	0	0	0	0	0	0	0	0	
0.644	0.259259	-1.35769	0.0967742	3.85715	0.933181	0.373272	1	0	0	0	0	0	0	0	0	
0.645	0.259259	-1.35769	0.0967742	3.85715	0.933181	0.373272	1	0	0	0	0	0	0	0	0	
0.646	0.259259	-1.35769	0.0967742	3.85715	0.933181	0.373272	1	0	0	0	0	0	0	0	0	
0.647	0.259259	-1.35769	0.0967742	3.85715	0.933181	0.373272	1	0	0	0	0	0	0	0	0	
0.648	0.259259	-1.35769	0.0967742	3.85715	0.933181	0.373272	1	0	0	0	0	0	0	0	0	
0.649	0.259259	-1.35769	0.0967742	3.85715	0.933181	0.373272	1	0	0	0	0	0	0	0	0	
0.65	0.259259	-1.35769	0.0967742	3.85715	0.933181	0.373272	1	0	0	0	0	0	0	0	0	
0.651	0.259259	-1.35769	0.0967742	3.85715	0.933181	0.373272	1	0	0	0	0	0	0	0	0	
0.652	0.259259	-1.35769	0.0967742	3.85715	0.933181	0.373272	1	0	0	0	0	0	0	0	0	
0.653	0.259259	-1.35769	0.0967742	3.85715	0.933181	0.373272	1	0	0	0	0	0	0	0	0	
0.654	0.259259	-1.35769	0.0967742	3.85715	0.933181	0.373272	1	0	0	0	0	0	0	0	0	
0.655	0.259259	-1.35769	0.0967742	3.85715	0.933181	0.373272	1	0	0	0	0	0	0	0	0	
0.656	0.259259	-1.35769	0.0967742	3.85715	0.933181	0.373272	1	0	0	0	0	0	0	0	0	
0.657	0.259259	-1.35769	0.0967742	3.85715	0.933181	0.373272	1	0	0	0	0	0	0	0	0	
0.658	0.259259	-1.35769	0.0967742	3.85715	0.933181	0.373272	1	0	0	0	0	0	0	0	0	
0.659	0.259259	-1.35769	0.0967742	3.85715	0.933181	0.373272	1	0	0	0	0	0	0	0	0	
0.66	0.259259	-1.35769	0.0967742	3.85715	0.933181	0.373272	1	0	0	0	0	0	0	0	0	
0.661	0.259259	-1.35769	0.0967742	3.85715	0.933181	0.373272	1	0	0	0	0	0	0	0	0	
0.662	0.259259	-1.35769	0.0967742	3.85715	0.933181	0.373272	1	0	0	0	0	0	0	0	0	
0.663	0.259259	-1.35769	0.0967742	3.85715	0.933181	0.373272	1	0	0	0	0	0	0	0	0	
0.664	0.259259	-1.35769	0.0967742	3.85715	0.933181	0.373272	1	0	0	0	0	0	0	0	0	
0.665	0.259259	-1.35769	0.0967742	3.85715	0.933181	0.373272	1	0	0	0	0	0	0	0	0	
0.666	0.259259	-1.35769	0.0967742	3.85715	0.933181	0.373272	1	0	0	0	0	0	0	0	0	
0.667	0.259259	-1.35769	0.0967742	3.85715	0.933181	0.373272	1	0	0	0	0	0	0	0	0	
0.668	0.259259	-1.35769	0.0967742	3.85715	0.933181	0.373272	1	0	0	0	0	0	0	0	0	
0.669	0.259259	-1.35769	0.0967742	3.85715	0.933181	0.373272	1	0	0	0	0	0	0	0	0	
0.67	0.259259	-1.35769	0.0967742	3.85715	0.933181	0.373272	1	0	0	0	0	0	0	0	0	
0.671	0.259259	-1.35769	0.0967742	3.85715	0.933181	0.373272	1	0	0	0	0	0	0	0	0	
0.672	0.259259	-1.35769	0.0967742	3.85715	0.933181	0.373272	1	0	0	0	0	0	0	0	0	
0.673	0.259259	-1.35769	0.0967742	3.85715	0.933181	0.373272	1	0	0	0	0	0	0	0	0	
0.674	0.259259	-1.35769	0.0967742	3.85715	0.933181	0.373272	1	0	0	0	0	0	0	0	0	
0.675	0.259259	-1.35769	0.0967742	3.85715	0.933181	0.373272	1	0	0	0	0	0	0	0	0	
0.676	0.259259	-1.35769	0.0967742	3.85715	0.933181	0.373272	1	0	0	0	0	0	0	0	0	
0.677	0.259259	-1.35769	0.0967742	3.85715	0.933181	0.373272	1	0	0	0	0	0	0	0	0	
0.678	0.259259	-1.35769	0.0967742	3.85715	0.933181	0.373272	1	0	0	0	0	0	0	0	0	
0.679	0.259259	-1.35769	0.0967742	3.85715	0.933181	0.373272	1	0	0	0	0	0	0	0	0	
0.68	0.259259	-1.35769	0.0967742	3.85715	0.933181	0.373272	1	0	0	0	0	0	0	0	0	
0.681	0.259259	-1.35769	0.0967742	3.85715	0.933181	0.373272	1	0	0	0	0	0	0	0	0	
0.682	0.259259	-1.35769	0.0967742	3.85715	0.933181	0.373272	1	0	0	0	0	0	0	0	0	
0.683	0.259259	-1.35769	0.0967742	3.85715	0.933181	0.373272	1	0	0	0	0	0	0	0	0	
0.684	0.259259	-1.35769	0.0967742	3.85715	0.933181	0.373272	1	0	0	0	0	0	0	0	0	
0.685	0.259259	-1.35769	0.0967742	3.85715	0.933181	0.373272	1	0	0	0	0	0	0	0	0	
0.686	0.259259	-1.35769	0.0967742	3.85715	0.933181	0.373272	1	0	0	0	0	0	0	0	0	
0.687	0.259259	-1.35769	0.0967742	3.85715	0.933181	0.373272	1	0	0	0	0	0	0	0	0	
0.688	0.259259	-1.35769	0.0967742	3.85715	0.933181	0.373272	1	0	0	0	0	0	0	0	0	
0.689	0.259259	-1.35769	0.0967742	3.85715	0.933181	0.373272	1	0	0	0	0	0	0	0	0	
0.69	0.259259	-1.35769	0.0967742	3.85715	0.933181	0.373272	1	0	0	0	0	0	0	0	0	
0.691	0.259259	-1.35769	0.0967742	3.85715	0.933181	0.373272	1	0	0	0	0	0	0	0	0	
0.692	0.259259	-1.35769	0.0967742	3.85715	0.933181	0.373272	1	0	0	0	0	0	0	0	0	
0.693	0.259259	-1.35769	0.0967742	3.85715	0.933181	0.373272	1	0	0	0	0	0	0	0	0	
0.694	0.259259	-1.35769	0.0967742	3.85715	0.933181	0.373272	1	0	0	0	0	0	0	0	0	
0.695	0.259259	-1.35769	0.0967742	3.85715	0.933181	0.373272	1	0	0	0	0	0	0	0	0	
0.696	0.259259	-1.35769	0.0967742	3.85715	0.933181	0.373272	1	0	0	0	0	0	0	0	0	
0.697	0.259259	-1.35769	0.0967742	3.85715	0.933181	0.373272	1	0	0	0	0	0	0	0	0	
0.698	0.259259	-1.35769	0.0967742	3.85715	0.933181	0.373272	1	0	0	0	0	0	0	0	0	
0.699	0.259259	-1.35769	0.0967742	3.85715	0.933181	0.373272	1	0	0	0	0	0	0	0	0	
0.7	0.259259	-1.35769	0.0967742	3.85715	0.933181	0.373272	1	0	0	0	0	0	0	0	0	
0.701	0.259259	-1.35769	0.0967742	3.85715	0.933181	0.373272	1	0	0	0	0	0	0	0	0	
0.702	0.259259	-1.35769	0.0967742	3.85715	0.933181	0.373272	1	0	0	0	0	0	0	0	0	
0.703	0.259259	-1.35769	0.0967742	3.85715	0.933181	0.373272	1	0	0	0	0	0	0	0	0	
0.704	0.259259	-1.35769	0.0967742	3.85715	0.933181	0.373272	1	0	0	0	0	0	0	0	0	
0.705	0.259259	-1.35769	0.0967742	3.85715	0.933181	0.373272	1	0	0	0	0	0	0	0	0	
0.706	0.259259	-1.35769	0.0967742	3.85715	0.933181	0.373272	1	0	0	0	0	0	0	0	0	
0.707	0.259259	-1.35769	0.0967742	3.85715	0.933181	0.373272	1	0	0	0	0	0	0	0	0	
0.708	0.259259	-1.35769	0.0967742	3.85715	0.933181	0.373272	1	0	0	0	0	0	0	0	0	
0.709	0.259259	-1.35769	0.0967742	3.85715	0.933181	0.373272	1	0	0	0	0	0	0	0	0	
0.71	0.259259	-1.35769	0.0967742	3.85715	0.933181	0.373272	1	0	0	0	0	0	0	0	0	
0.711	0.259259	-1.35769	0.0967742	3.85715	0.933181	0.373272	1	0	0	0	0	0	0	0	0	
0.712	0.259259	-1.35769	0.0967742	3.85715	0.933181	0.373272	1	0	0	0	0	0	0	0	0	
0.713	0.259259	-1.35769	0.0967742	3.85715	0.933181	0.373272	1	0	0	0	0	0	0	0	0	
0.714	0.259259	-1.35769	0.0967742	3.85715	0.933181	0.373272	1	0	0	0	0	0	0	0	0	
0.715	0.259259	-1.35769	0.0967742	3.85715	0.933181	0.373272	1	0	0	0	0	0	0	0	0	
0.716	0.259259	-1.35769	0.0967742	3.85715	0.933181	0.373272	1	0	0	0	0	0	0	0	0	
0.717	0.259259	-1.35769	0.0967742	3.85715	0.933181	0.373272	1	0	0	0	0	0	0	0	0	
0.718	0.259259	-1.35769	0.0967742	3.85715	0.933181	0.373272	1	0	0	0	0	0	0	0	0	
0.719	0.259259	-1.35769	0.0967742	3.85715	0.933181	0.373272	1	0	0	0	0	0	0	0	0	
0.72	0.259259	-1.35769	0.0967742	3.85715	0.933181	0.373272	1	0	0	0	0	0	0	0	0	
0.721	0.259259	-1.35769	0.0967742	3.85715	0.933181	0.373272	1	0	0	0	0	0	0	0	0	
0.722	0.259259	-1.35769	0.0967742	3.85715	0.933181	0.373272	1	0	0	0	0	0	0	0	0	
0.723	0.259259	-1.35769	0.0967742	3.85715	0.933181	0.373272	1	0	0	0	0	0	0	0	0	
0.724	0.259259	-1.35769	0.0967742	3.85715	0.933181	0.373272	1	0	0	0	0	0	0	0	0	
0.725	0.259259	-1.35769	0.0967742	3.85715	0.933181	0.373272	1	0	0	0	0	0	0	0	0	
0.726	0.259259	-1.35769	0.0967742	3.85715	0.933181	0.373272	1	0	0	0	0	0	0	0	0	
0.727	0.259259	-1.35769	0.0967742	3.85715	0.933181	0.373272	1	0	0	0	0	0	0	0	0	
0.728	0.259259	-1.35769	0.0967742	3.85715	0.933181	0.373272	1	0	0	0	0	0	0	0	0	
0.729	0.259259	-1.35769	0.0967742	3.85715	0.933181	0.373272	1	0	0	0	0	0	0	0	0	
0.73	0.259259	-1.35769	0.0967742	3.85715	0.933181	0.373272	1	0	0	0	0	0	0	0	0	
0.731	0.259259	-1.35769	0.0967742	3.85715	0.933181	0.373272	1	0	0	0	0	0	0	0	0	
0.732	0.259259	-1.35769	0.0967742	3.85715	0.933181	0.373272	1	0	0	0	0	0	0	0	0	
0.733	0.259259	-1.35769	0.0967742	3.85715	0.933181	0.373272	1	0	0	0	0	0	0	0	0	
0.734	0.259259	-1.35769	0.0967742	3.85715	0.933181	0.373272	1	0	0	0	0	0	0	0	0	
0.735	0.259259	-1.35769	0.0967742	3.85715	0.933181	0.373272	1	0	0	0	0	0	0	0	0	
0.736	0.259259	-1.35769	0.0967742	3.85715	0.933181	0.373272	1	0	0	0	0	0	0	0	0	
0.737	0.259259	-1.35769	0.0967742	3.85715	0.933181	0.373272	1	0	0	0	0	0	0	0	0	
0.738	0.259259	-1.35769	0.0967742	3.85715	0.933181	0.373272	1	0	0	0	0	0	0	0	0	
0.739	0.259259	-1.35769	0.0967742	3.85715	0.933181	0.373272	1	0	0	0	0	0	0	0	0	
0.74	0.259259	-1.35769	0.0967742	3.85715	0.933181	0.373272	1	0	0	0	0	0	0	0	0	
0.741	0.259259	-1.35769	0.0967742	3.85715	0.933181	0.373272	1	0	0	0	0	0	0	0	0	
0.742	0.259259	-1.35769	0.0967742	3.85715	0.933181	0.373272	1	0	0	0	0	0	0	0	0	
0.743	0.259259	-1.35769	0.0967742	3.85715	0.933181	0.373272	1	0	0	0	0	0	0	0	0	
0.744	0.259259	-1.35769	0.0967742	3.85715	0.933181	0.373272	1	0	0	0	0	0	0	0	0	
0.745	0.259259	-1.35769	0.0967742	3.85715	0.933181	0.373272	1	0	0	0	0	0	0	0	0	
0.746	0.259259	-1.35769	0.0967742	3.85715	0.933181	0.373272	1	0	0	0	0	0	0	0	0	
0.747	0.259259	-1.35769	0.0967742	3.85715	0.933181	0.373272	1	0	0	0	0	0	0	0	0	
0.748	0.259259	-1.35769	0.0967742	3.85715	0.933181	0.373272	1	0	0	0	0	0	0	0	0	
0.749	0.259259	-1.35769	0.0967742	3.85715	0.933181	0.373272	1	0	0	0	0	0	0	0	0	
0.75	0.259259	-1.35769	0.0967742	3.85715	0.933181	0.373272	1	0	0	0	0	0	0	0	0	
0.751	0.259259	-1.35769	0.0967742	3.85715	0.933181	0.373272	1	0	0	0	0	0	0	0	0	
0.752	0.259259	-1.35769	0.0967742	3.85715	0.933181	0.373272	1	0	0	0	0	0	0	0	0	
0.753	0.259259	-1.35769	0.0967742	3.85715	0.933181	0.373272	1	0	0	0	0	0	0	0	0	
0.754	0.259259	-1.35769	0.0967742	3.85715	0.933181	0.373272	1	0	0	0	0	0	0	0	0	
0.755	0.259259	-1.35769	0.0967742	3.85715	0.933181	0.373272	1	0	0	0	0	0	0	0	0	
0.756	0.259259	-1.35769	0.0967742	3.85715	0.933181	0.373272	1	0	0	0	0	0	0	0	0	
0.757	0.259259	-1.35769	0.0967742	3.85715	0.933181	0.373272	1	0	0	0	0	0	0	0	0	
0.758	0.259259	-1.35769	0.0967742	3.85715	0.933181	0.373272	1	0	0	0	0	0	0	0	0	
0.759	0.259259	-1.35769	0.0967742	3.85715	0.933181	0.373272	1	0	0	0	0	0	0	0	0	
0.76	0.259259	-1.35769	0.0967742	3.85715	0.933181	0.373272	1	0	0	0	0	0	0	0	0	
0.761	0.259259	-1.35769	0.0967742	3.85715	0.933181	0.373272	1	0	0	0	0	0	0	0	0	
0.762	0.259259	-1.35769	0.0967742	3.85715	0.933181	0.373272	1	0	0	0	0	0	0	0	0	
0.763	0.259259	-1.35769	0.0967742	3.85715	0.933181	0.373272	1	0	0	0	0	0	0	0	0	
0.764	0.259259	-1.35769	0.0967742	3.85715	0.933181	0.373272	1	0	0	0	0	0	0	0	0	
0.765	0.259259	-1.35769	0.0967742	3.85715	0.933181	0.373272	1	0	0	0	0	0	0	0	0	
0.766	0.259259	-1.35769	0.0967742	3.85715	0.933181	0.373272	1	0	0	0	0	0	0	0	0	
0.767	0.259259	-1.35769	0.0967742	3.85715	0.933181	0.373272	1	0	0	0	0	0	0	0	0	
0.768	0.259259	-1.35769	0.0967742	3.85715	0.933181	0.373272	1	0	0	0	0	0	0	0	0	
0.769	0.259259	-1.35769	0.0967742	3.85715	0.933181	0.373272	1	0	0	0	0	0	0	0	0	
0.77	0.259259	-1.35769	0.0967742	3.85715	0.933181	0.373272	1	0	0	0	0	0	0	0	0	
0.771	0.259259	-1.35769	0.0967742	3.85715	0.933181	0.373272	1	0	0	0	0	0	0	0	0	
0.772	0.259259	-1.35769	0.0967742	3.85715	0.933181	0.373272	1	0	0	0	0	0	0	0	0	
0.773	0.259259	-1.35769	0.0967742	3.85715	0.933181	0.373272	1	0	0	0	0	0	0	0	0	
0.774	0.259259	-1.35769	0.0967742	3.85715	0.933181	0.373272	1	0	0	0	0	0	0	0	0	
0.775	0.259259	-1.35769	0.0967742	3.85715	0.933181	0.373272	1	0	0	0	0	0	0	0	0	
0.776	0.259259	-1.35769	0.0967742	3.85715	0.933181	0.373272	1	0	0	0	0	0	0	0	0	
0.777	0.259259	-1.35769	0.0967742	3.85715	0.933181	0.373272	1	0	0	0	0	0	0	0	0	
0.778	0.259259	-1.35769	0.0967742	3.85715	0.933181	0.373272	1	0	0	0	0	0	0	0	0	
0.779	0.259259	-1.35769	0.0967742	3.85715	0.933181	0.373272	1	0	0	0	0	0	0	0	0	
0.78	0.259259	-1.35769	0.0967742	3.85715	0.933181	0.373272	1	0	0	0	0	0	0	0	0	
0.781	0.259259	-1.35769	0.0967742	3.85715	0.933181	0.373272	1	0	0	0	0	0	0	0	0	
0.782	0.259259	-1.35769	0.0967742	3.85715	0.933181	0.373272	1	0	0	0	0	0	0	0	0	
0.783	0.259259	-1.35769	0.0967742	3.85715	0.933181	0.373272	1	0	0	0	0	0	0	0	0	
0.784	0.259259	-1.35769	0.0967742	3.85715	0.933181	0.373272	1	0	0	0	0	0	0	0	0	
0.785	0.259259	-1.35769	0.0967742	3.85715	0.933181	0.373272	1	0	0	0	0	0	0	0	0	
0.786	0.259259	-1.35769	0.0967742	3.85715	0.933181	0.373272	1	0	0	0	0	0	0	0	0	
0.787	0.259259	-1.35769	0.0967742	3.85715	0.933181	0.373272	1	0	0	0	0	0	0	0	0	
0.788	0.259259	-1.35769	0.0967742	3.85715	0.933181	0.373272	1	0	0	0	0	0	0	0	0	
0.789	0.259259	-1.35769	0.0967742	3.85715	0.933181	0.373272	1	0	0	0	0	0	0	0	0	
0.79	0.259259	-1.35769	0.0967742	3.85715	0.933181	0.373272	1	0	0	0	0	0	0	0	0	
0.791	0.259259	-1.35769	0.0967742	3.85715	0.933181	0.373272	1	0	0	0	0	0	0	0	0	
0.792	0.259259	-1.35769	0.0967742	3.85715	0.933181	0.373272	1	0	0	0	0	0	0	0	0	
0.793	0.259259	-1.35769	0.0967742	3.85715	0.933181	0.373272	1	0	0	0	0	0	0	0	0	
0.794	0.259259	-1.35769	0.0967742	3.85715	0.933181	0.373272	1	0	0	0	0	0	0	0	0	
0.795	0.259259	-1.35769	0.0967742	3.85715	0.933181	0.373272	1	0	0	0	0	0	0	0	0	
0.796	0.259259	-1.35769	0.0967742	3.85715	0.933181	0.373272	1	0	0	0	0	0	0	0	0	
0.797	0.259259	-1.35769	0.0967742	3.85715	0.933181	0.373272	1	0	0	0	0	0	0	0	0	
0.798	0.259259	-1.35769	0.0967742	3.85715	0.933181	0.373272	1	0	0	0	0	0	0	0	0	
0.799	0.259259	-1.35769	0.0967742	3.85715	0.933181	0.373272	1	0	0	0	0	0	0	0	0	
0.8	0.259259	-1.35769	0.0967742	3.85715	0.933181	0.373272	1	0	0	0	0	0	0	0	0	
0.801	0.259259	-1.35769	0.0967742	3.85715	0.933181	0.373272	1	0	0	0	0	0	0	0	0	
0.802	0.259259	-1.35769	0.0967742	3.85715	0.933181	0.373272	1	0	0	0	0	0	0	0	0	
0.803	0.259259	-1.35769	0.0967742	3.85715	0.933181	0.373272	1	0	0	0	0	0	0	0	0	
0.804	0.259259	-1.35769	0.0967742	3.85715	0.933181	0.373272	1	0	0	0	0	0	0	0	0	
0.805	0.259259	-1.35769	0.0967742	3.85715	0.933181	0.373272	1	0	0	0	0	0	0	0	0	
0.806	0.259259	-1.35769	0.0967742	3.85715	0.933181	0.373272	1	0	0	0	0	0	0	0	0	
0.807	0.259259	-1.35769	0.0967742	3.85715	0.933181	0.373272	1	0	0	0	0	0	0	0	0	
0.808	0.259259	-1.35769	0.0967742	3.85715	0.933181	0.373272	1	0	0	0	0	0	0	0	0	
0.809	0.259259	-1.35769	0.0967742	3.85715	0.933181	0.373272	1	0	0	0	0	0	0	0	0	
0.81	0.259259	-1.35769	0.0967742	3.85715	0.933181	0.373272	1	0	0	0	0	0	0	0	0	
0.811	0.259259	-1.35769	0.0967742	3.85715	0.933181	0.373272	1	0	0	0	0	0	0	0	0	
0.812	0.259259	-1.35769	0.0967742	3.85715	0.933181	0.373272	1	0	0	0	0	0	0	0	0	
0.813	0.259259	-1.35769	0.0967742	3.85715	0.933181	0.373272	1	0	0	0	0	0	0	0	0	
0.814	0.259259	-1.35769	0.0967742	3.85715	0.933181	0.373272	1	0	0	0	0	0	0	0	0	
0.815	0.259259	-1.35769	0.0967742	3.85715	0.933181	0.373272	1	0	0	0	0	0	0	0	0	
0.816	0.259259	-1.35769	0.0967742	3.85715	0.933181	0.373272	1	0	0	0	0	0	0	0	0	
0.817	0.259259	-1.35769	0.0967742	3.85715	0.933181	0.373272	1	0	0	0	0	0	0	0	0	
0.818	0.259259	-1.35769	0.0967742	3.85715	0.933181	0.373272	1	0	0	0	0	0	0	0	0	
0.819	0.259259	-1.35769	0.0967742	3.85715	0.933181	0.373272	1	0	0	0	0	0	0	0	0	
0.82	0.259259	-1.35769	0.0967742	3.85715	0.933181	0.373272	1	0	0	0	0	0	0	0	0	
0.821	0.259259	-1.35769	0.0967742	3.85715	0.933181	0.373272	1	0	0	0	0	0	0	0	0	
0.822	0.259259	-1.35769	0.0967742	3.85715	0.933181	0.373272	1	0	0	0	0	0	0	0	0	
0.823	0.259259	-1.35769	0.0967742	3.85715	0.933181	0.373272	1	0	0	0	0	0	0	0	0	
0.824	0.259259	-1.35769	0.0967742	3.85715	0.933181	0.373272	1	0	0	0	0	0	0	0	0	
0.825	0.259259	-1.35769	0.0967742	3.85715	0.933181	0.373272	1	0	0	0	0	0	0	0	0	
0.826	0.259259	-1.35769	0.0967742	3.85715	0.933181	0.373272	1	0	0	0	0	0	0	0	0	
0.827	0.259259	-1.35769	0.0967742	3.85715	0.933181	0.373272	1	0	0	0	0	0	0	0	0	
0.828	0.259259	-1.35769	0.0967742	3.85715	0.933181	0.373272	1	0	0	0	0	0	0	0	0	
0.829	0.259259	-1.35769	0.0967742	3.85715	0.933181	0.373272	1	0	0	0	0	0	0	0	0	
0.83	0.259259	-1.35769	0.0967742	3.85715	0.933181	0.373272	1	0	0	0	0	0	0	0	0	
0.831	0.259259	-1.35769	0.0967742	3.85715	0.933181	0.373272	1	0	0	0	0	0	0	0	0	
0.832	0.259259	-1.35769	0.0967742	3.85715	0.933181	0.373272	1	0	0	0	0	0	0	0	0	
0.833	0.259259	-1.35769	0.0967742	3.85715	0.933181	0.373272	1	0	0	0	0	0	0	0	0	
0.834	0.259259	-1.35769	0.0967742	3.85715	0.933181	0.373272	1	0	0	0	0	0	0	0	0	
0.835	0.259259	-1.35769	0.0967742	3.85715	0.933181	0.373272	1	0	0	0	0	0	0	0	0	
0.836	0.259259	-1.35769	0.0967742	3.85715	0.933181	0.373272	1	0	0	0	0	0	0	0	0	
0.837	0.259259	-1.35769	0.0967742	3.85715	0.933181	0.373272	1	0	0	0	0	0	0	0	0	
0.838	0.259259	-1.35769	0.0967742	3.85715	0.933181	0.373272	1	0	0	0	0	0	0	0	0	
0.839	0.259259	-1.35769	0.0967742	3.85715	0.933181	0.373272	1	0	0	0	0	0	0	0	0	
0.84	0.259259	-1.35769	0.0967742	3.85715	0.933181	0.373272	1	0	0	0	0	0	0	0	0	
0.841	0.259259	-1.35769	0.0967742	3.85715	0.933181	0.373272	1	0	0	0	0	0	0	0	0	
0.842	0.259259	-1.35769	0.0967742	3.85715	0.933181	0.373272	1	0	0	0	0	0	0	0	0	
0.843	0.259259	-1.35769	0.0967742	3.85715	0.933181	0.373272	1	0	0	0	0	0	0	0	0	
0.844	0.259259	-1.35769	0.0967742	3.85715	0.933181	0.373272	1	0	0	0	0	0	0	0	0	
0.845	0.259259	-1.35769	0.0967742	3.85715	0.933181	0.373272	1	0	0	0	0	0	0	0	0	
0.846	0.259259	-1.35769	0.0967742	3.85715	0.933181	0.373272	1	0	0	0	0	0	0	0	0	
0.847	0.259259	-1.35769	0.0967742	3.85715	0.933181	0.373272	1	0	0	0	0	0	0	0	0	
0.848	0.259259	-1.35769	0.0967742	3.85715	0.933181	0.373272	1	0	0	0	0	0	0	0	0	
0.849	0.259259	-1.35769	0.0967742	3.85715	0.933181	0.373272	1	0	0	0	0	0	0	0	0	
0.85	0.259259	-1.35769	0.0967742	3.85715	0.933181	0.373272	1	0	0	0	0	0	0	0	0	
0.851	0.259259	-1.35769	0.0967742	3.85715	0.933181	0.373272	1	0	0	0	0	0	0	0	0	
0.852	0.259259	-1.35769	0.0967742	3.85715	0.933181	0.373272	1	0	0	0	0	0	0	0	0	
0.853	0.259259	-1.35769	0.0967742	3.85715	0.933181	0.373272	1	0	0	0	0	0	0	0	0	
0.854	0.259259	-1.35769	0.0967742	3.85715	0.933181	0.373272	1	0	0	0	0	0	0	0	0	
0.855	0.259259	-1.35769	0.0967742	3.85715	0.933181	0.373272	1	0	0	0	0	0	0	0	0	
0.856	0.259259	-1.35769	0.0967742	3.85715	0.933181	0.373272	1	0	0	0	0	0	0	0	0	
0.857	0.259259	-1.35769	0.0967742	3.85715	0.933181	0.373272	1	0	0	0	0	0	0	0	0	
0.858	0.259259	-1.35769	0.0967742	3.85715	0.933181	0.373272	1	0	0	0	0	0	0	0	0	
0.859	0.259259	-1.35769	0.0967742	3.85715	0.933181	0.373272	1	0	0	0	0	0	0	0	0	
0.86	0.259259	-1.35769	0.0967742	3.85715	0.933181	0.373272	1	0	0	0	0	0	0	0	0	
0.861	0.259259	-1.35769	0.0967742	3.85715	0.933181	0.373272	1	0	0	0	0	0	0	0	0	
0.862	0.259259	-1.35769	0.0967742	3.85715	0.933181	0.373272	1	0	0	0	0	0	0	0	0	
0.863	0.259259	-1.35769	0.0967742	3.85715	0.933181	0.373272	1	0	0	0	0	0	0	0	0	
0.864	0.259259	-1.35769	0.0967742	3.85715	0.933181	0.373272	1	0	0	0	0	0	0	0	0	
0.865	0.259259	-1.35769	0.0967742	3.85715	0.933181	0.373272	1	0	0	0	0	0	0	0	0	
0.866	0.259259	-1.35769	0.0967742	3.85715	0.933181	0.373272	1	0	0	0	0	0	0	0	0	
0.867	0.259259	-1.35769	0.0967742	3.85715	0.933181	0.373272	1	0	0	0	0	0	0	0	0	
0.868	0.259259	-1.35769	0.0967742	3.85715	0.933181	0.373272	1	0	0	0	0	0	0	0	0	
0.869	0.259259	-1.35769	0.0967742	3.85715	0.933181	0.373272	1	0	0	0	0	0	0	0	0	
0.87	0.259259	-1.35769	0.0967742	3.85715	0.933181	0.373272	1	0	0	0	0	0	0	0	0	
0.871	0.259259	-1.35769	0.0967742	3.85715	0.933181	0.373272	1	0	0	0	0	0	0	0	0	
0.872	0.259259	-1.35769	0.0967742	3.85715	0.933181	0.373272	1	0	0	0	0	0	0	0	0	
0.873	0.259259	-1.35769	0.0967742	3.85715	0.933181	0.373272	1	0	0	0	0	0	0	0	0	
0.874	0.259259	-1.35769	0.0967742	3.85715	0.933181	0.373272	1	0	0	0	0	0	0	0	0	
0.875	0.259259	-1.35769	0.0967742	3.85715	0.933181	0.373272	1	0	0	0	0	0	0	0	0	
0.876	0.259259	-1.35769	0.0967742	3.85715	0.933181	0.373272	1	0	0	0	0	0	0	0	0	
0.877	0.259259	-1.35769	0.0967742	3.85715	0.933181	0.373272	1	0	0	0	0	0	0	0	0	
0.878	0.259259	-1.35769	0.0967742	3.85715	0.933181	0.373272	1	0	0	0	0	0	0	0	0	
0.879	0.259259	-1.35769	0.0967742	3.85715	0.933181	0.373272	1	0	0	0	0	0	0	0	0	
0.88	0.259259	-1.35769	0.0967742	3.85715	0.933181	0.373272	1	0	0	0	0	0	0	0	0	
0.881	0.259259	-1.35769	0.0967742	3.85715	0.933181	0.373272	1	0	0	0	0	0	0	0	0	
0.882	0.259259	-1.35769	0.0967742	3.85715	0.933181	0.373272	1	0	0	0	0	0	0	0	0	
0.883	0.259259	-1.35769	0.0967742	3.85715	0.933181	0.373272	1	0	0	0	0	0	0	0	0	
0.884	0.259259	-1.35769	0.0967742	3.85715	0.933181	0.373272	1	0	0	0	0	0	0	0	0	
0.885	0.259259	-1.35769	0.0967742	3.85715	0.933181	0.373272	1	0	0	0	0	0	0	0	0	
0.886	0.259259	-1.35769	0.0967742	3.85715	0.933181	0.373272	1	0	0	0	0	0	0	0	0	
0.887	0.259259	-1.35769	0.0967742	3.85715	0.933181	0.373272	1	0	0	0	0	0	0	0	0	
0.888	0.259259	-1.35769	0.0967742	3.85715	0.933181	0.373272	1	0	0	0	0	0	0	0	0	
0.889	0.259259	-1.35769	0.0967742	3.85715	0.933181	0.373272	1	0	0	0	0	0	0	0	0	
0.89	0.259259	-1.35769	0.0967742	3.85715	0.933181	0.373272	1	0	0	0	0	0	0	0	0	
0.891	0.259259	-1.35769	0.0967742	3.85715	0.933181	0.373272	1	0	0	0	0	0	0	0	0	
0.892	0.259259	-1.35769	0.0967742	3.85715	0.933181	0.373272	1	0	0	0	0	0	0	0	0	
0.893	0.259259	-1.35769	0.0967742	3.85715	0.933181	0.373272	1	0	0	0	0	0	0	0	0	
0.894	0.259259	-1.35769	0.0967742	3.85715	0.933181	0.373272	1	0	0	0	0	0	0	0	0	
0.895	0.259259	-1.35769	0.0967742	3.85715	0.933181	0.373272	1	0	0	0	0	0	0	0	0	
0.896	0.259259	-1.35769	0.0967742	3.85715	0.933181	0.373272	1	0	0	0	0	0	0	0	0	
0.897	0.259259	-1.35769	0.0967742	3.85715	0.933181	0.373272	1	0	0	0	0	0	0	0	0	
0.898	0.259259	-1.35769	0.0967742	3.85715	0.933181	0.373272	1	0	0	0	0	0	0	0	0	
0.899	0.259259	-1.35769	0.0967742	3.85715	0.933181	0.373272	1	0	0	0	0	0	0	0	0	
0.9	0.259259	-1.35769	0.0967742	3.85715	0.933181	0.373272	1	0	0	0	0	0	0	0	0	
0.901	0.259259	-1.35769	0.0967742	3.85715	0.933181	0.373272	1	0	0	0	0	0	0	0	0	
0.902	0.259259	-1.35769	0.0967742	3.85715	0.933181	0.373272	1	0	0	0	0	0	0	0	0	
0.903	0.259259	-1.35769	0.0967742	3.85715	0.933181	0.373272	1	0	0	0	0	0	0	0	0	
0.904	0.259259	-1.35769	0.0967742	3.85715	0.933181	0.373272	1	0	0	0	0	0	0	0	0	
0.905	0.259259	-1.35769	0.0967742	3.85715	0.933181	0.373272	1	0	0	0	0	0	0	0	0	
0.906	0.259259	-1.35769	0.0967742	3.85715	0.933181	0.373272	1	0	0	0	0	0	0	0	0	
0.907	0.259259	-1.35769	0.0967742	3.85715	0.933181	0.373272	1	0	0	0	0	0	0	0	0	
0.908	0.259259	-1.35769	0.0967742	3.85715	0.933181	0.373272	1	0	0	0	0	0	0	0	0	
0.909	0.259259	-1.35769	0.0967742	3.85715	0.933181	0.373272	1	0	0	0	0	0	0	0	0	
0.91	0.259259	-1.35769	0.0967742	3.85715	0.933181	0.373272	1	0	0	0	0	0	0	0	0	
0.911	0.259259	-1.35769	0.0967742	3.85715	0.933181	0.373272	1	0	0	0	0	0	0	0	0	
0.912	0.259259	-1.35769	0.0967742	3.85715	0.933181	0.373272	1	0	0	0	0	0	0	0	0	
0.913	0.259259	-1.35769	0.0967742	3.85715	0.933181	0.373272	1	0	0	0	0	0	0	0	0	
0.914	0.259259	-1.35769	0.0967742	3.85715	0.933181	0.373272	1	0	0	0	0	0	0	0	0	
0.915	0.259259	-1.35769	0.0967742	3.85715	0.933181	0.373272	1	0	0	0	0	0	0	0	0	
0.916	0.259259	-1.35769	0.0967742	3.85715	0.933181	0.373272	1	0	0	0	0	0	0	0	0	
0.917	0.259259	-1.35769	0.0967742	3.85715	0.933181	0.373272	1	0	0	0	0	0	0	0	0	
0.918	0.259259	-1.35769	0.0967742	3.85715	0.933181	0.373272	1	0	0	0	0	0	0	0	0	
0.919	0.259259	-1.35769	0.0967742	3.85715	0.933181	0.373272	1	0	0	0	0	0	0	0	0	
0.92	0.259259	-1.35769	0.0967742	3.85715	0.933181	0.373272	1	0	0	0	0	0	0	0	0	
0.921	0.259259	-1.35769	0.0967742	3.85715	0.933181	0.373272	1	0	0	0	0	0	0	0	0	
0.922	0.259259	-1.35769	0.0967742	3.85715	0.933181	0.373272	1	0	0	0	0	0	0	0	0	
0.923	0.259259	-1.35769	0.0967742	3.85715	0.933181	0.373272	1	0	0	0	0	0	0	0	0	
0.924	0.259259	-1.35769	0.0967742	3.85715	0.933181	0.373272	1	0	0	0	0	0	0	0	0	
0.925	0.259259	-1.35769	0.0967742	3.85715	0.933181	0.373272	1	0	0	0	0	0	0	0	0	
0.926	0.259259	-1.35769	0.0967742	3.85715	0.933181	0.373272	1	0	0	0	0	0	0	0	0	
0.927	0.259259	-1.35769	0.0967742	3.85715	0.933181	0.373272	1	0	0	0	0	0	0	0	0	
0.928	0.259259	-1.35769	0.0967742	3.85715	0.933181	0.373272	1	0	0	0	0	0	0	0	0	
0.929	0.259259	-1.35769	0.0967742	3.85715	0.933181	0.373272	1	0	0	0	0	0	0	0	0	
0.93	0.259259	-1.35769	0.0967742	3.85715	0.933181	0.373272	1	0	0	0	0	0	0	0	0	
0.931	0.259259	-1.35769	0.0967742	3.85715	0.933181	0.373272	1	0	0	0	0	0	0	0	0	
0.932	0.259259	-1.35769	0.0967742	3.85715	0.933181	0.373272	1	0	0	0	0	0	0	0	0	
0.933	0.259259	-1.35769	0.0967742	3.85715	0.933181	0.373272	1	0	0	0	0	0	0	0	0	
0.934	0.259259	-1.35769	0.0967742	3.85715	0.933181	0.373272	1	0	0	0	0	0	0	0	0	
0.935	0.259259	-1.35769	0.0967742	3.85715	0.933181	0.373272	1	0	0	0	0	0	0	0	0	
0.936	0.259259	-1.35769	0.0967742	3.85715	0.933181	0.373272	1	0	0	0	0	0	0	0	0	
0.937	0.259259	-1.35769	0.0967742	3.85715	0.933181	0.373272	1	0	0	0	0	0	0	0	0	
0.938	0.259259	-1.35769	0.0967742	3.85715	0.933181	0.373272	1	0	0	0	0	0	0	0	0	
0.939	0.259259	-1.35769	0.0967742	3.85715	0.933181	0.373272	1	0	0	0	0	0	0	0	0	
0.94	0.259259	-1.35769	0.0967742	3.85715	0.933181	0.373272	1	0	0	0	0	0	0	0	0	
0.941	0.259259	-1.35769	0.0967742	3.85715	0.933181	0.373272	1	0	0	0	0	0	0	0	0	
0.942	0.259259	-1.35769	0.0967742	3.85715	0.933181	0.373272	1	0	0	0	0	0	0	0	0	
0.943	0.259259	-1.35769	0.0967742	3.85715	0.933181	0.373272	1	0	0	0	0	0	0	0	0	
0.944	0.259259	-1.35769	0.0967742	3.85715	0.933181	0.373272	1	0	0	0	0	0	0	0	0	
0.945	0.259259	-1.35769	0.0967742	3.85715	0.933181	0.373272	1	0	0	0	0	0	0	0	0	
0.946	0.259259	-1.35769	0.0967742	3.85715	0.933181	0.373272	1	0	0	0	0	0	0	0	0	
0.947	0.259259	-1.35769	0.0967742	3.85715	0.933181	0.373272	1	0	0	0	0	0	0	0	0	
0.948	0.259259	-1.35769	0.0967742	3.85715	0.933181	0.373272	1	0	0	0	0	0	0	0	0	
0.949	0.259259	-1.35769	0.0967742	3.85715	0.933181	0.373272	1	0	0	0	0	0	0	0	0	
0.95	0.259259	-1.35769	0.0967742	3.85715	0.933181	0.373272	1	0	0	0	0	0	0	0	0	
0.951	0.259259	-1.35769	0.0967742	3.85715	0.933181	0.373272	1	0	0	0	0	0	0	0	0	
0.952	0.259259	-1.35769	0.0967742	3.85715	0.933181	0.373272	1	0	0	0	0	0	0	0	0	
0.953	0.259259	-1.35769	0.0967742	3.85715	0.933181	0.373272	1	0	0	0	0	0	0	0	0	
0.954	0.259259	-1.35769	0.0967742	3.85715	0.933181	0.373272	1	0	0	0	0	0	0	0	0	
0.955	0.259259	-1.35769	0.0967742	3.85715	0.933181	0.373272	1	0	0	0	0	0	0	0	0	
0.956	0.259259	-1.35769	0.0967742	3.85715	0.933181	0.373272	1	0	0	0	0	0	0	0	0	
0.957	0.259259	-1.35769	0.0967742	3.85715	0.933181	0.373272	1	0	0	0	0	0	0	0	0	
0.958	0.259259	-1.35769	0.0967742	3.85715	0.933181	0.373272	1	0	0	0	0	0	0	0	0	
0.959	0.259259	-1.35769	0.0967742	3.85715	0.933181	0.373272	1	0	0	0	0	0	0	0	0	
0.96	0.259259	-1.35769	0.0967742	3.85715	0.933181	0.373272	1	0	0	0	0	0	0	0	0	
0.961	0.259259	-1.35769	0.0967742	3.85715	0.933181	0.373272	1	0	0	0	0	0	0	0	0	
0.962	0.259259	-1.35769	0.0967742	3.85715	0.933181	0.373272	1	0	0	0	0	0	0	0	0	
0.963	0.259259	-1.35769	0.0967742	3.85715	0.933181	0.373272	1	0	0	0	0	0	0	0	0	
0.964	0.259259	-1.35769	0.0967742	3.85715	0.933181	0.373272	1	0	0	0	0	0	0	0	0	
0.965	0.259259	-1.35769	0.0967742	3.85715	0.933181	0.373272	1	0	0	0	0	0	0	0	0	
0.966	0.259259	-1.35769	0.0967742	3.85715	0.933181	0.373272	1	0	0	0	0	0	0	0	0	
0.967	0.259259	-1.35769	0.0967742	3.85715	0.933181	0.373272	1	0	0	0	0	0	0	0	0	
0.968	0.259259	-1.35769	0.0967742	3.85715	0.933181	0.373272	1	0	0	0	0	0	0	0	0	
0.969	0.259259	-1.35769	0.0967742	3.85715	0.933181	0.373272	1	0	0	0	0	0	0	0	0	
0.97	0.259259	-1.35769	0.0967742	3.85715	0.933181	0.373272	1	0	0	0	0	0	0	0	0	
0.971	0.259259	-1.35769	0.0967742	3.85715	0.933181	0.373272	1	0	0	0	0	0	0	0	0	
0.972	0.259259	-1.35769	0.0967742	3.85715	0.933181	0.373272	1	0	0	0	0	0	0	0	0	
0.973	0.259259	-1.35769	0.0967742	3.85715	0.933181	0.373272	1	0	0	0	0	0	0	0	0	
0.974	0.259259	-1.35769	0.0967742	3.85715	0.933181	0.373272	1	0	0	0	0	0	0	0	0	
0.975	0.259259	-1.35769	0.0967742	3.85715	0.933181	0.373272	1	0	0	0	0	0	0	0	0	
0.976	0.259259	-1.35769	0.0967742	3.85715	0.933181	0.373272	1	0	0	0	0	0	0	0	0	
0.977	0.259259	-1.35769	0.0967742	3.85715	0.933181	0.373272	1	0	0	0	0	0	0	0	0	
0.978	0.259259	-1.35769	0.0967742	3.85715	0.933181	0.373272	1	0	0	0	0	0	0	0	0	
0.979	0.259259	-1.35769	0.0967742	3.85715	0.933181	0.373272	1	0	0	0	0	0	0	0	0	
0.98	0.259259	-1.35769	0.0967742	3.85715	0.933181	0.373272	1	0	0	0	0	0	0	0	0	
0.981	0.259259	-1.35769	0.0967742	3.85715	0.933181	0.373272	1	0	0	0	0	0	0	0	0	
0.982	0.259259	-1.35769	0.0967742	3.85715	0.933181	0.373272	1	0	0	0	0	0	0	0	0	
0.983	0.259259	-1.35769	0.0967742	3.85715	0.933181	0.373272	1	0	0	0	0	0	0	0	0	
0.984	0.259259	-1.35769	0.0967742	3.85715	0.933181	0.373272	1	0	0	0	0	0	0	0	0	
0.985	0.259259	-1.35769	0.0967742	3.85715	0.933181	0.373272	1	0	0	0	0	0	0	0	0	
0.986	0.259259	-1.35769	0.0967742	3.85715	0.933181	0.373272	1	0	0	0	0	0	0	0	0	
0.987	0.259259	-1.35769	0.0967742	3.85715	0.933181	0.373272	1	0	0	0	0	0	0	0	0	
0.988	0.259259	-1.35769	0.0967742	3.85715	0.933181	0.373272	1	0	0	0	0	0	0	0	0	
0.989	0.259259	-1.35769	0.0967742	3.85715	0.933181	0.373272	1	0	0	0	0	0	0	0	0	
0.99	0.259259	-1.35769	0.0967742	3.85715	0.933181	0.373272	1	0	0	0	0	0	0	0	0	
0.991	0.259259	-1.35769	0.0967742	3.85715	0.933181	0.373272	1	0	0	0	0	0	0	0	0	
0.992	0.259259	-1.35769	0.0967742	3.85715	0.933181	0.373272	1	0	0	0	0	0	0	0	0	
0.993	0.259259	-1.35769	0.0967742	3.85715	0.933181	0.373272	1	0	0	0	0	0	0	0	0	
0.994	0.259259	-1.35769	0.0967742	3.85715	0.933181	0.373272	1	0	0	0	0	0	0	0	0	
0.995	0.259259	-1.35769	0.0967742	3.85715	0.933181	0.373272	1	0	0	0	0	0	0	0	0	
0.996	0.259259	-1.35769	0.0967742	3.85715	0.933181	0.373272	1	0	0	0	0	0	0	0	0	
0.997	0.259259	-1.35769	0.0967742	3.85715	0.933181	0.373272	1	0	0	0	0	0	0	0	0	
0.998	0.259259	-1.35769	0.0967742	3.85715	0.933181	0.373272	1	0	0	0	0	0	0	0	0	
0.999	0.259259	-1.35769	0.0967742	3.85715	0.933181	0.373272	1	0	0	0	0	0	0	0	0	
1	0.259259	-1.35769	0.0967742	3.85715	0.933181	0.373272	1	0	0	0	0	0	0	0	0	
