|||||||||||||||||||||||||||||||||***SIMULATION: detonation***||||||||||||||||||||||||||||||||||
Sanpshot time = 1.26. Timestep = 2960. Run time = 5 seconds
No. of cells = 1000
#Position	 Density	 Velocity	 Pressure	 Specific_Volume I_Energy	 Temperature	 Species
-0.001	0.758494	0.000462548	1.95848	1.3184	6.45516	0	9.35255e-08	0	0	0	0	0	0	0	0	
0	0.75849	0.00015456	1.95849	1.31841	6.45522	0	9.64762e-08	0	0	0	0	0	0	0	0	
0.001	0.75849	-0.00015456	1.95849	1.31841	6.45522	2.58209	9.64762e-08	0	0	0	0	0	0	0	0	
0.002	0.758494	-0.000462548	1.95848	1.3184	6.45516	2.58206	9.35255e-08	0	0	0	0	0	0	0	0	
0.003	0.757333	-0.000770602	1.95847	1.32042	6.46501	2.586	9.89663e-08	0	0	0	0	0	0	0	0	
0.004	0.758038	-0.00107862	1.95844	1.31919	6.45892	2.58357	9.79221e-08	0	0	0	0	0	0	0	0	
0.005	0.75556	-0.00138676	1.95842	1.32352	6.48001	2.59201	9.64525e-08	0	0	0	0	0	0	0	0	
0.006	0.754176	-0.00169495	1.95838	1.32595	6.4918	2.59672	8.90182e-08	0	0	0	0	0	0	0	0	
0.007	0.754671	-0.00200316	1.95834	1.32508	6.4874	2.59496	9.26326e-08	0	0	0	0	0	0	0	0	
0.008	0.756097	-0.00231135	1.9583	1.32258	6.47502	2.59001	9.2548e-08	0	0	0	0	0	0	0	0	
0.009	0.75789	-0.00261946	1.95825	1.31945	6.45954	2.58381	9.17214e-08	0	0	0	0	0	0	0	0	
0.01	0.759734	-0.00292743	1.95819	1.31625	6.44367	2.57747	9.12895e-08	0	0	0	0	0	0	0	0	
0.011	0.761403	-0.00323517	1.95813	1.31336	6.42935	2.57174	9.61535e-08	0	0	0	0	0	0	0	0	
0.012	0.76283	-0.00354259	1.95807	1.31091	6.41711	2.56684	9.41141e-08	0	0	0	0	0	0	0	0	
0.013	0.763968	-0.00384959	1.958	1.30896	6.40733	2.56293	9.39378e-08	0	0	0	0	0	0	0	0	
0.014	0.764784	-0.00415608	1.95793	1.30756	6.40026	2.56011	9.37933e-08	0	0	0	0	0	0	0	0	
0.015	0.765328	-0.00446196	1.95785	1.30663	6.39548	2.55819	9.64616e-08	0	0	0	0	0	0	0	0	
0.016	0.765673	-0.00476715	1.95778	1.30604	6.39235	2.55694	9.55549e-08	0	0	0	0	0	0	0	0	
0.017	0.765862	-0.00507157	1.9577	1.30572	6.39053	2.55621	9.50348e-08	0	0	0	0	0	0	0	0	
0.018	0.765928	-0.00537518	1.95763	1.30561	6.38973	2.55589	9.53471e-08	0	0	0	0	0	0	0	0	
0.019	0.765914	-0.00567792	1.95755	1.30563	6.38959	2.55584	9.36088e-08	0	0	0	0	0	0	0	0	
0.02	0.765869	-0.00597977	1.95747	1.30571	6.38972	2.55589	9.15379e-08	0	0	0	0	0	0	0	0	
0.021	0.765831	-0.00628074	1.9574	1.30577	6.38979	2.55591	9.03826e-08	0	0	0	0	0	0	0	0	
0.022	0.765824	-0.00658083	1.95732	1.30578	6.3896	2.55584	9.06814e-08	0	0	0	0	0	0	0	0	
0.023	0.765863	-0.00688008	1.95725	1.30572	6.38904	2.55561	9.22482e-08	0	0	0	0	0	0	0	0	
0.024	0.765952	-0.00717854	1.95718	1.30556	6.38805	2.55522	9.4084e-08	0	0	0	0	0	0	0	0	
0.025	0.766094	-0.00747627	1.95711	1.30532	6.38664	2.55466	9.47265e-08	0	0	0	0	0	0	0	0	
0.026	0.76628	-0.00777336	1.95704	1.30501	6.38485	2.55394	9.38147e-08	0	0	0	0	0	0	0	0	
0.027	0.766503	-0.0080699	1.95697	1.30463	6.38278	2.55311	9.31649e-08	0	0	0	0	0	0	0	0	
0.028	0.766749	-0.00836599	1.9569	1.30421	6.3805	2.5522	9.38035e-08	0	0	0	0	0	0	0	0	
0.029	0.767008	-0.00866173	1.95683	1.30377	6.37814	2.55125	9.34241e-08	0	0	0	0	0	0	0	0	
0.03	0.767267	-0.00895726	1.95677	1.30333	6.37576	2.55031	9.18977e-08	0	0	0	0	0	0	0	0	
0.031	0.767521	-0.0092527	1.9567	1.3029	6.37344	2.54938	9.14836e-08	0	0	0	0	0	0	0	0	
0.032	0.767769	-0.00954819	1.95663	1.30247	6.37117	2.54847	9.21245e-08	0	0	0	0	0	0	0	0	
0.033	0.768017	-0.00984387	1.95657	1.30205	6.3689	2.54756	9.2649e-08	0	0	0	0	0	0	0	0	
0.034	0.768273	-0.0101399	1.9565	1.30162	6.36656	2.54662	9.17768e-08	0	0	0	0	0	0	0	0	
0.035	0.768547	-0.0104364	1.95643	1.30116	6.36406	2.54563	9.00413e-08	0	0	0	0	0	0	0	0	
0.036	0.768847	-0.0107336	1.95636	1.30065	6.36135	2.54454	8.90485e-08	0	0	0	0	0	0	0	0	
0.037	0.769177	-0.0110316	1.95629	1.30009	6.35838	2.54335	8.89609e-08	0	0	0	0	0	0	0	0	
0.038	0.769539	-0.0113305	1.95621	1.29948	6.35514	2.54206	8.96734e-08	0	0	0	0	0	0	0	0	
0.039	0.769931	-0.0116306	1.95613	1.29882	6.35164	2.54065	9.09122e-08	0	0	0	0	0	0	0	0	
0.04	0.770352	-0.011932	1.95604	1.29811	6.34789	2.53916	9.22638e-08	0	0	0	0	0	0	0	0	
0.041	0.770798	-0.0122348	1.95595	1.29736	6.34391	2.53756	9.32748e-08	0	0	0	0	0	0	0	0	
0.042	0.77127	-0.0125391	1.95585	1.29656	6.33972	2.53589	9.36915e-08	0	0	0	0	0	0	0	0	
0.043	0.771763	-0.012845	1.95575	1.29573	6.33533	2.53413	9.37005e-08	0	0	0	0	0	0	0	0	
0.044	0.772276	-0.0131525	1.95564	1.29487	6.33077	2.53231	9.37611e-08	0	0	0	0	0	0	0	0	
0.045	0.7728	-0.0134618	1.95552	1.294	6.32609	2.53043	9.39801e-08	0	0	0	0	0	0	0	0	
0.046	0.773327	-0.0137726	1.95539	1.29311	6.32136	2.52854	9.3994e-08	0	0	0	0	0	0	0	0	
0.047	0.773848	-0.0140849	1.95526	1.29224	6.31667	2.52667	9.38819e-08	0	0	0	0	0	0	0	0	
0.048	0.77435	-0.0143986	1.95511	1.29141	6.31211	2.52485	9.43333e-08	0	0	0	0	0	0	0	0	
0.049	0.774824	-0.0147134	1.95496	1.29062	6.30775	2.5231	9.54673e-08	0	0	0	0	0	0	0	0	
0.05	0.775267	-0.0150291	1.9548	1.28988	6.30362	2.52145	9.68393e-08	0	0	0	0	0	0	0	0	
0.051	0.77568	-0.0153454	1.95463	1.28919	6.29971	2.51989	9.78062e-08	0	0	0	0	0	0	0	0	
0.052	0.776071	-0.0156621	1.95444	1.28854	6.29596	2.51838	9.78717e-08	0	0	0	0	0	0	0	0	
0.053	0.776451	-0.0159786	1.95425	1.28791	6.29226	2.51691	9.70877e-08	0	0	0	0	0	0	0	0	
0.054	0.776834	-0.0162948	1.95405	1.28728	6.28851	2.5154	9.57042e-08	0	0	0	0	0	0	0	0	
0.055	0.777234	-0.0166104	1.95384	1.28661	6.28461	2.51384	9.41971e-08	0	0	0	0	0	0	0	0	
0.056	0.777658	-0.016925	1.95363	1.28591	6.28048	2.51219	9.31715e-08	0	0	0	0	0	0	0	0	
0.057	0.778109	-0.0172385	1.9534	1.28517	6.27611	2.51044	9.29437e-08	0	0	0	0	0	0	0	0	
0.058	0.778585	-0.0175509	1.95317	1.28438	6.27153	2.50861	9.31985e-08	0	0	0	0	0	0	0	0	
0.059	0.779078	-0.0178622	1.95293	1.28357	6.2668	2.50672	9.33555e-08	0	0	0	0	0	0	0	0	
0.06	0.77958	-0.0181726	1.95269	1.28274	6.26199	2.5048	9.32751e-08	0	0	0	0	0	0	0	0	
0.061	0.78008	-0.0184823	1.95244	1.28192	6.25719	2.50288	9.32123e-08	0	0	0	0	0	0	0	0	
0.062	0.780571	-0.0187918	1.95219	1.28111	6.25246	2.50098	9.33025e-08	0	0	0	0	0	0	0	0	
0.063	0.781049	-0.0191016	1.95195	1.28033	6.24783	2.49913	9.3614e-08	0	0	0	0	0	0	0	0	
0.064	0.781513	-0.0194125	1.9517	1.27957	6.24334	2.49733	9.42424e-08	0	0	0	0	0	0	0	0	
0.065	0.781964	-0.0197253	1.95146	1.27883	6.23896	2.49558	9.5058e-08	0	0	0	0	0	0	0	0	
0.066	0.782407	-0.0200407	1.95122	1.27811	6.23466	2.49387	9.56843e-08	0	0	0	0	0	0	0	0	
0.067	0.782847	-0.0203597	1.95098	1.27739	6.23041	2.49216	9.59182e-08	0	0	0	0	0	0	0	0	
0.068	0.783292	-0.0206831	1.95076	1.27666	6.22615	2.49046	9.57389e-08	0	0	0	0	0	0	0	0	
0.069	0.783748	-0.0210119	1.95054	1.27592	6.22183	2.48873	9.51531e-08	0	0	0	0	0	0	0	0	
0.07	0.784219	-0.0213466	1.95033	1.27515	6.21742	2.48697	9.43356e-08	0	0	0	0	0	0	0	0	
0.071	0.784709	-0.021688	1.95013	1.27436	6.21291	2.48516	9.36863e-08	0	0	0	0	0	0	0	0	
0.072	0.785216	-0.0220365	1.94994	1.27353	6.20828	2.48331	9.35893e-08	0	0	0	0	0	0	0	0	
0.073	0.785739	-0.0223926	1.94975	1.27269	6.20356	2.48142	9.40315e-08	0	0	0	0	0	0	0	0	
0.074	0.786275	-0.0227562	1.94957	1.27182	6.19877	2.47951	9.45469e-08	0	0	0	0	0	0	0	0	
0.075	0.786817	-0.0231275	1.9494	1.27094	6.19394	2.47758	9.46635e-08	0	0	0	0	0	0	0	0	
0.076	0.787363	-0.0235062	1.94923	1.27006	6.18911	2.47564	9.43678e-08	0	0	0	0	0	0	0	0	
0.077	0.787907	-0.0238919	1.94906	1.26919	6.1843	2.47372	9.40475e-08	0	0	0	0	0	0	0	0	
0.078	0.788447	-0.0242842	1.94889	1.26832	6.17952	2.47181	9.40893e-08	0	0	0	0	0	0	0	0	
0.079	0.788983	-0.0246825	1.94872	1.26746	6.17478	2.46991	9.45621e-08	0	0	0	0	0	0	0	0	
0.08	0.789515	-0.0250861	1.94854	1.2666	6.17005	2.46802	9.51771e-08	0	0	0	0	0	0	0	0	
0.081	0.790048	-0.0254942	1.94835	1.26575	6.16528	2.46611	9.55845e-08	0	0	0	0	0	0	0	0	
0.082	0.790588	-0.0259063	1.94815	1.26488	6.16044	2.46418	9.56325e-08	0	0	0	0	0	0	0	0	
0.083	0.79114	-0.0263217	1.94793	1.264	6.15546	2.46218	9.53581e-08	0	0	0	0	0	0	0	0	
0.084	0.79171	-0.0267397	1.9477	1.26309	6.1503	2.46012	9.49191e-08	0	0	0	0	0	0	0	0	
0.085	0.792302	-0.0271598	1.94745	1.26215	6.14492	2.45797	9.45485e-08	0	0	0	0	0	0	0	0	
0.086	0.792917	-0.0275818	1.94718	1.26117	6.13931	2.45572	9.44023e-08	0	0	0	0	0	0	0	0	
0.087	0.793551	-0.0280051	1.94689	1.26016	6.13349	2.4534	9.44546e-08	0	0	0	0	0	0	0	0	
0.088	0.7942	-0.0284298	1.94659	1.25913	6.1275	2.451	9.45921e-08	0	0	0	0	0	0	0	0	
0.089	0.794855	-0.0288556	1.94625	1.25809	6.12141	2.44857	9.47854e-08	0	0	0	0	0	0	0	0	
0.09	0.795508	-0.0292826	1.9459	1.25706	6.11528	2.44611	9.50834e-08	0	0	0	0	0	0	0	0	
0.091	0.796151	-0.0297109	1.94553	1.25604	6.10917	2.44367	9.54707e-08	0	0	0	0	0	0	0	0	
0.092	0.796777	-0.0301406	1.94513	1.25506	6.10313	2.44125	9.5843e-08	0	0	0	0	0	0	0	0	
0.093	0.797383	-0.0305718	1.94472	1.2541	6.0972	2.43888	9.60843e-08	0	0	0	0	0	0	0	0	
0.094	0.797964	-0.0310047	1.94429	1.25319	6.09141	2.43657	9.61027e-08	0	0	0	0	0	0	0	0	
0.095	0.798517	-0.0314395	1.94384	1.25232	6.08579	2.43432	9.58697e-08	0	0	0	0	0	0	0	0	
0.096	0.799039	-0.0318762	1.94338	1.2515	6.08036	2.43215	9.54283e-08	0	0	0	0	0	0	0	0	
0.097	0.799527	-0.0323149	1.9429	1.25074	6.07516	2.43006	9.48719e-08	0	0	0	0	0	0	0	0	
0.098	0.799978	-0.0327558	1.94241	1.25004	6.07019	2.42808	9.43764e-08	0	0	0	0	0	0	0	0	
0.099	0.800389	-0.0331989	1.9419	1.24939	6.0655	2.4262	9.41944e-08	0	0	0	0	0	0	0	0	
0.1	0.800759	-0.0336441	1.94139	1.24881	6.06108	2.42443	9.44665e-08	0	0	0	0	0	0	0	0	
0.101	0.801088	-0.0340916	1.94086	1.2483	6.05695	2.42278	9.49971e-08	0	0	0	0	0	0	0	0	
0.102	0.801376	-0.0345412	1.94033	1.24785	6.05311	2.42124	9.53864e-08	0	0	0	0	0	0	0	0	
0.103	0.801622	-0.0349932	1.93978	1.24747	6.04955	2.41982	9.54066e-08	0	0	0	0	0	0	0	0	
0.104	0.80183	-0.0354475	1.93923	1.24715	6.04626	2.41851	9.51402e-08	0	0	0	0	0	0	0	0	
0.105	0.801999	-0.0359044	1.93867	1.24688	6.04324	2.4173	9.47741e-08	0	0	0	0	0	0	0	0	
0.106	0.802133	-0.0363641	1.9381	1.24668	6.04047	2.41619	9.43904e-08	0	0	0	0	0	0	0	0	
0.107	0.802233	-0.0368269	1.93753	1.24652	6.03794	2.41518	9.40041e-08	0	0	0	0	0	0	0	0	
0.108	0.802302	-0.0372932	1.93695	1.24641	6.03562	2.41425	9.36781e-08	0	0	0	0	0	0	0	0	
0.109	0.802343	-0.0377636	1.93637	1.24635	6.03349	2.4134	9.34955e-08	0	0	0	0	0	0	0	0	
0.11	0.80236	-0.0382387	1.93578	1.24632	6.03153	2.41261	9.34737e-08	0	0	0	0	0	0	0	0	
0.111	0.802357	-0.038719	1.93519	1.24633	6.02971	2.41188	9.36084e-08	0	0	0	0	0	0	0	0	
0.112	0.802335	-0.0392052	1.93459	1.24636	6.02801	2.4112	9.39422e-08	0	0	0	0	0	0	0	0	
0.113	0.802299	-0.0396981	1.93399	1.24642	6.0264	2.41056	9.4504e-08	0	0	0	0	0	0	0	0	
0.114	0.80225	-0.0401984	1.93338	1.24649	6.02488	2.40995	9.52144e-08	0	0	0	0	0	0	0	0	
0.115	0.802191	-0.0407066	1.93277	1.24659	6.02341	2.40936	9.58974e-08	0	0	0	0	0	0	0	0	
0.116	0.802124	-0.0412235	1.93215	1.24669	6.02198	2.40879	9.6373e-08	0	0	0	0	0	0	0	0	
0.117	0.80205	-0.0417494	1.93152	1.24681	6.02059	2.40823	9.65618e-08	0	0	0	0	0	0	0	0	
0.118	0.80197	-0.0422848	1.93089	1.24693	6.01922	2.40769	9.65016e-08	0	0	0	0	0	0	0	0	
0.119	0.801883	-0.04283	1.93025	1.24706	6.01787	2.40715	9.62511e-08	0	0	0	0	0	0	0	0	
0.12	0.80179	-0.043385	1.9296	1.24721	6.01654	2.40662	9.58131e-08	0	0	0	0	0	0	0	0	
0.121	0.80169	-0.0439498	1.92894	1.24736	6.01524	2.4061	9.51814e-08	0	0	0	0	0	0	0	0	
0.122	0.80158	-0.0445242	1.92827	1.24754	6.01398	2.40559	9.44437e-08	0	0	0	0	0	0	0	0	
0.123	0.801458	-0.0451078	1.9276	1.24773	6.01278	2.40511	9.37981e-08	0	0	0	0	0	0	0	0	
0.124	0.801321	-0.0457002	1.9269	1.24794	6.01165	2.40466	9.34675e-08	0	0	0	0	0	0	0	0	
0.125	0.801166	-0.0463006	1.9262	1.24818	6.01062	2.40425	9.35574e-08	0	0	0	0	0	0	0	0	
0.126	0.800992	-0.0469083	1.92549	1.24845	6.0097	2.40388	9.39616e-08	0	0	0	0	0	0	0	0	
0.127	0.800797	-0.0475223	1.92476	1.24876	6.00889	2.40356	9.44195e-08	0	0	0	0	0	0	0	0	
0.128	0.80058	-0.0481416	1.92403	1.24909	6.00822	2.40329	9.46779e-08	0	0	0	0	0	0	0	0	
0.129	0.800341	-0.0487651	1.92328	1.24947	6.00768	2.40307	9.46331e-08	0	0	0	0	0	0	0	0	
0.13	0.800081	-0.0493916	1.92252	1.24987	6.00727	2.40291	9.43636e-08	0	0	0	0	0	0	0	0	
0.131	0.799802	-0.0500198	1.92176	1.25031	6.00698	2.40279	9.40595e-08	0	0	0	0	0	0	0	0	
0.132	0.799504	-0.0506483	1.92099	1.25078	6.00681	2.40272	9.38909e-08	0	0	0	0	0	0	0	0	
0.133	0.79919	-0.0512759	1.92021	1.25127	6.00674	2.4027	9.39158e-08	0	0	0	0	0	0	0	0	
0.134	0.798863	-0.051901	1.91944	1.25178	6.00677	2.40271	9.4072e-08	0	0	0	0	0	0	0	0	
0.135	0.798525	-0.0525222	1.91866	1.25231	6.00689	2.40275	9.42224e-08	0	0	0	0	0	0	0	0	
0.136	0.798178	-0.0531381	1.91789	1.25285	6.00707	2.40283	9.4242e-08	0	0	0	0	0	0	0	0	
0.137	0.797825	-0.0537472	1.91712	1.25341	6.00732	2.40293	9.41012e-08	0	0	0	0	0	0	0	0	
0.138	0.797469	-0.054348	1.91636	1.25397	6.00762	2.40305	9.38695e-08	0	0	0	0	0	0	0	0	
0.139	0.797111	-0.0549391	1.9156	1.25453	6.00796	2.40318	9.3642e-08	0	0	0	0	0	0	0	0	
0.14	0.796753	-0.0555189	1.91487	1.25509	6.00834	2.40334	9.34648e-08	0	0	0	0	0	0	0	0	
0.141	0.796398	-0.0560861	1.91414	1.25565	6.00875	2.4035	9.33202e-08	0	0	0	0	0	0	0	0	
0.142	0.796046	-0.0566394	1.91344	1.25621	6.00918	2.40367	9.31514e-08	0	0	0	0	0	0	0	0	
0.143	0.795701	-0.0571775	1.91275	1.25675	6.00963	2.40385	9.29012e-08	0	0	0	0	0	0	0	0	
0.144	0.795365	-0.0576993	1.91208	1.25728	6.01007	2.40403	9.25526e-08	0	0	0	0	0	0	0	0	
0.145	0.79504	-0.0582038	1.91143	1.2578	6.01049	2.4042	9.21499e-08	0	0	0	0	0	0	0	0	
0.146	0.794731	-0.0586902	1.91081	1.25829	6.01087	2.40435	9.17819e-08	0	0	0	0	0	0	0	0	
0.147	0.794439	-0.0591578	1.91021	1.25875	6.01119	2.40448	9.15298e-08	0	0	0	0	0	0	0	0	
0.148	0.794168	-0.0596063	1.90964	1.25918	6.01144	2.40458	9.14222e-08	0	0	0	0	0	0	0	0	
0.149	0.793917	-0.0600355	1.90909	1.25958	6.01161	2.40465	9.14282e-08	0	0	0	0	0	0	0	0	
0.15	0.793686	-0.0604455	1.90857	1.25994	6.01172	2.40469	9.14869e-08	0	0	0	0	0	0	0	0	
0.151	0.793475	-0.0608365	1.90807	1.26028	6.01176	2.40471	9.1545e-08	0	0	0	0	0	0	0	0	
0.152	0.793279	-0.061209	1.90761	1.26059	6.01177	2.40471	9.15851e-08	0	0	0	0	0	0	0	0	
0.153	0.793097	-0.0615639	1.90717	1.26088	6.01178	2.40471	9.16281e-08	0	0	0	0	0	0	0	0	
0.154	0.792924	-0.0619021	1.90676	1.26115	6.0118	2.40472	9.17006e-08	0	0	0	0	0	0	0	0	
0.155	0.792757	-0.0622246	1.90638	1.26142	6.01187	2.40475	9.18011e-08	0	0	0	0	0	0	0	0	
0.156	0.792594	-0.0625326	1.90603	1.26168	6.012	2.4048	9.19036e-08	0	0	0	0	0	0	0	0	
0.157	0.792432	-0.0628276	1.90571	1.26194	6.01222	2.40489	9.19836e-08	0	0	0	0	0	0	0	0	
0.158	0.79227	-0.0631109	1.90542	1.2622	6.01253	2.40501	9.20241e-08	0	0	0	0	0	0	0	0	
0.159	0.792108	-0.0633839	1.90515	1.26245	6.01293	2.40517	9.20027e-08	0	0	0	0	0	0	0	0	
0.16	0.791945	-0.0636479	1.90492	1.26271	6.01342	2.40537	9.18994e-08	0	0	0	0	0	0	0	0	
0.161	0.791784	-0.0639042	1.90471	1.26297	6.01399	2.4056	9.17274e-08	0	0	0	0	0	0	0	0	
0.162	0.791623	-0.0641541	1.90453	1.26323	6.01464	2.40586	9.15462e-08	0	0	0	0	0	0	0	0	
0.163	0.791466	-0.0643986	1.90438	1.26348	6.01535	2.40614	9.14258e-08	0	0	0	0	0	0	0	0	
0.164	0.791312	-0.0646386	1.90424	1.26372	6.0161	2.40644	9.13885e-08	0	0	0	0	0	0	0	0	
0.165	0.791163	-0.0648747	1.90414	1.26396	6.01689	2.40675	9.13853e-08	0	0	0	0	0	0	0	0	
0.166	0.79102	-0.0651075	1.90405	1.26419	6.01769	2.40708	9.13343e-08	0	0	0	0	0	0	0	0	
0.167	0.790883	-0.0653374	1.90397	1.26441	6.01851	2.4074	9.11919e-08	0	0	0	0	0	0	0	0	
0.168	0.790752	-0.0655646	1.90392	1.26462	6.01933	2.40773	9.1004e-08	0	0	0	0	0	0	0	0	
0.169	0.790627	-0.065789	1.90387	1.26482	6.02014	2.40806	9.09003e-08	0	0	0	0	0	0	0	0	
0.17	0.790509	-0.0660106	1.90384	1.26501	6.02094	2.40838	9.10365e-08	0	0	0	0	0	0	0	0	
0.171	0.790396	-0.0662293	1.90382	1.26519	6.02172	2.40869	9.15178e-08	0	0	0	0	0	0	0	0	
0.172	0.790289	-0.0664448	1.9038	1.26536	6.02248	2.40899	9.23447e-08	0	0	0	0	0	0	0	0	
0.173	0.790187	-0.0666569	1.90378	1.26552	6.0232	2.40928	9.34107e-08	0	0	0	0	0	0	0	0	
0.174	0.790091	-0.0668655	1.90377	1.26568	6.02389	2.40956	9.45482e-08	0	0	0	0	0	0	0	0	
0.175	0.79	-0.0670704	1.90375	1.26582	6.02454	2.40982	9.55936e-08	0	0	0	0	0	0	0	0	
0.176	0.789914	-0.0672714	1.90374	1.26596	6.02514	2.41006	9.64336e-08	0	0	0	0	0	0	0	0	
0.177	0.789835	-0.0674685	1.90372	1.26609	6.02568	2.41027	9.70164e-08	0	0	0	0	0	0	0	0	
0.178	0.789762	-0.0676618	1.9037	1.2662	6.02617	2.41047	9.73321e-08	0	0	0	0	0	0	0	0	
0.179	0.789696	-0.0678512	1.90367	1.26631	6.02658	2.41063	9.73839e-08	0	0	0	0	0	0	0	0	
0.18	0.789636	-0.0680369	1.90363	1.26641	6.02694	2.41077	9.71674e-08	0	0	0	0	0	0	0	0	
0.181	0.789581	-0.068219	1.90359	1.26649	6.02723	2.41089	9.66693e-08	0	0	0	0	0	0	0	0	
0.182	0.789532	-0.0683977	1.90355	1.26657	6.02746	2.41099	9.58803e-08	0	0	0	0	0	0	0	0	
0.183	0.789485	-0.068573	1.9035	1.26665	6.02765	2.41106	9.48125e-08	0	0	0	0	0	0	0	0	
0.184	0.789441	-0.068745	1.90344	1.26672	6.0278	2.41112	9.35119e-08	0	0	0	0	0	0	0	0	
0.185	0.789398	-0.0689137	1.90337	1.26679	6.02793	2.41117	9.20605e-08	0	0	0	0	0	0	0	0	
0.186	0.789354	-0.0690791	1.9033	1.26686	6.02804	2.41122	9.05695e-08	0	0	0	0	0	0	0	0	
0.187	0.789308	-0.069241	1.90323	1.26693	6.02814	2.41126	8.91641e-08	0	0	0	0	0	0	0	0	
0.188	0.78926	-0.0693993	1.90314	1.26701	6.02825	2.4113	8.79626e-08	0	0	0	0	0	0	0	0	
0.189	0.789208	-0.0695538	1.90305	1.26709	6.02836	2.41134	8.70564e-08	0	0	0	0	0	0	0	0	
0.19	0.789153	-0.0697042	1.90296	1.26718	6.02848	2.41139	8.64931e-08	0	0	0	0	0	0	0	0	
0.191	0.789093	-0.0698503	1.90285	1.26728	6.02861	2.41144	8.62695e-08	0	0	0	0	0	0	0	0	
0.192	0.78903	-0.0699917	1.90274	1.26738	6.02875	2.4115	8.6333e-08	0	0	0	0	0	0	0	0	
0.193	0.788963	-0.0701284	1.90263	1.26749	6.0289	2.41156	8.65945e-08	0	0	0	0	0	0	0	0	
0.194	0.788894	-0.0702601	1.90252	1.2676	6.02906	2.41162	8.69481e-08	0	0	0	0	0	0	0	0	
0.195	0.788823	-0.0703869	1.9024	1.26771	6.02923	2.41169	8.72961e-08	0	0	0	0	0	0	0	0	
0.196	0.788751	-0.0705087	1.90228	1.26783	6.0294	2.41176	8.75708e-08	0	0	0	0	0	0	0	0	
0.197	0.788679	-0.0706258	1.90216	1.26794	6.02957	2.41183	8.77489e-08	0	0	0	0	0	0	0	0	
0.198	0.788608	-0.0707383	1.90204	1.26806	6.02975	2.4119	8.78499e-08	0	0	0	0	0	0	0	0	
0.199	0.788539	-0.0708466	1.90193	1.26817	6.02993	2.41197	8.79211e-08	0	0	0	0	0	0	0	0	
0.2	0.788473	-0.0709511	1.90183	1.26827	6.03012	2.41205	8.80128e-08	0	0	0	0	0	0	0	0	
0.201	0.788412	-0.0710523	1.90175	1.26837	6.03031	2.41212	8.81523e-08	0	0	0	0	0	0	0	0	
0.202	0.788356	-0.0711506	1.90168	1.26846	6.03052	2.41221	8.83302e-08	0	0	0	0	0	0	0	0	
0.203	0.788307	-0.0712465	1.90163	1.26854	6.03073	2.41229	8.85021e-08	0	0	0	0	0	0	0	0	
0.204	0.788266	-0.0713401	1.9016	1.26861	6.03097	2.41239	8.86078e-08	0	0	0	0	0	0	0	0	
0.205	0.788234	-0.0714316	1.9016	1.26866	6.03122	2.41249	8.85981e-08	0	0	0	0	0	0	0	0	
0.206	0.788212	-0.071521	1.90164	1.26869	6.03148	2.41259	8.84575e-08	0	0	0	0	0	0	0	0	
0.207	0.788201	-0.0716077	1.9017	1.26871	6.03177	2.41271	8.82117e-08	0	0	0	0	0	0	0	0	
0.208	0.788203	-0.0716911	1.9018	1.26871	6.03208	2.41283	8.79158e-08	0	0	0	0	0	0	0	0	
0.209	0.788217	-0.07177	1.90194	1.26869	6.03242	2.41297	8.7632e-08	0	0	0	0	0	0	0	0	
0.21	0.788245	-0.0718431	1.90212	1.26864	6.03277	2.41311	8.74048e-08	0	0	0	0	0	0	0	0	
0.211	0.788286	-0.0719084	1.90234	1.26857	6.03314	2.41326	8.7248e-08	0	0	0	0	0	0	0	0	
0.212	0.788342	-0.071964	1.90259	1.26849	6.03353	2.41341	8.71471e-08	0	0	0	0	0	0	0	0	
0.213	0.788412	-0.0720075	1.90289	1.26837	6.03395	2.41358	8.70733e-08	0	0	0	0	0	0	0	0	
0.214	0.788495	-0.0720365	1.90323	1.26824	6.03438	2.41375	8.70003e-08	0	0	0	0	0	0	0	0	
0.215	0.788592	-0.0720485	1.90361	1.26808	6.03483	2.41393	8.69156e-08	0	0	0	0	0	0	0	0	
0.216	0.788702	-0.0720412	1.90402	1.26791	6.03531	2.41412	8.682e-08	0	0	0	0	0	0	0	0	
0.217	0.788824	-0.0720122	1.90448	1.26771	6.03581	2.41432	8.67216e-08	0	0	0	0	0	0	0	0	
0.218	0.788959	-0.0719595	1.90497	1.26749	6.03633	2.41453	8.66276e-08	0	0	0	0	0	0	0	0	
0.219	0.789104	-0.0718809	1.90549	1.26726	6.03688	2.41475	8.65413e-08	0	0	0	0	0	0	0	0	
0.22	0.789261	-0.0717749	1.90605	1.26701	6.03745	2.41498	8.64647e-08	0	0	0	0	0	0	0	0	
0.221	0.789427	-0.0716401	1.90664	1.26674	6.03806	2.41522	8.64024e-08	0	0	0	0	0	0	0	0	
0.222	0.789603	-0.0714752	1.90727	1.26646	6.03869	2.41548	8.63638e-08	0	0	0	0	0	0	0	0	
0.223	0.789788	-0.0712796	1.90792	1.26616	6.03936	2.41574	8.63609e-08	0	0	0	0	0	0	0	0	
0.224	0.789982	-0.0710531	1.90861	1.26585	6.04005	2.41602	8.6403e-08	0	0	0	0	0	0	0	0	
0.225	0.790183	-0.0707959	1.90933	1.26553	6.04077	2.41631	8.64915e-08	0	0	0	0	0	0	0	0	
0.226	0.790393	-0.0705084	1.91007	1.26519	6.04153	2.41661	8.66184e-08	0	0	0	0	0	0	0	0	
0.227	0.790609	-0.0701916	1.91085	1.26485	6.04233	2.41693	8.67674e-08	0	0	0	0	0	0	0	0	
0.228	0.790832	-0.0698469	1.91165	1.26449	6.04316	2.41726	8.69165e-08	0	0	0	0	0	0	0	0	
0.229	0.791061	-0.069476	1.91248	1.26413	6.04403	2.41761	8.70417e-08	0	0	0	0	0	0	0	0	
0.23	0.791294	-0.0690807	1.91333	1.26375	6.04495	2.41798	8.712e-08	0	0	0	0	0	0	0	0	
0.231	0.79153	-0.0686632	1.91421	1.26338	6.04591	2.41836	8.71318e-08	0	0	0	0	0	0	0	0	
0.232	0.791769	-0.0682258	1.91511	1.26299	6.04693	2.41877	8.70648e-08	0	0	0	0	0	0	0	0	
0.233	0.792008	-0.0677708	1.91603	1.26261	6.048	2.4192	8.69166e-08	0	0	0	0	0	0	0	0	
0.234	0.792247	-0.0673007	1.91696	1.26223	6.04913	2.41965	8.66962e-08	0	0	0	0	0	0	0	0	
0.235	0.792484	-0.0668177	1.91791	1.26185	6.0503	2.42012	8.64233e-08	0	0	0	0	0	0	0	0	
0.236	0.792721	-0.0663243	1.91886	1.26148	6.05151	2.42061	8.61254e-08	0	0	0	0	0	0	0	0	
0.237	0.792956	-0.0658229	1.91983	1.2611	6.05275	2.4211	8.58333e-08	0	0	0	0	0	0	0	0	
0.238	0.793192	-0.0653161	1.92079	1.26073	6.05399	2.42159	8.55763e-08	0	0	0	0	0	0	0	0	
0.239	0.793431	-0.0648065	1.92175	1.26035	6.0552	2.42208	8.53785e-08	0	0	0	0	0	0	0	0	
0.24	0.793674	-0.0642966	1.92271	1.25996	6.05635	2.42254	8.52556e-08	0	0	0	0	0	0	0	0	
0.241	0.793924	-0.0637893	1.92365	1.25957	6.05742	2.42297	8.5214e-08	0	0	0	0	0	0	0	0	
0.242	0.794183	-0.0632872	1.92459	1.25916	6.05839	2.42336	8.52506e-08	0	0	0	0	0	0	0	0	
0.243	0.794454	-0.0627926	1.92551	1.25873	6.05922	2.42369	8.53542e-08	0	0	0	0	0	0	0	0	
0.244	0.794737	-0.0623081	1.92641	1.25828	6.05991	2.42396	8.55074e-08	0	0	0	0	0	0	0	0	
0.245	0.795033	-0.061836	1.9273	1.25781	6.06045	2.42418	8.56901e-08	0	0	0	0	0	0	0	0	
0.246	0.79534	-0.0613785	1.92817	1.25732	6.06085	2.42434	8.5882e-08	0	0	0	0	0	0	0	0	
0.247	0.795658	-0.0609378	1.92903	1.25682	6.06112	2.42445	8.60662e-08	0	0	0	0	0	0	0	0	
0.248	0.795984	-0.0605158	1.92987	1.25631	6.06128	2.42451	8.62307e-08	0	0	0	0	0	0	0	0	
0.249	0.796316	-0.0601143	1.93071	1.25578	6.06137	2.42455	8.63688e-08	0	0	0	0	0	0	0	0	
0.25	0.796651	-0.0597343	1.93154	1.25526	6.06143	2.42457	8.64785e-08	0	0	0	0	0	0	0	0	
0.251	0.796986	-0.059376	1.93237	1.25473	6.06148	2.42459	8.6561e-08	0	0	0	0	0	0	0	0	
0.252	0.797319	-0.0590385	1.9332	1.2542	6.06156	2.42463	8.66194e-08	0	0	0	0	0	0	0	0	
0.253	0.797647	-0.0587194	1.93404	1.25369	6.06171	2.42468	8.66578e-08	0	0	0	0	0	0	0	0	
0.254	0.797969	-0.0584152	1.9349	1.25318	6.06194	2.42477	8.66808e-08	0	0	0	0	0	0	0	0	
0.255	0.798285	-0.0581214	1.93577	1.25269	6.06227	2.42491	8.66927e-08	0	0	0	0	0	0	0	0	
0.256	0.798593	-0.0578328	1.93666	1.2522	6.06273	2.42509	8.66977e-08	0	0	0	0	0	0	0	0	
0.257	0.798896	-0.0575438	1.93758	1.25173	6.06331	2.42532	8.66989e-08	0	0	0	0	0	0	0	0	
0.258	0.799197	-0.0572484	1.93854	1.25126	6.06403	2.42561	8.66984e-08	0	0	0	0	0	0	0	0	
0.259	0.799497	-0.0569401	1.93954	1.25079	6.06488	2.42595	8.66962e-08	0	0	0	0	0	0	0	0	
0.26	0.7998	-0.0566124	1.94059	1.25031	6.06587	2.42635	8.66912e-08	0	0	0	0	0	0	0	0	
0.261	0.80011	-0.0562578	1.9417	1.24983	6.06699	2.4268	8.66801e-08	0	0	0	0	0	0	0	0	
0.262	0.80043	-0.0558687	1.94288	1.24933	6.06824	2.42729	8.66593e-08	0	0	0	0	0	0	0	0	
0.263	0.800765	-0.0554369	1.94413	1.24881	6.0696	2.42784	8.66255e-08	0	0	0	0	0	0	0	0	
0.264	0.801116	-0.0549537	1.94546	1.24826	6.07109	2.42843	8.65773e-08	0	0	0	0	0	0	0	0	
0.265	0.801487	-0.0544103	1.94687	1.24768	6.07268	2.42907	8.65165e-08	0	0	0	0	0	0	0	0	
0.266	0.801881	-0.0537984	1.94837	1.24707	6.07437	2.42975	8.64478e-08	0	0	0	0	0	0	0	0	
0.267	0.8023	-0.053111	1.94996	1.24642	6.07616	2.43046	8.63778e-08	0	0	0	0	0	0	0	0	
0.268	0.802748	-0.0523428	1.95165	1.24572	6.07804	2.43122	8.63128e-08	0	0	0	0	0	0	0	0	
0.269	0.803228	-0.0514906	1.95346	1.24498	6.08001	2.432	8.62565e-08	0	0	0	0	0	0	0	0	
0.27	0.803746	-0.0505528	1.95538	1.24417	6.08208	2.43283	8.62082e-08	0	0	0	0	0	0	0	0	
0.271	0.804305	-0.0495284	1.95743	1.24331	6.08423	2.43369	8.61621e-08	0	0	0	0	0	0	0	0	
0.272	0.804907	-0.0484158	1.95962	1.24238	6.08646	2.43459	8.61089e-08	0	0	0	0	0	0	0	0	
0.273	0.805555	-0.0472127	1.96194	1.24138	6.08878	2.43551	8.60375e-08	0	0	0	0	0	0	0	0	
0.274	0.806248	-0.0459161	1.96439	1.24031	6.09116	2.43646	8.59382e-08	0	0	0	0	0	0	0	0	
0.275	0.806987	-0.0445243	1.96698	1.23918	6.09359	2.43744	8.58057e-08	0	0	0	0	0	0	0	0	
0.276	0.807774	-0.0430383	1.96971	1.23797	6.09609	2.43844	8.56412e-08	0	0	0	0	0	0	0	0	
0.277	0.80861	-0.0414619	1.97257	1.23669	6.09865	2.43946	8.54532e-08	0	0	0	0	0	0	0	0	
0.278	0.809495	-0.0397997	1.97558	1.23534	6.10128	2.44051	8.52572e-08	0	0	0	0	0	0	0	0	
0.279	0.81043	-0.0380541	1.97874	1.23391	6.10397	2.44159	8.50735e-08	0	0	0	0	0	0	0	0	
0.28	0.81141	-0.0362246	1.98202	1.23242	6.10673	2.44269	8.4925e-08	0	0	0	0	0	0	0	0	
0.281	0.812432	-0.03431	1.98544	1.23087	6.10955	2.44382	8.48331e-08	0	0	0	0	0	0	0	0	
0.282	0.813492	-0.0323125	1.98897	1.22927	6.11245	2.44498	8.48152e-08	0	0	0	0	0	0	0	0	
0.283	0.814591	-0.0302396	1.99263	1.22761	6.11544	2.44618	8.48817e-08	0	0	0	0	0	0	0	0	
0.284	0.815731	-0.0281018	1.99643	1.22589	6.11853	2.44741	8.50346e-08	0	0	0	0	0	0	0	0	
0.285	0.816907	-0.0259046	2.00036	1.22413	6.12173	2.44869	8.52677e-08	0	0	0	0	0	0	0	0	
0.286	0.818114	-0.0236447	2.00439	1.22232	6.12504	2.45002	8.55675e-08	0	0	0	0	0	0	0	0	
0.287	0.819344	-0.0213151	2.00852	1.22049	6.12844	2.45138	8.59149e-08	0	0	0	0	0	0	0	0	
0.288	0.820598	-0.0189208	2.01274	1.21862	6.13194	2.45278	8.62882e-08	0	0	0	0	0	0	0	0	
0.289	0.821883	-0.016483	2.01709	1.21672	6.13557	2.45423	8.66647e-08	0	0	0	0	0	0	0	0	
0.29	0.823194	-0.0140073	2.02154	1.21478	6.13932	2.45573	8.70234e-08	0	0	0	0	0	0	0	0	
0.291	0.824521	-0.0114768	2.02607	1.21283	6.14316	2.45727	8.73459e-08	0	0	0	0	0	0	0	0	
0.292	0.825853	-0.00889253	2.03063	1.21087	6.14706	2.45883	8.76172e-08	0	0	0	0	0	0	0	0	
0.293	0.827195	-0.00626038	2.03524	1.20891	6.15103	2.46041	8.78263e-08	0	0	0	0	0	0	0	0	
0.294	0.828596	-0.00368396	2.04008	1.20686	6.15522	2.46209	8.79659e-08	0	0	0	0	0	0	0	0	
0.295	0.829932	-0.000961867	2.04471	1.20492	6.15926	2.4637	8.80322e-08	0	0	0	0	0	0	0	0	
0.296	0.831519	0.00187266	2.05022	1.20262	6.16408	2.46563	8.80247e-08	0	0	0	0	0	0	0	0	
0.297	0.83365	0.00669104	2.05762	1.19954	6.17053	2.46821	8.7946e-08	0	0	0	0	0	0	0	0	
0.298	0.835935	0.0109472	2.06558	1.19627	6.17747	2.47099	8.78014e-08	0	0	0	0	0	0	0	0	
0.299	0.838186	0.0151015	2.07344	1.19305	6.18432	2.47373	8.75982e-08	0	0	0	0	0	0	0	0	
0.3	0.840407	0.0191691	2.08122	1.1899	6.1911	2.47644	8.73457e-08	0	0	0	0	0	0	0	0	
0.301	0.842598	0.0231516	2.0889	1.18681	6.1978	2.47912	8.70544e-08	0	0	0	0	0	0	0	0	
0.302	0.844765	0.0270608	2.09651	1.18376	6.20442	2.48177	8.6735e-08	0	0	0	0	0	0	0	0	
0.303	0.846914	0.030911	2.10407	1.18076	6.21098	2.48439	8.63982e-08	0	0	0	0	0	0	0	0	
0.304	0.849054	0.0347154	2.11159	1.17778	6.21747	2.48699	8.60535e-08	0	0	0	0	0	0	0	0	
0.305	0.851189	0.0384852	2.11909	1.17483	6.22391	2.48956	8.57098e-08	0	0	0	0	0	0	0	0	
0.306	0.853325	0.0422301	2.12659	1.17189	6.23029	2.49212	8.53749e-08	0	0	0	0	0	0	0	0	
0.307	0.855464	0.0459584	2.13408	1.16896	6.23662	2.49465	8.50557e-08	0	0	0	0	0	0	0	0	
0.308	0.857609	0.0496773	2.14158	1.16603	6.24287	2.49715	8.4759e-08	0	0	0	0	0	0	0	0	
0.309	0.859763	0.0533928	2.14909	1.16311	6.24907	2.49963	8.44912e-08	0	0	0	0	0	0	0	0	
0.31	0.861925	0.0571105	2.1566	1.16019	6.2552	2.50208	8.42582e-08	0	0	0	0	0	0	0	0	
0.311	0.864096	0.0608348	2.16413	1.15728	6.26126	2.50451	8.40656e-08	0	0	0	0	0	0	0	0	
0.312	0.866278	0.0645694	2.17168	1.15436	6.26727	2.50691	8.39179e-08	0	0	0	0	0	0	0	0	
0.313	0.868468	0.0683175	2.17924	1.15145	6.27324	2.50929	8.38186e-08	0	0	0	0	0	0	0	0	
0.314	0.870667	0.0720812	2.18682	1.14855	6.27916	2.51167	8.37696e-08	0	0	0	0	0	0	0	0	
0.315	0.872873	0.0758622	2.19443	1.14564	6.28507	2.51403	8.37709e-08	0	0	0	0	0	0	0	0	
0.316	0.875085	0.0796617	2.20205	1.14275	6.29096	2.51639	8.38211e-08	0	0	0	0	0	0	0	0	
0.317	0.877303	0.0834802	2.2097	1.13986	6.29687	2.51875	8.39167e-08	0	0	0	0	0	0	0	0	
0.318	0.879526	0.0873179	2.21739	1.13698	6.30279	2.52112	8.40534e-08	0	0	0	0	0	0	0	0	
0.319	0.881752	0.0911747	2.2251	1.13411	6.30875	2.5235	8.42256e-08	0	0	0	0	0	0	0	0	
0.32	0.883981	0.0950503	2.23285	1.13125	6.31476	2.5259	8.44272e-08	0	0	0	0	0	0	0	0	
0.321	0.886214	0.0989442	2.24064	1.1284	6.32082	2.52833	8.46521e-08	0	0	0	0	0	0	0	0	
0.322	0.888449	0.102856	2.24847	1.12556	6.32695	2.53078	8.48942e-08	0	0	0	0	0	0	0	0	
0.323	0.890686	0.106785	2.25634	1.12273	6.33315	2.53326	8.51481e-08	0	0	0	0	0	0	0	0	
0.324	0.892927	0.110731	2.26426	1.11991	6.33942	2.53577	8.54087e-08	0	0	0	0	0	0	0	0	
0.325	0.895171	0.114693	2.27222	1.11711	6.34578	2.53831	8.56711e-08	0	0	0	0	0	0	0	0	
0.326	0.897418	0.118671	2.28024	1.11431	6.35221	2.54089	8.59298e-08	0	0	0	0	0	0	0	0	
0.327	0.899669	0.122666	2.2883	1.11152	6.35873	2.54349	8.61786e-08	0	0	0	0	0	0	0	0	
0.328	0.901924	0.126676	2.29642	1.10874	6.36533	2.54613	8.64097e-08	0	0	0	0	0	0	0	0	
0.329	0.904184	0.130703	2.30459	1.10597	6.372	2.5488	8.66139e-08	0	0	0	0	0	0	0	0	
0.33	0.90645	0.134747	2.3128	1.1032	6.37874	2.5515	8.67809e-08	0	0	0	0	0	0	0	0	
0.331	0.908724	0.138808	2.32108	1.10044	6.38553	2.55421	8.69005e-08	0	0	0	0	0	0	0	0	
0.332	0.911007	0.142886	2.3294	1.09769	6.39237	2.55695	8.69637e-08	0	0	0	0	0	0	0	0	
0.333	0.913302	0.146981	2.33777	1.09493	6.39923	2.55969	8.69644e-08	0	0	0	0	0	0	0	0	
0.334	0.915612	0.151094	2.3462	1.09217	6.40611	2.56244	8.69011e-08	0	0	0	0	0	0	0	0	
0.335	0.917939	0.155224	2.35469	1.0894	6.41297	2.56519	8.67777e-08	0	0	0	0	0	0	0	0	
0.336	0.920288	0.15937	2.36323	1.08662	6.4198	2.56792	8.66041e-08	0	0	0	0	0	0	0	0	
0.337	0.92266	0.163532	2.37183	1.08382	6.42659	2.57064	8.63951e-08	0	0	0	0	0	0	0	0	
0.338	0.925061	0.167708	2.38049	1.08101	6.43332	2.57333	8.61696e-08	0	0	0	0	0	0	0	0	
0.339	0.927492	0.171896	2.38922	1.07818	6.43999	2.576	8.59476e-08	0	0	0	0	0	0	0	0	
0.34	0.929956	0.176095	2.39802	1.07532	6.44659	2.57864	8.57484e-08	0	0	0	0	0	0	0	0	
0.341	0.932453	0.180303	2.4069	1.07244	6.45314	2.58125	8.5587e-08	0	0	0	0	0	0	0	0	
0.342	0.934985	0.184517	2.41586	1.06954	6.45963	2.58385	8.54728e-08	0	0	0	0	0	0	0	0	
0.343	0.93755	0.188736	2.42491	1.06661	6.46609	2.58644	8.54076e-08	0	0	0	0	0	0	0	0	
0.344	0.940146	0.192959	2.43405	1.06366	6.47254	2.58901	8.53854e-08	0	0	0	0	0	0	0	0	
0.345	0.942771	0.197186	2.44328	1.0607	6.47899	2.5916	8.53938e-08	0	0	0	0	0	0	0	0	
0.346	0.945421	0.201416	2.45261	1.05773	6.48549	2.5942	8.54157e-08	0	0	0	0	0	0	0	0	
0.347	0.948093	0.20565	2.46203	1.05475	6.49204	2.59682	8.5432e-08	0	0	0	0	0	0	0	0	
0.348	0.950783	0.20989	2.47153	1.05176	6.49868	2.59947	8.5425e-08	0	0	0	0	0	0	0	0	
0.349	0.953486	0.214139	2.48113	1.04878	6.50541	2.60217	8.53809e-08	0	0	0	0	0	0	0	0	
0.35	0.956198	0.218398	2.4908	1.04581	6.51226	2.6049	8.52924e-08	0	0	0	0	0	0	0	0	
0.351	0.958916	0.22267	2.50055	1.04284	6.51922	2.60769	8.51594e-08	0	0	0	0	0	0	0	0	
0.352	0.961636	0.226959	2.51038	1.03989	6.52631	2.61053	8.49894e-08	0	0	0	0	0	0	0	0	
0.353	0.964356	0.231267	2.52026	1.03696	6.53353	2.61341	8.47964e-08	0	0	0	0	0	0	0	0	
0.354	0.967075	0.235597	2.53021	1.03405	6.54087	2.61635	8.45991e-08	0	0	0	0	0	0	0	0	
0.355	0.969791	0.23995	2.5402	1.03115	6.54833	2.61933	8.44186e-08	0	0	0	0	0	0	0	0	
0.356	0.972504	0.244329	2.55026	1.02827	6.5559	2.62236	8.42758e-08	0	0	0	0	0	0	0	0	
0.357	0.975216	0.248733	2.56036	1.02541	6.56357	2.62543	8.41889e-08	0	0	0	0	0	0	0	0	
0.358	0.977928	0.253163	2.57051	1.02257	6.57132	2.62853	8.41711e-08	0	0	0	0	0	0	0	0	
0.359	0.980642	0.25762	2.58071	1.01974	6.57914	2.63165	8.42297e-08	0	0	0	0	0	0	0	0	
0.36	0.983363	0.262102	2.59096	1.01692	6.587	2.6348	8.4365e-08	0	0	0	0	0	0	0	0	
0.361	0.986094	0.266608	2.60127	1.0141	6.59489	2.63796	8.45702e-08	0	0	0	0	0	0	0	0	
0.362	0.988839	0.271138	2.61163	1.01129	6.60277	2.64111	8.48327e-08	0	0	0	0	0	0	0	0	
0.363	0.991605	0.275691	2.62205	1.00847	6.61063	2.64425	8.5135e-08	0	0	0	0	0	0	0	0	
0.364	0.994395	0.280266	2.63253	1.00564	6.61843	2.64737	8.54569e-08	0	0	0	0	0	0	0	0	
0.365	0.997215	0.28486	2.64308	1.00279	6.62615	2.65046	8.57778e-08	0	0	0	0	0	0	0	0	
0.366	1.00007	0.289475	2.65369	0.999932	6.63377	2.65351	8.6078e-08	0	0	0	0	0	0	0	0	
0.367	1.00296	0.294108	2.66437	0.997051	6.64128	2.65651	8.63411e-08	0	0	0	0	0	0	0	0	
0.368	1.00588	0.298759	2.67512	0.994149	6.64867	2.65947	8.65543e-08	0	0	0	0	0	0	0	0	
0.369	1.00885	0.303427	2.68594	0.991228	6.65595	2.66238	8.67087e-08	0	0	0	0	0	0	0	0	
0.37	1.01185	0.308113	2.69684	0.988287	6.66313	2.66525	8.67988e-08	0	0	0	0	0	0	0	0	
0.371	1.01489	0.312815	2.70781	0.985331	6.67022	2.66809	8.68222e-08	0	0	0	0	0	0	0	0	
0.372	1.01795	0.317534	2.71886	0.982365	6.67727	2.67091	8.67781e-08	0	0	0	0	0	0	0	0	
0.373	1.02104	0.32227	2.72998	0.979393	6.6843	2.67372	8.66674e-08	0	0	0	0	0	0	0	0	
0.374	1.02415	0.327022	2.74118	0.976421	6.69135	2.67654	8.64927e-08	0	0	0	0	0	0	0	0	
0.375	1.02727	0.331791	2.75245	0.973454	6.69846	2.67938	8.62582e-08	0	0	0	0	0	0	0	0	
0.376	1.0304	0.336577	2.7638	0.970499	6.70565	2.68226	8.59704e-08	0	0	0	0	0	0	0	0	
0.377	1.03353	0.341381	2.77522	0.967559	6.71297	2.68519	8.56378e-08	0	0	0	0	0	0	0	0	
0.378	1.03666	0.346201	2.78672	0.964638	6.72043	2.68817	8.5271e-08	0	0	0	0	0	0	0	0	
0.379	1.03978	0.351039	2.79829	0.961739	6.72806	2.69122	8.48812e-08	0	0	0	0	0	0	0	0	
0.38	1.0429	0.355892	2.80994	0.958863	6.73586	2.69435	8.44794e-08	0	0	0	0	0	0	0	0	
0.381	1.04602	0.360761	2.82167	0.956009	6.74385	2.69754	8.4075e-08	0	0	0	0	0	0	0	0	
0.382	1.04912	0.365643	2.83348	0.953177	6.75202	2.70081	8.36751e-08	0	0	0	0	0	0	0	0	
0.383	1.05223	0.370536	2.84538	0.950365	6.76038	2.70415	8.32845e-08	0	0	0	0	0	0	0	0	
0.384	1.05533	0.375438	2.85738	0.947569	6.76891	2.70756	8.29062e-08	0	0	0	0	0	0	0	0	
0.385	1.05844	0.380346	2.86947	0.944785	6.77759	2.71104	8.25429e-08	0	0	0	0	0	0	0	0	
0.386	1.06156	0.385259	2.88168	0.942009	6.78641	2.71456	8.21983e-08	0	0	0	0	0	0	0	0	
0.387	1.0647	0.390175	2.89399	0.939236	6.79534	2.71814	8.18785e-08	0	0	0	0	0	0	0	0	
0.388	1.06785	0.395094	2.90641	0.93646	6.80434	2.72174	8.15927e-08	0	0	0	0	0	0	0	0	
0.389	1.07103	0.400016	2.91894	0.933678	6.81338	2.72535	8.13533e-08	0	0	0	0	0	0	0	0	
0.39	1.07425	0.404942	2.93158	0.930884	6.82241	2.72896	8.11746e-08	0	0	0	0	0	0	0	0	
0.391	1.0775	0.409874	2.94433	0.928076	6.8314	2.73256	8.10708e-08	0	0	0	0	0	0	0	0	
0.392	1.08079	0.414817	2.95717	0.925249	6.8403	2.73612	8.10531e-08	0	0	0	0	0	0	0	0	
0.393	1.08412	0.419772	2.9701	0.922404	6.84908	2.73963	8.11269e-08	0	0	0	0	0	0	0	0	
0.394	1.0875	0.424744	2.98311	0.91954	6.85772	2.74309	8.12899e-08	0	0	0	0	0	0	0	0	
0.395	1.09092	0.429734	2.99619	0.916658	6.86621	2.74648	8.15317e-08	0	0	0	0	0	0	0	0	
0.396	1.09438	0.434746	3.00935	0.91376	6.87455	2.74982	8.18351e-08	0	0	0	0	0	0	0	0	
0.397	1.09787	0.439781	3.02257	0.910852	6.88277	2.75311	8.21788e-08	0	0	0	0	0	0	0	0	
0.398	1.1014	0.444839	3.03585	0.907936	6.89089	2.75636	8.25418e-08	0	0	0	0	0	0	0	0	
0.399	1.10495	0.449921	3.0492	0.90502	6.89896	2.75958	8.29062e-08	0	0	0	0	0	0	0	0	
0.4	1.10852	0.455026	3.06261	0.902107	6.90701	2.7628	8.32596e-08	0	0	0	0	0	0	0	0	
0.401	1.11209	0.460153	3.07609	0.899204	6.91509	2.76604	8.35951e-08	0	0	0	0	0	0	0	0	
0.402	1.11568	0.4653	3.08965	0.896315	6.92325	2.7693	8.39093e-08	0	0	0	0	0	0	0	0	
0.403	1.11926	0.470466	3.10328	0.893444	6.93151	2.7726	8.41998e-08	0	0	0	0	0	0	0	0	
0.404	1.12285	0.47565	3.11699	0.890592	6.93992	2.77597	8.44627e-08	0	0	0	0	0	0	0	0	
0.405	1.12643	0.480851	3.13078	0.887762	6.94848	2.77939	8.4692e-08	0	0	0	0	0	0	0	0	
0.406	1.13	0.486067	3.14466	0.884955	6.95721	2.78288	8.4881e-08	0	0	0	0	0	0	0	0	
0.407	1.13357	0.491298	3.15863	0.882169	6.96611	2.78644	8.50246e-08	0	0	0	0	0	0	0	0	
0.408	1.13713	0.496544	3.17268	0.879404	6.97518	2.79007	8.51226e-08	0	0	0	0	0	0	0	0	
0.409	1.1407	0.501805	3.18683	0.876657	6.98439	2.79376	8.51814e-08	0	0	0	0	0	0	0	0	
0.41	1.14426	0.507079	3.20106	0.873926	6.99374	2.79749	8.52134e-08	0	0	0	0	0	0	0	0	
0.411	1.14783	0.512368	3.21539	0.871208	7.00319	2.80128	8.52343e-08	0	0	0	0	0	0	0	0	
0.412	1.15141	0.51767	3.22981	0.868499	7.01272	2.80509	8.52586e-08	0	0	0	0	0	0	0	0	
0.413	1.15501	0.522987	3.24432	0.865794	7.02229	2.80891	8.52955e-08	0	0	0	0	0	0	0	0	
0.414	1.15863	0.528316	3.25893	0.863088	7.03186	2.81274	8.53463e-08	0	0	0	0	0	0	0	0	
0.415	1.16228	0.53366	3.27363	0.860377	7.0414	2.81656	8.54051e-08	0	0	0	0	0	0	0	0	
0.416	1.16597	0.539016	3.28844	0.857656	7.05086	2.82035	8.54619e-08	0	0	0	0	0	0	0	0	
0.417	1.1697	0.544386	3.30334	0.85492	7.06022	2.82409	8.55069e-08	0	0	0	0	0	0	0	0	
0.418	1.17348	0.54977	3.31834	0.852168	7.06945	2.82778	8.55353e-08	0	0	0	0	0	0	0	0	
0.419	1.1773	0.555167	3.33344	0.849398	7.07854	2.83142	8.55488e-08	0	0	0	0	0	0	0	0	
0.42	1.18118	0.560578	3.34864	0.846611	7.08748	2.83499	8.55542e-08	0	0	0	0	0	0	0	0	
0.421	1.1851	0.566005	3.36394	0.84381	7.09631	2.83852	8.55598e-08	0	0	0	0	0	0	0	0	
0.422	1.18906	0.571448	3.37934	0.840999	7.10504	2.84202	8.55719e-08	0	0	0	0	0	0	0	0	
0.423	1.19306	0.576906	3.39484	0.838182	7.11373	2.84549	8.55916e-08	0	0	0	0	0	0	0	0	
0.424	1.19708	0.582381	3.41044	0.835366	7.12241	2.84897	8.56153e-08	0	0	0	0	0	0	0	0	
0.425	1.20112	0.58787	3.42615	0.832556	7.13115	2.85246	8.56359e-08	0	0	0	0	0	0	0	0	
0.426	1.20517	0.593372	3.44197	0.829756	7.13998	2.85599	8.56449e-08	0	0	0	0	0	0	0	0	
0.427	1.20923	0.598886	3.45791	0.826969	7.14895	2.85958	8.56332e-08	0	0	0	0	0	0	0	0	
0.428	1.2133	0.60441	3.47397	0.824198	7.15809	2.86324	8.55923e-08	0	0	0	0	0	0	0	0	
0.429	1.21737	0.609943	3.49016	0.821443	7.16742	2.86697	8.55166e-08	0	0	0	0	0	0	0	0	
0.43	1.22144	0.615486	3.50648	0.818704	7.17693	2.87077	8.54047e-08	0	0	0	0	0	0	0	0	
0.431	1.22552	0.62104	3.52293	0.815983	7.18663	2.87465	8.52615e-08	0	0	0	0	0	0	0	0	
0.432	1.22959	0.626607	3.5395	0.813278	7.19649	2.8786	8.50966e-08	0	0	0	0	0	0	0	0	
0.433	1.23367	0.632192	3.55618	0.810589	7.2065	2.8826	8.49195e-08	0	0	0	0	0	0	0	0	
0.434	1.23776	0.637795	3.57297	0.807913	7.21663	2.88665	8.47337e-08	0	0	0	0	0	0	0	0	
0.435	1.24185	0.64342	3.58987	0.805249	7.22685	2.89074	8.45336e-08	0	0	0	0	0	0	0	0	
0.436	1.24596	0.649065	3.60688	0.802592	7.23712	2.89485	8.43078e-08	0	0	0	0	0	0	0	0	
0.437	1.2501	0.654732	3.62399	0.799938	7.24742	2.89897	8.40494e-08	0	0	0	0	0	0	0	0	
0.438	1.25426	0.660418	3.64123	0.797281	7.25771	2.90308	8.37689e-08	0	0	0	0	0	0	0	0	
0.439	1.25847	0.666122	3.65859	0.794618	7.26796	2.90718	8.35001e-08	0	0	0	0	0	0	0	0	
0.44	1.26272	0.671841	3.67609	0.791942	7.27813	2.91125	8.32929e-08	0	0	0	0	0	0	0	0	
0.441	1.26702	0.677576	3.69373	0.789251	7.28821	2.91528	8.31938e-08	0	0	0	0	0	0	0	0	
0.442	1.27139	0.683325	3.71153	0.786542	7.29818	2.91927	8.32199e-08	0	0	0	0	0	0	0	0	
0.443	1.27581	0.689088	3.72947	0.783817	7.30806	2.92322	8.33421e-08	0	0	0	0	0	0	0	0	
0.444	1.28028	0.694867	3.74757	0.781078	7.31787	2.92715	8.34878e-08	0	0	0	0	0	0	0	0	
0.445	1.2848	0.700663	3.76583	0.778328	7.32764	2.93105	8.35673e-08	0	0	0	0	0	0	0	0	
0.446	1.28937	0.706476	3.78425	0.775573	7.33741	2.93496	8.35121e-08	0	0	0	0	0	0	0	0	
0.447	1.29396	0.71231	3.80282	0.772819	7.34723	2.93889	8.33076e-08	0	0	0	0	0	0	0	0	
0.448	1.29859	0.718166	3.82155	0.770069	7.35714	2.94286	8.29967e-08	0	0	0	0	0	0	0	0	
0.449	1.30322	0.724048	3.84043	0.767328	7.36718	2.94687	8.26531e-08	0	0	0	0	0	0	0	0	
0.45	1.30787	0.729957	3.85946	0.7646	7.37737	2.95095	8.234e-08	0	0	0	0	0	0	0	0	
0.451	1.31253	0.735896	3.87865	0.761885	7.38771	2.95508	8.20871e-08	0	0	0	0	0	0	0	0	
0.452	1.3172	0.741869	3.89798	0.759184	7.3982	2.95928	8.19002e-08	0	0	0	0	0	0	0	0	
0.453	1.32189	0.747875	3.91746	0.756495	7.40884	2.96354	8.17887e-08	0	0	0	0	0	0	0	0	
0.454	1.32658	0.753918	3.93709	0.753817	7.41961	2.96785	8.17765e-08	0	0	0	0	0	0	0	0	
0.455	1.3313	0.759996	3.95689	0.751146	7.4305	2.9722	8.18766e-08	0	0	0	0	0	0	0	0	
0.456	1.33604	0.766112	3.97686	0.74848	7.44149	2.9766	8.20528e-08	0	0	0	0	0	0	0	0	
0.457	1.34081	0.772265	3.997	0.745816	7.45257	2.98103	8.22202e-08	0	0	0	0	0	0	0	0	
0.458	1.34562	0.778458	4.01732	0.743153	7.46371	2.98549	8.23022e-08	0	0	0	0	0	0	0	0	
0.459	1.35046	0.784698	4.03782	0.740489	7.47491	2.98996	8.22922e-08	0	0	0	0	0	0	0	0	
0.46	1.35533	0.790995	4.05847	0.737826	7.48611	2.99445	8.22558e-08	0	0	0	0	0	0	0	0	
0.461	1.36023	0.797366	4.07923	0.735168	7.4973	2.99892	8.22552e-08	0	0	0	0	0	0	0	0	
0.462	1.36515	0.803834	4.10004	0.73252	7.50841	3.00336	8.22682e-08	0	0	0	0	0	0	0	0	
0.463	1.37008	0.81041	4.12088	0.729885	7.51942	3.00777	8.22314e-08	0	0	0	0	0	0	0	0	
0.464	1.37502	0.817092	4.14177	0.72726	7.53036	3.01214	8.21947e-08	0	0	0	0	0	0	0	0	
0.465	1.38002	0.823844	4.16285	0.724627	7.54129	3.01651	8.23454e-08	0	0	0	0	0	0	0	0	
0.466	1.38512	0.830602	4.18437	0.721959	7.55235	3.02094	8.28458e-08	0	0	0	0	0	0	0	0	
0.467	1.39038	0.837293	4.20659	0.719225	7.56372	3.02549	8.36422e-08	0	0	0	0	0	0	0	0	
0.468	1.39586	0.843869	4.22973	0.716404	7.5755	3.0302	8.4383e-08	0	0	0	0	0	0	0	0	
0.469	1.40154	0.850338	4.2538	0.713498	7.5877	3.03508	8.4709e-08	0	0	0	0	0	0	0	0	
0.47	1.4074	0.856769	4.27861	0.710533	7.60022	3.04009	8.44542e-08	0	0	0	0	0	0	0	0	
0.471	1.41334	0.863267	4.30385	0.707545	7.61291	3.04516	8.35125e-08	0	0	0	0	0	0	0	0	
0.472	1.41931	0.869926	4.32923	0.704569	7.62561	3.05024	8.22313e-08	0	0	0	0	0	0	0	0	
0.473	1.42527	0.8768	4.35463	0.701619	7.63824	3.05529	8.21498e-08	0	0	0	0	0	0	0	0	
0.474	1.43125	0.883886	4.38011	0.698688	7.65083	3.06033	8.3579e-08	0	0	0	0	0	0	0	0	
0.475	1.43728	0.891154	4.40584	0.695758	7.6635	3.0654	8.49198e-08	0	0	0	0	0	0	0	0	
0.476	1.4434	0.898572	4.43201	0.69281	7.67635	3.07054	8.64827e-08	0	0	0	0	0	0	0	0	
0.477	1.44963	0.906128	4.45876	0.689833	7.6895	3.0758	8.56716e-08	0	0	0	0	0	0	0	0	
0.478	1.45598	0.913824	4.48619	0.686823	7.70305	3.08122	8.25384e-08	0	0	0	0	0	0	0	0	
0.479	1.46246	0.92167	4.5144	0.683779	7.71712	3.08685	8.3385e-08	0	0	0	0	0	0	0	0	
0.48	1.46909	0.929683	4.54348	0.680695	7.73181	3.09272	9.27246e-08	0	0	0	0	0	0	0	0	
0.481	1.47587	0.937901	4.57347	0.677566	7.74708	3.09883	8.40513e-08	0	0	0	0	0	0	0	0	
0.482	1.48285	0.946372	4.60443	0.674375	7.76279	3.10511	8.59531e-08	0	0	0	0	0	0	0	0	
0.483	1.49013	0.955122	4.63653	0.671084	7.77875	3.1115	1.50701e-07	0	0	0	0	0	0	0	0	
0.484	1.4978	0.964162	4.67006	0.667644	7.79485	3.11794	2.96152e-07	0	0	0	0	0	0	0	0	
0.485	1.50596	0.973542	4.70527	0.664027	7.81106	3.12442	5.87245e-07	0	0	0	0	0	0	0	0	
0.486	1.51461	0.983386	4.74221	0.660237	7.82746	3.13099	1.17221e-06	0	0	0	0	0	0	0	0	
0.487	1.52374	0.993813	4.78114	0.656281	7.84442	3.13777	2.35402e-06	0	0	0	0	0	0	0	0	
0.488	1.53347	1.00485	4.82282	0.652117	7.8626	3.14504	4.75666e-06	0	0	0	0	0	0	0	0	
0.489	1.54395	1.01659	4.86816	0.647691	7.88266	3.15306	9.68233e-06	0	0	0	0	0	0	0	0	
0.49	1.55523	1.02934	4.91757	0.642991	7.90488	3.16195	1.98993e-05	0	0	0	0	0	0	0	0	
0.491	1.56745	1.04356	4.97163	0.637979	7.92949	3.1718	4.13695e-05	0	0	0	0	0	0	0	0	
0.492	1.58116	1.0595	5.03275	0.632449	7.95739	3.18296	8.71997e-05	0	0	0	0	0	0	0	0	
0.493	1.59725	1.07745	5.10481	0.626075	7.98999	3.196	0.000186994	0	0	0	0	0	0	0	0	
0.494	1.61643	1.09865	5.19076	0.618646	8.0281	3.21124	0.000408456	0	0	0	0	0	0	0	0	
0.495	1.63963	1.12521	5.2944	0.609892	8.07254	3.22901	0.000912012	0	0	0	0	0	0	0	0	
0.496	1.66982	1.15914	5.42818	0.598867	8.1269	3.25076	0.00209687	0	0	0	0	0	0	0	0	
0.497	1.71273	1.20338	5.61599	0.583864	8.19743	3.27897	0.0049745	0	0	0	0	0	0	0	0	
0.498	1.77669	1.26613	5.88852	0.562845	8.28582	3.31433	0.0122886	0	0	0	0	0	0	0	0	
0.499	1.87863	1.36298	6.29902	0.532302	8.38246	3.35298	0.03214	0	0	0	0	0	0	0	0	
0.5	2.06461	1.51392	6.97652	0.484353	8.44775	3.3791	0.0888153	0	0	0	0	0	0	0	0	
0.501	2.41905	1.72736	7.97484	0.413385	8.2417	3.29668	0.252736	0	0	0	0	0	0	0	0	
0.502	2.39618	1.56947	6.28528	0.417331	6.5576	2.62304	0.639422	0	0	0	0	0	0	0	0	
0.503	1.40918	0.577606	2.19475	0.709633	3.89367	1.55747	0.922179	0	0	0	0	0	0	0	0	
0.504	1.04802	0.101614	1.16924	0.954177	2.78917	1.11567	0.960346	0	0	0	0	0	0	0	0	
0.505	1.02709	0.0819957	1.1322	0.973626	2.75584	1.10233	0.960772	0	0	0	0	0	0	0	0	
0.506	1.02681	0.0816888	1.1314	0.973886	2.75464	1.10185	0.961063	0	0	0	0	0	0	0	0	
0.507	1.02667	0.081516	1.13091	0.974021	2.75382	1.10153	0.961328	0	0	0	0	0	0	0	0	
0.508	1.0265	0.081346	1.13042	0.974185	2.75311	1.10124	0.961578	0	0	0	0	0	0	0	0	
0.509	1.02633	0.0811778	1.12994	0.974347	2.75239	1.10096	0.961828	0	0	0	0	0	0	0	0	
0.51	1.02619	0.0810114	1.12947	0.974474	2.75159	1.10064	0.962091	0	0	0	0	0	0	0	0	
0.511	1.02612	0.0808465	1.12899	0.974542	2.75063	1.10025	0.962376	0	0	0	0	0	0	0	0	
0.512	1.02613	0.0806832	1.12852	0.97454	2.74948	1.09979	0.962688	0	0	0	0	0	0	0	0	
0.513	1.0262	0.080521	1.12806	0.974468	2.74814	1.09926	0.963027	0	0	0	0	0	0	0	0	
0.514	1.02634	0.08036	1.1276	0.974339	2.74665	1.09866	0.963387	0	0	0	0	0	0	0	0	
0.515	1.02651	0.0802	1.12714	0.974174	2.74506	1.09803	0.96376	0	0	0	0	0	0	0	0	
0.516	1.0267	0.080041	1.12668	0.973998	2.74346	1.09738	0.964136	0	0	0	0	0	0	0	0	
0.517	1.02686	0.079883	1.12623	0.973841	2.74191	1.09676	0.964503	0	0	0	0	0	0	0	0	
0.518	1.02698	0.0797261	1.12577	0.973729	2.7405	1.0962	0.964852	0	0	0	0	0	0	0	0	
0.519	1.02703	0.0795705	1.12533	0.973685	2.73929	1.09571	0.965172	0	0	0	0	0	0	0	0	
0.52	1.02699	0.0794165	1.12488	0.973723	2.73831	1.09532	0.96546	0	0	0	0	0	0	0	0	
0.521	1.02686	0.0792641	1.12444	0.973843	2.73757	1.09503	0.965716	0	0	0	0	0	0	0	0	
0.522	1.02666	0.0791137	1.124	0.974029	2.73703	1.09481	0.965945	0	0	0	0	0	0	0	0	
0.523	1.02643	0.0789653	1.12357	0.974254	2.7366	1.09464	0.966159	0	0	0	0	0	0	0	0	
0.524	1.02618	0.0788189	1.12314	0.974483	2.73619	1.09448	0.966371	0	0	0	0	0	0	0	0	
0.525	1.02598	0.0786745	1.12271	0.974682	2.7357	1.09428	0.966593	0	0	0	0	0	0	0	0	
0.526	1.02583	0.0785319	1.12228	0.974822	2.73505	1.09402	0.966836	0	0	0	0	0	0	0	0	
0.527	1.02576	0.0783909	1.12185	0.974888	2.7342	1.09368	0.967105	0	0	0	0	0	0	0	0	
0.528	1.02577	0.0782513	1.12143	0.974881	2.73316	1.09326	0.967401	0	0	0	0	0	0	0	0	
0.529	1.02584	0.0781129	1.12101	0.974811	2.73194	1.09277	0.967718	0	0	0	0	0	0	0	0	
0.53	1.02596	0.0779756	1.12059	0.974698	2.7306	1.09224	0.968051	0	0	0	0	0	0	0	0	
0.531	1.0261	0.0778393	1.12018	0.974563	2.72921	1.09169	0.96839	0	0	0	0	0	0	0	0	
0.532	1.02625	0.0777039	1.11977	0.974425	2.72782	1.09113	0.968729	0	0	0	0	0	0	0	0	
0.533	1.02638	0.0775694	1.11936	0.974299	2.72647	1.09059	0.969063	0	0	0	0	0	0	0	0	
0.534	1.02649	0.077436	1.11895	0.974191	2.72517	1.09007	0.969388	0	0	0	0	0	0	0	0	
0.535	1.02659	0.0773036	1.11854	0.974102	2.72394	1.08957	0.969706	0	0	0	0	0	0	0	0	
0.536	1.02666	0.0771723	1.11814	0.974029	2.72275	1.0891	0.970016	0	0	0	0	0	0	0	0	
0.537	1.02673	0.0770422	1.11774	0.973967	2.7216	1.08864	0.970321	0	0	0	0	0	0	0	0	
0.538	1.02679	0.0769132	1.11734	0.973912	2.72048	1.08819	0.970623	0	0	0	0	0	0	0	0	
0.539	1.02684	0.0767854	1.11694	0.973861	2.71937	1.08775	0.970922	0	0	0	0	0	0	0	0	
0.54	1.02689	0.0766587	1.11655	0.973818	2.71829	1.08732	0.971218	0	0	0	0	0	0	0	0	
0.541	1.02692	0.0765331	1.11616	0.973787	2.71725	1.0869	0.971508	0	0	0	0	0	0	0	0	
0.542	1.02693	0.0764088	1.11577	0.973778	2.71627	1.08651	0.97179	0	0	0	0	0	0	0	0	
0.543	1.02691	0.0762855	1.11538	0.973792	2.71537	1.08615	0.972064	0	0	0	0	0	0	0	0	
0.544	1.02688	0.0761635	1.11499	0.973822	2.71452	1.08581	0.972332	0	0	0	0	0	0	0	0	
0.545	1.02685	0.0760427	1.11461	0.973856	2.71368	1.08547	0.972597	0	0	0	0	0	0	0	0	
0.546	1.02682	0.075923	1.11423	0.97388	2.71282	1.08513	0.972865	0	0	0	0	0	0	0	0	
0.547	1.02682	0.0758043	1.11385	0.973884	2.71191	1.08476	0.973138	0	0	0	0	0	0	0	0	
0.548	1.02683	0.0756867	1.11348	0.97387	2.71095	1.08438	0.973416	0	0	0	0	0	0	0	0	
0.549	1.02686	0.07557	1.1131	0.973846	2.70997	1.08399	0.973697	0	0	0	0	0	0	0	0	
0.55	1.02688	0.0754542	1.11273	0.973822	2.709	1.0836	0.973977	0	0	0	0	0	0	0	0	
0.551	1.0269	0.0753394	1.11236	0.973808	2.70806	1.08323	0.974253	0	0	0	0	0	0	0	0	
0.552	1.0269	0.0752255	1.11199	0.973809	2.70717	1.08287	0.974525	0	0	0	0	0	0	0	0	
0.553	1.02688	0.0751127	1.11163	0.973827	2.70633	1.08253	0.97479	0	0	0	0	0	0	0	0	
0.554	1.02684	0.0750008	1.11126	0.973859	2.70554	1.08222	0.97505	0	0	0	0	0	0	0	0	
0.555	1.0268	0.07489	1.1109	0.973898	2.70477	1.08191	0.975308	0	0	0	0	0	0	0	0	
0.556	1.02676	0.0747802	1.11055	0.973938	2.70401	1.0816	0.975565	0	0	0	0	0	0	0	0	
0.557	1.02672	0.0746714	1.11019	0.973974	2.70324	1.0813	0.975822	0	0	0	0	0	0	0	0	
0.558	1.02669	0.0745635	1.10983	0.974005	2.70246	1.08098	0.97608	0	0	0	0	0	0	0	0	
0.559	1.02666	0.0744565	1.10948	0.97403	2.70167	1.08067	0.97634	0	0	0	0	0	0	0	0	
0.56	1.02663	0.0743503	1.10913	0.974057	2.7009	1.08036	0.976598	0	0	0	0	0	0	0	0	
0.561	1.02659	0.0742449	1.10879	0.974097	2.70016	1.08006	0.976852	0	0	0	0	0	0	0	0	
0.562	1.02653	0.0741402	1.10844	0.974159	2.69949	1.0798	0.9771	0	0	0	0	0	0	0	0	
0.563	1.02644	0.0740362	1.1081	0.974243	2.69889	1.07956	0.977342	0	0	0	0	0	0	0	0	
0.564	1.02635	0.0739329	1.10776	0.974331	2.69831	1.07932	0.977581	0	0	0	0	0	0	0	0	
0.565	1.02628	0.0738303	1.10742	0.974397	2.69767	1.07907	0.977826	0	0	0	0	0	0	0	0	
0.566	1.02625	0.0737281	1.10709	0.974422	2.69692	1.07877	0.978081	0	0	0	0	0	0	0	0	
0.567	1.02627	0.0736263	1.10675	0.974401	2.69606	1.07842	0.978348	0	0	0	0	0	0	0	0	
0.568	1.02633	0.073525	1.10642	0.974348	2.6951	1.07804	0.978623	0	0	0	0	0	0	0	0	
0.569	1.0264	0.0734241	1.1061	0.97428	2.69412	1.07765	0.978901	0	0	0	0	0	0	0	0	
0.57	1.02647	0.0733238	1.10577	0.974215	2.69315	1.07726	0.979178	0	0	0	0	0	0	0	0	
0.571	1.02652	0.0732244	1.10545	0.974164	2.69221	1.07689	0.979451	0	0	0	0	0	0	0	0	
0.572	1.02655	0.0731262	1.10512	0.974134	2.69134	1.07654	0.979718	0	0	0	0	0	0	0	0	
0.573	1.02655	0.0730293	1.1048	0.974136	2.69057	1.07623	0.979977	0	0	0	0	0	0	0	0	
0.574	1.0265	0.0729343	1.10448	0.974185	2.68992	1.07597	0.980224	0	0	0	0	0	0	0	0	
0.575	1.02639	0.0728413	1.10416	0.974291	2.68943	1.07577	0.980458	0	0	0	0	0	0	0	0	
0.576	1.02621	0.0727507	1.10384	0.974455	2.68909	1.07564	0.980678	0	0	0	0	0	0	0	0	
0.577	1.026	0.0726626	1.10351	0.974657	2.68887	1.07555	0.98089	0	0	0	0	0	0	0	0	
0.578	1.02579	0.072577	1.10319	0.97486	2.68864	1.07546	0.981101	0	0	0	0	0	0	0	0	
0.579	1.02562	0.0724936	1.10287	0.975016	2.68829	1.07531	0.981324	0	0	0	0	0	0	0	0	
0.58	1.02555	0.0724119	1.10255	0.975089	2.6877	1.07508	0.981565	0	0	0	0	0	0	0	0	
0.581	1.02557	0.0723313	1.10223	0.97507	2.68687	1.07475	0.981828	0	0	0	0	0	0	0	0	
0.582	1.02567	0.0722512	1.10191	0.974972	2.68582	1.07433	0.982108	0	0	0	0	0	0	0	0	
0.583	1.02583	0.0721708	1.10159	0.974823	2.68464	1.07385	0.982399	0	0	0	0	0	0	0	0	
0.584	1.02601	0.0720895	1.10128	0.974647	2.68339	1.07336	0.982694	0	0	0	0	0	0	0	0	
0.585	1.0262	0.072007	1.10097	0.974469	2.68215	1.07286	0.982989	0	0	0	0	0	0	0	0	
0.586	1.02637	0.071923	1.10066	0.974312	2.68097	1.07239	0.983278	0	0	0	0	0	0	0	0	
0.587	1.02649	0.0718374	1.10036	0.974198	2.67992	1.07197	0.983556	0	0	0	0	0	0	0	0	
0.588	1.02655	0.0717505	1.10006	0.97414	2.67904	1.07162	0.983821	0	0	0	0	0	0	0	0	
0.589	1.02656	0.0716627	1.09977	0.974129	2.6783	1.07132	0.984076	0	0	0	0	0	0	0	0	
0.59	1.02655	0.0715746	1.09948	0.974138	2.67761	1.07105	0.984326	0	0	0	0	0	0	0	0	
0.591	1.02655	0.071487	1.09919	0.974141	2.67692	1.07077	0.984576	0	0	0	0	0	0	0	0	
0.592	1.02656	0.0714004	1.0989	0.974126	2.67618	1.07047	0.984829	0	0	0	0	0	0	0	0	
0.593	1.02659	0.0713155	1.09862	0.974095	2.67539	1.07016	0.985085	0	0	0	0	0	0	0	0	
0.594	1.02664	0.071233	1.09833	0.974051	2.67457	1.06983	0.985343	0	0	0	0	0	0	0	0	
0.595	1.0267	0.0711532	1.09804	0.973992	2.6737	1.06948	0.985604	0	0	0	0	0	0	0	0	
0.596	1.02678	0.0710762	1.09774	0.973917	2.67278	1.06911	0.985867	0	0	0	0	0	0	0	0	
0.597	1.02687	0.0710016	1.09745	0.973829	2.67182	1.06873	0.986133	0	0	0	0	0	0	0	0	
0.598	1.02697	0.0709291	1.09715	0.97374	2.67085	1.06834	0.986398	0	0	0	0	0	0	0	0	
0.599	1.02705	0.0708577	1.09686	0.973662	2.66992	1.06797	0.98666	0	0	0	0	0	0	0	0	
0.6	1.02711	0.0707867	1.09656	0.973606	2.66905	1.06762	0.986918	0	0	0	0	0	0	0	0	
0.601	1.02714	0.070715	1.09627	0.973581	2.66828	1.06731	0.987171	0	0	0	0	0	0	0	0	
0.602	1.02713	0.0706422	1.09599	0.973588	2.6676	1.06704	0.987417	0	0	0	0	0	0	0	0	
0.603	1.0271	0.0705676	1.0957	0.973612	2.66698	1.06679	0.98766	0	0	0	0	0	0	0	0	
0.604	1.02709	0.0704913	1.09543	0.973624	2.66633	1.06653	0.987904	0	0	0	0	0	0	0	0	
0.605	1.02711	0.0704138	1.09515	0.973604	2.66562	1.06625	0.988152	0	0	0	0	0	0	0	0	
0.606	1.02716	0.0703358	1.09488	0.973555	2.66482	1.06593	0.988404	0	0	0	0	0	0	0	0	
0.607	1.02723	0.0702585	1.09461	0.973488	2.66398	1.06559	0.988658	0	0	0	0	0	0	0	0	
0.608	1.0273	0.0701833	1.09434	0.973422	2.66314	1.06526	0.988912	0	0	0	0	0	0	0	0	
0.609	1.02735	0.0701115	1.09407	0.973381	2.66236	1.06494	0.989162	0	0	0	0	0	0	0	0	
0.61	1.02737	0.0700439	1.09379	0.973364	2.66164	1.06466	0.98941	0	0	0	0	0	0	0	0	
0.611	1.02738	0.0699806	1.09351	0.973352	2.66092	1.06437	0.989656	0	0	0	0	0	0	0	0	
0.612	1.02739	0.0699213	1.09322	0.97334	2.66019	1.06408	0.989902	0	0	0	0	0	0	0	0	
0.613	1.0274	0.0698643	1.09293	0.973328	2.65945	1.06378	0.990149	0	0	0	0	0	0	0	0	
0.614	1.02743	0.0698078	1.09265	0.973307	2.6587	1.06348	0.990396	0	0	0	0	0	0	0	0	
0.615	1.02743	0.0697493	1.09236	0.973301	2.658	1.0632	0.990641	0	0	0	0	0	0	0	0	
0.616	1.02739	0.0696868	1.09209	0.973345	2.65745	1.06298	0.990879	0	0	0	0	0	0	0	0	
0.617	1.02729	0.0696187	1.09183	0.973432	2.65705	1.06282	0.991112	0	0	0	0	0	0	0	0	
0.618	1.0272	0.0695444	1.09157	0.973517	2.65666	1.06267	0.991344	0	0	0	0	0	0	0	0	
0.619	1.02717	0.0694646	1.09133	0.973544	2.65615	1.06246	0.991581	0	0	0	0	0	0	0	0	
0.62	1.02726	0.0693809	1.0911	0.973465	2.65537	1.06215	0.99183	0	0	0	0	0	0	0	0	
0.621	1.02742	0.0692962	1.09087	0.973312	2.65439	1.06175	0.992086	0	0	0	0	0	0	0	0	
0.622	1.02751	0.069214	1.09064	0.973227	2.65359	1.06144	0.992336	0	0	0	0	0	0	0	0	
0.623	1.02746	0.069138	1.09039	0.97327	2.65312	1.06125	0.992573	0	0	0	0	0	0	0	0	
0.624	1.02737	0.0690715	1.09014	0.973356	2.65274	1.0611	0.992806	0	0	0	0	0	0	0	0	
0.625	1.02734	0.0690161	1.08988	0.973385	2.65217	1.06087	0.993045	0	0	0	0	0	0	0	0	
0.626	1.02746	0.0689717	1.0896	0.973278	2.6512	1.06048	0.993297	0	0	0	0	0	0	0	0	
0.627	1.02766	0.0689359	1.0893	0.973083	2.64995	1.05998	0.993557	0	0	0	0	0	0	0	0	
0.628	1.02783	0.0689044	1.089	0.972924	2.6488	1.05952	0.993813	0	0	0	0	0	0	0	0	
0.629	1.02781	0.0688715	1.08871	0.972944	2.64814	1.05925	0.994055	0	0	0	0	0	0	0	0	
0.63	1.02756	0.0688311	1.08843	0.973177	2.64809	1.05923	0.99428	0	0	0	0	0	0	0	0	
0.631	1.02729	0.0687776	1.08817	0.973436	2.64816	1.05927	0.994501	0	0	0	0	0	0	0	0	
0.632	1.0273	0.068708	1.08794	0.973421	2.64756	1.05902	0.99474	0	0	0	0	0	0	0	0	
0.633	1.0275	0.0686225	1.08773	0.973233	2.64654	1.05862	0.994991	0	0	0	0	0	0	0	0	
0.634	1.02777	0.0685258	1.08754	0.972982	2.64539	1.05816	0.995245	0	0	0	0	0	0	0	0	
0.635	1.02777	0.0684261	1.08736	0.972977	2.64493	1.05797	0.995485	0	0	0	0	0	0	0	0	
0.636	1.02752	0.0683344	1.08716	0.97322	2.64512	1.05805	0.99571	0	0	0	0	0	0	0	0	
0.637	1.02738	0.068262	1.08694	0.973352	2.64495	1.05798	0.995941	0	0	0	0	0	0	0	0	
0.638	1.02769	0.0682185	1.08668	0.973058	2.64351	1.05741	0.996196	0	0	0	0	0	0	0	0	
0.639	1.02814	0.0682093	1.08637	0.972632	2.6416	1.05664	0.996458	0	0	0	0	0	0	0	0	
0.64	1.02785	0.0682308	1.08602	0.972909	2.64148	1.05659	0.996691	0	0	0	0	0	0	0	0	
0.641	1.02719	0.0682626	1.08565	0.973534	2.64229	1.05692	0.996908	0	0	0	0	0	0	0	0	
0.642	1.027	0.0682688	1.08532	0.973708	2.64196	1.05679	0.997142	0	0	0	0	0	0	0	0	
0.643	1.02758	0.0682218	1.08507	0.973163	2.63988	1.05595	0.9974	0	0	0	0	0	0	0	0	
0.644	1.02809	0.0681267	1.0849	0.972677	2.63813	1.05525	0.997656	0	0	0	0	0	0	0	0	
0.645	1.02747	0.0679915	1.08478	0.973266	2.63945	1.05578	0.997878	0	0	0	0	0	0	0	0	
0.646	1.02715	0.0677781	1.08479	0.973568	2.64028	1.05611	0.998105	0	0	0	0	0	0	0	0	
0.647	1.02774	0.0675223	1.08485	0.973005	2.63891	1.05557	0.998353	0	0	0	0	0	0	0	0	
0.648	1.02871	0.067525	1.08453	0.972089	2.63565	1.05426	0.998611	0	0	0	0	0	0	0	0	
0.649	1.02798	0.0678934	1.08365	0.972786	2.6354	1.05416	0.998848	0	0	0	0	0	0	0	0	
0.65	1.02686	0.0674638	1.08377	0.973842	2.63855	1.05542	0.999069	0	0	0	0	0	0	0	0	
0.651	1.02869	0.0650929	1.08546	0.972114	2.63797	1.05519	0.999313	0	0	0	0	0	0	0	0	
0.652	1.02597	0.0618336	1.0788	0.974689	2.62875	1.0515	0.999562	0	0	0	0	0	0	0	0	
0.653	0.99466	0.0364624	1.03336	1.00537	2.59728	1.03891	0.999786	0	0	0	0	0	0	0	0	
0.654	0.895616	-0.0995612	0.88877	1.11655	2.48089	0.992356	0.999944	0	0	0	0	0	0	0	0	
0.655	0.659565	-0.393138	0.589999	1.51615	2.23632	0.894527	0.999996	0	0	0	0	0	0	0	0	
0.656	0.259259	-1.35769	0.0967742	3.85715	0.933181	0.373272	1	0	0	0	0	0	0	0	0	
0.657	0.259259	-1.35769	0.0967742	3.85715	0.933181	0.373272	1	0	0	0	0	0	0	0	0	
0.658	0.259259	-1.35769	0.0967742	3.85715	0.933181	0.373272	1	0	0	0	0	0	0	0	0	
0.659	0.259259	-1.35769	0.0967742	3.85715	0.933181	0.373272	1	0	0	0	0	0	0	0	0	
0.66	0.259259	-1.35769	0.0967742	3.85715	0.933181	0.373272	1	0	0	0	0	0	0	0	0	
0.661	0.259259	-1.35769	0.0967742	3.85715	0.933181	0.373272	1	0	0	0	0	0	0	0	0	
0.662	0.259259	-1.35769	0.0967742	3.85715	0.933181	0.373272	1	0	0	0	0	0	0	0	0	
0.663	0.259259	-1.35769	0.0967742	3.85715	0.933181	0.373272	1	0	0	0	0	0	0	0	0	
0.664	0.259259	-1.35769	0.0967742	3.85715	0.933181	0.373272	1	0	0	0	0	0	0	0	0	
0.665	0.259259	-1.35769	0.0967742	3.85715	0.933181	0.373272	1	0	0	0	0	0	0	0	0	
0.666	0.259259	-1.35769	0.0967742	3.85715	0.933181	0.373272	1	0	0	0	0	0	0	0	0	
0.667	0.259259	-1.35769	0.0967742	3.85715	0.933181	0.373272	1	0	0	0	0	0	0	0	0	
0.668	0.259259	-1.35769	0.0967742	3.85715	0.933181	0.373272	1	0	0	0	0	0	0	0	0	
0.669	0.259259	-1.35769	0.0967742	3.85715	0.933181	0.373272	1	0	0	0	0	0	0	0	0	
0.67	0.259259	-1.35769	0.0967742	3.85715	0.933181	0.373272	1	0	0	0	0	0	0	0	0	
0.671	0.259259	-1.35769	0.0967742	3.85715	0.933181	0.373272	1	0	0	0	0	0	0	0	0	
0.672	0.259259	-1.35769	0.0967742	3.85715	0.933181	0.373272	1	0	0	0	0	0	0	0	0	
0.673	0.259259	-1.35769	0.0967742	3.85715	0.933181	0.373272	1	0	0	0	0	0	0	0	0	
0.674	0.259259	-1.35769	0.0967742	3.85715	0.933181	0.373272	1	0	0	0	0	0	0	0	0	
0.675	0.259259	-1.35769	0.0967742	3.85715	0.933181	0.373272	1	0	0	0	0	0	0	0	0	
0.676	0.259259	-1.35769	0.0967742	3.85715	0.933181	0.373272	1	0	0	0	0	0	0	0	0	
0.677	0.259259	-1.35769	0.0967742	3.85715	0.933181	0.373272	1	0	0	0	0	0	0	0	0	
0.678	0.259259	-1.35769	0.0967742	3.85715	0.933181	0.373272	1	0	0	0	0	0	0	0	0	
0.679	0.259259	-1.35769	0.0967742	3.85715	0.933181	0.373272	1	0	0	0	0	0	0	0	0	
0.68	0.259259	-1.35769	0.0967742	3.85715	0.933181	0.373272	1	0	0	0	0	0	0	0	0	
0.681	0.259259	-1.35769	0.0967742	3.85715	0.933181	0.373272	1	0	0	0	0	0	0	0	0	
0.682	0.259259	-1.35769	0.0967742	3.85715	0.933181	0.373272	1	0	0	0	0	0	0	0	0	
0.683	0.259259	-1.35769	0.0967742	3.85715	0.933181	0.373272	1	0	0	0	0	0	0	0	0	
0.684	0.259259	-1.35769	0.0967742	3.85715	0.933181	0.373272	1	0	0	0	0	0	0	0	0	
0.685	0.259259	-1.35769	0.0967742	3.85715	0.933181	0.373272	1	0	0	0	0	0	0	0	0	
0.686	0.259259	-1.35769	0.0967742	3.85715	0.933181	0.373272	1	0	0	0	0	0	0	0	0	
0.687	0.259259	-1.35769	0.0967742	3.85715	0.933181	0.373272	1	0	0	0	0	0	0	0	0	
0.688	0.259259	-1.35769	0.0967742	3.85715	0.933181	0.373272	1	0	0	0	0	0	0	0	0	
0.689	0.259259	-1.35769	0.0967742	3.85715	0.933181	0.373272	1	0	0	0	0	0	0	0	0	
0.69	0.259259	-1.35769	0.0967742	3.85715	0.933181	0.373272	1	0	0	0	0	0	0	0	0	
0.691	0.259259	-1.35769	0.0967742	3.85715	0.933181	0.373272	1	0	0	0	0	0	0	0	0	
0.692	0.259259	-1.35769	0.0967742	3.85715	0.933181	0.373272	1	0	0	0	0	0	0	0	0	
0.693	0.259259	-1.35769	0.0967742	3.85715	0.933181	0.373272	1	0	0	0	0	0	0	0	0	
0.694	0.259259	-1.35769	0.0967742	3.85715	0.933181	0.373272	1	0	0	0	0	0	0	0	0	
0.695	0.259259	-1.35769	0.0967742	3.85715	0.933181	0.373272	1	0	0	0	0	0	0	0	0	
0.696	0.259259	-1.35769	0.0967742	3.85715	0.933181	0.373272	1	0	0	0	0	0	0	0	0	
0.697	0.259259	-1.35769	0.0967742	3.85715	0.933181	0.373272	1	0	0	0	0	0	0	0	0	
0.698	0.259259	-1.35769	0.0967742	3.85715	0.933181	0.373272	1	0	0	0	0	0	0	0	0	
0.699	0.259259	-1.35769	0.0967742	3.85715	0.933181	0.373272	1	0	0	0	0	0	0	0	0	
0.7	0.259259	-1.35769	0.0967742	3.85715	0.933181	0.373272	1	0	0	0	0	0	0	0	0	
0.701	0.259259	-1.35769	0.0967742	3.85715	0.933181	0.373272	1	0	0	0	0	0	0	0	0	
0.702	0.259259	-1.35769	0.0967742	3.85715	0.933181	0.373272	1	0	0	0	0	0	0	0	0	
0.703	0.259259	-1.35769	0.0967742	3.85715	0.933181	0.373272	1	0	0	0	0	0	0	0	0	
0.704	0.259259	-1.35769	0.0967742	3.85715	0.933181	0.373272	1	0	0	0	0	0	0	0	0	
0.705	0.259259	-1.35769	0.0967742	3.85715	0.933181	0.373272	1	0	0	0	0	0	0	0	0	
0.706	0.259259	-1.35769	0.0967742	3.85715	0.933181	0.373272	1	0	0	0	0	0	0	0	0	
0.707	0.259259	-1.35769	0.0967742	3.85715	0.933181	0.373272	1	0	0	0	0	0	0	0	0	
0.708	0.259259	-1.35769	0.0967742	3.85715	0.933181	0.373272	1	0	0	0	0	0	0	0	0	
0.709	0.259259	-1.35769	0.0967742	3.85715	0.933181	0.373272	1	0	0	0	0	0	0	0	0	
0.71	0.259259	-1.35769	0.0967742	3.85715	0.933181	0.373272	1	0	0	0	0	0	0	0	0	
0.711	0.259259	-1.35769	0.0967742	3.85715	0.933181	0.373272	1	0	0	0	0	0	0	0	0	
0.712	0.259259	-1.35769	0.0967742	3.85715	0.933181	0.373272	1	0	0	0	0	0	0	0	0	
0.713	0.259259	-1.35769	0.0967742	3.85715	0.933181	0.373272	1	0	0	0	0	0	0	0	0	
0.714	0.259259	-1.35769	0.0967742	3.85715	0.933181	0.373272	1	0	0	0	0	0	0	0	0	
0.715	0.259259	-1.35769	0.0967742	3.85715	0.933181	0.373272	1	0	0	0	0	0	0	0	0	
0.716	0.259259	-1.35769	0.0967742	3.85715	0.933181	0.373272	1	0	0	0	0	0	0	0	0	
0.717	0.259259	-1.35769	0.0967742	3.85715	0.933181	0.373272	1	0	0	0	0	0	0	0	0	
0.718	0.259259	-1.35769	0.0967742	3.85715	0.933181	0.373272	1	0	0	0	0	0	0	0	0	
0.719	0.259259	-1.35769	0.0967742	3.85715	0.933181	0.373272	1	0	0	0	0	0	0	0	0	
0.72	0.259259	-1.35769	0.0967742	3.85715	0.933181	0.373272	1	0	0	0	0	0	0	0	0	
0.721	0.259259	-1.35769	0.0967742	3.85715	0.933181	0.373272	1	0	0	0	0	0	0	0	0	
0.722	0.259259	-1.35769	0.0967742	3.85715	0.933181	0.373272	1	0	0	0	0	0	0	0	0	
0.723	0.259259	-1.35769	0.0967742	3.85715	0.933181	0.373272	1	0	0	0	0	0	0	0	0	
0.724	0.259259	-1.35769	0.0967742	3.85715	0.933181	0.373272	1	0	0	0	0	0	0	0	0	
0.725	0.259259	-1.35769	0.0967742	3.85715	0.933181	0.373272	1	0	0	0	0	0	0	0	0	
0.726	0.259259	-1.35769	0.0967742	3.85715	0.933181	0.373272	1	0	0	0	0	0	0	0	0	
0.727	0.259259	-1.35769	0.0967742	3.85715	0.933181	0.373272	1	0	0	0	0	0	0	0	0	
0.728	0.259259	-1.35769	0.0967742	3.85715	0.933181	0.373272	1	0	0	0	0	0	0	0	0	
0.729	0.259259	-1.35769	0.0967742	3.85715	0.933181	0.373272	1	0	0	0	0	0	0	0	0	
0.73	0.259259	-1.35769	0.0967742	3.85715	0.933181	0.373272	1	0	0	0	0	0	0	0	0	
0.731	0.259259	-1.35769	0.0967742	3.85715	0.933181	0.373272	1	0	0	0	0	0	0	0	0	
0.732	0.259259	-1.35769	0.0967742	3.85715	0.933181	0.373272	1	0	0	0	0	0	0	0	0	
0.733	0.259259	-1.35769	0.0967742	3.85715	0.933181	0.373272	1	0	0	0	0	0	0	0	0	
0.734	0.259259	-1.35769	0.0967742	3.85715	0.933181	0.373272	1	0	0	0	0	0	0	0	0	
0.735	0.259259	-1.35769	0.0967742	3.85715	0.933181	0.373272	1	0	0	0	0	0	0	0	0	
0.736	0.259259	-1.35769	0.0967742	3.85715	0.933181	0.373272	1	0	0	0	0	0	0	0	0	
0.737	0.259259	-1.35769	0.0967742	3.85715	0.933181	0.373272	1	0	0	0	0	0	0	0	0	
0.738	0.259259	-1.35769	0.0967742	3.85715	0.933181	0.373272	1	0	0	0	0	0	0	0	0	
0.739	0.259259	-1.35769	0.0967742	3.85715	0.933181	0.373272	1	0	0	0	0	0	0	0	0	
0.74	0.259259	-1.35769	0.0967742	3.85715	0.933181	0.373272	1	0	0	0	0	0	0	0	0	
0.741	0.259259	-1.35769	0.0967742	3.85715	0.933181	0.373272	1	0	0	0	0	0	0	0	0	
0.742	0.259259	-1.35769	0.0967742	3.85715	0.933181	0.373272	1	0	0	0	0	0	0	0	0	
0.743	0.259259	-1.35769	0.0967742	3.85715	0.933181	0.373272	1	0	0	0	0	0	0	0	0	
0.744	0.259259	-1.35769	0.0967742	3.85715	0.933181	0.373272	1	0	0	0	0	0	0	0	0	
0.745	0.259259	-1.35769	0.0967742	3.85715	0.933181	0.373272	1	0	0	0	0	0	0	0	0	
0.746	0.259259	-1.35769	0.0967742	3.85715	0.933181	0.373272	1	0	0	0	0	0	0	0	0	
0.747	0.259259	-1.35769	0.0967742	3.85715	0.933181	0.373272	1	0	0	0	0	0	0	0	0	
0.748	0.259259	-1.35769	0.0967742	3.85715	0.933181	0.373272	1	0	0	0	0	0	0	0	0	
0.749	0.259259	-1.35769	0.0967742	3.85715	0.933181	0.373272	1	0	0	0	0	0	0	0	0	
0.75	0.259259	-1.35769	0.0967742	3.85715	0.933181	0.373272	1	0	0	0	0	0	0	0	0	
0.751	0.259259	-1.35769	0.0967742	3.85715	0.933181	0.373272	1	0	0	0	0	0	0	0	0	
0.752	0.259259	-1.35769	0.0967742	3.85715	0.933181	0.373272	1	0	0	0	0	0	0	0	0	
0.753	0.259259	-1.35769	0.0967742	3.85715	0.933181	0.373272	1	0	0	0	0	0	0	0	0	
0.754	0.259259	-1.35769	0.0967742	3.85715	0.933181	0.373272	1	0	0	0	0	0	0	0	0	
0.755	0.259259	-1.35769	0.0967742	3.85715	0.933181	0.373272	1	0	0	0	0	0	0	0	0	
0.756	0.259259	-1.35769	0.0967742	3.85715	0.933181	0.373272	1	0	0	0	0	0	0	0	0	
0.757	0.259259	-1.35769	0.0967742	3.85715	0.933181	0.373272	1	0	0	0	0	0	0	0	0	
0.758	0.259259	-1.35769	0.0967742	3.85715	0.933181	0.373272	1	0	0	0	0	0	0	0	0	
0.759	0.259259	-1.35769	0.0967742	3.85715	0.933181	0.373272	1	0	0	0	0	0	0	0	0	
0.76	0.259259	-1.35769	0.0967742	3.85715	0.933181	0.373272	1	0	0	0	0	0	0	0	0	
0.761	0.259259	-1.35769	0.0967742	3.85715	0.933181	0.373272	1	0	0	0	0	0	0	0	0	
0.762	0.259259	-1.35769	0.0967742	3.85715	0.933181	0.373272	1	0	0	0	0	0	0	0	0	
0.763	0.259259	-1.35769	0.0967742	3.85715	0.933181	0.373272	1	0	0	0	0	0	0	0	0	
0.764	0.259259	-1.35769	0.0967742	3.85715	0.933181	0.373272	1	0	0	0	0	0	0	0	0	
0.765	0.259259	-1.35769	0.0967742	3.85715	0.933181	0.373272	1	0	0	0	0	0	0	0	0	
0.766	0.259259	-1.35769	0.0967742	3.85715	0.933181	0.373272	1	0	0	0	0	0	0	0	0	
0.767	0.259259	-1.35769	0.0967742	3.85715	0.933181	0.373272	1	0	0	0	0	0	0	0	0	
0.768	0.259259	-1.35769	0.0967742	3.85715	0.933181	0.373272	1	0	0	0	0	0	0	0	0	
0.769	0.259259	-1.35769	0.0967742	3.85715	0.933181	0.373272	1	0	0	0	0	0	0	0	0	
0.77	0.259259	-1.35769	0.0967742	3.85715	0.933181	0.373272	1	0	0	0	0	0	0	0	0	
0.771	0.259259	-1.35769	0.0967742	3.85715	0.933181	0.373272	1	0	0	0	0	0	0	0	0	
0.772	0.259259	-1.35769	0.0967742	3.85715	0.933181	0.373272	1	0	0	0	0	0	0	0	0	
0.773	0.259259	-1.35769	0.0967742	3.85715	0.933181	0.373272	1	0	0	0	0	0	0	0	0	
0.774	0.259259	-1.35769	0.0967742	3.85715	0.933181	0.373272	1	0	0	0	0	0	0	0	0	
0.775	0.259259	-1.35769	0.0967742	3.85715	0.933181	0.373272	1	0	0	0	0	0	0	0	0	
0.776	0.259259	-1.35769	0.0967742	3.85715	0.933181	0.373272	1	0	0	0	0	0	0	0	0	
0.777	0.259259	-1.35769	0.0967742	3.85715	0.933181	0.373272	1	0	0	0	0	0	0	0	0	
0.778	0.259259	-1.35769	0.0967742	3.85715	0.933181	0.373272	1	0	0	0	0	0	0	0	0	
0.779	0.259259	-1.35769	0.0967742	3.85715	0.933181	0.373272	1	0	0	0	0	0	0	0	0	
0.78	0.259259	-1.35769	0.0967742	3.85715	0.933181	0.373272	1	0	0	0	0	0	0	0	0	
0.781	0.259259	-1.35769	0.0967742	3.85715	0.933181	0.373272	1	0	0	0	0	0	0	0	0	
0.782	0.259259	-1.35769	0.0967742	3.85715	0.933181	0.373272	1	0	0	0	0	0	0	0	0	
0.783	0.259259	-1.35769	0.0967742	3.85715	0.933181	0.373272	1	0	0	0	0	0	0	0	0	
0.784	0.259259	-1.35769	0.0967742	3.85715	0.933181	0.373272	1	0	0	0	0	0	0	0	0	
0.785	0.259259	-1.35769	0.0967742	3.85715	0.933181	0.373272	1	0	0	0	0	0	0	0	0	
0.786	0.259259	-1.35769	0.0967742	3.85715	0.933181	0.373272	1	0	0	0	0	0	0	0	0	
0.787	0.259259	-1.35769	0.0967742	3.85715	0.933181	0.373272	1	0	0	0	0	0	0	0	0	
0.788	0.259259	-1.35769	0.0967742	3.85715	0.933181	0.373272	1	0	0	0	0	0	0	0	0	
0.789	0.259259	-1.35769	0.0967742	3.85715	0.933181	0.373272	1	0	0	0	0	0	0	0	0	
0.79	0.259259	-1.35769	0.0967742	3.85715	0.933181	0.373272	1	0	0	0	0	0	0	0	0	
0.791	0.259259	-1.35769	0.0967742	3.85715	0.933181	0.373272	1	0	0	0	0	0	0	0	0	
0.792	0.259259	-1.35769	0.0967742	3.85715	0.933181	0.373272	1	0	0	0	0	0	0	0	0	
0.793	0.259259	-1.35769	0.0967742	3.85715	0.933181	0.373272	1	0	0	0	0	0	0	0	0	
0.794	0.259259	-1.35769	0.0967742	3.85715	0.933181	0.373272	1	0	0	0	0	0	0	0	0	
0.795	0.259259	-1.35769	0.0967742	3.85715	0.933181	0.373272	1	0	0	0	0	0	0	0	0	
0.796	0.259259	-1.35769	0.0967742	3.85715	0.933181	0.373272	1	0	0	0	0	0	0	0	0	
0.797	0.259259	-1.35769	0.0967742	3.85715	0.933181	0.373272	1	0	0	0	0	0	0	0	0	
0.798	0.259259	-1.35769	0.0967742	3.85715	0.933181	0.373272	1	0	0	0	0	0	0	0	0	
0.799	0.259259	-1.35769	0.0967742	3.85715	0.933181	0.373272	1	0	0	0	0	0	0	0	0	
0.8	0.259259	-1.35769	0.0967742	3.85715	0.933181	0.373272	1	0	0	0	0	0	0	0	0	
0.801	0.259259	-1.35769	0.0967742	3.85715	0.933181	0.373272	1	0	0	0	0	0	0	0	0	
0.802	0.259259	-1.35769	0.0967742	3.85715	0.933181	0.373272	1	0	0	0	0	0	0	0	0	
0.803	0.259259	-1.35769	0.0967742	3.85715	0.933181	0.373272	1	0	0	0	0	0	0	0	0	
0.804	0.259259	-1.35769	0.0967742	3.85715	0.933181	0.373272	1	0	0	0	0	0	0	0	0	
0.805	0.259259	-1.35769	0.0967742	3.85715	0.933181	0.373272	1	0	0	0	0	0	0	0	0	
0.806	0.259259	-1.35769	0.0967742	3.85715	0.933181	0.373272	1	0	0	0	0	0	0	0	0	
0.807	0.259259	-1.35769	0.0967742	3.85715	0.933181	0.373272	1	0	0	0	0	0	0	0	0	
0.808	0.259259	-1.35769	0.0967742	3.85715	0.933181	0.373272	1	0	0	0	0	0	0	0	0	
0.809	0.259259	-1.35769	0.0967742	3.85715	0.933181	0.373272	1	0	0	0	0	0	0	0	0	
0.81	0.259259	-1.35769	0.0967742	3.85715	0.933181	0.373272	1	0	0	0	0	0	0	0	0	
0.811	0.259259	-1.35769	0.0967742	3.85715	0.933181	0.373272	1	0	0	0	0	0	0	0	0	
0.812	0.259259	-1.35769	0.0967742	3.85715	0.933181	0.373272	1	0	0	0	0	0	0	0	0	
0.813	0.259259	-1.35769	0.0967742	3.85715	0.933181	0.373272	1	0	0	0	0	0	0	0	0	
0.814	0.259259	-1.35769	0.0967742	3.85715	0.933181	0.373272	1	0	0	0	0	0	0	0	0	
0.815	0.259259	-1.35769	0.0967742	3.85715	0.933181	0.373272	1	0	0	0	0	0	0	0	0	
0.816	0.259259	-1.35769	0.0967742	3.85715	0.933181	0.373272	1	0	0	0	0	0	0	0	0	
0.817	0.259259	-1.35769	0.0967742	3.85715	0.933181	0.373272	1	0	0	0	0	0	0	0	0	
0.818	0.259259	-1.35769	0.0967742	3.85715	0.933181	0.373272	1	0	0	0	0	0	0	0	0	
0.819	0.259259	-1.35769	0.0967742	3.85715	0.933181	0.373272	1	0	0	0	0	0	0	0	0	
0.82	0.259259	-1.35769	0.0967742	3.85715	0.933181	0.373272	1	0	0	0	0	0	0	0	0	
0.821	0.259259	-1.35769	0.0967742	3.85715	0.933181	0.373272	1	0	0	0	0	0	0	0	0	
0.822	0.259259	-1.35769	0.0967742	3.85715	0.933181	0.373272	1	0	0	0	0	0	0	0	0	
0.823	0.259259	-1.35769	0.0967742	3.85715	0.933181	0.373272	1	0	0	0	0	0	0	0	0	
0.824	0.259259	-1.35769	0.0967742	3.85715	0.933181	0.373272	1	0	0	0	0	0	0	0	0	
0.825	0.259259	-1.35769	0.0967742	3.85715	0.933181	0.373272	1	0	0	0	0	0	0	0	0	
0.826	0.259259	-1.35769	0.0967742	3.85715	0.933181	0.373272	1	0	0	0	0	0	0	0	0	
0.827	0.259259	-1.35769	0.0967742	3.85715	0.933181	0.373272	1	0	0	0	0	0	0	0	0	
0.828	0.259259	-1.35769	0.0967742	3.85715	0.933181	0.373272	1	0	0	0	0	0	0	0	0	
0.829	0.259259	-1.35769	0.0967742	3.85715	0.933181	0.373272	1	0	0	0	0	0	0	0	0	
0.83	0.259259	-1.35769	0.0967742	3.85715	0.933181	0.373272	1	0	0	0	0	0	0	0	0	
0.831	0.259259	-1.35769	0.0967742	3.85715	0.933181	0.373272	1	0	0	0	0	0	0	0	0	
0.832	0.259259	-1.35769	0.0967742	3.85715	0.933181	0.373272	1	0	0	0	0	0	0	0	0	
0.833	0.259259	-1.35769	0.0967742	3.85715	0.933181	0.373272	1	0	0	0	0	0	0	0	0	
0.834	0.259259	-1.35769	0.0967742	3.85715	0.933181	0.373272	1	0	0	0	0	0	0	0	0	
0.835	0.259259	-1.35769	0.0967742	3.85715	0.933181	0.373272	1	0	0	0	0	0	0	0	0	
0.836	0.259259	-1.35769	0.0967742	3.85715	0.933181	0.373272	1	0	0	0	0	0	0	0	0	
0.837	0.259259	-1.35769	0.0967742	3.85715	0.933181	0.373272	1	0	0	0	0	0	0	0	0	
0.838	0.259259	-1.35769	0.0967742	3.85715	0.933181	0.373272	1	0	0	0	0	0	0	0	0	
0.839	0.259259	-1.35769	0.0967742	3.85715	0.933181	0.373272	1	0	0	0	0	0	0	0	0	
0.84	0.259259	-1.35769	0.0967742	3.85715	0.933181	0.373272	1	0	0	0	0	0	0	0	0	
0.841	0.259259	-1.35769	0.0967742	3.85715	0.933181	0.373272	1	0	0	0	0	0	0	0	0	
0.842	0.259259	-1.35769	0.0967742	3.85715	0.933181	0.373272	1	0	0	0	0	0	0	0	0	
0.843	0.259259	-1.35769	0.0967742	3.85715	0.933181	0.373272	1	0	0	0	0	0	0	0	0	
0.844	0.259259	-1.35769	0.0967742	3.85715	0.933181	0.373272	1	0	0	0	0	0	0	0	0	
0.845	0.259259	-1.35769	0.0967742	3.85715	0.933181	0.373272	1	0	0	0	0	0	0	0	0	
0.846	0.259259	-1.35769	0.0967742	3.85715	0.933181	0.373272	1	0	0	0	0	0	0	0	0	
0.847	0.259259	-1.35769	0.0967742	3.85715	0.933181	0.373272	1	0	0	0	0	0	0	0	0	
0.848	0.259259	-1.35769	0.0967742	3.85715	0.933181	0.373272	1	0	0	0	0	0	0	0	0	
0.849	0.259259	-1.35769	0.0967742	3.85715	0.933181	0.373272	1	0	0	0	0	0	0	0	0	
0.85	0.259259	-1.35769	0.0967742	3.85715	0.933181	0.373272	1	0	0	0	0	0	0	0	0	
0.851	0.259259	-1.35769	0.0967742	3.85715	0.933181	0.373272	1	0	0	0	0	0	0	0	0	
0.852	0.259259	-1.35769	0.0967742	3.85715	0.933181	0.373272	1	0	0	0	0	0	0	0	0	
0.853	0.259259	-1.35769	0.0967742	3.85715	0.933181	0.373272	1	0	0	0	0	0	0	0	0	
0.854	0.259259	-1.35769	0.0967742	3.85715	0.933181	0.373272	1	0	0	0	0	0	0	0	0	
0.855	0.259259	-1.35769	0.0967742	3.85715	0.933181	0.373272	1	0	0	0	0	0	0	0	0	
0.856	0.259259	-1.35769	0.0967742	3.85715	0.933181	0.373272	1	0	0	0	0	0	0	0	0	
0.857	0.259259	-1.35769	0.0967742	3.85715	0.933181	0.373272	1	0	0	0	0	0	0	0	0	
0.858	0.259259	-1.35769	0.0967742	3.85715	0.933181	0.373272	1	0	0	0	0	0	0	0	0	
0.859	0.259259	-1.35769	0.0967742	3.85715	0.933181	0.373272	1	0	0	0	0	0	0	0	0	
0.86	0.259259	-1.35769	0.0967742	3.85715	0.933181	0.373272	1	0	0	0	0	0	0	0	0	
0.861	0.259259	-1.35769	0.0967742	3.85715	0.933181	0.373272	1	0	0	0	0	0	0	0	0	
0.862	0.259259	-1.35769	0.0967742	3.85715	0.933181	0.373272	1	0	0	0	0	0	0	0	0	
0.863	0.259259	-1.35769	0.0967742	3.85715	0.933181	0.373272	1	0	0	0	0	0	0	0	0	
0.864	0.259259	-1.35769	0.0967742	3.85715	0.933181	0.373272	1	0	0	0	0	0	0	0	0	
0.865	0.259259	-1.35769	0.0967742	3.85715	0.933181	0.373272	1	0	0	0	0	0	0	0	0	
0.866	0.259259	-1.35769	0.0967742	3.85715	0.933181	0.373272	1	0	0	0	0	0	0	0	0	
0.867	0.259259	-1.35769	0.0967742	3.85715	0.933181	0.373272	1	0	0	0	0	0	0	0	0	
0.868	0.259259	-1.35769	0.0967742	3.85715	0.933181	0.373272	1	0	0	0	0	0	0	0	0	
0.869	0.259259	-1.35769	0.0967742	3.85715	0.933181	0.373272	1	0	0	0	0	0	0	0	0	
0.87	0.259259	-1.35769	0.0967742	3.85715	0.933181	0.373272	1	0	0	0	0	0	0	0	0	
0.871	0.259259	-1.35769	0.0967742	3.85715	0.933181	0.373272	1	0	0	0	0	0	0	0	0	
0.872	0.259259	-1.35769	0.0967742	3.85715	0.933181	0.373272	1	0	0	0	0	0	0	0	0	
0.873	0.259259	-1.35769	0.0967742	3.85715	0.933181	0.373272	1	0	0	0	0	0	0	0	0	
0.874	0.259259	-1.35769	0.0967742	3.85715	0.933181	0.373272	1	0	0	0	0	0	0	0	0	
0.875	0.259259	-1.35769	0.0967742	3.85715	0.933181	0.373272	1	0	0	0	0	0	0	0	0	
0.876	0.259259	-1.35769	0.0967742	3.85715	0.933181	0.373272	1	0	0	0	0	0	0	0	0	
0.877	0.259259	-1.35769	0.0967742	3.85715	0.933181	0.373272	1	0	0	0	0	0	0	0	0	
0.878	0.259259	-1.35769	0.0967742	3.85715	0.933181	0.373272	1	0	0	0	0	0	0	0	0	
0.879	0.259259	-1.35769	0.0967742	3.85715	0.933181	0.373272	1	0	0	0	0	0	0	0	0	
0.88	0.259259	-1.35769	0.0967742	3.85715	0.933181	0.373272	1	0	0	0	0	0	0	0	0	
0.881	0.259259	-1.35769	0.0967742	3.85715	0.933181	0.373272	1	0	0	0	0	0	0	0	0	
0.882	0.259259	-1.35769	0.0967742	3.85715	0.933181	0.373272	1	0	0	0	0	0	0	0	0	
0.883	0.259259	-1.35769	0.0967742	3.85715	0.933181	0.373272	1	0	0	0	0	0	0	0	0	
0.884	0.259259	-1.35769	0.0967742	3.85715	0.933181	0.373272	1	0	0	0	0	0	0	0	0	
0.885	0.259259	-1.35769	0.0967742	3.85715	0.933181	0.373272	1	0	0	0	0	0	0	0	0	
0.886	0.259259	-1.35769	0.0967742	3.85715	0.933181	0.373272	1	0	0	0	0	0	0	0	0	
0.887	0.259259	-1.35769	0.0967742	3.85715	0.933181	0.373272	1	0	0	0	0	0	0	0	0	
0.888	0.259259	-1.35769	0.0967742	3.85715	0.933181	0.373272	1	0	0	0	0	0	0	0	0	
0.889	0.259259	-1.35769	0.0967742	3.85715	0.933181	0.373272	1	0	0	0	0	0	0	0	0	
0.89	0.259259	-1.35769	0.0967742	3.85715	0.933181	0.373272	1	0	0	0	0	0	0	0	0	
0.891	0.259259	-1.35769	0.0967742	3.85715	0.933181	0.373272	1	0	0	0	0	0	0	0	0	
0.892	0.259259	-1.35769	0.0967742	3.85715	0.933181	0.373272	1	0	0	0	0	0	0	0	0	
0.893	0.259259	-1.35769	0.0967742	3.85715	0.933181	0.373272	1	0	0	0	0	0	0	0	0	
0.894	0.259259	-1.35769	0.0967742	3.85715	0.933181	0.373272	1	0	0	0	0	0	0	0	0	
0.895	0.259259	-1.35769	0.0967742	3.85715	0.933181	0.373272	1	0	0	0	0	0	0	0	0	
0.896	0.259259	-1.35769	0.0967742	3.85715	0.933181	0.373272	1	0	0	0	0	0	0	0	0	
0.897	0.259259	-1.35769	0.0967742	3.85715	0.933181	0.373272	1	0	0	0	0	0	0	0	0	
0.898	0.259259	-1.35769	0.0967742	3.85715	0.933181	0.373272	1	0	0	0	0	0	0	0	0	
0.899	0.259259	-1.35769	0.0967742	3.85715	0.933181	0.373272	1	0	0	0	0	0	0	0	0	
0.9	0.259259	-1.35769	0.0967742	3.85715	0.933181	0.373272	1	0	0	0	0	0	0	0	0	
0.901	0.259259	-1.35769	0.0967742	3.85715	0.933181	0.373272	1	0	0	0	0	0	0	0	0	
0.902	0.259259	-1.35769	0.0967742	3.85715	0.933181	0.373272	1	0	0	0	0	0	0	0	0	
0.903	0.259259	-1.35769	0.0967742	3.85715	0.933181	0.373272	1	0	0	0	0	0	0	0	0	
0.904	0.259259	-1.35769	0.0967742	3.85715	0.933181	0.373272	1	0	0	0	0	0	0	0	0	
0.905	0.259259	-1.35769	0.0967742	3.85715	0.933181	0.373272	1	0	0	0	0	0	0	0	0	
0.906	0.259259	-1.35769	0.0967742	3.85715	0.933181	0.373272	1	0	0	0	0	0	0	0	0	
0.907	0.259259	-1.35769	0.0967742	3.85715	0.933181	0.373272	1	0	0	0	0	0	0	0	0	
0.908	0.259259	-1.35769	0.0967742	3.85715	0.933181	0.373272	1	0	0	0	0	0	0	0	0	
0.909	0.259259	-1.35769	0.0967742	3.85715	0.933181	0.373272	1	0	0	0	0	0	0	0	0	
0.91	0.259259	-1.35769	0.0967742	3.85715	0.933181	0.373272	1	0	0	0	0	0	0	0	0	
0.911	0.259259	-1.35769	0.0967742	3.85715	0.933181	0.373272	1	0	0	0	0	0	0	0	0	
0.912	0.259259	-1.35769	0.0967742	3.85715	0.933181	0.373272	1	0	0	0	0	0	0	0	0	
0.913	0.259259	-1.35769	0.0967742	3.85715	0.933181	0.373272	1	0	0	0	0	0	0	0	0	
0.914	0.259259	-1.35769	0.0967742	3.85715	0.933181	0.373272	1	0	0	0	0	0	0	0	0	
0.915	0.259259	-1.35769	0.0967742	3.85715	0.933181	0.373272	1	0	0	0	0	0	0	0	0	
0.916	0.259259	-1.35769	0.0967742	3.85715	0.933181	0.373272	1	0	0	0	0	0	0	0	0	
0.917	0.259259	-1.35769	0.0967742	3.85715	0.933181	0.373272	1	0	0	0	0	0	0	0	0	
0.918	0.259259	-1.35769	0.0967742	3.85715	0.933181	0.373272	1	0	0	0	0	0	0	0	0	
0.919	0.259259	-1.35769	0.0967742	3.85715	0.933181	0.373272	1	0	0	0	0	0	0	0	0	
0.92	0.259259	-1.35769	0.0967742	3.85715	0.933181	0.373272	1	0	0	0	0	0	0	0	0	
0.921	0.259259	-1.35769	0.0967742	3.85715	0.933181	0.373272	1	0	0	0	0	0	0	0	0	
0.922	0.259259	-1.35769	0.0967742	3.85715	0.933181	0.373272	1	0	0	0	0	0	0	0	0	
0.923	0.259259	-1.35769	0.0967742	3.85715	0.933181	0.373272	1	0	0	0	0	0	0	0	0	
0.924	0.259259	-1.35769	0.0967742	3.85715	0.933181	0.373272	1	0	0	0	0	0	0	0	0	
0.925	0.259259	-1.35769	0.0967742	3.85715	0.933181	0.373272	1	0	0	0	0	0	0	0	0	
0.926	0.259259	-1.35769	0.0967742	3.85715	0.933181	0.373272	1	0	0	0	0	0	0	0	0	
0.927	0.259259	-1.35769	0.0967742	3.85715	0.933181	0.373272	1	0	0	0	0	0	0	0	0	
0.928	0.259259	-1.35769	0.0967742	3.85715	0.933181	0.373272	1	0	0	0	0	0	0	0	0	
0.929	0.259259	-1.35769	0.0967742	3.85715	0.933181	0.373272	1	0	0	0	0	0	0	0	0	
0.93	0.259259	-1.35769	0.0967742	3.85715	0.933181	0.373272	1	0	0	0	0	0	0	0	0	
0.931	0.259259	-1.35769	0.0967742	3.85715	0.933181	0.373272	1	0	0	0	0	0	0	0	0	
0.932	0.259259	-1.35769	0.0967742	3.85715	0.933181	0.373272	1	0	0	0	0	0	0	0	0	
0.933	0.259259	-1.35769	0.0967742	3.85715	0.933181	0.373272	1	0	0	0	0	0	0	0	0	
0.934	0.259259	-1.35769	0.0967742	3.85715	0.933181	0.373272	1	0	0	0	0	0	0	0	0	
0.935	0.259259	-1.35769	0.0967742	3.85715	0.933181	0.373272	1	0	0	0	0	0	0	0	0	
0.936	0.259259	-1.35769	0.0967742	3.85715	0.933181	0.373272	1	0	0	0	0	0	0	0	0	
0.937	0.259259	-1.35769	0.0967742	3.85715	0.933181	0.373272	1	0	0	0	0	0	0	0	0	
0.938	0.259259	-1.35769	0.0967742	3.85715	0.933181	0.373272	1	0	0	0	0	0	0	0	0	
0.939	0.259259	-1.35769	0.0967742	3.85715	0.933181	0.373272	1	0	0	0	0	0	0	0	0	
0.94	0.259259	-1.35769	0.0967742	3.85715	0.933181	0.373272	1	0	0	0	0	0	0	0	0	
0.941	0.259259	-1.35769	0.0967742	3.85715	0.933181	0.373272	1	0	0	0	0	0	0	0	0	
0.942	0.259259	-1.35769	0.0967742	3.85715	0.933181	0.373272	1	0	0	0	0	0	0	0	0	
0.943	0.259259	-1.35769	0.0967742	3.85715	0.933181	0.373272	1	0	0	0	0	0	0	0	0	
0.944	0.259259	-1.35769	0.0967742	3.85715	0.933181	0.373272	1	0	0	0	0	0	0	0	0	
0.945	0.259259	-1.35769	0.0967742	3.85715	0.933181	0.373272	1	0	0	0	0	0	0	0	0	
0.946	0.259259	-1.35769	0.0967742	3.85715	0.933181	0.373272	1	0	0	0	0	0	0	0	0	
0.947	0.259259	-1.35769	0.0967742	3.85715	0.933181	0.373272	1	0	0	0	0	0	0	0	0	
0.948	0.259259	-1.35769	0.0967742	3.85715	0.933181	0.373272	1	0	0	0	0	0	0	0	0	
0.949	0.259259	-1.35769	0.0967742	3.85715	0.933181	0.373272	1	0	0	0	0	0	0	0	0	
0.95	0.259259	-1.35769	0.0967742	3.85715	0.933181	0.373272	1	0	0	0	0	0	0	0	0	
0.951	0.259259	-1.35769	0.0967742	3.85715	0.933181	0.373272	1	0	0	0	0	0	0	0	0	
0.952	0.259259	-1.35769	0.0967742	3.85715	0.933181	0.373272	1	0	0	0	0	0	0	0	0	
0.953	0.259259	-1.35769	0.0967742	3.85715	0.933181	0.373272	1	0	0	0	0	0	0	0	0	
0.954	0.259259	-1.35769	0.0967742	3.85715	0.933181	0.373272	1	0	0	0	0	0	0	0	0	
0.955	0.259259	-1.35769	0.0967742	3.85715	0.933181	0.373272	1	0	0	0	0	0	0	0	0	
0.956	0.259259	-1.35769	0.0967742	3.85715	0.933181	0.373272	1	0	0	0	0	0	0	0	0	
0.957	0.259259	-1.35769	0.0967742	3.85715	0.933181	0.373272	1	0	0	0	0	0	0	0	0	
0.958	0.259259	-1.35769	0.0967742	3.85715	0.933181	0.373272	1	0	0	0	0	0	0	0	0	
0.959	0.259259	-1.35769	0.0967742	3.85715	0.933181	0.373272	1	0	0	0	0	0	0	0	0	
0.96	0.259259	-1.35769	0.0967742	3.85715	0.933181	0.373272	1	0	0	0	0	0	0	0	0	
0.961	0.259259	-1.35769	0.0967742	3.85715	0.933181	0.373272	1	0	0	0	0	0	0	0	0	
0.962	0.259259	-1.35769	0.0967742	3.85715	0.933181	0.373272	1	0	0	0	0	0	0	0	0	
0.963	0.259259	-1.35769	0.0967742	3.85715	0.933181	0.373272	1	0	0	0	0	0	0	0	0	
0.964	0.259259	-1.35769	0.0967742	3.85715	0.933181	0.373272	1	0	0	0	0	0	0	0	0	
0.965	0.259259	-1.35769	0.0967742	3.85715	0.933181	0.373272	1	0	0	0	0	0	0	0	0	
0.966	0.259259	-1.35769	0.0967742	3.85715	0.933181	0.373272	1	0	0	0	0	0	0	0	0	
0.967	0.259259	-1.35769	0.0967742	3.85715	0.933181	0.373272	1	0	0	0	0	0	0	0	0	
0.968	0.259259	-1.35769	0.0967742	3.85715	0.933181	0.373272	1	0	0	0	0	0	0	0	0	
0.969	0.259259	-1.35769	0.0967742	3.85715	0.933181	0.373272	1	0	0	0	0	0	0	0	0	
0.97	0.259259	-1.35769	0.0967742	3.85715	0.933181	0.373272	1	0	0	0	0	0	0	0	0	
0.971	0.259259	-1.35769	0.0967742	3.85715	0.933181	0.373272	1	0	0	0	0	0	0	0	0	
0.972	0.259259	-1.35769	0.0967742	3.85715	0.933181	0.373272	1	0	0	0	0	0	0	0	0	
0.973	0.259259	-1.35769	0.0967742	3.85715	0.933181	0.373272	1	0	0	0	0	0	0	0	0	
0.974	0.259259	-1.35769	0.0967742	3.85715	0.933181	0.373272	1	0	0	0	0	0	0	0	0	
0.975	0.259259	-1.35769	0.0967742	3.85715	0.933181	0.373272	1	0	0	0	0	0	0	0	0	
0.976	0.259259	-1.35769	0.0967742	3.85715	0.933181	0.373272	1	0	0	0	0	0	0	0	0	
0.977	0.259259	-1.35769	0.0967742	3.85715	0.933181	0.373272	1	0	0	0	0	0	0	0	0	
0.978	0.259259	-1.35769	0.0967742	3.85715	0.933181	0.373272	1	0	0	0	0	0	0	0	0	
0.979	0.259259	-1.35769	0.0967742	3.85715	0.933181	0.373272	1	0	0	0	0	0	0	0	0	
0.98	0.259259	-1.35769	0.0967742	3.85715	0.933181	0.373272	1	0	0	0	0	0	0	0	0	
0.981	0.259259	-1.35769	0.0967742	3.85715	0.933181	0.373272	1	0	0	0	0	0	0	0	0	
0.982	0.259259	-1.35769	0.0967742	3.85715	0.933181	0.373272	1	0	0	0	0	0	0	0	0	
0.983	0.259259	-1.35769	0.0967742	3.85715	0.933181	0.373272	1	0	0	0	0	0	0	0	0	
0.984	0.259259	-1.35769	0.0967742	3.85715	0.933181	0.373272	1	0	0	0	0	0	0	0	0	
0.985	0.259259	-1.35769	0.0967742	3.85715	0.933181	0.373272	1	0	0	0	0	0	0	0	0	
0.986	0.259259	-1.35769	0.0967742	3.85715	0.933181	0.373272	1	0	0	0	0	0	0	0	0	
0.987	0.259259	-1.35769	0.0967742	3.85715	0.933181	0.373272	1	0	0	0	0	0	0	0	0	
0.988	0.259259	-1.35769	0.0967742	3.85715	0.933181	0.373272	1	0	0	0	0	0	0	0	0	
0.989	0.259259	-1.35769	0.0967742	3.85715	0.933181	0.373272	1	0	0	0	0	0	0	0	0	
0.99	0.259259	-1.35769	0.0967742	3.85715	0.933181	0.373272	1	0	0	0	0	0	0	0	0	
0.991	0.259259	-1.35769	0.0967742	3.85715	0.933181	0.373272	1	0	0	0	0	0	0	0	0	
0.992	0.259259	-1.35769	0.0967742	3.85715	0.933181	0.373272	1	0	0	0	0	0	0	0	0	
0.993	0.259259	-1.35769	0.0967742	3.85715	0.933181	0.373272	1	0	0	0	0	0	0	0	0	
0.994	0.259259	-1.35769	0.0967742	3.85715	0.933181	0.373272	1	0	0	0	0	0	0	0	0	
0.995	0.259259	-1.35769	0.0967742	3.85715	0.933181	0.373272	1	0	0	0	0	0	0	0	0	
0.996	0.259259	-1.35769	0.0967742	3.85715	0.933181	0.373272	1	0	0	0	0	0	0	0	0	
0.997	0.259259	-1.35769	0.0967742	3.85715	0.933181	0.373272	1	0	0	0	0	0	0	0	0	
0.998	0.259259	-1.35769	0.0967742	3.85715	0.933181	0.373272	1	0	0	0	0	0	0	0	0	
0.999	0.259259	-1.35769	0.0967742	3.85715	0.933181	0.373272	1	0	0	0	0	0	0	0	0	
1	0.259259	-1.35769	0.0967742	3.85715	0.933181	0.373272	1	0	0	0	0	0	0	0	0	
