|||||||||||||||||||||||||||||||||***SIMULATION: detonation***||||||||||||||||||||||||||||||||||
Sanpshot time = 1.35. Timestep = 3307. Run time = 5 seconds
No. of cells = 1000
#Position	 Density	 Velocity	 Pressure	 Specific_Volume I_Energy	 Temperature	 Species
-0.001	0.773479	0.000216939	2.01303	1.29286	6.5064	0	9.37334e-08	0	0	0	0	0	0	0	0	
0	0.773519	7.25087e-05	2.01303	1.29279	6.50609	0	9.64209e-08	0	0	0	0	0	0	0	0	
0.001	0.773519	-7.25087e-05	2.01303	1.29279	6.50609	2.60243	9.64209e-08	0	0	0	0	0	0	0	0	
0.002	0.773479	-0.000216939	2.01303	1.29286	6.5064	2.60256	9.37334e-08	0	0	0	0	0	0	0	0	
0.003	0.772377	-0.00036172	2.01302	1.2947	6.51566	2.60626	9.89028e-08	0	0	0	0	0	0	0	0	
0.004	0.772868	-0.000507008	2.01301	1.29388	6.51148	2.60459	9.77852e-08	0	0	0	0	0	0	0	0	
0.005	0.770412	-0.00065306	2.01299	1.29801	6.53219	2.61287	9.57781e-08	0	0	0	0	0	0	0	0	
0.006	0.769201	-0.000800048	2.01297	1.30005	6.5424	2.61696	8.94191e-08	0	0	0	0	0	0	0	0	
0.007	0.76985	-0.000948145	2.01295	1.29895	6.53682	2.61473	9.26135e-08	0	0	0	0	0	0	0	0	
0.008	0.771395	-0.00109752	2.01292	1.29635	6.52365	2.60946	9.2426e-08	0	0	0	0	0	0	0	0	
0.009	0.773273	-0.00124834	2.0129	1.2932	6.50771	2.60309	9.17239e-08	0	0	0	0	0	0	0	0	
0.01	0.775162	-0.00140074	2.01287	1.29005	6.49176	2.5967	9.21207e-08	0	0	0	0	0	0	0	0	
0.011	0.776851	-0.00155484	2.01284	1.28725	6.47755	2.59102	9.57526e-08	0	0	0	0	0	0	0	0	
0.012	0.778273	-0.00171074	2.01281	1.2849	6.46561	2.58625	9.40792e-08	0	0	0	0	0	0	0	0	
0.013	0.779384	-0.0018685	2.01278	1.28306	6.4563	2.58252	9.39812e-08	0	0	0	0	0	0	0	0	
0.014	0.780169	-0.00202818	2.01274	1.28177	6.44971	2.57988	9.44037e-08	0	0	0	0	0	0	0	0	
0.015	0.780688	-0.00218978	2.01272	1.28092	6.44532	2.57813	9.62107e-08	0	0	0	0	0	0	0	0	
0.016	0.781012	-0.00235328	2.01269	1.28039	6.44256	2.57703	9.54183e-08	0	0	0	0	0	0	0	0	
0.017	0.781183	-0.00251862	2.01266	1.28011	6.44107	2.57643	9.50293e-08	0	0	0	0	0	0	0	0	
0.018	0.78124	-0.00268571	2.01264	1.28002	6.44051	2.57621	9.47131e-08	0	0	0	0	0	0	0	0	
0.019	0.781233	-0.00285443	2.01261	1.28003	6.4405	2.5762	9.28998e-08	0	0	0	0	0	0	0	0	
0.02	0.781208	-0.00302462	2.01259	1.28007	6.44065	2.57626	9.11955e-08	0	0	0	0	0	0	0	0	
0.021	0.7812	-0.00319608	2.01258	1.28008	6.44066	2.57626	9.06089e-08	0	0	0	0	0	0	0	0	
0.022	0.781232	-0.0033686	2.01256	1.28003	6.44035	2.57614	9.13738e-08	0	0	0	0	0	0	0	0	
0.023	0.781314	-0.00354195	2.01255	1.27989	6.43963	2.57585	9.29568e-08	0	0	0	0	0	0	0	0	
0.024	0.781451	-0.00371586	2.01254	1.27967	6.43848	2.57539	9.4241e-08	0	0	0	0	0	0	0	0	
0.025	0.781639	-0.00389006	2.01253	1.27936	6.43691	2.57476	9.43205e-08	0	0	0	0	0	0	0	0	
0.026	0.78187	-0.00406428	2.01253	1.27899	6.43499	2.574	9.36056e-08	0	0	0	0	0	0	0	0	
0.027	0.782132	-0.00423824	2.01253	1.27856	6.43283	2.57313	9.33605e-08	0	0	0	0	0	0	0	0	
0.028	0.782413	-0.00441165	2.01253	1.2781	6.43051	2.5722	9.34678e-08	0	0	0	0	0	0	0	0	
0.029	0.782701	-0.00458426	2.01252	1.27763	6.42814	2.57126	9.27247e-08	0	0	0	0	0	0	0	0	
0.03	0.782987	-0.00475581	2.01252	1.27716	6.42579	2.57032	9.17996e-08	0	0	0	0	0	0	0	0	
0.031	0.783268	-0.00492607	2.01252	1.2767	6.42349	2.5694	9.18149e-08	0	0	0	0	0	0	0	0	
0.032	0.783547	-0.00509484	2.01252	1.27625	6.4212	2.56848	9.21975e-08	0	0	0	0	0	0	0	0	
0.033	0.783831	-0.00526195	2.01252	1.27578	6.41886	2.56754	9.19506e-08	0	0	0	0	0	0	0	0	
0.034	0.784131	-0.00542726	2.01252	1.2753	6.41639	2.56656	9.0778e-08	0	0	0	0	0	0	0	0	
0.035	0.784456	-0.00559067	2.01251	1.27477	6.41372	2.56549	8.95648e-08	0	0	0	0	0	0	0	0	
0.036	0.78481	-0.00575211	2.0125	1.27419	6.4108	2.56432	8.9179e-08	0	0	0	0	0	0	0	0	
0.037	0.785197	-0.00591156	2.01249	1.27357	6.4076	2.56304	8.96084e-08	0	0	0	0	0	0	0	0	
0.038	0.785616	-0.00606905	2.01248	1.27289	6.40413	2.56165	9.06202e-08	0	0	0	0	0	0	0	0	
0.039	0.786066	-0.00622465	2.01245	1.27216	6.4004	2.56016	9.185e-08	0	0	0	0	0	0	0	0	
0.04	0.786545	-0.00637845	2.01243	1.27138	6.39642	2.55857	9.29013e-08	0	0	0	0	0	0	0	0	
0.041	0.78705	-0.00653062	2.0124	1.27057	6.39222	2.55689	9.35149e-08	0	0	0	0	0	0	0	0	
0.042	0.787579	-0.00668133	2.01236	1.26971	6.38781	2.55512	9.37215e-08	0	0	0	0	0	0	0	0	
0.043	0.788128	-0.00683082	2.01232	1.26883	6.38323	2.55329	9.37835e-08	0	0	0	0	0	0	0	0	
0.044	0.788689	-0.00697936	2.01227	1.26793	6.37852	2.55141	9.38949e-08	0	0	0	0	0	0	0	0	
0.045	0.789256	-0.00712723	2.01221	1.26702	6.37377	2.54951	9.40131e-08	0	0	0	0	0	0	0	0	
0.046	0.789816	-0.00727478	2.01215	1.26612	6.36905	2.54762	9.41371e-08	0	0	0	0	0	0	0	0	
0.047	0.79036	-0.00742234	2.01208	1.26525	6.36446	2.54578	9.45515e-08	0	0	0	0	0	0	0	0	
0.048	0.790878	-0.00757029	2.01201	1.26442	6.36005	2.54402	9.54522e-08	0	0	0	0	0	0	0	0	
0.049	0.791367	-0.00771901	2.01193	1.26364	6.35587	2.54235	9.65608e-08	0	0	0	0	0	0	0	0	
0.05	0.791829	-0.0078689	2.01184	1.2629	6.35189	2.54076	9.73671e-08	0	0	0	0	0	0	0	0	
0.051	0.79227	-0.00802036	2.01175	1.2622	6.34807	2.53923	9.74719e-08	0	0	0	0	0	0	0	0	
0.052	0.792703	-0.00817377	2.01166	1.26151	6.3443	2.53772	9.68079e-08	0	0	0	0	0	0	0	0	
0.053	0.793141	-0.0083295	2.01156	1.26081	6.34048	2.53619	9.56399e-08	0	0	0	0	0	0	0	0	
0.054	0.793597	-0.00848791	2.01146	1.26009	6.33652	2.53461	9.43845e-08	0	0	0	0	0	0	0	0	
0.055	0.794077	-0.00864933	2.01135	1.25932	6.33235	2.53294	9.34714e-08	0	0	0	0	0	0	0	0	
0.056	0.794585	-0.00881402	2.01124	1.25852	6.32796	2.53119	9.3112e-08	0	0	0	0	0	0	0	0	
0.057	0.795118	-0.00898224	2.01113	1.25767	6.32338	2.52935	9.31584e-08	0	0	0	0	0	0	0	0	
0.058	0.795669	-0.00915415	2.01103	1.2568	6.31866	2.52746	9.32796e-08	0	0	0	0	0	0	0	0	
0.059	0.796229	-0.0093299	2.01092	1.25592	6.31388	2.52555	9.33073e-08	0	0	0	0	0	0	0	0	
0.06	0.796788	-0.00950952	2.01081	1.25504	6.30912	2.52365	9.33336e-08	0	0	0	0	0	0	0	0	
0.061	0.79734	-0.00969301	2.01071	1.25417	6.30442	2.52177	9.35069e-08	0	0	0	0	0	0	0	0	
0.062	0.79788	-0.00988029	2.0106	1.25332	6.29984	2.51993	9.38899e-08	0	0	0	0	0	0	0	0	
0.063	0.798406	-0.0100712	2.0105	1.25249	6.29537	2.51815	9.44612e-08	0	0	0	0	0	0	0	0	
0.064	0.798923	-0.0102655	2.01041	1.25169	6.291	2.5164	9.50864e-08	0	0	0	0	0	0	0	0	
0.065	0.799432	-0.0104629	2.01032	1.25089	6.28671	2.51468	9.5539e-08	0	0	0	0	0	0	0	0	
0.066	0.799941	-0.010663	2.01023	1.25009	6.28243	2.51297	9.56461e-08	0	0	0	0	0	0	0	0	
0.067	0.800456	-0.0108655	2.01015	1.24929	6.27813	2.51125	9.53866e-08	0	0	0	0	0	0	0	0	
0.068	0.800982	-0.0110698	2.01007	1.24847	6.27377	2.50951	9.48641e-08	0	0	0	0	0	0	0	0	
0.069	0.801523	-0.0112755	2.01	1.24762	6.2693	2.50772	9.42856e-08	0	0	0	0	0	0	0	0	
0.07	0.802081	-0.0114819	2.00993	1.24676	6.26473	2.50589	9.39113e-08	0	0	0	0	0	0	0	0	
0.071	0.802655	-0.0116887	2.00986	1.24587	6.26004	2.50402	9.38959e-08	0	0	0	0	0	0	0	0	
0.072	0.803241	-0.0118951	2.0098	1.24496	6.25528	2.50211	9.41513e-08	0	0	0	0	0	0	0	0	
0.073	0.803838	-0.0121008	2.00974	1.24403	6.25045	2.50018	9.44075e-08	0	0	0	0	0	0	0	0	
0.074	0.804439	-0.0123051	2.00968	1.2431	6.2456	2.49824	9.44579e-08	0	0	0	0	0	0	0	0	
0.075	0.805042	-0.0125076	2.00963	1.24217	6.24075	2.4963	9.43444e-08	0	0	0	0	0	0	0	0	
0.076	0.805643	-0.0127078	2.00957	1.24124	6.23592	2.49437	9.42899e-08	0	0	0	0	0	0	0	0	
0.077	0.806242	-0.0129053	2.00952	1.24032	6.23111	2.49245	9.4467e-08	0	0	0	0	0	0	0	0	
0.078	0.806841	-0.0130999	2.00946	1.2394	6.22632	2.49053	9.48442e-08	0	0	0	0	0	0	0	0	
0.079	0.807442	-0.0132913	2.0094	1.23848	6.22151	2.4886	9.5226e-08	0	0	0	0	0	0	0	0	
0.08	0.808051	-0.0134792	2.00934	1.23755	6.21663	2.48665	9.54151e-08	0	0	0	0	0	0	0	0	
0.081	0.808674	-0.0136636	2.00928	1.23659	6.21165	2.48466	9.5344e-08	0	0	0	0	0	0	0	0	
0.082	0.809317	-0.0138444	2.00921	1.23561	6.20651	2.48261	9.50853e-08	0	0	0	0	0	0	0	0	
0.083	0.809984	-0.0140216	2.00914	1.23459	6.20119	2.48047	9.47839e-08	0	0	0	0	0	0	0	0	
0.084	0.810677	-0.0141954	2.00907	1.23354	6.19565	2.47826	9.45761e-08	0	0	0	0	0	0	0	0	
0.085	0.811395	-0.0143658	2.00899	1.23245	6.18993	2.47597	9.45275e-08	0	0	0	0	0	0	0	0	
0.086	0.812133	-0.0145331	2.00891	1.23133	6.18405	2.47362	9.46229e-08	0	0	0	0	0	0	0	0	
0.087	0.812884	-0.0146976	2.00882	1.23019	6.17806	2.47122	9.48167e-08	0	0	0	0	0	0	0	0	
0.088	0.81364	-0.0148596	2.00872	1.22905	6.17203	2.46881	9.50784e-08	0	0	0	0	0	0	0	0	
0.089	0.814393	-0.0150195	2.00862	1.22791	6.16602	2.46641	9.53826e-08	0	0	0	0	0	0	0	0	
0.09	0.815136	-0.0151777	2.00852	1.22679	6.16008	2.46403	9.56738e-08	0	0	0	0	0	0	0	0	
0.091	0.815862	-0.0153346	2.00841	1.2257	6.15426	2.4617	9.58687e-08	0	0	0	0	0	0	0	0	
0.092	0.816568	-0.0154907	2.0083	1.22464	6.1486	2.45944	9.58948e-08	0	0	0	0	0	0	0	0	
0.093	0.817248	-0.0156464	2.00818	1.22362	6.14312	2.45725	9.57252e-08	0	0	0	0	0	0	0	0	
0.094	0.8179	-0.0158024	2.00806	1.22264	6.13786	2.45514	9.53947e-08	0	0	0	0	0	0	0	0	
0.095	0.81852	-0.015959	2.00794	1.22172	6.13283	2.45313	9.4998e-08	0	0	0	0	0	0	0	0	
0.096	0.819105	-0.0161169	2.00782	1.22084	6.12808	2.45123	9.46671e-08	0	0	0	0	0	0	0	0	
0.097	0.819652	-0.0162764	2.00769	1.22003	6.12361	2.44944	9.45258e-08	0	0	0	0	0	0	0	0	
0.098	0.82016	-0.0164381	2.00757	1.21927	6.11943	2.44777	9.4621e-08	0	0	0	0	0	0	0	0	
0.099	0.820627	-0.0166025	2.00744	1.21858	6.11557	2.44623	9.48719e-08	0	0	0	0	0	0	0	0	
0.1	0.821054	-0.01677	2.00732	1.21795	6.11201	2.4448	9.51017e-08	0	0	0	0	0	0	0	0	
0.101	0.821442	-0.016941	2.0072	1.21737	6.10876	2.4435	9.51546e-08	0	0	0	0	0	0	0	0	
0.102	0.821792	-0.0171158	2.00708	1.21685	6.1058	2.44232	9.49941e-08	0	0	0	0	0	0	0	0	
0.103	0.822105	-0.0172948	2.00696	1.21639	6.10313	2.44125	9.46916e-08	0	0	0	0	0	0	0	0	
0.104	0.822384	-0.0174782	2.00685	1.21598	6.10072	2.44029	9.43443e-08	0	0	0	0	0	0	0	0	
0.105	0.822631	-0.0176662	2.00675	1.21561	6.09856	2.43943	9.40238e-08	0	0	0	0	0	0	0	0	
0.106	0.82285	-0.0178588	2.00665	1.21529	6.09664	2.43865	9.37817e-08	0	0	0	0	0	0	0	0	
0.107	0.823044	-0.0180562	2.00655	1.215	6.09491	2.43796	9.36642e-08	0	0	0	0	0	0	0	0	
0.108	0.823215	-0.0182582	2.00646	1.21475	6.09337	2.43735	9.3706e-08	0	0	0	0	0	0	0	0	
0.109	0.823368	-0.0184646	2.00638	1.21452	6.09197	2.43679	9.3921e-08	0	0	0	0	0	0	0	0	
0.11	0.823506	-0.0186754	2.00629	1.21432	6.09071	2.43628	9.43013e-08	0	0	0	0	0	0	0	0	
0.111	0.823632	-0.01889	2.00622	1.21413	6.08955	2.43582	9.48097e-08	0	0	0	0	0	0	0	0	
0.112	0.823748	-0.0191082	2.00615	1.21396	6.08847	2.43539	9.53667e-08	0	0	0	0	0	0	0	0	
0.113	0.823856	-0.0193295	2.00608	1.2138	6.08746	2.43499	9.58605e-08	0	0	0	0	0	0	0	0	
0.114	0.823957	-0.0195533	2.00601	1.21365	6.08651	2.4346	9.61863e-08	0	0	0	0	0	0	0	0	
0.115	0.824054	-0.0197791	2.00594	1.21351	6.08559	2.43424	9.62858e-08	0	0	0	0	0	0	0	0	
0.116	0.824145	-0.0200063	2.00588	1.21338	6.08472	2.43389	9.61558e-08	0	0	0	0	0	0	0	0	
0.117	0.824232	-0.0202343	2.00581	1.21325	6.08388	2.43355	9.58298e-08	0	0	0	0	0	0	0	0	
0.118	0.824312	-0.0204623	2.00574	1.21313	6.08307	2.43323	9.53604e-08	0	0	0	0	0	0	0	0	
0.119	0.824384	-0.0206899	2.00567	1.21303	6.08232	2.43293	9.48211e-08	0	0	0	0	0	0	0	0	
0.12	0.824445	-0.0209163	2.00559	1.21294	6.08163	2.43265	9.43159e-08	0	0	0	0	0	0	0	0	
0.121	0.824494	-0.021141	2.00551	1.21287	6.08102	2.43241	9.39605e-08	0	0	0	0	0	0	0	0	
0.122	0.824526	-0.0213634	2.00542	1.21282	6.08051	2.4322	9.38332e-08	0	0	0	0	0	0	0	0	
0.123	0.82454	-0.0215832	2.00532	1.2128	6.08011	2.43204	9.39268e-08	0	0	0	0	0	0	0	0	
0.124	0.824534	-0.0217998	2.00521	1.21281	6.07984	2.43193	9.41433e-08	0	0	0	0	0	0	0	0	
0.125	0.824506	-0.0220129	2.0051	1.21285	6.07969	2.43188	9.4344e-08	0	0	0	0	0	0	0	0	
0.126	0.824456	-0.0222223	2.00497	1.21292	6.07969	2.43188	9.4424e-08	0	0	0	0	0	0	0	0	
0.127	0.824383	-0.0224278	2.00484	1.21303	6.07982	2.43193	9.43635e-08	0	0	0	0	0	0	0	0	
0.128	0.824288	-0.0226293	2.00469	1.21317	6.08007	2.43203	9.42224e-08	0	0	0	0	0	0	0	0	
0.129	0.824173	-0.0228267	2.00454	1.21334	6.08045	2.43218	9.4091e-08	0	0	0	0	0	0	0	0	
0.13	0.824038	-0.0230202	2.00437	1.21354	6.08093	2.43237	9.40302e-08	0	0	0	0	0	0	0	0	
0.131	0.823886	-0.0232099	2.00419	1.21376	6.08151	2.4326	9.40411e-08	0	0	0	0	0	0	0	0	
0.132	0.823719	-0.023396	2.004	1.21401	6.08217	2.43287	9.40747e-08	0	0	0	0	0	0	0	0	
0.133	0.823539	-0.0235787	2.0038	1.21427	6.0829	2.43316	9.40695e-08	0	0	0	0	0	0	0	0	
0.134	0.823347	-0.0237583	2.00359	1.21455	6.08368	2.43347	9.39891e-08	0	0	0	0	0	0	0	0	
0.135	0.823146	-0.0239354	2.00338	1.21485	6.08451	2.4338	9.38373e-08	0	0	0	0	0	0	0	0	
0.136	0.822938	-0.0241102	2.00315	1.21516	6.08536	2.43414	9.36443e-08	0	0	0	0	0	0	0	0	
0.137	0.822724	-0.0242833	2.00292	1.21547	6.08624	2.43449	9.34383e-08	0	0	0	0	0	0	0	0	
0.138	0.822506	-0.0244552	2.00268	1.2158	6.08712	2.43485	9.32263e-08	0	0	0	0	0	0	0	0	
0.139	0.822286	-0.0246264	2.00243	1.21612	6.088	2.4352	9.29951e-08	0	0	0	0	0	0	0	0	
0.14	0.822067	-0.0247974	2.00218	1.21645	6.08886	2.43554	9.27295e-08	0	0	0	0	0	0	0	0	
0.141	0.821851	-0.0249688	2.00192	1.21677	6.08968	2.43587	9.24309e-08	0	0	0	0	0	0	0	0	
0.142	0.821641	-0.0251412	2.00167	1.21708	6.09045	2.43618	9.2125e-08	0	0	0	0	0	0	0	0	
0.143	0.821439	-0.0253151	2.00141	1.21738	6.09116	2.43646	9.18525e-08	0	0	0	0	0	0	0	0	
0.144	0.821248	-0.025491	2.00115	1.21766	6.09178	2.43671	9.16513e-08	0	0	0	0	0	0	0	0	
0.145	0.82107	-0.0256696	2.00089	1.21792	6.09232	2.43693	9.15381e-08	0	0	0	0	0	0	0	0	
0.146	0.820904	-0.0258512	2.00063	1.21817	6.09276	2.4371	9.15043e-08	0	0	0	0	0	0	0	0	
0.147	0.820749	-0.0260363	2.00037	1.2184	6.09313	2.43725	9.15244e-08	0	0	0	0	0	0	0	0	
0.148	0.820605	-0.0262253	2.00012	1.21861	6.09343	2.43737	9.15721e-08	0	0	0	0	0	0	0	0	
0.149	0.820468	-0.0264186	1.99987	1.21882	6.09369	2.43747	9.16312e-08	0	0	0	0	0	0	0	0	
0.15	0.820335	-0.0266165	1.99962	1.21901	6.09393	2.43757	9.16965e-08	0	0	0	0	0	0	0	0	
0.151	0.820203	-0.0268191	1.99939	1.21921	6.09418	2.43767	9.17666e-08	0	0	0	0	0	0	0	0	
0.152	0.820069	-0.0270265	1.99915	1.21941	6.09446	2.43779	9.1836e-08	0	0	0	0	0	0	0	0	
0.153	0.819931	-0.0272389	1.99892	1.21962	6.09479	2.43792	9.18916e-08	0	0	0	0	0	0	0	0	
0.154	0.819786	-0.0274561	1.9987	1.21983	6.09519	2.43808	9.19177e-08	0	0	0	0	0	0	0	0	
0.155	0.819636	-0.0276781	1.99848	1.22005	6.09565	2.43826	9.19019e-08	0	0	0	0	0	0	0	0	
0.156	0.819478	-0.0279046	1.99827	1.22029	6.09618	2.43847	9.1841e-08	0	0	0	0	0	0	0	0	
0.157	0.819314	-0.0281353	1.99807	1.22053	6.09677	2.43871	9.17434e-08	0	0	0	0	0	0	0	0	
0.158	0.819145	-0.02837	1.99787	1.22079	6.09742	2.43897	9.16275e-08	0	0	0	0	0	0	0	0	
0.159	0.818971	-0.0286081	1.99767	1.22104	6.09811	2.43924	9.15148e-08	0	0	0	0	0	0	0	0	
0.16	0.818795	-0.0288492	1.99748	1.22131	6.09883	2.43953	9.14201e-08	0	0	0	0	0	0	0	0	
0.161	0.818618	-0.0290929	1.99729	1.22157	6.09957	2.43983	9.13456e-08	0	0	0	0	0	0	0	0	
0.162	0.81844	-0.0293385	1.9971	1.22184	6.10032	2.44013	9.12869e-08	0	0	0	0	0	0	0	0	
0.163	0.818262	-0.0295855	1.99691	1.2221	6.10107	2.44043	9.12493e-08	0	0	0	0	0	0	0	0	
0.164	0.818086	-0.0298334	1.99672	1.22236	6.1018	2.44072	9.1263e-08	0	0	0	0	0	0	0	0	
0.165	0.817913	-0.0300816	1.99653	1.22262	6.10252	2.44101	9.13832e-08	0	0	0	0	0	0	0	0	
0.166	0.817741	-0.0303296	1.99634	1.22288	6.1032	2.44128	9.16723e-08	0	0	0	0	0	0	0	0	
0.167	0.817573	-0.030577	1.99614	1.22313	6.10386	2.44154	9.21707e-08	0	0	0	0	0	0	0	0	
0.168	0.817408	-0.0308234	1.99594	1.22338	6.10448	2.44179	9.28727e-08	0	0	0	0	0	0	0	0	
0.169	0.817247	-0.0310683	1.99573	1.22362	6.10505	2.44202	9.37201e-08	0	0	0	0	0	0	0	0	
0.17	0.817089	-0.0313115	1.99552	1.22386	6.10558	2.44223	9.46163e-08	0	0	0	0	0	0	0	0	
0.171	0.816936	-0.0315527	1.9953	1.22409	6.10605	2.44242	9.54523e-08	0	0	0	0	0	0	0	0	
0.172	0.816788	-0.0317918	1.99508	1.22431	6.10647	2.44259	9.61324e-08	0	0	0	0	0	0	0	0	
0.173	0.816646	-0.0320287	1.99484	1.22452	6.10682	2.44273	9.65887e-08	0	0	0	0	0	0	0	0	
0.174	0.816509	-0.0322634	1.9946	1.22473	6.10711	2.44284	9.67827e-08	0	0	0	0	0	0	0	0	
0.175	0.816377	-0.0324959	1.99435	1.22492	6.10733	2.44293	9.66982e-08	0	0	0	0	0	0	0	0	
0.176	0.816251	-0.0327264	1.9941	1.22511	6.10749	2.443	9.63335e-08	0	0	0	0	0	0	0	0	
0.177	0.816129	-0.0329549	1.99383	1.2253	6.10759	2.44304	9.56982e-08	0	0	0	0	0	0	0	0	
0.178	0.816011	-0.0331817	1.99356	1.22547	6.10764	2.44306	9.48162e-08	0	0	0	0	0	0	0	0	
0.179	0.815895	-0.0334072	1.99328	1.22565	6.10764	2.44306	9.37296e-08	0	0	0	0	0	0	0	0	
0.18	0.815781	-0.0336315	1.99299	1.22582	6.10761	2.44305	9.25025e-08	0	0	0	0	0	0	0	0	
0.181	0.815667	-0.033855	1.99269	1.22599	6.10756	2.44302	9.12179e-08	0	0	0	0	0	0	0	0	
0.182	0.815552	-0.0340782	1.99239	1.22616	6.10749	2.443	8.99699e-08	0	0	0	0	0	0	0	0	
0.183	0.815435	-0.0343014	1.99208	1.22634	6.10742	2.44297	8.8851e-08	0	0	0	0	0	0	0	0	
0.184	0.815316	-0.0345249	1.99177	1.22652	6.10735	2.44294	8.79374e-08	0	0	0	0	0	0	0	0	
0.185	0.815193	-0.0347493	1.99145	1.2267	6.10729	2.44292	8.72773e-08	0	0	0	0	0	0	0	0	
0.186	0.815068	-0.0349748	1.99112	1.22689	6.10724	2.44289	8.68837e-08	0	0	0	0	0	0	0	0	
0.187	0.814939	-0.0352021	1.9908	1.22709	6.10719	2.44288	8.67343e-08	0	0	0	0	0	0	0	0	
0.188	0.814808	-0.0354314	1.99047	1.22728	6.10716	2.44286	8.67785e-08	0	0	0	0	0	0	0	0	
0.189	0.814675	-0.0356632	1.99013	1.22748	6.10714	2.44286	8.695e-08	0	0	0	0	0	0	0	0	
0.19	0.814539	-0.0358978	1.9898	1.22769	6.10712	2.44285	8.71818e-08	0	0	0	0	0	0	0	0	
0.191	0.814403	-0.0361357	1.98946	1.22789	6.10711	2.44284	8.74196e-08	0	0	0	0	0	0	0	0	
0.192	0.814266	-0.0363772	1.98912	1.2281	6.1071	2.44284	8.76303e-08	0	0	0	0	0	0	0	0	
0.193	0.814129	-0.0366226	1.98879	1.22831	6.1071	2.44284	8.78035e-08	0	0	0	0	0	0	0	0	
0.194	0.813992	-0.0368722	1.98845	1.22851	6.10709	2.44284	8.79454e-08	0	0	0	0	0	0	0	0	
0.195	0.813856	-0.0371262	1.98811	1.22872	6.10708	2.44283	8.80685e-08	0	0	0	0	0	0	0	0	
0.196	0.81372	-0.0373849	1.98778	1.22892	6.10707	2.44283	8.81812e-08	0	0	0	0	0	0	0	0	
0.197	0.813586	-0.0376484	1.98745	1.22913	6.10706	2.44282	8.82804e-08	0	0	0	0	0	0	0	0	
0.198	0.813454	-0.0379168	1.98712	1.22933	6.10704	2.44282	8.83516e-08	0	0	0	0	0	0	0	0	
0.199	0.813322	-0.0381902	1.98679	1.22952	6.10701	2.4428	8.83747e-08	0	0	0	0	0	0	0	0	
0.2	0.813193	-0.0384685	1.98646	1.22972	6.10698	2.44279	8.83335e-08	0	0	0	0	0	0	0	0	
0.201	0.813065	-0.0387518	1.98613	1.22991	6.10694	2.44277	8.82234e-08	0	0	0	0	0	0	0	0	
0.202	0.812939	-0.03904	1.98581	1.2301	6.10688	2.44275	8.80555e-08	0	0	0	0	0	0	0	0	
0.203	0.812815	-0.0393328	1.98549	1.23029	6.10682	2.44273	8.78527e-08	0	0	0	0	0	0	0	0	
0.204	0.812693	-0.0396301	1.98516	1.23048	6.10674	2.4427	8.76425e-08	0	0	0	0	0	0	0	0	
0.205	0.812573	-0.0399317	1.98484	1.23066	6.10664	2.44266	8.74484e-08	0	0	0	0	0	0	0	0	
0.206	0.812455	-0.0402374	1.98451	1.23084	6.10653	2.44261	8.72834e-08	0	0	0	0	0	0	0	0	
0.207	0.812338	-0.0405468	1.98418	1.23102	6.1064	2.44256	8.71492e-08	0	0	0	0	0	0	0	0	
0.208	0.812222	-0.0408596	1.98385	1.23119	6.10625	2.4425	8.7039e-08	0	0	0	0	0	0	0	0	
0.209	0.812107	-0.0411756	1.98352	1.23137	6.10608	2.44243	8.69428e-08	0	0	0	0	0	0	0	0	
0.21	0.811992	-0.0414946	1.98317	1.23154	6.1059	2.44236	8.68526e-08	0	0	0	0	0	0	0	0	
0.211	0.811877	-0.0418161	1.98283	1.23171	6.10569	2.44228	8.67647e-08	0	0	0	0	0	0	0	0	
0.212	0.811761	-0.0421401	1.98247	1.23189	6.10547	2.44219	8.66797e-08	0	0	0	0	0	0	0	0	
0.213	0.811643	-0.0424662	1.98211	1.23207	6.10524	2.4421	8.66015e-08	0	0	0	0	0	0	0	0	
0.214	0.811524	-0.0427944	1.98174	1.23225	6.10499	2.442	8.65352e-08	0	0	0	0	0	0	0	0	
0.215	0.811402	-0.0431244	1.98136	1.23243	6.10473	2.44189	8.64865e-08	0	0	0	0	0	0	0	0	
0.216	0.811278	-0.0434563	1.98097	1.23262	6.10446	2.44179	8.64609e-08	0	0	0	0	0	0	0	0	
0.217	0.811149	-0.04379	1.98056	1.23282	6.10419	2.44167	8.64628e-08	0	0	0	0	0	0	0	0	
0.218	0.811017	-0.0441255	1.98015	1.23302	6.1039	2.44156	8.64947e-08	0	0	0	0	0	0	0	0	
0.219	0.810881	-0.0444628	1.97972	1.23323	6.10361	2.44144	8.65555e-08	0	0	0	0	0	0	0	0	
0.22	0.81074	-0.0448021	1.97928	1.23344	6.10332	2.44133	8.66392e-08	0	0	0	0	0	0	0	0	
0.221	0.810593	-0.0451436	1.97883	1.23366	6.10303	2.44121	8.67351e-08	0	0	0	0	0	0	0	0	
0.222	0.810441	-0.0454873	1.97836	1.2339	6.10274	2.4411	8.68286e-08	0	0	0	0	0	0	0	0	
0.223	0.810282	-0.0458335	1.97789	1.23414	6.10246	2.44098	8.69028e-08	0	0	0	0	0	0	0	0	
0.224	0.810117	-0.0461824	1.97739	1.23439	6.10219	2.44088	8.69416e-08	0	0	0	0	0	0	0	0	
0.225	0.809944	-0.0465343	1.97689	1.23465	6.10194	2.44077	8.69319e-08	0	0	0	0	0	0	0	0	
0.226	0.809764	-0.0468894	1.97637	1.23493	6.1017	2.44068	8.6866e-08	0	0	0	0	0	0	0	0	
0.227	0.809576	-0.047248	1.97585	1.23522	6.10148	2.44059	8.67432e-08	0	0	0	0	0	0	0	0	
0.228	0.80938	-0.0476104	1.9753	1.23551	6.10129	2.44051	8.65703e-08	0	0	0	0	0	0	0	0	
0.229	0.809178	-0.0479768	1.97475	1.23582	6.1011	2.44044	8.63609e-08	0	0	0	0	0	0	0	0	
0.23	0.80897	-0.0483476	1.97419	1.23614	6.10093	2.44037	8.61339e-08	0	0	0	0	0	0	0	0	
0.231	0.808759	-0.0487231	1.97361	1.23646	6.10074	2.4403	8.59106e-08	0	0	0	0	0	0	0	0	
0.232	0.808546	-0.0491035	1.97302	1.23679	6.10053	2.44021	8.57118e-08	0	0	0	0	0	0	0	0	
0.233	0.808335	-0.0494891	1.97243	1.23711	6.10028	2.44011	8.55554e-08	0	0	0	0	0	0	0	0	
0.234	0.808128	-0.0498802	1.97182	1.23743	6.09997	2.43999	8.54537e-08	0	0	0	0	0	0	0	0	
0.235	0.807928	-0.0502771	1.97121	1.23773	6.09958	2.43983	8.54125e-08	0	0	0	0	0	0	0	0	
0.236	0.807738	-0.0506801	1.97058	1.23803	6.09908	2.43963	8.5431e-08	0	0	0	0	0	0	0	0	
0.237	0.807558	-0.0510894	1.96995	1.2383	6.09848	2.43939	8.55023e-08	0	0	0	0	0	0	0	0	
0.238	0.807392	-0.0515053	1.96931	1.23856	6.09776	2.4391	8.56148e-08	0	0	0	0	0	0	0	0	
0.239	0.807238	-0.051928	1.96866	1.23879	6.09691	2.43877	8.57549e-08	0	0	0	0	0	0	0	0	
0.24	0.807096	-0.0523576	1.96801	1.23901	6.09596	2.43838	8.59081e-08	0	0	0	0	0	0	0	0	
0.241	0.806964	-0.0527945	1.96735	1.23921	6.0949	2.43796	8.60616e-08	0	0	0	0	0	0	0	0	
0.242	0.80684	-0.0532386	1.96668	1.2394	6.09377	2.43751	8.6205e-08	0	0	0	0	0	0	0	0	
0.243	0.806721	-0.05369	1.96601	1.23959	6.09258	2.43703	8.63313e-08	0	0	0	0	0	0	0	0	
0.244	0.806604	-0.0541489	1.96532	1.23977	6.09136	2.43654	8.64366e-08	0	0	0	0	0	0	0	0	
0.245	0.806484	-0.0546152	1.96464	1.23995	6.09013	2.43605	8.652e-08	0	0	0	0	0	0	0	0	
0.246	0.806358	-0.0550888	1.96394	1.24014	6.08893	2.43557	8.65828e-08	0	0	0	0	0	0	0	0	
0.247	0.806224	-0.0555697	1.96324	1.24035	6.08777	2.43511	8.66275e-08	0	0	0	0	0	0	0	0	
0.248	0.80608	-0.0560576	1.96254	1.24057	6.08667	2.43467	8.66574e-08	0	0	0	0	0	0	0	0	
0.249	0.805922	-0.0565525	1.96182	1.24081	6.08564	2.43426	8.66757e-08	0	0	0	0	0	0	0	0	
0.25	0.805751	-0.0570539	1.9611	1.24108	6.0847	2.43388	8.66851e-08	0	0	0	0	0	0	0	0	
0.251	0.805565	-0.0575616	1.96037	1.24136	6.08384	2.43354	8.66879e-08	0	0	0	0	0	0	0	0	
0.252	0.805364	-0.0580752	1.95964	1.24167	6.08307	2.43323	8.6685e-08	0	0	0	0	0	0	0	0	
0.253	0.80515	-0.0585944	1.95889	1.242	6.08239	2.43295	8.66768e-08	0	0	0	0	0	0	0	0	
0.254	0.804923	-0.0591187	1.95814	1.24236	6.08177	2.43271	8.66626e-08	0	0	0	0	0	0	0	0	
0.255	0.804683	-0.0596476	1.95739	1.24272	6.08123	2.43249	8.66414e-08	0	0	0	0	0	0	0	0	
0.256	0.804433	-0.0601806	1.95662	1.24311	6.08074	2.4323	8.66121e-08	0	0	0	0	0	0	0	0	
0.257	0.804174	-0.0607171	1.95585	1.24351	6.08029	2.43212	8.65742e-08	0	0	0	0	0	0	0	0	
0.258	0.803908	-0.0612567	1.95507	1.24392	6.07988	2.43195	8.65282e-08	0	0	0	0	0	0	0	0	
0.259	0.803635	-0.0617986	1.95428	1.24435	6.0795	2.4318	8.64753e-08	0	0	0	0	0	0	0	0	
0.26	0.803358	-0.0623424	1.95349	1.24478	6.07913	2.43165	8.64176e-08	0	0	0	0	0	0	0	0	
0.261	0.803078	-0.0628872	1.95269	1.24521	6.07876	2.4315	8.63573e-08	0	0	0	0	0	0	0	0	
0.262	0.802796	-0.0634326	1.95188	1.24565	6.07839	2.43136	8.6296e-08	0	0	0	0	0	0	0	0	
0.263	0.802515	-0.0639777	1.95108	1.24608	6.07801	2.4312	8.62338e-08	0	0	0	0	0	0	0	0	
0.264	0.802235	-0.0645218	1.95027	1.24652	6.0776	2.43104	8.61692e-08	0	0	0	0	0	0	0	0	
0.265	0.801958	-0.0650644	1.94945	1.24695	6.07717	2.43087	8.60988e-08	0	0	0	0	0	0	0	0	
0.266	0.801685	-0.0656046	1.94864	1.24737	6.0767	2.43068	8.60184e-08	0	0	0	0	0	0	0	0	
0.267	0.801418	-0.0661417	1.94783	1.24779	6.07619	2.43048	8.59238e-08	0	0	0	0	0	0	0	0	
0.268	0.801158	-0.0666749	1.94702	1.24819	6.07564	2.43026	8.58126e-08	0	0	0	0	0	0	0	0	
0.269	0.800905	-0.0672037	1.94621	1.24859	6.07504	2.43002	8.56851e-08	0	0	0	0	0	0	0	0	
0.27	0.800661	-0.0677272	1.94541	1.24897	6.07439	2.42976	8.55453e-08	0	0	0	0	0	0	0	0	
0.271	0.800426	-0.0682447	1.94462	1.24934	6.0737	2.42948	8.5401e-08	0	0	0	0	0	0	0	0	
0.272	0.800199	-0.0687555	1.94383	1.24969	6.07296	2.42918	8.52638e-08	0	0	0	0	0	0	0	0	
0.273	0.799982	-0.069259	1.94305	1.25003	6.07218	2.42887	8.5147e-08	0	0	0	0	0	0	0	0	
0.274	0.799772	-0.0697546	1.94229	1.25036	6.07138	2.42855	8.50649e-08	0	0	0	0	0	0	0	0	
0.275	0.799571	-0.0702415	1.94154	1.25067	6.07056	2.42822	8.50301e-08	0	0	0	0	0	0	0	0	
0.276	0.799377	-0.0707193	1.9408	1.25097	6.06972	2.42789	8.50526e-08	0	0	0	0	0	0	0	0	
0.277	0.79919	-0.0711874	1.94008	1.25127	6.06888	2.42755	8.51377e-08	0	0	0	0	0	0	0	0	
0.278	0.799009	-0.0716453	1.93937	1.25155	6.06806	2.42722	8.52858e-08	0	0	0	0	0	0	0	0	
0.279	0.798832	-0.0720926	1.93868	1.25183	6.06724	2.4269	8.5492e-08	0	0	0	0	0	0	0	0	
0.28	0.79866	-0.0725289	1.93802	1.2521	6.06646	2.42658	8.57466e-08	0	0	0	0	0	0	0	0	
0.281	0.798491	-0.0729539	1.93737	1.25236	6.06571	2.42628	8.60365e-08	0	0	0	0	0	0	0	0	
0.282	0.798326	-0.0733673	1.93674	1.25262	6.065	2.426	8.6346e-08	0	0	0	0	0	0	0	0	
0.283	0.798165	-0.0737688	1.93613	1.25287	6.06433	2.42573	8.66587e-08	0	0	0	0	0	0	0	0	
0.284	0.798005	-0.0741585	1.93555	1.25312	6.06371	2.42548	8.69587e-08	0	0	0	0	0	0	0	0	
0.285	0.797849	-0.0745361	1.93499	1.25337	6.06313	2.42525	8.72312e-08	0	0	0	0	0	0	0	0	
0.286	0.797696	-0.0749017	1.93445	1.25361	6.06261	2.42504	8.7464e-08	0	0	0	0	0	0	0	0	
0.287	0.797545	-0.0752554	1.93393	1.25385	6.06214	2.42486	8.76475e-08	0	0	0	0	0	0	0	0	
0.288	0.797397	-0.0755971	1.93344	1.25408	6.06171	2.42469	8.7775e-08	0	0	0	0	0	0	0	0	
0.289	0.797253	-0.0759272	1.93297	1.25431	6.06134	2.42454	8.78426e-08	0	0	0	0	0	0	0	0	
0.29	0.797112	-0.0762458	1.93252	1.25453	6.06101	2.4244	8.78492e-08	0	0	0	0	0	0	0	0	
0.291	0.796974	-0.0765532	1.93209	1.25475	6.06072	2.42429	8.77961e-08	0	0	0	0	0	0	0	0	
0.292	0.79684	-0.0768497	1.93169	1.25496	6.06047	2.42419	8.76869e-08	0	0	0	0	0	0	0	0	
0.293	0.79671	-0.0771356	1.93131	1.25516	6.06026	2.4241	8.75267e-08	0	0	0	0	0	0	0	0	
0.294	0.796584	-0.0774114	1.93095	1.25536	6.06008	2.42403	8.73224e-08	0	0	0	0	0	0	0	0	
0.295	0.796464	-0.0776774	1.9306	1.25555	6.05993	2.42397	8.70816e-08	0	0	0	0	0	0	0	0	
0.296	0.796348	-0.0779341	1.93028	1.25573	6.05979	2.42392	8.68124e-08	0	0	0	0	0	0	0	0	
0.297	0.796239	-0.078182	1.92998	1.25591	6.05967	2.42387	8.65232e-08	0	0	0	0	0	0	0	0	
0.298	0.796136	-0.0784214	1.92969	1.25607	6.05956	2.42382	8.62221e-08	0	0	0	0	0	0	0	0	
0.299	0.79604	-0.078653	1.92942	1.25622	6.05944	2.42378	8.59167e-08	0	0	0	0	0	0	0	0	
0.3	0.795952	-0.0788771	1.92917	1.25636	6.05931	2.42372	8.56141e-08	0	0	0	0	0	0	0	0	
0.301	0.795872	-0.0790942	1.92893	1.25648	6.05917	2.42367	8.53207e-08	0	0	0	0	0	0	0	0	
0.302	0.795801	-0.0793047	1.9287	1.2566	6.059	2.4236	8.50424e-08	0	0	0	0	0	0	0	0	
0.303	0.795739	-0.0795091	1.92849	1.25669	6.05881	2.42352	8.47844e-08	0	0	0	0	0	0	0	0	
0.304	0.795687	-0.0797079	1.92829	1.25678	6.05858	2.42343	8.45515e-08	0	0	0	0	0	0	0	0	
0.305	0.795643	-0.0799012	1.92811	1.25685	6.05833	2.42333	8.4348e-08	0	0	0	0	0	0	0	0	
0.306	0.795608	-0.0800896	1.92793	1.2569	6.05804	2.42321	8.41776e-08	0	0	0	0	0	0	0	0	
0.307	0.79558	-0.0802734	1.92776	1.25694	6.05772	2.42309	8.40432e-08	0	0	0	0	0	0	0	0	
0.308	0.79556	-0.0804527	1.9276	1.25698	6.05737	2.42295	8.39469e-08	0	0	0	0	0	0	0	0	
0.309	0.795545	-0.0806279	1.92745	1.257	6.057	2.4228	8.38899e-08	0	0	0	0	0	0	0	0	
0.31	0.795535	-0.0807991	1.9273	1.25702	6.05662	2.42265	8.38724e-08	0	0	0	0	0	0	0	0	
0.311	0.795529	-0.0809666	1.92716	1.25703	6.05624	2.42249	8.38935e-08	0	0	0	0	0	0	0	0	
0.312	0.795524	-0.0811303	1.92703	1.25703	6.05585	2.42234	8.39515e-08	0	0	0	0	0	0	0	0	
0.313	0.795521	-0.0812905	1.9269	1.25704	6.05548	2.42219	8.40436e-08	0	0	0	0	0	0	0	0	
0.314	0.795517	-0.081447	1.92678	1.25704	6.05512	2.42205	8.41664e-08	0	0	0	0	0	0	0	0	
0.315	0.795511	-0.0816	1.92666	1.25705	6.05478	2.42191	8.43162e-08	0	0	0	0	0	0	0	0	
0.316	0.795504	-0.0817493	1.92654	1.25707	6.05447	2.42179	8.44886e-08	0	0	0	0	0	0	0	0	
0.317	0.795493	-0.0818949	1.92643	1.25708	6.05419	2.42168	8.46795e-08	0	0	0	0	0	0	0	0	
0.318	0.795478	-0.0820366	1.92632	1.25711	6.05396	2.42158	8.48846e-08	0	0	0	0	0	0	0	0	
0.319	0.795459	-0.0821742	1.92621	1.25714	6.05376	2.4215	8.50996e-08	0	0	0	0	0	0	0	0	
0.32	0.795436	-0.0823076	1.9261	1.25717	6.0536	2.42144	8.53205e-08	0	0	0	0	0	0	0	0	
0.321	0.795408	-0.0824366	1.926	1.25722	6.05349	2.4214	8.55431e-08	0	0	0	0	0	0	0	0	
0.322	0.795375	-0.082561	1.9259	1.25727	6.05342	2.42137	8.57631e-08	0	0	0	0	0	0	0	0	
0.323	0.795338	-0.0826805	1.9258	1.25733	6.0534	2.42136	8.5976e-08	0	0	0	0	0	0	0	0	
0.324	0.795296	-0.0827951	1.9257	1.25739	6.05342	2.42137	8.61769e-08	0	0	0	0	0	0	0	0	
0.325	0.795252	-0.0829044	1.92561	1.25746	6.05347	2.42139	8.63606e-08	0	0	0	0	0	0	0	0	
0.326	0.795204	-0.0830083	1.92553	1.25754	6.05357	2.42143	8.65216e-08	0	0	0	0	0	0	0	0	
0.327	0.795155	-0.0831067	1.92545	1.25762	6.05369	2.42148	8.66543e-08	0	0	0	0	0	0	0	0	
0.328	0.795105	-0.0831994	1.92538	1.25769	6.05384	2.42154	8.67537e-08	0	0	0	0	0	0	0	0	
0.329	0.795057	-0.0832862	1.92531	1.25777	6.05401	2.4216	8.68156e-08	0	0	0	0	0	0	0	0	
0.33	0.795011	-0.083367	1.92526	1.25784	6.05419	2.42168	8.68373e-08	0	0	0	0	0	0	0	0	
0.331	0.794969	-0.0834416	1.92522	1.25791	6.05437	2.42175	8.68181e-08	0	0	0	0	0	0	0	0	
0.332	0.794933	-0.0835098	1.92519	1.25797	6.05455	2.42182	8.67594e-08	0	0	0	0	0	0	0	0	
0.333	0.794905	-0.0835715	1.92517	1.25801	6.05471	2.42188	8.66652e-08	0	0	0	0	0	0	0	0	
0.334	0.794887	-0.0836264	1.92517	1.25804	6.05485	2.42194	8.65414e-08	0	0	0	0	0	0	0	0	
0.335	0.79488	-0.0836742	1.92518	1.25805	6.05495	2.42198	8.63962e-08	0	0	0	0	0	0	0	0	
0.336	0.794886	-0.0837147	1.92522	1.25804	6.05502	2.42201	8.62389e-08	0	0	0	0	0	0	0	0	
0.337	0.794905	-0.0837474	1.92527	1.25801	6.05504	2.42202	8.60791e-08	0	0	0	0	0	0	0	0	
0.338	0.794938	-0.083772	1.92535	1.25796	6.05502	2.42201	8.59261e-08	0	0	0	0	0	0	0	0	
0.339	0.794987	-0.083788	1.92545	1.25788	6.05496	2.42199	8.5788e-08	0	0	0	0	0	0	0	0	
0.34	0.79505	-0.0837949	1.92557	1.25778	6.05487	2.42195	8.56706e-08	0	0	0	0	0	0	0	0	
0.341	0.795127	-0.083792	1.92571	1.25766	6.05473	2.42189	8.55774e-08	0	0	0	0	0	0	0	0	
0.342	0.795218	-0.0837788	1.92588	1.25752	6.05458	2.42183	8.55087e-08	0	0	0	0	0	0	0	0	
0.343	0.795321	-0.0837546	1.92608	1.25735	6.05441	2.42176	8.54623e-08	0	0	0	0	0	0	0	0	
0.344	0.795436	-0.0837188	1.9263	1.25717	6.05424	2.4217	8.54334e-08	0	0	0	0	0	0	0	0	
0.345	0.79556	-0.0836706	1.92655	1.25698	6.05408	2.42163	8.54155e-08	0	0	0	0	0	0	0	0	
0.346	0.795693	-0.0836093	1.92683	1.25677	6.05394	2.42158	8.54009e-08	0	0	0	0	0	0	0	0	
0.347	0.795832	-0.0835344	1.92713	1.25655	6.05383	2.42153	8.53822e-08	0	0	0	0	0	0	0	0	
0.348	0.795977	-0.0834453	1.92746	1.25632	6.05377	2.42151	8.53524e-08	0	0	0	0	0	0	0	0	
0.349	0.796125	-0.0833413	1.92782	1.25608	6.05376	2.4215	8.53063e-08	0	0	0	0	0	0	0	0	
0.35	0.796276	-0.083222	1.9282	1.25585	6.05382	2.42153	8.52408e-08	0	0	0	0	0	0	0	0	
0.351	0.796429	-0.083087	1.92861	1.2556	6.05394	2.42158	8.51553e-08	0	0	0	0	0	0	0	0	
0.352	0.796583	-0.0829357	1.92905	1.25536	6.05414	2.42166	8.50519e-08	0	0	0	0	0	0	0	0	
0.353	0.796736	-0.082768	1.92951	1.25512	6.05442	2.42177	8.4935e-08	0	0	0	0	0	0	0	0	
0.354	0.79689	-0.0825835	1.92999	1.25488	6.05477	2.42191	8.4811e-08	0	0	0	0	0	0	0	0	
0.355	0.797042	-0.0823821	1.9305	1.25464	6.05521	2.42208	8.46876e-08	0	0	0	0	0	0	0	0	
0.356	0.797194	-0.0821639	1.93103	1.2544	6.05572	2.42229	8.45734e-08	0	0	0	0	0	0	0	0	
0.357	0.797346	-0.0819287	1.93159	1.25416	6.0563	2.42252	8.4477e-08	0	0	0	0	0	0	0	0	
0.358	0.797497	-0.0816769	1.93216	1.25392	6.05695	2.42278	8.44061e-08	0	0	0	0	0	0	0	0	
0.359	0.797648	-0.0814088	1.93275	1.25369	6.05766	2.42306	8.43673e-08	0	0	0	0	0	0	0	0	
0.36	0.797801	-0.0811247	1.93336	1.25345	6.05842	2.42337	8.43653e-08	0	0	0	0	0	0	0	0	
0.361	0.797955	-0.0808252	1.93399	1.2532	6.05922	2.42369	8.44027e-08	0	0	0	0	0	0	0	0	
0.362	0.798112	-0.0805109	1.93464	1.25296	6.06006	2.42402	8.44798e-08	0	0	0	0	0	0	0	0	
0.363	0.798273	-0.0801824	1.9353	1.2527	6.06091	2.42436	8.45946e-08	0	0	0	0	0	0	0	0	
0.364	0.798439	-0.0798405	1.93598	1.25244	6.06177	2.42471	8.4743e-08	0	0	0	0	0	0	0	0	
0.365	0.798611	-0.0794859	1.93667	1.25217	6.06263	2.42505	8.49193e-08	0	0	0	0	0	0	0	0	
0.366	0.798792	-0.0791193	1.93738	1.25189	6.06347	2.42539	8.51165e-08	0	0	0	0	0	0	0	0	
0.367	0.79898	-0.0787415	1.9381	1.2516	6.06428	2.42571	8.53264e-08	0	0	0	0	0	0	0	0	
0.368	0.799179	-0.0783533	1.93882	1.25128	6.06505	2.42602	8.55409e-08	0	0	0	0	0	0	0	0	
0.369	0.799388	-0.0779555	1.93956	1.25096	6.06576	2.42631	8.57516e-08	0	0	0	0	0	0	0	0	
0.37	0.799608	-0.077549	1.94031	1.25061	6.06643	2.42657	8.5951e-08	0	0	0	0	0	0	0	0	
0.371	0.79984	-0.0771348	1.94106	1.25025	6.06703	2.42681	8.6132e-08	0	0	0	0	0	0	0	0	
0.372	0.800083	-0.0767138	1.94183	1.24987	6.06757	2.42703	8.62888e-08	0	0	0	0	0	0	0	0	
0.373	0.800338	-0.076287	1.9426	1.24947	6.06806	2.42722	8.64164e-08	0	0	0	0	0	0	0	0	
0.374	0.800604	-0.0758554	1.94338	1.24906	6.06848	2.42739	8.65111e-08	0	0	0	0	0	0	0	0	
0.375	0.800881	-0.0754196	1.94417	1.24863	6.06886	2.42754	8.65704e-08	0	0	0	0	0	0	0	0	
0.376	0.801167	-0.0749803	1.94498	1.24818	6.0692	2.42768	8.65925e-08	0	0	0	0	0	0	0	0	
0.377	0.801461	-0.074538	1.94579	1.24772	6.06951	2.4278	8.65769e-08	0	0	0	0	0	0	0	0	
0.378	0.801762	-0.074093	1.94661	1.24725	6.0698	2.42792	8.65236e-08	0	0	0	0	0	0	0	0	
0.379	0.802068	-0.0736454	1.94745	1.24678	6.07009	2.42804	8.64337e-08	0	0	0	0	0	0	0	0	
0.38	0.802378	-0.0731951	1.9483	1.2463	6.07039	2.42816	8.63089e-08	0	0	0	0	0	0	0	0	
0.381	0.802691	-0.0727419	1.94916	1.24581	6.07072	2.42829	8.61515e-08	0	0	0	0	0	0	0	0	
0.382	0.803005	-0.0722857	1.95004	1.24532	6.07108	2.42843	8.59645e-08	0	0	0	0	0	0	0	0	
0.383	0.80332	-0.071826	1.95094	1.24483	6.0715	2.4286	8.57514e-08	0	0	0	0	0	0	0	0	
0.384	0.803634	-0.0713621	1.95186	1.24435	6.07198	2.42879	8.55158e-08	0	0	0	0	0	0	0	0	
0.385	0.803948	-0.0708932	1.9528	1.24386	6.07254	2.42902	8.52618e-08	0	0	0	0	0	0	0	0	
0.386	0.804261	-0.0704182	1.95377	1.24338	6.07318	2.42927	8.49934e-08	0	0	0	0	0	0	0	0	
0.387	0.804572	-0.0699358	1.95476	1.2429	6.0739	2.42956	8.47144e-08	0	0	0	0	0	0	0	0	
0.388	0.804883	-0.0694444	1.95578	1.24242	6.07472	2.42989	8.44285e-08	0	0	0	0	0	0	0	0	
0.389	0.805194	-0.068942	1.95683	1.24194	6.07564	2.43026	8.41394e-08	0	0	0	0	0	0	0	0	
0.39	0.805504	-0.0684266	1.95791	1.24146	6.07665	2.43066	8.385e-08	0	0	0	0	0	0	0	0	
0.391	0.805816	-0.0678961	1.95902	1.24098	6.07776	2.4311	8.35634e-08	0	0	0	0	0	0	0	0	
0.392	0.806131	-0.0673484	1.96018	1.24049	6.07896	2.43158	8.32823e-08	0	0	0	0	0	0	0	0	
0.393	0.80645	-0.0667811	1.96137	1.24	6.08025	2.4321	8.30096e-08	0	0	0	0	0	0	0	0	
0.394	0.806775	-0.0661923	1.9626	1.2395	6.08162	2.43265	8.27482e-08	0	0	0	0	0	0	0	0	
0.395	0.807108	-0.0655798	1.96388	1.23899	6.08307	2.43323	8.25009e-08	0	0	0	0	0	0	0	0	
0.396	0.807451	-0.0649415	1.9652	1.23847	6.08458	2.43383	8.22712e-08	0	0	0	0	0	0	0	0	
0.397	0.807806	-0.0642754	1.96657	1.23792	6.08615	2.43446	8.20624e-08	0	0	0	0	0	0	0	0	
0.398	0.808175	-0.0635791	1.968	1.23736	6.08778	2.43511	8.18781e-08	0	0	0	0	0	0	0	0	
0.399	0.808561	-0.0628504	1.96947	1.23677	6.08944	2.43577	8.17219e-08	0	0	0	0	0	0	0	0	
0.4	0.808965	-0.0620872	1.971	1.23615	6.09113	2.43645	8.15969e-08	0	0	0	0	0	0	0	0	
0.401	0.809389	-0.0612872	1.97259	1.2355	6.09284	2.43713	8.15061e-08	0	0	0	0	0	0	0	0	
0.402	0.809836	-0.0604488	1.97424	1.23482	6.09456	2.43782	8.14515e-08	0	0	0	0	0	0	0	0	
0.403	0.810305	-0.0595703	1.97594	1.2341	6.09628	2.43851	8.14343e-08	0	0	0	0	0	0	0	0	
0.404	0.8108	-0.058651	1.97771	1.23335	6.09801	2.4392	8.14547e-08	0	0	0	0	0	0	0	0	
0.405	0.811321	-0.0576902	1.97953	1.23256	6.09973	2.43989	8.15118e-08	0	0	0	0	0	0	0	0	
0.406	0.811869	-0.0566876	1.98143	1.23173	6.10145	2.44058	8.16034e-08	0	0	0	0	0	0	0	0	
0.407	0.812445	-0.0556432	1.98339	1.23085	6.10317	2.44127	8.17267e-08	0	0	0	0	0	0	0	0	
0.408	0.813048	-0.0545565	1.98543	1.22994	6.10489	2.44196	8.18778e-08	0	0	0	0	0	0	0	0	
0.409	0.813679	-0.0534269	1.98753	1.22899	6.10662	2.44265	8.20524e-08	0	0	0	0	0	0	0	0	
0.41	0.814336	-0.0522538	1.9897	1.22799	6.10836	2.44334	8.22458e-08	0	0	0	0	0	0	0	0	
0.411	0.815017	-0.0510366	1.99194	1.22697	6.11011	2.44405	8.24533e-08	0	0	0	0	0	0	0	0	
0.412	0.815721	-0.0497749	1.99424	1.22591	6.1119	2.44476	8.26702e-08	0	0	0	0	0	0	0	0	
0.413	0.816448	-0.048469	1.99661	1.22482	6.11373	2.44549	8.28921e-08	0	0	0	0	0	0	0	0	
0.414	0.817194	-0.0471192	1.99905	1.2237	6.1156	2.44624	8.3115e-08	0	0	0	0	0	0	0	0	
0.415	0.817959	-0.0457262	2.00155	1.22256	6.11752	2.44701	8.33351e-08	0	0	0	0	0	0	0	0	
0.416	0.818741	-0.0442915	2.00412	1.22139	6.11952	2.44781	8.35492e-08	0	0	0	0	0	0	0	0	
0.417	0.81954	-0.0428171	2.00675	1.2202	6.12159	2.44864	8.37545e-08	0	0	0	0	0	0	0	0	
0.418	0.820354	-0.0413054	2.00946	1.21899	6.12374	2.4495	8.39487e-08	0	0	0	0	0	0	0	0	
0.419	0.821184	-0.0397584	2.01223	1.21775	6.12599	2.4504	8.41299e-08	0	0	0	0	0	0	0	0	
0.42	0.822027	-0.0381774	2.01506	1.2165	6.12833	2.45133	8.42968e-08	0	0	0	0	0	0	0	0	
0.421	0.822883	-0.036563	2.01796	1.21524	6.13077	2.45231	8.44485e-08	0	0	0	0	0	0	0	0	
0.422	0.82375	-0.0349163	2.02093	1.21396	6.13331	2.45332	8.45846e-08	0	0	0	0	0	0	0	0	
0.423	0.824628	-0.033239	2.02395	1.21267	6.13594	2.45438	8.47053e-08	0	0	0	0	0	0	0	0	
0.424	0.825517	-0.0315327	2.02703	1.21136	6.13867	2.45547	8.48112e-08	0	0	0	0	0	0	0	0	
0.425	0.826416	-0.0297984	2.03017	1.21004	6.14149	2.4566	8.49034e-08	0	0	0	0	0	0	0	0	
0.426	0.827326	-0.028037	2.03336	1.20871	6.14439	2.45775	8.49833e-08	0	0	0	0	0	0	0	0	
0.427	0.828247	-0.0262513	2.03661	1.20737	6.14737	2.45895	8.50525e-08	0	0	0	0	0	0	0	0	
0.428	0.829181	-0.0244465	2.03993	1.20601	6.15042	2.46017	8.51126e-08	0	0	0	0	0	0	0	0	
0.429	0.830132	-0.0226288	2.0433	1.20463	6.15355	2.46142	8.51652e-08	0	0	0	0	0	0	0	0	
0.43	0.8311	-0.0208001	2.04675	1.20322	6.15675	2.4627	8.52117e-08	0	0	0	0	0	0	0	0	
0.431	0.832081	-0.0189561	2.05024	1.20181	6.15998	2.46399	8.52533e-08	0	0	0	0	0	0	0	0	
0.432	0.833073	-0.0170911	2.05377	1.20038	6.16325	2.4653	8.5291e-08	0	0	0	0	0	0	0	0	
0.433	0.834077	-0.0152058	2.05734	1.19893	6.16652	2.46661	8.53256e-08	0	0	0	0	0	0	0	0	
0.434	0.835095	-0.0133079	2.06095	1.19747	6.16981	2.46792	8.53573e-08	0	0	0	0	0	0	0	0	
0.435	0.836131	-0.0114054	2.06461	1.19598	6.17311	2.46924	8.53867e-08	0	0	0	0	0	0	0	0	
0.436	0.837184	-0.0095019	2.06832	1.19448	6.17641	2.47056	8.54137e-08	0	0	0	0	0	0	0	0	
0.437	0.838249	-0.00759253	2.07205	1.19296	6.17969	2.47188	8.54386e-08	0	0	0	0	0	0	0	0	
0.438	0.839336	-0.0056844	2.07583	1.19142	6.18297	2.47319	8.54613e-08	0	0	0	0	0	0	0	0	
0.439	0.840423	-0.00375229	2.07961	1.18988	6.18619	2.47447	8.5482e-08	0	0	0	0	0	0	0	0	
0.44	0.841566	-0.0017748	2.08355	1.18826	6.18951	2.4758	8.55005e-08	0	0	0	0	0	0	0	0	
0.441	0.842711	-0.000118791	2.08749	1.18665	6.19277	2.47711	8.55169e-08	0	0	0	0	0	0	0	0	
0.442	0.844155	0.00328855	2.09244	1.18462	6.19685	2.47874	8.5531e-08	0	0	0	0	0	0	0	0	
0.443	0.845967	0.00654553	2.09866	1.18208	6.20196	2.48078	8.55425e-08	0	0	0	0	0	0	0	0	
0.444	0.847752	0.00965774	2.10478	1.17959	6.20694	2.48278	8.55512e-08	0	0	0	0	0	0	0	0	
0.445	0.84949	0.0126869	2.11073	1.17718	6.21175	2.4847	8.55566e-08	0	0	0	0	0	0	0	0	
0.446	0.851201	0.0156655	2.11658	1.17481	6.21646	2.48658	8.5558e-08	0	0	0	0	0	0	0	0	
0.447	0.85289	0.0186025	2.12236	1.17248	6.22108	2.48843	8.55547e-08	0	0	0	0	0	0	0	0	
0.448	0.854557	0.0215033	2.12806	1.1702	6.22563	2.49025	8.55459e-08	0	0	0	0	0	0	0	0	
0.449	0.856204	0.0243733	2.13371	1.16795	6.23013	2.49205	8.55308e-08	0	0	0	0	0	0	0	0	
0.45	0.857833	0.0272177	2.1393	1.16573	6.2346	2.49384	8.55085e-08	0	0	0	0	0	0	0	0	
0.451	0.859444	0.0300412	2.14484	1.16354	6.23903	2.49561	8.54782e-08	0	0	0	0	0	0	0	0	
0.452	0.861039	0.0328479	2.15034	1.16139	6.24345	2.49738	8.54393e-08	0	0	0	0	0	0	0	0	
0.453	0.862619	0.0356412	2.15581	1.15926	6.24787	2.49915	8.53912e-08	0	0	0	0	0	0	0	0	
0.454	0.864185	0.038424	2.16125	1.15716	6.25228	2.50091	8.53336e-08	0	0	0	0	0	0	0	0	
0.455	0.865739	0.0411988	2.16667	1.15508	6.25671	2.50268	8.52663e-08	0	0	0	0	0	0	0	0	
0.456	0.867281	0.0439676	2.17207	1.15303	6.26115	2.50446	8.51894e-08	0	0	0	0	0	0	0	0	
0.457	0.868813	0.0467325	2.17745	1.151	6.2656	2.50624	8.51032e-08	0	0	0	0	0	0	0	0	
0.458	0.870336	0.0494948	2.18283	1.14898	6.27006	2.50802	8.50085e-08	0	0	0	0	0	0	0	0	
0.459	0.871852	0.0522561	2.18819	1.14698	6.27454	2.50982	8.4906e-08	0	0	0	0	0	0	0	0	
0.46	0.873361	0.0550172	2.19354	1.145	6.27903	2.51161	8.4797e-08	0	0	0	0	0	0	0	0	
0.461	0.874865	0.0577793	2.1989	1.14303	6.28354	2.51341	8.4683e-08	0	0	0	0	0	0	0	0	
0.462	0.876365	0.060543	2.20425	1.14108	6.28805	2.51522	8.45658e-08	0	0	0	0	0	0	0	0	
0.463	0.877864	0.0633088	2.2096	1.13913	6.29256	2.51702	8.44471e-08	0	0	0	0	0	0	0	0	
0.464	0.879362	0.0660771	2.21496	1.13719	6.29707	2.51883	8.43288e-08	0	0	0	0	0	0	0	0	
0.465	0.880861	0.0688481	2.22032	1.13525	6.30158	2.52063	8.42129e-08	0	0	0	0	0	0	0	0	
0.466	0.882362	0.0716217	2.2257	1.13332	6.30607	2.52243	8.4101e-08	0	0	0	0	0	0	0	0	
0.467	0.883868	0.0743978	2.23108	1.13139	6.31056	2.52422	8.39945e-08	0	0	0	0	0	0	0	0	
0.468	0.885379	0.077176	2.23648	1.12946	6.31503	2.52601	8.38941e-08	0	0	0	0	0	0	0	0	
0.469	0.886896	0.0799559	2.24189	1.12753	6.31949	2.52779	8.38002e-08	0	0	0	0	0	0	0	0	
0.47	0.888421	0.0827368	2.24732	1.12559	6.32393	2.52957	8.37127e-08	0	0	0	0	0	0	0	0	
0.471	0.889955	0.0855181	2.25278	1.12365	6.32835	2.53134	8.36308e-08	0	0	0	0	0	0	0	0	
0.472	0.891498	0.088299	2.25826	1.12171	6.33276	2.53311	8.35534e-08	0	0	0	0	0	0	0	0	
0.473	0.893051	0.0910787	2.26376	1.11976	6.33716	2.53486	8.3479e-08	0	0	0	0	0	0	0	0	
0.474	0.894615	0.0938566	2.2693	1.1178	6.34155	2.53662	8.34061e-08	0	0	0	0	0	0	0	0	
0.475	0.89619	0.0966321	2.27487	1.11584	6.34594	2.53838	8.3333e-08	0	0	0	0	0	0	0	0	
0.476	0.897775	0.0994046	2.28047	1.11386	6.35033	2.54013	8.32585e-08	0	0	0	0	0	0	0	0	
0.477	0.899372	0.102174	2.28611	1.11189	6.35473	2.54189	8.31816e-08	0	0	0	0	0	0	0	0	
0.478	0.900978	0.10494	2.29178	1.1099	6.35914	2.54366	8.31018e-08	0	0	0	0	0	0	0	0	
0.479	0.902595	0.107702	2.29749	1.10792	6.36357	2.54543	8.30192e-08	0	0	0	0	0	0	0	0	
0.48	0.904221	0.110462	2.30323	1.10592	6.36801	2.5472	8.29342e-08	0	0	0	0	0	0	0	0	
0.481	0.905855	0.113219	2.30902	1.10393	6.37248	2.54899	8.2848e-08	0	0	0	0	0	0	0	0	
0.482	0.907496	0.115974	2.31483	1.10193	6.37698	2.55079	8.27619e-08	0	0	0	0	0	0	0	0	
0.483	0.909144	0.11873	2.32068	1.09994	6.3815	2.5526	8.26775e-08	0	0	0	0	0	0	0	0	
0.484	0.910798	0.121485	2.32656	1.09794	6.38606	2.55442	8.25967e-08	0	0	0	0	0	0	0	0	
0.485	0.912456	0.124243	2.33247	1.09594	6.39065	2.55626	8.2521e-08	0	0	0	0	0	0	0	0	
0.486	0.914117	0.127005	2.33841	1.09395	6.39526	2.55811	8.2452e-08	0	0	0	0	0	0	0	0	
0.487	0.915782	0.129771	2.34437	1.09196	6.39991	2.55996	8.23909e-08	0	0	0	0	0	0	0	0	
0.488	0.917448	0.132543	2.35035	1.08998	6.40458	2.56183	8.23388e-08	0	0	0	0	0	0	0	0	
0.489	0.919115	0.135323	2.35634	1.088	6.40928	2.56371	8.22962e-08	0	0	0	0	0	0	0	0	
0.49	0.920783	0.138112	2.36236	1.08603	6.41399	2.5656	8.22635e-08	0	0	0	0	0	0	0	0	
0.491	0.922452	0.14091	2.36839	1.08407	6.41873	2.56749	8.22408e-08	0	0	0	0	0	0	0	0	
0.492	0.924121	0.143719	2.37443	1.08211	6.42348	2.56939	8.2228e-08	0	0	0	0	0	0	0	0	
0.493	0.92579	0.146539	2.38048	1.08016	6.42824	2.5713	8.2225e-08	0	0	0	0	0	0	0	0	
0.494	0.927459	0.149371	2.38654	1.07821	6.43301	2.5732	8.22315e-08	0	0	0	0	0	0	0	0	
0.495	0.92913	0.152215	2.39261	1.07628	6.43778	2.57511	8.22473e-08	0	0	0	0	0	0	0	0	
0.496	0.930801	0.15507	2.39869	1.07434	6.44255	2.57702	8.22722e-08	0	0	0	0	0	0	0	0	
0.497	0.932473	0.157938	2.40478	1.07242	6.44733	2.57893	8.23061e-08	0	0	0	0	0	0	0	0	
0.498	0.934147	0.160818	2.41088	1.0705	6.4521	2.58084	8.23487e-08	0	0	0	0	0	0	0	0	
0.499	0.935823	0.163709	2.41699	1.06858	6.45686	2.58274	8.23997e-08	0	0	0	0	0	0	0	0	
0.5	0.937502	0.166612	2.42311	1.06666	6.46162	2.58465	8.24588e-08	0	0	0	0	0	0	0	0	
0.501	0.939185	0.169526	2.42925	1.06475	6.46637	2.58655	8.25253e-08	0	0	0	0	0	0	0	0	
0.502	0.94087	0.17245	2.43539	1.06285	6.47112	2.58845	8.25987e-08	0	0	0	0	0	0	0	0	
0.503	0.94256	0.175384	2.44155	1.06094	6.47586	2.59034	8.26779e-08	0	0	0	0	0	0	0	0	
0.504	0.944254	0.178329	2.44773	1.05904	6.48059	2.59223	8.27619e-08	0	0	0	0	0	0	0	0	
0.505	0.945952	0.181282	2.45392	1.05714	6.48531	2.59412	8.28498e-08	0	0	0	0	0	0	0	0	
0.506	0.947655	0.184245	2.46012	1.05524	6.49002	2.59601	8.29405e-08	0	0	0	0	0	0	0	0	
0.507	0.949363	0.187216	2.46634	1.05334	6.49473	2.59789	8.30332e-08	0	0	0	0	0	0	0	0	
0.508	0.951076	0.190195	2.47259	1.05144	6.49944	2.59978	8.3127e-08	0	0	0	0	0	0	0	0	
0.509	0.952795	0.193181	2.47885	1.04954	6.50414	2.60166	8.32217e-08	0	0	0	0	0	0	0	0	
0.51	0.954519	0.196174	2.48513	1.04765	6.50885	2.60354	8.33169e-08	0	0	0	0	0	0	0	0	
0.511	0.95625	0.199172	2.49144	1.04575	6.51356	2.60542	8.34128e-08	0	0	0	0	0	0	0	0	
0.512	0.957986	0.202175	2.49777	1.04386	6.51827	2.60731	8.35095e-08	0	0	0	0	0	0	0	0	
0.513	0.95973	0.205182	2.50413	1.04196	6.523	2.6092	8.36073e-08	0	0	0	0	0	0	0	0	
0.514	0.96148	0.208191	2.51052	1.04006	6.52774	2.6111	8.37065e-08	0	0	0	0	0	0	0	0	
0.515	0.963239	0.211202	2.51694	1.03816	6.5325	2.613	8.38072e-08	0	0	0	0	0	0	0	0	
0.516	0.965006	0.214211	2.5234	1.03626	6.53728	2.61491	8.39094e-08	0	0	0	0	0	0	0	0	
0.517	0.966782	0.21722	2.52991	1.03436	6.54208	2.61683	8.40128e-08	0	0	0	0	0	0	0	0	
0.518	0.968568	0.220225	2.53645	1.03245	6.54691	2.61876	8.41168e-08	0	0	0	0	0	0	0	0	
0.519	0.970364	0.223225	2.54304	1.03054	6.55178	2.62071	8.42207e-08	0	0	0	0	0	0	0	0	
0.52	0.972172	0.22622	2.54969	1.02862	6.55667	2.62267	8.43235e-08	0	0	0	0	0	0	0	0	
0.521	0.973991	0.22921	2.55638	1.0267	6.56161	2.62464	8.44241e-08	0	0	0	0	0	0	0	0	
0.522	0.975822	0.232192	2.56312	1.02478	6.56657	2.62663	8.45214e-08	0	0	0	0	0	0	0	0	
0.523	0.977665	0.235168	2.56992	1.02285	6.57157	2.62863	8.46142e-08	0	0	0	0	0	0	0	0	
0.524	0.97952	0.238138	2.57677	1.02091	6.5766	2.63064	8.47015e-08	0	0	0	0	0	0	0	0	
0.525	0.981388	0.241102	2.58366	1.01896	6.58166	2.63266	8.47824e-08	0	0	0	0	0	0	0	0	
0.526	0.983268	0.244062	2.59061	1.01702	6.58674	2.6347	8.4856e-08	0	0	0	0	0	0	0	0	
0.527	0.985159	0.247019	2.5976	1.01506	6.59184	2.63673	8.49217e-08	0	0	0	0	0	0	0	0	
0.528	0.987062	0.249975	2.60464	1.01311	6.59694	2.63878	8.49789e-08	0	0	0	0	0	0	0	0	
0.529	0.988974	0.252932	2.61171	1.01115	6.60206	2.64082	8.5027e-08	0	0	0	0	0	0	0	0	
0.53	0.990896	0.255891	2.61881	1.00919	6.60718	2.64287	8.50656e-08	0	0	0	0	0	0	0	0	
0.531	0.992826	0.258856	2.62594	1.00723	6.61229	2.64492	8.50941e-08	0	0	0	0	0	0	0	0	
0.532	0.994763	0.261827	2.6331	1.00526	6.6174	2.64696	8.5112e-08	0	0	0	0	0	0	0	0	
0.533	0.996706	0.264806	2.64027	1.0033	6.62249	2.649	8.51187e-08	0	0	0	0	0	0	0	0	
0.534	0.998655	0.267795	2.64747	1.00135	6.62758	2.65103	8.51134e-08	0	0	0	0	0	0	0	0	
0.535	1.00061	0.270795	2.65467	0.999394	6.63266	2.65306	8.50952e-08	0	0	0	0	0	0	0	0	
0.536	1.00256	0.273808	2.66189	0.997445	6.63772	2.65509	8.50635e-08	0	0	0	0	0	0	0	0	
0.537	1.00452	0.276832	2.66912	0.995502	6.64279	2.65711	8.50172e-08	0	0	0	0	0	0	0	0	
0.538	1.00648	0.279869	2.67636	0.993566	6.64785	2.65914	8.49558e-08	0	0	0	0	0	0	0	0	
0.539	1.00843	0.282919	2.68361	0.991636	6.65291	2.66117	8.48786e-08	0	0	0	0	0	0	0	0	
0.54	1.01039	0.285981	2.69087	0.989715	6.65799	2.6632	8.47856e-08	0	0	0	0	0	0	0	0	
0.541	1.01235	0.289055	2.69814	0.987802	6.66308	2.66523	8.4677e-08	0	0	0	0	0	0	0	0	
0.542	1.0143	0.292141	2.70543	0.985898	6.66819	2.66728	8.45538e-08	0	0	0	0	0	0	0	0	
0.543	1.01626	0.295237	2.71272	0.984003	6.67332	2.66933	8.44172e-08	0	0	0	0	0	0	0	0	
0.544	1.01821	0.298344	2.72004	0.982117	6.67848	2.67139	8.42692e-08	0	0	0	0	0	0	0	0	
0.545	1.02016	0.301461	2.72736	0.98024	6.68368	2.67347	8.41124e-08	0	0	0	0	0	0	0	0	
0.546	1.02211	0.304588	2.73471	0.978372	6.6889	2.67556	8.39494e-08	0	0	0	0	0	0	0	0	
0.547	1.02405	0.307724	2.74206	0.976513	6.69415	2.67766	8.37832e-08	0	0	0	0	0	0	0	0	
0.548	1.026	0.31087	2.74944	0.974662	6.69943	2.67977	8.36166e-08	0	0	0	0	0	0	0	0	
0.549	1.02794	0.314026	2.75683	0.972819	6.70474	2.6819	8.34522e-08	0	0	0	0	0	0	0	0	
0.55	1.02988	0.317191	2.76423	0.970984	6.71006	2.68402	8.32923e-08	0	0	0	0	0	0	0	0	
0.551	1.03183	0.320367	2.77165	0.969155	6.7154	2.68616	8.31386e-08	0	0	0	0	0	0	0	0	
0.552	1.03377	0.323552	2.77908	0.967331	6.72074	2.6883	8.29925e-08	0	0	0	0	0	0	0	0	
0.553	1.03572	0.326748	2.78653	0.965512	6.72607	2.69043	8.28545e-08	0	0	0	0	0	0	0	0	
0.554	1.03767	0.329953	2.794	0.963695	6.7314	2.69256	8.27252e-08	0	0	0	0	0	0	0	0	
0.555	1.03963	0.333166	2.80148	0.96188	6.73671	2.69468	8.26043e-08	0	0	0	0	0	0	0	0	
0.556	1.0416	0.336387	2.80898	0.960065	6.742	2.6968	8.24917e-08	0	0	0	0	0	0	0	0	
0.557	1.04357	0.339614	2.8165	0.958248	6.74726	2.69891	8.23868e-08	0	0	0	0	0	0	0	0	
0.558	1.04556	0.342845	2.82406	0.956427	6.7525	2.701	8.22892e-08	0	0	0	0	0	0	0	0	
0.559	1.04756	0.346077	2.83164	0.9546	6.75772	2.70309	8.21982e-08	0	0	0	0	0	0	0	0	
0.56	1.04957	0.349307	2.83927	0.952767	6.76292	2.70517	8.21135e-08	0	0	0	0	0	0	0	0	
0.561	1.05161	0.352533	2.84695	0.950926	6.7681	2.70724	8.20345e-08	0	0	0	0	0	0	0	0	
0.562	1.05366	0.355752	2.85469	0.949075	6.77329	2.70931	8.19611e-08	0	0	0	0	0	0	0	0	
0.563	1.05573	0.358961	2.86249	0.947215	6.77848	2.71139	8.18934e-08	0	0	0	0	0	0	0	0	
0.564	1.05782	0.362158	2.87036	0.945344	6.78368	2.71347	8.18319e-08	0	0	0	0	0	0	0	0	
0.565	1.05992	0.365341	2.87829	0.943465	6.78892	2.71557	8.17773e-08	0	0	0	0	0	0	0	0	
0.566	1.06205	0.368511	2.88631	0.941577	6.7942	2.71768	8.17308e-08	0	0	0	0	0	0	0	0	
0.567	1.06419	0.371667	2.89439	0.939683	6.79953	2.71981	8.16938e-08	0	0	0	0	0	0	0	0	
0.568	1.06634	0.374811	2.90255	0.937784	6.80491	2.72196	8.1668e-08	0	0	0	0	0	0	0	0	
0.569	1.06851	0.377944	2.91077	0.935883	6.81036	2.72414	8.16549e-08	0	0	0	0	0	0	0	0	
0.57	1.07068	0.38107	2.91906	0.933983	6.81587	2.72635	8.16558e-08	0	0	0	0	0	0	0	0	
0.571	1.07286	0.384191	2.92739	0.932086	6.82145	2.72858	8.16715e-08	0	0	0	0	0	0	0	0	
0.572	1.07504	0.387313	2.93576	0.930196	6.82709	2.73084	8.17022e-08	0	0	0	0	0	0	0	0	
0.573	1.07722	0.390438	2.94417	0.928315	6.83279	2.73312	8.1747e-08	0	0	0	0	0	0	0	0	
0.574	1.0794	0.393571	2.9526	0.926444	6.83855	2.73542	8.18044e-08	0	0	0	0	0	0	0	0	
0.575	1.08157	0.396714	2.96104	0.924585	6.84435	2.73774	8.18721e-08	0	0	0	0	0	0	0	0	
0.576	1.08373	0.39987	2.9695	0.922739	6.85018	2.74007	8.19471e-08	0	0	0	0	0	0	0	0	
0.577	1.08589	0.403042	2.97795	0.920906	6.85603	2.74241	8.20261e-08	0	0	0	0	0	0	0	0	
0.578	1.08804	0.40623	2.9864	0.919084	6.86189	2.74476	8.21058e-08	0	0	0	0	0	0	0	0	
0.579	1.09019	0.409435	2.99486	0.917273	6.86775	2.7471	8.21833e-08	0	0	0	0	0	0	0	0	
0.58	1.09233	0.412656	3.0033	0.915471	6.87359	2.74944	8.2256e-08	0	0	0	0	0	0	0	0	
0.581	1.09448	0.415894	3.01175	0.913674	6.8794	2.75176	8.23221e-08	0	0	0	0	0	0	0	0	
0.582	1.09663	0.419147	3.0202	0.911882	6.88517	2.75407	8.23805e-08	0	0	0	0	0	0	0	0	
0.583	1.09879	0.422413	3.02866	0.910091	6.89088	2.75635	8.2431e-08	0	0	0	0	0	0	0	0	
0.584	1.10096	0.425692	3.03712	0.9083	6.89654	2.75861	8.24736e-08	0	0	0	0	0	0	0	0	
0.585	1.10314	0.428982	3.04559	0.906507	6.90213	2.76085	8.25089e-08	0	0	0	0	0	0	0	0	
0.586	1.10533	0.432282	3.05408	0.904711	6.90766	2.76306	8.25375e-08	0	0	0	0	0	0	0	0	
0.587	1.10753	0.435591	3.06259	0.902912	6.91312	2.76525	8.25599e-08	0	0	0	0	0	0	0	0	
0.588	1.10974	0.438908	3.07111	0.90111	6.91853	2.76741	8.25764e-08	0	0	0	0	0	0	0	0	
0.589	1.11197	0.442233	3.07966	0.899306	6.92388	2.76955	8.25868e-08	0	0	0	0	0	0	0	0	
0.59	1.1142	0.445567	3.08822	0.897502	6.9292	2.77168	8.2591e-08	0	0	0	0	0	0	0	0	
0.591	1.11645	0.448909	3.0968	0.895699	6.9345	2.7738	8.25887e-08	0	0	0	0	0	0	0	0	
0.592	1.11869	0.45226	3.10539	0.893901	6.93978	2.77591	8.258e-08	0	0	0	0	0	0	0	0	
0.593	1.12094	0.455622	3.114	0.892109	6.94507	2.77803	8.2566e-08	0	0	0	0	0	0	0	0	
0.594	1.12318	0.458994	3.12262	0.890326	6.95038	2.78015	8.25485e-08	0	0	0	0	0	0	0	0	
0.595	1.12542	0.462378	3.13125	0.888555	6.95572	2.78229	8.25306e-08	0	0	0	0	0	0	0	0	
0.596	1.12765	0.465774	3.13989	0.886796	6.96111	2.78444	8.25167e-08	0	0	0	0	0	0	0	0	
0.597	1.12988	0.469182	3.14854	0.885052	6.96655	2.78662	8.2512e-08	0	0	0	0	0	0	0	0	
0.598	1.13209	0.4726	3.1572	0.883322	6.97206	2.78882	8.2522e-08	0	0	0	0	0	0	0	0	
0.599	1.13429	0.476027	3.16587	0.881606	6.97764	2.79105	8.25523e-08	0	0	0	0	0	0	0	0	
0.6	1.13649	0.47946	3.17457	0.879903	6.98329	2.79332	8.26074e-08	0	0	0	0	0	0	0	0	
0.601	1.13868	0.482895	3.18331	0.878209	6.98902	2.79561	8.26899e-08	0	0	0	0	0	0	0	0	
0.602	1.14087	0.486328	3.19208	0.876521	6.99482	2.79793	8.28004e-08	0	0	0	0	0	0	0	0	
0.603	1.14307	0.489753	3.20092	0.874835	7.00069	2.80028	8.29368e-08	0	0	0	0	0	0	0	0	
0.604	1.14528	0.493166	3.20983	0.873146	7.00663	2.80265	8.30945e-08	0	0	0	0	0	0	0	0	
0.605	1.14751	0.496563	3.21883	0.87145	7.01262	2.80505	8.32664e-08	0	0	0	0	0	0	0	0	
0.606	1.14976	0.499938	3.22792	0.869743	7.01865	2.80746	8.34439e-08	0	0	0	0	0	0	0	0	
0.607	1.15205	0.50329	3.23712	0.868021	7.02471	2.80989	8.36178e-08	0	0	0	0	0	0	0	0	
0.608	1.15436	0.506617	3.24643	0.866281	7.03079	2.81232	8.37785e-08	0	0	0	0	0	0	0	0	
0.609	1.15671	0.509921	3.25584	0.864523	7.03687	2.81475	8.39181e-08	0	0	0	0	0	0	0	0	
0.61	1.15909	0.513203	3.26536	0.862746	7.04293	2.81717	8.40298e-08	0	0	0	0	0	0	0	0	
0.611	1.1615	0.516468	3.27496	0.860953	7.04897	2.81959	8.41097e-08	0	0	0	0	0	0	0	0	
0.612	1.16395	0.519721	3.28464	0.859147	7.05498	2.82199	8.41557e-08	0	0	0	0	0	0	0	0	
0.613	1.16641	0.52297	3.29439	0.857332	7.06095	2.82438	8.41686e-08	0	0	0	0	0	0	0	0	
0.614	1.16889	0.52622	3.30417	0.855513	7.06689	2.82676	8.41505e-08	0	0	0	0	0	0	0	0	
0.615	1.17138	0.529478	3.31397	0.853695	7.0728	2.82912	8.41054e-08	0	0	0	0	0	0	0	0	
0.616	1.17387	0.53275	3.32379	0.851884	7.0787	2.83148	8.40378e-08	0	0	0	0	0	0	0	0	
0.617	1.17635	0.53604	3.33359	0.850084	7.08459	2.83383	8.39524e-08	0	0	0	0	0	0	0	0	
0.618	1.17883	0.539353	3.34339	0.8483	7.09049	2.8362	8.38539e-08	0	0	0	0	0	0	0	0	
0.619	1.18128	0.542689	3.35316	0.846536	7.09642	2.83857	8.37466e-08	0	0	0	0	0	0	0	0	
0.62	1.18372	0.546049	3.36291	0.844793	7.1024	2.84096	8.36341e-08	0	0	0	0	0	0	0	0	
0.621	1.18614	0.549432	3.37264	0.843073	7.10845	2.84338	8.352e-08	0	0	0	0	0	0	0	0	
0.622	1.18853	0.552837	3.38235	0.841376	7.11457	2.84583	8.34073e-08	0	0	0	0	0	0	0	0	
0.623	1.1909	0.556261	3.39205	0.839701	7.12078	2.84831	8.32987e-08	0	0	0	0	0	0	0	0	
0.624	1.19325	0.559702	3.40176	0.838047	7.12708	2.85083	8.31967e-08	0	0	0	0	0	0	0	0	
0.625	1.19559	0.563155	3.41146	0.836411	7.13346	2.85338	8.31032e-08	0	0	0	0	0	0	0	0	
0.626	1.19791	0.56662	3.42119	0.834789	7.13992	2.85597	8.30189e-08	0	0	0	0	0	0	0	0	
0.627	1.20022	0.570092	3.43093	0.833178	7.14644	2.85857	8.29437e-08	0	0	0	0	0	0	0	0	
0.628	1.20254	0.573569	3.4407	0.831574	7.15299	2.8612	8.2876e-08	0	0	0	0	0	0	0	0	
0.629	1.20486	0.57705	3.45051	0.829972	7.15956	2.86382	8.28131e-08	0	0	0	0	0	0	0	0	
0.63	1.20719	0.580534	3.46035	0.828368	7.16611	2.86644	8.27514e-08	0	0	0	0	0	0	0	0	
0.631	1.20954	0.584021	3.47023	0.826759	7.17261	2.86904	8.26873e-08	0	0	0	0	0	0	0	0	
0.632	1.21191	0.58751	3.48015	0.825142	7.17903	2.87161	8.26179e-08	0	0	0	0	0	0	0	0	
0.633	1.21431	0.591003	3.4901	0.823514	7.18536	2.87414	8.25417e-08	0	0	0	0	0	0	0	0	
0.634	1.21673	0.594503	3.50008	0.821875	7.19156	2.87663	8.24596e-08	0	0	0	0	0	0	0	0	
0.635	1.21918	0.598011	3.51008	0.820225	7.19763	2.87905	8.23748e-08	0	0	0	0	0	0	0	0	
0.636	1.22165	0.601531	3.52009	0.818566	7.20356	2.88143	8.22931e-08	0	0	0	0	0	0	0	0	
0.637	1.22414	0.605066	3.5301	0.816901	7.20936	2.88374	8.2222e-08	0	0	0	0	0	0	0	0	
0.638	1.22665	0.608618	3.54012	0.815231	7.21504	2.88602	8.21701e-08	0	0	0	0	0	0	0	0	
0.639	1.22916	0.612189	3.55013	0.813562	7.22062	2.88825	8.21456e-08	0	0	0	0	0	0	0	0	
0.64	1.23169	0.615777	3.56013	0.811895	7.22613	2.89045	8.21558e-08	0	0	0	0	0	0	0	0	
0.641	1.23421	0.619381	3.57013	0.810234	7.23161	2.89264	8.22056e-08	0	0	0	0	0	0	0	0	
0.642	1.23674	0.622995	3.58016	0.808579	7.2371	2.89484	8.22973e-08	0	0	0	0	0	0	0	0	
0.643	1.23926	0.626612	3.59022	0.806931	7.24265	2.89706	8.24303e-08	0	0	0	0	0	0	0	0	
0.644	1.24179	0.630224	3.60035	0.805289	7.2483	2.89932	8.26012e-08	0	0	0	0	0	0	0	0	
0.645	1.24432	0.633818	3.61057	0.803649	7.25409	2.90163	8.2804e-08	0	0	0	0	0	0	0	0	
0.646	1.24687	0.637388	3.62093	0.80201	7.26005	2.90402	8.30305e-08	0	0	0	0	0	0	0	0	
0.647	1.24942	0.640923	3.63143	0.800368	7.2662	2.90648	8.32706e-08	0	0	0	0	0	0	0	0	
0.648	1.252	0.644419	3.6421	0.798722	7.27256	2.90903	8.35124e-08	0	0	0	0	0	0	0	0	
0.649	1.2546	0.647876	3.65294	0.797069	7.27912	2.91165	8.37424e-08	0	0	0	0	0	0	0	0	
0.65	1.25721	0.651298	3.66395	0.79541	7.28584	2.91434	8.39453e-08	0	0	0	0	0	0	0	0	
0.651	1.25985	0.654694	3.67508	0.793746	7.2927	2.91708	8.41053e-08	0	0	0	0	0	0	0	0	
0.652	1.2625	0.658076	3.68631	0.792079	7.29963	2.91985	8.42066e-08	0	0	0	0	0	0	0	0	
0.653	1.26516	0.661463	3.69759	0.790415	7.30657	2.92263	8.42352e-08	0	0	0	0	0	0	0	0	
0.654	1.26782	0.664874	3.70885	0.788757	7.31345	2.92538	8.41809e-08	0	0	0	0	0	0	0	0	
0.655	1.27047	0.668333	3.72002	0.787112	7.32019	2.92807	8.4039e-08	0	0	0	0	0	0	0	0	
0.656	1.27309	0.671867	3.73102	0.78549	7.3267	2.93068	8.38119e-08	0	0	0	0	0	0	0	0	
0.657	1.27567	0.67551	3.74175	0.783903	7.33292	2.93317	8.35094e-08	0	0	0	0	0	0	0	0	
0.658	1.27817	0.679304	3.75206	0.782369	7.33875	2.9355	8.31481e-08	0	0	0	0	0	0	0	0	
0.659	1.28055	0.683304	3.7618	0.780913	7.3441	2.93764	8.27498e-08	0	0	0	0	0	0	0	0	
0.66	1.28276	0.687581	3.77073	0.779569	7.34886	2.93955	8.23389e-08	0	0	0	0	0	0	0	0	
0.661	1.28472	0.692226	3.77857	0.77838	7.35292	2.94117	8.19392e-08	0	0	0	0	0	0	0	0	
0.662	1.28634	0.697346	3.78499	0.777399	7.35611	2.94244	8.15715e-08	0	0	0	0	0	0	0	0	
0.663	1.28752	0.703069	3.78957	0.776686	7.35826	2.94331	8.12516e-08	0	0	0	0	0	0	0	0	
0.664	1.28814	0.709531	3.79188	0.77631	7.3592	2.94368	8.09884e-08	0	0	0	0	0	0	0	0	
0.665	1.2881	0.716876	3.79148	0.77634	7.3587	2.94348	8.07846e-08	0	0	0	0	0	0	0	0	
0.666	1.28726	0.725242	3.78794	0.776843	7.35658	2.94263	8.06372e-08	0	0	0	0	0	0	0	0	
0.667	1.28554	0.734752	3.78087	0.777881	7.35266	2.94106	8.05397e-08	0	0	0	0	0	0	0	0	
0.668	1.28286	0.74551	3.76996	0.779507	7.34678	2.93871	8.0484e-08	0	0	0	0	0	0	0	0	
0.669	1.27916	0.757589	3.75502	0.781762	7.33883	2.93553	8.04627e-08	0	0	0	0	0	0	0	0	
0.67	1.27442	0.771031	3.73595	0.784672	7.32873	2.93149	8.04705e-08	0	0	0	0	0	0	0	0	
0.671	1.26863	0.785846	3.71276	0.788251	7.31646	2.92659	8.05054e-08	0	0	0	0	0	0	0	0	
0.672	1.26183	0.802014	3.68558	0.792497	7.30203	2.92081	8.05673e-08	0	0	0	0	0	0	0	0	
0.673	1.25408	0.819485	3.65463	0.797398	7.2855	2.9142	8.06578e-08	0	0	0	0	0	0	0	0	
0.674	1.24544	0.838187	3.62021	0.80293	7.26694	2.90677	8.07776e-08	0	0	0	0	0	0	0	0	
0.675	1.236	0.858028	3.58267	0.809059	7.24647	2.89859	8.09248e-08	0	0	0	0	0	0	0	0	
0.676	1.22588	0.878898	3.54241	0.815743	7.22423	2.88969	8.10937e-08	0	0	0	0	0	0	0	0	
0.677	1.21516	0.900673	3.49987	0.822934	7.2004	2.88016	8.12741e-08	0	0	0	0	0	0	0	0	
0.678	1.20399	0.923219	3.45551	0.830575	7.17515	2.87006	8.14517e-08	0	0	0	0	0	0	0	0	
0.679	1.19246	0.946386	3.40984	0.838601	7.14873	2.85949	8.16098e-08	0	0	0	0	0	0	0	0	
0.68	1.18072	0.970007	3.36335	0.846939	7.12139	2.84855	8.17316e-08	0	0	0	0	0	0	0	0	
0.681	1.1689	0.993897	3.31662	0.855502	7.09343	2.83737	8.18024e-08	0	0	0	0	0	0	0	0	
0.682	1.15716	1.01784	3.27023	0.864188	7.06523	2.82609	8.18123e-08	0	0	0	0	0	0	0	0	
0.683	1.14565	1.0416	3.22487	0.87287	7.03722	2.81489	8.17571e-08	0	0	0	0	0	0	0	0	
0.684	1.13457	1.06486	3.1813	0.881391	7.00993	2.80397	8.16387e-08	0	0	0	0	0	0	0	0	
0.685	1.12415	1.08727	3.14043	0.889557	6.98397	2.79359	8.14649e-08	0	0	0	0	0	0	0	0	
0.686	1.11468	1.1084	3.1033	0.897122	6.96011	2.78404	8.12474e-08	0	0	0	0	0	0	0	0	
0.687	1.10645	1.12774	3.07117	0.90379	6.93923	2.77569	8.10011e-08	0	0	0	0	0	0	0	0	
0.688	1.09984	1.1447	3.04538	0.909223	6.92233	2.76893	8.07422e-08	0	0	0	0	0	0	0	0	
0.689	1.09521	1.15869	3.02733	0.913071	6.91041	2.76416	8.04875e-08	0	0	0	0	0	0	0	0	
0.69	1.09284	1.16926	3.0181	0.915051	6.90429	2.76172	8.02539e-08	0	0	0	0	0	0	0	0	
0.691	1.09284	1.1762	3.01813	0.915046	6.90433	2.76173	8.0058e-08	0	0	0	0	0	0	0	0	
0.692	1.09505	1.17978	3.02675	0.913204	6.9101	2.76404	7.99162e-08	0	0	0	0	0	0	0	0	
0.693	1.09896	1.18076	3.0421	0.909948	6.92039	2.76815	7.98438e-08	0	0	0	0	0	0	0	0	
0.694	1.10393	1.18017	3.06165	0.905853	6.9335	2.7734	7.98535e-08	0	0	0	0	0	0	0	0	
0.695	1.10934	1.17893	3.08302	0.90144	6.94788	2.77915	7.99532e-08	0	0	0	0	0	0	0	0	
0.696	1.11477	1.17768	3.10465	0.897043	6.96251	2.785	8.01436e-08	0	0	0	0	0	0	0	0	
0.697	1.12008	1.17665	3.1259	0.892793	6.97695	2.79078	8.04164e-08	0	0	0	0	0	0	0	0	
0.698	1.12524	1.17586	3.1467	0.888698	6.99116	2.79646	8.07541e-08	0	0	0	0	0	0	0	0	
0.699	1.13028	1.17529	3.16712	0.884736	7.00516	2.80206	8.11318e-08	0	0	0	0	0	0	0	0	
0.7	1.13516	1.175	3.18699	0.880934	7.01882	2.80753	8.15217e-08	0	0	0	0	0	0	0	0	
0.701	1.13977	1.17515	3.20586	0.877371	7.03182	2.81273	8.18998e-08	0	0	0	0	0	0	0	0	
0.702	1.14398	1.17594	3.2232	0.874139	7.04381	2.81752	8.22531e-08	0	0	0	0	0	0	0	0	
0.703	1.14771	1.1775	3.23861	0.871299	7.05449	2.82179	8.25851e-08	0	0	0	0	0	0	0	0	
0.704	1.15095	1.17985	3.25203	0.868848	7.0638	2.82552	8.29179e-08	0	0	0	0	0	0	0	0	
0.705	1.15379	1.18284	3.26381	0.866707	7.07191	2.82877	8.32886e-08	0	0	0	0	0	0	0	0	
0.706	1.15642	1.18624	3.27464	0.864738	7.07925	2.8317	8.37405e-08	0	0	0	0	0	0	0	0	
0.707	1.15907	1.18967	3.28547	0.862759	7.08642	2.83457	8.43122e-08	0	0	0	0	0	0	0	0	
0.708	1.16198	1.19279	3.29728	0.860596	7.09406	2.83762	8.50275e-08	0	0	0	0	0	0	0	0	
0.709	1.16531	1.19536	3.31074	0.858144	7.10273	2.84109	8.58893e-08	0	0	0	0	0	0	0	0	
0.71	1.16902	1.19733	3.32599	0.855417	7.11276	2.8451	8.68788e-08	0	0	0	0	0	0	0	0	
0.711	1.17293	1.19891	3.34252	0.852566	7.12429	2.84972	8.79596e-08	0	0	0	0	0	0	0	0	
0.712	1.1767	1.20039	3.3595	0.849834	7.13753	2.85501	8.90823e-08	0	0	0	0	0	0	0	0	
0.713	1.17995	1.20205	3.37614	0.847493	7.15313	2.86125	9.01883e-08	0	0	0	0	0	0	0	0	
0.714	1.1823	1.20406	3.39201	0.845809	7.17247	2.86899	9.12096e-08	0	0	0	0	0	0	0	0	
0.715	1.18336	1.20642	3.40703	0.845051	7.19778	2.87911	9.2067e-08	0	0	0	0	0	0	0	0	
0.716	1.18268	1.20909	3.42133	0.845535	7.23213	2.89285	9.2669e-08	0	0	0	0	0	0	0	0	
0.717	1.17973	1.21201	3.43505	0.847653	7.27932	2.91173	9.2917e-08	0	0	0	0	0	0	0	0	
0.718	1.17386	1.21516	3.4482	0.851891	7.34373	2.93749	9.27177e-08	0	0	0	0	0	0	0	0	
0.719	1.1644	1.21858	3.46064	0.85881	7.43008	2.97203	9.20014e-08	0	0	0	0	0	0	0	0	
0.72	1.15076	1.22232	3.47217	0.868988	7.54318	3.01727	9.07388e-08	0	0	0	0	0	0	0	0	
0.721	1.13259	1.22638	3.48279	0.882933	7.68767	3.07507	8.89491e-08	0	0	0	0	0	0	0	0	
0.722	1.10991	1.23059	3.49291	0.900977	7.86758	3.14703	8.66937e-08	0	0	0	0	0	0	0	0	
0.723	1.08318	1.23465	3.50337	0.923208	8.08584	3.23434	8.40565e-08	0	0	0	0	0	0	0	0	
0.724	1.05323	1.23822	3.51499	0.949459	8.34336	3.33734	8.11188e-08	0	0	0	0	0	0	0	0	
0.725	1.02109	1.2412	3.52802	0.97935	8.63792	3.45517	7.79378e-08	0	0	0	0	0	0	0	0	
0.726	0.987881	1.24377	3.54189	1.01227	8.96336	3.58534	7.45394e-08	0	0	0	0	0	0	0	0	
0.727	0.954852	1.2463	3.55562	1.04728	9.30935	3.72374	7.09317e-08	0	0	0	0	0	0	0	0	
0.728	0.923309	1.24909	3.56843	1.08306	9.66206	3.86482	6.71356e-08	0	0	0	0	0	0	0	0	
0.729	0.894519	1.25227	3.58005	1.11792	10.0055	4.0022	6.32222e-08	0	0	0	0	0	0	0	0	
0.73	0.869536	1.25579	3.59066	1.15004	10.3235	4.1294	5.93336e-08	0	0	0	0	0	0	0	0	
0.731	0.849053	1.25957	3.60059	1.17778	10.6018	4.24071	5.56666e-08	0	0	0	0	0	0	0	0	
0.732	0.83334	1.26354	3.61005	1.19999	10.8301	4.33203	5.24219e-08	0	0	0	0	0	0	0	0	
0.733	0.822265	1.26771	3.61908	1.21615	11.0034	4.40136	4.97471e-08	0	0	0	0	0	0	0	0	
0.734	0.815376	1.27219	3.6275	1.22643	11.1222	4.44887	4.77194e-08	0	0	0	0	0	0	0	0	
0.735	0.812018	1.27709	3.63506	1.2315	11.1914	4.47658	4.63835e-08	0	0	0	0	0	0	0	0	
0.736	0.811451	1.28254	3.64154	1.23236	11.2192	4.48769	4.58115e-08	0	0	0	0	0	0	0	0	
0.737	0.812964	1.28852	3.64697	1.23007	11.215	4.48602	4.61237e-08	0	0	0	0	0	0	0	0	
0.738	0.815957	1.29488	3.65176	1.22556	11.1886	4.47544	4.74494e-08	0	0	0	0	0	0	0	0	
0.739	0.820008	1.30122	3.65689	1.2195	11.1489	4.45958	4.98597e-08	0	0	0	0	0	0	0	0	
0.74	0.824909	1.30691	3.66393	1.21226	11.104	4.44161	5.32784e-08	0	0	0	0	0	0	0	0	
0.741	0.830601	1.31125	3.67461	1.20395	11.0601	4.42404	5.7298e-08	0	0	0	0	0	0	0	0	
0.742	0.83697	1.31402	3.68957	1.19479	11.0206	4.40825	6.09292e-08	0	0	0	0	0	0	0	0	
0.743	0.843664	1.31584	3.70738	1.18531	10.986	4.39438	6.2688e-08	0	0	0	0	0	0	0	0	
0.744	0.85018	1.31781	3.72539	1.17622	10.9547	4.38188	6.12583e-08	0	0	0	0	0	0	0	0	
0.745	0.856145	1.32068	3.74174	1.16803	10.9261	4.37046	5.65488e-08	0	0	0	0	0	0	0	0	
0.746	0.861444	1.32444	3.75649	1.16084	10.9017	4.36069	5.24181e-08	0	0	0	0	0	0	0	0	
0.747	0.866076	1.32875	3.77049	1.15463	10.8838	4.35353	5.33973e-08	0	0	0	0	0	0	0	0	
0.748	0.870001	1.33357	3.78387	1.14942	10.8732	4.34927	5.27706e-08	0	0	0	0	0	0	0	0	
0.749	0.873521	1.33856	3.79755	1.14479	10.8685	4.34741	4.9547e-08	0	0	0	0	0	0	0	0	
0.75	0.877258	1.34321	3.81295	1.13992	10.8661	4.34644	3.66151e-08	0	0	0	0	0	0	0	0	
0.751	0.880784	1.34941	3.82529	1.13535	10.8576	4.34305	5.42994e-08	0	0	0	0	0	0	0	0	
0.752	0.885096	1.35547	3.83898	1.12982	10.8434	4.33736	4.99292e-07	0	0	0	0	0	0	0	0	
0.753	0.89169	1.3568	3.86636	1.12147	10.84	4.33599	7.92861e-06	0	0	0	0	0	0	0	0	
0.754	0.89476	1.37029	3.86754	1.11762	10.8061	4.32243	0.000161573	0	0	0	0	0	0	0	0	
0.755	0.89843	1.39487	3.88472	1.11305	10.8098	4.3239	0.00242685	0	0	0	0	0	0	0	0	
0.756	0.956551	1.35778	4.11275	1.04542	10.7489	4.29956	0.0473933	0	0	0	0	0	0	0	0	
0.757	0.707771	0.730507	2.24472	1.41289	7.92883	3.17153	0.524429	0	0	0	0	0	0	0	0	
0.758	0.324923	-1.06063	0.229931	3.07765	1.76911	0.707646	0.987298	0	0	0	0	0	0	0	0	
0.759	0.259259	-1.35769	0.0967742	3.85715	0.933181	0.373272	1	0	0	0	0	0	0	0	0	
0.76	0.259259	-1.35769	0.0967742	3.85715	0.933181	0.373272	1	0	0	0	0	0	0	0	0	
0.761	0.259259	-1.35769	0.0967742	3.85715	0.933181	0.373272	1	0	0	0	0	0	0	0	0	
0.762	0.259259	-1.35769	0.0967742	3.85715	0.933181	0.373272	1	0	0	0	0	0	0	0	0	
0.763	0.259259	-1.35769	0.0967742	3.85715	0.933181	0.373272	1	0	0	0	0	0	0	0	0	
0.764	0.259259	-1.35769	0.0967742	3.85715	0.933181	0.373272	1	0	0	0	0	0	0	0	0	
0.765	0.259259	-1.35769	0.0967742	3.85715	0.933181	0.373272	1	0	0	0	0	0	0	0	0	
0.766	0.259259	-1.35769	0.0967742	3.85715	0.933181	0.373272	1	0	0	0	0	0	0	0	0	
0.767	0.259259	-1.35769	0.0967742	3.85715	0.933181	0.373272	1	0	0	0	0	0	0	0	0	
0.768	0.259259	-1.35769	0.0967742	3.85715	0.933181	0.373272	1	0	0	0	0	0	0	0	0	
0.769	0.259259	-1.35769	0.0967742	3.85715	0.933181	0.373272	1	0	0	0	0	0	0	0	0	
0.77	0.259259	-1.35769	0.0967742	3.85715	0.933181	0.373272	1	0	0	0	0	0	0	0	0	
0.771	0.259259	-1.35769	0.0967742	3.85715	0.933181	0.373272	1	0	0	0	0	0	0	0	0	
0.772	0.259259	-1.35769	0.0967742	3.85715	0.933181	0.373272	1	0	0	0	0	0	0	0	0	
0.773	0.259259	-1.35769	0.0967742	3.85715	0.933181	0.373272	1	0	0	0	0	0	0	0	0	
0.774	0.259259	-1.35769	0.0967742	3.85715	0.933181	0.373272	1	0	0	0	0	0	0	0	0	
0.775	0.259259	-1.35769	0.0967742	3.85715	0.933181	0.373272	1	0	0	0	0	0	0	0	0	
0.776	0.259259	-1.35769	0.0967742	3.85715	0.933181	0.373272	1	0	0	0	0	0	0	0	0	
0.777	0.259259	-1.35769	0.0967742	3.85715	0.933181	0.373272	1	0	0	0	0	0	0	0	0	
0.778	0.259259	-1.35769	0.0967742	3.85715	0.933181	0.373272	1	0	0	0	0	0	0	0	0	
0.779	0.259259	-1.35769	0.0967742	3.85715	0.933181	0.373272	1	0	0	0	0	0	0	0	0	
0.78	0.259259	-1.35769	0.0967742	3.85715	0.933181	0.373272	1	0	0	0	0	0	0	0	0	
0.781	0.259259	-1.35769	0.0967742	3.85715	0.933181	0.373272	1	0	0	0	0	0	0	0	0	
0.782	0.259259	-1.35769	0.0967742	3.85715	0.933181	0.373272	1	0	0	0	0	0	0	0	0	
0.783	0.259259	-1.35769	0.0967742	3.85715	0.933181	0.373272	1	0	0	0	0	0	0	0	0	
0.784	0.259259	-1.35769	0.0967742	3.85715	0.933181	0.373272	1	0	0	0	0	0	0	0	0	
0.785	0.259259	-1.35769	0.0967742	3.85715	0.933181	0.373272	1	0	0	0	0	0	0	0	0	
0.786	0.259259	-1.35769	0.0967742	3.85715	0.933181	0.373272	1	0	0	0	0	0	0	0	0	
0.787	0.259259	-1.35769	0.0967742	3.85715	0.933181	0.373272	1	0	0	0	0	0	0	0	0	
0.788	0.259259	-1.35769	0.0967742	3.85715	0.933181	0.373272	1	0	0	0	0	0	0	0	0	
0.789	0.259259	-1.35769	0.0967742	3.85715	0.933181	0.373272	1	0	0	0	0	0	0	0	0	
0.79	0.259259	-1.35769	0.0967742	3.85715	0.933181	0.373272	1	0	0	0	0	0	0	0	0	
0.791	0.259259	-1.35769	0.0967742	3.85715	0.933181	0.373272	1	0	0	0	0	0	0	0	0	
0.792	0.259259	-1.35769	0.0967742	3.85715	0.933181	0.373272	1	0	0	0	0	0	0	0	0	
0.793	0.259259	-1.35769	0.0967742	3.85715	0.933181	0.373272	1	0	0	0	0	0	0	0	0	
0.794	0.259259	-1.35769	0.0967742	3.85715	0.933181	0.373272	1	0	0	0	0	0	0	0	0	
0.795	0.259259	-1.35769	0.0967742	3.85715	0.933181	0.373272	1	0	0	0	0	0	0	0	0	
0.796	0.259259	-1.35769	0.0967742	3.85715	0.933181	0.373272	1	0	0	0	0	0	0	0	0	
0.797	0.259259	-1.35769	0.0967742	3.85715	0.933181	0.373272	1	0	0	0	0	0	0	0	0	
0.798	0.259259	-1.35769	0.0967742	3.85715	0.933181	0.373272	1	0	0	0	0	0	0	0	0	
0.799	0.259259	-1.35769	0.0967742	3.85715	0.933181	0.373272	1	0	0	0	0	0	0	0	0	
0.8	0.259259	-1.35769	0.0967742	3.85715	0.933181	0.373272	1	0	0	0	0	0	0	0	0	
0.801	0.259259	-1.35769	0.0967742	3.85715	0.933181	0.373272	1	0	0	0	0	0	0	0	0	
0.802	0.259259	-1.35769	0.0967742	3.85715	0.933181	0.373272	1	0	0	0	0	0	0	0	0	
0.803	0.259259	-1.35769	0.0967742	3.85715	0.933181	0.373272	1	0	0	0	0	0	0	0	0	
0.804	0.259259	-1.35769	0.0967742	3.85715	0.933181	0.373272	1	0	0	0	0	0	0	0	0	
0.805	0.259259	-1.35769	0.0967742	3.85715	0.933181	0.373272	1	0	0	0	0	0	0	0	0	
0.806	0.259259	-1.35769	0.0967742	3.85715	0.933181	0.373272	1	0	0	0	0	0	0	0	0	
0.807	0.259259	-1.35769	0.0967742	3.85715	0.933181	0.373272	1	0	0	0	0	0	0	0	0	
0.808	0.259259	-1.35769	0.0967742	3.85715	0.933181	0.373272	1	0	0	0	0	0	0	0	0	
0.809	0.259259	-1.35769	0.0967742	3.85715	0.933181	0.373272	1	0	0	0	0	0	0	0	0	
0.81	0.259259	-1.35769	0.0967742	3.85715	0.933181	0.373272	1	0	0	0	0	0	0	0	0	
0.811	0.259259	-1.35769	0.0967742	3.85715	0.933181	0.373272	1	0	0	0	0	0	0	0	0	
0.812	0.259259	-1.35769	0.0967742	3.85715	0.933181	0.373272	1	0	0	0	0	0	0	0	0	
0.813	0.259259	-1.35769	0.0967742	3.85715	0.933181	0.373272	1	0	0	0	0	0	0	0	0	
0.814	0.259259	-1.35769	0.0967742	3.85715	0.933181	0.373272	1	0	0	0	0	0	0	0	0	
0.815	0.259259	-1.35769	0.0967742	3.85715	0.933181	0.373272	1	0	0	0	0	0	0	0	0	
0.816	0.259259	-1.35769	0.0967742	3.85715	0.933181	0.373272	1	0	0	0	0	0	0	0	0	
0.817	0.259259	-1.35769	0.0967742	3.85715	0.933181	0.373272	1	0	0	0	0	0	0	0	0	
0.818	0.259259	-1.35769	0.0967742	3.85715	0.933181	0.373272	1	0	0	0	0	0	0	0	0	
0.819	0.259259	-1.35769	0.0967742	3.85715	0.933181	0.373272	1	0	0	0	0	0	0	0	0	
0.82	0.259259	-1.35769	0.0967742	3.85715	0.933181	0.373272	1	0	0	0	0	0	0	0	0	
0.821	0.259259	-1.35769	0.0967742	3.85715	0.933181	0.373272	1	0	0	0	0	0	0	0	0	
0.822	0.259259	-1.35769	0.0967742	3.85715	0.933181	0.373272	1	0	0	0	0	0	0	0	0	
0.823	0.259259	-1.35769	0.0967742	3.85715	0.933181	0.373272	1	0	0	0	0	0	0	0	0	
0.824	0.259259	-1.35769	0.0967742	3.85715	0.933181	0.373272	1	0	0	0	0	0	0	0	0	
0.825	0.259259	-1.35769	0.0967742	3.85715	0.933181	0.373272	1	0	0	0	0	0	0	0	0	
0.826	0.259259	-1.35769	0.0967742	3.85715	0.933181	0.373272	1	0	0	0	0	0	0	0	0	
0.827	0.259259	-1.35769	0.0967742	3.85715	0.933181	0.373272	1	0	0	0	0	0	0	0	0	
0.828	0.259259	-1.35769	0.0967742	3.85715	0.933181	0.373272	1	0	0	0	0	0	0	0	0	
0.829	0.259259	-1.35769	0.0967742	3.85715	0.933181	0.373272	1	0	0	0	0	0	0	0	0	
0.83	0.259259	-1.35769	0.0967742	3.85715	0.933181	0.373272	1	0	0	0	0	0	0	0	0	
0.831	0.259259	-1.35769	0.0967742	3.85715	0.933181	0.373272	1	0	0	0	0	0	0	0	0	
0.832	0.259259	-1.35769	0.0967742	3.85715	0.933181	0.373272	1	0	0	0	0	0	0	0	0	
0.833	0.259259	-1.35769	0.0967742	3.85715	0.933181	0.373272	1	0	0	0	0	0	0	0	0	
0.834	0.259259	-1.35769	0.0967742	3.85715	0.933181	0.373272	1	0	0	0	0	0	0	0	0	
0.835	0.259259	-1.35769	0.0967742	3.85715	0.933181	0.373272	1	0	0	0	0	0	0	0	0	
0.836	0.259259	-1.35769	0.0967742	3.85715	0.933181	0.373272	1	0	0	0	0	0	0	0	0	
0.837	0.259259	-1.35769	0.0967742	3.85715	0.933181	0.373272	1	0	0	0	0	0	0	0	0	
0.838	0.259259	-1.35769	0.0967742	3.85715	0.933181	0.373272	1	0	0	0	0	0	0	0	0	
0.839	0.259259	-1.35769	0.0967742	3.85715	0.933181	0.373272	1	0	0	0	0	0	0	0	0	
0.84	0.259259	-1.35769	0.0967742	3.85715	0.933181	0.373272	1	0	0	0	0	0	0	0	0	
0.841	0.259259	-1.35769	0.0967742	3.85715	0.933181	0.373272	1	0	0	0	0	0	0	0	0	
0.842	0.259259	-1.35769	0.0967742	3.85715	0.933181	0.373272	1	0	0	0	0	0	0	0	0	
0.843	0.259259	-1.35769	0.0967742	3.85715	0.933181	0.373272	1	0	0	0	0	0	0	0	0	
0.844	0.259259	-1.35769	0.0967742	3.85715	0.933181	0.373272	1	0	0	0	0	0	0	0	0	
0.845	0.259259	-1.35769	0.0967742	3.85715	0.933181	0.373272	1	0	0	0	0	0	0	0	0	
0.846	0.259259	-1.35769	0.0967742	3.85715	0.933181	0.373272	1	0	0	0	0	0	0	0	0	
0.847	0.259259	-1.35769	0.0967742	3.85715	0.933181	0.373272	1	0	0	0	0	0	0	0	0	
0.848	0.259259	-1.35769	0.0967742	3.85715	0.933181	0.373272	1	0	0	0	0	0	0	0	0	
0.849	0.259259	-1.35769	0.0967742	3.85715	0.933181	0.373272	1	0	0	0	0	0	0	0	0	
0.85	0.259259	-1.35769	0.0967742	3.85715	0.933181	0.373272	1	0	0	0	0	0	0	0	0	
0.851	0.259259	-1.35769	0.0967742	3.85715	0.933181	0.373272	1	0	0	0	0	0	0	0	0	
0.852	0.259259	-1.35769	0.0967742	3.85715	0.933181	0.373272	1	0	0	0	0	0	0	0	0	
0.853	0.259259	-1.35769	0.0967742	3.85715	0.933181	0.373272	1	0	0	0	0	0	0	0	0	
0.854	0.259259	-1.35769	0.0967742	3.85715	0.933181	0.373272	1	0	0	0	0	0	0	0	0	
0.855	0.259259	-1.35769	0.0967742	3.85715	0.933181	0.373272	1	0	0	0	0	0	0	0	0	
0.856	0.259259	-1.35769	0.0967742	3.85715	0.933181	0.373272	1	0	0	0	0	0	0	0	0	
0.857	0.259259	-1.35769	0.0967742	3.85715	0.933181	0.373272	1	0	0	0	0	0	0	0	0	
0.858	0.259259	-1.35769	0.0967742	3.85715	0.933181	0.373272	1	0	0	0	0	0	0	0	0	
0.859	0.259259	-1.35769	0.0967742	3.85715	0.933181	0.373272	1	0	0	0	0	0	0	0	0	
0.86	0.259259	-1.35769	0.0967742	3.85715	0.933181	0.373272	1	0	0	0	0	0	0	0	0	
0.861	0.259259	-1.35769	0.0967742	3.85715	0.933181	0.373272	1	0	0	0	0	0	0	0	0	
0.862	0.259259	-1.35769	0.0967742	3.85715	0.933181	0.373272	1	0	0	0	0	0	0	0	0	
0.863	0.259259	-1.35769	0.0967742	3.85715	0.933181	0.373272	1	0	0	0	0	0	0	0	0	
0.864	0.259259	-1.35769	0.0967742	3.85715	0.933181	0.373272	1	0	0	0	0	0	0	0	0	
0.865	0.259259	-1.35769	0.0967742	3.85715	0.933181	0.373272	1	0	0	0	0	0	0	0	0	
0.866	0.259259	-1.35769	0.0967742	3.85715	0.933181	0.373272	1	0	0	0	0	0	0	0	0	
0.867	0.259259	-1.35769	0.0967742	3.85715	0.933181	0.373272	1	0	0	0	0	0	0	0	0	
0.868	0.259259	-1.35769	0.0967742	3.85715	0.933181	0.373272	1	0	0	0	0	0	0	0	0	
0.869	0.259259	-1.35769	0.0967742	3.85715	0.933181	0.373272	1	0	0	0	0	0	0	0	0	
0.87	0.259259	-1.35769	0.0967742	3.85715	0.933181	0.373272	1	0	0	0	0	0	0	0	0	
0.871	0.259259	-1.35769	0.0967742	3.85715	0.933181	0.373272	1	0	0	0	0	0	0	0	0	
0.872	0.259259	-1.35769	0.0967742	3.85715	0.933181	0.373272	1	0	0	0	0	0	0	0	0	
0.873	0.259259	-1.35769	0.0967742	3.85715	0.933181	0.373272	1	0	0	0	0	0	0	0	0	
0.874	0.259259	-1.35769	0.0967742	3.85715	0.933181	0.373272	1	0	0	0	0	0	0	0	0	
0.875	0.259259	-1.35769	0.0967742	3.85715	0.933181	0.373272	1	0	0	0	0	0	0	0	0	
0.876	0.259259	-1.35769	0.0967742	3.85715	0.933181	0.373272	1	0	0	0	0	0	0	0	0	
0.877	0.259259	-1.35769	0.0967742	3.85715	0.933181	0.373272	1	0	0	0	0	0	0	0	0	
0.878	0.259259	-1.35769	0.0967742	3.85715	0.933181	0.373272	1	0	0	0	0	0	0	0	0	
0.879	0.259259	-1.35769	0.0967742	3.85715	0.933181	0.373272	1	0	0	0	0	0	0	0	0	
0.88	0.259259	-1.35769	0.0967742	3.85715	0.933181	0.373272	1	0	0	0	0	0	0	0	0	
0.881	0.259259	-1.35769	0.0967742	3.85715	0.933181	0.373272	1	0	0	0	0	0	0	0	0	
0.882	0.259259	-1.35769	0.0967742	3.85715	0.933181	0.373272	1	0	0	0	0	0	0	0	0	
0.883	0.259259	-1.35769	0.0967742	3.85715	0.933181	0.373272	1	0	0	0	0	0	0	0	0	
0.884	0.259259	-1.35769	0.0967742	3.85715	0.933181	0.373272	1	0	0	0	0	0	0	0	0	
0.885	0.259259	-1.35769	0.0967742	3.85715	0.933181	0.373272	1	0	0	0	0	0	0	0	0	
0.886	0.259259	-1.35769	0.0967742	3.85715	0.933181	0.373272	1	0	0	0	0	0	0	0	0	
0.887	0.259259	-1.35769	0.0967742	3.85715	0.933181	0.373272	1	0	0	0	0	0	0	0	0	
0.888	0.259259	-1.35769	0.0967742	3.85715	0.933181	0.373272	1	0	0	0	0	0	0	0	0	
0.889	0.259259	-1.35769	0.0967742	3.85715	0.933181	0.373272	1	0	0	0	0	0	0	0	0	
0.89	0.259259	-1.35769	0.0967742	3.85715	0.933181	0.373272	1	0	0	0	0	0	0	0	0	
0.891	0.259259	-1.35769	0.0967742	3.85715	0.933181	0.373272	1	0	0	0	0	0	0	0	0	
0.892	0.259259	-1.35769	0.0967742	3.85715	0.933181	0.373272	1	0	0	0	0	0	0	0	0	
0.893	0.259259	-1.35769	0.0967742	3.85715	0.933181	0.373272	1	0	0	0	0	0	0	0	0	
0.894	0.259259	-1.35769	0.0967742	3.85715	0.933181	0.373272	1	0	0	0	0	0	0	0	0	
0.895	0.259259	-1.35769	0.0967742	3.85715	0.933181	0.373272	1	0	0	0	0	0	0	0	0	
0.896	0.259259	-1.35769	0.0967742	3.85715	0.933181	0.373272	1	0	0	0	0	0	0	0	0	
0.897	0.259259	-1.35769	0.0967742	3.85715	0.933181	0.373272	1	0	0	0	0	0	0	0	0	
0.898	0.259259	-1.35769	0.0967742	3.85715	0.933181	0.373272	1	0	0	0	0	0	0	0	0	
0.899	0.259259	-1.35769	0.0967742	3.85715	0.933181	0.373272	1	0	0	0	0	0	0	0	0	
0.9	0.259259	-1.35769	0.0967742	3.85715	0.933181	0.373272	1	0	0	0	0	0	0	0	0	
0.901	0.259259	-1.35769	0.0967742	3.85715	0.933181	0.373272	1	0	0	0	0	0	0	0	0	
0.902	0.259259	-1.35769	0.0967742	3.85715	0.933181	0.373272	1	0	0	0	0	0	0	0	0	
0.903	0.259259	-1.35769	0.0967742	3.85715	0.933181	0.373272	1	0	0	0	0	0	0	0	0	
0.904	0.259259	-1.35769	0.0967742	3.85715	0.933181	0.373272	1	0	0	0	0	0	0	0	0	
0.905	0.259259	-1.35769	0.0967742	3.85715	0.933181	0.373272	1	0	0	0	0	0	0	0	0	
0.906	0.259259	-1.35769	0.0967742	3.85715	0.933181	0.373272	1	0	0	0	0	0	0	0	0	
0.907	0.259259	-1.35769	0.0967742	3.85715	0.933181	0.373272	1	0	0	0	0	0	0	0	0	
0.908	0.259259	-1.35769	0.0967742	3.85715	0.933181	0.373272	1	0	0	0	0	0	0	0	0	
0.909	0.259259	-1.35769	0.0967742	3.85715	0.933181	0.373272	1	0	0	0	0	0	0	0	0	
0.91	0.259259	-1.35769	0.0967742	3.85715	0.933181	0.373272	1	0	0	0	0	0	0	0	0	
0.911	0.259259	-1.35769	0.0967742	3.85715	0.933181	0.373272	1	0	0	0	0	0	0	0	0	
0.912	0.259259	-1.35769	0.0967742	3.85715	0.933181	0.373272	1	0	0	0	0	0	0	0	0	
0.913	0.259259	-1.35769	0.0967742	3.85715	0.933181	0.373272	1	0	0	0	0	0	0	0	0	
0.914	0.259259	-1.35769	0.0967742	3.85715	0.933181	0.373272	1	0	0	0	0	0	0	0	0	
0.915	0.259259	-1.35769	0.0967742	3.85715	0.933181	0.373272	1	0	0	0	0	0	0	0	0	
0.916	0.259259	-1.35769	0.0967742	3.85715	0.933181	0.373272	1	0	0	0	0	0	0	0	0	
0.917	0.259259	-1.35769	0.0967742	3.85715	0.933181	0.373272	1	0	0	0	0	0	0	0	0	
0.918	0.259259	-1.35769	0.0967742	3.85715	0.933181	0.373272	1	0	0	0	0	0	0	0	0	
0.919	0.259259	-1.35769	0.0967742	3.85715	0.933181	0.373272	1	0	0	0	0	0	0	0	0	
0.92	0.259259	-1.35769	0.0967742	3.85715	0.933181	0.373272	1	0	0	0	0	0	0	0	0	
0.921	0.259259	-1.35769	0.0967742	3.85715	0.933181	0.373272	1	0	0	0	0	0	0	0	0	
0.922	0.259259	-1.35769	0.0967742	3.85715	0.933181	0.373272	1	0	0	0	0	0	0	0	0	
0.923	0.259259	-1.35769	0.0967742	3.85715	0.933181	0.373272	1	0	0	0	0	0	0	0	0	
0.924	0.259259	-1.35769	0.0967742	3.85715	0.933181	0.373272	1	0	0	0	0	0	0	0	0	
0.925	0.259259	-1.35769	0.0967742	3.85715	0.933181	0.373272	1	0	0	0	0	0	0	0	0	
0.926	0.259259	-1.35769	0.0967742	3.85715	0.933181	0.373272	1	0	0	0	0	0	0	0	0	
0.927	0.259259	-1.35769	0.0967742	3.85715	0.933181	0.373272	1	0	0	0	0	0	0	0	0	
0.928	0.259259	-1.35769	0.0967742	3.85715	0.933181	0.373272	1	0	0	0	0	0	0	0	0	
0.929	0.259259	-1.35769	0.0967742	3.85715	0.933181	0.373272	1	0	0	0	0	0	0	0	0	
0.93	0.259259	-1.35769	0.0967742	3.85715	0.933181	0.373272	1	0	0	0	0	0	0	0	0	
0.931	0.259259	-1.35769	0.0967742	3.85715	0.933181	0.373272	1	0	0	0	0	0	0	0	0	
0.932	0.259259	-1.35769	0.0967742	3.85715	0.933181	0.373272	1	0	0	0	0	0	0	0	0	
0.933	0.259259	-1.35769	0.0967742	3.85715	0.933181	0.373272	1	0	0	0	0	0	0	0	0	
0.934	0.259259	-1.35769	0.0967742	3.85715	0.933181	0.373272	1	0	0	0	0	0	0	0	0	
0.935	0.259259	-1.35769	0.0967742	3.85715	0.933181	0.373272	1	0	0	0	0	0	0	0	0	
0.936	0.259259	-1.35769	0.0967742	3.85715	0.933181	0.373272	1	0	0	0	0	0	0	0	0	
0.937	0.259259	-1.35769	0.0967742	3.85715	0.933181	0.373272	1	0	0	0	0	0	0	0	0	
0.938	0.259259	-1.35769	0.0967742	3.85715	0.933181	0.373272	1	0	0	0	0	0	0	0	0	
0.939	0.259259	-1.35769	0.0967742	3.85715	0.933181	0.373272	1	0	0	0	0	0	0	0	0	
0.94	0.259259	-1.35769	0.0967742	3.85715	0.933181	0.373272	1	0	0	0	0	0	0	0	0	
0.941	0.259259	-1.35769	0.0967742	3.85715	0.933181	0.373272	1	0	0	0	0	0	0	0	0	
0.942	0.259259	-1.35769	0.0967742	3.85715	0.933181	0.373272	1	0	0	0	0	0	0	0	0	
0.943	0.259259	-1.35769	0.0967742	3.85715	0.933181	0.373272	1	0	0	0	0	0	0	0	0	
0.944	0.259259	-1.35769	0.0967742	3.85715	0.933181	0.373272	1	0	0	0	0	0	0	0	0	
0.945	0.259259	-1.35769	0.0967742	3.85715	0.933181	0.373272	1	0	0	0	0	0	0	0	0	
0.946	0.259259	-1.35769	0.0967742	3.85715	0.933181	0.373272	1	0	0	0	0	0	0	0	0	
0.947	0.259259	-1.35769	0.0967742	3.85715	0.933181	0.373272	1	0	0	0	0	0	0	0	0	
0.948	0.259259	-1.35769	0.0967742	3.85715	0.933181	0.373272	1	0	0	0	0	0	0	0	0	
0.949	0.259259	-1.35769	0.0967742	3.85715	0.933181	0.373272	1	0	0	0	0	0	0	0	0	
0.95	0.259259	-1.35769	0.0967742	3.85715	0.933181	0.373272	1	0	0	0	0	0	0	0	0	
0.951	0.259259	-1.35769	0.0967742	3.85715	0.933181	0.373272	1	0	0	0	0	0	0	0	0	
0.952	0.259259	-1.35769	0.0967742	3.85715	0.933181	0.373272	1	0	0	0	0	0	0	0	0	
0.953	0.259259	-1.35769	0.0967742	3.85715	0.933181	0.373272	1	0	0	0	0	0	0	0	0	
0.954	0.259259	-1.35769	0.0967742	3.85715	0.933181	0.373272	1	0	0	0	0	0	0	0	0	
0.955	0.259259	-1.35769	0.0967742	3.85715	0.933181	0.373272	1	0	0	0	0	0	0	0	0	
0.956	0.259259	-1.35769	0.0967742	3.85715	0.933181	0.373272	1	0	0	0	0	0	0	0	0	
0.957	0.259259	-1.35769	0.0967742	3.85715	0.933181	0.373272	1	0	0	0	0	0	0	0	0	
0.958	0.259259	-1.35769	0.0967742	3.85715	0.933181	0.373272	1	0	0	0	0	0	0	0	0	
0.959	0.259259	-1.35769	0.0967742	3.85715	0.933181	0.373272	1	0	0	0	0	0	0	0	0	
0.96	0.259259	-1.35769	0.0967742	3.85715	0.933181	0.373272	1	0	0	0	0	0	0	0	0	
0.961	0.259259	-1.35769	0.0967742	3.85715	0.933181	0.373272	1	0	0	0	0	0	0	0	0	
0.962	0.259259	-1.35769	0.0967742	3.85715	0.933181	0.373272	1	0	0	0	0	0	0	0	0	
0.963	0.259259	-1.35769	0.0967742	3.85715	0.933181	0.373272	1	0	0	0	0	0	0	0	0	
0.964	0.259259	-1.35769	0.0967742	3.85715	0.933181	0.373272	1	0	0	0	0	0	0	0	0	
0.965	0.259259	-1.35769	0.0967742	3.85715	0.933181	0.373272	1	0	0	0	0	0	0	0	0	
0.966	0.259259	-1.35769	0.0967742	3.85715	0.933181	0.373272	1	0	0	0	0	0	0	0	0	
0.967	0.259259	-1.35769	0.0967742	3.85715	0.933181	0.373272	1	0	0	0	0	0	0	0	0	
0.968	0.259259	-1.35769	0.0967742	3.85715	0.933181	0.373272	1	0	0	0	0	0	0	0	0	
0.969	0.259259	-1.35769	0.0967742	3.85715	0.933181	0.373272	1	0	0	0	0	0	0	0	0	
0.97	0.259259	-1.35769	0.0967742	3.85715	0.933181	0.373272	1	0	0	0	0	0	0	0	0	
0.971	0.259259	-1.35769	0.0967742	3.85715	0.933181	0.373272	1	0	0	0	0	0	0	0	0	
0.972	0.259259	-1.35769	0.0967742	3.85715	0.933181	0.373272	1	0	0	0	0	0	0	0	0	
0.973	0.259259	-1.35769	0.0967742	3.85715	0.933181	0.373272	1	0	0	0	0	0	0	0	0	
0.974	0.259259	-1.35769	0.0967742	3.85715	0.933181	0.373272	1	0	0	0	0	0	0	0	0	
0.975	0.259259	-1.35769	0.0967742	3.85715	0.933181	0.373272	1	0	0	0	0	0	0	0	0	
0.976	0.259259	-1.35769	0.0967742	3.85715	0.933181	0.373272	1	0	0	0	0	0	0	0	0	
0.977	0.259259	-1.35769	0.0967742	3.85715	0.933181	0.373272	1	0	0	0	0	0	0	0	0	
0.978	0.259259	-1.35769	0.0967742	3.85715	0.933181	0.373272	1	0	0	0	0	0	0	0	0	
0.979	0.259259	-1.35769	0.0967742	3.85715	0.933181	0.373272	1	0	0	0	0	0	0	0	0	
0.98	0.259259	-1.35769	0.0967742	3.85715	0.933181	0.373272	1	0	0	0	0	0	0	0	0	
0.981	0.259259	-1.35769	0.0967742	3.85715	0.933181	0.373272	1	0	0	0	0	0	0	0	0	
0.982	0.259259	-1.35769	0.0967742	3.85715	0.933181	0.373272	1	0	0	0	0	0	0	0	0	
0.983	0.259259	-1.35769	0.0967742	3.85715	0.933181	0.373272	1	0	0	0	0	0	0	0	0	
0.984	0.259259	-1.35769	0.0967742	3.85715	0.933181	0.373272	1	0	0	0	0	0	0	0	0	
0.985	0.259259	-1.35769	0.0967742	3.85715	0.933181	0.373272	1	0	0	0	0	0	0	0	0	
0.986	0.259259	-1.35769	0.0967742	3.85715	0.933181	0.373272	1	0	0	0	0	0	0	0	0	
0.987	0.259259	-1.35769	0.0967742	3.85715	0.933181	0.373272	1	0	0	0	0	0	0	0	0	
0.988	0.259259	-1.35769	0.0967742	3.85715	0.933181	0.373272	1	0	0	0	0	0	0	0	0	
0.989	0.259259	-1.35769	0.0967742	3.85715	0.933181	0.373272	1	0	0	0	0	0	0	0	0	
0.99	0.259259	-1.35769	0.0967742	3.85715	0.933181	0.373272	1	0	0	0	0	0	0	0	0	
0.991	0.259259	-1.35769	0.0967742	3.85715	0.933181	0.373272	1	0	0	0	0	0	0	0	0	
0.992	0.259259	-1.35769	0.0967742	3.85715	0.933181	0.373272	1	0	0	0	0	0	0	0	0	
0.993	0.259259	-1.35769	0.0967742	3.85715	0.933181	0.373272	1	0	0	0	0	0	0	0	0	
0.994	0.259259	-1.35769	0.0967742	3.85715	0.933181	0.373272	1	0	0	0	0	0	0	0	0	
0.995	0.259259	-1.35769	0.0967742	3.85715	0.933181	0.373272	1	0	0	0	0	0	0	0	0	
0.996	0.259259	-1.35769	0.0967742	3.85715	0.933181	0.373272	1	0	0	0	0	0	0	0	0	
0.997	0.259259	-1.35769	0.0967742	3.85715	0.933181	0.373272	1	0	0	0	0	0	0	0	0	
0.998	0.259259	-1.35769	0.0967742	3.85715	0.933181	0.373272	1	0	0	0	0	0	0	0	0	
0.999	0.259259	-1.35769	0.0967742	3.85715	0.933181	0.373272	1	0	0	0	0	0	0	0	0	
1	0.259259	-1.35769	0.0967742	3.85715	0.933181	0.373272	1	0	0	0	0	0	0	0	0	
