|||||||||||||||||||||||||||||||||***SIMULATION: detonation***||||||||||||||||||||||||||||||||||
Sanpshot time = 1.33. Timestep = 3228. Run time = 5 seconds
No. of cells = 1000
#Position	 Density	 Velocity	 Pressure	 Specific_Volume I_Energy	 Temperature	 Species
-0.001	0.770846	0.000245532	2.00341	1.29728	6.49744	0	9.36979e-08	0	0	0	0	0	0	0	0	
0	0.770875	8.16575e-05	2.00341	1.29723	6.49718	0	9.64302e-08	0	0	0	0	0	0	0	0	
0.001	0.770875	-8.16575e-05	2.00341	1.29723	6.49718	2.59887	9.64302e-08	0	0	0	0	0	0	0	0	
0.002	0.770846	-0.000245532	2.00341	1.29728	6.49744	2.59898	9.36979e-08	0	0	0	0	0	0	0	0	
0.003	0.769739	-0.000409833	2.00342	1.29914	6.50681	2.60272	9.89142e-08	0	0	0	0	0	0	0	0	
0.004	0.770273	-0.000574728	2.00343	1.29824	6.50233	2.60093	9.7812e-08	0	0	0	0	0	0	0	0	
0.005	0.767819	-0.000740504	2.00344	1.30239	6.52314	2.60926	9.58879e-08	0	0	0	0	0	0	0	0	
0.006	0.766588	-0.000907317	2.00345	1.30448	6.53366	2.61346	8.9353e-08	0	0	0	0	0	0	0	0	
0.007	0.767221	-0.00107533	2.00346	1.30341	6.52832	2.61133	9.26178e-08	0	0	0	0	0	0	0	0	
0.008	0.768757	-0.00124473	2.00348	1.3008	6.51532	2.60613	9.24455e-08	0	0	0	0	0	0	0	0	
0.009	0.770634	-0.00141566	2.0035	1.29763	6.4995	2.5998	9.17135e-08	0	0	0	0	0	0	0	0	
0.01	0.77253	-0.00158828	2.00351	1.29445	6.48361	2.59344	9.19942e-08	0	0	0	0	0	0	0	0	
0.011	0.77423	-0.00176269	2.00353	1.29161	6.46942	2.58777	9.5816e-08	0	0	0	0	0	0	0	0	
0.012	0.775667	-0.001939	2.00354	1.28921	6.45747	2.58299	9.40837e-08	0	0	0	0	0	0	0	0	
0.013	0.776796	-0.00211729	2.00355	1.28734	6.44812	2.57925	9.39643e-08	0	0	0	0	0	0	0	0	
0.014	0.7776	-0.00229761	2.00356	1.28601	6.44149	2.5766	9.43156e-08	0	0	0	0	0	0	0	0	
0.015	0.778135	-0.00248001	2.00356	1.28512	6.43707	2.57483	9.62511e-08	0	0	0	0	0	0	0	0	
0.016	0.778472	-0.00266449	2.00357	1.28457	6.43429	2.57371	9.54392e-08	0	0	0	0	0	0	0	0	
0.017	0.778655	-0.00285105	2.00356	1.28427	6.43276	2.57311	9.50446e-08	0	0	0	0	0	0	0	0	
0.018	0.77872	-0.00303965	2.00355	1.28416	6.43219	2.57288	9.48219e-08	0	0	0	0	0	0	0	0	
0.019	0.778716	-0.00323024	2.00354	1.28417	6.43218	2.57287	9.30097e-08	0	0	0	0	0	0	0	0	
0.02	0.778689	-0.00342274	2.00351	1.28421	6.43233	2.57293	9.12376e-08	0	0	0	0	0	0	0	0	
0.021	0.778676	-0.00361704	2.00349	1.28423	6.43235	2.57294	9.05578e-08	0	0	0	0	0	0	0	0	
0.022	0.778698	-0.00381302	2.00345	1.2842	6.43206	2.57282	9.12578e-08	0	0	0	0	0	0	0	0	
0.023	0.778767	-0.00401052	2.00341	1.28408	6.43135	2.57254	9.28554e-08	0	0	0	0	0	0	0	0	
0.024	0.778887	-0.00420935	2.00336	1.28388	6.43019	2.57208	9.42319e-08	0	0	0	0	0	0	0	0	
0.025	0.779056	-0.00440931	2.0033	1.2836	6.42861	2.57144	9.43813e-08	0	0	0	0	0	0	0	0	
0.026	0.779266	-0.00461015	2.00324	1.28326	6.42667	2.57067	9.36281e-08	0	0	0	0	0	0	0	0	
0.027	0.779506	-0.00481165	2.00316	1.28286	6.42447	2.56979	9.33472e-08	0	0	0	0	0	0	0	0	
0.028	0.779763	-0.00501351	2.00309	1.28244	6.4221	2.56884	9.35357e-08	0	0	0	0	0	0	0	0	
0.029	0.780026	-0.00521546	2.003	1.28201	6.41966	2.56787	9.28181e-08	0	0	0	0	0	0	0	0	
0.03	0.780286	-0.00541721	2.00291	1.28158	6.41724	2.5669	9.18001e-08	0	0	0	0	0	0	0	0	
0.031	0.780539	-0.00561848	2.00282	1.28117	6.41486	2.56594	9.17721e-08	0	0	0	0	0	0	0	0	
0.032	0.780788	-0.00581898	2.00272	1.28076	6.41249	2.565	9.22181e-08	0	0	0	0	0	0	0	0	
0.033	0.781042	-0.00601844	2.00262	1.28034	6.41009	2.56404	9.20789e-08	0	0	0	0	0	0	0	0	
0.034	0.781309	-0.00621664	2.00252	1.2799	6.40757	2.56303	9.09212e-08	0	0	0	0	0	0	0	0	
0.035	0.781599	-0.00641337	2.00241	1.27943	6.40485	2.56194	8.96159e-08	0	0	0	0	0	0	0	0	
0.036	0.78192	-0.00660844	2.0023	1.2789	6.40188	2.56075	8.91318e-08	0	0	0	0	0	0	0	0	
0.037	0.782274	-0.00680174	2.0022	1.27833	6.39865	2.55946	8.94845e-08	0	0	0	0	0	0	0	0	
0.038	0.782661	-0.00699319	2.00209	1.27769	6.39514	2.55806	9.04614e-08	0	0	0	0	0	0	0	0	
0.039	0.78308	-0.00718278	2.00199	1.27701	6.39139	2.55655	9.17075e-08	0	0	0	0	0	0	0	0	
0.04	0.783531	-0.00737053	2.00189	1.27627	6.38739	2.55496	9.28141e-08	0	0	0	0	0	0	0	0	
0.041	0.78401	-0.00755654	2.00179	1.27549	6.38318	2.55327	9.34846e-08	0	0	0	0	0	0	0	0	
0.042	0.784516	-0.00774094	2.0017	1.27467	6.37876	2.5515	9.37132e-08	0	0	0	0	0	0	0	0	
0.043	0.785044	-0.00792392	2.00161	1.27381	6.37418	2.54967	9.37672e-08	0	0	0	0	0	0	0	0	
0.044	0.785591	-0.00810573	2.00152	1.27293	6.36948	2.54779	9.3877e-08	0	0	0	0	0	0	0	0	
0.045	0.786146	-0.00828662	2.00144	1.27203	6.36472	2.54589	9.39974e-08	0	0	0	0	0	0	0	0	
0.046	0.786701	-0.0084669	2.00137	1.27113	6.36	2.544	9.4078e-08	0	0	0	0	0	0	0	0	
0.047	0.787244	-0.00864687	2.0013	1.27025	6.3554	2.54216	9.44087e-08	0	0	0	0	0	0	0	0	
0.048	0.787766	-0.00882685	2.00124	1.26941	6.35099	2.54039	9.52642e-08	0	0	0	0	0	0	0	0	
0.049	0.788263	-0.00900715	2.00118	1.26861	6.34681	2.53872	9.64135e-08	0	0	0	0	0	0	0	0	
0.05	0.788733	-0.00918807	2.00113	1.26786	6.34286	2.53714	9.73366e-08	0	0	0	0	0	0	0	0	
0.051	0.789185	-0.00936988	2.00108	1.26713	6.33908	2.53563	9.75811e-08	0	0	0	0	0	0	0	0	
0.052	0.789628	-0.00955282	2.00104	1.26642	6.33538	2.53415	9.70176e-08	0	0	0	0	0	0	0	0	
0.053	0.790077	-0.00973709	2.001	1.2657	6.33166	2.53267	9.58779e-08	0	0	0	0	0	0	0	0	
0.054	0.790543	-0.00992282	2.00097	1.26495	6.32782	2.53113	9.45671e-08	0	0	0	0	0	0	0	0	
0.055	0.791035	-0.0101101	2.00093	1.26417	6.32378	2.52951	9.35488e-08	0	0	0	0	0	0	0	0	
0.056	0.791555	-0.0102991	2.0009	1.26334	6.31953	2.52781	9.31046e-08	0	0	0	0	0	0	0	0	
0.057	0.792103	-0.0104896	2.00087	1.26246	6.31507	2.52603	9.31322e-08	0	0	0	0	0	0	0	0	
0.058	0.79267	-0.0106817	2.00084	1.26156	6.31045	2.52418	9.32737e-08	0	0	0	0	0	0	0	0	
0.059	0.793247	-0.0108752	2.00081	1.26064	6.30577	2.52231	9.3305e-08	0	0	0	0	0	0	0	0	
0.06	0.793825	-0.0110701	2.00078	1.25972	6.30108	2.52043	9.33019e-08	0	0	0	0	0	0	0	0	
0.061	0.794396	-0.011266	2.00075	1.25882	6.29645	2.51858	9.34296e-08	0	0	0	0	0	0	0	0	
0.062	0.794953	-0.0114629	2.00071	1.25794	6.29192	2.51677	9.37673e-08	0	0	0	0	0	0	0	0	
0.063	0.795496	-0.0116604	2.00067	1.25708	6.2875	2.515	9.43189e-08	0	0	0	0	0	0	0	0	
0.064	0.796024	-0.0118583	2.00063	1.25624	6.28319	2.51327	9.49758e-08	0	0	0	0	0	0	0	0	
0.065	0.796543	-0.0120563	2.00058	1.25543	6.27894	2.51158	9.55046e-08	0	0	0	0	0	0	0	0	
0.066	0.797057	-0.0122541	2.00052	1.25462	6.27473	2.50989	9.56985e-08	0	0	0	0	0	0	0	0	
0.067	0.797572	-0.0124515	2.00046	1.25381	6.27048	2.50819	9.55072e-08	0	0	0	0	0	0	0	0	
0.068	0.798095	-0.0126482	2.0004	1.25298	6.26617	2.50647	9.50076e-08	0	0	0	0	0	0	0	0	
0.069	0.798628	-0.012844	2.00033	1.25215	6.26175	2.5047	9.43871e-08	0	0	0	0	0	0	0	0	
0.07	0.799175	-0.0130386	2.00025	1.25129	6.25722	2.50289	9.39242e-08	0	0	0	0	0	0	0	0	
0.071	0.799736	-0.0132319	2.00016	1.25041	6.25256	2.50103	9.3833e-08	0	0	0	0	0	0	0	0	
0.072	0.800307	-0.0134236	2.00007	1.24952	6.24781	2.49912	9.40798e-08	0	0	0	0	0	0	0	0	
0.073	0.800887	-0.0136137	1.99997	1.24862	6.24298	2.49719	9.43884e-08	0	0	0	0	0	0	0	0	
0.074	0.801469	-0.013802	1.99986	1.24771	6.23811	2.49524	9.44887e-08	0	0	0	0	0	0	0	0	
0.075	0.802052	-0.0139885	1.99975	1.2468	6.23323	2.49329	9.4367e-08	0	0	0	0	0	0	0	0	
0.076	0.802631	-0.0141732	1.99963	1.2459	6.22836	2.49134	9.42507e-08	0	0	0	0	0	0	0	0	
0.077	0.803206	-0.0143562	1.9995	1.24501	6.22351	2.4894	9.43661e-08	0	0	0	0	0	0	0	0	
0.078	0.803778	-0.0145375	1.99937	1.24413	6.21867	2.48747	9.47326e-08	0	0	0	0	0	0	0	0	
0.079	0.804349	-0.0147173	1.99924	1.24324	6.21383	2.48553	9.51631e-08	0	0	0	0	0	0	0	0	
0.08	0.804927	-0.0148957	1.9991	1.24235	6.20894	2.48357	9.54269e-08	0	0	0	0	0	0	0	0	
0.081	0.805516	-0.0150731	1.99895	1.24144	6.20395	2.48158	9.54152e-08	0	0	0	0	0	0	0	0	
0.082	0.806123	-0.0152498	1.9988	1.24051	6.19882	2.47953	9.51759e-08	0	0	0	0	0	0	0	0	
0.083	0.806754	-0.015426	1.99865	1.23953	6.1935	2.4774	9.48516e-08	0	0	0	0	0	0	0	0	
0.084	0.807412	-0.0156022	1.9985	1.23853	6.18799	2.47519	9.45972e-08	0	0	0	0	0	0	0	0	
0.085	0.808096	-0.0157788	1.99835	1.23748	6.18228	2.47291	9.45036e-08	0	0	0	0	0	0	0	0	
0.086	0.808803	-0.0159562	1.9982	1.23639	6.1764	2.47056	9.45675e-08	0	0	0	0	0	0	0	0	
0.087	0.809528	-0.0161349	1.99804	1.23529	6.1704	2.46816	9.47387e-08	0	0	0	0	0	0	0	0	
0.088	0.810262	-0.0163154	1.99789	1.23417	6.16435	2.46574	9.49836e-08	0	0	0	0	0	0	0	0	
0.089	0.810997	-0.0164982	1.99775	1.23305	6.1583	2.46332	9.52864e-08	0	0	0	0	0	0	0	0	
0.09	0.811726	-0.0166836	1.9976	1.23194	6.15232	2.46093	9.5603e-08	0	0	0	0	0	0	0	0	
0.091	0.812443	-0.0168722	1.99746	1.23086	6.14646	2.45858	9.58497e-08	0	0	0	0	0	0	0	0	
0.092	0.813143	-0.0170642	1.99732	1.2298	6.14074	2.4563	9.59409e-08	0	0	0	0	0	0	0	0	
0.093	0.813822	-0.0172601	1.99719	1.22877	6.13521	2.45408	9.58299e-08	0	0	0	0	0	0	0	0	
0.094	0.814476	-0.01746	1.99706	1.22778	6.12988	2.45195	9.55303e-08	0	0	0	0	0	0	0	0	
0.095	0.815102	-0.0176642	1.99693	1.22684	6.1248	2.44992	9.51207e-08	0	0	0	0	0	0	0	0	
0.096	0.815695	-0.0178727	1.99681	1.22595	6.11997	2.44799	9.47302e-08	0	0	0	0	0	0	0	0	
0.097	0.816254	-0.0180856	1.9967	1.22511	6.11543	2.44617	9.45037e-08	0	0	0	0	0	0	0	0	
0.098	0.816776	-0.0183027	1.99659	1.22433	6.11119	2.44447	9.45331e-08	0	0	0	0	0	0	0	0	
0.099	0.817258	-0.018524	1.99648	1.2236	6.10725	2.4429	9.47796e-08	0	0	0	0	0	0	0	0	
0.1	0.817702	-0.0187492	1.99637	1.22294	6.10362	2.44145	9.50682e-08	0	0	0	0	0	0	0	0	
0.101	0.818105	-0.018978	1.99627	1.22234	6.10029	2.44012	9.52023e-08	0	0	0	0	0	0	0	0	
0.102	0.818471	-0.0192099	1.99617	1.22179	6.09726	2.4389	9.51011e-08	0	0	0	0	0	0	0	0	
0.103	0.818798	-0.0194446	1.99607	1.2213	6.09451	2.4378	9.48214e-08	0	0	0	0	0	0	0	0	
0.104	0.819089	-0.0196815	1.99597	1.22087	6.09203	2.43681	9.44692e-08	0	0	0	0	0	0	0	0	
0.105	0.819346	-0.0199202	1.99586	1.22049	6.0898	2.43592	9.41239e-08	0	0	0	0	0	0	0	0	
0.106	0.819572	-0.0201602	1.99575	1.22015	6.0878	2.43512	9.38382e-08	0	0	0	0	0	0	0	0	
0.107	0.819768	-0.0204008	1.99564	1.21986	6.086	2.4344	9.36613e-08	0	0	0	0	0	0	0	0	
0.108	0.819938	-0.0206416	1.99553	1.2196	6.08438	2.43375	9.36355e-08	0	0	0	0	0	0	0	0	
0.109	0.820086	-0.0208821	1.9954	1.21938	6.08291	2.43317	9.37824e-08	0	0	0	0	0	0	0	0	
0.11	0.820214	-0.0211219	1.99528	1.21919	6.08157	2.43263	9.41047e-08	0	0	0	0	0	0	0	0	
0.111	0.820325	-0.0213605	1.99514	1.21903	6.08033	2.43213	9.45825e-08	0	0	0	0	0	0	0	0	
0.112	0.820422	-0.0215977	1.99499	1.21888	6.07917	2.43167	9.51534e-08	0	0	0	0	0	0	0	0	
0.113	0.820507	-0.021833	1.99484	1.21876	6.07807	2.43123	9.57079e-08	0	0	0	0	0	0	0	0	
0.114	0.820583	-0.0220663	1.99468	1.21865	6.07702	2.43081	9.61248e-08	0	0	0	0	0	0	0	0	
0.115	0.82065	-0.0222974	1.99451	1.21855	6.07601	2.4304	9.63219e-08	0	0	0	0	0	0	0	0	
0.116	0.820709	-0.0225262	1.99433	1.21846	6.07502	2.43001	9.62791e-08	0	0	0	0	0	0	0	0	
0.117	0.820762	-0.0227526	1.99414	1.21838	6.07406	2.42963	9.60217e-08	0	0	0	0	0	0	0	0	
0.118	0.820806	-0.0229768	1.99395	1.21831	6.07314	2.42925	9.55935e-08	0	0	0	0	0	0	0	0	
0.119	0.820843	-0.0231986	1.99374	1.21826	6.07225	2.4289	9.50534e-08	0	0	0	0	0	0	0	0	
0.12	0.820869	-0.0234184	1.99353	1.21822	6.07141	2.42856	9.44939e-08	0	0	0	0	0	0	0	0	
0.121	0.820883	-0.0236362	1.99332	1.2182	6.07064	2.42826	9.40403e-08	0	0	0	0	0	0	0	0	
0.122	0.820883	-0.0238522	1.99309	1.2182	6.06996	2.42799	9.38062e-08	0	0	0	0	0	0	0	0	
0.123	0.820866	-0.0240669	1.99286	1.21823	6.06939	2.42776	9.38293e-08	0	0	0	0	0	0	0	0	
0.124	0.82083	-0.0242805	1.99263	1.21828	6.06895	2.42758	9.40396e-08	0	0	0	0	0	0	0	0	
0.125	0.820775	-0.0244933	1.99239	1.21836	6.06863	2.42745	9.42909e-08	0	0	0	0	0	0	0	0	
0.126	0.8207	-0.0247058	1.99215	1.21847	6.06846	2.42738	9.44416e-08	0	0	0	0	0	0	0	0	
0.127	0.820606	-0.0249184	1.99191	1.21861	6.06843	2.42737	9.44295e-08	0	0	0	0	0	0	0	0	
0.128	0.820492	-0.0251317	1.99167	1.21878	6.06854	2.42741	9.42928e-08	0	0	0	0	0	0	0	0	
0.129	0.82036	-0.025346	1.99143	1.21898	6.06878	2.42751	9.41294e-08	0	0	0	0	0	0	0	0	
0.13	0.820213	-0.0255619	1.9912	1.2192	6.06914	2.42766	9.40289e-08	0	0	0	0	0	0	0	0	
0.131	0.820051	-0.02578	1.99096	1.21944	6.06962	2.42785	9.40208e-08	0	0	0	0	0	0	0	0	
0.132	0.819878	-0.0260008	1.99073	1.21969	6.0702	2.42808	9.40679e-08	0	0	0	0	0	0	0	0	
0.133	0.819695	-0.0262248	1.9905	1.21997	6.07087	2.42835	9.40998e-08	0	0	0	0	0	0	0	0	
0.134	0.819505	-0.0264524	1.99028	1.22025	6.0716	2.42864	9.40594e-08	0	0	0	0	0	0	0	0	
0.135	0.819309	-0.0266841	1.99007	1.22054	6.0724	2.42896	9.39334e-08	0	0	0	0	0	0	0	0	
0.136	0.819109	-0.0269204	1.98986	1.22084	6.07325	2.4293	9.37493e-08	0	0	0	0	0	0	0	0	
0.137	0.818907	-0.0271614	1.98966	1.22114	6.07414	2.42965	9.35457e-08	0	0	0	0	0	0	0	0	
0.138	0.818704	-0.0274076	1.98947	1.22144	6.07505	2.43002	9.33422e-08	0	0	0	0	0	0	0	0	
0.139	0.818503	-0.0276591	1.98928	1.22174	6.07598	2.43039	9.31297e-08	0	0	0	0	0	0	0	0	
0.14	0.818304	-0.0279159	1.9891	1.22204	6.0769	2.43076	9.28859e-08	0	0	0	0	0	0	0	0	
0.141	0.81811	-0.0281779	1.98893	1.22233	6.07782	2.43113	9.25987e-08	0	0	0	0	0	0	0	0	
0.142	0.817923	-0.0284452	1.98876	1.22261	6.0787	2.43148	9.22822e-08	0	0	0	0	0	0	0	0	
0.143	0.817746	-0.0287173	1.9886	1.22287	6.07952	2.43181	9.19758e-08	0	0	0	0	0	0	0	0	
0.144	0.81758	-0.028994	1.98844	1.22312	6.08028	2.43211	9.17265e-08	0	0	0	0	0	0	0	0	
0.145	0.817426	-0.0292748	1.98829	1.22335	6.08095	2.43238	9.15662e-08	0	0	0	0	0	0	0	0	
0.146	0.817285	-0.0295592	1.98814	1.22356	6.08153	2.43261	9.1498e-08	0	0	0	0	0	0	0	0	
0.147	0.817156	-0.0298466	1.98798	1.22376	6.08202	2.43281	9.14996e-08	0	0	0	0	0	0	0	0	
0.148	0.817037	-0.0301364	1.98783	1.22393	6.08243	2.43297	9.15396e-08	0	0	0	0	0	0	0	0	
0.149	0.816925	-0.0304279	1.98767	1.2241	6.08278	2.43311	9.15948e-08	0	0	0	0	0	0	0	0	
0.15	0.816816	-0.0307203	1.98751	1.22427	6.08309	2.43324	9.16563e-08	0	0	0	0	0	0	0	0	
0.151	0.816707	-0.031013	1.98734	1.22443	6.08339	2.43336	9.17246e-08	0	0	0	0	0	0	0	0	
0.152	0.816594	-0.0313054	1.98716	1.2246	6.0837	2.43348	9.17987e-08	0	0	0	0	0	0	0	0	
0.153	0.816473	-0.0315967	1.98698	1.22478	6.08403	2.43361	9.1869e-08	0	0	0	0	0	0	0	0	
0.154	0.816342	-0.0318864	1.98678	1.22498	6.08441	2.43376	9.19187e-08	0	0	0	0	0	0	0	0	
0.155	0.816199	-0.0321739	1.98657	1.22519	6.08483	2.43393	9.19309e-08	0	0	0	0	0	0	0	0	
0.156	0.816045	-0.0324587	1.98636	1.22542	6.08531	2.43413	9.18955e-08	0	0	0	0	0	0	0	0	
0.157	0.815878	-0.0327406	1.98612	1.22567	6.08584	2.43434	9.18136e-08	0	0	0	0	0	0	0	0	
0.158	0.8157	-0.0330191	1.98588	1.22594	6.08642	2.43457	9.16996e-08	0	0	0	0	0	0	0	0	
0.159	0.815512	-0.0332942	1.98562	1.22622	6.08703	2.43481	9.15772e-08	0	0	0	0	0	0	0	0	
0.16	0.815315	-0.0335655	1.98535	1.22652	6.08766	2.43507	9.14694e-08	0	0	0	0	0	0	0	0	
0.161	0.815111	-0.0338332	1.98506	1.22683	6.08831	2.43532	9.13854e-08	0	0	0	0	0	0	0	0	
0.162	0.814901	-0.0340972	1.98476	1.22714	6.08896	2.43558	9.13184e-08	0	0	0	0	0	0	0	0	
0.163	0.814687	-0.0343576	1.98445	1.22746	6.08959	2.43584	9.12595e-08	0	0	0	0	0	0	0	0	
0.164	0.814471	-0.0346147	1.98412	1.22779	6.09021	2.43608	9.12191e-08	0	0	0	0	0	0	0	0	
0.165	0.814253	-0.0348687	1.98378	1.22812	6.0908	2.43632	9.12414e-08	0	0	0	0	0	0	0	0	
0.166	0.814035	-0.0351198	1.98343	1.22845	6.09136	2.43654	9.13958e-08	0	0	0	0	0	0	0	0	
0.167	0.813817	-0.0353686	1.98307	1.22878	6.09189	2.43676	9.17493e-08	0	0	0	0	0	0	0	0	
0.168	0.8136	-0.0356154	1.9827	1.22911	6.09238	2.43695	9.23326e-08	0	0	0	0	0	0	0	0	
0.169	0.813385	-0.0358607	1.98232	1.22943	6.09282	2.43713	9.31191e-08	0	0	0	0	0	0	0	0	
0.17	0.813173	-0.0361051	1.98194	1.22975	6.09322	2.43729	9.40278e-08	0	0	0	0	0	0	0	0	
0.171	0.812965	-0.0363492	1.98154	1.23006	6.09357	2.43743	9.49466e-08	0	0	0	0	0	0	0	0	
0.172	0.812762	-0.0365936	1.98114	1.23037	6.09386	2.43755	9.57635e-08	0	0	0	0	0	0	0	0	
0.173	0.812565	-0.0368389	1.98074	1.23067	6.0941	2.43764	9.63907e-08	0	0	0	0	0	0	0	0	
0.174	0.812374	-0.0370859	1.98033	1.23096	6.09428	2.43771	9.67729e-08	0	0	0	0	0	0	0	0	
0.175	0.81219	-0.0373353	1.97992	1.23124	6.0944	2.43776	9.68833e-08	0	0	0	0	0	0	0	0	
0.176	0.812014	-0.0375879	1.97951	1.23151	6.09445	2.43778	9.67128e-08	0	0	0	0	0	0	0	0	
0.177	0.811844	-0.0378443	1.9791	1.23176	6.09445	2.43778	9.62628e-08	0	0	0	0	0	0	0	0	
0.178	0.811682	-0.0381055	1.97869	1.23201	6.0944	2.43776	9.55444e-08	0	0	0	0	0	0	0	0	
0.179	0.811525	-0.038372	1.97827	1.23225	6.09431	2.43772	9.45842e-08	0	0	0	0	0	0	0	0	
0.18	0.811373	-0.0386447	1.97786	1.23248	6.09418	2.43767	9.34294e-08	0	0	0	0	0	0	0	0	
0.181	0.811225	-0.0389241	1.97745	1.2327	6.09403	2.43761	9.2151e-08	0	0	0	0	0	0	0	0	
0.182	0.81108	-0.0392109	1.97705	1.23292	6.09387	2.43755	9.08389e-08	0	0	0	0	0	0	0	0	
0.183	0.810935	-0.0395055	1.97664	1.23314	6.09371	2.43748	8.95917e-08	0	0	0	0	0	0	0	0	
0.184	0.810791	-0.0398085	1.97624	1.23336	6.09355	2.43742	8.85026e-08	0	0	0	0	0	0	0	0	
0.185	0.810647	-0.04012	1.97584	1.23358	6.09341	2.43736	8.76443e-08	0	0	0	0	0	0	0	0	
0.186	0.810501	-0.0404404	1.97544	1.2338	6.09327	2.43731	8.70571e-08	0	0	0	0	0	0	0	0	
0.187	0.810354	-0.0407698	1.97505	1.23403	6.09315	2.43726	8.67435e-08	0	0	0	0	0	0	0	0	
0.188	0.810205	-0.0411081	1.97465	1.23426	6.09305	2.43722	8.66699e-08	0	0	0	0	0	0	0	0	
0.189	0.810055	-0.0414553	1.97425	1.23448	6.09296	2.43718	8.67763e-08	0	0	0	0	0	0	0	0	
0.19	0.809902	-0.0418111	1.97385	1.23472	6.09288	2.43715	8.69902e-08	0	0	0	0	0	0	0	0	
0.191	0.809748	-0.0421751	1.97345	1.23495	6.09281	2.43712	8.72428e-08	0	0	0	0	0	0	0	0	
0.192	0.809591	-0.042547	1.97305	1.23519	6.09273	2.43709	8.74829e-08	0	0	0	0	0	0	0	0	
0.193	0.809433	-0.0429263	1.97264	1.23543	6.09266	2.43706	8.7684e-08	0	0	0	0	0	0	0	0	
0.194	0.809273	-0.0433123	1.97223	1.23568	6.09258	2.43703	8.78435e-08	0	0	0	0	0	0	0	0	
0.195	0.809111	-0.0437046	1.9718	1.23592	6.09249	2.437	8.79745e-08	0	0	0	0	0	0	0	0	
0.196	0.808946	-0.0441026	1.97137	1.23618	6.0924	2.43696	8.80933e-08	0	0	0	0	0	0	0	0	
0.197	0.808779	-0.0445055	1.97093	1.23643	6.09228	2.43691	8.82076e-08	0	0	0	0	0	0	0	0	
0.198	0.80861	-0.0449128	1.97047	1.23669	6.09216	2.43686	8.83111e-08	0	0	0	0	0	0	0	0	
0.199	0.808437	-0.0453239	1.97	1.23695	6.09201	2.4368	8.8384e-08	0	0	0	0	0	0	0	0	
0.2	0.808261	-0.0457383	1.96952	1.23722	6.09184	2.43674	8.84025e-08	0	0	0	0	0	0	0	0	
0.201	0.808083	-0.0461554	1.96902	1.2375	6.09166	2.43666	8.83493e-08	0	0	0	0	0	0	0	0	
0.202	0.807901	-0.046575	1.96851	1.23778	6.09144	2.43658	8.82221e-08	0	0	0	0	0	0	0	0	
0.203	0.807716	-0.0469966	1.96799	1.23806	6.09121	2.43648	8.80365e-08	0	0	0	0	0	0	0	0	
0.204	0.807528	-0.04742	1.96744	1.23835	6.09094	2.43638	8.78203e-08	0	0	0	0	0	0	0	0	
0.205	0.807337	-0.047845	1.96688	1.23864	6.09065	2.43626	8.7604e-08	0	0	0	0	0	0	0	0	
0.206	0.807144	-0.0482715	1.96631	1.23894	6.09033	2.43613	8.74113e-08	0	0	0	0	0	0	0	0	
0.207	0.806947	-0.0486995	1.96571	1.23924	6.08997	2.43599	8.72531e-08	0	0	0	0	0	0	0	0	
0.208	0.806748	-0.049129	1.96511	1.23954	6.08959	2.43583	8.71274e-08	0	0	0	0	0	0	0	0	
0.209	0.806547	-0.0495601	1.96448	1.23985	6.08917	2.43567	8.70244e-08	0	0	0	0	0	0	0	0	
0.21	0.806343	-0.0499931	1.96384	1.24017	6.08873	2.43549	8.69327e-08	0	0	0	0	0	0	0	0	
0.211	0.806136	-0.0504281	1.96319	1.24049	6.08826	2.4353	8.68441e-08	0	0	0	0	0	0	0	0	
0.212	0.805927	-0.0508654	1.96252	1.24081	6.08777	2.43511	8.67558e-08	0	0	0	0	0	0	0	0	
0.213	0.805714	-0.0513054	1.96183	1.24113	6.08725	2.4349	8.66696e-08	0	0	0	0	0	0	0	0	
0.214	0.805499	-0.0517484	1.96114	1.24147	6.08672	2.43469	8.65901e-08	0	0	0	0	0	0	0	0	
0.215	0.805281	-0.0521949	1.96043	1.2418	6.08616	2.43447	8.65225e-08	0	0	0	0	0	0	0	0	
0.216	0.805059	-0.0526451	1.95971	1.24214	6.0856	2.43424	8.64728e-08	0	0	0	0	0	0	0	0	
0.217	0.804834	-0.0530996	1.95897	1.24249	6.08502	2.43401	8.64465e-08	0	0	0	0	0	0	0	0	
0.218	0.804606	-0.0535588	1.95823	1.24284	6.08444	2.43377	8.64487e-08	0	0	0	0	0	0	0	0	
0.219	0.804375	-0.0540231	1.95748	1.2432	6.08385	2.43354	8.64823e-08	0	0	0	0	0	0	0	0	
0.22	0.80414	-0.0544929	1.95671	1.24357	6.08325	2.4333	8.65468e-08	0	0	0	0	0	0	0	0	
0.221	0.803901	-0.0549686	1.95594	1.24393	6.08266	2.43306	8.66361e-08	0	0	0	0	0	0	0	0	
0.222	0.803659	-0.0554507	1.95516	1.24431	6.08207	2.43283	8.67392e-08	0	0	0	0	0	0	0	0	
0.223	0.803413	-0.0559393	1.95438	1.24469	6.08149	2.4326	8.68405e-08	0	0	0	0	0	0	0	0	
0.224	0.803163	-0.0564349	1.95359	1.24508	6.08093	2.43237	8.69225e-08	0	0	0	0	0	0	0	0	
0.225	0.802908	-0.0569377	1.95279	1.24547	6.08038	2.43215	8.6968e-08	0	0	0	0	0	0	0	0	
0.226	0.802649	-0.0574477	1.952	1.24587	6.07986	2.43194	8.69631e-08	0	0	0	0	0	0	0	0	
0.227	0.802385	-0.0579651	1.9512	1.24628	6.07936	2.43174	8.68994e-08	0	0	0	0	0	0	0	0	
0.228	0.802117	-0.0584899	1.95039	1.2467	6.07889	2.43156	8.67758e-08	0	0	0	0	0	0	0	0	
0.229	0.801844	-0.0590217	1.94959	1.24712	6.07845	2.43138	8.6599e-08	0	0	0	0	0	0	0	0	
0.23	0.801568	-0.0595605	1.94879	1.24755	6.07804	2.43122	8.63829e-08	0	0	0	0	0	0	0	0	
0.231	0.801291	-0.0601058	1.94799	1.24799	6.07765	2.43106	8.61469e-08	0	0	0	0	0	0	0	0	
0.232	0.801013	-0.0606571	1.94719	1.24842	6.07727	2.43091	8.59133e-08	0	0	0	0	0	0	0	0	
0.233	0.800737	-0.0612136	1.94639	1.24885	6.07687	2.43075	8.5704e-08	0	0	0	0	0	0	0	0	
0.234	0.800466	-0.0617747	1.9456	1.24927	6.07646	2.43058	8.55379e-08	0	0	0	0	0	0	0	0	
0.235	0.800203	-0.0623394	1.94481	1.24968	6.07599	2.4304	8.54281e-08	0	0	0	0	0	0	0	0	
0.236	0.799952	-0.0629066	1.94403	1.25008	6.07546	2.43019	8.53811e-08	0	0	0	0	0	0	0	0	
0.237	0.799714	-0.0634751	1.94326	1.25045	6.07485	2.42994	8.53962e-08	0	0	0	0	0	0	0	0	
0.238	0.799492	-0.0640438	1.94249	1.25079	6.07414	2.42966	8.54667e-08	0	0	0	0	0	0	0	0	
0.239	0.799287	-0.0646112	1.94173	1.25112	6.07332	2.42933	8.55808e-08	0	0	0	0	0	0	0	0	
0.24	0.799099	-0.0651761	1.94098	1.25141	6.0724	2.42896	8.57242e-08	0	0	0	0	0	0	0	0	
0.241	0.798928	-0.0657369	1.94024	1.25168	6.07137	2.42855	8.5882e-08	0	0	0	0	0	0	0	0	
0.242	0.798773	-0.0662924	1.9395	1.25192	6.07026	2.4281	8.60405e-08	0	0	0	0	0	0	0	0	
0.243	0.798631	-0.066841	1.93878	1.25214	6.06908	2.42763	8.61889e-08	0	0	0	0	0	0	0	0	
0.244	0.798499	-0.0673815	1.93807	1.25235	6.06785	2.42714	8.63196e-08	0	0	0	0	0	0	0	0	
0.245	0.798375	-0.0679125	1.93737	1.25254	6.0666	2.42664	8.64288e-08	0	0	0	0	0	0	0	0	
0.246	0.798254	-0.0684328	1.93668	1.25273	6.06536	2.42614	8.65153e-08	0	0	0	0	0	0	0	0	
0.247	0.798135	-0.0689414	1.936	1.25292	6.06415	2.42566	8.65804e-08	0	0	0	0	0	0	0	0	
0.248	0.798013	-0.0694373	1.93534	1.25311	6.063	2.4252	8.66268e-08	0	0	0	0	0	0	0	0	
0.249	0.797887	-0.0699195	1.93469	1.25331	6.06193	2.42477	8.66578e-08	0	0	0	0	0	0	0	0	
0.25	0.797756	-0.0703874	1.93406	1.25352	6.06095	2.42438	8.66769e-08	0	0	0	0	0	0	0	0	
0.251	0.797617	-0.0708404	1.93345	1.25373	6.06007	2.42403	8.66872e-08	0	0	0	0	0	0	0	0	
0.252	0.797471	-0.0712781	1.93284	1.25396	6.0593	2.42372	8.66909e-08	0	0	0	0	0	0	0	0	
0.253	0.797317	-0.0717001	1.93226	1.25421	6.05864	2.42345	8.66896e-08	0	0	0	0	0	0	0	0	
0.254	0.797157	-0.0721062	1.9317	1.25446	6.05808	2.42323	8.66836e-08	0	0	0	0	0	0	0	0	
0.255	0.796991	-0.0724964	1.93115	1.25472	6.05762	2.42305	8.66724e-08	0	0	0	0	0	0	0	0	
0.256	0.796821	-0.0728706	1.93062	1.25499	6.05726	2.4229	8.66546e-08	0	0	0	0	0	0	0	0	
0.257	0.796648	-0.0732292	1.93011	1.25526	6.05697	2.42279	8.66288e-08	0	0	0	0	0	0	0	0	
0.258	0.796473	-0.0735723	1.92962	1.25553	6.05676	2.42271	8.65941e-08	0	0	0	0	0	0	0	0	
0.259	0.796298	-0.0739002	1.92915	1.25581	6.05661	2.42265	8.65504e-08	0	0	0	0	0	0	0	0	
0.26	0.796125	-0.0742135	1.9287	1.25608	6.05652	2.42261	8.64987e-08	0	0	0	0	0	0	0	0	
0.261	0.795954	-0.0745125	1.92826	1.25635	6.05646	2.42258	8.64414e-08	0	0	0	0	0	0	0	0	
0.262	0.795787	-0.0747979	1.92785	1.25662	6.05643	2.42257	8.63811e-08	0	0	0	0	0	0	0	0	
0.263	0.795625	-0.0750703	1.92746	1.25687	6.05642	2.42257	8.63203e-08	0	0	0	0	0	0	0	0	
0.264	0.795469	-0.0753304	1.92708	1.25712	6.05643	2.42257	8.62602e-08	0	0	0	0	0	0	0	0	
0.265	0.795321	-0.075579	1.92672	1.25735	6.05644	2.42257	8.61998e-08	0	0	0	0	0	0	0	0	
0.266	0.795181	-0.0758168	1.92639	1.25758	6.05644	2.42257	8.61362e-08	0	0	0	0	0	0	0	0	
0.267	0.79505	-0.0760447	1.92606	1.25778	6.05642	2.42257	8.60646e-08	0	0	0	0	0	0	0	0	
0.268	0.79493	-0.0762635	1.92576	1.25797	6.05638	2.42255	8.59797e-08	0	0	0	0	0	0	0	0	
0.269	0.79482	-0.076474	1.92547	1.25815	6.05632	2.42253	8.58772e-08	0	0	0	0	0	0	0	0	
0.27	0.794722	-0.0766772	1.9252	1.2583	6.05622	2.42249	8.57554e-08	0	0	0	0	0	0	0	0	
0.271	0.794635	-0.0768739	1.92495	1.25844	6.05608	2.42243	8.56162e-08	0	0	0	0	0	0	0	0	
0.272	0.79456	-0.0770648	1.92471	1.25856	6.0559	2.42236	8.54658e-08	0	0	0	0	0	0	0	0	
0.273	0.794496	-0.0772507	1.92449	1.25866	6.05568	2.42227	8.53146e-08	0	0	0	0	0	0	0	0	
0.274	0.794442	-0.0774325	1.92428	1.25874	6.05543	2.42217	8.51763e-08	0	0	0	0	0	0	0	0	
0.275	0.794399	-0.0776107	1.92408	1.25881	6.05515	2.42206	8.50661e-08	0	0	0	0	0	0	0	0	
0.276	0.794363	-0.0777859	1.9239	1.25887	6.05484	2.42194	8.49987e-08	0	0	0	0	0	0	0	0	
0.277	0.794335	-0.0779587	1.92373	1.25891	6.05452	2.42181	8.49865e-08	0	0	0	0	0	0	0	0	
0.278	0.794313	-0.0781294	1.92357	1.25895	6.05419	2.42167	8.5038e-08	0	0	0	0	0	0	0	0	
0.279	0.794296	-0.0782984	1.92342	1.25898	6.05385	2.42154	8.51562e-08	0	0	0	0	0	0	0	0	
0.28	0.794281	-0.0784659	1.92328	1.259	6.05353	2.42141	8.53387e-08	0	0	0	0	0	0	0	0	
0.281	0.794269	-0.0786321	1.92315	1.25902	6.05321	2.42129	8.55777e-08	0	0	0	0	0	0	0	0	
0.282	0.794257	-0.078797	1.92303	1.25904	6.05292	2.42117	8.58608e-08	0	0	0	0	0	0	0	0	
0.283	0.794245	-0.0789606	1.92292	1.25906	6.05265	2.42106	8.61729e-08	0	0	0	0	0	0	0	0	
0.284	0.794231	-0.0791228	1.92281	1.25908	6.05242	2.42097	8.64969e-08	0	0	0	0	0	0	0	0	
0.285	0.794215	-0.0792834	1.9227	1.2591	6.05221	2.42088	8.68157e-08	0	0	0	0	0	0	0	0	
0.286	0.794197	-0.0794424	1.9226	1.25913	6.05203	2.42081	8.71136e-08	0	0	0	0	0	0	0	0	
0.287	0.794177	-0.0795994	1.92251	1.25917	6.05189	2.42076	8.73766e-08	0	0	0	0	0	0	0	0	
0.288	0.794153	-0.0797542	1.92242	1.2592	6.05178	2.42071	8.75935e-08	0	0	0	0	0	0	0	0	
0.289	0.794126	-0.0799065	1.92233	1.25925	6.05171	2.42068	8.77561e-08	0	0	0	0	0	0	0	0	
0.29	0.794097	-0.080056	1.92224	1.25929	6.05166	2.42066	8.7859e-08	0	0	0	0	0	0	0	0	
0.291	0.794064	-0.0802025	1.92216	1.25934	6.05164	2.42066	8.78998e-08	0	0	0	0	0	0	0	0	
0.292	0.794029	-0.0803455	1.92207	1.2594	6.05165	2.42066	8.78786e-08	0	0	0	0	0	0	0	0	
0.293	0.793992	-0.0804847	1.92199	1.25946	6.05168	2.42067	8.77979e-08	0	0	0	0	0	0	0	0	
0.294	0.793952	-0.0806198	1.92192	1.25952	6.05173	2.42069	8.76622e-08	0	0	0	0	0	0	0	0	
0.295	0.793912	-0.0807505	1.92184	1.25959	6.05181	2.42072	8.74778e-08	0	0	0	0	0	0	0	0	
0.296	0.79387	-0.0808761	1.92177	1.25965	6.05189	2.42076	8.72519e-08	0	0	0	0	0	0	0	0	
0.297	0.793829	-0.0809965	1.9217	1.25972	6.05199	2.4208	8.69928e-08	0	0	0	0	0	0	0	0	
0.298	0.793789	-0.0811112	1.92163	1.25978	6.05209	2.42084	8.67091e-08	0	0	0	0	0	0	0	0	
0.299	0.793751	-0.0812196	1.92157	1.25984	6.05219	2.42088	8.6409e-08	0	0	0	0	0	0	0	0	
0.3	0.793717	-0.0813215	1.92152	1.25989	6.05228	2.42091	8.61006e-08	0	0	0	0	0	0	0	0	
0.301	0.793687	-0.0814163	1.92147	1.25994	6.05236	2.42094	8.57912e-08	0	0	0	0	0	0	0	0	
0.302	0.793663	-0.0815036	1.92143	1.25998	6.05242	2.42097	8.54876e-08	0	0	0	0	0	0	0	0	
0.303	0.793646	-0.0815829	1.9214	1.26001	6.05245	2.42098	8.51959e-08	0	0	0	0	0	0	0	0	
0.304	0.793637	-0.0816538	1.92138	1.26002	6.05246	2.42098	8.49216e-08	0	0	0	0	0	0	0	0	
0.305	0.793637	-0.0817158	1.92137	1.26002	6.05243	2.42097	8.46698e-08	0	0	0	0	0	0	0	0	
0.306	0.793647	-0.0817684	1.92138	1.26001	6.05237	2.42095	8.44451e-08	0	0	0	0	0	0	0	0	
0.307	0.793667	-0.081811	1.9214	1.25997	6.05228	2.42091	8.42516e-08	0	0	0	0	0	0	0	0	
0.308	0.793697	-0.0818431	1.92143	1.25993	6.05217	2.42087	8.40928e-08	0	0	0	0	0	0	0	0	
0.309	0.793737	-0.0818642	1.92149	1.25986	6.05203	2.42081	8.39714e-08	0	0	0	0	0	0	0	0	
0.31	0.793787	-0.0818738	1.92156	1.25978	6.05188	2.42075	8.38893e-08	0	0	0	0	0	0	0	0	
0.311	0.793846	-0.0818712	1.92165	1.25969	6.05171	2.42069	8.38474e-08	0	0	0	0	0	0	0	0	
0.312	0.793913	-0.081856	1.92176	1.25958	6.05156	2.42062	8.38455e-08	0	0	0	0	0	0	0	0	
0.313	0.793989	-0.0818277	1.9219	1.25946	6.05141	2.42056	8.38822e-08	0	0	0	0	0	0	0	0	
0.314	0.794071	-0.0817858	1.92206	1.25933	6.05128	2.42051	8.39553e-08	0	0	0	0	0	0	0	0	
0.315	0.794161	-0.0817298	1.92224	1.25919	6.05118	2.42047	8.40618e-08	0	0	0	0	0	0	0	0	
0.316	0.794255	-0.0816592	1.92246	1.25904	6.05113	2.42045	8.41979e-08	0	0	0	0	0	0	0	0	
0.317	0.794355	-0.0815737	1.92269	1.25888	6.05112	2.42045	8.43595e-08	0	0	0	0	0	0	0	0	
0.318	0.79446	-0.0814729	1.92296	1.25872	6.05116	2.42046	8.45422e-08	0	0	0	0	0	0	0	0	
0.319	0.794569	-0.0813566	1.92326	1.25854	6.05126	2.4205	8.47418e-08	0	0	0	0	0	0	0	0	
0.32	0.794681	-0.0812246	1.92358	1.25837	6.05143	2.42057	8.49539e-08	0	0	0	0	0	0	0	0	
0.321	0.794797	-0.0810766	1.92394	1.25818	6.05166	2.42066	8.51746e-08	0	0	0	0	0	0	0	0	
0.322	0.794917	-0.0809125	1.92432	1.25799	6.05196	2.42078	8.53997e-08	0	0	0	0	0	0	0	0	
0.323	0.795041	-0.0807325	1.92474	1.2578	6.05233	2.42093	8.56253e-08	0	0	0	0	0	0	0	0	
0.324	0.795167	-0.0805365	1.92519	1.2576	6.05277	2.42111	8.58471e-08	0	0	0	0	0	0	0	0	
0.325	0.795298	-0.0803247	1.92566	1.25739	6.05328	2.42131	8.60606e-08	0	0	0	0	0	0	0	0	
0.326	0.795432	-0.0800972	1.92617	1.25718	6.05385	2.42154	8.62606e-08	0	0	0	0	0	0	0	0	
0.327	0.795571	-0.0798545	1.92671	1.25696	6.05449	2.4218	8.64416e-08	0	0	0	0	0	0	0	0	
0.328	0.795713	-0.0795968	1.92728	1.25673	6.05518	2.42207	8.65978e-08	0	0	0	0	0	0	0	0	
0.329	0.795861	-0.0793246	1.92787	1.2565	6.05593	2.42237	8.67232e-08	0	0	0	0	0	0	0	0	
0.33	0.796015	-0.0790386	1.9285	1.25626	6.05672	2.42269	8.68126e-08	0	0	0	0	0	0	0	0	
0.331	0.796176	-0.0787391	1.92914	1.256	6.05754	2.42301	8.68618e-08	0	0	0	0	0	0	0	0	
0.332	0.796343	-0.0784271	1.92982	1.25574	6.05838	2.42335	8.68684e-08	0	0	0	0	0	0	0	0	
0.333	0.79652	-0.078103	1.93052	1.25546	6.05923	2.42369	8.68321e-08	0	0	0	0	0	0	0	0	
0.334	0.796706	-0.0777679	1.93124	1.25517	6.06008	2.42403	8.67553e-08	0	0	0	0	0	0	0	0	
0.335	0.796902	-0.0774224	1.93198	1.25486	6.06092	2.42437	8.6643e-08	0	0	0	0	0	0	0	0	
0.336	0.79711	-0.0770674	1.93275	1.25453	6.06173	2.42469	8.65025e-08	0	0	0	0	0	0	0	0	
0.337	0.797331	-0.0767038	1.93353	1.25419	6.0625	2.425	8.63431e-08	0	0	0	0	0	0	0	0	
0.338	0.797563	-0.0763323	1.93432	1.25382	6.06323	2.42529	8.61752e-08	0	0	0	0	0	0	0	0	
0.339	0.797808	-0.0759538	1.93514	1.25343	6.06391	2.42556	8.60093e-08	0	0	0	0	0	0	0	0	
0.34	0.798066	-0.0755689	1.93596	1.25303	6.06454	2.42581	8.5855e-08	0	0	0	0	0	0	0	0	
0.341	0.798335	-0.0751784	1.9368	1.25261	6.06511	2.42604	8.57204e-08	0	0	0	0	0	0	0	0	
0.342	0.798615	-0.074783	1.93764	1.25217	6.06563	2.42625	8.56107e-08	0	0	0	0	0	0	0	0	
0.343	0.798905	-0.074383	1.93849	1.25171	6.0661	2.42644	8.55282e-08	0	0	0	0	0	0	0	0	
0.344	0.799202	-0.0739792	1.93936	1.25125	6.06654	2.42661	8.54721e-08	0	0	0	0	0	0	0	0	
0.345	0.799506	-0.0735719	1.94022	1.25077	6.06694	2.42678	8.54384e-08	0	0	0	0	0	0	0	0	
0.346	0.799813	-0.0731614	1.94109	1.25029	6.06733	2.42693	8.54209e-08	0	0	0	0	0	0	0	0	
0.347	0.800124	-0.072748	1.94197	1.24981	6.06771	2.42708	8.54115e-08	0	0	0	0	0	0	0	0	
0.348	0.800435	-0.0723315	1.94285	1.24932	6.06809	2.42724	8.54019e-08	0	0	0	0	0	0	0	0	
0.349	0.800745	-0.0719119	1.94373	1.24884	6.0685	2.4274	8.53837e-08	0	0	0	0	0	0	0	0	
0.35	0.801052	-0.0714887	1.94461	1.24836	6.06893	2.42757	8.535e-08	0	0	0	0	0	0	0	0	
0.351	0.801356	-0.0710612	1.9455	1.24788	6.0694	2.42776	8.52962e-08	0	0	0	0	0	0	0	0	
0.352	0.801655	-0.0706286	1.94639	1.24742	6.06992	2.42797	8.52201e-08	0	0	0	0	0	0	0	0	
0.353	0.801948	-0.07019	1.94729	1.24696	6.07049	2.4282	8.51223e-08	0	0	0	0	0	0	0	0	
0.354	0.802236	-0.0697444	1.94819	1.24652	6.07112	2.42845	8.50064e-08	0	0	0	0	0	0	0	0	
0.355	0.802518	-0.0692904	1.9491	1.24608	6.07182	2.42873	8.48784e-08	0	0	0	0	0	0	0	0	
0.356	0.802796	-0.0688269	1.95002	1.24565	6.07259	2.42904	8.47461e-08	0	0	0	0	0	0	0	0	
0.357	0.803069	-0.0683523	1.95095	1.24522	6.07343	2.42937	8.46184e-08	0	0	0	0	0	0	0	0	
0.358	0.803339	-0.0678652	1.9519	1.24481	6.07433	2.42973	8.45049e-08	0	0	0	0	0	0	0	0	
0.359	0.803607	-0.0673639	1.95287	1.24439	6.07531	2.43012	8.44144e-08	0	0	0	0	0	0	0	0	
0.36	0.803876	-0.0668469	1.95385	1.24397	6.07636	2.43054	8.43547e-08	0	0	0	0	0	0	0	0	
0.361	0.804147	-0.0663125	1.95487	1.24355	6.07746	2.43099	8.4332e-08	0	0	0	0	0	0	0	0	
0.362	0.804424	-0.0657587	1.95592	1.24313	6.07863	2.43145	8.43501e-08	0	0	0	0	0	0	0	0	
0.363	0.804708	-0.0651839	1.957	1.24269	6.07986	2.43194	8.44104e-08	0	0	0	0	0	0	0	0	
0.364	0.805003	-0.0645862	1.95813	1.24223	6.08112	2.43245	8.45119e-08	0	0	0	0	0	0	0	0	
0.365	0.805311	-0.0639639	1.9593	1.24176	6.08243	2.43297	8.46511e-08	0	0	0	0	0	0	0	0	
0.366	0.805635	-0.0633151	1.96052	1.24126	6.08378	2.43351	8.48225e-08	0	0	0	0	0	0	0	0	
0.367	0.805979	-0.0626381	1.9618	1.24073	6.08514	2.43406	8.5019e-08	0	0	0	0	0	0	0	0	
0.368	0.806346	-0.0619312	1.96314	1.24016	6.08652	2.43461	8.52325e-08	0	0	0	0	0	0	0	0	
0.369	0.806737	-0.0611924	1.96454	1.23956	6.08791	2.43516	8.54541e-08	0	0	0	0	0	0	0	0	
0.37	0.807157	-0.0604202	1.96601	1.23892	6.0893	2.43572	8.5675e-08	0	0	0	0	0	0	0	0	
0.371	0.807606	-0.0596128	1.96755	1.23823	6.09069	2.43628	8.58867e-08	0	0	0	0	0	0	0	0	
0.372	0.808087	-0.0587689	1.96917	1.23749	6.09208	2.43683	8.60817e-08	0	0	0	0	0	0	0	0	
0.373	0.808601	-0.057887	1.97087	1.2367	6.09347	2.43739	8.62533e-08	0	0	0	0	0	0	0	0	
0.374	0.809148	-0.0569657	1.97265	1.23587	6.09485	2.43794	8.63961e-08	0	0	0	0	0	0	0	0	
0.375	0.809729	-0.0560038	1.97452	1.23498	6.09623	2.43849	8.65058e-08	0	0	0	0	0	0	0	0	
0.376	0.810343	-0.0549998	1.97647	1.23404	6.09763	2.43905	8.65793e-08	0	0	0	0	0	0	0	0	
0.377	0.81099	-0.0539524	1.97851	1.23306	6.09905	2.43962	8.66145e-08	0	0	0	0	0	0	0	0	
0.378	0.811668	-0.0528603	1.98063	1.23203	6.1005	2.4402	8.66106e-08	0	0	0	0	0	0	0	0	
0.379	0.812375	-0.0517225	1.98284	1.23096	6.10199	2.4408	8.65674e-08	0	0	0	0	0	0	0	0	
0.38	0.81311	-0.0505381	1.98514	1.22985	6.10354	2.44141	8.64856e-08	0	0	0	0	0	0	0	0	
0.381	0.813869	-0.0493068	1.98752	1.2287	6.10515	2.44206	8.63669e-08	0	0	0	0	0	0	0	0	
0.382	0.814653	-0.048029	1.98999	1.22752	6.10685	2.44274	8.62135e-08	0	0	0	0	0	0	0	0	
0.383	0.815458	-0.0467056	1.99254	1.2263	6.10864	2.44346	8.60284e-08	0	0	0	0	0	0	0	0	
0.384	0.816284	-0.0453375	1.99518	1.22506	6.11055	2.44422	8.58151e-08	0	0	0	0	0	0	0	0	
0.385	0.817128	-0.0439252	1.9979	1.2238	6.11257	2.44503	8.55776e-08	0	0	0	0	0	0	0	0	
0.386	0.817988	-0.042468	2.0007	1.22251	6.11471	2.44589	8.532e-08	0	0	0	0	0	0	0	0	
0.387	0.81886	-0.0409652	2.00358	1.22121	6.11699	2.44679	8.50465e-08	0	0	0	0	0	0	0	0	
0.388	0.819745	-0.0394163	2.00653	1.21989	6.11939	2.44776	8.47615e-08	0	0	0	0	0	0	0	0	
0.389	0.820639	-0.0378225	2.00955	1.21856	6.12192	2.44877	8.44688e-08	0	0	0	0	0	0	0	0	
0.39	0.821544	-0.0361866	2.01264	1.21722	6.12458	2.44983	8.41722e-08	0	0	0	0	0	0	0	0	
0.391	0.822459	-0.0345115	2.01581	1.21587	6.12738	2.45095	8.3875e-08	0	0	0	0	0	0	0	0	
0.392	0.823383	-0.0327987	2.01903	1.2145	6.1303	2.45212	8.35803e-08	0	0	0	0	0	0	0	0	
0.393	0.824317	-0.0310477	2.02232	1.21313	6.13333	2.45333	8.32911e-08	0	0	0	0	0	0	0	0	
0.394	0.825257	-0.0292576	2.02566	1.21174	6.13646	2.45459	8.30103e-08	0	0	0	0	0	0	0	0	
0.395	0.826205	-0.0274297	2.02906	1.21035	6.13969	2.45588	8.27409e-08	0	0	0	0	0	0	0	0	
0.396	0.827163	-0.0255687	2.03251	1.20895	6.143	2.4572	8.24862e-08	0	0	0	0	0	0	0	0	
0.397	0.828134	-0.0236802	2.03601	1.20753	6.14639	2.45856	8.22499e-08	0	0	0	0	0	0	0	0	
0.398	0.82912	-0.0217677	2.03958	1.2061	6.14984	2.45994	8.20356e-08	0	0	0	0	0	0	0	0	
0.399	0.830118	-0.0198303	2.0432	1.20465	6.15333	2.46133	8.18474e-08	0	0	0	0	0	0	0	0	
0.4	0.831128	-0.0178652	2.04685	1.20318	6.15684	2.46274	8.16894e-08	0	0	0	0	0	0	0	0	
0.401	0.832151	-0.0158714	2.05054	1.2017	6.16036	2.46414	8.15651e-08	0	0	0	0	0	0	0	0	
0.402	0.833188	-0.0138509	2.05427	1.20021	6.16387	2.46555	8.14778e-08	0	0	0	0	0	0	0	0	
0.403	0.834241	-0.0118068	2.05803	1.19869	6.16736	2.46695	8.14296e-08	0	0	0	0	0	0	0	0	
0.404	0.835314	-0.00974589	2.06184	1.19715	6.17084	2.46834	8.14217e-08	0	0	0	0	0	0	0	0	
0.405	0.836401	-0.0076683	2.06567	1.1956	6.17427	2.46971	8.14541e-08	0	0	0	0	0	0	0	0	
0.406	0.837501	-0.00556495	2.06951	1.19403	6.17765	2.47106	8.15254e-08	0	0	0	0	0	0	0	0	
0.407	0.838607	-0.00343563	2.07335	1.19245	6.18095	2.47238	8.16329e-08	0	0	0	0	0	0	0	0	
0.408	0.83975	-0.00121288	2.0773	1.19083	6.18427	2.47371	8.1773e-08	0	0	0	0	0	0	0	0	
0.409	0.841023	0.000846908	2.08166	1.18903	6.18788	2.47515	8.19413e-08	0	0	0	0	0	0	0	0	
0.41	0.842652	0.00461981	2.08723	1.18673	6.19246	2.47698	8.21324e-08	0	0	0	0	0	0	0	0	
0.411	0.844521	0.00804596	2.09362	1.1841	6.19767	2.47907	8.23414e-08	0	0	0	0	0	0	0	0	
0.412	0.846355	0.011366	2.09988	1.18154	6.20271	2.48109	8.2563e-08	0	0	0	0	0	0	0	0	
0.413	0.84817	0.0146288	2.10606	1.17901	6.20766	2.48306	8.27924e-08	0	0	0	0	0	0	0	0	
0.414	0.849962	0.0178306	2.11216	1.17652	6.21251	2.48501	8.30248e-08	0	0	0	0	0	0	0	0	
0.415	0.851731	0.0209761	2.11818	1.17408	6.21729	2.48691	8.32558e-08	0	0	0	0	0	0	0	0	
0.416	0.853479	0.0240732	2.12414	1.17167	6.22201	2.4888	8.34817e-08	0	0	0	0	0	0	0	0	
0.417	0.85521	0.0271292	2.13005	1.1693	6.2267	2.49068	8.36992e-08	0	0	0	0	0	0	0	0	
0.418	0.856925	0.0301504	2.13593	1.16696	6.23138	2.49255	8.39053e-08	0	0	0	0	0	0	0	0	
0.419	0.858627	0.0331419	2.14178	1.16465	6.23606	2.49443	8.40979e-08	0	0	0	0	0	0	0	0	
0.42	0.860316	0.0361083	2.14761	1.16236	6.24077	2.49631	8.42751e-08	0	0	0	0	0	0	0	0	
0.421	0.861994	0.0390533	2.15343	1.1601	6.2455	2.4982	8.44358e-08	0	0	0	0	0	0	0	0	
0.422	0.863661	0.0419806	2.15925	1.15786	6.25027	2.50011	8.45796e-08	0	0	0	0	0	0	0	0	
0.423	0.865319	0.0448933	2.16506	1.15564	6.25508	2.50203	8.47065e-08	0	0	0	0	0	0	0	0	
0.424	0.866968	0.0477944	2.17087	1.15345	6.25994	2.50397	8.48173e-08	0	0	0	0	0	0	0	0	
0.425	0.86861	0.0506866	2.17668	1.15126	6.26483	2.50593	8.4913e-08	0	0	0	0	0	0	0	0	
0.426	0.870245	0.0535725	2.18249	1.1491	6.26976	2.5079	8.49954e-08	0	0	0	0	0	0	0	0	
0.427	0.871876	0.0564543	2.18831	1.14695	6.27473	2.50989	8.50662e-08	0	0	0	0	0	0	0	0	
0.428	0.873502	0.0593341	2.19414	1.14482	6.27972	2.51189	8.51273e-08	0	0	0	0	0	0	0	0	
0.429	0.875127	0.0622136	2.19997	1.14269	6.28473	2.51389	8.51805e-08	0	0	0	0	0	0	0	0	
0.43	0.876751	0.0650947	2.20582	1.14057	6.28974	2.5159	8.52275e-08	0	0	0	0	0	0	0	0	
0.431	0.878376	0.0679786	2.21167	1.13846	6.29476	2.5179	8.52696e-08	0	0	0	0	0	0	0	0	
0.432	0.880003	0.0708665	2.21753	1.13636	6.29977	2.51991	8.53077e-08	0	0	0	0	0	0	0	0	
0.433	0.881635	0.0737595	2.2234	1.13426	6.30476	2.5219	8.53426e-08	0	0	0	0	0	0	0	0	
0.434	0.883272	0.0766584	2.22928	1.13215	6.30972	2.52389	8.53747e-08	0	0	0	0	0	0	0	0	
0.435	0.884916	0.0795639	2.23517	1.13005	6.31465	2.52586	8.54042e-08	0	0	0	0	0	0	0	0	
0.436	0.886569	0.0824765	2.24108	1.12794	6.31953	2.52781	8.54314e-08	0	0	0	0	0	0	0	0	
0.437	0.88823	0.0853967	2.247	1.12583	6.32437	2.52975	8.54561e-08	0	0	0	0	0	0	0	0	
0.438	0.889902	0.0883249	2.25293	1.12372	6.32917	2.53167	8.54785e-08	0	0	0	0	0	0	0	0	
0.439	0.891583	0.0912614	2.25888	1.1216	6.33391	2.53356	8.54986e-08	0	0	0	0	0	0	0	0	
0.44	0.893274	0.0942064	2.26485	1.11948	6.33861	2.53544	8.55164e-08	0	0	0	0	0	0	0	0	
0.441	0.894975	0.0971602	2.27083	1.11735	6.34327	2.53731	8.55316e-08	0	0	0	0	0	0	0	0	
0.442	0.896685	0.100123	2.27682	1.11522	6.34789	2.53915	8.55442e-08	0	0	0	0	0	0	0	0	
0.443	0.898403	0.103095	2.28283	1.11309	6.35247	2.54099	8.55536e-08	0	0	0	0	0	0	0	0	
0.444	0.900129	0.106077	2.28886	1.11095	6.35704	2.54282	8.55593e-08	0	0	0	0	0	0	0	0	
0.445	0.90186	0.109068	2.29491	1.10882	6.3616	2.54464	8.55606e-08	0	0	0	0	0	0	0	0	
0.446	0.903596	0.112068	2.30097	1.10669	6.36615	2.54646	8.55566e-08	0	0	0	0	0	0	0	0	
0.447	0.905335	0.115079	2.30705	1.10456	6.37071	2.54829	8.55462e-08	0	0	0	0	0	0	0	0	
0.448	0.907077	0.118099	2.31315	1.10244	6.37529	2.55012	8.55286e-08	0	0	0	0	0	0	0	0	
0.449	0.908819	0.121129	2.31927	1.10033	6.3799	2.55196	8.55025e-08	0	0	0	0	0	0	0	0	
0.45	0.910562	0.124168	2.32541	1.09822	6.38453	2.55381	8.54671e-08	0	0	0	0	0	0	0	0	
0.451	0.912306	0.127215	2.33156	1.09612	6.38921	2.55568	8.54216e-08	0	0	0	0	0	0	0	0	
0.452	0.914048	0.130271	2.33775	1.09403	6.39393	2.55757	8.53655e-08	0	0	0	0	0	0	0	0	
0.453	0.915791	0.133334	2.34395	1.09195	6.39871	2.55948	8.52984e-08	0	0	0	0	0	0	0	0	
0.454	0.917533	0.136403	2.35018	1.08988	6.40354	2.56142	8.52202e-08	0	0	0	0	0	0	0	0	
0.455	0.919277	0.139477	2.35645	1.08781	6.40842	2.56337	8.51313e-08	0	0	0	0	0	0	0	0	
0.456	0.921023	0.142555	2.36274	1.08575	6.41336	2.56534	8.50321e-08	0	0	0	0	0	0	0	0	
0.457	0.922771	0.145635	2.36907	1.08369	6.41835	2.56734	8.49238e-08	0	0	0	0	0	0	0	0	
0.458	0.924525	0.148717	2.37544	1.08164	6.42339	2.56936	8.48076e-08	0	0	0	0	0	0	0	0	
0.459	0.926285	0.151799	2.38184	1.07958	6.42848	2.57139	8.46854e-08	0	0	0	0	0	0	0	0	
0.46	0.928054	0.154879	2.3883	1.07752	6.43362	2.57345	8.45591e-08	0	0	0	0	0	0	0	0	
0.461	0.929832	0.157957	2.3948	1.07546	6.43879	2.57551	8.44311e-08	0	0	0	0	0	0	0	0	
0.462	0.931622	0.161031	2.40134	1.0734	6.44399	2.57759	8.43038e-08	0	0	0	0	0	0	0	0	
0.463	0.933424	0.164103	2.40794	1.07132	6.44921	2.57968	8.41797e-08	0	0	0	0	0	0	0	0	
0.464	0.93524	0.167171	2.41459	1.06924	6.45445	2.58178	8.40607e-08	0	0	0	0	0	0	0	0	
0.465	0.937071	0.170235	2.42128	1.06715	6.4597	2.58388	8.39485e-08	0	0	0	0	0	0	0	0	
0.466	0.938918	0.173297	2.42803	1.06506	6.46496	2.58598	8.38443e-08	0	0	0	0	0	0	0	0	
0.467	0.94078	0.176357	2.43482	1.06295	6.47021	2.58808	8.37481e-08	0	0	0	0	0	0	0	0	
0.468	0.942656	0.179417	2.44165	1.06083	6.47546	2.59018	8.36595e-08	0	0	0	0	0	0	0	0	
0.469	0.944548	0.182478	2.44853	1.05871	6.4807	2.59228	8.35774e-08	0	0	0	0	0	0	0	0	
0.47	0.946453	0.185542	2.45545	1.05658	6.48592	2.59437	8.34998e-08	0	0	0	0	0	0	0	0	
0.471	0.94837	0.18861	2.4624	1.05444	6.49113	2.59645	8.34246e-08	0	0	0	0	0	0	0	0	
0.472	0.950298	0.191685	2.46938	1.0523	6.49633	2.59853	8.33498e-08	0	0	0	0	0	0	0	0	
0.473	0.952236	0.194768	2.47639	1.05016	6.50151	2.60061	8.32731e-08	0	0	0	0	0	0	0	0	
0.474	0.954182	0.19786	2.48343	1.04802	6.50669	2.60268	8.31933e-08	0	0	0	0	0	0	0	0	
0.475	0.956134	0.200963	2.49048	1.04588	6.51186	2.60474	8.31092e-08	0	0	0	0	0	0	0	0	
0.476	0.95809	0.204078	2.49756	1.04374	6.51703	2.60681	8.3021e-08	0	0	0	0	0	0	0	0	
0.477	0.96005	0.207206	2.50465	1.04161	6.52219	2.60888	8.29292e-08	0	0	0	0	0	0	0	0	
0.478	0.962012	0.210346	2.51176	1.03949	6.52737	2.61095	8.28352e-08	0	0	0	0	0	0	0	0	
0.479	0.963976	0.2135	2.51889	1.03737	6.53256	2.61302	8.2741e-08	0	0	0	0	0	0	0	0	
0.48	0.965941	0.216668	2.52604	1.03526	6.53776	2.61511	8.26488e-08	0	0	0	0	0	0	0	0	
0.481	0.967905	0.219849	2.5332	1.03316	6.54299	2.6172	8.25611e-08	0	0	0	0	0	0	0	0	
0.482	0.96987	0.223043	2.54037	1.03107	6.54824	2.61929	8.248e-08	0	0	0	0	0	0	0	0	
0.483	0.971834	0.226249	2.54757	1.02898	6.55351	2.6214	8.24076e-08	0	0	0	0	0	0	0	0	
0.484	0.973799	0.229468	2.55478	1.02691	6.55881	2.62352	8.23453e-08	0	0	0	0	0	0	0	0	
0.485	0.975764	0.232698	2.56202	1.02484	6.56413	2.62565	8.22942e-08	0	0	0	0	0	0	0	0	
0.486	0.97773	0.23594	2.56927	1.02278	6.56949	2.62779	8.22548e-08	0	0	0	0	0	0	0	0	
0.487	0.979697	0.239193	2.57655	1.02072	6.57486	2.62994	8.22271e-08	0	0	0	0	0	0	0	0	
0.488	0.981665	0.242457	2.58384	1.01868	6.58026	2.6321	8.2211e-08	0	0	0	0	0	0	0	0	
0.489	0.983635	0.245732	2.59116	1.01664	6.58567	2.63427	8.22061e-08	0	0	0	0	0	0	0	0	
0.49	0.985608	0.249018	2.5985	1.0146	6.59111	2.63644	8.22119e-08	0	0	0	0	0	0	0	0	
0.491	0.987584	0.252315	2.60586	1.01257	6.59655	2.63862	8.22282e-08	0	0	0	0	0	0	0	0	
0.492	0.989563	0.255623	2.61324	1.01055	6.602	2.6408	8.22548e-08	0	0	0	0	0	0	0	0	
0.493	0.991546	0.258943	2.62064	1.00853	6.60745	2.64298	8.22914e-08	0	0	0	0	0	0	0	0	
0.494	0.993533	0.262274	2.62806	1.00651	6.61291	2.64516	8.23379e-08	0	0	0	0	0	0	0	0	
0.495	0.995525	0.265616	2.6355	1.0045	6.61836	2.64734	8.23943e-08	0	0	0	0	0	0	0	0	
0.496	0.997522	0.268968	2.64296	1.00248	6.62381	2.64952	8.246e-08	0	0	0	0	0	0	0	0	
0.497	0.999526	0.272329	2.65045	1.00047	6.62926	2.6517	8.25346e-08	0	0	0	0	0	0	0	0	
0.498	1.00154	0.275699	2.65796	0.998464	6.6347	2.65388	8.26171e-08	0	0	0	0	0	0	0	0	
0.499	1.00356	0.279075	2.66551	0.996454	6.64015	2.65606	8.27061e-08	0	0	0	0	0	0	0	0	
0.5	1.00559	0.282455	2.67309	0.994443	6.64559	2.65824	8.28004e-08	0	0	0	0	0	0	0	0	
0.501	1.00763	0.285837	2.68072	0.992428	6.65104	2.66042	8.28984e-08	0	0	0	0	0	0	0	0	
0.502	1.00968	0.289218	2.68839	0.990408	6.6565	2.6626	8.29985e-08	0	0	0	0	0	0	0	0	
0.503	1.01175	0.292597	2.69611	0.988383	6.66198	2.66479	8.30997e-08	0	0	0	0	0	0	0	0	
0.504	1.01384	0.29597	2.7039	0.986351	6.66747	2.66699	8.32012e-08	0	0	0	0	0	0	0	0	
0.505	1.01594	0.299337	2.71174	0.984311	6.67299	2.6692	8.33025e-08	0	0	0	0	0	0	0	0	
0.506	1.01806	0.302694	2.71966	0.982263	6.67854	2.67142	8.34039e-08	0	0	0	0	0	0	0	0	
0.507	1.02019	0.306042	2.72764	0.980206	6.68412	2.67365	8.35057e-08	0	0	0	0	0	0	0	0	
0.508	1.02235	0.309381	2.73569	0.978142	6.68974	2.67589	8.36088e-08	0	0	0	0	0	0	0	0	
0.509	1.02452	0.312712	2.74381	0.97607	6.69538	2.67815	8.37136e-08	0	0	0	0	0	0	0	0	
0.51	1.0267	0.316035	2.752	0.973993	6.70107	2.68043	8.38208e-08	0	0	0	0	0	0	0	0	
0.511	1.0289	0.319352	2.76024	0.971912	6.70678	2.68271	8.39306e-08	0	0	0	0	0	0	0	0	
0.512	1.03111	0.322668	2.76854	0.969828	6.71253	2.68501	8.40425e-08	0	0	0	0	0	0	0	0	
0.513	1.03333	0.325984	2.77689	0.967745	6.71831	2.68732	8.41558e-08	0	0	0	0	0	0	0	0	
0.514	1.03556	0.329305	2.78528	0.965664	6.72411	2.68964	8.42693e-08	0	0	0	0	0	0	0	0	
0.515	1.03779	0.332632	2.7937	0.963587	6.72993	2.69197	8.43816e-08	0	0	0	0	0	0	0	0	
0.516	1.04002	0.33597	2.80214	0.961516	6.73576	2.6943	8.44908e-08	0	0	0	0	0	0	0	0	
0.517	1.04226	0.33932	2.8106	0.959452	6.7416	2.69664	8.45955e-08	0	0	0	0	0	0	0	0	
0.518	1.0445	0.342685	2.81908	0.957396	6.74745	2.69898	8.4694e-08	0	0	0	0	0	0	0	0	
0.519	1.04674	0.346066	2.82757	0.955349	6.75328	2.70131	8.47851e-08	0	0	0	0	0	0	0	0	
0.52	1.04898	0.349464	2.83606	0.95331	6.75912	2.70365	8.48676e-08	0	0	0	0	0	0	0	0	
0.521	1.05122	0.352879	2.84456	0.951279	6.76493	2.70597	8.49409e-08	0	0	0	0	0	0	0	0	
0.522	1.05346	0.356311	2.85307	0.949256	6.77073	2.70829	8.50042e-08	0	0	0	0	0	0	0	0	
0.523	1.0557	0.359759	2.86159	0.947239	6.77651	2.71061	8.50571e-08	0	0	0	0	0	0	0	0	
0.524	1.05795	0.363224	2.87011	0.945227	6.78227	2.71291	8.50992e-08	0	0	0	0	0	0	0	0	
0.525	1.0602	0.366702	2.87865	0.94322	6.78801	2.7152	8.51299e-08	0	0	0	0	0	0	0	0	
0.526	1.06245	0.370194	2.88721	0.941217	6.79372	2.71749	8.51487e-08	0	0	0	0	0	0	0	0	
0.527	1.06472	0.373699	2.89578	0.939217	6.79941	2.71976	8.5155e-08	0	0	0	0	0	0	0	0	
0.528	1.06699	0.377214	2.90437	0.93722	6.80509	2.72204	8.51478e-08	0	0	0	0	0	0	0	0	
0.529	1.06926	0.38074	2.91299	0.935226	6.81075	2.7243	8.51261e-08	0	0	0	0	0	0	0	0	
0.53	1.07154	0.384275	2.92162	0.933236	6.81641	2.72656	8.50886e-08	0	0	0	0	0	0	0	0	
0.531	1.07383	0.387819	2.93029	0.931249	6.82207	2.72883	8.50338e-08	0	0	0	0	0	0	0	0	
0.532	1.07612	0.391373	2.93898	0.929267	6.82774	2.7311	8.49606e-08	0	0	0	0	0	0	0	0	
0.533	1.07841	0.394935	2.94769	0.927291	6.83343	2.73337	8.48679e-08	0	0	0	0	0	0	0	0	
0.534	1.08071	0.398506	2.95644	0.925322	6.83913	2.73565	8.47553e-08	0	0	0	0	0	0	0	0	
0.535	1.083	0.402086	2.9652	0.92336	6.84487	2.73795	8.46231e-08	0	0	0	0	0	0	0	0	
0.536	1.0853	0.405676	2.97399	0.921408	6.85064	2.74026	8.44728e-08	0	0	0	0	0	0	0	0	
0.537	1.08759	0.409275	2.9828	0.919464	6.85646	2.74258	8.43067e-08	0	0	0	0	0	0	0	0	
0.538	1.08988	0.412883	2.99164	0.917531	6.86231	2.74493	8.41282e-08	0	0	0	0	0	0	0	0	
0.539	1.09217	0.4165	3.00051	0.915607	6.86821	2.74729	8.39417e-08	0	0	0	0	0	0	0	0	
0.54	1.09446	0.420124	3.0094	0.913693	6.87416	2.74966	8.37517e-08	0	0	0	0	0	0	0	0	
0.541	1.09675	0.423754	3.01832	0.911785	6.88016	2.75206	8.35626e-08	0	0	0	0	0	0	0	0	
0.542	1.09904	0.427386	3.02729	0.909883	6.8862	2.75448	8.33786e-08	0	0	0	0	0	0	0	0	
0.543	1.10134	0.431019	3.0363	0.907984	6.89228	2.75691	8.32028e-08	0	0	0	0	0	0	0	0	
0.544	1.10365	0.434649	3.04537	0.906084	6.8984	2.75936	8.30373e-08	0	0	0	0	0	0	0	0	
0.545	1.10597	0.438271	3.05451	0.904181	6.90456	2.76182	8.28832e-08	0	0	0	0	0	0	0	0	
0.546	1.10832	0.441881	3.06372	0.902269	6.91075	2.7643	8.27408e-08	0	0	0	0	0	0	0	0	
0.547	1.11068	0.445477	3.07302	0.900347	6.91696	2.76678	8.26096e-08	0	0	0	0	0	0	0	0	
0.548	1.11308	0.449055	3.08241	0.898411	6.92319	2.76928	8.24886e-08	0	0	0	0	0	0	0	0	
0.549	1.1155	0.452615	3.09191	0.89646	6.92943	2.77177	8.23771e-08	0	0	0	0	0	0	0	0	
0.55	1.11795	0.456155	3.1015	0.894491	6.93567	2.77427	8.22741e-08	0	0	0	0	0	0	0	0	
0.551	1.12044	0.459677	3.11119	0.892507	6.9419	2.77676	8.21786e-08	0	0	0	0	0	0	0	0	
0.552	1.12296	0.463184	3.12098	0.890507	6.94813	2.77925	8.20899e-08	0	0	0	0	0	0	0	0	
0.553	1.1255	0.46668	3.13084	0.888494	6.95434	2.78173	8.20072e-08	0	0	0	0	0	0	0	0	
0.554	1.12807	0.47017	3.14077	0.886473	6.96053	2.78421	8.193e-08	0	0	0	0	0	0	0	0	
0.555	1.13065	0.473659	3.15076	0.884447	6.96671	2.78668	8.18578e-08	0	0	0	0	0	0	0	0	
0.556	1.13325	0.477152	3.16079	0.882421	6.97287	2.78915	8.17907e-08	0	0	0	0	0	0	0	0	
0.557	1.13585	0.480656	3.17085	0.880399	6.97903	2.79161	8.17296e-08	0	0	0	0	0	0	0	0	
0.558	1.13845	0.484174	3.18092	0.878385	6.98518	2.79407	8.16761e-08	0	0	0	0	0	0	0	0	
0.559	1.14105	0.48771	3.19099	0.876384	6.99134	2.79653	8.16327e-08	0	0	0	0	0	0	0	0	
0.56	1.14365	0.491266	3.20107	0.874397	6.99752	2.79901	8.16027e-08	0	0	0	0	0	0	0	0	
0.561	1.14623	0.494843	3.21114	0.872427	7.00372	2.80149	8.15895e-08	0	0	0	0	0	0	0	0	
0.562	1.1488	0.498441	3.22121	0.870476	7.00997	2.80399	8.1596e-08	0	0	0	0	0	0	0	0	
0.563	1.15135	0.502059	3.23128	0.868544	7.01627	2.80651	8.16242e-08	0	0	0	0	0	0	0	0	
0.564	1.15389	0.505695	3.24135	0.86663	7.02263	2.80905	8.16744e-08	0	0	0	0	0	0	0	0	
0.565	1.15642	0.509347	3.25143	0.864734	7.02905	2.81162	8.17449e-08	0	0	0	0	0	0	0	0	
0.566	1.15894	0.513014	3.26152	0.862854	7.03554	2.81422	8.18322e-08	0	0	0	0	0	0	0	0	
0.567	1.16146	0.516693	3.27163	0.860988	7.04209	2.81683	8.1931e-08	0	0	0	0	0	0	0	0	
0.568	1.16396	0.520381	3.28177	0.859133	7.04869	2.81947	8.20353e-08	0	0	0	0	0	0	0	0	
0.569	1.16647	0.524077	3.29193	0.857286	7.05532	2.82213	8.21385e-08	0	0	0	0	0	0	0	0	
0.57	1.16898	0.52778	3.30214	0.855444	7.06198	2.82479	8.22352e-08	0	0	0	0	0	0	0	0	
0.571	1.1715	0.531488	3.31237	0.853605	7.06864	2.82746	8.23209e-08	0	0	0	0	0	0	0	0	
0.572	1.17403	0.535202	3.32265	0.851765	7.07528	2.83011	8.23931e-08	0	0	0	0	0	0	0	0	
0.573	1.17658	0.538922	3.33296	0.849921	7.08188	2.83275	8.24511e-08	0	0	0	0	0	0	0	0	
0.574	1.17915	0.542648	3.34331	0.848072	7.08842	2.83537	8.2496e-08	0	0	0	0	0	0	0	0	
0.575	1.18173	0.546382	3.35369	0.846217	7.09487	2.83795	8.25303e-08	0	0	0	0	0	0	0	0	
0.576	1.18434	0.550126	3.36409	0.844355	7.10122	2.84049	8.25568e-08	0	0	0	0	0	0	0	0	
0.577	1.18696	0.553882	3.37452	0.842488	7.10748	2.84299	8.25782e-08	0	0	0	0	0	0	0	0	
0.578	1.1896	0.557654	3.38495	0.840618	7.11363	2.84545	8.25962e-08	0	0	0	0	0	0	0	0	
0.579	1.19225	0.561445	3.39539	0.838748	7.11969	2.84787	8.2611e-08	0	0	0	0	0	0	0	0	
0.58	1.19491	0.565256	3.40582	0.83688	7.12566	2.85026	8.26211e-08	0	0	0	0	0	0	0	0	
0.581	1.19758	0.569088	3.41625	0.835018	7.13158	2.85263	8.2624e-08	0	0	0	0	0	0	0	0	
0.582	1.20024	0.572941	3.42668	0.833164	7.13746	2.85498	8.26166e-08	0	0	0	0	0	0	0	0	
0.583	1.20291	0.576812	3.43711	0.83132	7.14334	2.85734	8.25966e-08	0	0	0	0	0	0	0	0	
0.584	1.20557	0.580693	3.44756	0.829486	7.14926	2.8597	8.25638e-08	0	0	0	0	0	0	0	0	
0.585	1.20822	0.584578	3.45806	0.827661	7.15525	2.8621	8.25213e-08	0	0	0	0	0	0	0	0	
0.586	1.21089	0.588455	3.46863	0.825842	7.16136	2.86454	8.24757e-08	0	0	0	0	0	0	0	0	
0.587	1.21356	0.592314	3.47932	0.824025	7.16762	2.86705	8.24371e-08	0	0	0	0	0	0	0	0	
0.588	1.21624	0.596142	3.49015	0.822206	7.17405	2.86962	8.24181e-08	0	0	0	0	0	0	0	0	
0.589	1.21895	0.599932	3.50115	0.820381	7.18068	2.87227	8.24317e-08	0	0	0	0	0	0	0	0	
0.59	1.22168	0.603678	3.51233	0.818546	7.18752	2.87501	8.24894e-08	0	0	0	0	0	0	0	0	
0.591	1.22444	0.607377	3.52371	0.816701	7.19455	2.87782	8.25983e-08	0	0	0	0	0	0	0	0	
0.592	1.22723	0.611036	3.53527	0.814845	7.20175	2.8807	8.27597e-08	0	0	0	0	0	0	0	0	
0.593	1.23004	0.614661	3.54699	0.81298	7.20909	2.88363	8.29679e-08	0	0	0	0	0	0	0	0	
0.594	1.23288	0.618267	3.55884	0.811108	7.2165	2.8866	8.32106e-08	0	0	0	0	0	0	0	0	
0.595	1.23574	0.621866	3.57076	0.809234	7.22395	2.88958	8.34701e-08	0	0	0	0	0	0	0	0	
0.596	1.23861	0.625475	3.58272	0.807358	7.23136	2.89254	8.37258e-08	0	0	0	0	0	0	0	0	
0.597	1.24149	0.629106	3.59469	0.805486	7.23868	2.89547	8.39572e-08	0	0	0	0	0	0	0	0	
0.598	1.24437	0.632768	3.60663	0.803618	7.24588	2.89835	8.41468e-08	0	0	0	0	0	0	0	0	
0.599	1.24726	0.636469	3.61852	0.801755	7.25291	2.90116	8.42822e-08	0	0	0	0	0	0	0	0	
0.6	1.25016	0.640211	3.63035	0.799898	7.25978	2.90391	8.43579e-08	0	0	0	0	0	0	0	0	
0.601	1.25306	0.643992	3.64214	0.798045	7.26648	2.90659	8.43748e-08	0	0	0	0	0	0	0	0	
0.602	1.25597	0.647809	3.65388	0.796198	7.27304	2.90922	8.43398e-08	0	0	0	0	0	0	0	0	
0.603	1.25888	0.651656	3.66561	0.794357	7.2795	2.9118	8.42634e-08	0	0	0	0	0	0	0	0	
0.604	1.2618	0.655527	3.67732	0.792521	7.28589	2.91436	8.41576e-08	0	0	0	0	0	0	0	0	
0.605	1.26471	0.659416	3.68905	0.790694	7.29228	2.91691	8.4034e-08	0	0	0	0	0	0	0	0	
0.606	1.26763	0.663319	3.70081	0.788876	7.2987	2.91948	8.39015e-08	0	0	0	0	0	0	0	0	
0.607	1.27053	0.667232	3.71261	0.787071	7.30522	2.92209	8.3766e-08	0	0	0	0	0	0	0	0	
0.608	1.27343	0.671151	3.72445	0.785281	7.31185	2.92474	8.36301e-08	0	0	0	0	0	0	0	0	
0.609	1.27631	0.675075	3.73635	0.783507	7.31865	2.92746	8.34944e-08	0	0	0	0	0	0	0	0	
0.61	1.27918	0.679004	3.74831	0.781752	7.32563	2.93025	8.33595e-08	0	0	0	0	0	0	0	0	
0.611	1.28202	0.682938	3.76032	0.780016	7.33279	2.93311	8.32269e-08	0	0	0	0	0	0	0	0	
0.612	1.28485	0.686876	3.7724	0.778299	7.34013	2.93605	8.31012e-08	0	0	0	0	0	0	0	0	
0.613	1.28766	0.69082	3.78452	0.7766	7.34765	2.93906	8.29886e-08	0	0	0	0	0	0	0	0	
0.614	1.29046	0.694771	3.7967	0.774915	7.35531	2.94212	8.28961e-08	0	0	0	0	0	0	0	0	
0.615	1.29325	0.69873	3.80893	0.773243	7.36308	2.94523	8.28283e-08	0	0	0	0	0	0	0	0	
0.616	1.29604	0.702699	3.82121	0.771579	7.3709	2.94836	8.2785e-08	0	0	0	0	0	0	0	0	
0.617	1.29884	0.706681	3.83351	0.769919	7.37873	2.95149	8.27589e-08	0	0	0	0	0	0	0	0	
0.618	1.30165	0.710682	3.84584	0.768258	7.38649	2.9546	8.27369e-08	0	0	0	0	0	0	0	0	
0.619	1.30447	0.714708	3.85817	0.766593	7.39411	2.95765	8.27023e-08	0	0	0	0	0	0	0	0	
0.62	1.30732	0.718765	3.87048	0.764922	7.40154	2.96062	8.26401e-08	0	0	0	0	0	0	0	0	
0.621	1.3102	0.72286	3.88275	0.763244	7.40871	2.96348	8.25416e-08	0	0	0	0	0	0	0	0	
0.622	1.3131	0.726997	3.89497	0.761556	7.4156	2.96624	8.2408e-08	0	0	0	0	0	0	0	0	
0.623	1.31603	0.731176	3.90714	0.75986	7.4222	2.96888	8.22515e-08	0	0	0	0	0	0	0	0	
0.624	1.319	0.735389	3.91929	0.758152	7.42854	2.97142	8.20932e-08	0	0	0	0	0	0	0	0	
0.625	1.322	0.739622	3.93146	0.756432	7.4347	2.97388	8.19589e-08	0	0	0	0	0	0	0	0	
0.626	1.32504	0.743851	3.94373	0.754693	7.44077	2.97631	8.18738e-08	0	0	0	0	0	0	0	0	
0.627	1.32814	0.748049	3.95619	0.752931	7.44685	2.97874	8.18582e-08	0	0	0	0	0	0	0	0	
0.628	1.33131	0.752188	3.96894	0.75114	7.45307	2.98123	8.19238e-08	0	0	0	0	0	0	0	0	
0.629	1.33455	0.756245	3.98204	0.749317	7.45953	2.98381	8.2072e-08	0	0	0	0	0	0	0	0	
0.63	1.33786	0.760211	3.99554	0.747464	7.46631	2.98652	8.22938e-08	0	0	0	0	0	0	0	0	
0.631	1.34123	0.76409	4.00943	0.745586	7.47344	2.98938	8.25727e-08	0	0	0	0	0	0	0	0	
0.632	1.34464	0.7679	4.02366	0.743694	7.48092	2.99237	8.28886e-08	0	0	0	0	0	0	0	0	
0.633	1.34807	0.771672	4.03812	0.741803	7.48872	2.99549	8.32225e-08	0	0	0	0	0	0	0	0	
0.634	1.35148	0.775441	4.05271	0.739928	7.49679	2.99871	8.35607e-08	0	0	0	0	0	0	0	0	
0.635	1.35486	0.77924	4.06732	0.738083	7.50505	3.00202	8.38944e-08	0	0	0	0	0	0	0	0	
0.636	1.35819	0.783095	4.08187	0.736274	7.51344	3.00538	8.42156e-08	0	0	0	0	0	0	0	0	
0.637	1.36146	0.787021	4.09631	0.734505	7.5219	3.00876	8.45091e-08	0	0	0	0	0	0	0	0	
0.638	1.36468	0.791023	4.11062	0.732772	7.53037	3.01215	8.47466e-08	0	0	0	0	0	0	0	0	
0.639	1.36787	0.795097	4.12482	0.731064	7.53878	3.01551	8.48853e-08	0	0	0	0	0	0	0	0	
0.64	1.37105	0.799233	4.13894	0.72937	7.54706	3.01882	8.48758e-08	0	0	0	0	0	0	0	0	
0.641	1.37424	0.803423	4.15302	0.727676	7.55513	3.02205	8.46772e-08	0	0	0	0	0	0	0	0	
0.642	1.37747	0.807654	4.16709	0.725969	7.56295	3.02518	8.42745e-08	0	0	0	0	0	0	0	0	
0.643	1.38076	0.81192	4.18119	0.724239	7.57045	3.02818	8.36911e-08	0	0	0	0	0	0	0	0	
0.644	1.38412	0.816214	4.19534	0.722481	7.57763	3.03105	8.29889e-08	0	0	0	0	0	0	0	0	
0.645	1.38755	0.820531	4.20956	0.720694	7.5845	3.0338	8.22538e-08	0	0	0	0	0	0	0	0	
0.646	1.39105	0.824869	4.22386	0.718882	7.59115	3.03646	8.15719e-08	0	0	0	0	0	0	0	0	
0.647	1.3946	0.829223	4.23827	0.717052	7.59766	3.03906	8.10073e-08	0	0	0	0	0	0	0	0	
0.648	1.39818	0.833593	4.2528	0.715215	7.60416	3.04166	8.05917e-08	0	0	0	0	0	0	0	0	
0.649	1.40178	0.837976	4.26745	0.713379	7.61078	3.04431	8.03293e-08	0	0	0	0	0	0	0	0	
0.65	1.40538	0.842369	4.28225	0.711553	7.61763	3.04705	8.02069e-08	0	0	0	0	0	0	0	0	
0.651	1.40896	0.846772	4.29721	0.709744	7.62481	3.04992	8.02001e-08	0	0	0	0	0	0	0	0	
0.652	1.41252	0.851182	4.31234	0.707956	7.63236	3.05295	8.0272e-08	0	0	0	0	0	0	0	0	
0.653	1.41605	0.855602	4.32763	0.70619	7.64033	3.05613	8.03725e-08	0	0	0	0	0	0	0	0	
0.654	1.41956	0.860031	4.34311	0.704445	7.6487	3.05948	8.04497e-08	0	0	0	0	0	0	0	0	
0.655	1.42304	0.864472	4.35876	0.702719	7.65746	3.06299	8.04716e-08	0	0	0	0	0	0	0	0	
0.656	1.42651	0.868932	4.37459	0.701011	7.66658	3.06663	8.04444e-08	0	0	0	0	0	0	0	0	
0.657	1.42996	0.873416	4.39057	0.699319	7.67601	3.07041	8.04122e-08	0	0	0	0	0	0	0	0	
0.658	1.4334	0.877937	4.40667	0.697641	7.6857	3.07428	8.0437e-08	0	0	0	0	0	0	0	0	
0.659	1.43683	0.882512	4.42285	0.695979	7.69553	3.07821	8.05717e-08	0	0	0	0	0	0	0	0	
0.66	1.44024	0.887169	4.43903	0.694329	7.70536	3.08214	8.08417e-08	0	0	0	0	0	0	0	0	
0.661	1.44365	0.89194	4.45509	0.692689	7.71498	3.08599	8.12413e-08	0	0	0	0	0	0	0	0	
0.662	1.44706	0.896857	4.47094	0.691056	7.72418	3.08967	8.17373e-08	0	0	0	0	0	0	0	0	
0.663	1.4505	0.901937	4.48654	0.689417	7.73275	3.0931	8.22662e-08	0	0	0	0	0	0	0	0	
0.664	1.45401	0.907161	4.50198	0.687753	7.74061	3.09625	8.2728e-08	0	0	0	0	0	0	0	0	
0.665	1.45766	0.912461	4.5175	0.686032	7.74787	3.09915	8.29928e-08	0	0	0	0	0	0	0	0	
0.666	1.46153	0.917726	4.53354	0.684216	7.7548	3.10192	8.29146e-08	0	0	0	0	0	0	0	0	
0.667	1.4657	0.922828	4.5506	0.682268	7.76182	3.10473	8.23664e-08	0	0	0	0	0	0	0	0	
0.668	1.47021	0.927676	4.56904	0.680173	7.76934	3.10774	8.13909e-08	0	0	0	0	0	0	0	0	
0.669	1.47504	0.932264	4.58893	0.677949	7.77766	3.11107	8.03291e-08	0	0	0	0	0	0	0	0	
0.67	1.48005	0.936689	4.60998	0.675651	7.78685	3.11474	7.9601e-08	0	0	0	0	0	0	0	0	
0.671	1.48511	0.941121	4.63162	0.673352	7.79677	3.11871	7.94147e-08	0	0	0	0	0	0	0	0	
0.672	1.49005	0.945727	4.65327	0.671117	7.80722	3.12289	7.95673e-08	0	0	0	0	0	0	0	0	
0.673	1.49482	0.950616	4.67458	0.668978	7.81798	3.12719	7.94595e-08	0	0	0	0	0	0	0	0	
0.674	1.49941	0.955813	4.69552	0.66693	7.82896	3.13158	7.89306e-08	0	0	0	0	0	0	0	0	
0.675	1.50389	0.961284	4.71627	0.664943	7.84012	3.13605	7.81886e-08	0	0	0	0	0	0	0	0	
0.676	1.50834	0.966983	4.73707	0.662983	7.85148	3.14059	7.77058e-08	0	0	0	0	0	0	0	0	
0.677	1.51281	0.972867	4.75817	0.66102	7.86313	3.14525	7.94736e-08	0	0	0	0	0	0	0	0	
0.678	1.51737	0.9789	4.77983	0.659035	7.87519	3.15008	8.34387e-08	0	0	0	0	0	0	0	0	
0.679	1.52204	0.98506	4.80226	0.657013	7.88787	3.15515	8.43345e-08	0	0	0	0	0	0	0	0	
0.68	1.52684	0.991366	4.82554	0.654949	7.9012	3.16048	8.42246e-08	0	0	0	0	0	0	0	0	
0.681	1.53176	0.997898	4.84954	0.652844	7.915	3.166	8.19515e-08	0	0	0	0	0	0	0	0	
0.682	1.53682	1.00479	4.874	0.650693	7.9287	3.17148	8.8166e-08	0	0	0	0	0	0	0	0	
0.683	1.54202	1.01224	4.89838	0.6485	7.94149	3.1766	8.58827e-08	0	0	0	0	0	0	0	0	
0.684	1.54717	1.02067	4.92143	0.64634	7.95229	3.18092	1.0591e-07	0	0	0	0	0	0	0	0	
0.685	1.55171	1.03086	4.94046	0.644451	7.9597	3.18388	2.26664e-07	0	0	0	0	0	0	0	0	
0.686	1.55442	1.04424	4.95036	0.643327	7.96175	3.1847	4.90175e-07	0	0	0	0	0	0	0	0	
0.687	1.55321	1.06319	4.94245	0.643829	7.95523	3.18209	1.06403e-06	0	0	0	0	0	0	0	0	
0.688	1.54509	1.09112	4.90433	0.647211	7.93535	3.17414	2.33267e-06	0	0	0	0	0	0	0	0	
0.689	1.52705	1.13166	4.82366	0.654858	7.89702	3.15881	5.21077e-06	0	0	0	0	0	0	0	0	
0.69	1.49785	1.18668	4.69618	0.667624	7.83821	3.13528	1.18856e-05	0	0	0	0	0	0	0	0	
0.691	1.45953	1.2545	4.53243	0.685151	7.76351	3.1054	2.72999e-05	0	0	0	0	0	0	0	0	
0.692	1.41669	1.33022	4.35493	0.705869	7.68503	3.07401	6.04276e-05	0	0	0	0	0	0	0	0	
0.693	1.37255	1.40949	4.18294	0.728573	7.61894	3.04758	0.000118342	0	0	0	0	0	0	0	0	
0.694	1.32897	1.48828	4.03278	0.752463	7.58629	3.03452	0.000192148	0	0	0	0	0	0	0	0	
0.695	1.30863	1.53222	4.01853	0.764159	7.67699	3.0708	0.000237637	0	0	0	0	0	0	0	0	
0.696	1.29541	1.55355	4.10352	0.771957	7.91934	3.16774	0.000206414	0	0	0	0	0	0	0	0	
0.697	1.23183	1.62781	4.0472	0.811798	8.21377	3.28551	0.000127993	0	0	0	0	0	0	0	0	
0.698	1.19655	1.63819	4.23013	0.835735	8.83817	3.53527	4.95421e-05	0	0	0	0	0	0	0	0	
0.699	1.14702	1.64624	4.46209	0.871822	9.72536	3.89015	1.08486e-05	0	0	0	0	0	0	0	0	
0.7	1.05094	1.7412	4.45551	0.951529	10.5989	4.23955	1.85924e-06	0	0	0	0	0	0	0	0	
0.701	1.00501	1.77013	4.69673	0.995017	11.6833	4.67333	3.65477e-06	0	0	0	0	0	0	0	0	
0.702	0.994883	1.78604	5.03177	1.00514	12.6441	5.05765	7.08381e-05	0	0	0	0	0	0	0	0	
0.703	0.961123	1.9163	5.01266	1.04045	13.0385	5.21542	0.00256943	0	0	0	0	0	0	0	0	
0.704	0.880993	1.16263	3.90693	1.13508	11.0867	4.43469	0.191217	0	0	0	0	0	0	0	0	
0.705	0.259259	-1.35769	0.0967742	3.85715	0.933181	0.373272	1	0	0	0	0	0	0	0	0	
0.706	0.259259	-1.35769	0.0967742	3.85715	0.933181	0.373272	1	0	0	0	0	0	0	0	0	
0.707	0.259259	-1.35769	0.0967742	3.85715	0.933181	0.373272	1	0	0	0	0	0	0	0	0	
0.708	0.259259	-1.35769	0.0967742	3.85715	0.933181	0.373272	1	0	0	0	0	0	0	0	0	
0.709	0.259259	-1.35769	0.0967742	3.85715	0.933181	0.373272	1	0	0	0	0	0	0	0	0	
0.71	0.259259	-1.35769	0.0967742	3.85715	0.933181	0.373272	1	0	0	0	0	0	0	0	0	
0.711	0.259259	-1.35769	0.0967742	3.85715	0.933181	0.373272	1	0	0	0	0	0	0	0	0	
0.712	0.259259	-1.35769	0.0967742	3.85715	0.933181	0.373272	1	0	0	0	0	0	0	0	0	
0.713	0.259259	-1.35769	0.0967742	3.85715	0.933181	0.373272	1	0	0	0	0	0	0	0	0	
0.714	0.259259	-1.35769	0.0967742	3.85715	0.933181	0.373272	1	0	0	0	0	0	0	0	0	
0.715	0.259259	-1.35769	0.0967742	3.85715	0.933181	0.373272	1	0	0	0	0	0	0	0	0	
0.716	0.259259	-1.35769	0.0967742	3.85715	0.933181	0.373272	1	0	0	0	0	0	0	0	0	
0.717	0.259259	-1.35769	0.0967742	3.85715	0.933181	0.373272	1	0	0	0	0	0	0	0	0	
0.718	0.259259	-1.35769	0.0967742	3.85715	0.933181	0.373272	1	0	0	0	0	0	0	0	0	
0.719	0.259259	-1.35769	0.0967742	3.85715	0.933181	0.373272	1	0	0	0	0	0	0	0	0	
0.72	0.259259	-1.35769	0.0967742	3.85715	0.933181	0.373272	1	0	0	0	0	0	0	0	0	
0.721	0.259259	-1.35769	0.0967742	3.85715	0.933181	0.373272	1	0	0	0	0	0	0	0	0	
0.722	0.259259	-1.35769	0.0967742	3.85715	0.933181	0.373272	1	0	0	0	0	0	0	0	0	
0.723	0.259259	-1.35769	0.0967742	3.85715	0.933181	0.373272	1	0	0	0	0	0	0	0	0	
0.724	0.259259	-1.35769	0.0967742	3.85715	0.933181	0.373272	1	0	0	0	0	0	0	0	0	
0.725	0.259259	-1.35769	0.0967742	3.85715	0.933181	0.373272	1	0	0	0	0	0	0	0	0	
0.726	0.259259	-1.35769	0.0967742	3.85715	0.933181	0.373272	1	0	0	0	0	0	0	0	0	
0.727	0.259259	-1.35769	0.0967742	3.85715	0.933181	0.373272	1	0	0	0	0	0	0	0	0	
0.728	0.259259	-1.35769	0.0967742	3.85715	0.933181	0.373272	1	0	0	0	0	0	0	0	0	
0.729	0.259259	-1.35769	0.0967742	3.85715	0.933181	0.373272	1	0	0	0	0	0	0	0	0	
0.73	0.259259	-1.35769	0.0967742	3.85715	0.933181	0.373272	1	0	0	0	0	0	0	0	0	
0.731	0.259259	-1.35769	0.0967742	3.85715	0.933181	0.373272	1	0	0	0	0	0	0	0	0	
0.732	0.259259	-1.35769	0.0967742	3.85715	0.933181	0.373272	1	0	0	0	0	0	0	0	0	
0.733	0.259259	-1.35769	0.0967742	3.85715	0.933181	0.373272	1	0	0	0	0	0	0	0	0	
0.734	0.259259	-1.35769	0.0967742	3.85715	0.933181	0.373272	1	0	0	0	0	0	0	0	0	
0.735	0.259259	-1.35769	0.0967742	3.85715	0.933181	0.373272	1	0	0	0	0	0	0	0	0	
0.736	0.259259	-1.35769	0.0967742	3.85715	0.933181	0.373272	1	0	0	0	0	0	0	0	0	
0.737	0.259259	-1.35769	0.0967742	3.85715	0.933181	0.373272	1	0	0	0	0	0	0	0	0	
0.738	0.259259	-1.35769	0.0967742	3.85715	0.933181	0.373272	1	0	0	0	0	0	0	0	0	
0.739	0.259259	-1.35769	0.0967742	3.85715	0.933181	0.373272	1	0	0	0	0	0	0	0	0	
0.74	0.259259	-1.35769	0.0967742	3.85715	0.933181	0.373272	1	0	0	0	0	0	0	0	0	
0.741	0.259259	-1.35769	0.0967742	3.85715	0.933181	0.373272	1	0	0	0	0	0	0	0	0	
0.742	0.259259	-1.35769	0.0967742	3.85715	0.933181	0.373272	1	0	0	0	0	0	0	0	0	
0.743	0.259259	-1.35769	0.0967742	3.85715	0.933181	0.373272	1	0	0	0	0	0	0	0	0	
0.744	0.259259	-1.35769	0.0967742	3.85715	0.933181	0.373272	1	0	0	0	0	0	0	0	0	
0.745	0.259259	-1.35769	0.0967742	3.85715	0.933181	0.373272	1	0	0	0	0	0	0	0	0	
0.746	0.259259	-1.35769	0.0967742	3.85715	0.933181	0.373272	1	0	0	0	0	0	0	0	0	
0.747	0.259259	-1.35769	0.0967742	3.85715	0.933181	0.373272	1	0	0	0	0	0	0	0	0	
0.748	0.259259	-1.35769	0.0967742	3.85715	0.933181	0.373272	1	0	0	0	0	0	0	0	0	
0.749	0.259259	-1.35769	0.0967742	3.85715	0.933181	0.373272	1	0	0	0	0	0	0	0	0	
0.75	0.259259	-1.35769	0.0967742	3.85715	0.933181	0.373272	1	0	0	0	0	0	0	0	0	
0.751	0.259259	-1.35769	0.0967742	3.85715	0.933181	0.373272	1	0	0	0	0	0	0	0	0	
0.752	0.259259	-1.35769	0.0967742	3.85715	0.933181	0.373272	1	0	0	0	0	0	0	0	0	
0.753	0.259259	-1.35769	0.0967742	3.85715	0.933181	0.373272	1	0	0	0	0	0	0	0	0	
0.754	0.259259	-1.35769	0.0967742	3.85715	0.933181	0.373272	1	0	0	0	0	0	0	0	0	
0.755	0.259259	-1.35769	0.0967742	3.85715	0.933181	0.373272	1	0	0	0	0	0	0	0	0	
0.756	0.259259	-1.35769	0.0967742	3.85715	0.933181	0.373272	1	0	0	0	0	0	0	0	0	
0.757	0.259259	-1.35769	0.0967742	3.85715	0.933181	0.373272	1	0	0	0	0	0	0	0	0	
0.758	0.259259	-1.35769	0.0967742	3.85715	0.933181	0.373272	1	0	0	0	0	0	0	0	0	
0.759	0.259259	-1.35769	0.0967742	3.85715	0.933181	0.373272	1	0	0	0	0	0	0	0	0	
0.76	0.259259	-1.35769	0.0967742	3.85715	0.933181	0.373272	1	0	0	0	0	0	0	0	0	
0.761	0.259259	-1.35769	0.0967742	3.85715	0.933181	0.373272	1	0	0	0	0	0	0	0	0	
0.762	0.259259	-1.35769	0.0967742	3.85715	0.933181	0.373272	1	0	0	0	0	0	0	0	0	
0.763	0.259259	-1.35769	0.0967742	3.85715	0.933181	0.373272	1	0	0	0	0	0	0	0	0	
0.764	0.259259	-1.35769	0.0967742	3.85715	0.933181	0.373272	1	0	0	0	0	0	0	0	0	
0.765	0.259259	-1.35769	0.0967742	3.85715	0.933181	0.373272	1	0	0	0	0	0	0	0	0	
0.766	0.259259	-1.35769	0.0967742	3.85715	0.933181	0.373272	1	0	0	0	0	0	0	0	0	
0.767	0.259259	-1.35769	0.0967742	3.85715	0.933181	0.373272	1	0	0	0	0	0	0	0	0	
0.768	0.259259	-1.35769	0.0967742	3.85715	0.933181	0.373272	1	0	0	0	0	0	0	0	0	
0.769	0.259259	-1.35769	0.0967742	3.85715	0.933181	0.373272	1	0	0	0	0	0	0	0	0	
0.77	0.259259	-1.35769	0.0967742	3.85715	0.933181	0.373272	1	0	0	0	0	0	0	0	0	
0.771	0.259259	-1.35769	0.0967742	3.85715	0.933181	0.373272	1	0	0	0	0	0	0	0	0	
0.772	0.259259	-1.35769	0.0967742	3.85715	0.933181	0.373272	1	0	0	0	0	0	0	0	0	
0.773	0.259259	-1.35769	0.0967742	3.85715	0.933181	0.373272	1	0	0	0	0	0	0	0	0	
0.774	0.259259	-1.35769	0.0967742	3.85715	0.933181	0.373272	1	0	0	0	0	0	0	0	0	
0.775	0.259259	-1.35769	0.0967742	3.85715	0.933181	0.373272	1	0	0	0	0	0	0	0	0	
0.776	0.259259	-1.35769	0.0967742	3.85715	0.933181	0.373272	1	0	0	0	0	0	0	0	0	
0.777	0.259259	-1.35769	0.0967742	3.85715	0.933181	0.373272	1	0	0	0	0	0	0	0	0	
0.778	0.259259	-1.35769	0.0967742	3.85715	0.933181	0.373272	1	0	0	0	0	0	0	0	0	
0.779	0.259259	-1.35769	0.0967742	3.85715	0.933181	0.373272	1	0	0	0	0	0	0	0	0	
0.78	0.259259	-1.35769	0.0967742	3.85715	0.933181	0.373272	1	0	0	0	0	0	0	0	0	
0.781	0.259259	-1.35769	0.0967742	3.85715	0.933181	0.373272	1	0	0	0	0	0	0	0	0	
0.782	0.259259	-1.35769	0.0967742	3.85715	0.933181	0.373272	1	0	0	0	0	0	0	0	0	
0.783	0.259259	-1.35769	0.0967742	3.85715	0.933181	0.373272	1	0	0	0	0	0	0	0	0	
0.784	0.259259	-1.35769	0.0967742	3.85715	0.933181	0.373272	1	0	0	0	0	0	0	0	0	
0.785	0.259259	-1.35769	0.0967742	3.85715	0.933181	0.373272	1	0	0	0	0	0	0	0	0	
0.786	0.259259	-1.35769	0.0967742	3.85715	0.933181	0.373272	1	0	0	0	0	0	0	0	0	
0.787	0.259259	-1.35769	0.0967742	3.85715	0.933181	0.373272	1	0	0	0	0	0	0	0	0	
0.788	0.259259	-1.35769	0.0967742	3.85715	0.933181	0.373272	1	0	0	0	0	0	0	0	0	
0.789	0.259259	-1.35769	0.0967742	3.85715	0.933181	0.373272	1	0	0	0	0	0	0	0	0	
0.79	0.259259	-1.35769	0.0967742	3.85715	0.933181	0.373272	1	0	0	0	0	0	0	0	0	
0.791	0.259259	-1.35769	0.0967742	3.85715	0.933181	0.373272	1	0	0	0	0	0	0	0	0	
0.792	0.259259	-1.35769	0.0967742	3.85715	0.933181	0.373272	1	0	0	0	0	0	0	0	0	
0.793	0.259259	-1.35769	0.0967742	3.85715	0.933181	0.373272	1	0	0	0	0	0	0	0	0	
0.794	0.259259	-1.35769	0.0967742	3.85715	0.933181	0.373272	1	0	0	0	0	0	0	0	0	
0.795	0.259259	-1.35769	0.0967742	3.85715	0.933181	0.373272	1	0	0	0	0	0	0	0	0	
0.796	0.259259	-1.35769	0.0967742	3.85715	0.933181	0.373272	1	0	0	0	0	0	0	0	0	
0.797	0.259259	-1.35769	0.0967742	3.85715	0.933181	0.373272	1	0	0	0	0	0	0	0	0	
0.798	0.259259	-1.35769	0.0967742	3.85715	0.933181	0.373272	1	0	0	0	0	0	0	0	0	
0.799	0.259259	-1.35769	0.0967742	3.85715	0.933181	0.373272	1	0	0	0	0	0	0	0	0	
0.8	0.259259	-1.35769	0.0967742	3.85715	0.933181	0.373272	1	0	0	0	0	0	0	0	0	
0.801	0.259259	-1.35769	0.0967742	3.85715	0.933181	0.373272	1	0	0	0	0	0	0	0	0	
0.802	0.259259	-1.35769	0.0967742	3.85715	0.933181	0.373272	1	0	0	0	0	0	0	0	0	
0.803	0.259259	-1.35769	0.0967742	3.85715	0.933181	0.373272	1	0	0	0	0	0	0	0	0	
0.804	0.259259	-1.35769	0.0967742	3.85715	0.933181	0.373272	1	0	0	0	0	0	0	0	0	
0.805	0.259259	-1.35769	0.0967742	3.85715	0.933181	0.373272	1	0	0	0	0	0	0	0	0	
0.806	0.259259	-1.35769	0.0967742	3.85715	0.933181	0.373272	1	0	0	0	0	0	0	0	0	
0.807	0.259259	-1.35769	0.0967742	3.85715	0.933181	0.373272	1	0	0	0	0	0	0	0	0	
0.808	0.259259	-1.35769	0.0967742	3.85715	0.933181	0.373272	1	0	0	0	0	0	0	0	0	
0.809	0.259259	-1.35769	0.0967742	3.85715	0.933181	0.373272	1	0	0	0	0	0	0	0	0	
0.81	0.259259	-1.35769	0.0967742	3.85715	0.933181	0.373272	1	0	0	0	0	0	0	0	0	
0.811	0.259259	-1.35769	0.0967742	3.85715	0.933181	0.373272	1	0	0	0	0	0	0	0	0	
0.812	0.259259	-1.35769	0.0967742	3.85715	0.933181	0.373272	1	0	0	0	0	0	0	0	0	
0.813	0.259259	-1.35769	0.0967742	3.85715	0.933181	0.373272	1	0	0	0	0	0	0	0	0	
0.814	0.259259	-1.35769	0.0967742	3.85715	0.933181	0.373272	1	0	0	0	0	0	0	0	0	
0.815	0.259259	-1.35769	0.0967742	3.85715	0.933181	0.373272	1	0	0	0	0	0	0	0	0	
0.816	0.259259	-1.35769	0.0967742	3.85715	0.933181	0.373272	1	0	0	0	0	0	0	0	0	
0.817	0.259259	-1.35769	0.0967742	3.85715	0.933181	0.373272	1	0	0	0	0	0	0	0	0	
0.818	0.259259	-1.35769	0.0967742	3.85715	0.933181	0.373272	1	0	0	0	0	0	0	0	0	
0.819	0.259259	-1.35769	0.0967742	3.85715	0.933181	0.373272	1	0	0	0	0	0	0	0	0	
0.82	0.259259	-1.35769	0.0967742	3.85715	0.933181	0.373272	1	0	0	0	0	0	0	0	0	
0.821	0.259259	-1.35769	0.0967742	3.85715	0.933181	0.373272	1	0	0	0	0	0	0	0	0	
0.822	0.259259	-1.35769	0.0967742	3.85715	0.933181	0.373272	1	0	0	0	0	0	0	0	0	
0.823	0.259259	-1.35769	0.0967742	3.85715	0.933181	0.373272	1	0	0	0	0	0	0	0	0	
0.824	0.259259	-1.35769	0.0967742	3.85715	0.933181	0.373272	1	0	0	0	0	0	0	0	0	
0.825	0.259259	-1.35769	0.0967742	3.85715	0.933181	0.373272	1	0	0	0	0	0	0	0	0	
0.826	0.259259	-1.35769	0.0967742	3.85715	0.933181	0.373272	1	0	0	0	0	0	0	0	0	
0.827	0.259259	-1.35769	0.0967742	3.85715	0.933181	0.373272	1	0	0	0	0	0	0	0	0	
0.828	0.259259	-1.35769	0.0967742	3.85715	0.933181	0.373272	1	0	0	0	0	0	0	0	0	
0.829	0.259259	-1.35769	0.0967742	3.85715	0.933181	0.373272	1	0	0	0	0	0	0	0	0	
0.83	0.259259	-1.35769	0.0967742	3.85715	0.933181	0.373272	1	0	0	0	0	0	0	0	0	
0.831	0.259259	-1.35769	0.0967742	3.85715	0.933181	0.373272	1	0	0	0	0	0	0	0	0	
0.832	0.259259	-1.35769	0.0967742	3.85715	0.933181	0.373272	1	0	0	0	0	0	0	0	0	
0.833	0.259259	-1.35769	0.0967742	3.85715	0.933181	0.373272	1	0	0	0	0	0	0	0	0	
0.834	0.259259	-1.35769	0.0967742	3.85715	0.933181	0.373272	1	0	0	0	0	0	0	0	0	
0.835	0.259259	-1.35769	0.0967742	3.85715	0.933181	0.373272	1	0	0	0	0	0	0	0	0	
0.836	0.259259	-1.35769	0.0967742	3.85715	0.933181	0.373272	1	0	0	0	0	0	0	0	0	
0.837	0.259259	-1.35769	0.0967742	3.85715	0.933181	0.373272	1	0	0	0	0	0	0	0	0	
0.838	0.259259	-1.35769	0.0967742	3.85715	0.933181	0.373272	1	0	0	0	0	0	0	0	0	
0.839	0.259259	-1.35769	0.0967742	3.85715	0.933181	0.373272	1	0	0	0	0	0	0	0	0	
0.84	0.259259	-1.35769	0.0967742	3.85715	0.933181	0.373272	1	0	0	0	0	0	0	0	0	
0.841	0.259259	-1.35769	0.0967742	3.85715	0.933181	0.373272	1	0	0	0	0	0	0	0	0	
0.842	0.259259	-1.35769	0.0967742	3.85715	0.933181	0.373272	1	0	0	0	0	0	0	0	0	
0.843	0.259259	-1.35769	0.0967742	3.85715	0.933181	0.373272	1	0	0	0	0	0	0	0	0	
0.844	0.259259	-1.35769	0.0967742	3.85715	0.933181	0.373272	1	0	0	0	0	0	0	0	0	
0.845	0.259259	-1.35769	0.0967742	3.85715	0.933181	0.373272	1	0	0	0	0	0	0	0	0	
0.846	0.259259	-1.35769	0.0967742	3.85715	0.933181	0.373272	1	0	0	0	0	0	0	0	0	
0.847	0.259259	-1.35769	0.0967742	3.85715	0.933181	0.373272	1	0	0	0	0	0	0	0	0	
0.848	0.259259	-1.35769	0.0967742	3.85715	0.933181	0.373272	1	0	0	0	0	0	0	0	0	
0.849	0.259259	-1.35769	0.0967742	3.85715	0.933181	0.373272	1	0	0	0	0	0	0	0	0	
0.85	0.259259	-1.35769	0.0967742	3.85715	0.933181	0.373272	1	0	0	0	0	0	0	0	0	
0.851	0.259259	-1.35769	0.0967742	3.85715	0.933181	0.373272	1	0	0	0	0	0	0	0	0	
0.852	0.259259	-1.35769	0.0967742	3.85715	0.933181	0.373272	1	0	0	0	0	0	0	0	0	
0.853	0.259259	-1.35769	0.0967742	3.85715	0.933181	0.373272	1	0	0	0	0	0	0	0	0	
0.854	0.259259	-1.35769	0.0967742	3.85715	0.933181	0.373272	1	0	0	0	0	0	0	0	0	
0.855	0.259259	-1.35769	0.0967742	3.85715	0.933181	0.373272	1	0	0	0	0	0	0	0	0	
0.856	0.259259	-1.35769	0.0967742	3.85715	0.933181	0.373272	1	0	0	0	0	0	0	0	0	
0.857	0.259259	-1.35769	0.0967742	3.85715	0.933181	0.373272	1	0	0	0	0	0	0	0	0	
0.858	0.259259	-1.35769	0.0967742	3.85715	0.933181	0.373272	1	0	0	0	0	0	0	0	0	
0.859	0.259259	-1.35769	0.0967742	3.85715	0.933181	0.373272	1	0	0	0	0	0	0	0	0	
0.86	0.259259	-1.35769	0.0967742	3.85715	0.933181	0.373272	1	0	0	0	0	0	0	0	0	
0.861	0.259259	-1.35769	0.0967742	3.85715	0.933181	0.373272	1	0	0	0	0	0	0	0	0	
0.862	0.259259	-1.35769	0.0967742	3.85715	0.933181	0.373272	1	0	0	0	0	0	0	0	0	
0.863	0.259259	-1.35769	0.0967742	3.85715	0.933181	0.373272	1	0	0	0	0	0	0	0	0	
0.864	0.259259	-1.35769	0.0967742	3.85715	0.933181	0.373272	1	0	0	0	0	0	0	0	0	
0.865	0.259259	-1.35769	0.0967742	3.85715	0.933181	0.373272	1	0	0	0	0	0	0	0	0	
0.866	0.259259	-1.35769	0.0967742	3.85715	0.933181	0.373272	1	0	0	0	0	0	0	0	0	
0.867	0.259259	-1.35769	0.0967742	3.85715	0.933181	0.373272	1	0	0	0	0	0	0	0	0	
0.868	0.259259	-1.35769	0.0967742	3.85715	0.933181	0.373272	1	0	0	0	0	0	0	0	0	
0.869	0.259259	-1.35769	0.0967742	3.85715	0.933181	0.373272	1	0	0	0	0	0	0	0	0	
0.87	0.259259	-1.35769	0.0967742	3.85715	0.933181	0.373272	1	0	0	0	0	0	0	0	0	
0.871	0.259259	-1.35769	0.0967742	3.85715	0.933181	0.373272	1	0	0	0	0	0	0	0	0	
0.872	0.259259	-1.35769	0.0967742	3.85715	0.933181	0.373272	1	0	0	0	0	0	0	0	0	
0.873	0.259259	-1.35769	0.0967742	3.85715	0.933181	0.373272	1	0	0	0	0	0	0	0	0	
0.874	0.259259	-1.35769	0.0967742	3.85715	0.933181	0.373272	1	0	0	0	0	0	0	0	0	
0.875	0.259259	-1.35769	0.0967742	3.85715	0.933181	0.373272	1	0	0	0	0	0	0	0	0	
0.876	0.259259	-1.35769	0.0967742	3.85715	0.933181	0.373272	1	0	0	0	0	0	0	0	0	
0.877	0.259259	-1.35769	0.0967742	3.85715	0.933181	0.373272	1	0	0	0	0	0	0	0	0	
0.878	0.259259	-1.35769	0.0967742	3.85715	0.933181	0.373272	1	0	0	0	0	0	0	0	0	
0.879	0.259259	-1.35769	0.0967742	3.85715	0.933181	0.373272	1	0	0	0	0	0	0	0	0	
0.88	0.259259	-1.35769	0.0967742	3.85715	0.933181	0.373272	1	0	0	0	0	0	0	0	0	
0.881	0.259259	-1.35769	0.0967742	3.85715	0.933181	0.373272	1	0	0	0	0	0	0	0	0	
0.882	0.259259	-1.35769	0.0967742	3.85715	0.933181	0.373272	1	0	0	0	0	0	0	0	0	
0.883	0.259259	-1.35769	0.0967742	3.85715	0.933181	0.373272	1	0	0	0	0	0	0	0	0	
0.884	0.259259	-1.35769	0.0967742	3.85715	0.933181	0.373272	1	0	0	0	0	0	0	0	0	
0.885	0.259259	-1.35769	0.0967742	3.85715	0.933181	0.373272	1	0	0	0	0	0	0	0	0	
0.886	0.259259	-1.35769	0.0967742	3.85715	0.933181	0.373272	1	0	0	0	0	0	0	0	0	
0.887	0.259259	-1.35769	0.0967742	3.85715	0.933181	0.373272	1	0	0	0	0	0	0	0	0	
0.888	0.259259	-1.35769	0.0967742	3.85715	0.933181	0.373272	1	0	0	0	0	0	0	0	0	
0.889	0.259259	-1.35769	0.0967742	3.85715	0.933181	0.373272	1	0	0	0	0	0	0	0	0	
0.89	0.259259	-1.35769	0.0967742	3.85715	0.933181	0.373272	1	0	0	0	0	0	0	0	0	
0.891	0.259259	-1.35769	0.0967742	3.85715	0.933181	0.373272	1	0	0	0	0	0	0	0	0	
0.892	0.259259	-1.35769	0.0967742	3.85715	0.933181	0.373272	1	0	0	0	0	0	0	0	0	
0.893	0.259259	-1.35769	0.0967742	3.85715	0.933181	0.373272	1	0	0	0	0	0	0	0	0	
0.894	0.259259	-1.35769	0.0967742	3.85715	0.933181	0.373272	1	0	0	0	0	0	0	0	0	
0.895	0.259259	-1.35769	0.0967742	3.85715	0.933181	0.373272	1	0	0	0	0	0	0	0	0	
0.896	0.259259	-1.35769	0.0967742	3.85715	0.933181	0.373272	1	0	0	0	0	0	0	0	0	
0.897	0.259259	-1.35769	0.0967742	3.85715	0.933181	0.373272	1	0	0	0	0	0	0	0	0	
0.898	0.259259	-1.35769	0.0967742	3.85715	0.933181	0.373272	1	0	0	0	0	0	0	0	0	
0.899	0.259259	-1.35769	0.0967742	3.85715	0.933181	0.373272	1	0	0	0	0	0	0	0	0	
0.9	0.259259	-1.35769	0.0967742	3.85715	0.933181	0.373272	1	0	0	0	0	0	0	0	0	
0.901	0.259259	-1.35769	0.0967742	3.85715	0.933181	0.373272	1	0	0	0	0	0	0	0	0	
0.902	0.259259	-1.35769	0.0967742	3.85715	0.933181	0.373272	1	0	0	0	0	0	0	0	0	
0.903	0.259259	-1.35769	0.0967742	3.85715	0.933181	0.373272	1	0	0	0	0	0	0	0	0	
0.904	0.259259	-1.35769	0.0967742	3.85715	0.933181	0.373272	1	0	0	0	0	0	0	0	0	
0.905	0.259259	-1.35769	0.0967742	3.85715	0.933181	0.373272	1	0	0	0	0	0	0	0	0	
0.906	0.259259	-1.35769	0.0967742	3.85715	0.933181	0.373272	1	0	0	0	0	0	0	0	0	
0.907	0.259259	-1.35769	0.0967742	3.85715	0.933181	0.373272	1	0	0	0	0	0	0	0	0	
0.908	0.259259	-1.35769	0.0967742	3.85715	0.933181	0.373272	1	0	0	0	0	0	0	0	0	
0.909	0.259259	-1.35769	0.0967742	3.85715	0.933181	0.373272	1	0	0	0	0	0	0	0	0	
0.91	0.259259	-1.35769	0.0967742	3.85715	0.933181	0.373272	1	0	0	0	0	0	0	0	0	
0.911	0.259259	-1.35769	0.0967742	3.85715	0.933181	0.373272	1	0	0	0	0	0	0	0	0	
0.912	0.259259	-1.35769	0.0967742	3.85715	0.933181	0.373272	1	0	0	0	0	0	0	0	0	
0.913	0.259259	-1.35769	0.0967742	3.85715	0.933181	0.373272	1	0	0	0	0	0	0	0	0	
0.914	0.259259	-1.35769	0.0967742	3.85715	0.933181	0.373272	1	0	0	0	0	0	0	0	0	
0.915	0.259259	-1.35769	0.0967742	3.85715	0.933181	0.373272	1	0	0	0	0	0	0	0	0	
0.916	0.259259	-1.35769	0.0967742	3.85715	0.933181	0.373272	1	0	0	0	0	0	0	0	0	
0.917	0.259259	-1.35769	0.0967742	3.85715	0.933181	0.373272	1	0	0	0	0	0	0	0	0	
0.918	0.259259	-1.35769	0.0967742	3.85715	0.933181	0.373272	1	0	0	0	0	0	0	0	0	
0.919	0.259259	-1.35769	0.0967742	3.85715	0.933181	0.373272	1	0	0	0	0	0	0	0	0	
0.92	0.259259	-1.35769	0.0967742	3.85715	0.933181	0.373272	1	0	0	0	0	0	0	0	0	
0.921	0.259259	-1.35769	0.0967742	3.85715	0.933181	0.373272	1	0	0	0	0	0	0	0	0	
0.922	0.259259	-1.35769	0.0967742	3.85715	0.933181	0.373272	1	0	0	0	0	0	0	0	0	
0.923	0.259259	-1.35769	0.0967742	3.85715	0.933181	0.373272	1	0	0	0	0	0	0	0	0	
0.924	0.259259	-1.35769	0.0967742	3.85715	0.933181	0.373272	1	0	0	0	0	0	0	0	0	
0.925	0.259259	-1.35769	0.0967742	3.85715	0.933181	0.373272	1	0	0	0	0	0	0	0	0	
0.926	0.259259	-1.35769	0.0967742	3.85715	0.933181	0.373272	1	0	0	0	0	0	0	0	0	
0.927	0.259259	-1.35769	0.0967742	3.85715	0.933181	0.373272	1	0	0	0	0	0	0	0	0	
0.928	0.259259	-1.35769	0.0967742	3.85715	0.933181	0.373272	1	0	0	0	0	0	0	0	0	
0.929	0.259259	-1.35769	0.0967742	3.85715	0.933181	0.373272	1	0	0	0	0	0	0	0	0	
0.93	0.259259	-1.35769	0.0967742	3.85715	0.933181	0.373272	1	0	0	0	0	0	0	0	0	
0.931	0.259259	-1.35769	0.0967742	3.85715	0.933181	0.373272	1	0	0	0	0	0	0	0	0	
0.932	0.259259	-1.35769	0.0967742	3.85715	0.933181	0.373272	1	0	0	0	0	0	0	0	0	
0.933	0.259259	-1.35769	0.0967742	3.85715	0.933181	0.373272	1	0	0	0	0	0	0	0	0	
0.934	0.259259	-1.35769	0.0967742	3.85715	0.933181	0.373272	1	0	0	0	0	0	0	0	0	
0.935	0.259259	-1.35769	0.0967742	3.85715	0.933181	0.373272	1	0	0	0	0	0	0	0	0	
0.936	0.259259	-1.35769	0.0967742	3.85715	0.933181	0.373272	1	0	0	0	0	0	0	0	0	
0.937	0.259259	-1.35769	0.0967742	3.85715	0.933181	0.373272	1	0	0	0	0	0	0	0	0	
0.938	0.259259	-1.35769	0.0967742	3.85715	0.933181	0.373272	1	0	0	0	0	0	0	0	0	
0.939	0.259259	-1.35769	0.0967742	3.85715	0.933181	0.373272	1	0	0	0	0	0	0	0	0	
0.94	0.259259	-1.35769	0.0967742	3.85715	0.933181	0.373272	1	0	0	0	0	0	0	0	0	
0.941	0.259259	-1.35769	0.0967742	3.85715	0.933181	0.373272	1	0	0	0	0	0	0	0	0	
0.942	0.259259	-1.35769	0.0967742	3.85715	0.933181	0.373272	1	0	0	0	0	0	0	0	0	
0.943	0.259259	-1.35769	0.0967742	3.85715	0.933181	0.373272	1	0	0	0	0	0	0	0	0	
0.944	0.259259	-1.35769	0.0967742	3.85715	0.933181	0.373272	1	0	0	0	0	0	0	0	0	
0.945	0.259259	-1.35769	0.0967742	3.85715	0.933181	0.373272	1	0	0	0	0	0	0	0	0	
0.946	0.259259	-1.35769	0.0967742	3.85715	0.933181	0.373272	1	0	0	0	0	0	0	0	0	
0.947	0.259259	-1.35769	0.0967742	3.85715	0.933181	0.373272	1	0	0	0	0	0	0	0	0	
0.948	0.259259	-1.35769	0.0967742	3.85715	0.933181	0.373272	1	0	0	0	0	0	0	0	0	
0.949	0.259259	-1.35769	0.0967742	3.85715	0.933181	0.373272	1	0	0	0	0	0	0	0	0	
0.95	0.259259	-1.35769	0.0967742	3.85715	0.933181	0.373272	1	0	0	0	0	0	0	0	0	
0.951	0.259259	-1.35769	0.0967742	3.85715	0.933181	0.373272	1	0	0	0	0	0	0	0	0	
0.952	0.259259	-1.35769	0.0967742	3.85715	0.933181	0.373272	1	0	0	0	0	0	0	0	0	
0.953	0.259259	-1.35769	0.0967742	3.85715	0.933181	0.373272	1	0	0	0	0	0	0	0	0	
0.954	0.259259	-1.35769	0.0967742	3.85715	0.933181	0.373272	1	0	0	0	0	0	0	0	0	
0.955	0.259259	-1.35769	0.0967742	3.85715	0.933181	0.373272	1	0	0	0	0	0	0	0	0	
0.956	0.259259	-1.35769	0.0967742	3.85715	0.933181	0.373272	1	0	0	0	0	0	0	0	0	
0.957	0.259259	-1.35769	0.0967742	3.85715	0.933181	0.373272	1	0	0	0	0	0	0	0	0	
0.958	0.259259	-1.35769	0.0967742	3.85715	0.933181	0.373272	1	0	0	0	0	0	0	0	0	
0.959	0.259259	-1.35769	0.0967742	3.85715	0.933181	0.373272	1	0	0	0	0	0	0	0	0	
0.96	0.259259	-1.35769	0.0967742	3.85715	0.933181	0.373272	1	0	0	0	0	0	0	0	0	
0.961	0.259259	-1.35769	0.0967742	3.85715	0.933181	0.373272	1	0	0	0	0	0	0	0	0	
0.962	0.259259	-1.35769	0.0967742	3.85715	0.933181	0.373272	1	0	0	0	0	0	0	0	0	
0.963	0.259259	-1.35769	0.0967742	3.85715	0.933181	0.373272	1	0	0	0	0	0	0	0	0	
0.964	0.259259	-1.35769	0.0967742	3.85715	0.933181	0.373272	1	0	0	0	0	0	0	0	0	
0.965	0.259259	-1.35769	0.0967742	3.85715	0.933181	0.373272	1	0	0	0	0	0	0	0	0	
0.966	0.259259	-1.35769	0.0967742	3.85715	0.933181	0.373272	1	0	0	0	0	0	0	0	0	
0.967	0.259259	-1.35769	0.0967742	3.85715	0.933181	0.373272	1	0	0	0	0	0	0	0	0	
0.968	0.259259	-1.35769	0.0967742	3.85715	0.933181	0.373272	1	0	0	0	0	0	0	0	0	
0.969	0.259259	-1.35769	0.0967742	3.85715	0.933181	0.373272	1	0	0	0	0	0	0	0	0	
0.97	0.259259	-1.35769	0.0967742	3.85715	0.933181	0.373272	1	0	0	0	0	0	0	0	0	
0.971	0.259259	-1.35769	0.0967742	3.85715	0.933181	0.373272	1	0	0	0	0	0	0	0	0	
0.972	0.259259	-1.35769	0.0967742	3.85715	0.933181	0.373272	1	0	0	0	0	0	0	0	0	
0.973	0.259259	-1.35769	0.0967742	3.85715	0.933181	0.373272	1	0	0	0	0	0	0	0	0	
0.974	0.259259	-1.35769	0.0967742	3.85715	0.933181	0.373272	1	0	0	0	0	0	0	0	0	
0.975	0.259259	-1.35769	0.0967742	3.85715	0.933181	0.373272	1	0	0	0	0	0	0	0	0	
0.976	0.259259	-1.35769	0.0967742	3.85715	0.933181	0.373272	1	0	0	0	0	0	0	0	0	
0.977	0.259259	-1.35769	0.0967742	3.85715	0.933181	0.373272	1	0	0	0	0	0	0	0	0	
0.978	0.259259	-1.35769	0.0967742	3.85715	0.933181	0.373272	1	0	0	0	0	0	0	0	0	
0.979	0.259259	-1.35769	0.0967742	3.85715	0.933181	0.373272	1	0	0	0	0	0	0	0	0	
0.98	0.259259	-1.35769	0.0967742	3.85715	0.933181	0.373272	1	0	0	0	0	0	0	0	0	
0.981	0.259259	-1.35769	0.0967742	3.85715	0.933181	0.373272	1	0	0	0	0	0	0	0	0	
0.982	0.259259	-1.35769	0.0967742	3.85715	0.933181	0.373272	1	0	0	0	0	0	0	0	0	
0.983	0.259259	-1.35769	0.0967742	3.85715	0.933181	0.373272	1	0	0	0	0	0	0	0	0	
0.984	0.259259	-1.35769	0.0967742	3.85715	0.933181	0.373272	1	0	0	0	0	0	0	0	0	
0.985	0.259259	-1.35769	0.0967742	3.85715	0.933181	0.373272	1	0	0	0	0	0	0	0	0	
0.986	0.259259	-1.35769	0.0967742	3.85715	0.933181	0.373272	1	0	0	0	0	0	0	0	0	
0.987	0.259259	-1.35769	0.0967742	3.85715	0.933181	0.373272	1	0	0	0	0	0	0	0	0	
0.988	0.259259	-1.35769	0.0967742	3.85715	0.933181	0.373272	1	0	0	0	0	0	0	0	0	
0.989	0.259259	-1.35769	0.0967742	3.85715	0.933181	0.373272	1	0	0	0	0	0	0	0	0	
0.99	0.259259	-1.35769	0.0967742	3.85715	0.933181	0.373272	1	0	0	0	0	0	0	0	0	
0.991	0.259259	-1.35769	0.0967742	3.85715	0.933181	0.373272	1	0	0	0	0	0	0	0	0	
0.992	0.259259	-1.35769	0.0967742	3.85715	0.933181	0.373272	1	0	0	0	0	0	0	0	0	
0.993	0.259259	-1.35769	0.0967742	3.85715	0.933181	0.373272	1	0	0	0	0	0	0	0	0	
0.994	0.259259	-1.35769	0.0967742	3.85715	0.933181	0.373272	1	0	0	0	0	0	0	0	0	
0.995	0.259259	-1.35769	0.0967742	3.85715	0.933181	0.373272	1	0	0	0	0	0	0	0	0	
0.996	0.259259	-1.35769	0.0967742	3.85715	0.933181	0.373272	1	0	0	0	0	0	0	0	0	
0.997	0.259259	-1.35769	0.0967742	3.85715	0.933181	0.373272	1	0	0	0	0	0	0	0	0	
0.998	0.259259	-1.35769	0.0967742	3.85715	0.933181	0.373272	1	0	0	0	0	0	0	0	0	
0.999	0.259259	-1.35769	0.0967742	3.85715	0.933181	0.373272	1	0	0	0	0	0	0	0	0	
1	0.259259	-1.35769	0.0967742	3.85715	0.933181	0.373272	1	0	0	0	0	0	0	0	0	
