|||||||||||||||||||||||||||||||||***SIMULATION: detonation***||||||||||||||||||||||||||||||||||
Sanpshot time = 1.12. Timestep = 2448. Run time = 4 seconds
No. of cells = 1000
#Position	 Density	 Velocity	 Pressure	 Specific_Volume I_Energy	 Temperature	 Species
-0.001	0.707955	0.000662728	1.77763	1.41252	6.27735	0	9.27034e-08	0	0	0	0	0	0	0	0	
0	0.707743	0.000218453	1.77754	1.41294	6.27891	0	9.67162e-08	0	0	0	0	0	0	0	0	
0.001	0.707743	-0.000218453	1.77754	1.41294	6.27891	2.51157	9.67162e-08	0	0	0	0	0	0	0	0	
0.002	0.707955	-0.000662728	1.77763	1.41252	6.27735	2.51094	9.27034e-08	0	0	0	0	0	0	0	0	
0.003	0.70652	-0.0010845	1.77779	1.41539	6.29067	2.51627	9.919e-08	0	0	0	0	0	0	0	0	
0.004	0.708131	-0.00147272	1.77802	1.41217	6.27717	2.51087	9.79201e-08	0	0	0	0	0	0	0	0	
0.005	0.705808	-0.0018172	1.77831	1.41682	6.29886	2.51954	9.98489e-08	0	0	0	0	0	0	0	0	
0.006	0.703966	-0.00210885	1.77865	1.42052	6.31654	2.52662	8.71668e-08	0	0	0	0	0	0	0	0	
0.007	0.704069	-0.0023401	1.77903	1.42032	6.31697	2.52679	9.25865e-08	0	0	0	0	0	0	0	0	
0.008	0.705221	-0.00250221	1.77944	1.41799	6.3081	2.52324	9.27086e-08	0	0	0	0	0	0	0	0	
0.009	0.706847	-0.00258607	1.77988	1.41473	6.29515	2.51806	9.39209e-08	0	0	0	0	0	0	0	0	
0.01	0.70869	-0.0025883	1.78036	1.41105	6.28044	2.51218	8.55816e-08	0	0	0	0	0	0	0	0	
0.011	0.710451	-0.0025106	1.78087	1.40756	6.26669	2.50668	9.85242e-08	0	0	0	0	0	0	0	0	
0.012	0.71205	-0.00234835	1.78142	1.4044	6.25454	2.50182	9.35636e-08	0	0	0	0	0	0	0	0	
0.013	0.713479	-0.00209689	1.78199	1.40158	6.24403	2.49761	9.65399e-08	0	0	0	0	0	0	0	0	
0.014	0.714643	-0.00176604	1.78262	1.3993	6.23605	2.49442	8.88995e-08	0	0	0	0	0	0	0	0	
0.015	0.715535	-0.00139313	1.78333	1.39756	6.23077	2.49231	9.7103e-08	0	0	0	0	0	0	0	0	
0.016	0.716222	-0.0009675	1.78406	1.39621	6.22733	2.49093	9.77393e-08	0	0	0	0	0	0	0	0	
0.017	0.716783	-0.000489677	1.78487	1.39512	6.22529	2.49012	9.28151e-08	0	0	0	0	0	0	0	0	
0.018	0.717207	-0.000115505	1.78568	1.3943	6.22443	2.48977	9.66701e-08	0	0	0	0	0	0	0	0	
0.019	0.717578	0.000684475	1.78672	1.39358	6.22482	2.48993	9.66381e-08	0	0	0	0	0	0	0	0	
0.02	0.717962	0.00144911	1.78807	1.39283	6.22621	2.49049	9.43056e-08	0	0	0	0	0	0	0	0	
0.021	0.718308	0.00214326	1.78941	1.39216	6.22786	2.49114	9.15408e-08	0	0	0	0	0	0	0	0	
0.022	0.71867	0.0028369	1.79079	1.39146	6.22954	2.49182	8.96108e-08	0	0	0	0	0	0	0	0	
0.023	0.719086	0.00355497	1.79229	1.39065	6.23113	2.49245	8.90999e-08	0	0	0	0	0	0	0	0	
0.024	0.719572	0.00430374	1.7939	1.38972	6.23252	2.49301	9.03297e-08	0	0	0	0	0	0	0	0	
0.025	0.720136	0.00508904	1.79563	1.38863	6.23365	2.49346	9.36134e-08	0	0	0	0	0	0	0	0	
0.026	0.720783	0.00591876	1.79748	1.38738	6.23448	2.49379	9.92027e-08	0	0	0	0	0	0	0	0	
0.027	0.721508	0.00680224	1.79945	1.38599	6.23504	2.49402	9.31644e-08	0	0	0	0	0	0	0	0	
0.028	0.722303	0.0077493	1.80153	1.38446	6.23538	2.49415	8.8401e-08	0	0	0	0	0	0	0	0	
0.029	0.72316	0.00876901	1.80373	1.38282	6.23558	2.49423	9.77504e-08	0	0	0	0	0	0	0	0	
0.03	0.724066	0.00986829	1.80602	1.38109	6.2357	2.49428	9.53371e-08	0	0	0	0	0	0	0	0	
0.031	0.725006	0.0110504	1.80841	1.3793	6.23584	2.49433	9.26873e-08	0	0	0	0	0	0	0	0	
0.032	0.725965	0.0123137	1.81087	1.37748	6.23608	2.49443	9.01181e-08	0	0	0	0	0	0	0	0	
0.033	0.72693	0.01365	1.81339	1.37565	6.23647	2.49459	8.7406e-08	0	0	0	0	0	0	0	0	
0.034	0.727894	0.0150436	1.81595	1.37383	6.23699	2.4948	9.70712e-08	0	0	0	0	0	0	0	0	
0.035	0.728853	0.0164701	1.8185	1.37202	6.23755	2.49502	9.44185e-08	0	0	0	0	0	0	0	0	
0.036	0.729806	0.017896	1.82101	1.37023	6.238	2.4952	9.15993e-08	0	0	0	0	0	0	0	0	
0.037	0.730747	0.0192783	1.82342	1.36846	6.23821	2.49529	8.9387e-08	0	0	0	0	0	0	0	0	
0.038	0.731664	0.0205643	1.82566	1.36675	6.23804	2.49522	8.80916e-08	0	0	0	0	0	0	0	0	
0.039	0.732541	0.0216935	1.82765	1.36511	6.23737	2.49495	8.77989e-08	0	0	0	0	0	0	0	0	
0.04	0.733351	0.0225997	1.8293	1.3636	6.23611	2.49444	8.84341e-08	0	0	0	0	0	0	0	0	
0.041	0.734065	0.0232153	1.83052	1.36228	6.23418	2.49367	8.98638e-08	0	0	0	0	0	0	0	0	
0.042	0.734653	0.0234762	1.83119	1.36119	6.2315	2.4926	9.19362e-08	0	0	0	0	0	0	0	0	
0.043	0.735085	0.0233267	1.83125	1.36039	6.22801	2.4912	1.08084e-07	0	0	0	0	0	0	0	0	
0.044	0.735343	0.0227249	1.83061	1.35991	6.22366	2.48946	1.28594e-07	0	0	0	0	0	0	0	0	
0.045	0.735416	0.0216502	1.82925	1.35977	6.2184	2.48736	1.53718e-07	0	0	0	0	0	0	0	0	
0.046	0.735306	0.0201083	1.82717	1.35998	6.21227	2.48491	1.84497e-07	0	0	0	0	0	0	0	0	
0.047	0.735026	0.0181401	1.82443	1.3605	6.20532	2.48213	2.22002e-07	0	0	0	0	0	0	0	0	
0.048	0.734599	0.0158203	1.82113	1.36129	6.19771	2.47908	2.67155e-07	0	0	0	0	0	0	0	0	
0.049	0.734058	0.0132478	1.81743	1.36229	6.18966	2.47586	3.20341e-07	0	0	0	0	0	0	0	0	
0.05	0.733442	0.0105532	1.81349	1.36343	6.18144	2.47258	3.81184e-07	0	0	0	0	0	0	0	0	
0.051	0.732799	0.00787255	1.80954	1.36463	6.17337	2.46935	4.48452e-07	0	0	0	0	0	0	0	0	
0.052	0.732185	0.00533086	1.80579	1.36578	6.16577	2.46631	5.20362e-07	0	0	0	0	0	0	0	0	
0.053	0.731642	0.00308812	1.80243	1.36679	6.15883	2.46353	5.95252e-07	0	0	0	0	0	0	0	0	
0.054	0.731236	0.00124164	1.79965	1.36755	6.15278	2.46111	6.72626e-07	0	0	0	0	0	0	0	0	
0.055	0.731032	-0.000155488	1.79767	1.36793	6.14771	2.45908	7.53849e-07	0	0	0	0	0	0	0	0	
0.056	0.731082	-0.000728783	1.7966	1.36784	6.14363	2.45745	8.42296e-07	0	0	0	0	0	0	0	0	
0.057	0.731379	-0.000998534	1.79636	1.36728	6.14033	2.45613	9.43346e-07	0	0	0	0	0	0	0	0	
0.058	0.731873	-0.000994107	1.79673	1.36636	6.13744	2.45498	1.06345e-06	0	0	0	0	0	0	0	0	
0.059	0.732492	-0.000494274	1.79742	1.3652	6.13461	2.45385	1.20926e-06	0	0	0	0	0	0	0	0	
0.06	0.733399	0.000208662	1.79898	1.36351	6.13234	2.45293	1.38667e-06	0	0	0	0	0	0	0	0	
0.061	0.73484	0.00267936	1.80226	1.36084	6.13146	2.45259	1.60018e-06	0	0	0	0	0	0	0	0	
0.062	0.736717	0.00559053	1.80695	1.35737	6.13176	2.4527	1.85296e-06	0	0	0	0	0	0	0	0	
0.063	0.738905	0.00907626	1.81265	1.35335	6.13291	2.45316	2.14642e-06	0	0	0	0	0	0	0	0	
0.064	0.741381	0.0130998	1.81934	1.34883	6.13496	2.45398	2.48083e-06	0	0	0	0	0	0	0	0	
0.065	0.744133	0.0176328	1.82698	1.34385	6.13796	2.45518	2.85662e-06	0	0	0	0	0	0	0	0	
0.066	0.747155	0.0226497	1.8356	1.33841	6.14196	2.45678	3.27563e-06	0	0	0	0	0	0	0	0	
0.067	0.75044	0.0281225	1.84517	1.33255	6.14696	2.45878	3.74212e-06	0	0	0	0	0	0	0	0	
0.068	0.753982	0.0340211	1.85568	1.32629	6.15295	2.46118	4.26344e-06	0	0	0	0	0	0	0	0	
0.069	0.757775	0.040315	1.86711	1.31965	6.15986	2.46395	4.85078e-06	0	0	0	0	0	0	0	0	
0.07	0.761813	0.0469748	1.87943	1.31266	6.16763	2.46705	5.52023e-06	0	0	0	0	0	0	0	0	
0.071	0.766091	0.0539745	1.89259	1.30533	6.17612	2.47045	6.29377e-06	0	0	0	0	0	0	0	0	
0.072	0.770604	0.0612912	1.90654	1.29768	6.18522	2.47409	7.19993e-06	0	0	0	0	0	0	0	0	
0.073	0.775346	0.0689051	1.92124	1.28975	6.1948	2.47792	8.27406e-06	0	0	0	0	0	0	0	0	
0.074	0.78031	0.0767977	1.93666	1.28154	6.20478	2.48191	9.5583e-06	0	0	0	0	0	0	0	0	
0.075	0.785488	0.0849509	1.95275	1.27309	6.21508	2.48603	1.11016e-05	0	0	0	0	0	0	0	0	
0.076	0.790874	0.0933466	1.96949	1.26442	6.22569	2.49028	1.29599e-05	0	0	0	0	0	0	0	0	
0.077	0.79646	0.101967	1.98688	1.25556	6.2366	2.49464	1.51954e-05	0	0	0	0	0	0	0	0	
0.078	0.80224	0.110799	2.0049	1.24651	6.24783	2.49913	1.78769e-05	0	0	0	0	0	0	0	0	
0.079	0.808206	0.119832	2.02356	1.23731	6.25942	2.50377	2.10788e-05	0	0	0	0	0	0	0	0	
0.08	0.814351	0.129067	2.04285	1.22797	6.2714	2.50856	2.48828e-05	0	0	0	0	0	0	0	0	
0.081	0.820667	0.138511	2.06277	1.21852	6.28381	2.51352	2.9384e-05	0	0	0	0	0	0	0	0	
0.082	0.827147	0.14818	2.08331	1.20897	6.29667	2.51867	3.47058e-05	0	0	0	0	0	0	0	0	
0.083	0.833792	0.158098	2.10448	1.19934	6.30997	2.52399	4.10254e-05	0	0	0	0	0	0	0	0	
0.084	0.840607	0.168293	2.1263	1.18962	6.3237	2.52948	4.86133e-05	0	0	0	0	0	0	0	0	
0.085	0.847609	0.178798	2.14879	1.17979	6.3378	2.53512	5.78838e-05	0	0	0	0	0	0	0	0	
0.086	0.854826	0.189647	2.17201	1.16983	6.3522	2.54088	6.94536e-05	0	0	0	0	0	0	0	0	
0.087	0.862295	0.200879	2.19604	1.1597	6.36684	2.54674	8.42044e-05	0	0	0	0	0	0	0	0	
0.088	0.87006	0.212537	2.22097	1.14935	6.38167	2.55267	0.000103346	0	0	0	0	0	0	0	0	
0.089	0.87817	0.224669	2.24695	1.13873	6.39668	2.55867	0.000128478	0	0	0	0	0	0	0	0	
0.09	0.886672	0.237327	2.27412	1.12781	6.41195	2.56478	0.000161663	0	0	0	0	0	0	0	0	
0.091	0.895608	0.250573	2.30266	1.11656	6.42766	2.57106	0.000205419	0	0	0	0	0	0	0	0	
0.092	0.905013	0.26448	2.33279	1.10496	6.44408	2.57763	0.000262661	0	0	0	0	0	0	0	0	
0.093	0.914921	0.279128	2.36473	1.09299	6.46156	2.58462	0.000336781	0	0	0	0	0	0	0	0	
0.094	0.925381	0.294616	2.39872	1.08064	6.48037	2.59215	0.000432015	0	0	0	0	0	0	0	0	
0.095	0.936463	0.311055	2.43506	1.06785	6.50069	2.60028	0.000554039	0	0	0	0	0	0	0	0	
0.096	0.948256	0.328574	2.47407	1.05457	6.52267	2.60907	0.000710623	0	0	0	0	0	0	0	0	
0.097	0.960867	0.347319	2.51612	1.04073	6.54648	2.61859	0.000912313	0	0	0	0	0	0	0	0	
0.098	0.974412	0.367456	2.56168	1.02626	6.57239	2.62896	0.00117335	0	0	0	0	0	0	0	0	
0.099	0.989028	0.389178	2.61133	1.01109	6.60076	2.6403	0.00151319	0	0	0	0	0	0	0	0	
0.1	1.00489	0.412713	2.66577	0.995137	6.63202	2.65281	0.00195916	0	0	0	0	0	0	0	0	
0.101	1.02222	0.438342	2.72588	0.978267	6.6666	2.66664	0.00255117	0	0	0	0	0	0	0	0	
0.102	1.04131	0.466422	2.79275	0.960327	6.70487	2.68195	0.00334906	0	0	0	0	0	0	0	0	
0.103	1.06256	0.497408	2.86774	0.941123	6.74723	2.69889	0.00444346	0	0	0	0	0	0	0	0	
0.104	1.08646	0.531879	2.95261	0.920419	6.7941	2.71764	0.0059724	0	0	0	0	0	0	0	0	
0.105	1.11368	0.570572	3.04968	0.897922	6.84594	2.73838	0.00815061	0	0	0	0	0	0	0	0	
0.106	1.14517	0.614423	3.16208	0.873236	6.9031	2.76124	0.0113266	0	0	0	0	0	0	0	0	
0.107	1.18227	0.664659	3.29408	0.845827	6.96556	2.78622	0.0160899	0	0	0	0	0	0	0	0	
0.108	1.22702	0.722926	3.45163	0.81498	7.03253	2.81301	0.0234691	0	0	0	0	0	0	0	0	
0.109	1.28248	0.791517	3.64292	0.779738	7.10132	2.84053	0.0353218	0	0	0	0	0	0	0	0	
0.11	1.35366	0.873558	3.87934	0.738737	7.16454	2.86582	0.0551439	0	0	0	0	0	0	0	0	
0.111	1.44896	0.973115	4.17557	0.690148	7.2044	2.88176	0.0896275	0	0	0	0	0	0	0	0	
0.112	1.58204	1.09409	4.54557	0.632096	7.18309	2.87324	0.150934	0	0	0	0	0	0	0	0	
0.113	1.7695	1.23209	4.97439	0.565133	7.02798	2.81119	0.257608	0	0	0	0	0	0	0	0	
0.114	1.91081	1.26579	4.96703	0.523337	6.49858	2.59943	0.425751	0	0	0	0	0	0	0	0	
0.115	1.50997	0.803099	3.10094	0.662263	5.1341	2.05364	0.607581	0	0	0	0	0	0	0	0	
0.116	1.12135	0.35587	1.8772	0.891785	4.18516	1.67406	0.665671	0	0	0	0	0	0	0	0	
0.117	1.05085	0.272798	1.68374	0.951614	4.00568	1.60227	0.677823	0	0	0	0	0	0	0	0	
0.118	1.03705	0.253095	1.63739	0.964271	3.94721	1.57888	0.68621	0	0	0	0	0	0	0	0	
0.119	1.02891	0.239745	1.60597	0.971904	3.90211	1.56084	0.693616	0	0	0	0	0	0	0	0	
0.12	1.02247	0.228638	1.57975	0.978025	3.86258	1.54503	0.700368	0	0	0	0	0	0	0	0	
0.121	1.01714	0.219059	1.55706	0.983147	3.82704	1.53082	0.706607	0	0	0	0	0	0	0	0	
0.122	1.01263	0.21065	1.53707	0.987524	3.79474	1.5179	0.712403	0	0	0	0	0	0	0	0	
0.123	1.00873	0.203175	1.51924	0.991344	3.76522	1.50609	0.717786	0	0	0	0	0	0	0	0	
0.124	1.00528	0.196465	1.50317	0.994746	3.73817	1.49527	0.722773	0	0	0	0	0	0	0	0	
0.125	1.00217	0.190395	1.48856	0.997831	3.71333	1.48533	0.727388	0	0	0	0	0	0	0	0	
0.126	0.99934	0.184869	1.4752	1.00066	3.69044	1.47617	0.731665	0	0	0	0	0	0	0	0	
0.127	0.996745	0.179813	1.46291	1.00327	3.66921	1.46768	0.735652	0	0	0	0	0	0	0	0	
0.128	0.994378	0.175163	1.45153	1.00565	3.64935	1.45974	0.739411	0	0	0	0	0	0	0	0	
0.129	0.992253	0.17087	1.44097	1.00781	3.63054	1.45222	0.743012	0	0	0	0	0	0	0	0	
0.13	0.990393	0.16689	1.43111	1.0097	3.61247	1.44499	0.74653	0	0	0	0	0	0	0	0	
0.131	0.988822	0.163185	1.42187	1.0113	3.59486	1.43795	0.750031	0	0	0	0	0	0	0	0	
0.132	0.98755	0.159721	1.41319	1.01261	3.57752	1.43101	0.753558	0	0	0	0	0	0	0	0	
0.133	0.986561	0.156471	1.40501	1.01362	3.56038	1.42415	0.757122	0	0	0	0	0	0	0	0	
0.134	0.985808	0.153409	1.39728	1.0144	3.54349	1.4174	0.760694	0	0	0	0	0	0	0	0	
0.135	0.985219	0.150515	1.38996	1.015	3.52703	1.41081	0.764218	0	0	0	0	0	0	0	0	
0.136	0.984712	0.147774	1.38301	1.01553	3.51121	1.40448	0.767626	0	0	0	0	0	0	0	0	
0.137	0.984215	0.145172	1.37641	1.01604	3.49621	1.39848	0.770857	0	0	0	0	0	0	0	0	
0.138	0.983681	0.142699	1.37012	1.01659	3.48212	1.39285	0.773878	0	0	0	0	0	0	0	0	
0.139	0.983095	0.140348	1.36412	1.0172	3.46895	1.38758	0.776686	0	0	0	0	0	0	0	0	
0.14	0.982466	0.138111	1.3584	1.01785	3.4566	1.38264	0.779304	0	0	0	0	0	0	0	0	
0.141	0.981821	0.13598	1.35292	1.01852	3.44493	1.37797	0.78177	0	0	0	0	0	0	0	0	
0.142	0.98119	0.133949	1.34768	1.01917	3.43379	1.37352	0.784124	0	0	0	0	0	0	0	0	
0.143	0.980596	0.13201	1.34265	1.01979	3.42305	1.36922	0.7864	0	0	0	0	0	0	0	0	
0.144	0.980049	0.130159	1.33783	1.02036	3.41265	1.36506	0.788615	0	0	0	0	0	0	0	0	
0.145	0.979551	0.128387	1.33318	1.02088	3.40254	1.36102	0.790779	0	0	0	0	0	0	0	0	
0.146	0.979099	0.126691	1.32872	1.02135	3.39271	1.35708	0.792894	0	0	0	0	0	0	0	0	
0.147	0.978687	0.125064	1.32442	1.02178	3.38315	1.35326	0.794961	0	0	0	0	0	0	0	0	
0.148	0.978312	0.123503	1.32027	1.02217	3.37384	1.34954	0.79698	0	0	0	0	0	0	0	0	
0.149	0.977971	0.122003	1.31626	1.02253	3.36478	1.34591	0.798956	0	0	0	0	0	0	0	0	
0.15	0.977661	0.120561	1.3124	1.02285	3.35596	1.34238	0.800887	0	0	0	0	0	0	0	0	
0.151	0.977375	0.119173	1.30866	1.02315	3.34737	1.33895	0.802772	0	0	0	0	0	0	0	0	
0.152	0.977109	0.117836	1.30504	1.02343	3.33903	1.33561	0.80461	0	0	0	0	0	0	0	0	
0.153	0.97686	0.116547	1.30153	1.02369	3.33091	1.33236	0.806402	0	0	0	0	0	0	0	0	
0.154	0.976634	0.115304	1.29814	1.02392	3.32299	1.3292	0.808158	0	0	0	0	0	0	0	0	
0.155	0.976444	0.114104	1.29484	1.02412	3.3152	1.32608	0.809891	0	0	0	0	0	0	0	0	
0.156	0.976304	0.112944	1.29165	1.02427	3.30749	1.323	0.81162	0	0	0	0	0	0	0	0	
0.157	0.976228	0.111823	1.28854	1.02435	3.2998	1.31992	0.813359	0	0	0	0	0	0	0	0	
0.158	0.976217	0.110736	1.28553	1.02436	3.29211	1.31685	0.815113	0	0	0	0	0	0	0	0	
0.159	0.976261	0.109682	1.28259	1.02432	3.28446	1.31378	0.816872	0	0	0	0	0	0	0	0	
0.16	0.976337	0.10866	1.27974	1.02424	3.27689	1.31076	0.818618	0	0	0	0	0	0	0	0	
0.161	0.976422	0.107666	1.27696	1.02415	3.2695	1.3078	0.820328	0	0	0	0	0	0	0	0	
0.162	0.976492	0.106701	1.27426	1.02407	3.26234	1.30493	0.821983	0	0	0	0	0	0	0	0	
0.163	0.976535	0.105763	1.27162	1.02403	3.25545	1.30218	0.823572	0	0	0	0	0	0	0	0	
0.164	0.976549	0.104851	1.26906	1.02401	3.24883	1.29953	0.825096	0	0	0	0	0	0	0	0	
0.165	0.97654	0.103965	1.26655	1.02402	3.24245	1.29698	0.826562	0	0	0	0	0	0	0	0	
0.166	0.976521	0.103104	1.26411	1.02404	3.23626	1.2945	0.827984	0	0	0	0	0	0	0	0	
0.167	0.976501	0.102268	1.26173	1.02406	3.23023	1.29209	0.829371	0	0	0	0	0	0	0	0	
0.168	0.976487	0.101454	1.2594	1.02408	3.22432	1.28973	0.830732	0	0	0	0	0	0	0	0	
0.169	0.976481	0.100662	1.25713	1.02409	3.21852	1.28741	0.832071	0	0	0	0	0	0	0	0	
0.17	0.976484	0.0998923	1.25491	1.02408	3.21283	1.28513	0.833388	0	0	0	0	0	0	0	0	
0.171	0.976497	0.0991426	1.25274	1.02407	3.20724	1.28289	0.834686	0	0	0	0	0	0	0	0	
0.172	0.97652	0.0984124	1.25062	1.02404	3.20173	1.28069	0.835967	0	0	0	0	0	0	0	0	
0.173	0.976557	0.097701	1.24855	1.02401	3.1963	1.27852	0.837235	0	0	0	0	0	0	0	0	
0.174	0.97661	0.0970074	1.24652	1.02395	3.19093	1.27637	0.838491	0	0	0	0	0	0	0	0	
0.175	0.976681	0.0963308	1.24453	1.02388	3.18561	1.27424	0.83974	0	0	0	0	0	0	0	0	
0.176	0.97677	0.0956706	1.24258	1.02378	3.18034	1.27214	0.840981	0	0	0	0	0	0	0	0	
0.177	0.976874	0.0950259	1.24068	1.02367	3.17513	1.27005	0.842214	0	0	0	0	0	0	0	0	
0.178	0.97699	0.094396	1.23881	1.02355	3.16997	1.26799	0.843435	0	0	0	0	0	0	0	0	
0.179	0.97711	0.0937804	1.23698	1.02343	3.1649	1.26596	0.844639	0	0	0	0	0	0	0	0	
0.18	0.977228	0.0931786	1.23519	1.0233	3.15994	1.26397	0.845819	0	0	0	0	0	0	0	0	
0.181	0.977334	0.0925901	1.23343	1.02319	3.15509	1.26204	0.84697	0	0	0	0	0	0	0	0	
0.182	0.977423	0.0920148	1.23171	1.0231	3.1504	1.26016	0.848085	0	0	0	0	0	0	0	0	
0.183	0.977493	0.0914523	1.23002	1.02302	3.14585	1.25834	0.849165	0	0	0	0	0	0	0	0	
0.184	0.977547	0.0909025	1.22836	1.02297	3.14143	1.25657	0.850212	0	0	0	0	0	0	0	0	
0.185	0.977591	0.0903649	1.22673	1.02292	3.13713	1.25485	0.851233	0	0	0	0	0	0	0	0	
0.186	0.977637	0.0898394	1.22513	1.02287	3.13289	1.25316	0.852239	0	0	0	0	0	0	0	0	
0.187	0.977693	0.0893255	1.22356	1.02282	3.1287	1.25148	0.853238	0	0	0	0	0	0	0	0	
0.188	0.97777	0.0888226	1.22202	1.02274	3.12451	1.2498	0.854239	0	0	0	0	0	0	0	0	
0.189	0.977872	0.0883303	1.22051	1.02263	3.12031	1.24812	0.855247	0	0	0	0	0	0	0	0	
0.19	0.977999	0.0878481	1.21902	1.0225	3.1161	1.24644	0.856262	0	0	0	0	0	0	0	0	
0.191	0.97815	0.0873754	1.21755	1.02234	3.11187	1.24475	0.857283	0	0	0	0	0	0	0	0	
0.192	0.978316	0.0869119	1.21611	1.02216	3.10766	1.24307	0.858304	0	0	0	0	0	0	0	0	
0.193	0.978492	0.0864572	1.21469	1.02198	3.10349	1.24139	0.859319	0	0	0	0	0	0	0	0	
0.194	0.978669	0.086011	1.2133	1.0218	3.09937	1.23975	0.860321	0	0	0	0	0	0	0	0	
0.195	0.97884	0.0855732	1.21193	1.02162	3.09532	1.23813	0.861307	0	0	0	0	0	0	0	0	
0.196	0.979002	0.0851436	1.21058	1.02145	3.09136	1.23654	0.86227	0	0	0	0	0	0	0	0	
0.197	0.97915	0.084722	1.20925	1.02129	3.0875	1.235	0.863211	0	0	0	0	0	0	0	0	
0.198	0.979283	0.0843085	1.20794	1.02116	3.08374	1.2335	0.864126	0	0	0	0	0	0	0	0	
0.199	0.979402	0.083903	1.20665	1.02103	3.08007	1.23203	0.865018	0	0	0	0	0	0	0	0	
0.2	0.97951	0.0835054	1.20538	1.02092	3.07649	1.2306	0.86589	0	0	0	0	0	0	0	0	
0.201	0.979611	0.0831155	1.20413	1.02081	3.07298	1.22919	0.866744	0	0	0	0	0	0	0	0	
0.202	0.979712	0.0827332	1.2029	1.02071	3.06952	1.22781	0.867589	0	0	0	0	0	0	0	0	
0.203	0.979822	0.0823583	1.20168	1.02059	3.06607	1.22643	0.868431	0	0	0	0	0	0	0	0	
0.204	0.979948	0.0819905	1.20048	1.02046	3.06262	1.22505	0.869277	0	0	0	0	0	0	0	0	
0.205	0.980094	0.0816296	1.1993	1.02031	3.05915	1.22366	0.870129	0	0	0	0	0	0	0	0	
0.206	0.980259	0.0812751	1.19813	1.02014	3.05566	1.22226	0.870989	0	0	0	0	0	0	0	0	
0.207	0.980439	0.0809268	1.19698	1.01995	3.05216	1.22086	0.871851	0	0	0	0	0	0	0	0	
0.208	0.980625	0.0805845	1.19585	1.01976	3.04869	1.21947	0.87271	0	0	0	0	0	0	0	0	
0.209	0.98081	0.080248	1.19473	1.01957	3.04526	1.2181	0.873558	0	0	0	0	0	0	0	0	
0.21	0.980984	0.0799172	1.19362	1.01938	3.0419	1.21676	0.874389	0	0	0	0	0	0	0	0	
0.211	0.981146	0.0795919	1.19253	1.01922	3.03861	1.21545	0.875201	0	0	0	0	0	0	0	0	
0.212	0.981293	0.0792721	1.19145	1.01906	3.03541	1.21417	0.875993	0	0	0	0	0	0	0	0	
0.213	0.981428	0.0789578	1.19039	1.01892	3.03228	1.21291	0.876767	0	0	0	0	0	0	0	0	
0.214	0.981556	0.0786488	1.18934	1.01879	3.02922	1.21169	0.877526	0	0	0	0	0	0	0	0	
0.215	0.981679	0.078345	1.1883	1.01866	3.0262	1.21048	0.878275	0	0	0	0	0	0	0	0	
0.216	0.981803	0.0780462	1.18728	1.01853	3.02321	1.20928	0.879016	0	0	0	0	0	0	0	0	
0.217	0.98193	0.0777523	1.18627	1.0184	3.02025	1.2081	0.879752	0	0	0	0	0	0	0	0	
0.218	0.98206	0.0774631	1.18527	1.01827	3.01731	1.20692	0.880483	0	0	0	0	0	0	0	0	
0.219	0.982194	0.0771784	1.18428	1.01813	3.01439	1.20575	0.88121	0	0	0	0	0	0	0	0	
0.22	0.98233	0.076898	1.18331	1.01799	3.01149	1.2046	0.881932	0	0	0	0	0	0	0	0	
0.221	0.982467	0.0766218	1.18235	1.01785	3.00863	1.20345	0.882647	0	0	0	0	0	0	0	0	
0.222	0.982598	0.0763497	1.1814	1.01771	3.00581	1.20233	0.883351	0	0	0	0	0	0	0	0	
0.223	0.982719	0.0760816	1.18047	1.01758	3.00306	1.20122	0.88404	0	0	0	0	0	0	0	0	
0.224	0.982825	0.0758174	1.17954	1.01748	3.00039	1.20015	0.88471	0	0	0	0	0	0	0	0	
0.225	0.982912	0.0755571	1.17863	1.01738	2.9978	1.19912	0.885359	0	0	0	0	0	0	0	0	
0.226	0.982985	0.0753008	1.17773	1.01731	2.99528	1.19811	0.88599	0	0	0	0	0	0	0	0	
0.227	0.983053	0.0750483	1.17684	1.01724	2.99281	1.19712	0.886611	0	0	0	0	0	0	0	0	
0.228	0.983134	0.0747996	1.17596	1.01715	2.99032	1.19613	0.887236	0	0	0	0	0	0	0	0	
0.229	0.983249	0.0745545	1.17509	1.01704	2.98777	1.19511	0.887881	0	0	0	0	0	0	0	0	
0.23	0.983413	0.0743125	1.17423	1.01687	2.98508	1.19403	0.888558	0	0	0	0	0	0	0	0	
0.231	0.983632	0.0740734	1.17338	1.01664	2.98226	1.19291	0.889272	0	0	0	0	0	0	0	0	
0.232	0.9839	0.0738368	1.17254	1.01636	2.97932	1.19173	0.890018	0	0	0	0	0	0	0	0	
0.233	0.9842	0.0736025	1.17171	1.01605	2.97631	1.19052	0.890782	0	0	0	0	0	0	0	0	
0.234	0.984506	0.0733703	1.17089	1.01574	2.9733	1.18932	0.891545	0	0	0	0	0	0	0	0	
0.235	0.984794	0.0731402	1.17008	1.01544	2.97038	1.18815	0.892289	0	0	0	0	0	0	0	0	
0.236	0.985047	0.0729125	1.16928	1.01518	2.96758	1.18703	0.893	0	0	0	0	0	0	0	0	
0.237	0.985256	0.0726873	1.16849	1.01496	2.96494	1.18598	0.893672	0	0	0	0	0	0	0	0	
0.238	0.985423	0.0724649	1.16771	1.01479	2.96246	1.18498	0.894306	0	0	0	0	0	0	0	0	
0.239	0.985554	0.0722455	1.16694	1.01466	2.9601	1.18404	0.894908	0	0	0	0	0	0	0	0	
0.24	0.985664	0.0720293	1.16617	1.01454	2.95783	1.18313	0.895489	0	0	0	0	0	0	0	0	
0.241	0.985764	0.0718164	1.16542	1.01444	2.95562	1.18225	0.896057	0	0	0	0	0	0	0	0	
0.242	0.985865	0.0716067	1.16467	1.01434	2.95341	1.18137	0.896622	0	0	0	0	0	0	0	0	
0.243	0.985974	0.0714003	1.16393	1.01423	2.95121	1.18048	0.897188	0	0	0	0	0	0	0	0	
0.244	0.986093	0.071197	1.16319	1.0141	2.94899	1.1796	0.897758	0	0	0	0	0	0	0	0	
0.245	0.986224	0.0709969	1.16247	1.01397	2.94676	1.1787	0.898331	0	0	0	0	0	0	0	0	
0.246	0.986363	0.0707997	1.16175	1.01383	2.94452	1.17781	0.898907	0	0	0	0	0	0	0	0	
0.247	0.986506	0.0706056	1.16104	1.01368	2.94229	1.17692	0.899481	0	0	0	0	0	0	0	0	
0.248	0.986649	0.0704143	1.16033	1.01353	2.94008	1.17603	0.900051	0	0	0	0	0	0	0	0	
0.249	0.986785	0.070226	1.15963	1.01339	2.93791	1.17516	0.900612	0	0	0	0	0	0	0	0	
0.25	0.986913	0.0700405	1.15894	1.01326	2.93578	1.17431	0.901164	0	0	0	0	0	0	0	0	
0.251	0.987034	0.0698579	1.15826	1.01314	2.93368	1.17347	0.901707	0	0	0	0	0	0	0	0	
0.252	0.987154	0.069678	1.15758	1.01301	2.93161	1.17264	0.902244	0	0	0	0	0	0	0	0	
0.253	0.987279	0.069501	1.15691	1.01289	2.92953	1.17181	0.902782	0	0	0	0	0	0	0	0	
0.254	0.987419	0.0693264	1.15624	1.01274	2.92743	1.17097	0.903328	0	0	0	0	0	0	0	0	
0.255	0.98758	0.0691543	1.15558	1.01258	2.92528	1.17011	0.903884	0	0	0	0	0	0	0	0	
0.256	0.987764	0.0689844	1.15493	1.01239	2.92308	1.16923	0.904454	0	0	0	0	0	0	0	0	
0.257	0.987966	0.0688166	1.15428	1.01218	2.92085	1.16834	0.905032	0	0	0	0	0	0	0	0	
0.258	0.988178	0.0686506	1.15364	1.01196	2.9186	1.16744	0.905614	0	0	0	0	0	0	0	0	
0.259	0.988389	0.0684863	1.153	1.01175	2.91636	1.16654	0.906192	0	0	0	0	0	0	0	0	
0.26	0.988592	0.0683238	1.15237	1.01154	2.91417	1.16567	0.90676	0	0	0	0	0	0	0	0	
0.261	0.988781	0.068163	1.15175	1.01135	2.91204	1.16481	0.907315	0	0	0	0	0	0	0	0	
0.262	0.988955	0.0680038	1.15113	1.01117	2.90996	1.16398	0.907855	0	0	0	0	0	0	0	0	
0.263	0.989115	0.0678463	1.15052	1.011	2.90794	1.16318	0.908382	0	0	0	0	0	0	0	0	
0.264	0.989266	0.0676905	1.14991	1.01085	2.90597	1.16239	0.908899	0	0	0	0	0	0	0	0	
0.265	0.98941	0.0675363	1.14931	1.0107	2.90402	1.16161	0.909408	0	0	0	0	0	0	0	0	
0.266	0.989551	0.0673838	1.14871	1.01056	2.90211	1.16084	0.909911	0	0	0	0	0	0	0	0	
0.267	0.989691	0.0672329	1.14812	1.01042	2.90021	1.16008	0.910411	0	0	0	0	0	0	0	0	
0.268	0.989832	0.0670835	1.14754	1.01027	2.89832	1.15933	0.910907	0	0	0	0	0	0	0	0	
0.269	0.989971	0.0669358	1.14696	1.01013	2.89645	1.15858	0.9114	0	0	0	0	0	0	0	0	
0.27	0.990109	0.0667896	1.14639	1.00999	2.8946	1.15784	0.911888	0	0	0	0	0	0	0	0	
0.271	0.99024	0.0666449	1.14582	1.00986	2.89278	1.15711	0.912369	0	0	0	0	0	0	0	0	
0.272	0.990361	0.066502	1.14525	1.00973	2.891	1.1564	0.91284	0	0	0	0	0	0	0	0	
0.273	0.990468	0.0663607	1.1447	1.00962	2.88928	1.15571	0.913299	0	0	0	0	0	0	0	0	
0.274	0.990558	0.0662212	1.14414	1.00953	2.88762	1.15505	0.913744	0	0	0	0	0	0	0	0	
0.275	0.990636	0.0660836	1.14359	1.00945	2.886	1.1544	0.914178	0	0	0	0	0	0	0	0	
0.276	0.990712	0.0659479	1.14305	1.00937	2.8844	1.15376	0.914608	0	0	0	0	0	0	0	0	
0.277	0.990803	0.0658142	1.1425	1.00928	2.88278	1.15311	0.915045	0	0	0	0	0	0	0	0	
0.278	0.990923	0.0656822	1.14197	1.00916	2.88107	1.15243	0.9155	0	0	0	0	0	0	0	0	
0.279	0.991087	0.0655519	1.14143	1.00899	2.87925	1.1517	0.915981	0	0	0	0	0	0	0	0	
0.28	0.991296	0.0654231	1.1409	1.00878	2.8773	1.15092	0.916491	0	0	0	0	0	0	0	0	
0.281	0.991542	0.0652957	1.14038	1.00853	2.87526	1.1501	0.917023	0	0	0	0	0	0	0	0	
0.282	0.991808	0.0651695	1.13985	1.00826	2.87317	1.14927	0.917565	0	0	0	0	0	0	0	0	
0.283	0.992073	0.0650444	1.13933	1.00799	2.8711	1.14844	0.918105	0	0	0	0	0	0	0	0	
0.284	0.992317	0.0649205	1.13882	1.00774	2.86909	1.14763	0.918629	0	0	0	0	0	0	0	0	
0.285	0.99253	0.064798	1.1383	1.00753	2.86718	1.14687	0.919129	0	0	0	0	0	0	0	0	
0.286	0.992706	0.0646768	1.1378	1.00735	2.86539	1.14616	0.919603	0	0	0	0	0	0	0	0	
0.287	0.992848	0.0645571	1.13729	1.0072	2.8637	1.14548	0.920053	0	0	0	0	0	0	0	0	
0.288	0.992965	0.064439	1.13679	1.00708	2.8621	1.14484	0.920484	0	0	0	0	0	0	0	0	
0.289	0.993067	0.0643224	1.13629	1.00698	2.86055	1.14422	0.920903	0	0	0	0	0	0	0	0	
0.29	0.993163	0.0642073	1.13579	1.00688	2.85902	1.14361	0.921315	0	0	0	0	0	0	0	0	
0.291	0.993261	0.0640937	1.1353	1.00679	2.8575	1.143	0.921727	0	0	0	0	0	0	0	0	
0.292	0.993363	0.0639815	1.13481	1.00668	2.85598	1.14239	0.92214	0	0	0	0	0	0	0	0	
0.293	0.993473	0.0638704	1.13432	1.00657	2.85444	1.14178	0.922555	0	0	0	0	0	0	0	0	
0.294	0.993589	0.0637605	1.13384	1.00645	2.8529	1.14116	0.922972	0	0	0	0	0	0	0	0	
0.295	0.993708	0.0636516	1.13336	1.00633	2.85135	1.14054	0.92339	0	0	0	0	0	0	0	0	
0.296	0.993828	0.0635436	1.13289	1.00621	2.84981	1.13993	0.923805	0	0	0	0	0	0	0	0	
0.297	0.993945	0.0634364	1.13242	1.00609	2.84829	1.13932	0.924217	0	0	0	0	0	0	0	0	
0.298	0.994058	0.06333	1.13195	1.00598	2.8468	1.13872	0.924624	0	0	0	0	0	0	0	0	
0.299	0.994171	0.0632244	1.13149	1.00586	2.84531	1.13812	0.925029	0	0	0	0	0	0	0	0	
0.3	0.994288	0.0631193	1.13103	1.00574	2.84382	1.13753	0.925434	0	0	0	0	0	0	0	0	
0.301	0.994417	0.0630149	1.13057	1.00561	2.8423	1.13692	0.925845	0	0	0	0	0	0	0	0	
0.302	0.994565	0.0629109	1.13012	1.00546	2.84075	1.1363	0.926264	0	0	0	0	0	0	0	0	
0.303	0.994733	0.0628073	1.12968	1.0053	2.83914	1.13566	0.926694	0	0	0	0	0	0	0	0	
0.304	0.994918	0.0627039	1.12923	1.00511	2.8375	1.135	0.927133	0	0	0	0	0	0	0	0	
0.305	0.995111	0.0626008	1.12879	1.00491	2.83584	1.13434	0.927574	0	0	0	0	0	0	0	0	
0.306	0.995305	0.0624979	1.12835	1.00472	2.83419	1.13368	0.928013	0	0	0	0	0	0	0	0	
0.307	0.995489	0.0623953	1.12792	1.00453	2.83258	1.13303	0.928444	0	0	0	0	0	0	0	0	
0.308	0.995657	0.062293	1.12749	1.00436	2.83103	1.13241	0.928864	0	0	0	0	0	0	0	0	
0.309	0.995807	0.0621911	1.12707	1.00421	2.82953	1.13181	0.92927	0	0	0	0	0	0	0	0	
0.31	0.99594	0.0620897	1.12665	1.00408	2.8281	1.13124	0.929664	0	0	0	0	0	0	0	0	
0.311	0.99606	0.061989	1.12623	1.00396	2.8267	1.13068	0.930047	0	0	0	0	0	0	0	0	
0.312	0.996173	0.0618889	1.12581	1.00384	2.82534	1.13014	0.930425	0	0	0	0	0	0	0	0	
0.313	0.996284	0.0617897	1.1254	1.00373	2.82399	1.1296	0.9308	0	0	0	0	0	0	0	0	
0.314	0.996399	0.0616913	1.12499	1.00361	2.82264	1.12905	0.931175	0	0	0	0	0	0	0	0	
0.315	0.996521	0.0615937	1.12458	1.00349	2.82127	1.12851	0.931553	0	0	0	0	0	0	0	0	
0.316	0.996653	0.0614972	1.12418	1.00336	2.81989	1.12795	0.931935	0	0	0	0	0	0	0	0	
0.317	0.996793	0.0614016	1.12378	1.00322	2.81848	1.12739	0.932321	0	0	0	0	0	0	0	0	
0.318	0.996943	0.061307	1.12338	1.00307	2.81706	1.12682	0.93271	0	0	0	0	0	0	0	0	
0.319	0.997101	0.0612134	1.12298	1.00291	2.81561	1.12625	0.933103	0	0	0	0	0	0	0	0	
0.32	0.997265	0.061121	1.12259	1.00274	2.81416	1.12566	0.933498	0	0	0	0	0	0	0	0	
0.321	0.997436	0.0610296	1.12219	1.00257	2.81269	1.12508	0.933895	0	0	0	0	0	0	0	0	
0.322	0.997612	0.0609395	1.1218	1.00239	2.81122	1.12449	0.934294	0	0	0	0	0	0	0	0	
0.323	0.997794	0.0608505	1.12141	1.00221	2.80973	1.12389	0.934695	0	0	0	0	0	0	0	0	
0.324	0.997984	0.0607628	1.12102	1.00202	2.80822	1.12329	0.935099	0	0	0	0	0	0	0	0	
0.325	0.998187	0.0606762	1.12064	1.00182	2.80668	1.12267	0.935509	0	0	0	0	0	0	0	0	
0.326	0.998406	0.0605908	1.12025	1.0016	2.8051	1.12204	0.935927	0	0	0	0	0	0	0	0	
0.327	0.998643	0.0605065	1.11987	1.00136	2.80347	1.12139	0.936353	0	0	0	0	0	0	0	0	
0.328	0.998898	0.0604232	1.11948	1.0011	2.8018	1.12072	0.936788	0	0	0	0	0	0	0	0	
0.329	0.999166	0.0603409	1.1191	1.00083	2.80009	1.12004	0.937228	0	0	0	0	0	0	0	0	
0.33	0.999437	0.0602595	1.11872	1.00056	2.79839	1.11935	0.937669	0	0	0	0	0	0	0	0	
0.331	0.999696	0.0601789	1.11835	1.0003	2.79671	1.11869	0.938101	0	0	0	0	0	0	0	0	
0.332	0.999928	0.0600992	1.11797	1.00007	2.79512	1.11805	0.938517	0	0	0	0	0	0	0	0	
0.333	1.00012	0.0600204	1.11759	0.999881	2.79365	1.11746	0.938909	0	0	0	0	0	0	0	0	
0.334	1.00026	0.0599425	1.11722	0.999737	2.79232	1.11693	0.939273	0	0	0	0	0	0	0	0	
0.335	1.00036	0.0598656	1.11685	0.999641	2.79112	1.11645	0.939609	0	0	0	0	0	0	0	0	
0.336	1.00041	0.0597898	1.11648	0.999586	2.79005	1.11602	0.939921	0	0	0	0	0	0	0	0	
0.337	1.00044	0.059715	1.11611	0.999562	2.78906	1.11563	0.940216	0	0	0	0	0	0	0	0	
0.338	1.00045	0.0596411	1.11575	0.999555	2.78813	1.11525	0.9405	0	0	0	0	0	0	0	0	
0.339	1.00044	0.0595683	1.11539	0.999556	2.78723	1.11489	0.940778	0	0	0	0	0	0	0	0	
0.34	1.00045	0.0594962	1.11503	0.999555	2.78633	1.11453	0.941056	0	0	0	0	0	0	0	0	
0.341	1.00045	0.0594249	1.11467	0.999546	2.78541	1.11416	0.941338	0	0	0	0	0	0	0	0	
0.342	1.00048	0.0593543	1.11432	0.999524	2.78447	1.11379	0.941625	0	0	0	0	0	0	0	0	
0.343	1.00051	0.0592841	1.11396	0.999488	2.78349	1.11339	0.941919	0	0	0	0	0	0	0	0	
0.344	1.00056	0.0592143	1.11362	0.999439	2.78248	1.11299	0.942219	0	0	0	0	0	0	0	0	
0.345	1.00062	0.0591449	1.11327	0.999385	2.78146	1.11258	0.942521	0	0	0	0	0	0	0	0	
0.346	1.00067	0.0590757	1.11293	0.99933	2.78045	1.11218	0.942821	0	0	0	0	0	0	0	0	
0.347	1.00072	0.0590067	1.11259	0.999279	2.77946	1.11178	0.943119	0	0	0	0	0	0	0	0	
0.348	1.00077	0.058938	1.11225	0.999227	2.77847	1.11139	0.943416	0	0	0	0	0	0	0	0	
0.349	1.00084	0.0588695	1.11191	0.999163	2.77745	1.11098	0.943717	0	0	0	0	0	0	0	0	
0.35	1.00093	0.0588011	1.11158	0.999073	2.77637	1.11055	0.944031	0	0	0	0	0	0	0	0	
0.351	1.00106	0.0587328	1.11125	0.99894	2.77518	1.11007	0.944366	0	0	0	0	0	0	0	0	
0.352	1.00124	0.0586644	1.11092	0.998761	2.77386	1.10955	0.944723	0	0	0	0	0	0	0	0	
0.353	1.00146	0.0585959	1.1106	0.99854	2.77244	1.10898	0.945101	0	0	0	0	0	0	0	0	
0.354	1.0017	0.0585271	1.11027	0.998298	2.77096	1.10839	0.945488	0	0	0	0	0	0	0	0	
0.355	1.00194	0.0584582	1.10995	0.99806	2.7695	1.1078	0.945872	0	0	0	0	0	0	0	0	
0.356	1.00216	0.0583892	1.10964	0.997846	2.76812	1.10725	0.946242	0	0	0	0	0	0	0	0	
0.357	1.00234	0.0583201	1.10932	0.99767	2.76684	1.10674	0.946592	0	0	0	0	0	0	0	0	
0.358	1.00248	0.0582513	1.10901	0.99753	2.76567	1.10627	0.946921	0	0	0	0	0	0	0	0	
0.359	1.00259	0.0581827	1.1087	0.997419	2.76458	1.10583	0.947235	0	0	0	0	0	0	0	0	
0.36	1.00268	0.0581146	1.10839	0.997326	2.76355	1.10542	0.947538	0	0	0	0	0	0	0	0	
0.361	1.00276	0.0580469	1.10808	0.997245	2.76256	1.10502	0.947834	0	0	0	0	0	0	0	0	
0.362	1.00284	0.0579799	1.10777	0.997172	2.7616	1.10464	0.948125	0	0	0	0	0	0	0	0	
0.363	1.0029	0.0579135	1.10747	0.997105	2.76065	1.10426	0.948413	0	0	0	0	0	0	0	0	
0.364	1.00297	0.0578478	1.10716	0.99704	2.75972	1.10389	0.948698	0	0	0	0	0	0	0	0	
0.365	1.00304	0.0577828	1.10686	0.996971	2.75877	1.10351	0.948985	0	0	0	0	0	0	0	0	
0.366	1.00312	0.0577186	1.10656	0.996892	2.75781	1.10312	0.949275	0	0	0	0	0	0	0	0	
0.367	1.00321	0.0576553	1.10626	0.996804	2.75682	1.10273	0.94957	0	0	0	0	0	0	0	0	
0.368	1.0033	0.0575927	1.10596	0.996713	2.75582	1.10233	0.949865	0	0	0	0	0	0	0	0	
0.369	1.00338	0.0575312	1.10567	0.99663	2.75485	1.10194	0.950156	0	0	0	0	0	0	0	0	
0.37	1.00345	0.0574706	1.10537	0.996563	2.75393	1.10157	0.950439	0	0	0	0	0	0	0	0	
0.371	1.0035	0.0574112	1.10508	0.996509	2.75304	1.10122	0.950715	0	0	0	0	0	0	0	0	
0.372	1.00355	0.057353	1.10478	0.996458	2.75217	1.10087	0.950989	0	0	0	0	0	0	0	0	
0.373	1.00362	0.057296	1.10449	0.996395	2.75126	1.1005	0.951268	0	0	0	0	0	0	0	0	
0.374	1.00371	0.0572403	1.10419	0.996299	2.75026	1.1001	0.951562	0	0	0	0	0	0	0	0	
0.375	1.00386	0.0571857	1.1039	0.996159	2.74914	1.09966	0.951877	0	0	0	0	0	0	0	0	
0.376	1.00404	0.0571322	1.1036	0.995972	2.74789	1.09916	0.952213	0	0	0	0	0	0	0	0	
0.377	1.00427	0.0570797	1.10331	0.995749	2.74655	1.09862	0.952566	0	0	0	0	0	0	0	0	
0.378	1.0045	0.057028	1.10302	0.995516	2.74517	1.09807	0.952923	0	0	0	0	0	0	0	0	
0.379	1.00472	0.0569773	1.10272	0.995304	2.74386	1.09754	0.953269	0	0	0	0	0	0	0	0	
0.38	1.00489	0.0569276	1.10243	0.995138	2.74267	1.09707	0.953594	0	0	0	0	0	0	0	0	
0.381	1.005	0.0568789	1.10214	0.99503	2.74164	1.09666	0.953891	0	0	0	0	0	0	0	0	
0.382	1.00506	0.0568314	1.10184	0.994967	2.74074	1.0963	0.954166	0	0	0	0	0	0	0	0	
0.383	1.0051	0.0567849	1.10155	0.994924	2.7399	1.09596	0.954432	0	0	0	0	0	0	0	0	
0.384	1.00516	0.0567393	1.10126	0.994869	2.73902	1.09561	0.954701	0	0	0	0	0	0	0	0	
0.385	1.00525	0.0566946	1.10097	0.994782	2.73806	1.09522	0.954985	0	0	0	0	0	0	0	0	
0.386	1.00536	0.0566505	1.10068	0.994664	2.73701	1.09481	0.955282	0	0	0	0	0	0	0	0	
0.387	1.0055	0.0566067	1.10039	0.994531	2.73593	1.09437	0.955585	0	0	0	0	0	0	0	0	
0.388	1.00562	0.0565632	1.1001	0.994407	2.73488	1.09395	0.955884	0	0	0	0	0	0	0	0	
0.389	1.00573	0.0565198	1.09982	0.994305	2.73389	1.09356	0.956172	0	0	0	0	0	0	0	0	
0.39	1.00581	0.0564765	1.09954	0.994221	2.73295	1.09318	0.956451	0	0	0	0	0	0	0	0	
0.391	1.00589	0.0564332	1.09925	0.994141	2.73203	1.09281	0.956727	0	0	0	0	0	0	0	0	
0.392	1.00599	0.0563897	1.09897	0.994048	2.73108	1.09243	0.957007	0	0	0	0	0	0	0	0	
0.393	1.0061	0.056346	1.0987	0.993938	2.73009	1.09204	0.957295	0	0	0	0	0	0	0	0	
0.394	1.00622	0.0563019	1.09842	0.993819	2.72908	1.09163	0.957585	0	0	0	0	0	0	0	0	
0.395	1.00633	0.0562575	1.09815	0.993712	2.72811	1.09125	0.957869	0	0	0	0	0	0	0	0	
0.396	1.00641	0.0562126	1.09788	0.993634	2.72723	1.09089	0.95814	0	0	0	0	0	0	0	0	
0.397	1.00645	0.0561675	1.09761	0.993588	2.72644	1.09057	0.958395	0	0	0	0	0	0	0	0	
0.398	1.00648	0.0561222	1.09735	0.993565	2.72571	1.09029	0.958641	0	0	0	0	0	0	0	0	
0.399	1.0065	0.0560768	1.09708	0.993545	2.72501	1.09	0.958883	0	0	0	0	0	0	0	0	
0.4	1.00653	0.0560312	1.09682	0.993512	2.72427	1.08971	0.95913	0	0	0	0	0	0	0	0	
0.401	1.00659	0.0559855	1.09656	0.993456	2.72347	1.08939	0.959387	0	0	0	0	0	0	0	0	
0.402	1.00667	0.0559397	1.09631	0.993372	2.7226	1.08904	0.959654	0	0	0	0	0	0	0	0	
0.403	1.00679	0.0558938	1.09605	0.993254	2.72165	1.08866	0.959934	0	0	0	0	0	0	0	0	
0.404	1.00695	0.0558478	1.0958	0.9931	2.7206	1.08824	0.960229	0	0	0	0	0	0	0	0	
0.405	1.00714	0.0558017	1.09555	0.992907	2.71945	1.08778	0.960538	0	0	0	0	0	0	0	0	
0.406	1.00737	0.0557553	1.0953	0.992682	2.71821	1.08728	0.96086	0	0	0	0	0	0	0	0	
0.407	1.00761	0.0557088	1.09505	0.992447	2.71695	1.08678	0.961186	0	0	0	0	0	0	0	0	
0.408	1.00783	0.0556622	1.0948	0.992235	2.71576	1.0863	0.9615	0	0	0	0	0	0	0	0	
0.409	1.00798	0.0556158	1.09456	0.992081	2.71472	1.08589	0.961791	0	0	0	0	0	0	0	0	
0.41	1.00806	0.0555696	1.09431	0.992003	2.71391	1.08556	0.96205	0	0	0	0	0	0	0	0	
0.411	1.00807	0.0555239	1.09407	0.991997	2.71329	1.08531	0.96228	0	0	0	0	0	0	0	0	
0.412	1.00804	0.0554789	1.09383	0.992029	2.71277	1.08511	0.962493	0	0	0	0	0	0	0	0	
0.413	1.00801	0.0554346	1.09359	0.992051	2.71223	1.08489	0.962709	0	0	0	0	0	0	0	0	
0.414	1.00805	0.055391	1.09335	0.992017	2.71155	1.08462	0.962947	0	0	0	0	0	0	0	0	
0.415	1.00816	0.0553479	1.09311	0.991902	2.71064	1.08425	0.963216	0	0	0	0	0	0	0	0	
0.416	1.00835	0.0553052	1.09287	0.991714	2.70953	1.08381	0.963514	0	0	0	0	0	0	0	0	
0.417	1.00858	0.0552627	1.09263	0.991492	2.70833	1.08333	0.963825	0	0	0	0	0	0	0	0	
0.418	1.00879	0.0552205	1.09239	0.991285	2.70718	1.08287	0.964129	0	0	0	0	0	0	0	0	
0.419	1.00895	0.0551785	1.09216	0.991134	2.70618	1.08247	0.964412	0	0	0	0	0	0	0	0	
0.42	1.00903	0.055137	1.09192	0.99105	2.70537	1.08215	0.964668	0	0	0	0	0	0	0	0	
0.421	1.00907	0.0550961	1.09169	0.991013	2.70469	1.08188	0.964905	0	0	0	0	0	0	0	0	
0.422	1.00909	0.0550557	1.09145	0.990987	2.70404	1.08162	0.965138	0	0	0	0	0	0	0	0	
0.423	1.00914	0.0550158	1.09122	0.990942	2.70334	1.08133	0.965376	0	0	0	0	0	0	0	0	
0.424	1.00921	0.0549764	1.09099	0.990871	2.70257	1.08103	0.965624	0	0	0	0	0	0	0	0	
0.425	1.0093	0.0549373	1.09076	0.990791	2.70178	1.08071	0.965875	0	0	0	0	0	0	0	0	
0.426	1.00936	0.0548987	1.09052	0.990726	2.70103	1.08041	0.966121	0	0	0	0	0	0	0	0	
0.427	1.00939	0.0548604	1.0903	0.990693	2.70037	1.08015	0.966354	0	0	0	0	0	0	0	0	
0.428	1.0094	0.0548227	1.09007	0.990684	2.69978	1.07991	0.966578	0	0	0	0	0	0	0	0	
0.429	1.00942	0.0547853	1.08984	0.990671	2.69918	1.07967	0.966803	0	0	0	0	0	0	0	0	
0.43	1.00947	0.0547485	1.08961	0.990616	2.69847	1.07939	0.967042	0	0	0	0	0	0	0	0	
0.431	1.0096	0.0547119	1.08939	0.990488	2.69756	1.07902	0.967307	0	0	0	0	0	0	0	0	
0.432	1.00982	0.0546755	1.08916	0.990276	2.69643	1.07857	0.967601	0	0	0	0	0	0	0	0	
0.433	1.0101	0.0546391	1.08894	0.99	2.69512	1.07805	0.967918	0	0	0	0	0	0	0	0	
0.434	1.0104	0.0546026	1.08871	0.989702	2.69375	1.0775	0.968242	0	0	0	0	0	0	0	0	
0.435	1.01067	0.0545662	1.08849	0.989442	2.69249	1.077	0.968553	0	0	0	0	0	0	0	0	
0.436	1.01084	0.0545301	1.08827	0.989271	2.69148	1.07659	0.968831	0	0	0	0	0	0	0	0	
0.437	1.0109	0.0544945	1.08804	0.98922	2.69079	1.07631	0.969068	0	0	0	0	0	0	0	0	
0.438	1.01084	0.0544596	1.08782	0.989279	2.6904	1.07616	0.969266	0	0	0	0	0	0	0	0	
0.439	1.01071	0.0544258	1.0876	0.989408	2.6902	1.07608	0.969438	0	0	0	0	0	0	0	0	
0.44	1.01056	0.0543931	1.08738	0.989548	2.69004	1.07601	0.969607	0	0	0	0	0	0	0	0	
0.441	1.01047	0.0543615	1.08716	0.989643	2.68975	1.0759	0.969791	0	0	0	0	0	0	0	0	
0.442	1.01045	0.0543308	1.08694	0.989658	2.68924	1.0757	0.970001	0	0	0	0	0	0	0	0	
0.443	1.01052	0.0543008	1.08672	0.98959	2.68851	1.07541	0.97024	0	0	0	0	0	0	0	0	
0.444	1.01065	0.0542713	1.0865	0.989459	2.68761	1.07504	0.9705	0	0	0	0	0	0	0	0	
0.445	1.01082	0.054242	1.08628	0.989294	2.68662	1.07465	0.970772	0	0	0	0	0	0	0	0	
0.446	1.011	0.0542129	1.08606	0.989122	2.68561	1.07424	0.971045	0	0	0	0	0	0	0	0	
0.447	1.01117	0.0541837	1.08584	0.988958	2.68463	1.07385	0.971315	0	0	0	0	0	0	0	0	
0.448	1.01132	0.0541545	1.08562	0.988806	2.68368	1.07347	0.971581	0	0	0	0	0	0	0	0	
0.449	1.01147	0.0541249	1.08541	0.98866	2.68275	1.0731	0.971843	0	0	0	0	0	0	0	0	
0.45	1.01162	0.054095	1.08519	0.988513	2.68182	1.07273	0.972105	0	0	0	0	0	0	0	0	
0.451	1.01178	0.0540646	1.08498	0.988357	2.68087	1.07235	0.972368	0	0	0	0	0	0	0	0	
0.452	1.01196	0.0540337	1.08477	0.988182	2.67987	1.07195	0.972637	0	0	0	0	0	0	0	0	
0.453	1.01216	0.0540021	1.08456	0.987982	2.67882	1.07153	0.972912	0	0	0	0	0	0	0	0	
0.454	1.0124	0.0539698	1.08435	0.987755	2.67769	1.07108	0.973194	0	0	0	0	0	0	0	0	
0.455	1.01265	0.0539368	1.08415	0.987509	2.67651	1.0706	0.973481	0	0	0	0	0	0	0	0	
0.456	1.0129	0.0539033	1.08394	0.987263	2.67534	1.07014	0.973767	0	0	0	0	0	0	0	0	
0.457	1.01312	0.0538693	1.08374	0.987052	2.67427	1.06971	0.974041	0	0	0	0	0	0	0	0	
0.458	1.01326	0.0538353	1.08354	0.986916	2.6734	1.06936	0.974293	0	0	0	0	0	0	0	0	
0.459	1.01329	0.0538016	1.08333	0.986888	2.67282	1.06913	0.974512	0	0	0	0	0	0	0	0	
0.46	1.01319	0.0537685	1.08313	0.986978	2.67257	1.06903	0.974695	0	0	0	0	0	0	0	0	
0.461	1.013	0.0537363	1.08293	0.987165	2.67258	1.06903	0.97485	0	0	0	0	0	0	0	0	
0.462	1.01276	0.0537054	1.08273	0.987399	2.67272	1.06909	0.974991	0	0	0	0	0	0	0	0	
0.463	1.01254	0.0536757	1.08253	0.987616	2.67282	1.06913	0.975137	0	0	0	0	0	0	0	0	
0.464	1.01239	0.0536472	1.08233	0.987763	2.67272	1.06909	0.975303	0	0	0	0	0	0	0	0	
0.465	1.01235	0.0536195	1.08213	0.987805	2.67234	1.06894	0.9755	0	0	0	0	0	0	0	0	
0.466	1.01242	0.0535925	1.08193	0.987735	2.67166	1.06866	0.97573	0	0	0	0	0	0	0	0	
0.467	1.01259	0.0535658	1.08174	0.987563	2.67071	1.06828	0.975988	0	0	0	0	0	0	0	0	
0.468	1.01286	0.053539	1.08154	0.987307	2.66952	1.06781	0.976269	0	0	0	0	0	0	0	0	
0.469	1.01319	0.053512	1.08134	0.986986	2.66817	1.06727	0.976568	0	0	0	0	0	0	0	0	
0.47	1.01355	0.0534847	1.08114	0.98663	2.66672	1.06669	0.976875	0	0	0	0	0	0	0	0	
0.471	1.0139	0.0534569	1.08095	0.986288	2.66531	1.06612	0.977178	0	0	0	0	0	0	0	0	
0.472	1.01417	0.0534289	1.08075	0.986023	2.66411	1.06565	0.977459	0	0	0	0	0	0	0	0	
0.473	1.01431	0.053401	1.08056	0.985894	2.66329	1.06531	0.977703	0	0	0	0	0	0	0	0	
0.474	1.01428	0.0533734	1.08036	0.985919	2.66288	1.06515	0.977905	0	0	0	0	0	0	0	0	
0.475	1.01413	0.0533467	1.08017	0.986063	2.66279	1.06512	0.978074	0	0	0	0	0	0	0	0	
0.476	1.01395	0.053321	1.07998	0.986243	2.6628	1.06512	0.978234	0	0	0	0	0	0	0	0	
0.477	1.01383	0.0532964	1.07978	0.98636	2.66264	1.06506	0.97841	0	0	0	0	0	0	0	0	
0.478	1.01385	0.0532727	1.07959	0.986336	2.6621	1.06484	0.978621	0	0	0	0	0	0	0	0	
0.479	1.01405	0.0532497	1.0794	0.986144	2.6611	1.06444	0.978876	0	0	0	0	0	0	0	0	
0.48	1.01439	0.053227	1.0792	0.985817	2.65974	1.0639	0.979165	0	0	0	0	0	0	0	0	
0.481	1.01478	0.0532042	1.07901	0.985439	2.65825	1.0633	0.979466	0	0	0	0	0	0	0	0	
0.482	1.01511	0.0531814	1.07882	0.985118	2.6569	1.06276	0.979753	0	0	0	0	0	0	0	0	
0.483	1.01528	0.0531586	1.07863	0.984945	2.65597	1.06239	0.980004	0	0	0	0	0	0	0	0	
0.484	1.01526	0.0531359	1.07843	0.984965	2.65555	1.06222	0.980207	0	0	0	0	0	0	0	0	
0.485	1.01507	0.0531135	1.07824	0.985151	2.65558	1.06223	0.980369	0	0	0	0	0	0	0	0	
0.486	1.01479	0.0530915	1.07806	0.985427	2.65586	1.06234	0.980508	0	0	0	0	0	0	0	0	
0.487	1.01451	0.05307	1.07787	0.9857	2.65614	1.06245	0.980649	0	0	0	0	0	0	0	0	
0.488	1.01432	0.053049	1.07768	0.985882	2.65617	1.06247	0.980811	0	0	0	0	0	0	0	0	
0.489	1.01429	0.0530281	1.0775	0.985908	2.65578	1.06231	0.981009	0	0	0	0	0	0	0	0	
0.49	1.01445	0.0530073	1.07731	0.985752	2.65491	1.06196	0.981249	0	0	0	0	0	0	0	0	
0.491	1.01478	0.0529862	1.07713	0.985435	2.6536	1.06144	0.981526	0	0	0	0	0	0	0	0	
0.492	1.0152	0.0529647	1.07694	0.985025	2.65204	1.06082	0.981824	0	0	0	0	0	0	0	0	
0.493	1.01563	0.0529429	1.07676	0.984611	2.65048	1.06019	0.982122	0	0	0	0	0	0	0	0	
0.494	1.01598	0.0529209	1.07658	0.984267	2.6491	1.05964	0.982403	0	0	0	0	0	0	0	0	
0.495	1.01623	0.0528989	1.0764	0.984033	2.64802	1.05921	0.982659	0	0	0	0	0	0	0	0	
0.496	1.01634	0.0528771	1.07621	0.983924	2.64728	1.05891	0.982887	0	0	0	0	0	0	0	0	
0.497	1.01632	0.0528556	1.07603	0.983943	2.64688	1.05875	0.983087	0	0	0	0	0	0	0	0	
0.498	1.01618	0.0528347	1.07585	0.984082	2.64681	1.05873	0.983262	0	0	0	0	0	0	0	0	
0.499	1.01594	0.0528145	1.07567	0.984306	2.64697	1.05879	0.98342	0	0	0	0	0	0	0	0	
0.5	1.0157	0.052795	1.07549	0.984543	2.64717	1.05887	0.983574	0	0	0	0	0	0	0	0	
0.501	1.01553	0.0527764	1.07531	0.984712	2.64718	1.05887	0.983743	0	0	0	0	0	0	0	0	
0.502	1.01548	0.0527585	1.07513	0.984756	2.64686	1.05874	0.983937	0	0	0	0	0	0	0	0	
0.503	1.01558	0.0527414	1.07495	0.984662	2.64616	1.05847	0.98416	0	0	0	0	0	0	0	0	
0.504	1.01579	0.0527251	1.07477	0.984452	2.64516	1.05806	0.984405	0	0	0	0	0	0	0	0	
0.505	1.01608	0.0527096	1.07459	0.98417	2.64395	1.05758	0.984664	0	0	0	0	0	0	0	0	
0.506	1.0164	0.0526952	1.07441	0.983863	2.64267	1.05707	0.984928	0	0	0	0	0	0	0	0	
0.507	1.01671	0.0526818	1.07422	0.983565	2.64142	1.05657	0.985189	0	0	0	0	0	0	0	0	
0.508	1.01699	0.0526694	1.07404	0.983292	2.64023	1.05609	0.985444	0	0	0	0	0	0	0	0	
0.509	1.01724	0.0526578	1.07385	0.983049	2.63912	1.05565	0.985692	0	0	0	0	0	0	0	0	
0.51	1.01745	0.0526464	1.07366	0.98285	2.63813	1.05525	0.985931	0	0	0	0	0	0	0	0	
0.511	1.01758	0.0526346	1.07348	0.982727	2.63734	1.05494	0.986156	0	0	0	0	0	0	0	0	
0.512	1.01758	0.0526216	1.07329	0.982725	2.63688	1.05475	0.98636	0	0	0	0	0	0	0	0	
0.513	1.01742	0.0526069	1.07312	0.982878	2.63685	1.05474	0.986536	0	0	0	0	0	0	0	0	
0.514	1.01713	0.0525897	1.07294	0.983163	2.63719	1.05488	0.98669	0	0	0	0	0	0	0	0	
0.515	1.01679	0.0525698	1.07277	0.983488	2.63765	1.05506	0.986836	0	0	0	0	0	0	0	0	
0.516	1.01652	0.0525468	1.07261	0.983746	2.63794	1.05518	0.986995	0	0	0	0	0	0	0	0	
0.517	1.01639	0.0525207	1.07245	0.983874	2.6379	1.05516	0.987174	0	0	0	0	0	0	0	0	
0.518	1.0164	0.0524922	1.0723	0.983866	2.6375	1.055	0.987377	0	0	0	0	0	0	0	0	
0.519	1.01654	0.0524619	1.07215	0.983734	2.63678	1.05471	0.987599	0	0	0	0	0	0	0	0	
0.52	1.01678	0.052431	1.07201	0.983497	2.63579	1.05431	0.987837	0	0	0	0	0	0	0	0	
0.521	1.01709	0.0524008	1.07186	0.983196	2.63461	1.05385	0.988085	0	0	0	0	0	0	0	0	
0.522	1.0174	0.0523725	1.0717	0.982894	2.63343	1.05337	0.988332	0	0	0	0	0	0	0	0	
0.523	1.01767	0.0523473	1.07155	0.982641	2.63237	1.05295	0.988572	0	0	0	0	0	0	0	0	
0.524	1.01787	0.0523256	1.07139	0.982447	2.63145	1.05258	0.988802	0	0	0	0	0	0	0	0	
0.525	1.01802	0.0523077	1.07122	0.982302	2.63066	1.05226	0.989025	0	0	0	0	0	0	0	0	
0.526	1.01813	0.0522932	1.07105	0.982196	2.62995	1.05198	0.989242	0	0	0	0	0	0	0	0	
0.527	1.0182	0.0522812	1.07088	0.982123	2.62933	1.05173	0.989453	0	0	0	0	0	0	0	0	
0.528	1.01827	0.0522705	1.0707	0.982061	2.62874	1.0515	0.989664	0	0	0	0	0	0	0	0	
0.529	1.01835	0.0522601	1.07053	0.981976	2.62808	1.05123	0.989876	0	0	0	0	0	0	0	0	
0.53	1.01847	0.0522488	1.07035	0.981864	2.62736	1.05094	0.990092	0	0	0	0	0	0	0	0	
0.531	1.01858	0.0522362	1.07018	0.981763	2.62667	1.05067	0.990306	0	0	0	0	0	0	0	0	
0.532	1.01866	0.0522221	1.07002	0.981683	2.62604	1.05042	0.990517	0	0	0	0	0	0	0	0	
0.533	1.01877	0.052207	1.06985	0.981579	2.62536	1.05014	0.99073	0	0	0	0	0	0	0	0	
0.534	1.01892	0.0521915	1.06969	0.98143	2.62455	1.04982	0.990948	0	0	0	0	0	0	0	0	
0.535	1.01906	0.0521766	1.06952	0.981298	2.6238	1.04952	0.991164	0	0	0	0	0	0	0	0	
0.536	1.01909	0.0521632	1.06935	0.981272	2.62332	1.04933	0.991367	0	0	0	0	0	0	0	0	
0.537	1.01886	0.0521522	1.06919	0.981486	2.62348	1.04939	0.991545	0	0	0	0	0	0	0	0	
0.538	1.01858	0.0521436	1.06902	0.981756	2.62378	1.04951	0.991715	0	0	0	0	0	0	0	0	
0.539	1.01864	0.0521366	1.06884	0.981699	2.6232	1.04928	0.99192	0	0	0	0	0	0	0	0	
0.54	1.01905	0.0521296	1.06867	0.981303	2.62172	1.04869	0.992162	0	0	0	0	0	0	0	0	
0.541	1.01943	0.0521209	1.0685	0.980938	2.62033	1.04813	0.992401	0	0	0	0	0	0	0	0	
0.542	1.01947	0.0521094	1.06834	0.980907	2.61984	1.04794	0.992607	0	0	0	0	0	0	0	0	
0.543	1.01931	0.0520944	1.06818	0.98106	2.61986	1.04795	0.992793	0	0	0	0	0	0	0	0	
0.544	1.0193	0.0520756	1.06802	0.981069	2.61951	1.04781	0.992991	0	0	0	0	0	0	0	0	
0.545	1.01949	0.0520535	1.06788	0.980885	2.61866	1.04746	0.993206	0	0	0	0	0	0	0	0	
0.546	1.01962	0.0520303	1.06773	0.980754	2.61796	1.04718	0.993418	0	0	0	0	0	0	0	0	
0.547	1.01952	0.0520098	1.06758	0.980858	2.61787	1.04715	0.993609	0	0	0	0	0	0	0	0	
0.548	1.01933	0.0519961	1.06743	0.981039	2.61797	1.04719	0.993795	0	0	0	0	0	0	0	0	
0.549	1.01935	0.0519927	1.06726	0.981014	2.61749	1.047	0.993997	0	0	0	0	0	0	0	0	
0.55	1.01959	0.0520009	1.06707	0.980789	2.61643	1.04657	0.994216	0	0	0	0	0	0	0	0	
0.551	1.0197	0.0520195	1.06687	0.980676	2.61563	1.04625	0.994429	0	0	0	0	0	0	0	0	
0.552	1.01954	0.0520443	1.06666	0.980839	2.61555	1.04622	0.994621	0	0	0	0	0	0	0	0	
0.553	1.01939	0.0520687	1.06645	0.98098	2.61542	1.04617	0.994814	0	0	0	0	0	0	0	0	
0.554	1.01958	0.0520854	1.06625	0.980792	2.61443	1.04577	0.995029	0	0	0	0	0	0	0	0	
0.555	1.01983	0.0520892	1.06608	0.980552	2.61336	1.04534	0.995246	0	0	0	0	0	0	0	0	
0.556	1.01976	0.0520789	1.06592	0.980624	2.61317	1.04527	0.995444	0	0	0	0	0	0	0	0	
0.557	1.01944	0.0520582	1.06578	0.980934	2.61365	1.04546	0.995627	0	0	0	0	0	0	0	0	
0.558	1.01844	0.0520342	1.06565	0.981896	2.6159	1.04636	0.995774	0	0	0	0	0	0	0	0	
0.559	1.01892	0.0520136	1.06551	0.981428	2.61432	1.04573	0.995997	0	0	0	0	0	0	0	0	
0.56	1.02011	0.0519997	1.06537	0.980287	2.61091	1.04436	0.996258	0	0	0	0	0	0	0	0	
0.561	1.02047	0.0519934	1.06521	0.979937	2.60959	1.04384	0.996481	0	0	0	0	0	0	0	0	
0.562	1.02015	0.0519909	1.06504	0.980251	2.61003	1.04401	0.99667	0	0	0	0	0	0	0	0	
0.563	1.01972	0.0519803	1.06489	0.98066	2.61075	1.0443	0.996853	0	0	0	0	0	0	0	0	
0.564	1.0201	0.0519398	1.06479	0.980294	2.60951	1.04381	0.997067	0	0	0	0	0	0	0	0	
0.565	1.02047	0.0518489	1.06476	0.979944	2.60851	1.0434	0.99728	0	0	0	0	0	0	0	0	
0.566	1.02035	0.0517161	1.06479	0.980052	2.60886	1.04355	0.997475	0	0	0	0	0	0	0	0	
0.567	1.0205	0.051586	1.06481	0.979916	2.60857	1.04343	0.997677	0	0	0	0	0	0	0	0	
0.568	1.02134	0.0514959	1.06478	0.979106	2.60633	1.04253	0.9979	0	0	0	0	0	0	0	0	
0.569	1.02022	0.0514624	1.06467	0.98018	2.60892	1.04357	0.998076	0	0	0	0	0	0	0	0	
0.57	1.01993	0.0515635	1.06436	0.980464	2.60892	1.04357	0.998274	0	0	0	0	0	0	0	0	
0.571	1.01895	0.0518891	1.06373	0.981406	2.60988	1.04395	0.998466	0	0	0	0	0	0	0	0	
0.572	1.0191	0.0520911	1.06328	0.98126	2.60838	1.04335	0.998679	0	0	0	0	0	0	0	0	
0.573	1.02017	0.0514573	1.06404	0.980231	2.60751	1.04301	0.998893	0	0	0	0	0	0	0	0	
0.574	1.01914	0.0506808	1.06499	0.981215	2.61245	1.04498	0.999077	0	0	0	0	0	0	0	0	
0.575	1.02088	0.0519974	1.06257	0.979544	2.60208	1.04083	0.999318	0	0	0	0	0	0	0	0	
0.576	1.01794	0.0532884	1.0575	0.982372	2.59715	1.03886	0.999524	0	0	0	0	0	0	0	0	
0.577	1.01201	0.0388345	1.05117	0.988128	2.59672	1.03869	0.999716	0	0	0	0	0	0	0	0	
0.578	0.964734	-0.0497895	0.980398	1.03656	2.54059	1.01624	0.999892	0	0	0	0	0	0	0	0	
0.579	0.823831	-0.175222	0.774981	1.21384	2.35176	0.940704	0.999981	0	0	0	0	0	0	0	0	
0.58	0.382625	-0.883104	0.265899	2.61353	1.73733	0.694933	1	0	0	0	0	0	0	0	0	
0.581	0.259259	-1.35769	0.0967742	3.85715	0.933181	0.373272	1	0	0	0	0	0	0	0	0	
0.582	0.259259	-1.35769	0.0967742	3.85715	0.933181	0.373272	1	0	0	0	0	0	0	0	0	
0.583	0.259259	-1.35769	0.0967742	3.85715	0.933181	0.373272	1	0	0	0	0	0	0	0	0	
0.584	0.259259	-1.35769	0.0967742	3.85715	0.933181	0.373272	1	0	0	0	0	0	0	0	0	
0.585	0.259259	-1.35769	0.0967742	3.85715	0.933181	0.373272	1	0	0	0	0	0	0	0	0	
0.586	0.259259	-1.35769	0.0967742	3.85715	0.933181	0.373272	1	0	0	0	0	0	0	0	0	
0.587	0.259259	-1.35769	0.0967742	3.85715	0.933181	0.373272	1	0	0	0	0	0	0	0	0	
0.588	0.259259	-1.35769	0.0967742	3.85715	0.933181	0.373272	1	0	0	0	0	0	0	0	0	
0.589	0.259259	-1.35769	0.0967742	3.85715	0.933181	0.373272	1	0	0	0	0	0	0	0	0	
0.59	0.259259	-1.35769	0.0967742	3.85715	0.933181	0.373272	1	0	0	0	0	0	0	0	0	
0.591	0.259259	-1.35769	0.0967742	3.85715	0.933181	0.373272	1	0	0	0	0	0	0	0	0	
0.592	0.259259	-1.35769	0.0967742	3.85715	0.933181	0.373272	1	0	0	0	0	0	0	0	0	
0.593	0.259259	-1.35769	0.0967742	3.85715	0.933181	0.373272	1	0	0	0	0	0	0	0	0	
0.594	0.259259	-1.35769	0.0967742	3.85715	0.933181	0.373272	1	0	0	0	0	0	0	0	0	
0.595	0.259259	-1.35769	0.0967742	3.85715	0.933181	0.373272	1	0	0	0	0	0	0	0	0	
0.596	0.259259	-1.35769	0.0967742	3.85715	0.933181	0.373272	1	0	0	0	0	0	0	0	0	
0.597	0.259259	-1.35769	0.0967742	3.85715	0.933181	0.373272	1	0	0	0	0	0	0	0	0	
0.598	0.259259	-1.35769	0.0967742	3.85715	0.933181	0.373272	1	0	0	0	0	0	0	0	0	
0.599	0.259259	-1.35769	0.0967742	3.85715	0.933181	0.373272	1	0	0	0	0	0	0	0	0	
0.6	0.259259	-1.35769	0.0967742	3.85715	0.933181	0.373272	1	0	0	0	0	0	0	0	0	
0.601	0.259259	-1.35769	0.0967742	3.85715	0.933181	0.373272	1	0	0	0	0	0	0	0	0	
0.602	0.259259	-1.35769	0.0967742	3.85715	0.933181	0.373272	1	0	0	0	0	0	0	0	0	
0.603	0.259259	-1.35769	0.0967742	3.85715	0.933181	0.373272	1	0	0	0	0	0	0	0	0	
0.604	0.259259	-1.35769	0.0967742	3.85715	0.933181	0.373272	1	0	0	0	0	0	0	0	0	
0.605	0.259259	-1.35769	0.0967742	3.85715	0.933181	0.373272	1	0	0	0	0	0	0	0	0	
0.606	0.259259	-1.35769	0.0967742	3.85715	0.933181	0.373272	1	0	0	0	0	0	0	0	0	
0.607	0.259259	-1.35769	0.0967742	3.85715	0.933181	0.373272	1	0	0	0	0	0	0	0	0	
0.608	0.259259	-1.35769	0.0967742	3.85715	0.933181	0.373272	1	0	0	0	0	0	0	0	0	
0.609	0.259259	-1.35769	0.0967742	3.85715	0.933181	0.373272	1	0	0	0	0	0	0	0	0	
0.61	0.259259	-1.35769	0.0967742	3.85715	0.933181	0.373272	1	0	0	0	0	0	0	0	0	
0.611	0.259259	-1.35769	0.0967742	3.85715	0.933181	0.373272	1	0	0	0	0	0	0	0	0	
0.612	0.259259	-1.35769	0.0967742	3.85715	0.933181	0.373272	1	0	0	0	0	0	0	0	0	
0.613	0.259259	-1.35769	0.0967742	3.85715	0.933181	0.373272	1	0	0	0	0	0	0	0	0	
0.614	0.259259	-1.35769	0.0967742	3.85715	0.933181	0.373272	1	0	0	0	0	0	0	0	0	
0.615	0.259259	-1.35769	0.0967742	3.85715	0.933181	0.373272	1	0	0	0	0	0	0	0	0	
0.616	0.259259	-1.35769	0.0967742	3.85715	0.933181	0.373272	1	0	0	0	0	0	0	0	0	
0.617	0.259259	-1.35769	0.0967742	3.85715	0.933181	0.373272	1	0	0	0	0	0	0	0	0	
0.618	0.259259	-1.35769	0.0967742	3.85715	0.933181	0.373272	1	0	0	0	0	0	0	0	0	
0.619	0.259259	-1.35769	0.0967742	3.85715	0.933181	0.373272	1	0	0	0	0	0	0	0	0	
0.62	0.259259	-1.35769	0.0967742	3.85715	0.933181	0.373272	1	0	0	0	0	0	0	0	0	
0.621	0.259259	-1.35769	0.0967742	3.85715	0.933181	0.373272	1	0	0	0	0	0	0	0	0	
0.622	0.259259	-1.35769	0.0967742	3.85715	0.933181	0.373272	1	0	0	0	0	0	0	0	0	
0.623	0.259259	-1.35769	0.0967742	3.85715	0.933181	0.373272	1	0	0	0	0	0	0	0	0	
0.624	0.259259	-1.35769	0.0967742	3.85715	0.933181	0.373272	1	0	0	0	0	0	0	0	0	
0.625	0.259259	-1.35769	0.0967742	3.85715	0.933181	0.373272	1	0	0	0	0	0	0	0	0	
0.626	0.259259	-1.35769	0.0967742	3.85715	0.933181	0.373272	1	0	0	0	0	0	0	0	0	
0.627	0.259259	-1.35769	0.0967742	3.85715	0.933181	0.373272	1	0	0	0	0	0	0	0	0	
0.628	0.259259	-1.35769	0.0967742	3.85715	0.933181	0.373272	1	0	0	0	0	0	0	0	0	
0.629	0.259259	-1.35769	0.0967742	3.85715	0.933181	0.373272	1	0	0	0	0	0	0	0	0	
0.63	0.259259	-1.35769	0.0967742	3.85715	0.933181	0.373272	1	0	0	0	0	0	0	0	0	
0.631	0.259259	-1.35769	0.0967742	3.85715	0.933181	0.373272	1	0	0	0	0	0	0	0	0	
0.632	0.259259	-1.35769	0.0967742	3.85715	0.933181	0.373272	1	0	0	0	0	0	0	0	0	
0.633	0.259259	-1.35769	0.0967742	3.85715	0.933181	0.373272	1	0	0	0	0	0	0	0	0	
0.634	0.259259	-1.35769	0.0967742	3.85715	0.933181	0.373272	1	0	0	0	0	0	0	0	0	
0.635	0.259259	-1.35769	0.0967742	3.85715	0.933181	0.373272	1	0	0	0	0	0	0	0	0	
0.636	0.259259	-1.35769	0.0967742	3.85715	0.933181	0.373272	1	0	0	0	0	0	0	0	0	
0.637	0.259259	-1.35769	0.0967742	3.85715	0.933181	0.373272	1	0	0	0	0	0	0	0	0	
0.638	0.259259	-1.35769	0.0967742	3.85715	0.933181	0.373272	1	0	0	0	0	0	0	0	0	
0.639	0.259259	-1.35769	0.0967742	3.85715	0.933181	0.373272	1	0	0	0	0	0	0	0	0	
0.64	0.259259	-1.35769	0.0967742	3.85715	0.933181	0.373272	1	0	0	0	0	0	0	0	0	
0.641	0.259259	-1.35769	0.0967742	3.85715	0.933181	0.373272	1	0	0	0	0	0	0	0	0	
0.642	0.259259	-1.35769	0.0967742	3.85715	0.933181	0.373272	1	0	0	0	0	0	0	0	0	
0.643	0.259259	-1.35769	0.0967742	3.85715	0.933181	0.373272	1	0	0	0	0	0	0	0	0	
0.644	0.259259	-1.35769	0.0967742	3.85715	0.933181	0.373272	1	0	0	0	0	0	0	0	0	
0.645	0.259259	-1.35769	0.0967742	3.85715	0.933181	0.373272	1	0	0	0	0	0	0	0	0	
0.646	0.259259	-1.35769	0.0967742	3.85715	0.933181	0.373272	1	0	0	0	0	0	0	0	0	
0.647	0.259259	-1.35769	0.0967742	3.85715	0.933181	0.373272	1	0	0	0	0	0	0	0	0	
0.648	0.259259	-1.35769	0.0967742	3.85715	0.933181	0.373272	1	0	0	0	0	0	0	0	0	
0.649	0.259259	-1.35769	0.0967742	3.85715	0.933181	0.373272	1	0	0	0	0	0	0	0	0	
0.65	0.259259	-1.35769	0.0967742	3.85715	0.933181	0.373272	1	0	0	0	0	0	0	0	0	
0.651	0.259259	-1.35769	0.0967742	3.85715	0.933181	0.373272	1	0	0	0	0	0	0	0	0	
0.652	0.259259	-1.35769	0.0967742	3.85715	0.933181	0.373272	1	0	0	0	0	0	0	0	0	
0.653	0.259259	-1.35769	0.0967742	3.85715	0.933181	0.373272	1	0	0	0	0	0	0	0	0	
0.654	0.259259	-1.35769	0.0967742	3.85715	0.933181	0.373272	1	0	0	0	0	0	0	0	0	
0.655	0.259259	-1.35769	0.0967742	3.85715	0.933181	0.373272	1	0	0	0	0	0	0	0	0	
0.656	0.259259	-1.35769	0.0967742	3.85715	0.933181	0.373272	1	0	0	0	0	0	0	0	0	
0.657	0.259259	-1.35769	0.0967742	3.85715	0.933181	0.373272	1	0	0	0	0	0	0	0	0	
0.658	0.259259	-1.35769	0.0967742	3.85715	0.933181	0.373272	1	0	0	0	0	0	0	0	0	
0.659	0.259259	-1.35769	0.0967742	3.85715	0.933181	0.373272	1	0	0	0	0	0	0	0	0	
0.66	0.259259	-1.35769	0.0967742	3.85715	0.933181	0.373272	1	0	0	0	0	0	0	0	0	
0.661	0.259259	-1.35769	0.0967742	3.85715	0.933181	0.373272	1	0	0	0	0	0	0	0	0	
0.662	0.259259	-1.35769	0.0967742	3.85715	0.933181	0.373272	1	0	0	0	0	0	0	0	0	
0.663	0.259259	-1.35769	0.0967742	3.85715	0.933181	0.373272	1	0	0	0	0	0	0	0	0	
0.664	0.259259	-1.35769	0.0967742	3.85715	0.933181	0.373272	1	0	0	0	0	0	0	0	0	
0.665	0.259259	-1.35769	0.0967742	3.85715	0.933181	0.373272	1	0	0	0	0	0	0	0	0	
0.666	0.259259	-1.35769	0.0967742	3.85715	0.933181	0.373272	1	0	0	0	0	0	0	0	0	
0.667	0.259259	-1.35769	0.0967742	3.85715	0.933181	0.373272	1	0	0	0	0	0	0	0	0	
0.668	0.259259	-1.35769	0.0967742	3.85715	0.933181	0.373272	1	0	0	0	0	0	0	0	0	
0.669	0.259259	-1.35769	0.0967742	3.85715	0.933181	0.373272	1	0	0	0	0	0	0	0	0	
0.67	0.259259	-1.35769	0.0967742	3.85715	0.933181	0.373272	1	0	0	0	0	0	0	0	0	
0.671	0.259259	-1.35769	0.0967742	3.85715	0.933181	0.373272	1	0	0	0	0	0	0	0	0	
0.672	0.259259	-1.35769	0.0967742	3.85715	0.933181	0.373272	1	0	0	0	0	0	0	0	0	
0.673	0.259259	-1.35769	0.0967742	3.85715	0.933181	0.373272	1	0	0	0	0	0	0	0	0	
0.674	0.259259	-1.35769	0.0967742	3.85715	0.933181	0.373272	1	0	0	0	0	0	0	0	0	
0.675	0.259259	-1.35769	0.0967742	3.85715	0.933181	0.373272	1	0	0	0	0	0	0	0	0	
0.676	0.259259	-1.35769	0.0967742	3.85715	0.933181	0.373272	1	0	0	0	0	0	0	0	0	
0.677	0.259259	-1.35769	0.0967742	3.85715	0.933181	0.373272	1	0	0	0	0	0	0	0	0	
0.678	0.259259	-1.35769	0.0967742	3.85715	0.933181	0.373272	1	0	0	0	0	0	0	0	0	
0.679	0.259259	-1.35769	0.0967742	3.85715	0.933181	0.373272	1	0	0	0	0	0	0	0	0	
0.68	0.259259	-1.35769	0.0967742	3.85715	0.933181	0.373272	1	0	0	0	0	0	0	0	0	
0.681	0.259259	-1.35769	0.0967742	3.85715	0.933181	0.373272	1	0	0	0	0	0	0	0	0	
0.682	0.259259	-1.35769	0.0967742	3.85715	0.933181	0.373272	1	0	0	0	0	0	0	0	0	
0.683	0.259259	-1.35769	0.0967742	3.85715	0.933181	0.373272	1	0	0	0	0	0	0	0	0	
0.684	0.259259	-1.35769	0.0967742	3.85715	0.933181	0.373272	1	0	0	0	0	0	0	0	0	
0.685	0.259259	-1.35769	0.0967742	3.85715	0.933181	0.373272	1	0	0	0	0	0	0	0	0	
0.686	0.259259	-1.35769	0.0967742	3.85715	0.933181	0.373272	1	0	0	0	0	0	0	0	0	
0.687	0.259259	-1.35769	0.0967742	3.85715	0.933181	0.373272	1	0	0	0	0	0	0	0	0	
0.688	0.259259	-1.35769	0.0967742	3.85715	0.933181	0.373272	1	0	0	0	0	0	0	0	0	
0.689	0.259259	-1.35769	0.0967742	3.85715	0.933181	0.373272	1	0	0	0	0	0	0	0	0	
0.69	0.259259	-1.35769	0.0967742	3.85715	0.933181	0.373272	1	0	0	0	0	0	0	0	0	
0.691	0.259259	-1.35769	0.0967742	3.85715	0.933181	0.373272	1	0	0	0	0	0	0	0	0	
0.692	0.259259	-1.35769	0.0967742	3.85715	0.933181	0.373272	1	0	0	0	0	0	0	0	0	
0.693	0.259259	-1.35769	0.0967742	3.85715	0.933181	0.373272	1	0	0	0	0	0	0	0	0	
0.694	0.259259	-1.35769	0.0967742	3.85715	0.933181	0.373272	1	0	0	0	0	0	0	0	0	
0.695	0.259259	-1.35769	0.0967742	3.85715	0.933181	0.373272	1	0	0	0	0	0	0	0	0	
0.696	0.259259	-1.35769	0.0967742	3.85715	0.933181	0.373272	1	0	0	0	0	0	0	0	0	
0.697	0.259259	-1.35769	0.0967742	3.85715	0.933181	0.373272	1	0	0	0	0	0	0	0	0	
0.698	0.259259	-1.35769	0.0967742	3.85715	0.933181	0.373272	1	0	0	0	0	0	0	0	0	
0.699	0.259259	-1.35769	0.0967742	3.85715	0.933181	0.373272	1	0	0	0	0	0	0	0	0	
0.7	0.259259	-1.35769	0.0967742	3.85715	0.933181	0.373272	1	0	0	0	0	0	0	0	0	
0.701	0.259259	-1.35769	0.0967742	3.85715	0.933181	0.373272	1	0	0	0	0	0	0	0	0	
0.702	0.259259	-1.35769	0.0967742	3.85715	0.933181	0.373272	1	0	0	0	0	0	0	0	0	
0.703	0.259259	-1.35769	0.0967742	3.85715	0.933181	0.373272	1	0	0	0	0	0	0	0	0	
0.704	0.259259	-1.35769	0.0967742	3.85715	0.933181	0.373272	1	0	0	0	0	0	0	0	0	
0.705	0.259259	-1.35769	0.0967742	3.85715	0.933181	0.373272	1	0	0	0	0	0	0	0	0	
0.706	0.259259	-1.35769	0.0967742	3.85715	0.933181	0.373272	1	0	0	0	0	0	0	0	0	
0.707	0.259259	-1.35769	0.0967742	3.85715	0.933181	0.373272	1	0	0	0	0	0	0	0	0	
0.708	0.259259	-1.35769	0.0967742	3.85715	0.933181	0.373272	1	0	0	0	0	0	0	0	0	
0.709	0.259259	-1.35769	0.0967742	3.85715	0.933181	0.373272	1	0	0	0	0	0	0	0	0	
0.71	0.259259	-1.35769	0.0967742	3.85715	0.933181	0.373272	1	0	0	0	0	0	0	0	0	
0.711	0.259259	-1.35769	0.0967742	3.85715	0.933181	0.373272	1	0	0	0	0	0	0	0	0	
0.712	0.259259	-1.35769	0.0967742	3.85715	0.933181	0.373272	1	0	0	0	0	0	0	0	0	
0.713	0.259259	-1.35769	0.0967742	3.85715	0.933181	0.373272	1	0	0	0	0	0	0	0	0	
0.714	0.259259	-1.35769	0.0967742	3.85715	0.933181	0.373272	1	0	0	0	0	0	0	0	0	
0.715	0.259259	-1.35769	0.0967742	3.85715	0.933181	0.373272	1	0	0	0	0	0	0	0	0	
0.716	0.259259	-1.35769	0.0967742	3.85715	0.933181	0.373272	1	0	0	0	0	0	0	0	0	
0.717	0.259259	-1.35769	0.0967742	3.85715	0.933181	0.373272	1	0	0	0	0	0	0	0	0	
0.718	0.259259	-1.35769	0.0967742	3.85715	0.933181	0.373272	1	0	0	0	0	0	0	0	0	
0.719	0.259259	-1.35769	0.0967742	3.85715	0.933181	0.373272	1	0	0	0	0	0	0	0	0	
0.72	0.259259	-1.35769	0.0967742	3.85715	0.933181	0.373272	1	0	0	0	0	0	0	0	0	
0.721	0.259259	-1.35769	0.0967742	3.85715	0.933181	0.373272	1	0	0	0	0	0	0	0	0	
0.722	0.259259	-1.35769	0.0967742	3.85715	0.933181	0.373272	1	0	0	0	0	0	0	0	0	
0.723	0.259259	-1.35769	0.0967742	3.85715	0.933181	0.373272	1	0	0	0	0	0	0	0	0	
0.724	0.259259	-1.35769	0.0967742	3.85715	0.933181	0.373272	1	0	0	0	0	0	0	0	0	
0.725	0.259259	-1.35769	0.0967742	3.85715	0.933181	0.373272	1	0	0	0	0	0	0	0	0	
0.726	0.259259	-1.35769	0.0967742	3.85715	0.933181	0.373272	1	0	0	0	0	0	0	0	0	
0.727	0.259259	-1.35769	0.0967742	3.85715	0.933181	0.373272	1	0	0	0	0	0	0	0	0	
0.728	0.259259	-1.35769	0.0967742	3.85715	0.933181	0.373272	1	0	0	0	0	0	0	0	0	
0.729	0.259259	-1.35769	0.0967742	3.85715	0.933181	0.373272	1	0	0	0	0	0	0	0	0	
0.73	0.259259	-1.35769	0.0967742	3.85715	0.933181	0.373272	1	0	0	0	0	0	0	0	0	
0.731	0.259259	-1.35769	0.0967742	3.85715	0.933181	0.373272	1	0	0	0	0	0	0	0	0	
0.732	0.259259	-1.35769	0.0967742	3.85715	0.933181	0.373272	1	0	0	0	0	0	0	0	0	
0.733	0.259259	-1.35769	0.0967742	3.85715	0.933181	0.373272	1	0	0	0	0	0	0	0	0	
0.734	0.259259	-1.35769	0.0967742	3.85715	0.933181	0.373272	1	0	0	0	0	0	0	0	0	
0.735	0.259259	-1.35769	0.0967742	3.85715	0.933181	0.373272	1	0	0	0	0	0	0	0	0	
0.736	0.259259	-1.35769	0.0967742	3.85715	0.933181	0.373272	1	0	0	0	0	0	0	0	0	
0.737	0.259259	-1.35769	0.0967742	3.85715	0.933181	0.373272	1	0	0	0	0	0	0	0	0	
0.738	0.259259	-1.35769	0.0967742	3.85715	0.933181	0.373272	1	0	0	0	0	0	0	0	0	
0.739	0.259259	-1.35769	0.0967742	3.85715	0.933181	0.373272	1	0	0	0	0	0	0	0	0	
0.74	0.259259	-1.35769	0.0967742	3.85715	0.933181	0.373272	1	0	0	0	0	0	0	0	0	
0.741	0.259259	-1.35769	0.0967742	3.85715	0.933181	0.373272	1	0	0	0	0	0	0	0	0	
0.742	0.259259	-1.35769	0.0967742	3.85715	0.933181	0.373272	1	0	0	0	0	0	0	0	0	
0.743	0.259259	-1.35769	0.0967742	3.85715	0.933181	0.373272	1	0	0	0	0	0	0	0	0	
0.744	0.259259	-1.35769	0.0967742	3.85715	0.933181	0.373272	1	0	0	0	0	0	0	0	0	
0.745	0.259259	-1.35769	0.0967742	3.85715	0.933181	0.373272	1	0	0	0	0	0	0	0	0	
0.746	0.259259	-1.35769	0.0967742	3.85715	0.933181	0.373272	1	0	0	0	0	0	0	0	0	
0.747	0.259259	-1.35769	0.0967742	3.85715	0.933181	0.373272	1	0	0	0	0	0	0	0	0	
0.748	0.259259	-1.35769	0.0967742	3.85715	0.933181	0.373272	1	0	0	0	0	0	0	0	0	
0.749	0.259259	-1.35769	0.0967742	3.85715	0.933181	0.373272	1	0	0	0	0	0	0	0	0	
0.75	0.259259	-1.35769	0.0967742	3.85715	0.933181	0.373272	1	0	0	0	0	0	0	0	0	
0.751	0.259259	-1.35769	0.0967742	3.85715	0.933181	0.373272	1	0	0	0	0	0	0	0	0	
0.752	0.259259	-1.35769	0.0967742	3.85715	0.933181	0.373272	1	0	0	0	0	0	0	0	0	
0.753	0.259259	-1.35769	0.0967742	3.85715	0.933181	0.373272	1	0	0	0	0	0	0	0	0	
0.754	0.259259	-1.35769	0.0967742	3.85715	0.933181	0.373272	1	0	0	0	0	0	0	0	0	
0.755	0.259259	-1.35769	0.0967742	3.85715	0.933181	0.373272	1	0	0	0	0	0	0	0	0	
0.756	0.259259	-1.35769	0.0967742	3.85715	0.933181	0.373272	1	0	0	0	0	0	0	0	0	
0.757	0.259259	-1.35769	0.0967742	3.85715	0.933181	0.373272	1	0	0	0	0	0	0	0	0	
0.758	0.259259	-1.35769	0.0967742	3.85715	0.933181	0.373272	1	0	0	0	0	0	0	0	0	
0.759	0.259259	-1.35769	0.0967742	3.85715	0.933181	0.373272	1	0	0	0	0	0	0	0	0	
0.76	0.259259	-1.35769	0.0967742	3.85715	0.933181	0.373272	1	0	0	0	0	0	0	0	0	
0.761	0.259259	-1.35769	0.0967742	3.85715	0.933181	0.373272	1	0	0	0	0	0	0	0	0	
0.762	0.259259	-1.35769	0.0967742	3.85715	0.933181	0.373272	1	0	0	0	0	0	0	0	0	
0.763	0.259259	-1.35769	0.0967742	3.85715	0.933181	0.373272	1	0	0	0	0	0	0	0	0	
0.764	0.259259	-1.35769	0.0967742	3.85715	0.933181	0.373272	1	0	0	0	0	0	0	0	0	
0.765	0.259259	-1.35769	0.0967742	3.85715	0.933181	0.373272	1	0	0	0	0	0	0	0	0	
0.766	0.259259	-1.35769	0.0967742	3.85715	0.933181	0.373272	1	0	0	0	0	0	0	0	0	
0.767	0.259259	-1.35769	0.0967742	3.85715	0.933181	0.373272	1	0	0	0	0	0	0	0	0	
0.768	0.259259	-1.35769	0.0967742	3.85715	0.933181	0.373272	1	0	0	0	0	0	0	0	0	
0.769	0.259259	-1.35769	0.0967742	3.85715	0.933181	0.373272	1	0	0	0	0	0	0	0	0	
0.77	0.259259	-1.35769	0.0967742	3.85715	0.933181	0.373272	1	0	0	0	0	0	0	0	0	
0.771	0.259259	-1.35769	0.0967742	3.85715	0.933181	0.373272	1	0	0	0	0	0	0	0	0	
0.772	0.259259	-1.35769	0.0967742	3.85715	0.933181	0.373272	1	0	0	0	0	0	0	0	0	
0.773	0.259259	-1.35769	0.0967742	3.85715	0.933181	0.373272	1	0	0	0	0	0	0	0	0	
0.774	0.259259	-1.35769	0.0967742	3.85715	0.933181	0.373272	1	0	0	0	0	0	0	0	0	
0.775	0.259259	-1.35769	0.0967742	3.85715	0.933181	0.373272	1	0	0	0	0	0	0	0	0	
0.776	0.259259	-1.35769	0.0967742	3.85715	0.933181	0.373272	1	0	0	0	0	0	0	0	0	
0.777	0.259259	-1.35769	0.0967742	3.85715	0.933181	0.373272	1	0	0	0	0	0	0	0	0	
0.778	0.259259	-1.35769	0.0967742	3.85715	0.933181	0.373272	1	0	0	0	0	0	0	0	0	
0.779	0.259259	-1.35769	0.0967742	3.85715	0.933181	0.373272	1	0	0	0	0	0	0	0	0	
0.78	0.259259	-1.35769	0.0967742	3.85715	0.933181	0.373272	1	0	0	0	0	0	0	0	0	
0.781	0.259259	-1.35769	0.0967742	3.85715	0.933181	0.373272	1	0	0	0	0	0	0	0	0	
0.782	0.259259	-1.35769	0.0967742	3.85715	0.933181	0.373272	1	0	0	0	0	0	0	0	0	
0.783	0.259259	-1.35769	0.0967742	3.85715	0.933181	0.373272	1	0	0	0	0	0	0	0	0	
0.784	0.259259	-1.35769	0.0967742	3.85715	0.933181	0.373272	1	0	0	0	0	0	0	0	0	
0.785	0.259259	-1.35769	0.0967742	3.85715	0.933181	0.373272	1	0	0	0	0	0	0	0	0	
0.786	0.259259	-1.35769	0.0967742	3.85715	0.933181	0.373272	1	0	0	0	0	0	0	0	0	
0.787	0.259259	-1.35769	0.0967742	3.85715	0.933181	0.373272	1	0	0	0	0	0	0	0	0	
0.788	0.259259	-1.35769	0.0967742	3.85715	0.933181	0.373272	1	0	0	0	0	0	0	0	0	
0.789	0.259259	-1.35769	0.0967742	3.85715	0.933181	0.373272	1	0	0	0	0	0	0	0	0	
0.79	0.259259	-1.35769	0.0967742	3.85715	0.933181	0.373272	1	0	0	0	0	0	0	0	0	
0.791	0.259259	-1.35769	0.0967742	3.85715	0.933181	0.373272	1	0	0	0	0	0	0	0	0	
0.792	0.259259	-1.35769	0.0967742	3.85715	0.933181	0.373272	1	0	0	0	0	0	0	0	0	
0.793	0.259259	-1.35769	0.0967742	3.85715	0.933181	0.373272	1	0	0	0	0	0	0	0	0	
0.794	0.259259	-1.35769	0.0967742	3.85715	0.933181	0.373272	1	0	0	0	0	0	0	0	0	
0.795	0.259259	-1.35769	0.0967742	3.85715	0.933181	0.373272	1	0	0	0	0	0	0	0	0	
0.796	0.259259	-1.35769	0.0967742	3.85715	0.933181	0.373272	1	0	0	0	0	0	0	0	0	
0.797	0.259259	-1.35769	0.0967742	3.85715	0.933181	0.373272	1	0	0	0	0	0	0	0	0	
0.798	0.259259	-1.35769	0.0967742	3.85715	0.933181	0.373272	1	0	0	0	0	0	0	0	0	
0.799	0.259259	-1.35769	0.0967742	3.85715	0.933181	0.373272	1	0	0	0	0	0	0	0	0	
0.8	0.259259	-1.35769	0.0967742	3.85715	0.933181	0.373272	1	0	0	0	0	0	0	0	0	
0.801	0.259259	-1.35769	0.0967742	3.85715	0.933181	0.373272	1	0	0	0	0	0	0	0	0	
0.802	0.259259	-1.35769	0.0967742	3.85715	0.933181	0.373272	1	0	0	0	0	0	0	0	0	
0.803	0.259259	-1.35769	0.0967742	3.85715	0.933181	0.373272	1	0	0	0	0	0	0	0	0	
0.804	0.259259	-1.35769	0.0967742	3.85715	0.933181	0.373272	1	0	0	0	0	0	0	0	0	
0.805	0.259259	-1.35769	0.0967742	3.85715	0.933181	0.373272	1	0	0	0	0	0	0	0	0	
0.806	0.259259	-1.35769	0.0967742	3.85715	0.933181	0.373272	1	0	0	0	0	0	0	0	0	
0.807	0.259259	-1.35769	0.0967742	3.85715	0.933181	0.373272	1	0	0	0	0	0	0	0	0	
0.808	0.259259	-1.35769	0.0967742	3.85715	0.933181	0.373272	1	0	0	0	0	0	0	0	0	
0.809	0.259259	-1.35769	0.0967742	3.85715	0.933181	0.373272	1	0	0	0	0	0	0	0	0	
0.81	0.259259	-1.35769	0.0967742	3.85715	0.933181	0.373272	1	0	0	0	0	0	0	0	0	
0.811	0.259259	-1.35769	0.0967742	3.85715	0.933181	0.373272	1	0	0	0	0	0	0	0	0	
0.812	0.259259	-1.35769	0.0967742	3.85715	0.933181	0.373272	1	0	0	0	0	0	0	0	0	
0.813	0.259259	-1.35769	0.0967742	3.85715	0.933181	0.373272	1	0	0	0	0	0	0	0	0	
0.814	0.259259	-1.35769	0.0967742	3.85715	0.933181	0.373272	1	0	0	0	0	0	0	0	0	
0.815	0.259259	-1.35769	0.0967742	3.85715	0.933181	0.373272	1	0	0	0	0	0	0	0	0	
0.816	0.259259	-1.35769	0.0967742	3.85715	0.933181	0.373272	1	0	0	0	0	0	0	0	0	
0.817	0.259259	-1.35769	0.0967742	3.85715	0.933181	0.373272	1	0	0	0	0	0	0	0	0	
0.818	0.259259	-1.35769	0.0967742	3.85715	0.933181	0.373272	1	0	0	0	0	0	0	0	0	
0.819	0.259259	-1.35769	0.0967742	3.85715	0.933181	0.373272	1	0	0	0	0	0	0	0	0	
0.82	0.259259	-1.35769	0.0967742	3.85715	0.933181	0.373272	1	0	0	0	0	0	0	0	0	
0.821	0.259259	-1.35769	0.0967742	3.85715	0.933181	0.373272	1	0	0	0	0	0	0	0	0	
0.822	0.259259	-1.35769	0.0967742	3.85715	0.933181	0.373272	1	0	0	0	0	0	0	0	0	
0.823	0.259259	-1.35769	0.0967742	3.85715	0.933181	0.373272	1	0	0	0	0	0	0	0	0	
0.824	0.259259	-1.35769	0.0967742	3.85715	0.933181	0.373272	1	0	0	0	0	0	0	0	0	
0.825	0.259259	-1.35769	0.0967742	3.85715	0.933181	0.373272	1	0	0	0	0	0	0	0	0	
0.826	0.259259	-1.35769	0.0967742	3.85715	0.933181	0.373272	1	0	0	0	0	0	0	0	0	
0.827	0.259259	-1.35769	0.0967742	3.85715	0.933181	0.373272	1	0	0	0	0	0	0	0	0	
0.828	0.259259	-1.35769	0.0967742	3.85715	0.933181	0.373272	1	0	0	0	0	0	0	0	0	
0.829	0.259259	-1.35769	0.0967742	3.85715	0.933181	0.373272	1	0	0	0	0	0	0	0	0	
0.83	0.259259	-1.35769	0.0967742	3.85715	0.933181	0.373272	1	0	0	0	0	0	0	0	0	
0.831	0.259259	-1.35769	0.0967742	3.85715	0.933181	0.373272	1	0	0	0	0	0	0	0	0	
0.832	0.259259	-1.35769	0.0967742	3.85715	0.933181	0.373272	1	0	0	0	0	0	0	0	0	
0.833	0.259259	-1.35769	0.0967742	3.85715	0.933181	0.373272	1	0	0	0	0	0	0	0	0	
0.834	0.259259	-1.35769	0.0967742	3.85715	0.933181	0.373272	1	0	0	0	0	0	0	0	0	
0.835	0.259259	-1.35769	0.0967742	3.85715	0.933181	0.373272	1	0	0	0	0	0	0	0	0	
0.836	0.259259	-1.35769	0.0967742	3.85715	0.933181	0.373272	1	0	0	0	0	0	0	0	0	
0.837	0.259259	-1.35769	0.0967742	3.85715	0.933181	0.373272	1	0	0	0	0	0	0	0	0	
0.838	0.259259	-1.35769	0.0967742	3.85715	0.933181	0.373272	1	0	0	0	0	0	0	0	0	
0.839	0.259259	-1.35769	0.0967742	3.85715	0.933181	0.373272	1	0	0	0	0	0	0	0	0	
0.84	0.259259	-1.35769	0.0967742	3.85715	0.933181	0.373272	1	0	0	0	0	0	0	0	0	
0.841	0.259259	-1.35769	0.0967742	3.85715	0.933181	0.373272	1	0	0	0	0	0	0	0	0	
0.842	0.259259	-1.35769	0.0967742	3.85715	0.933181	0.373272	1	0	0	0	0	0	0	0	0	
0.843	0.259259	-1.35769	0.0967742	3.85715	0.933181	0.373272	1	0	0	0	0	0	0	0	0	
0.844	0.259259	-1.35769	0.0967742	3.85715	0.933181	0.373272	1	0	0	0	0	0	0	0	0	
0.845	0.259259	-1.35769	0.0967742	3.85715	0.933181	0.373272	1	0	0	0	0	0	0	0	0	
0.846	0.259259	-1.35769	0.0967742	3.85715	0.933181	0.373272	1	0	0	0	0	0	0	0	0	
0.847	0.259259	-1.35769	0.0967742	3.85715	0.933181	0.373272	1	0	0	0	0	0	0	0	0	
0.848	0.259259	-1.35769	0.0967742	3.85715	0.933181	0.373272	1	0	0	0	0	0	0	0	0	
0.849	0.259259	-1.35769	0.0967742	3.85715	0.933181	0.373272	1	0	0	0	0	0	0	0	0	
0.85	0.259259	-1.35769	0.0967742	3.85715	0.933181	0.373272	1	0	0	0	0	0	0	0	0	
0.851	0.259259	-1.35769	0.0967742	3.85715	0.933181	0.373272	1	0	0	0	0	0	0	0	0	
0.852	0.259259	-1.35769	0.0967742	3.85715	0.933181	0.373272	1	0	0	0	0	0	0	0	0	
0.853	0.259259	-1.35769	0.0967742	3.85715	0.933181	0.373272	1	0	0	0	0	0	0	0	0	
0.854	0.259259	-1.35769	0.0967742	3.85715	0.933181	0.373272	1	0	0	0	0	0	0	0	0	
0.855	0.259259	-1.35769	0.0967742	3.85715	0.933181	0.373272	1	0	0	0	0	0	0	0	0	
0.856	0.259259	-1.35769	0.0967742	3.85715	0.933181	0.373272	1	0	0	0	0	0	0	0	0	
0.857	0.259259	-1.35769	0.0967742	3.85715	0.933181	0.373272	1	0	0	0	0	0	0	0	0	
0.858	0.259259	-1.35769	0.0967742	3.85715	0.933181	0.373272	1	0	0	0	0	0	0	0	0	
0.859	0.259259	-1.35769	0.0967742	3.85715	0.933181	0.373272	1	0	0	0	0	0	0	0	0	
0.86	0.259259	-1.35769	0.0967742	3.85715	0.933181	0.373272	1	0	0	0	0	0	0	0	0	
0.861	0.259259	-1.35769	0.0967742	3.85715	0.933181	0.373272	1	0	0	0	0	0	0	0	0	
0.862	0.259259	-1.35769	0.0967742	3.85715	0.933181	0.373272	1	0	0	0	0	0	0	0	0	
0.863	0.259259	-1.35769	0.0967742	3.85715	0.933181	0.373272	1	0	0	0	0	0	0	0	0	
0.864	0.259259	-1.35769	0.0967742	3.85715	0.933181	0.373272	1	0	0	0	0	0	0	0	0	
0.865	0.259259	-1.35769	0.0967742	3.85715	0.933181	0.373272	1	0	0	0	0	0	0	0	0	
0.866	0.259259	-1.35769	0.0967742	3.85715	0.933181	0.373272	1	0	0	0	0	0	0	0	0	
0.867	0.259259	-1.35769	0.0967742	3.85715	0.933181	0.373272	1	0	0	0	0	0	0	0	0	
0.868	0.259259	-1.35769	0.0967742	3.85715	0.933181	0.373272	1	0	0	0	0	0	0	0	0	
0.869	0.259259	-1.35769	0.0967742	3.85715	0.933181	0.373272	1	0	0	0	0	0	0	0	0	
0.87	0.259259	-1.35769	0.0967742	3.85715	0.933181	0.373272	1	0	0	0	0	0	0	0	0	
0.871	0.259259	-1.35769	0.0967742	3.85715	0.933181	0.373272	1	0	0	0	0	0	0	0	0	
0.872	0.259259	-1.35769	0.0967742	3.85715	0.933181	0.373272	1	0	0	0	0	0	0	0	0	
0.873	0.259259	-1.35769	0.0967742	3.85715	0.933181	0.373272	1	0	0	0	0	0	0	0	0	
0.874	0.259259	-1.35769	0.0967742	3.85715	0.933181	0.373272	1	0	0	0	0	0	0	0	0	
0.875	0.259259	-1.35769	0.0967742	3.85715	0.933181	0.373272	1	0	0	0	0	0	0	0	0	
0.876	0.259259	-1.35769	0.0967742	3.85715	0.933181	0.373272	1	0	0	0	0	0	0	0	0	
0.877	0.259259	-1.35769	0.0967742	3.85715	0.933181	0.373272	1	0	0	0	0	0	0	0	0	
0.878	0.259259	-1.35769	0.0967742	3.85715	0.933181	0.373272	1	0	0	0	0	0	0	0	0	
0.879	0.259259	-1.35769	0.0967742	3.85715	0.933181	0.373272	1	0	0	0	0	0	0	0	0	
0.88	0.259259	-1.35769	0.0967742	3.85715	0.933181	0.373272	1	0	0	0	0	0	0	0	0	
0.881	0.259259	-1.35769	0.0967742	3.85715	0.933181	0.373272	1	0	0	0	0	0	0	0	0	
0.882	0.259259	-1.35769	0.0967742	3.85715	0.933181	0.373272	1	0	0	0	0	0	0	0	0	
0.883	0.259259	-1.35769	0.0967742	3.85715	0.933181	0.373272	1	0	0	0	0	0	0	0	0	
0.884	0.259259	-1.35769	0.0967742	3.85715	0.933181	0.373272	1	0	0	0	0	0	0	0	0	
0.885	0.259259	-1.35769	0.0967742	3.85715	0.933181	0.373272	1	0	0	0	0	0	0	0	0	
0.886	0.259259	-1.35769	0.0967742	3.85715	0.933181	0.373272	1	0	0	0	0	0	0	0	0	
0.887	0.259259	-1.35769	0.0967742	3.85715	0.933181	0.373272	1	0	0	0	0	0	0	0	0	
0.888	0.259259	-1.35769	0.0967742	3.85715	0.933181	0.373272	1	0	0	0	0	0	0	0	0	
0.889	0.259259	-1.35769	0.0967742	3.85715	0.933181	0.373272	1	0	0	0	0	0	0	0	0	
0.89	0.259259	-1.35769	0.0967742	3.85715	0.933181	0.373272	1	0	0	0	0	0	0	0	0	
0.891	0.259259	-1.35769	0.0967742	3.85715	0.933181	0.373272	1	0	0	0	0	0	0	0	0	
0.892	0.259259	-1.35769	0.0967742	3.85715	0.933181	0.373272	1	0	0	0	0	0	0	0	0	
0.893	0.259259	-1.35769	0.0967742	3.85715	0.933181	0.373272	1	0	0	0	0	0	0	0	0	
0.894	0.259259	-1.35769	0.0967742	3.85715	0.933181	0.373272	1	0	0	0	0	0	0	0	0	
0.895	0.259259	-1.35769	0.0967742	3.85715	0.933181	0.373272	1	0	0	0	0	0	0	0	0	
0.896	0.259259	-1.35769	0.0967742	3.85715	0.933181	0.373272	1	0	0	0	0	0	0	0	0	
0.897	0.259259	-1.35769	0.0967742	3.85715	0.933181	0.373272	1	0	0	0	0	0	0	0	0	
0.898	0.259259	-1.35769	0.0967742	3.85715	0.933181	0.373272	1	0	0	0	0	0	0	0	0	
0.899	0.259259	-1.35769	0.0967742	3.85715	0.933181	0.373272	1	0	0	0	0	0	0	0	0	
0.9	0.259259	-1.35769	0.0967742	3.85715	0.933181	0.373272	1	0	0	0	0	0	0	0	0	
0.901	0.259259	-1.35769	0.0967742	3.85715	0.933181	0.373272	1	0	0	0	0	0	0	0	0	
0.902	0.259259	-1.35769	0.0967742	3.85715	0.933181	0.373272	1	0	0	0	0	0	0	0	0	
0.903	0.259259	-1.35769	0.0967742	3.85715	0.933181	0.373272	1	0	0	0	0	0	0	0	0	
0.904	0.259259	-1.35769	0.0967742	3.85715	0.933181	0.373272	1	0	0	0	0	0	0	0	0	
0.905	0.259259	-1.35769	0.0967742	3.85715	0.933181	0.373272	1	0	0	0	0	0	0	0	0	
0.906	0.259259	-1.35769	0.0967742	3.85715	0.933181	0.373272	1	0	0	0	0	0	0	0	0	
0.907	0.259259	-1.35769	0.0967742	3.85715	0.933181	0.373272	1	0	0	0	0	0	0	0	0	
0.908	0.259259	-1.35769	0.0967742	3.85715	0.933181	0.373272	1	0	0	0	0	0	0	0	0	
0.909	0.259259	-1.35769	0.0967742	3.85715	0.933181	0.373272	1	0	0	0	0	0	0	0	0	
0.91	0.259259	-1.35769	0.0967742	3.85715	0.933181	0.373272	1	0	0	0	0	0	0	0	0	
0.911	0.259259	-1.35769	0.0967742	3.85715	0.933181	0.373272	1	0	0	0	0	0	0	0	0	
0.912	0.259259	-1.35769	0.0967742	3.85715	0.933181	0.373272	1	0	0	0	0	0	0	0	0	
0.913	0.259259	-1.35769	0.0967742	3.85715	0.933181	0.373272	1	0	0	0	0	0	0	0	0	
0.914	0.259259	-1.35769	0.0967742	3.85715	0.933181	0.373272	1	0	0	0	0	0	0	0	0	
0.915	0.259259	-1.35769	0.0967742	3.85715	0.933181	0.373272	1	0	0	0	0	0	0	0	0	
0.916	0.259259	-1.35769	0.0967742	3.85715	0.933181	0.373272	1	0	0	0	0	0	0	0	0	
0.917	0.259259	-1.35769	0.0967742	3.85715	0.933181	0.373272	1	0	0	0	0	0	0	0	0	
0.918	0.259259	-1.35769	0.0967742	3.85715	0.933181	0.373272	1	0	0	0	0	0	0	0	0	
0.919	0.259259	-1.35769	0.0967742	3.85715	0.933181	0.373272	1	0	0	0	0	0	0	0	0	
0.92	0.259259	-1.35769	0.0967742	3.85715	0.933181	0.373272	1	0	0	0	0	0	0	0	0	
0.921	0.259259	-1.35769	0.0967742	3.85715	0.933181	0.373272	1	0	0	0	0	0	0	0	0	
0.922	0.259259	-1.35769	0.0967742	3.85715	0.933181	0.373272	1	0	0	0	0	0	0	0	0	
0.923	0.259259	-1.35769	0.0967742	3.85715	0.933181	0.373272	1	0	0	0	0	0	0	0	0	
0.924	0.259259	-1.35769	0.0967742	3.85715	0.933181	0.373272	1	0	0	0	0	0	0	0	0	
0.925	0.259259	-1.35769	0.0967742	3.85715	0.933181	0.373272	1	0	0	0	0	0	0	0	0	
0.926	0.259259	-1.35769	0.0967742	3.85715	0.933181	0.373272	1	0	0	0	0	0	0	0	0	
0.927	0.259259	-1.35769	0.0967742	3.85715	0.933181	0.373272	1	0	0	0	0	0	0	0	0	
0.928	0.259259	-1.35769	0.0967742	3.85715	0.933181	0.373272	1	0	0	0	0	0	0	0	0	
0.929	0.259259	-1.35769	0.0967742	3.85715	0.933181	0.373272	1	0	0	0	0	0	0	0	0	
0.93	0.259259	-1.35769	0.0967742	3.85715	0.933181	0.373272	1	0	0	0	0	0	0	0	0	
0.931	0.259259	-1.35769	0.0967742	3.85715	0.933181	0.373272	1	0	0	0	0	0	0	0	0	
0.932	0.259259	-1.35769	0.0967742	3.85715	0.933181	0.373272	1	0	0	0	0	0	0	0	0	
0.933	0.259259	-1.35769	0.0967742	3.85715	0.933181	0.373272	1	0	0	0	0	0	0	0	0	
0.934	0.259259	-1.35769	0.0967742	3.85715	0.933181	0.373272	1	0	0	0	0	0	0	0	0	
0.935	0.259259	-1.35769	0.0967742	3.85715	0.933181	0.373272	1	0	0	0	0	0	0	0	0	
0.936	0.259259	-1.35769	0.0967742	3.85715	0.933181	0.373272	1	0	0	0	0	0	0	0	0	
0.937	0.259259	-1.35769	0.0967742	3.85715	0.933181	0.373272	1	0	0	0	0	0	0	0	0	
0.938	0.259259	-1.35769	0.0967742	3.85715	0.933181	0.373272	1	0	0	0	0	0	0	0	0	
0.939	0.259259	-1.35769	0.0967742	3.85715	0.933181	0.373272	1	0	0	0	0	0	0	0	0	
0.94	0.259259	-1.35769	0.0967742	3.85715	0.933181	0.373272	1	0	0	0	0	0	0	0	0	
0.941	0.259259	-1.35769	0.0967742	3.85715	0.933181	0.373272	1	0	0	0	0	0	0	0	0	
0.942	0.259259	-1.35769	0.0967742	3.85715	0.933181	0.373272	1	0	0	0	0	0	0	0	0	
0.943	0.259259	-1.35769	0.0967742	3.85715	0.933181	0.373272	1	0	0	0	0	0	0	0	0	
0.944	0.259259	-1.35769	0.0967742	3.85715	0.933181	0.373272	1	0	0	0	0	0	0	0	0	
0.945	0.259259	-1.35769	0.0967742	3.85715	0.933181	0.373272	1	0	0	0	0	0	0	0	0	
0.946	0.259259	-1.35769	0.0967742	3.85715	0.933181	0.373272	1	0	0	0	0	0	0	0	0	
0.947	0.259259	-1.35769	0.0967742	3.85715	0.933181	0.373272	1	0	0	0	0	0	0	0	0	
0.948	0.259259	-1.35769	0.0967742	3.85715	0.933181	0.373272	1	0	0	0	0	0	0	0	0	
0.949	0.259259	-1.35769	0.0967742	3.85715	0.933181	0.373272	1	0	0	0	0	0	0	0	0	
0.95	0.259259	-1.35769	0.0967742	3.85715	0.933181	0.373272	1	0	0	0	0	0	0	0	0	
0.951	0.259259	-1.35769	0.0967742	3.85715	0.933181	0.373272	1	0	0	0	0	0	0	0	0	
0.952	0.259259	-1.35769	0.0967742	3.85715	0.933181	0.373272	1	0	0	0	0	0	0	0	0	
0.953	0.259259	-1.35769	0.0967742	3.85715	0.933181	0.373272	1	0	0	0	0	0	0	0	0	
0.954	0.259259	-1.35769	0.0967742	3.85715	0.933181	0.373272	1	0	0	0	0	0	0	0	0	
0.955	0.259259	-1.35769	0.0967742	3.85715	0.933181	0.373272	1	0	0	0	0	0	0	0	0	
0.956	0.259259	-1.35769	0.0967742	3.85715	0.933181	0.373272	1	0	0	0	0	0	0	0	0	
0.957	0.259259	-1.35769	0.0967742	3.85715	0.933181	0.373272	1	0	0	0	0	0	0	0	0	
0.958	0.259259	-1.35769	0.0967742	3.85715	0.933181	0.373272	1	0	0	0	0	0	0	0	0	
0.959	0.259259	-1.35769	0.0967742	3.85715	0.933181	0.373272	1	0	0	0	0	0	0	0	0	
0.96	0.259259	-1.35769	0.0967742	3.85715	0.933181	0.373272	1	0	0	0	0	0	0	0	0	
0.961	0.259259	-1.35769	0.0967742	3.85715	0.933181	0.373272	1	0	0	0	0	0	0	0	0	
0.962	0.259259	-1.35769	0.0967742	3.85715	0.933181	0.373272	1	0	0	0	0	0	0	0	0	
0.963	0.259259	-1.35769	0.0967742	3.85715	0.933181	0.373272	1	0	0	0	0	0	0	0	0	
0.964	0.259259	-1.35769	0.0967742	3.85715	0.933181	0.373272	1	0	0	0	0	0	0	0	0	
0.965	0.259259	-1.35769	0.0967742	3.85715	0.933181	0.373272	1	0	0	0	0	0	0	0	0	
0.966	0.259259	-1.35769	0.0967742	3.85715	0.933181	0.373272	1	0	0	0	0	0	0	0	0	
0.967	0.259259	-1.35769	0.0967742	3.85715	0.933181	0.373272	1	0	0	0	0	0	0	0	0	
0.968	0.259259	-1.35769	0.0967742	3.85715	0.933181	0.373272	1	0	0	0	0	0	0	0	0	
0.969	0.259259	-1.35769	0.0967742	3.85715	0.933181	0.373272	1	0	0	0	0	0	0	0	0	
0.97	0.259259	-1.35769	0.0967742	3.85715	0.933181	0.373272	1	0	0	0	0	0	0	0	0	
0.971	0.259259	-1.35769	0.0967742	3.85715	0.933181	0.373272	1	0	0	0	0	0	0	0	0	
0.972	0.259259	-1.35769	0.0967742	3.85715	0.933181	0.373272	1	0	0	0	0	0	0	0	0	
0.973	0.259259	-1.35769	0.0967742	3.85715	0.933181	0.373272	1	0	0	0	0	0	0	0	0	
0.974	0.259259	-1.35769	0.0967742	3.85715	0.933181	0.373272	1	0	0	0	0	0	0	0	0	
0.975	0.259259	-1.35769	0.0967742	3.85715	0.933181	0.373272	1	0	0	0	0	0	0	0	0	
0.976	0.259259	-1.35769	0.0967742	3.85715	0.933181	0.373272	1	0	0	0	0	0	0	0	0	
0.977	0.259259	-1.35769	0.0967742	3.85715	0.933181	0.373272	1	0	0	0	0	0	0	0	0	
0.978	0.259259	-1.35769	0.0967742	3.85715	0.933181	0.373272	1	0	0	0	0	0	0	0	0	
0.979	0.259259	-1.35769	0.0967742	3.85715	0.933181	0.373272	1	0	0	0	0	0	0	0	0	
0.98	0.259259	-1.35769	0.0967742	3.85715	0.933181	0.373272	1	0	0	0	0	0	0	0	0	
0.981	0.259259	-1.35769	0.0967742	3.85715	0.933181	0.373272	1	0	0	0	0	0	0	0	0	
0.982	0.259259	-1.35769	0.0967742	3.85715	0.933181	0.373272	1	0	0	0	0	0	0	0	0	
0.983	0.259259	-1.35769	0.0967742	3.85715	0.933181	0.373272	1	0	0	0	0	0	0	0	0	
0.984	0.259259	-1.35769	0.0967742	3.85715	0.933181	0.373272	1	0	0	0	0	0	0	0	0	
0.985	0.259259	-1.35769	0.0967742	3.85715	0.933181	0.373272	1	0	0	0	0	0	0	0	0	
0.986	0.259259	-1.35769	0.0967742	3.85715	0.933181	0.373272	1	0	0	0	0	0	0	0	0	
0.987	0.259259	-1.35769	0.0967742	3.85715	0.933181	0.373272	1	0	0	0	0	0	0	0	0	
0.988	0.259259	-1.35769	0.0967742	3.85715	0.933181	0.373272	1	0	0	0	0	0	0	0	0	
0.989	0.259259	-1.35769	0.0967742	3.85715	0.933181	0.373272	1	0	0	0	0	0	0	0	0	
0.99	0.259259	-1.35769	0.0967742	3.85715	0.933181	0.373272	1	0	0	0	0	0	0	0	0	
0.991	0.259259	-1.35769	0.0967742	3.85715	0.933181	0.373272	1	0	0	0	0	0	0	0	0	
0.992	0.259259	-1.35769	0.0967742	3.85715	0.933181	0.373272	1	0	0	0	0	0	0	0	0	
0.993	0.259259	-1.35769	0.0967742	3.85715	0.933181	0.373272	1	0	0	0	0	0	0	0	0	
0.994	0.259259	-1.35769	0.0967742	3.85715	0.933181	0.373272	1	0	0	0	0	0	0	0	0	
0.995	0.259259	-1.35769	0.0967742	3.85715	0.933181	0.373272	1	0	0	0	0	0	0	0	0	
0.996	0.259259	-1.35769	0.0967742	3.85715	0.933181	0.373272	1	0	0	0	0	0	0	0	0	
0.997	0.259259	-1.35769	0.0967742	3.85715	0.933181	0.373272	1	0	0	0	0	0	0	0	0	
0.998	0.259259	-1.35769	0.0967742	3.85715	0.933181	0.373272	1	0	0	0	0	0	0	0	0	
0.999	0.259259	-1.35769	0.0967742	3.85715	0.933181	0.373272	1	0	0	0	0	0	0	0	0	
1	0.259259	-1.35769	0.0967742	3.85715	0.933181	0.373272	1	0	0	0	0	0	0	0	0	
