|||||||||||||||||||||||||||||||||***SIMULATION: detonation***||||||||||||||||||||||||||||||||||
Sanpshot time = 1.14. Timestep = 2516. Run time = 4 seconds
No. of cells = 1000
#Position	 Density	 Velocity	 Pressure	 Specific_Volume I_Energy	 Temperature	 Species
-0.001	0.711793	0.000356571	1.7912	1.4049	6.29114	0	9.27736e-08	0	0	0	0	0	0	0	0	
0	0.711633	0.000121016	1.79123	1.40522	6.29269	0	9.66944e-08	0	0	0	0	0	0	0	0	
0.001	0.711633	-0.000121016	1.79123	1.40522	6.29269	2.51708	9.66944e-08	0	0	0	0	0	0	0	0	
0.002	0.711793	-0.000356571	1.7912	1.4049	6.29114	2.51646	9.27736e-08	0	0	0	0	0	0	0	0	
0.003	0.710328	-0.000588421	1.79113	1.4078	6.3039	2.52156	9.91698e-08	0	0	0	0	0	0	0	0	
0.004	0.71178	-0.00081479	1.79105	1.40493	6.29073	2.51629	9.79575e-08	0	0	0	0	0	0	0	0	
0.005	0.709334	-0.00103431	1.79094	1.40977	6.31206	2.52483	9.952e-08	0	0	0	0	0	0	0	0	
0.006	0.707406	-0.00124588	1.79083	1.41362	6.32886	2.53155	8.73344e-08	0	0	0	0	0	0	0	0	
0.007	0.707406	-0.00144872	1.79071	1.41362	6.32845	2.53138	9.25916e-08	0	0	0	0	0	0	0	0	
0.008	0.708439	-0.00164241	1.7906	1.41156	6.31883	2.52753	9.27498e-08	0	0	0	0	0	0	0	0	
0.009	0.709933	-0.00182703	1.7905	1.40858	6.30518	2.52207	9.35679e-08	0	0	0	0	0	0	0	0	
0.01	0.711627	-0.00200322	1.79041	1.40523	6.28986	2.51595	8.61938e-08	0	0	0	0	0	0	0	0	
0.011	0.713225	-0.00217217	1.79035	1.40208	6.27554	2.51021	9.82733e-08	0	0	0	0	0	0	0	0	
0.012	0.714656	-0.00233555	1.7903	1.39927	6.26282	2.50513	9.37148e-08	0	0	0	0	0	0	0	0	
0.013	0.715906	-0.00249535	1.79028	1.39683	6.25181	2.50072	9.61122e-08	0	0	0	0	0	0	0	0	
0.014	0.716878	-0.00265377	1.79028	1.39494	6.24332	2.49733	8.93985e-08	0	0	0	0	0	0	0	0	
0.015	0.71756	-0.00281307	1.79029	1.39361	6.23744	2.49497	9.71334e-08	0	0	0	0	0	0	0	0	
0.016	0.718037	-0.00297553	1.79032	1.39269	6.23337	2.49335	9.74245e-08	0	0	0	0	0	0	0	0	
0.017	0.718365	-0.00314332	1.79035	1.39205	6.23063	2.49225	9.30757e-08	0	0	0	0	0	0	0	0	
0.018	0.718557	-0.00331839	1.79037	1.39168	6.22906	2.49162	9.66621e-08	0	0	0	0	0	0	0	0	
0.019	0.71863	-0.00350234	1.79039	1.39154	6.22848	2.49139	9.64658e-08	0	0	0	0	0	0	0	0	
0.02	0.718623	-0.00369641	1.79039	1.39155	6.22854	2.49142	9.41013e-08	0	0	0	0	0	0	0	0	
0.021	0.718581	-0.00390147	1.79037	1.39163	6.22884	2.49154	9.14e-08	0	0	0	0	0	0	0	0	
0.022	0.718536	-0.00411806	1.79033	1.39172	6.22909	2.49163	8.95793e-08	0	0	0	0	0	0	0	0	
0.023	0.718507	-0.00434635	1.79026	1.39178	6.2291	2.49164	8.92017e-08	0	0	0	0	0	0	0	0	
0.024	0.718507	-0.00458612	1.79017	1.39178	6.22877	2.49151	9.05839e-08	0	0	0	0	0	0	0	0	
0.025	0.718545	-0.00483678	1.79005	1.3917	6.22804	2.49122	9.39938e-08	0	0	0	0	0	0	0	0	
0.026	0.718626	-0.00509756	1.78992	1.39154	6.22688	2.49075	9.87118e-08	0	0	0	0	0	0	0	0	
0.027	0.718748	-0.00536777	1.78978	1.39131	6.22533	2.49013	9.28982e-08	0	0	0	0	0	0	0	0	
0.028	0.718907	-0.00564684	1.78964	1.391	6.22348	2.48939	8.91101e-08	0	0	0	0	0	0	0	0	
0.029	0.719099	-0.00593411	1.78952	1.39063	6.22138	2.48855	9.74408e-08	0	0	0	0	0	0	0	0	
0.03	0.719318	-0.00622862	1.78942	1.39021	6.21916	2.48766	9.51972e-08	0	0	0	0	0	0	0	0	
0.031	0.719554	-0.00652898	1.78936	1.38975	6.21692	2.48677	9.25767e-08	0	0	0	0	0	0	0	0	
0.032	0.719802	-0.00683382	1.78936	1.38927	6.21476	2.48591	9.00395e-08	0	0	0	0	0	0	0	0	
0.033	0.720058	-0.00714231	1.78942	1.38878	6.21277	2.48511	8.80826e-08	0	0	0	0	0	0	0	0	
0.034	0.720327	-0.00745442	1.78957	1.38826	6.21095	2.48438	9.6515e-08	0	0	0	0	0	0	0	0	
0.035	0.720619	-0.00777062	1.7898	1.3877	6.20926	2.4837	9.43773e-08	0	0	0	0	0	0	0	0	
0.036	0.720948	-0.00809113	1.79015	1.38706	6.20763	2.48305	9.16446e-08	0	0	0	0	0	0	0	0	
0.037	0.721327	-0.00841535	1.79061	1.38633	6.20598	2.48239	8.94728e-08	0	0	0	0	0	0	0	0	
0.038	0.721765	-0.0087417	1.7912	1.38549	6.20424	2.4817	8.81819e-08	0	0	0	0	0	0	0	0	
0.039	0.722268	-0.00906794	1.79192	1.38453	6.2024	2.48096	8.78586e-08	0	0	0	0	0	0	0	0	
0.04	0.722837	-0.00939155	1.79276	1.38344	6.20043	2.48017	8.84379e-08	0	0	0	0	0	0	0	0	
0.041	0.723472	-0.00970986	1.79373	1.38222	6.19835	2.47934	8.97944e-08	0	0	0	0	0	0	0	0	
0.042	0.724169	-0.0100199	1.79483	1.38089	6.19618	2.47847	9.17667e-08	0	0	0	0	0	0	0	0	
0.043	0.724926	-0.0103181	1.79606	1.37945	6.19394	2.47757	9.38477e-08	0	0	0	0	0	0	0	0	
0.044	0.725741	-0.0106005	1.7974	1.3779	6.19162	2.47665	9.66942e-08	0	0	0	0	0	0	0	0	
0.045	0.726612	-0.0108639	1.79886	1.37625	6.18922	2.47569	9.00685e-08	0	0	0	0	0	0	0	0	
0.046	0.727538	-0.0111063	1.80043	1.3745	6.18674	2.47469	9.29905e-08	0	0	0	0	0	0	0	0	
0.047	0.728518	-0.0113264	1.80212	1.37265	6.18419	2.47368	9.74722e-08	0	0	0	0	0	0	0	0	
0.048	0.729544	-0.0115203	1.8039	1.37072	6.18161	2.47264	9.22908e-08	0	0	0	0	0	0	0	0	
0.049	0.730606	-0.0116811	1.80578	1.36873	6.17906	2.47162	9.57312e-08	0	0	0	0	0	0	0	0	
0.05	0.73169	-0.0118014	1.80775	1.3667	6.17662	2.47065	9.02132e-08	0	0	0	0	0	0	0	0	
0.051	0.732784	-0.0118754	1.8098	1.36466	6.17439	2.46976	9.2808e-08	0	0	0	0	0	0	0	0	
0.052	0.733875	-0.0118958	1.81193	1.36263	6.17248	2.46899	9.59083e-08	0	0	0	0	0	0	0	0	
0.053	0.734954	-0.0118526	1.81414	1.36063	6.17092	2.46837	9.80231e-08	0	0	0	0	0	0	0	0	
0.054	0.736024	-0.011737	1.81642	1.35865	6.16971	2.46789	9.90189e-08	0	0	0	0	0	0	0	0	
0.055	0.737092	-0.011546	1.81879	1.35668	6.16881	2.46753	9.92015e-08	0	0	0	0	0	0	0	0	
0.056	0.738175	-0.0112784	1.82126	1.35469	6.16811	2.46725	9.91803e-08	0	0	0	0	0	0	0	0	
0.057	0.739286	-0.0109291	1.82381	1.35266	6.16746	2.46699	9.92281e-08	0	0	0	0	0	0	0	0	
0.058	0.740439	-0.010493	1.82643	1.35055	6.16672	2.46669	9.00671e-08	0	0	0	0	0	0	0	0	
0.059	0.741642	-0.00997077	1.82912	1.34836	6.16578	2.46631	9.0576e-08	0	0	0	0	0	0	0	0	
0.06	0.742897	-0.00936883	1.83186	1.34608	6.1646	2.46584	9.32271e-08	0	0	0	0	0	0	0	0	
0.061	0.744198	-0.00869451	1.83464	1.34373	6.16316	2.46526	9.66456e-08	0	0	0	0	0	0	0	0	
0.062	0.745532	-0.00795831	1.83745	1.34132	6.16153	2.46461	9.03081e-08	0	0	0	0	0	0	0	0	
0.063	0.746887	-0.00718196	1.84027	1.33889	6.1598	2.46392	9.33012e-08	0	0	0	0	0	0	0	0	
0.064	0.748249	-0.00638911	1.8431	1.33645	6.15804	2.46322	9.69344e-08	0	0	0	0	0	0	0	0	
0.065	0.749593	-0.00558517	1.84589	1.33406	6.15629	2.46252	8.98549e-08	0	0	0	0	0	0	0	0	
0.066	0.750901	-0.00476943	1.84859	1.33173	6.15458	2.46183	9.17936e-08	0	0	0	0	0	0	0	0	
0.067	0.752168	-0.00396969	1.85121	1.32949	6.15292	2.46117	9.37491e-08	0	0	0	0	0	0	0	0	
0.068	0.753392	-0.00322768	1.85374	1.32733	6.15132	2.46053	9.53032e-08	0	0	0	0	0	0	0	0	
0.069	0.754554	-0.00256906	1.85611	1.32529	6.14971	2.45988	9.52771e-08	0	0	0	0	0	0	0	0	
0.07	0.755637	-0.00202786	1.85825	1.32339	6.14796	2.45918	9.61314e-08	0	0	0	0	0	0	0	0	
0.071	0.756623	-0.0016536	1.86006	1.32166	6.14593	2.45837	9.6803e-08	0	0	0	0	0	0	0	0	
0.072	0.757492	-0.00149839	1.86145	1.32015	6.14346	2.45738	9.76555e-08	0	0	0	0	0	0	0	0	
0.073	0.758225	-0.0016259	1.86233	1.31887	6.14042	2.45617	9.83208e-08	0	0	0	0	0	0	0	0	
0.074	0.758811	-0.00208438	1.86264	1.31785	6.13672	2.45469	8.96373e-08	0	0	0	0	0	0	0	0	
0.075	0.759249	-0.00287647	1.86239	1.31709	6.13234	2.45294	9.1079e-08	0	0	0	0	0	0	0	0	
0.076	0.759559	-0.00396672	1.86163	1.31655	6.12735	2.45094	9.28675e-08	0	0	0	0	0	0	0	0	
0.077	0.759761	-0.00530867	1.86046	1.3162	6.12184	2.44874	9.49035e-08	0	0	0	0	0	0	0	0	
0.078	0.759873	-0.00685653	1.85894	1.31601	6.11594	2.44637	9.70032e-08	0	0	0	0	0	0	0	0	
0.079	0.759916	-0.00855712	1.85716	1.31593	6.10974	2.4439	9.823e-08	0	0	0	0	0	0	0	0	
0.08	0.759913	-0.0103515	1.85522	1.31594	6.10341	2.44136	9.06292e-08	0	0	0	0	0	0	0	0	
0.081	0.759892	-0.0121783	1.85325	1.31598	6.09707	2.43883	9.22631e-08	0	0	0	0	0	0	0	0	
0.082	0.759889	-0.0139774	1.85136	1.31598	6.0909	2.43636	9.35642e-08	0	0	0	0	0	0	0	0	
0.083	0.75994	-0.0156877	1.84969	1.31589	6.085	2.434	9.44818e-08	0	0	0	0	0	0	0	0	
0.084	0.760076	-0.0172446	1.84834	1.31566	6.07947	2.43179	9.53435e-08	0	0	0	0	0	0	0	0	
0.085	0.760327	-0.0185818	1.8474	1.31522	6.07436	2.42975	9.62652e-08	0	0	0	0	0	0	0	0	
0.086	0.760724	-0.0196397	1.84694	1.31454	6.06968	2.42787	9.73831e-08	0	0	0	0	0	0	0	0	
0.087	0.761296	-0.0203719	1.84704	1.31355	6.06543	2.42617	9.82918e-08	0	0	0	0	0	0	0	0	
0.088	0.76207	-0.020745	1.84774	1.31222	6.06159	2.42464	9.09701e-08	0	0	0	0	0	0	0	0	
0.089	0.763066	-0.0207364	1.8491	1.3105	6.05813	2.42325	9.38011e-08	0	0	0	0	0	0	0	0	
0.09	0.764299	-0.0203309	1.85115	1.30839	6.05505	2.42202	9.71085e-08	0	0	0	0	0	0	0	0	
0.091	0.765774	-0.019518	1.85389	1.30587	6.05233	2.42093	9.1807e-08	0	0	0	0	0	0	0	0	
0.092	0.767487	-0.0182973	1.85733	1.30295	6.05003	2.42001	9.64745e-08	0	0	0	0	0	0	0	0	
0.093	0.769418	-0.0166632	1.86143	1.29968	6.04818	2.41927	9.20604e-08	0	0	0	0	0	0	0	0	
0.094	0.771565	-0.0146319	1.86623	1.29607	6.0469	2.41876	9.69383e-08	0	0	0	0	0	0	0	0	
0.095	0.773892	-0.012233	1.87164	1.29217	6.04619	2.41848	9.21169e-08	0	0	0	0	0	0	0	0	
0.096	0.776371	-0.00941175	1.87758	1.28804	6.04602	2.41841	9.64088e-08	0	0	0	0	0	0	0	0	
0.097	0.779089	-0.00640316	1.88437	1.28355	6.04671	2.41868	1.10521e-07	0	0	0	0	0	0	0	0	
0.098	0.781745	-0.00282096	1.89098	1.27919	6.04731	2.41893	1.26586e-07	0	0	0	0	0	0	0	0	
0.099	0.78489	0.00109544	1.8993	1.27406	6.04957	2.41983	1.44132e-07	0	0	0	0	0	0	0	0	
0.1	0.788953	0.00846419	1.91079	1.2675	6.05481	2.42192	1.63147e-07	0	0	0	0	0	0	0	0	
0.101	0.793156	0.0147405	1.92282	1.26079	6.06067	2.42427	1.83695e-07	0	0	0	0	0	0	0	0	
0.102	0.797249	0.0208758	1.93458	1.25431	6.06644	2.42658	2.05727e-07	0	0	0	0	0	0	0	0	
0.103	0.801321	0.0270504	1.94639	1.24794	6.07243	2.42897	2.29162e-07	0	0	0	0	0	0	0	0	
0.104	0.805424	0.0333612	1.95842	1.24158	6.07885	2.43154	2.53936e-07	0	0	0	0	0	0	0	0	
0.105	0.809585	0.0398534	1.97079	1.2352	6.08579	2.43432	2.80009e-07	0	0	0	0	0	0	0	0	
0.106	0.813814	0.0465414	1.98352	1.22878	6.09329	2.43732	3.07341e-07	0	0	0	0	0	0	0	0	
0.107	0.818114	0.0534245	1.99664	1.22232	6.10135	2.44054	3.35881e-07	0	0	0	0	0	0	0	0	
0.108	0.822481	0.0604954	2.01013	1.21583	6.10996	2.44398	3.65572e-07	0	0	0	0	0	0	0	0	
0.109	0.826914	0.0677447	2.02399	1.20932	6.1191	2.44764	3.96367e-07	0	0	0	0	0	0	0	0	
0.11	0.831409	0.0751631	2.03821	1.20278	6.12877	2.45151	4.28257e-07	0	0	0	0	0	0	0	0	
0.111	0.835966	0.082742	2.05278	1.19622	6.13894	2.45557	4.61302e-07	0	0	0	0	0	0	0	0	
0.112	0.840585	0.090474	2.0677	1.18965	6.14959	2.45983	4.95697e-07	0	0	0	0	0	0	0	0	
0.113	0.845267	0.0983531	2.08297	1.18306	6.1607	2.46428	5.31829e-07	0	0	0	0	0	0	0	0	
0.114	0.850017	0.106375	2.09861	1.17645	6.17225	2.4689	5.70315e-07	0	0	0	0	0	0	0	0	
0.115	0.854843	0.114536	2.11461	1.16981	6.1842	2.47368	6.11986e-07	0	0	0	0	0	0	0	0	
0.116	0.859751	0.122835	2.13099	1.16313	6.19653	2.47861	6.57813e-07	0	0	0	0	0	0	0	0	
0.117	0.864749	0.131273	2.14777	1.1564	6.20922	2.48369	7.08805e-07	0	0	0	0	0	0	0	0	
0.118	0.869846	0.139851	2.16496	1.14963	6.22225	2.4889	7.65945e-07	0	0	0	0	0	0	0	0	
0.119	0.875049	0.148574	2.18259	1.14279	6.23563	2.49425	8.30226e-07	0	0	0	0	0	0	0	0	
0.12	0.880365	0.157453	2.20068	1.13589	6.24935	2.49974	9.02748e-07	0	0	0	0	0	0	0	0	
0.121	0.885802	0.166498	2.21926	1.12892	6.26341	2.50536	9.84823e-07	0	0	0	0	0	0	0	0	
0.122	0.891369	0.175727	2.23833	1.12187	6.27779	2.51111	1.07798e-06	0	0	0	0	0	0	0	0	
0.123	0.89707	0.185162	2.25792	1.11474	6.29248	2.51699	1.18386e-06	0	0	0	0	0	0	0	0	
0.124	0.902911	0.194825	2.27804	1.10753	6.30748	2.52299	1.30409e-06	0	0	0	0	0	0	0	0	
0.125	0.908896	0.204738	2.29872	1.10024	6.32283	2.52913	1.44024e-06	0	0	0	0	0	0	0	0	
0.126	0.915031	0.214916	2.32001	1.09286	6.3386	2.53544	1.59392e-06	0	0	0	0	0	0	0	0	
0.127	0.921327	0.225368	2.34196	1.08539	6.35487	2.54195	1.76691e-06	0	0	0	0	0	0	0	0	
0.128	0.927801	0.236088	2.36469	1.07782	6.37175	2.5487	1.96139e-06	0	0	0	0	0	0	0	0	
0.129	0.934477	0.247072	2.38828	1.07012	6.38936	2.55574	2.18019e-06	0	0	0	0	0	0	0	0	
0.13	0.941377	0.258314	2.41286	1.06227	6.40779	2.56312	2.4271e-06	0	0	0	0	0	0	0	0	
0.131	0.948521	0.269825	2.43851	1.05427	6.42712	2.57085	2.70703e-06	0	0	0	0	0	0	0	0	
0.132	0.95592	0.281631	2.46527	1.04611	6.44737	2.57895	3.02631e-06	0	0	0	0	0	0	0	0	
0.133	0.963578	0.293777	2.49318	1.0378	6.46854	2.58742	3.3932e-06	0	0	0	0	0	0	0	0	
0.134	0.971494	0.306316	2.52223	1.02934	6.4906	2.59624	3.81844e-06	0	0	0	0	0	0	0	0	
0.135	0.979671	0.319299	2.55245	1.02075	6.51353	2.60541	4.31611e-06	0	0	0	0	0	0	0	0	
0.136	0.988119	0.332768	2.58385	1.01202	6.53731	2.61492	4.90498e-06	0	0	0	0	0	0	0	0	
0.137	0.996857	0.346753	2.61653	1.00315	6.56194	2.62478	5.61025e-06	0	0	0	0	0	0	0	0	
0.138	1.00591	0.361273	2.65056	0.994122	6.58745	2.63498	6.46581e-06	0	0	0	0	0	0	0	0	
0.139	1.01532	0.376343	2.68608	0.984912	6.61387	2.64555	7.5174e-06	0	0	0	0	0	0	0	0	
0.14	1.02511	0.391978	2.72321	0.975501	6.64123	2.65649	8.8274e-06	0	0	0	0	0	0	0	0	
0.141	1.03533	0.408193	2.7621	0.965872	6.66958	2.66783	1.04778e-05	0	0	0	0	0	0	0	0	
0.142	1.04601	0.425013	2.80289	0.956014	6.699	2.6796	1.2571e-05	0	0	0	0	0	0	0	0	
0.143	1.05717	0.442467	2.84572	0.945924	6.7296	2.69184	1.52408e-05	0	0	0	0	0	0	0	0	
0.144	1.06884	0.460593	2.89076	0.935595	6.76145	2.70458	1.86857e-05	0	0	0	0	0	0	0	0	
0.145	1.08107	0.479436	2.93816	0.925011	6.79456	2.71783	2.32217e-05	0	0	0	0	0	0	0	0	
0.146	1.09393	0.499044	2.98811	0.914135	6.82883	2.73153	2.93378e-05	0	0	0	0	0	0	0	0	
0.147	1.10751	0.519461	3.04085	0.902926	6.86416	2.74566	3.77539e-05	0	0	0	0	0	0	0	0	
0.148	1.12189	0.540746	3.09667	0.89135	6.90053	2.76021	4.94922e-05	0	0	0	0	0	0	0	0	
0.149	1.13715	0.562974	3.15585	0.879394	6.93809	2.77524	6.5992e-05	0	0	0	0	0	0	0	0	
0.15	1.15331	0.586249	3.21873	0.867068	6.97715	2.79086	8.9337e-05	0	0	0	0	0	0	0	0	
0.151	1.17044	0.610689	3.28571	0.854378	7.01811	2.80724	0.000122688	0	0	0	0	0	0	0	0	
0.152	1.18863	0.636415	3.35737	0.841305	7.06144	2.82457	0.000170994	0	0	0	0	0	0	0	0	
0.153	1.20803	0.663566	3.43448	0.827796	7.10761	2.84305	0.000242226	0	0	0	0	0	0	0	0	
0.154	1.22884	0.692344	3.51796	0.813773	7.15705	2.86282	0.000349676	0	0	0	0	0	0	0	0	
0.155	1.25135	0.723067	3.60892	0.79914	7.21008	2.88403	0.000516042	0	0	0	0	0	0	0	0	
0.156	1.27588	0.756182	3.70879	0.783771	7.2671	2.90684	0.000780601	0	0	0	0	0	0	0	0	
0.157	1.30299	0.792252	3.81972	0.767463	7.32874	2.9315	0.00121392	0	0	0	0	0	0	0	0	
0.158	1.33353	0.832007	3.94507	0.749889	7.39592	2.95837	0.00194836	0	0	0	0	0	0	0	0	
0.159	1.36874	0.876572	4.0897	0.7306	7.46983	2.98793	0.00323861	0	0	0	0	0	0	0	0	
0.16	1.41047	0.927838	4.26052	0.708984	7.5516	3.02064	0.00559926	0	0	0	0	0	0	0	0	
0.161	1.46184	0.988851	4.46835	0.684071	7.64167	3.05667	0.0101389	0	0	0	0	0	0	0	0	
0.162	1.5286	1.0643	4.73201	0.654193	7.73912	3.09565	0.019348	0	0	0	0	0	0	0	0	
0.163	1.6221	1.16147	5.08522	0.616486	7.83742	3.13497	0.0390746	0	0	0	0	0	0	0	0	
0.164	1.76545	1.29197	5.5823	0.566427	7.90491	3.16196	0.0838781	0	0	0	0	0	0	0	0	
0.165	2.00304	1.46651	6.27893	0.499241	7.83675	3.1347	0.188279	0	0	0	0	0	0	0	0	
0.166	2.24646	1.56677	6.46774	0.445144	7.19769	2.87908	0.412583	0	0	0	0	0	0	0	0	
0.167	1.65061	0.918055	3.34253	0.605836	5.06257	2.02503	0.714692	0	0	0	0	0	0	0	0	
0.168	1.07045	0.230319	1.53018	0.934187	3.57369	1.42948	0.788239	0	0	0	0	0	0	0	0	
0.169	1.01131	0.162822	1.39066	0.988812	3.43775	1.3751	0.792405	0	0	0	0	0	0	0	0	
0.17	1.00832	0.158456	1.38059	0.991745	3.42298	1.36919	0.794836	0	0	0	0	0	0	0	0	
0.171	1.00695	0.155556	1.37384	0.993101	3.41091	1.36436	0.797172	0	0	0	0	0	0	0	0	
0.172	1.0057	0.152834	1.36749	0.994336	3.39935	1.35974	0.799434	0	0	0	0	0	0	0	0	
0.173	1.00454	0.150255	1.36144	0.99548	3.38821	1.35528	0.80163	0	0	0	0	0	0	0	0	
0.174	1.00347	0.147808	1.35568	0.996537	3.37746	1.35098	0.803766	0	0	0	0	0	0	0	0	
0.175	1.00249	0.145482	1.35018	0.997513	3.36705	1.34682	0.80585	0	0	0	0	0	0	0	0	
0.176	1.00159	0.143266	1.34492	0.998411	3.35695	1.34278	0.807888	0	0	0	0	0	0	0	0	
0.177	1.00077	0.141153	1.33988	0.999233	3.34713	1.33885	0.809885	0	0	0	0	0	0	0	0	
0.178	1.00002	0.139133	1.33505	0.999984	3.33757	1.33503	0.811844	0	0	0	0	0	0	0	0	
0.179	0.999329	0.137202	1.33041	1.00067	3.32826	1.3313	0.813766	0	0	0	0	0	0	0	0	
0.18	0.998698	0.135352	1.32595	1.0013	3.31919	1.32768	0.815648	0	0	0	0	0	0	0	0	
0.181	0.998112	0.133577	1.32165	1.00189	3.31039	1.32415	0.817486	0	0	0	0	0	0	0	0	
0.182	0.997559	0.131874	1.31752	1.00245	3.30185	1.32074	0.819274	0	0	0	0	0	0	0	0	
0.183	0.997028	0.130237	1.31353	1.00298	3.2936	1.31744	0.821005	0	0	0	0	0	0	0	0	
0.184	0.996509	0.128663	1.30967	1.0035	3.28565	1.31426	0.822677	0	0	0	0	0	0	0	0	
0.185	0.995999	0.127149	1.30595	1.00402	3.27799	1.31119	0.824289	0	0	0	0	0	0	0	0	
0.186	0.995499	0.125691	1.30235	1.00452	3.27059	1.30824	0.825846	0	0	0	0	0	0	0	0	
0.187	0.995014	0.124286	1.29886	1.00501	3.26342	1.30537	0.827357	0	0	0	0	0	0	0	0	
0.188	0.994554	0.122931	1.29548	1.00548	3.25645	1.30258	0.828833	0	0	0	0	0	0	0	0	
0.189	0.994128	0.121624	1.29221	1.00591	3.24961	1.29984	0.830287	0	0	0	0	0	0	0	0	
0.19	0.993744	0.120362	1.28904	1.0063	3.24288	1.29715	0.831729	0	0	0	0	0	0	0	0	
0.191	0.993406	0.119142	1.28595	1.00664	3.23622	1.29449	0.833164	0	0	0	0	0	0	0	0	
0.192	0.993114	0.117961	1.28296	1.00693	3.22963	1.29185	0.834595	0	0	0	0	0	0	0	0	
0.193	0.992864	0.116819	1.28004	1.00719	3.22311	1.28924	0.83602	0	0	0	0	0	0	0	0	
0.194	0.99265	0.115711	1.27721	1.0074	3.21667	1.28667	0.837434	0	0	0	0	0	0	0	0	
0.195	0.992461	0.114637	1.27446	1.0076	3.21034	1.28414	0.838831	0	0	0	0	0	0	0	0	
0.196	0.992288	0.113595	1.27177	1.00777	3.20414	1.28166	0.840204	0	0	0	0	0	0	0	0	
0.197	0.992124	0.112583	1.26916	1.00794	3.19808	1.27923	0.841548	0	0	0	0	0	0	0	0	
0.198	0.991961	0.1116	1.26661	1.0081	3.19219	1.27688	0.842857	0	0	0	0	0	0	0	0	
0.199	0.991797	0.110645	1.26413	1.00827	3.18646	1.27458	0.84413	0	0	0	0	0	0	0	0	
0.2	0.991628	0.109717	1.26171	1.00844	3.1809	1.27236	0.845367	0	0	0	0	0	0	0	0	
0.201	0.991455	0.108814	1.25934	1.00862	3.17549	1.2702	0.846569	0	0	0	0	0	0	0	0	
0.202	0.991282	0.107936	1.25704	1.0088	3.17023	1.26809	0.84774	0	0	0	0	0	0	0	0	
0.203	0.991114	0.107081	1.25478	1.00897	3.16509	1.26603	0.848887	0	0	0	0	0	0	0	0	
0.204	0.990959	0.10625	1.25258	1.00912	3.16003	1.26401	0.850018	0	0	0	0	0	0	0	0	
0.205	0.990824	0.105439	1.25043	1.00926	3.15504	1.26201	0.85114	0	0	0	0	0	0	0	0	
0.206	0.990716	0.10465	1.24833	1.00937	3.15007	1.26003	0.85226	0	0	0	0	0	0	0	0	
0.207	0.990638	0.10388	1.24628	1.00945	3.14514	1.25805	0.85338	0	0	0	0	0	0	0	0	
0.208	0.990586	0.103128	1.24427	1.0095	3.14022	1.25609	0.8545	0	0	0	0	0	0	0	0	
0.209	0.990556	0.102395	1.2423	1.00953	3.13535	1.25414	0.855615	0	0	0	0	0	0	0	0	
0.21	0.990538	0.101678	1.24037	1.00955	3.13054	1.25222	0.856718	0	0	0	0	0	0	0	0	
0.211	0.990525	0.100978	1.23848	1.00957	3.12583	1.25033	0.857803	0	0	0	0	0	0	0	0	
0.212	0.990508	0.100293	1.23663	1.00958	3.12121	1.24849	0.858865	0	0	0	0	0	0	0	0	
0.213	0.990484	0.0996236	1.23482	1.00961	3.11672	1.24669	0.859901	0	0	0	0	0	0	0	0	
0.214	0.990453	0.0989692	1.23305	1.00964	3.11233	1.24493	0.860911	0	0	0	0	0	0	0	0	
0.215	0.990417	0.0983292	1.23131	1.00968	3.10806	1.24322	0.861897	0	0	0	0	0	0	0	0	
0.216	0.990378	0.0977034	1.2296	1.00972	3.10387	1.24155	0.862863	0	0	0	0	0	0	0	0	
0.217	0.990341	0.0970913	1.22793	1.00975	3.09976	1.2399	0.863813	0	0	0	0	0	0	0	0	
0.218	0.990309	0.0964924	1.22628	1.00979	3.09571	1.23828	0.864751	0	0	0	0	0	0	0	0	
0.219	0.990284	0.0959064	1.22467	1.00981	3.09171	1.23669	0.865678	0	0	0	0	0	0	0	0	
0.22	0.990267	0.0953329	1.22309	1.00983	3.08777	1.23511	0.866596	0	0	0	0	0	0	0	0	
0.221	0.990257	0.0947714	1.22153	1.00984	3.08387	1.23355	0.867505	0	0	0	0	0	0	0	0	
0.222	0.990252	0.0942216	1.22	1.00984	3.08003	1.23201	0.868404	0	0	0	0	0	0	0	0	
0.223	0.990247	0.0936831	1.2185	1.00985	3.07625	1.2305	0.869288	0	0	0	0	0	0	0	0	
0.224	0.990238	0.0931558	1.21702	1.00986	3.07255	1.22902	0.870154	0	0	0	0	0	0	0	0	
0.225	0.990218	0.0926393	1.21557	1.00988	3.06894	1.22758	0.870999	0	0	0	0	0	0	0	0	
0.226	0.990184	0.0921335	1.21414	1.00991	3.06544	1.22618	0.871819	0	0	0	0	0	0	0	0	
0.227	0.990138	0.0916382	1.21274	1.00996	3.06204	1.22482	0.872616	0	0	0	0	0	0	0	0	
0.228	0.990086	0.0911532	1.21135	1.01001	3.05871	1.22348	0.873397	0	0	0	0	0	0	0	0	
0.229	0.990044	0.0906783	1.20999	1.01006	3.0554	1.22216	0.874174	0	0	0	0	0	0	0	0	
0.23	0.990029	0.0902129	1.20865	1.01007	3.05207	1.22083	0.874961	0	0	0	0	0	0	0	0	
0.231	0.990059	0.0897566	1.20734	1.01004	3.04865	1.21946	0.875773	0	0	0	0	0	0	0	0	
0.232	0.990143	0.0893087	1.20604	1.00996	3.04511	1.21804	0.876619	0	0	0	0	0	0	0	0	
0.233	0.990282	0.0888687	1.20476	1.00981	3.04145	1.21658	0.877498	0	0	0	0	0	0	0	0	
0.234	0.990464	0.088436	1.2035	1.00963	3.03771	1.21508	0.878401	0	0	0	0	0	0	0	0	
0.235	0.990668	0.0880101	1.20225	1.00942	3.03394	1.21358	0.879312	0	0	0	0	0	0	0	0	
0.236	0.990871	0.0875907	1.20103	1.00921	3.03023	1.21209	0.880211	0	0	0	0	0	0	0	0	
0.237	0.991052	0.0871779	1.19982	1.00903	3.02663	1.21065	0.881082	0	0	0	0	0	0	0	0	
0.238	0.991196	0.0867715	1.19863	1.00888	3.02319	1.20928	0.881914	0	0	0	0	0	0	0	0	
0.239	0.991298	0.0863717	1.19746	1.00878	3.01992	1.20797	0.882704	0	0	0	0	0	0	0	0	
0.24	0.991362	0.0859786	1.1963	1.00871	3.01682	1.20673	0.883453	0	0	0	0	0	0	0	0	
0.241	0.991397	0.0855921	1.19516	1.00868	3.01384	1.20554	0.88417	0	0	0	0	0	0	0	0	
0.242	0.991414	0.0852122	1.19404	1.00866	3.01095	1.20438	0.884865	0	0	0	0	0	0	0	0	
0.243	0.991427	0.0848389	1.19293	1.00865	3.00812	1.20325	0.885547	0	0	0	0	0	0	0	0	
0.244	0.991443	0.084472	1.19184	1.00863	3.00532	1.20213	0.886224	0	0	0	0	0	0	0	0	
0.245	0.99147	0.0841113	1.19076	1.0086	3.00252	1.20101	0.886901	0	0	0	0	0	0	0	0	
0.246	0.991509	0.0837566	1.1897	1.00856	2.99973	1.19989	0.88758	0	0	0	0	0	0	0	0	
0.247	0.99156	0.0834077	1.18865	1.00851	2.99693	1.19877	0.88826	0	0	0	0	0	0	0	0	
0.248	0.991618	0.0830643	1.18762	1.00845	2.99415	1.19766	0.888938	0	0	0	0	0	0	0	0	
0.249	0.991681	0.0827265	1.1866	1.00839	2.99139	1.19655	0.889612	0	0	0	0	0	0	0	0	
0.25	0.991742	0.082394	1.18559	1.00833	2.98866	1.19547	0.890277	0	0	0	0	0	0	0	0	
0.251	0.991798	0.0820669	1.1846	1.00827	2.98599	1.19439	0.890932	0	0	0	0	0	0	0	0	
0.252	0.99185	0.081745	1.18362	1.00822	2.98336	1.19334	0.891577	0	0	0	0	0	0	0	0	
0.253	0.991901	0.0814283	1.18265	1.00816	2.98076	1.1923	0.892214	0	0	0	0	0	0	0	0	
0.254	0.991958	0.0811167	1.18169	1.00811	2.97818	1.19127	0.892848	0	0	0	0	0	0	0	0	
0.255	0.992027	0.0808102	1.18075	1.00804	2.97559	1.19024	0.893486	0	0	0	0	0	0	0	0	
0.256	0.992117	0.0805084	1.17981	1.00795	2.97297	1.18919	0.894133	0	0	0	0	0	0	0	0	
0.257	0.992229	0.0802114	1.17889	1.00783	2.97031	1.18812	0.89479	0	0	0	0	0	0	0	0	
0.258	0.992362	0.0799189	1.17798	1.0077	2.96761	1.18704	0.895457	0	0	0	0	0	0	0	0	
0.259	0.99251	0.0796307	1.17708	1.00755	2.9649	1.18596	0.896129	0	0	0	0	0	0	0	0	
0.26	0.992663	0.0793467	1.17619	1.00739	2.9622	1.18488	0.896798	0	0	0	0	0	0	0	0	
0.261	0.992812	0.0790669	1.1753	1.00724	2.95953	1.18381	0.89746	0	0	0	0	0	0	0	0	
0.262	0.992952	0.0787913	1.17443	1.0071	2.95692	1.18277	0.898108	0	0	0	0	0	0	0	0	
0.263	0.993078	0.0785198	1.17357	1.00697	2.95438	1.18175	0.898741	0	0	0	0	0	0	0	0	
0.264	0.993191	0.0782525	1.17272	1.00686	2.9519	1.18076	0.899359	0	0	0	0	0	0	0	0	
0.265	0.993293	0.0779892	1.17188	1.00675	2.94948	1.17979	0.899963	0	0	0	0	0	0	0	0	
0.266	0.993386	0.0777301	1.17104	1.00666	2.9471	1.17884	0.900556	0	0	0	0	0	0	0	0	
0.267	0.993475	0.077475	1.17022	1.00657	2.94476	1.17791	0.90114	0	0	0	0	0	0	0	0	
0.268	0.993562	0.0772238	1.1694	1.00648	2.94246	1.17698	0.901717	0	0	0	0	0	0	0	0	
0.269	0.993648	0.0769764	1.1686	1.00639	2.94017	1.17607	0.902289	0	0	0	0	0	0	0	0	
0.27	0.993733	0.0767328	1.1678	1.00631	2.93791	1.17517	0.902856	0	0	0	0	0	0	0	0	
0.271	0.993817	0.0764928	1.16701	1.00622	2.93568	1.17427	0.903417	0	0	0	0	0	0	0	0	
0.272	0.993896	0.0762563	1.16623	1.00614	2.93348	1.17339	0.90397	0	0	0	0	0	0	0	0	
0.273	0.993967	0.0760232	1.16546	1.00607	2.93134	1.17253	0.904512	0	0	0	0	0	0	0	0	
0.274	0.994025	0.0757934	1.1647	1.00601	2.92924	1.1717	0.905041	0	0	0	0	0	0	0	0	
0.275	0.994068	0.075567	1.16394	1.00597	2.92722	1.17089	0.905555	0	0	0	0	0	0	0	0	
0.276	0.994101	0.0753438	1.16319	1.00593	2.92524	1.1701	0.906057	0	0	0	0	0	0	0	0	
0.277	0.994133	0.0751238	1.16246	1.0059	2.92329	1.16932	0.906553	0	0	0	0	0	0	0	0	
0.278	0.994176	0.0749068	1.16173	1.00586	2.92133	1.16853	0.907053	0	0	0	0	0	0	0	0	
0.279	0.994246	0.0746926	1.161	1.00579	2.91931	1.16772	0.907569	0	0	0	0	0	0	0	0	
0.28	0.994357	0.074481	1.16029	1.00568	2.91718	1.16687	0.908107	0	0	0	0	0	0	0	0	
0.281	0.994512	0.0742717	1.15958	1.00552	2.91495	1.16598	0.908673	0	0	0	0	0	0	0	0	
0.282	0.994707	0.0740643	1.15888	1.00532	2.91262	1.16505	0.909263	0	0	0	0	0	0	0	0	
0.283	0.994929	0.0738587	1.15819	1.0051	2.91023	1.16409	0.909866	0	0	0	0	0	0	0	0	
0.284	0.995159	0.0736548	1.1575	1.00486	2.90784	1.16314	0.910471	0	0	0	0	0	0	0	0	
0.285	0.995378	0.0734524	1.15683	1.00464	2.9055	1.1622	0.911065	0	0	0	0	0	0	0	0	
0.286	0.995572	0.0732518	1.15616	1.00445	2.90325	1.1613	0.911637	0	0	0	0	0	0	0	0	
0.287	0.995733	0.0730529	1.15549	1.00428	2.90111	1.16045	0.912182	0	0	0	0	0	0	0	0	
0.288	0.995862	0.072856	1.15484	1.00416	2.89909	1.15964	0.912701	0	0	0	0	0	0	0	0	
0.289	0.995963	0.0726611	1.15419	1.00405	2.89717	1.15887	0.913197	0	0	0	0	0	0	0	0	
0.29	0.996046	0.0724683	1.15355	1.00397	2.89531	1.15813	0.913677	0	0	0	0	0	0	0	0	
0.291	0.996118	0.0722778	1.15291	1.0039	2.89351	1.1574	0.914146	0	0	0	0	0	0	0	0	
0.292	0.996189	0.0720894	1.15228	1.00383	2.89172	1.15669	0.914611	0	0	0	0	0	0	0	0	
0.293	0.996263	0.0719034	1.15166	1.00375	2.88994	1.15598	0.915074	0	0	0	0	0	0	0	0	
0.294	0.996344	0.0717196	1.15104	1.00367	2.88816	1.15526	0.915539	0	0	0	0	0	0	0	0	
0.295	0.996431	0.071538	1.15043	1.00358	2.88637	1.15455	0.916005	0	0	0	0	0	0	0	0	
0.296	0.996522	0.0713586	1.14982	1.00349	2.88458	1.15383	0.91647	0	0	0	0	0	0	0	0	
0.297	0.996615	0.0711815	1.14922	1.0034	2.8828	1.15312	0.916934	0	0	0	0	0	0	0	0	
0.298	0.996707	0.0710067	1.14862	1.0033	2.88104	1.15242	0.917395	0	0	0	0	0	0	0	0	
0.299	0.996796	0.0708342	1.14803	1.00321	2.8793	1.15172	0.917851	0	0	0	0	0	0	0	0	
0.3	0.996886	0.070664	1.14744	1.00312	2.87757	1.15103	0.918305	0	0	0	0	0	0	0	0	
0.301	0.996979	0.0704962	1.14686	1.00303	2.87584	1.15033	0.918758	0	0	0	0	0	0	0	0	
0.302	0.997083	0.0703307	1.14628	1.00293	2.87409	1.14963	0.919216	0	0	0	0	0	0	0	0	
0.303	0.997203	0.0701674	1.14571	1.0028	2.8723	1.14892	0.919681	0	0	0	0	0	0	0	0	
0.304	0.997342	0.0700063	1.14514	1.00267	2.87048	1.14819	0.920156	0	0	0	0	0	0	0	0	
0.305	0.997496	0.0698474	1.14457	1.00251	2.86861	1.14744	0.920639	0	0	0	0	0	0	0	0	
0.306	0.997661	0.0696905	1.14401	1.00234	2.86673	1.14669	0.921126	0	0	0	0	0	0	0	0	
0.307	0.997827	0.0695355	1.14345	1.00218	2.86485	1.14594	0.921612	0	0	0	0	0	0	0	0	
0.308	0.997986	0.0693826	1.1429	1.00202	2.86301	1.1452	0.922091	0	0	0	0	0	0	0	0	
0.309	0.998132	0.0692316	1.14235	1.00187	2.86121	1.14448	0.922559	0	0	0	0	0	0	0	0	
0.31	0.99826	0.0690827	1.1418	1.00174	2.85947	1.14379	0.923013	0	0	0	0	0	0	0	0	
0.311	0.99837	0.0689357	1.14125	1.00163	2.85779	1.14312	0.923454	0	0	0	0	0	0	0	0	
0.312	0.998466	0.0687906	1.14071	1.00154	2.85617	1.14247	0.923883	0	0	0	0	0	0	0	0	
0.313	0.998553	0.0686476	1.14018	1.00145	2.85458	1.14183	0.924304	0	0	0	0	0	0	0	0	
0.314	0.998636	0.0685064	1.13965	1.00137	2.85301	1.1412	0.924721	0	0	0	0	0	0	0	0	
0.315	0.998721	0.068367	1.13912	1.00128	2.85144	1.14058	0.925136	0	0	0	0	0	0	0	0	
0.316	0.998811	0.0682292	1.13859	1.00119	2.84987	1.13995	0.925553	0	0	0	0	0	0	0	0	
0.317	0.99891	0.0680931	1.13807	1.00109	2.84828	1.13931	0.925973	0	0	0	0	0	0	0	0	
0.318	0.999019	0.0679583	1.13755	1.00098	2.84668	1.13867	0.926397	0	0	0	0	0	0	0	0	
0.319	0.999138	0.0678248	1.13704	1.00086	2.84506	1.13802	0.926825	0	0	0	0	0	0	0	0	
0.32	0.999267	0.0676926	1.13653	1.00073	2.84342	1.13737	0.927256	0	0	0	0	0	0	0	0	
0.321	0.999403	0.0675613	1.13603	1.0006	2.84176	1.13671	0.92769	0	0	0	0	0	0	0	0	
0.322	0.999548	0.067431	1.13553	1.00045	2.8401	1.13604	0.928126	0	0	0	0	0	0	0	0	
0.323	0.9997	0.0673015	1.13503	1.0003	2.83843	1.13537	0.928565	0	0	0	0	0	0	0	0	
0.324	0.999861	0.0671728	1.13454	1.00014	2.83674	1.1347	0.929005	0	0	0	0	0	0	0	0	
0.325	1.00003	0.0670448	1.13405	0.999969	2.83503	1.13401	0.92945	0	0	0	0	0	0	0	0	
0.326	1.00022	0.0669173	1.13356	0.999784	2.8333	1.13332	0.9299	0	0	0	0	0	0	0	0	
0.327	1.00042	0.0667903	1.13308	0.999582	2.83153	1.13261	0.930358	0	0	0	0	0	0	0	0	
0.328	1.00064	0.0666637	1.13261	0.999362	2.82971	1.13189	0.930824	0	0	0	0	0	0	0	0	
0.329	1.00088	0.0665374	1.13214	0.999122	2.82786	1.13114	0.931299	0	0	0	0	0	0	0	0	
0.33	1.00113	0.0664113	1.13167	0.998869	2.82597	1.13039	0.93178	0	0	0	0	0	0	0	0	
0.331	1.00139	0.0662855	1.1312	0.998612	2.82408	1.12963	0.93226	0	0	0	0	0	0	0	0	
0.332	1.00164	0.0661599	1.13074	0.998363	2.82223	1.12889	0.932733	0	0	0	0	0	0	0	0	
0.333	1.00187	0.0660346	1.13029	0.998138	2.82046	1.12818	0.933189	0	0	0	0	0	0	0	0	
0.334	1.00205	0.0659098	1.12984	0.99795	2.8188	1.12752	0.933622	0	0	0	0	0	0	0	0	
0.335	1.0022	0.0657856	1.12939	0.997806	2.81727	1.12691	0.934026	0	0	0	0	0	0	0	0	
0.336	1.0023	0.0656622	1.12894	0.99771	2.81589	1.12636	0.934401	0	0	0	0	0	0	0	0	
0.337	1.00235	0.0655398	1.1285	0.997655	2.81464	1.12585	0.934749	0	0	0	0	0	0	0	0	
0.338	1.00237	0.0654185	1.12806	0.997633	2.81349	1.12539	0.935077	0	0	0	0	0	0	0	0	
0.339	1.00237	0.0652985	1.12763	0.997634	2.8124	1.12496	0.93539	0	0	0	0	0	0	0	0	
0.34	1.00236	0.0651798	1.1272	0.997645	2.81136	1.12454	0.935695	0	0	0	0	0	0	0	0	
0.341	1.00235	0.0650626	1.12677	0.997658	2.81033	1.12413	0.935998	0	0	0	0	0	0	0	0	
0.342	1.00234	0.0649468	1.12635	0.997665	2.80929	1.12372	0.936302	0	0	0	0	0	0	0	0	
0.343	1.00234	0.0648325	1.12593	0.997662	2.80823	1.12329	0.936612	0	0	0	0	0	0	0	0	
0.344	1.00236	0.0647197	1.12551	0.997645	2.80714	1.12286	0.936928	0	0	0	0	0	0	0	0	
0.345	1.00239	0.0646083	1.12509	0.997617	2.80603	1.12241	0.937248	0	0	0	0	0	0	0	0	
0.346	1.00242	0.0644984	1.12468	0.997583	2.8049	1.12196	0.937572	0	0	0	0	0	0	0	0	
0.347	1.00246	0.06439	1.12427	0.997546	2.80377	1.12151	0.937896	0	0	0	0	0	0	0	0	
0.348	1.0025	0.0642832	1.12386	0.997511	2.80265	1.12106	0.938218	0	0	0	0	0	0	0	0	
0.349	1.00253	0.064178	1.12345	0.997472	2.80153	1.12061	0.93854	0	0	0	0	0	0	0	0	
0.35	1.00258	0.0640745	1.12305	0.997422	2.80038	1.12015	0.938867	0	0	0	0	0	0	0	0	
0.351	1.00266	0.0639725	1.12264	0.997347	2.79917	1.11967	0.939208	0	0	0	0	0	0	0	0	
0.352	1.00277	0.0638721	1.12224	0.997234	2.79785	1.11914	0.939568	0	0	0	0	0	0	0	0	
0.353	1.00293	0.063773	1.12184	0.997078	2.79642	1.11857	0.93995	0	0	0	0	0	0	0	0	
0.354	1.00312	0.0636754	1.12145	0.996885	2.79488	1.11795	0.940351	0	0	0	0	0	0	0	0	
0.355	1.00334	0.0635789	1.12105	0.99667	2.79329	1.11732	0.940763	0	0	0	0	0	0	0	0	
0.356	1.00356	0.0634837	1.12066	0.996454	2.79171	1.11668	0.941175	0	0	0	0	0	0	0	0	
0.357	1.00376	0.0633897	1.12026	0.996257	2.79017	1.11607	0.941575	0	0	0	0	0	0	0	0	
0.358	1.00392	0.0632971	1.11987	0.996092	2.78874	1.1155	0.941956	0	0	0	0	0	0	0	0	
0.359	1.00405	0.0632058	1.11948	0.995962	2.7874	1.11496	0.942318	0	0	0	0	0	0	0	0	
0.36	1.00415	0.063116	1.11909	0.995862	2.78615	1.11446	0.942662	0	0	0	0	0	0	0	0	
0.361	1.00423	0.0630276	1.11871	0.995785	2.78497	1.11399	0.942992	0	0	0	0	0	0	0	0	
0.362	1.0043	0.0629407	1.11832	0.995723	2.78384	1.11354	0.943314	0	0	0	0	0	0	0	0	
0.363	1.00435	0.0628552	1.11794	0.995672	2.78274	1.1131	0.943628	0	0	0	0	0	0	0	0	
0.364	1.00439	0.062771	1.11755	0.995628	2.78167	1.11267	0.943938	0	0	0	0	0	0	0	0	
0.365	1.00443	0.0626881	1.11718	0.995586	2.78061	1.11224	0.944246	0	0	0	0	0	0	0	0	
0.366	1.00448	0.0626062	1.1168	0.99554	2.77954	1.11182	0.944554	0	0	0	0	0	0	0	0	
0.367	1.00453	0.0625254	1.11642	0.995487	2.77846	1.11138	0.944865	0	0	0	0	0	0	0	0	
0.368	1.00459	0.0624455	1.11605	0.995426	2.77736	1.11094	0.94518	0	0	0	0	0	0	0	0	
0.369	1.00466	0.0623662	1.11568	0.995364	2.77626	1.1105	0.945494	0	0	0	0	0	0	0	0	
0.37	1.00472	0.0622876	1.11531	0.995306	2.77518	1.11007	0.945804	0	0	0	0	0	0	0	0	
0.371	1.00476	0.0622096	1.11494	0.995259	2.77414	1.10966	0.946108	0	0	0	0	0	0	0	0	
0.372	1.0048	0.062132	1.11458	0.995221	2.77313	1.10925	0.946406	0	0	0	0	0	0	0	0	
0.373	1.00484	0.0620549	1.11422	0.995184	2.77213	1.10885	0.946702	0	0	0	0	0	0	0	0	
0.374	1.00489	0.0619782	1.11386	0.995133	2.7711	1.10844	0.947004	0	0	0	0	0	0	0	0	
0.375	1.00497	0.0619016	1.11351	0.995052	2.76999	1.108	0.947319	0	0	0	0	0	0	0	0	
0.376	1.0051	0.0618251	1.11315	0.994928	2.76877	1.10751	0.947655	0	0	0	0	0	0	0	0	
0.377	1.00527	0.0617486	1.11281	0.99476	2.76744	1.10697	0.948011	0	0	0	0	0	0	0	0	
0.378	1.00547	0.0616718	1.11246	0.994558	2.76601	1.10641	0.948383	0	0	0	0	0	0	0	0	
0.379	1.00569	0.0615948	1.11211	0.994344	2.76456	1.10582	0.94876	0	0	0	0	0	0	0	0	
0.38	1.00589	0.0615176	1.11177	0.994143	2.76316	1.10526	0.949128	0	0	0	0	0	0	0	0	
0.381	1.00606	0.0614402	1.11144	0.99398	2.76186	1.10474	0.949476	0	0	0	0	0	0	0	0	
0.382	1.00617	0.0613629	1.1111	0.993865	2.76071	1.10428	0.9498	0	0	0	0	0	0	0	0	
0.383	1.00625	0.0612857	1.11077	0.993789	2.75967	1.10387	0.950102	0	0	0	0	0	0	0	0	
0.384	1.00631	0.0612088	1.11044	0.993734	2.7587	1.10348	0.950394	0	0	0	0	0	0	0	0	
0.385	1.00637	0.0611323	1.11011	0.993672	2.75771	1.10308	0.950686	0	0	0	0	0	0	0	0	
0.386	1.00645	0.0610562	1.10978	0.993589	2.75667	1.10267	0.950988	0	0	0	0	0	0	0	0	
0.387	1.00656	0.0609804	1.10946	0.99348	2.75556	1.10223	0.9513	0	0	0	0	0	0	0	0	
0.388	1.00669	0.0609049	1.10914	0.993359	2.75443	1.10177	0.951618	0	0	0	0	0	0	0	0	
0.389	1.00681	0.0608298	1.10882	0.99324	2.75331	1.10132	0.951934	0	0	0	0	0	0	0	0	
0.39	1.00691	0.0607552	1.1085	0.993136	2.75223	1.10089	0.952242	0	0	0	0	0	0	0	0	
0.391	1.007	0.0606811	1.10818	0.993045	2.75119	1.10048	0.952543	0	0	0	0	0	0	0	0	
0.392	1.00709	0.0606075	1.10787	0.992958	2.75017	1.10007	0.952841	0	0	0	0	0	0	0	0	
0.393	1.00719	0.0605345	1.10756	0.992864	2.74913	1.09965	0.953141	0	0	0	0	0	0	0	0	
0.394	1.00729	0.0604621	1.10724	0.992759	2.74807	1.09923	0.953445	0	0	0	0	0	0	0	0	
0.395	1.0074	0.0603904	1.10693	0.992651	2.747	1.0988	0.95375	0	0	0	0	0	0	0	0	
0.396	1.0075	0.0603192	1.10663	0.992554	2.74596	1.09839	0.954049	0	0	0	0	0	0	0	0	
0.397	1.00758	0.0602487	1.10632	0.99248	2.745	1.098	0.954337	0	0	0	0	0	0	0	0	
0.398	1.00762	0.0601789	1.10601	0.992434	2.74411	1.09765	0.954611	0	0	0	0	0	0	0	0	
0.399	1.00765	0.0601099	1.10571	0.992409	2.74329	1.09732	0.954875	0	0	0	0	0	0	0	0	
0.4	1.00767	0.0600418	1.10541	0.99239	2.74249	1.097	0.955135	0	0	0	0	0	0	0	0	
0.401	1.0077	0.0599744	1.10511	0.992363	2.74167	1.09667	0.955398	0	0	0	0	0	0	0	0	
0.402	1.00774	0.0599078	1.10481	0.992317	2.74079	1.09632	0.955669	0	0	0	0	0	0	0	0	
0.403	1.00782	0.0598419	1.10451	0.992243	2.73985	1.09594	0.955952	0	0	0	0	0	0	0	0	
0.404	1.00793	0.0597766	1.10421	0.992137	2.73882	1.09553	0.956248	0	0	0	0	0	0	0	0	
0.405	1.00807	0.0597118	1.10391	0.991994	2.73769	1.09508	0.95656	0	0	0	0	0	0	0	0	
0.406	1.00825	0.0596474	1.10362	0.991814	2.73646	1.09458	0.956887	0	0	0	0	0	0	0	0	
0.407	1.00847	0.0595833	1.10333	0.991605	2.73516	1.09406	0.957226	0	0	0	0	0	0	0	0	
0.408	1.00869	0.0595195	1.10303	0.99139	2.73384	1.09354	0.957567	0	0	0	0	0	0	0	0	
0.409	1.00888	0.0594559	1.10274	0.991196	2.73259	1.09303	0.957898	0	0	0	0	0	0	0	0	
0.41	1.00903	0.0593927	1.10245	0.991053	2.73147	1.09259	0.958206	0	0	0	0	0	0	0	0	
0.411	1.0091	0.0593301	1.10217	0.990978	2.73055	1.09222	0.958484	0	0	0	0	0	0	0	0	
0.412	1.00912	0.0592682	1.10188	0.990965	2.72981	1.09192	0.958734	0	0	0	0	0	0	0	0	
0.413	1.00909	0.0592072	1.10159	0.990987	2.72916	1.09166	0.958968	0	0	0	0	0	0	0	0	
0.414	1.00908	0.0591472	1.10131	0.991004	2.7285	1.0914	0.959203	0	0	0	0	0	0	0	0	
0.415	1.00911	0.0590879	1.10103	0.990975	2.72772	1.09109	0.959456	0	0	0	0	0	0	0	0	
0.416	1.0092	0.0590295	1.10074	0.990879	2.72676	1.0907	0.959738	0	0	0	0	0	0	0	0	
0.417	1.00937	0.0589716	1.10046	0.990721	2.72563	1.09025	0.960045	0	0	0	0	0	0	0	0	
0.418	1.00956	0.0589143	1.10018	0.990531	2.72441	1.08976	0.960365	0	0	0	0	0	0	0	0	
0.419	1.00974	0.0588574	1.0999	0.990349	2.72322	1.08929	0.960681	0	0	0	0	0	0	0	0	
0.42	1.00989	0.0588011	1.09962	0.99021	2.72215	1.08886	0.96098	0	0	0	0	0	0	0	0	
0.421	1.00997	0.0587454	1.09935	0.990124	2.72123	1.08849	0.961255	0	0	0	0	0	0	0	0	
0.422	1.01002	0.0586904	1.09907	0.99008	2.72042	1.08817	0.961513	0	0	0	0	0	0	0	0	
0.423	1.01005	0.0586362	1.0988	0.99005	2.71966	1.08786	0.961763	0	0	0	0	0	0	0	0	
0.424	1.01009	0.0585827	1.09852	0.990013	2.71888	1.08755	0.962016	0	0	0	0	0	0	0	0	
0.425	1.01014	0.0585298	1.09825	0.98996	2.71806	1.08722	0.962274	0	0	0	0	0	0	0	0	
0.426	1.0102	0.0584775	1.09798	0.989902	2.71723	1.08689	0.962534	0	0	0	0	0	0	0	0	
0.427	1.01025	0.0584256	1.09771	0.989856	2.71643	1.08657	0.962789	0	0	0	0	0	0	0	0	
0.428	1.01027	0.0583741	1.09744	0.989832	2.7157	1.08628	0.963035	0	0	0	0	0	0	0	0	
0.429	1.01028	0.0583231	1.09717	0.989823	2.71502	1.08601	0.963274	0	0	0	0	0	0	0	0	
0.43	1.0103	0.0582724	1.09691	0.989807	2.71432	1.08573	0.963515	0	0	0	0	0	0	0	0	
0.431	1.01036	0.058222	1.09664	0.989751	2.71351	1.0854	0.96377	0	0	0	0	0	0	0	0	
0.432	1.01048	0.0581716	1.09638	0.98963	2.71253	1.08501	0.96405	0	0	0	0	0	0	0	0	
0.433	1.01068	0.0581211	1.09612	0.989436	2.71136	1.08454	0.964357	0	0	0	0	0	0	0	0	
0.434	1.01093	0.0580704	1.09586	0.989183	2.71002	1.08401	0.964686	0	0	0	0	0	0	0	0	
0.435	1.01121	0.0580194	1.09561	0.988912	2.70864	1.08346	0.965021	0	0	0	0	0	0	0	0	
0.436	1.01146	0.0579681	1.09535	0.988673	2.70736	1.08294	0.965344	0	0	0	0	0	0	0	0	
0.437	1.01162	0.0579167	1.0951	0.988512	2.70629	1.08252	0.965636	0	0	0	0	0	0	0	0	
0.438	1.01168	0.0578656	1.09484	0.988456	2.70551	1.0822	0.965888	0	0	0	0	0	0	0	0	
0.439	1.01164	0.0578149	1.09459	0.988499	2.70501	1.082	0.966103	0	0	0	0	0	0	0	0	
0.44	1.01152	0.057765	1.09434	0.988607	2.70469	1.08187	0.966292	0	0	0	0	0	0	0	0	
0.441	1.0114	0.0577159	1.09409	0.988732	2.70441	1.08177	0.966474	0	0	0	0	0	0	0	0	
0.442	1.0113	0.0576677	1.09385	0.988822	2.70405	1.08162	0.966668	0	0	0	0	0	0	0	0	
0.443	1.01128	0.0576203	1.0936	0.988847	2.70351	1.0814	0.966886	0	0	0	0	0	0	0	0	
0.444	1.01133	0.0575736	1.09335	0.988798	2.70276	1.08111	0.967131	0	0	0	0	0	0	0	0	
0.445	1.01144	0.0575273	1.09311	0.988687	2.70186	1.08074	0.967398	0	0	0	0	0	0	0	0	
0.446	1.01159	0.0574815	1.09286	0.988539	2.70085	1.08034	0.967678	0	0	0	0	0	0	0	0	
0.447	1.01176	0.057436	1.09262	0.988377	2.6998	1.07992	0.967963	0	0	0	0	0	0	0	0	
0.448	1.01193	0.0573908	1.09238	0.988215	2.69876	1.0795	0.968247	0	0	0	0	0	0	0	0	
0.449	1.01208	0.0573459	1.09214	0.988061	2.69774	1.0791	0.968528	0	0	0	0	0	0	0	0	
0.45	1.01224	0.0573013	1.09189	0.987912	2.69674	1.0787	0.968806	0	0	0	0	0	0	0	0	
0.451	1.01239	0.057257	1.09165	0.987762	2.69574	1.07829	0.969084	0	0	0	0	0	0	0	0	
0.452	1.01255	0.057213	1.09141	0.987604	2.69471	1.07788	0.969363	0	0	0	0	0	0	0	0	
0.453	1.01273	0.0571693	1.09118	0.987429	2.69364	1.07746	0.969647	0	0	0	0	0	0	0	0	
0.454	1.01293	0.0571259	1.09094	0.987231	2.69252	1.07701	0.969938	0	0	0	0	0	0	0	0	
0.455	1.01316	0.0570826	1.0907	0.987009	2.69133	1.07653	0.970236	0	0	0	0	0	0	0	0	
0.456	1.0134	0.0570396	1.09046	0.986773	2.6901	1.07604	0.970538	0	0	0	0	0	0	0	0	
0.457	1.01364	0.0569967	1.09023	0.986543	2.68889	1.07556	0.970836	0	0	0	0	0	0	0	0	
0.458	1.01384	0.0569541	1.08999	0.98635	2.68778	1.07511	0.971122	0	0	0	0	0	0	0	0	
0.459	1.01396	0.0569119	1.08976	0.986231	2.68688	1.07475	0.971384	0	0	0	0	0	0	0	0	
0.46	1.01398	0.0568702	1.08952	0.986211	2.68625	1.0745	0.971612	0	0	0	0	0	0	0	0	
0.461	1.01389	0.0568292	1.08929	0.9863	2.68591	1.07436	0.971805	0	0	0	0	0	0	0	0	
0.462	1.01371	0.056789	1.08906	0.986477	2.68582	1.07433	0.97197	0	0	0	0	0	0	0	0	
0.463	1.01348	0.0567499	1.08882	0.986698	2.68585	1.07434	0.972119	0	0	0	0	0	0	0	0	
0.464	1.01326	0.0567117	1.08859	0.98691	2.68586	1.07434	0.972272	0	0	0	0	0	0	0	0	
0.465	1.01311	0.0566743	1.08836	0.98706	2.6857	1.07428	0.972444	0	0	0	0	0	0	0	0	
0.466	1.01305	0.0566375	1.08814	0.987116	2.68529	1.07412	0.972646	0	0	0	0	0	0	0	0	
0.467	1.0131	0.056601	1.08791	0.987067	2.68459	1.07384	0.972881	0	0	0	0	0	0	0	0	
0.468	1.01326	0.0565647	1.08768	0.986916	2.68362	1.07345	0.973147	0	0	0	0	0	0	0	0	
0.469	1.0135	0.0565283	1.08745	0.986677	2.68242	1.07297	0.97344	0	0	0	0	0	0	0	0	
0.47	1.01382	0.0564917	1.08723	0.986373	2.68103	1.07241	0.973752	0	0	0	0	0	0	0	0	
0.471	1.01416	0.0564548	1.087	0.986037	2.67957	1.07183	0.974073	0	0	0	0	0	0	0	0	
0.472	1.01449	0.0564175	1.08678	0.985719	2.67815	1.07126	0.974388	0	0	0	0	0	0	0	0	
0.473	1.01474	0.0563801	1.08656	0.985475	2.67694	1.07078	0.97468	0	0	0	0	0	0	0	0	
0.474	1.01486	0.0563428	1.08634	0.985353	2.67606	1.07042	0.974934	0	0	0	0	0	0	0	0	
0.475	1.01485	0.0563059	1.08611	0.985366	2.67555	1.07022	0.975149	0	0	0	0	0	0	0	0	
0.476	1.01473	0.0562696	1.08589	0.985481	2.67532	1.07013	0.975333	0	0	0	0	0	0	0	0	
0.477	1.01458	0.0562342	1.08568	0.985628	2.67518	1.07007	0.975507	0	0	0	0	0	0	0	0	
0.478	1.01448	0.0561997	1.08546	0.985723	2.6749	1.06996	0.975695	0	0	0	0	0	0	0	0	
0.479	1.01451	0.0561659	1.08524	0.985698	2.67429	1.06972	0.975917	0	0	0	0	0	0	0	0	
0.48	1.01468	0.0561325	1.08502	0.985528	2.67329	1.06932	0.97618	0	0	0	0	0	0	0	0	
0.481	1.01498	0.0560995	1.0848	0.985241	2.67198	1.06879	0.976475	0	0	0	0	0	0	0	0	
0.482	1.01532	0.0560667	1.08458	0.984911	2.67054	1.06822	0.976782	0	0	0	0	0	0	0	0	
0.483	1.01561	0.0560341	1.08437	0.984629	2.66924	1.0677	0.977076	0	0	0	0	0	0	0	0	
0.484	1.01577	0.0560019	1.08415	0.984475	2.66829	1.06732	0.977335	0	0	0	0	0	0	0	0	
0.485	1.01576	0.0559705	1.08393	0.984487	2.66779	1.06712	0.977548	0	0	0	0	0	0	0	0	
0.486	1.01559	0.0559401	1.08371	0.984647	2.66769	1.06707	0.977721	0	0	0	0	0	0	0	0	
0.487	1.01534	0.0559108	1.0835	0.984894	2.66782	1.06713	0.977871	0	0	0	0	0	0	0	0	
0.488	1.01508	0.0558825	1.08328	0.985144	2.66797	1.06719	0.978019	0	0	0	0	0	0	0	0	
0.489	1.0149	0.0558549	1.08307	0.985316	2.66791	1.06716	0.978188	0	0	0	0	0	0	0	0	
0.49	1.01487	0.0558275	1.08285	0.985348	2.66747	1.06699	0.978393	0	0	0	0	0	0	0	0	
0.491	1.01501	0.0557999	1.08264	0.985215	2.66658	1.06663	0.97864	0	0	0	0	0	0	0	0	
0.492	1.0153	0.0557713	1.08243	0.984935	2.66531	1.06612	0.978925	0	0	0	0	0	0	0	0	
0.493	1.01568	0.0557414	1.08222	0.984566	2.6638	1.06552	0.979231	0	0	0	0	0	0	0	0	
0.494	1.01607	0.0557099	1.08202	0.984184	2.66226	1.0649	0.97954	0	0	0	0	0	0	0	0	
0.495	1.01641	0.0556768	1.08181	0.983853	2.66086	1.06435	0.979835	0	0	0	0	0	0	0	0	
0.496	1.01666	0.0556421	1.08161	0.983617	2.65974	1.06389	0.980105	0	0	0	0	0	0	0	0	
0.497	1.01678	0.0556062	1.08142	0.983501	2.65894	1.06357	0.980344	0	0	0	0	0	0	0	0	
0.498	1.01677	0.0555696	1.08122	0.98351	2.65848	1.06339	0.980553	0	0	0	0	0	0	0	0	
0.499	1.01664	0.0555329	1.08103	0.983631	2.65834	1.06333	0.980735	0	0	0	0	0	0	0	0	
0.5	1.01644	0.0554964	1.08084	0.983827	2.65839	1.06336	0.980899	0	0	0	0	0	0	0	0	
0.501	1.01623	0.0554608	1.08065	0.984034	2.65848	1.06339	0.98106	0	0	0	0	0	0	0	0	
0.502	1.01607	0.0554263	1.08046	0.984183	2.65842	1.06337	0.981234	0	0	0	0	0	0	0	0	
0.503	1.01603	0.055393	1.08027	0.984226	2.65807	1.06323	0.981433	0	0	0	0	0	0	0	0	
0.504	1.01611	0.0553611	1.08007	0.984145	2.65738	1.06295	0.981661	0	0	0	0	0	0	0	0	
0.505	1.01631	0.0553305	1.07988	0.983956	2.65639	1.06256	0.981913	0	0	0	0	0	0	0	0	
0.506	1.01658	0.055301	1.07969	0.983693	2.6552	1.06208	0.982182	0	0	0	0	0	0	0	0	
0.507	1.01688	0.0552725	1.07949	0.983397	2.65393	1.06157	0.982457	0	0	0	0	0	0	0	0	
0.508	1.01719	0.0552448	1.0793	0.9831	2.65264	1.06106	0.982731	0	0	0	0	0	0	0	0	
0.509	1.01748	0.0552179	1.0791	0.982821	2.65141	1.06056	0.983001	0	0	0	0	0	0	0	0	
0.51	1.01774	0.0551916	1.0789	0.982573	2.65025	1.0601	0.983263	0	0	0	0	0	0	0	0	
0.511	1.01794	0.0551658	1.07871	0.982377	2.64924	1.0597	0.983513	0	0	0	0	0	0	0	0	
0.512	1.01806	0.0551405	1.07851	0.982265	2.64845	1.05938	0.983745	0	0	0	0	0	0	0	0	
0.513	1.01805	0.0551158	1.07831	0.982274	2.648	1.0592	0.983952	0	0	0	0	0	0	0	0	
0.514	1.01789	0.0550918	1.07812	0.982423	2.64792	1.05917	0.984132	0	0	0	0	0	0	0	0	
0.515	1.01762	0.0550687	1.07792	0.982682	2.64813	1.05925	0.98429	0	0	0	0	0	0	0	0	
0.516	1.01732	0.0550464	1.07773	0.982977	2.64845	1.05938	0.984441	0	0	0	0	0	0	0	0	
0.517	1.01706	0.0550251	1.07753	0.983226	2.64865	1.05946	0.984601	0	0	0	0	0	0	0	0	
0.518	1.01691	0.0550043	1.07734	0.983373	2.64857	1.05943	0.984782	0	0	0	0	0	0	0	0	
0.519	1.01688	0.0549839	1.07715	0.983397	2.64816	1.05926	0.984987	0	0	0	0	0	0	0	0	
0.52	1.01698	0.0549636	1.07695	0.9833	2.64742	1.05897	0.985215	0	0	0	0	0	0	0	0	
0.521	1.01719	0.0549431	1.07676	0.983102	2.64642	1.05857	0.985461	0	0	0	0	0	0	0	0	
0.522	1.01746	0.0549224	1.07657	0.982844	2.64526	1.0581	0.985718	0	0	0	0	0	0	0	0	
0.523	1.01773	0.0549016	1.07638	0.982578	2.64407	1.05763	0.985975	0	0	0	0	0	0	0	0	
0.524	1.01798	0.054881	1.07619	0.98234	2.64296	1.05719	0.986227	0	0	0	0	0	0	0	0	
0.525	1.01818	0.0548609	1.076	0.982148	2.64198	1.05679	0.986469	0	0	0	0	0	0	0	0	
0.526	1.01833	0.0548418	1.07581	0.982001	2.64111	1.05645	0.986703	0	0	0	0	0	0	0	0	
0.527	1.01844	0.0548241	1.07562	0.981894	2.64035	1.05614	0.98693	0	0	0	0	0	0	0	0	
0.528	1.01852	0.054808	1.07542	0.981816	2.63967	1.05587	0.987151	0	0	0	0	0	0	0	0	
0.529	1.01859	0.0547937	1.07523	0.981745	2.63899	1.0556	0.987371	0	0	0	0	0	0	0	0	
0.53	1.01868	0.054781	1.07503	0.981662	2.63828	1.05531	0.987592	0	0	0	0	0	0	0	0	
0.531	1.01877	0.0547696	1.07483	0.981572	2.63755	1.05502	0.987814	0	0	0	0	0	0	0	0	
0.532	1.01886	0.0547588	1.07463	0.981488	2.63684	1.05473	0.988035	0	0	0	0	0	0	0	0	
0.533	1.01895	0.054748	1.07443	0.981404	2.63613	1.05445	0.988256	0	0	0	0	0	0	0	0	
0.534	1.01906	0.0547364	1.07423	0.9813	2.63536	1.05415	0.988479	0	0	0	0	0	0	0	0	
0.535	1.01918	0.054723	1.07404	0.98118	2.63456	1.05383	0.988703	0	0	0	0	0	0	0	0	
0.536	1.01927	0.0547073	1.07385	0.98109	2.63386	1.05354	0.988923	0	0	0	0	0	0	0	0	
0.537	1.01924	0.0546886	1.07367	0.981122	2.63349	1.0534	0.989125	0	0	0	0	0	0	0	0	
0.538	1.01908	0.0546666	1.07349	0.981281	2.63348	1.05339	0.989309	0	0	0	0	0	0	0	0	
0.539	1.01895	0.054641	1.07332	0.981399	2.63338	1.05335	0.989497	0	0	0	0	0	0	0	0	
0.54	1.01906	0.0546114	1.07315	0.981297	2.6327	1.05308	0.989713	0	0	0	0	0	0	0	0	
0.541	1.01935	0.0545774	1.07299	0.981015	2.63155	1.05262	0.989954	0	0	0	0	0	0	0	0	
0.542	1.01961	0.0545394	1.07284	0.980769	2.63052	1.05221	0.99019	0	0	0	0	0	0	0	0	
0.543	1.01969	0.0544982	1.07269	0.980691	2.62995	1.05198	0.990404	0	0	0	0	0	0	0	0	
0.544	1.01968	0.0544554	1.07255	0.980698	2.62961	1.05185	0.990607	0	0	0	0	0	0	0	0	
0.545	1.01974	0.0544125	1.07241	0.980646	2.62912	1.05165	0.990815	0	0	0	0	0	0	0	0	
0.546	1.01985	0.0543713	1.07226	0.980533	2.62847	1.05139	0.991031	0	0	0	0	0	0	0	0	
0.547	1.01991	0.0543338	1.07211	0.980481	2.62796	1.05119	0.991241	0	0	0	0	0	0	0	0	
0.548	1.01984	0.0543018	1.07195	0.980545	2.62775	1.0511	0.991438	0	0	0	0	0	0	0	0	
0.549	1.01977	0.0542767	1.07179	0.980614	2.62753	1.05101	0.991635	0	0	0	0	0	0	0	0	
0.55	1.01982	0.0542591	1.07161	0.980564	2.62696	1.05079	0.991845	0	0	0	0	0	0	0	0	
0.551	1.01995	0.0542482	1.07143	0.98044	2.62618	1.05047	0.992065	0	0	0	0	0	0	0	0	
0.552	1.01999	0.0542427	1.07124	0.980401	2.6256	1.05024	0.992276	0	0	0	0	0	0	0	0	
0.553	1.01993	0.0542403	1.07104	0.980462	2.62529	1.05011	0.992478	0	0	0	0	0	0	0	0	
0.554	1.01993	0.0542378	1.07085	0.980459	2.6248	1.04992	0.992685	0	0	0	0	0	0	0	0	
0.555	1.02006	0.0542318	1.07066	0.980331	2.62399	1.0496	0.992903	0	0	0	0	0	0	0	0	
0.556	1.02016	0.054219	1.07048	0.980235	2.6233	1.04932	0.993119	0	0	0	0	0	0	0	0	
0.557	1.02008	0.0541978	1.07031	0.980313	2.6231	1.04924	0.993318	0	0	0	0	0	0	0	0	
0.558	1.01961	0.0541681	1.07016	0.980767	2.62395	1.04958	0.993484	0	0	0	0	0	0	0	0	
0.559	1.01934	0.0541313	1.07002	0.981029	2.62431	1.04972	0.993665	0	0	0	0	0	0	0	0	
0.56	1.01973	0.0540897	1.06989	0.980653	2.62298	1.04919	0.993898	0	0	0	0	0	0	0	0	
0.561	1.02035	0.0540466	1.06976	0.980055	2.62106	1.04843	0.994151	0	0	0	0	0	0	0	0	
0.562	1.02065	0.0540067	1.06963	0.979768	2.61997	1.04799	0.99438	0	0	0	0	0	0	0	0	
0.563	1.02055	0.0539744	1.06948	0.979864	2.61987	1.04795	0.99458	0	0	0	0	0	0	0	0	
0.564	1.02049	0.0539524	1.06932	0.979917	2.61962	1.04785	0.994781	0	0	0	0	0	0	0	0	
0.565	1.02062	0.0539414	1.06915	0.979797	2.61888	1.04755	0.994995	0	0	0	0	0	0	0	0	
0.566	1.02066	0.0539395	1.06896	0.979756	2.61831	1.04732	0.995205	0	0	0	0	0	0	0	0	
0.567	1.02063	0.0539423	1.06877	0.979788	2.61792	1.04717	0.99541	0	0	0	0	0	0	0	0	
0.568	1.02086	0.0539427	1.06858	0.979563	2.61686	1.04674	0.99563	0	0	0	0	0	0	0	0	
0.569	1.02073	0.0539325	1.06841	0.97969	2.61678	1.04671	0.995831	0	0	0	0	0	0	0	0	
0.57	1.02039	0.0539051	1.06827	0.98002	2.6173	1.04692	0.996021	0	0	0	0	0	0	0	0	
0.571	1.01993	0.0538589	1.06815	0.980455	2.61818	1.04727	0.996204	0	0	0	0	0	0	0	0	
0.572	1.01975	0.0537999	1.06806	0.980631	2.61842	1.04737	0.996402	0	0	0	0	0	0	0	0	
0.573	1.01993	0.0537422	1.06796	0.980464	2.61774	1.04709	0.996617	0	0	0	0	0	0	0	0	
0.574	1.01951	0.0537054	1.06783	0.980868	2.61851	1.0474	0.99681	0	0	0	0	0	0	0	0	
0.575	1.02009	0.053702	1.06766	0.980307	2.61659	1.04663	0.997042	0	0	0	0	0	0	0	0	
0.576	1.02113	0.0537292	1.06744	0.979305	2.61337	1.04535	0.997292	0	0	0	0	0	0	0	0	
0.577	1.02117	0.0537734	1.06719	0.979272	2.61268	1.04507	0.997506	0	0	0	0	0	0	0	0	
0.578	1.02094	0.0538249	1.06694	0.979485	2.61262	1.04505	0.997709	0	0	0	0	0	0	0	0	
0.579	1.02047	0.0538681	1.0667	0.979941	2.61325	1.0453	0.997904	0	0	0	0	0	0	0	0	
0.58	1.02138	0.0538331	1.06657	0.979067	2.61061	1.04424	0.998133	0	0	0	0	0	0	0	0	
0.581	1.02212	0.0536458	1.06666	0.978357	2.60895	1.04358	0.998353	0	0	0	0	0	0	0	0	
0.582	1.02205	0.0534595	1.06676	0.978421	2.60935	1.04374	0.998555	0	0	0	0	0	0	0	0	
0.583	1.0213	0.0536287	1.06633	0.97914	2.61023	1.04409	0.99875	0	0	0	0	0	0	0	0	
0.584	1.02064	0.0538758	1.06579	0.979782	2.61059	1.04424	0.998954	0	0	0	0	0	0	0	0	
0.585	1.02176	0.0530848	1.06665	0.978707	2.60984	1.04394	0.999168	0	0	0	0	0	0	0	0	
0.586	1.02201	0.0519971	1.06713	0.978468	2.61037	1.04415	0.999373	0	0	0	0	0	0	0	0	
0.587	1.01851	0.0519572	1.05937	0.981823	2.60029	1.04012	0.999591	0	0	0	0	0	0	0	0	
0.588	0.996241	0.0335222	1.02933	1.00377	2.58303	1.03321	0.999783	0	0	0	0	0	0	0	0	
0.589	0.920275	-0.0895958	0.914942	1.08663	2.48551	0.994205	0.999937	0	0	0	0	0	0	0	0	
0.59	0.74014	-0.308044	0.674794	1.3511	2.27928	0.911711	0.999993	0	0	0	0	0	0	0	0	
0.591	0.260571	-1.35058	0.0987274	3.83773	0.947223	0.378889	1	0	0	0	0	0	0	0	0	
0.592	0.259259	-1.35769	0.0967742	3.85715	0.933181	0.373272	1	0	0	0	0	0	0	0	0	
0.593	0.259259	-1.35769	0.0967742	3.85715	0.933181	0.373272	1	0	0	0	0	0	0	0	0	
0.594	0.259259	-1.35769	0.0967742	3.85715	0.933181	0.373272	1	0	0	0	0	0	0	0	0	
0.595	0.259259	-1.35769	0.0967742	3.85715	0.933181	0.373272	1	0	0	0	0	0	0	0	0	
0.596	0.259259	-1.35769	0.0967742	3.85715	0.933181	0.373272	1	0	0	0	0	0	0	0	0	
0.597	0.259259	-1.35769	0.0967742	3.85715	0.933181	0.373272	1	0	0	0	0	0	0	0	0	
0.598	0.259259	-1.35769	0.0967742	3.85715	0.933181	0.373272	1	0	0	0	0	0	0	0	0	
0.599	0.259259	-1.35769	0.0967742	3.85715	0.933181	0.373272	1	0	0	0	0	0	0	0	0	
0.6	0.259259	-1.35769	0.0967742	3.85715	0.933181	0.373272	1	0	0	0	0	0	0	0	0	
0.601	0.259259	-1.35769	0.0967742	3.85715	0.933181	0.373272	1	0	0	0	0	0	0	0	0	
0.602	0.259259	-1.35769	0.0967742	3.85715	0.933181	0.373272	1	0	0	0	0	0	0	0	0	
0.603	0.259259	-1.35769	0.0967742	3.85715	0.933181	0.373272	1	0	0	0	0	0	0	0	0	
0.604	0.259259	-1.35769	0.0967742	3.85715	0.933181	0.373272	1	0	0	0	0	0	0	0	0	
0.605	0.259259	-1.35769	0.0967742	3.85715	0.933181	0.373272	1	0	0	0	0	0	0	0	0	
0.606	0.259259	-1.35769	0.0967742	3.85715	0.933181	0.373272	1	0	0	0	0	0	0	0	0	
0.607	0.259259	-1.35769	0.0967742	3.85715	0.933181	0.373272	1	0	0	0	0	0	0	0	0	
0.608	0.259259	-1.35769	0.0967742	3.85715	0.933181	0.373272	1	0	0	0	0	0	0	0	0	
0.609	0.259259	-1.35769	0.0967742	3.85715	0.933181	0.373272	1	0	0	0	0	0	0	0	0	
0.61	0.259259	-1.35769	0.0967742	3.85715	0.933181	0.373272	1	0	0	0	0	0	0	0	0	
0.611	0.259259	-1.35769	0.0967742	3.85715	0.933181	0.373272	1	0	0	0	0	0	0	0	0	
0.612	0.259259	-1.35769	0.0967742	3.85715	0.933181	0.373272	1	0	0	0	0	0	0	0	0	
0.613	0.259259	-1.35769	0.0967742	3.85715	0.933181	0.373272	1	0	0	0	0	0	0	0	0	
0.614	0.259259	-1.35769	0.0967742	3.85715	0.933181	0.373272	1	0	0	0	0	0	0	0	0	
0.615	0.259259	-1.35769	0.0967742	3.85715	0.933181	0.373272	1	0	0	0	0	0	0	0	0	
0.616	0.259259	-1.35769	0.0967742	3.85715	0.933181	0.373272	1	0	0	0	0	0	0	0	0	
0.617	0.259259	-1.35769	0.0967742	3.85715	0.933181	0.373272	1	0	0	0	0	0	0	0	0	
0.618	0.259259	-1.35769	0.0967742	3.85715	0.933181	0.373272	1	0	0	0	0	0	0	0	0	
0.619	0.259259	-1.35769	0.0967742	3.85715	0.933181	0.373272	1	0	0	0	0	0	0	0	0	
0.62	0.259259	-1.35769	0.0967742	3.85715	0.933181	0.373272	1	0	0	0	0	0	0	0	0	
0.621	0.259259	-1.35769	0.0967742	3.85715	0.933181	0.373272	1	0	0	0	0	0	0	0	0	
0.622	0.259259	-1.35769	0.0967742	3.85715	0.933181	0.373272	1	0	0	0	0	0	0	0	0	
0.623	0.259259	-1.35769	0.0967742	3.85715	0.933181	0.373272	1	0	0	0	0	0	0	0	0	
0.624	0.259259	-1.35769	0.0967742	3.85715	0.933181	0.373272	1	0	0	0	0	0	0	0	0	
0.625	0.259259	-1.35769	0.0967742	3.85715	0.933181	0.373272	1	0	0	0	0	0	0	0	0	
0.626	0.259259	-1.35769	0.0967742	3.85715	0.933181	0.373272	1	0	0	0	0	0	0	0	0	
0.627	0.259259	-1.35769	0.0967742	3.85715	0.933181	0.373272	1	0	0	0	0	0	0	0	0	
0.628	0.259259	-1.35769	0.0967742	3.85715	0.933181	0.373272	1	0	0	0	0	0	0	0	0	
0.629	0.259259	-1.35769	0.0967742	3.85715	0.933181	0.373272	1	0	0	0	0	0	0	0	0	
0.63	0.259259	-1.35769	0.0967742	3.85715	0.933181	0.373272	1	0	0	0	0	0	0	0	0	
0.631	0.259259	-1.35769	0.0967742	3.85715	0.933181	0.373272	1	0	0	0	0	0	0	0	0	
0.632	0.259259	-1.35769	0.0967742	3.85715	0.933181	0.373272	1	0	0	0	0	0	0	0	0	
0.633	0.259259	-1.35769	0.0967742	3.85715	0.933181	0.373272	1	0	0	0	0	0	0	0	0	
0.634	0.259259	-1.35769	0.0967742	3.85715	0.933181	0.373272	1	0	0	0	0	0	0	0	0	
0.635	0.259259	-1.35769	0.0967742	3.85715	0.933181	0.373272	1	0	0	0	0	0	0	0	0	
0.636	0.259259	-1.35769	0.0967742	3.85715	0.933181	0.373272	1	0	0	0	0	0	0	0	0	
0.637	0.259259	-1.35769	0.0967742	3.85715	0.933181	0.373272	1	0	0	0	0	0	0	0	0	
0.638	0.259259	-1.35769	0.0967742	3.85715	0.933181	0.373272	1	0	0	0	0	0	0	0	0	
0.639	0.259259	-1.35769	0.0967742	3.85715	0.933181	0.373272	1	0	0	0	0	0	0	0	0	
0.64	0.259259	-1.35769	0.0967742	3.85715	0.933181	0.373272	1	0	0	0	0	0	0	0	0	
0.641	0.259259	-1.35769	0.0967742	3.85715	0.933181	0.373272	1	0	0	0	0	0	0	0	0	
0.642	0.259259	-1.35769	0.0967742	3.85715	0.933181	0.373272	1	0	0	0	0	0	0	0	0	
0.643	0.259259	-1.35769	0.0967742	3.85715	0.933181	0.373272	1	0	0	0	0	0	0	0	0	
0.644	0.259259	-1.35769	0.0967742	3.85715	0.933181	0.373272	1	0	0	0	0	0	0	0	0	
0.645	0.259259	-1.35769	0.0967742	3.85715	0.933181	0.373272	1	0	0	0	0	0	0	0	0	
0.646	0.259259	-1.35769	0.0967742	3.85715	0.933181	0.373272	1	0	0	0	0	0	0	0	0	
0.647	0.259259	-1.35769	0.0967742	3.85715	0.933181	0.373272	1	0	0	0	0	0	0	0	0	
0.648	0.259259	-1.35769	0.0967742	3.85715	0.933181	0.373272	1	0	0	0	0	0	0	0	0	
0.649	0.259259	-1.35769	0.0967742	3.85715	0.933181	0.373272	1	0	0	0	0	0	0	0	0	
0.65	0.259259	-1.35769	0.0967742	3.85715	0.933181	0.373272	1	0	0	0	0	0	0	0	0	
0.651	0.259259	-1.35769	0.0967742	3.85715	0.933181	0.373272	1	0	0	0	0	0	0	0	0	
0.652	0.259259	-1.35769	0.0967742	3.85715	0.933181	0.373272	1	0	0	0	0	0	0	0	0	
0.653	0.259259	-1.35769	0.0967742	3.85715	0.933181	0.373272	1	0	0	0	0	0	0	0	0	
0.654	0.259259	-1.35769	0.0967742	3.85715	0.933181	0.373272	1	0	0	0	0	0	0	0	0	
0.655	0.259259	-1.35769	0.0967742	3.85715	0.933181	0.373272	1	0	0	0	0	0	0	0	0	
0.656	0.259259	-1.35769	0.0967742	3.85715	0.933181	0.373272	1	0	0	0	0	0	0	0	0	
0.657	0.259259	-1.35769	0.0967742	3.85715	0.933181	0.373272	1	0	0	0	0	0	0	0	0	
0.658	0.259259	-1.35769	0.0967742	3.85715	0.933181	0.373272	1	0	0	0	0	0	0	0	0	
0.659	0.259259	-1.35769	0.0967742	3.85715	0.933181	0.373272	1	0	0	0	0	0	0	0	0	
0.66	0.259259	-1.35769	0.0967742	3.85715	0.933181	0.373272	1	0	0	0	0	0	0	0	0	
0.661	0.259259	-1.35769	0.0967742	3.85715	0.933181	0.373272	1	0	0	0	0	0	0	0	0	
0.662	0.259259	-1.35769	0.0967742	3.85715	0.933181	0.373272	1	0	0	0	0	0	0	0	0	
0.663	0.259259	-1.35769	0.0967742	3.85715	0.933181	0.373272	1	0	0	0	0	0	0	0	0	
0.664	0.259259	-1.35769	0.0967742	3.85715	0.933181	0.373272	1	0	0	0	0	0	0	0	0	
0.665	0.259259	-1.35769	0.0967742	3.85715	0.933181	0.373272	1	0	0	0	0	0	0	0	0	
0.666	0.259259	-1.35769	0.0967742	3.85715	0.933181	0.373272	1	0	0	0	0	0	0	0	0	
0.667	0.259259	-1.35769	0.0967742	3.85715	0.933181	0.373272	1	0	0	0	0	0	0	0	0	
0.668	0.259259	-1.35769	0.0967742	3.85715	0.933181	0.373272	1	0	0	0	0	0	0	0	0	
0.669	0.259259	-1.35769	0.0967742	3.85715	0.933181	0.373272	1	0	0	0	0	0	0	0	0	
0.67	0.259259	-1.35769	0.0967742	3.85715	0.933181	0.373272	1	0	0	0	0	0	0	0	0	
0.671	0.259259	-1.35769	0.0967742	3.85715	0.933181	0.373272	1	0	0	0	0	0	0	0	0	
0.672	0.259259	-1.35769	0.0967742	3.85715	0.933181	0.373272	1	0	0	0	0	0	0	0	0	
0.673	0.259259	-1.35769	0.0967742	3.85715	0.933181	0.373272	1	0	0	0	0	0	0	0	0	
0.674	0.259259	-1.35769	0.0967742	3.85715	0.933181	0.373272	1	0	0	0	0	0	0	0	0	
0.675	0.259259	-1.35769	0.0967742	3.85715	0.933181	0.373272	1	0	0	0	0	0	0	0	0	
0.676	0.259259	-1.35769	0.0967742	3.85715	0.933181	0.373272	1	0	0	0	0	0	0	0	0	
0.677	0.259259	-1.35769	0.0967742	3.85715	0.933181	0.373272	1	0	0	0	0	0	0	0	0	
0.678	0.259259	-1.35769	0.0967742	3.85715	0.933181	0.373272	1	0	0	0	0	0	0	0	0	
0.679	0.259259	-1.35769	0.0967742	3.85715	0.933181	0.373272	1	0	0	0	0	0	0	0	0	
0.68	0.259259	-1.35769	0.0967742	3.85715	0.933181	0.373272	1	0	0	0	0	0	0	0	0	
0.681	0.259259	-1.35769	0.0967742	3.85715	0.933181	0.373272	1	0	0	0	0	0	0	0	0	
0.682	0.259259	-1.35769	0.0967742	3.85715	0.933181	0.373272	1	0	0	0	0	0	0	0	0	
0.683	0.259259	-1.35769	0.0967742	3.85715	0.933181	0.373272	1	0	0	0	0	0	0	0	0	
0.684	0.259259	-1.35769	0.0967742	3.85715	0.933181	0.373272	1	0	0	0	0	0	0	0	0	
0.685	0.259259	-1.35769	0.0967742	3.85715	0.933181	0.373272	1	0	0	0	0	0	0	0	0	
0.686	0.259259	-1.35769	0.0967742	3.85715	0.933181	0.373272	1	0	0	0	0	0	0	0	0	
0.687	0.259259	-1.35769	0.0967742	3.85715	0.933181	0.373272	1	0	0	0	0	0	0	0	0	
0.688	0.259259	-1.35769	0.0967742	3.85715	0.933181	0.373272	1	0	0	0	0	0	0	0	0	
0.689	0.259259	-1.35769	0.0967742	3.85715	0.933181	0.373272	1	0	0	0	0	0	0	0	0	
0.69	0.259259	-1.35769	0.0967742	3.85715	0.933181	0.373272	1	0	0	0	0	0	0	0	0	
0.691	0.259259	-1.35769	0.0967742	3.85715	0.933181	0.373272	1	0	0	0	0	0	0	0	0	
0.692	0.259259	-1.35769	0.0967742	3.85715	0.933181	0.373272	1	0	0	0	0	0	0	0	0	
0.693	0.259259	-1.35769	0.0967742	3.85715	0.933181	0.373272	1	0	0	0	0	0	0	0	0	
0.694	0.259259	-1.35769	0.0967742	3.85715	0.933181	0.373272	1	0	0	0	0	0	0	0	0	
0.695	0.259259	-1.35769	0.0967742	3.85715	0.933181	0.373272	1	0	0	0	0	0	0	0	0	
0.696	0.259259	-1.35769	0.0967742	3.85715	0.933181	0.373272	1	0	0	0	0	0	0	0	0	
0.697	0.259259	-1.35769	0.0967742	3.85715	0.933181	0.373272	1	0	0	0	0	0	0	0	0	
0.698	0.259259	-1.35769	0.0967742	3.85715	0.933181	0.373272	1	0	0	0	0	0	0	0	0	
0.699	0.259259	-1.35769	0.0967742	3.85715	0.933181	0.373272	1	0	0	0	0	0	0	0	0	
0.7	0.259259	-1.35769	0.0967742	3.85715	0.933181	0.373272	1	0	0	0	0	0	0	0	0	
0.701	0.259259	-1.35769	0.0967742	3.85715	0.933181	0.373272	1	0	0	0	0	0	0	0	0	
0.702	0.259259	-1.35769	0.0967742	3.85715	0.933181	0.373272	1	0	0	0	0	0	0	0	0	
0.703	0.259259	-1.35769	0.0967742	3.85715	0.933181	0.373272	1	0	0	0	0	0	0	0	0	
0.704	0.259259	-1.35769	0.0967742	3.85715	0.933181	0.373272	1	0	0	0	0	0	0	0	0	
0.705	0.259259	-1.35769	0.0967742	3.85715	0.933181	0.373272	1	0	0	0	0	0	0	0	0	
0.706	0.259259	-1.35769	0.0967742	3.85715	0.933181	0.373272	1	0	0	0	0	0	0	0	0	
0.707	0.259259	-1.35769	0.0967742	3.85715	0.933181	0.373272	1	0	0	0	0	0	0	0	0	
0.708	0.259259	-1.35769	0.0967742	3.85715	0.933181	0.373272	1	0	0	0	0	0	0	0	0	
0.709	0.259259	-1.35769	0.0967742	3.85715	0.933181	0.373272	1	0	0	0	0	0	0	0	0	
0.71	0.259259	-1.35769	0.0967742	3.85715	0.933181	0.373272	1	0	0	0	0	0	0	0	0	
0.711	0.259259	-1.35769	0.0967742	3.85715	0.933181	0.373272	1	0	0	0	0	0	0	0	0	
0.712	0.259259	-1.35769	0.0967742	3.85715	0.933181	0.373272	1	0	0	0	0	0	0	0	0	
0.713	0.259259	-1.35769	0.0967742	3.85715	0.933181	0.373272	1	0	0	0	0	0	0	0	0	
0.714	0.259259	-1.35769	0.0967742	3.85715	0.933181	0.373272	1	0	0	0	0	0	0	0	0	
0.715	0.259259	-1.35769	0.0967742	3.85715	0.933181	0.373272	1	0	0	0	0	0	0	0	0	
0.716	0.259259	-1.35769	0.0967742	3.85715	0.933181	0.373272	1	0	0	0	0	0	0	0	0	
0.717	0.259259	-1.35769	0.0967742	3.85715	0.933181	0.373272	1	0	0	0	0	0	0	0	0	
0.718	0.259259	-1.35769	0.0967742	3.85715	0.933181	0.373272	1	0	0	0	0	0	0	0	0	
0.719	0.259259	-1.35769	0.0967742	3.85715	0.933181	0.373272	1	0	0	0	0	0	0	0	0	
0.72	0.259259	-1.35769	0.0967742	3.85715	0.933181	0.373272	1	0	0	0	0	0	0	0	0	
0.721	0.259259	-1.35769	0.0967742	3.85715	0.933181	0.373272	1	0	0	0	0	0	0	0	0	
0.722	0.259259	-1.35769	0.0967742	3.85715	0.933181	0.373272	1	0	0	0	0	0	0	0	0	
0.723	0.259259	-1.35769	0.0967742	3.85715	0.933181	0.373272	1	0	0	0	0	0	0	0	0	
0.724	0.259259	-1.35769	0.0967742	3.85715	0.933181	0.373272	1	0	0	0	0	0	0	0	0	
0.725	0.259259	-1.35769	0.0967742	3.85715	0.933181	0.373272	1	0	0	0	0	0	0	0	0	
0.726	0.259259	-1.35769	0.0967742	3.85715	0.933181	0.373272	1	0	0	0	0	0	0	0	0	
0.727	0.259259	-1.35769	0.0967742	3.85715	0.933181	0.373272	1	0	0	0	0	0	0	0	0	
0.728	0.259259	-1.35769	0.0967742	3.85715	0.933181	0.373272	1	0	0	0	0	0	0	0	0	
0.729	0.259259	-1.35769	0.0967742	3.85715	0.933181	0.373272	1	0	0	0	0	0	0	0	0	
0.73	0.259259	-1.35769	0.0967742	3.85715	0.933181	0.373272	1	0	0	0	0	0	0	0	0	
0.731	0.259259	-1.35769	0.0967742	3.85715	0.933181	0.373272	1	0	0	0	0	0	0	0	0	
0.732	0.259259	-1.35769	0.0967742	3.85715	0.933181	0.373272	1	0	0	0	0	0	0	0	0	
0.733	0.259259	-1.35769	0.0967742	3.85715	0.933181	0.373272	1	0	0	0	0	0	0	0	0	
0.734	0.259259	-1.35769	0.0967742	3.85715	0.933181	0.373272	1	0	0	0	0	0	0	0	0	
0.735	0.259259	-1.35769	0.0967742	3.85715	0.933181	0.373272	1	0	0	0	0	0	0	0	0	
0.736	0.259259	-1.35769	0.0967742	3.85715	0.933181	0.373272	1	0	0	0	0	0	0	0	0	
0.737	0.259259	-1.35769	0.0967742	3.85715	0.933181	0.373272	1	0	0	0	0	0	0	0	0	
0.738	0.259259	-1.35769	0.0967742	3.85715	0.933181	0.373272	1	0	0	0	0	0	0	0	0	
0.739	0.259259	-1.35769	0.0967742	3.85715	0.933181	0.373272	1	0	0	0	0	0	0	0	0	
0.74	0.259259	-1.35769	0.0967742	3.85715	0.933181	0.373272	1	0	0	0	0	0	0	0	0	
0.741	0.259259	-1.35769	0.0967742	3.85715	0.933181	0.373272	1	0	0	0	0	0	0	0	0	
0.742	0.259259	-1.35769	0.0967742	3.85715	0.933181	0.373272	1	0	0	0	0	0	0	0	0	
0.743	0.259259	-1.35769	0.0967742	3.85715	0.933181	0.373272	1	0	0	0	0	0	0	0	0	
0.744	0.259259	-1.35769	0.0967742	3.85715	0.933181	0.373272	1	0	0	0	0	0	0	0	0	
0.745	0.259259	-1.35769	0.0967742	3.85715	0.933181	0.373272	1	0	0	0	0	0	0	0	0	
0.746	0.259259	-1.35769	0.0967742	3.85715	0.933181	0.373272	1	0	0	0	0	0	0	0	0	
0.747	0.259259	-1.35769	0.0967742	3.85715	0.933181	0.373272	1	0	0	0	0	0	0	0	0	
0.748	0.259259	-1.35769	0.0967742	3.85715	0.933181	0.373272	1	0	0	0	0	0	0	0	0	
0.749	0.259259	-1.35769	0.0967742	3.85715	0.933181	0.373272	1	0	0	0	0	0	0	0	0	
0.75	0.259259	-1.35769	0.0967742	3.85715	0.933181	0.373272	1	0	0	0	0	0	0	0	0	
0.751	0.259259	-1.35769	0.0967742	3.85715	0.933181	0.373272	1	0	0	0	0	0	0	0	0	
0.752	0.259259	-1.35769	0.0967742	3.85715	0.933181	0.373272	1	0	0	0	0	0	0	0	0	
0.753	0.259259	-1.35769	0.0967742	3.85715	0.933181	0.373272	1	0	0	0	0	0	0	0	0	
0.754	0.259259	-1.35769	0.0967742	3.85715	0.933181	0.373272	1	0	0	0	0	0	0	0	0	
0.755	0.259259	-1.35769	0.0967742	3.85715	0.933181	0.373272	1	0	0	0	0	0	0	0	0	
0.756	0.259259	-1.35769	0.0967742	3.85715	0.933181	0.373272	1	0	0	0	0	0	0	0	0	
0.757	0.259259	-1.35769	0.0967742	3.85715	0.933181	0.373272	1	0	0	0	0	0	0	0	0	
0.758	0.259259	-1.35769	0.0967742	3.85715	0.933181	0.373272	1	0	0	0	0	0	0	0	0	
0.759	0.259259	-1.35769	0.0967742	3.85715	0.933181	0.373272	1	0	0	0	0	0	0	0	0	
0.76	0.259259	-1.35769	0.0967742	3.85715	0.933181	0.373272	1	0	0	0	0	0	0	0	0	
0.761	0.259259	-1.35769	0.0967742	3.85715	0.933181	0.373272	1	0	0	0	0	0	0	0	0	
0.762	0.259259	-1.35769	0.0967742	3.85715	0.933181	0.373272	1	0	0	0	0	0	0	0	0	
0.763	0.259259	-1.35769	0.0967742	3.85715	0.933181	0.373272	1	0	0	0	0	0	0	0	0	
0.764	0.259259	-1.35769	0.0967742	3.85715	0.933181	0.373272	1	0	0	0	0	0	0	0	0	
0.765	0.259259	-1.35769	0.0967742	3.85715	0.933181	0.373272	1	0	0	0	0	0	0	0	0	
0.766	0.259259	-1.35769	0.0967742	3.85715	0.933181	0.373272	1	0	0	0	0	0	0	0	0	
0.767	0.259259	-1.35769	0.0967742	3.85715	0.933181	0.373272	1	0	0	0	0	0	0	0	0	
0.768	0.259259	-1.35769	0.0967742	3.85715	0.933181	0.373272	1	0	0	0	0	0	0	0	0	
0.769	0.259259	-1.35769	0.0967742	3.85715	0.933181	0.373272	1	0	0	0	0	0	0	0	0	
0.77	0.259259	-1.35769	0.0967742	3.85715	0.933181	0.373272	1	0	0	0	0	0	0	0	0	
0.771	0.259259	-1.35769	0.0967742	3.85715	0.933181	0.373272	1	0	0	0	0	0	0	0	0	
0.772	0.259259	-1.35769	0.0967742	3.85715	0.933181	0.373272	1	0	0	0	0	0	0	0	0	
0.773	0.259259	-1.35769	0.0967742	3.85715	0.933181	0.373272	1	0	0	0	0	0	0	0	0	
0.774	0.259259	-1.35769	0.0967742	3.85715	0.933181	0.373272	1	0	0	0	0	0	0	0	0	
0.775	0.259259	-1.35769	0.0967742	3.85715	0.933181	0.373272	1	0	0	0	0	0	0	0	0	
0.776	0.259259	-1.35769	0.0967742	3.85715	0.933181	0.373272	1	0	0	0	0	0	0	0	0	
0.777	0.259259	-1.35769	0.0967742	3.85715	0.933181	0.373272	1	0	0	0	0	0	0	0	0	
0.778	0.259259	-1.35769	0.0967742	3.85715	0.933181	0.373272	1	0	0	0	0	0	0	0	0	
0.779	0.259259	-1.35769	0.0967742	3.85715	0.933181	0.373272	1	0	0	0	0	0	0	0	0	
0.78	0.259259	-1.35769	0.0967742	3.85715	0.933181	0.373272	1	0	0	0	0	0	0	0	0	
0.781	0.259259	-1.35769	0.0967742	3.85715	0.933181	0.373272	1	0	0	0	0	0	0	0	0	
0.782	0.259259	-1.35769	0.0967742	3.85715	0.933181	0.373272	1	0	0	0	0	0	0	0	0	
0.783	0.259259	-1.35769	0.0967742	3.85715	0.933181	0.373272	1	0	0	0	0	0	0	0	0	
0.784	0.259259	-1.35769	0.0967742	3.85715	0.933181	0.373272	1	0	0	0	0	0	0	0	0	
0.785	0.259259	-1.35769	0.0967742	3.85715	0.933181	0.373272	1	0	0	0	0	0	0	0	0	
0.786	0.259259	-1.35769	0.0967742	3.85715	0.933181	0.373272	1	0	0	0	0	0	0	0	0	
0.787	0.259259	-1.35769	0.0967742	3.85715	0.933181	0.373272	1	0	0	0	0	0	0	0	0	
0.788	0.259259	-1.35769	0.0967742	3.85715	0.933181	0.373272	1	0	0	0	0	0	0	0	0	
0.789	0.259259	-1.35769	0.0967742	3.85715	0.933181	0.373272	1	0	0	0	0	0	0	0	0	
0.79	0.259259	-1.35769	0.0967742	3.85715	0.933181	0.373272	1	0	0	0	0	0	0	0	0	
0.791	0.259259	-1.35769	0.0967742	3.85715	0.933181	0.373272	1	0	0	0	0	0	0	0	0	
0.792	0.259259	-1.35769	0.0967742	3.85715	0.933181	0.373272	1	0	0	0	0	0	0	0	0	
0.793	0.259259	-1.35769	0.0967742	3.85715	0.933181	0.373272	1	0	0	0	0	0	0	0	0	
0.794	0.259259	-1.35769	0.0967742	3.85715	0.933181	0.373272	1	0	0	0	0	0	0	0	0	
0.795	0.259259	-1.35769	0.0967742	3.85715	0.933181	0.373272	1	0	0	0	0	0	0	0	0	
0.796	0.259259	-1.35769	0.0967742	3.85715	0.933181	0.373272	1	0	0	0	0	0	0	0	0	
0.797	0.259259	-1.35769	0.0967742	3.85715	0.933181	0.373272	1	0	0	0	0	0	0	0	0	
0.798	0.259259	-1.35769	0.0967742	3.85715	0.933181	0.373272	1	0	0	0	0	0	0	0	0	
0.799	0.259259	-1.35769	0.0967742	3.85715	0.933181	0.373272	1	0	0	0	0	0	0	0	0	
0.8	0.259259	-1.35769	0.0967742	3.85715	0.933181	0.373272	1	0	0	0	0	0	0	0	0	
0.801	0.259259	-1.35769	0.0967742	3.85715	0.933181	0.373272	1	0	0	0	0	0	0	0	0	
0.802	0.259259	-1.35769	0.0967742	3.85715	0.933181	0.373272	1	0	0	0	0	0	0	0	0	
0.803	0.259259	-1.35769	0.0967742	3.85715	0.933181	0.373272	1	0	0	0	0	0	0	0	0	
0.804	0.259259	-1.35769	0.0967742	3.85715	0.933181	0.373272	1	0	0	0	0	0	0	0	0	
0.805	0.259259	-1.35769	0.0967742	3.85715	0.933181	0.373272	1	0	0	0	0	0	0	0	0	
0.806	0.259259	-1.35769	0.0967742	3.85715	0.933181	0.373272	1	0	0	0	0	0	0	0	0	
0.807	0.259259	-1.35769	0.0967742	3.85715	0.933181	0.373272	1	0	0	0	0	0	0	0	0	
0.808	0.259259	-1.35769	0.0967742	3.85715	0.933181	0.373272	1	0	0	0	0	0	0	0	0	
0.809	0.259259	-1.35769	0.0967742	3.85715	0.933181	0.373272	1	0	0	0	0	0	0	0	0	
0.81	0.259259	-1.35769	0.0967742	3.85715	0.933181	0.373272	1	0	0	0	0	0	0	0	0	
0.811	0.259259	-1.35769	0.0967742	3.85715	0.933181	0.373272	1	0	0	0	0	0	0	0	0	
0.812	0.259259	-1.35769	0.0967742	3.85715	0.933181	0.373272	1	0	0	0	0	0	0	0	0	
0.813	0.259259	-1.35769	0.0967742	3.85715	0.933181	0.373272	1	0	0	0	0	0	0	0	0	
0.814	0.259259	-1.35769	0.0967742	3.85715	0.933181	0.373272	1	0	0	0	0	0	0	0	0	
0.815	0.259259	-1.35769	0.0967742	3.85715	0.933181	0.373272	1	0	0	0	0	0	0	0	0	
0.816	0.259259	-1.35769	0.0967742	3.85715	0.933181	0.373272	1	0	0	0	0	0	0	0	0	
0.817	0.259259	-1.35769	0.0967742	3.85715	0.933181	0.373272	1	0	0	0	0	0	0	0	0	
0.818	0.259259	-1.35769	0.0967742	3.85715	0.933181	0.373272	1	0	0	0	0	0	0	0	0	
0.819	0.259259	-1.35769	0.0967742	3.85715	0.933181	0.373272	1	0	0	0	0	0	0	0	0	
0.82	0.259259	-1.35769	0.0967742	3.85715	0.933181	0.373272	1	0	0	0	0	0	0	0	0	
0.821	0.259259	-1.35769	0.0967742	3.85715	0.933181	0.373272	1	0	0	0	0	0	0	0	0	
0.822	0.259259	-1.35769	0.0967742	3.85715	0.933181	0.373272	1	0	0	0	0	0	0	0	0	
0.823	0.259259	-1.35769	0.0967742	3.85715	0.933181	0.373272	1	0	0	0	0	0	0	0	0	
0.824	0.259259	-1.35769	0.0967742	3.85715	0.933181	0.373272	1	0	0	0	0	0	0	0	0	
0.825	0.259259	-1.35769	0.0967742	3.85715	0.933181	0.373272	1	0	0	0	0	0	0	0	0	
0.826	0.259259	-1.35769	0.0967742	3.85715	0.933181	0.373272	1	0	0	0	0	0	0	0	0	
0.827	0.259259	-1.35769	0.0967742	3.85715	0.933181	0.373272	1	0	0	0	0	0	0	0	0	
0.828	0.259259	-1.35769	0.0967742	3.85715	0.933181	0.373272	1	0	0	0	0	0	0	0	0	
0.829	0.259259	-1.35769	0.0967742	3.85715	0.933181	0.373272	1	0	0	0	0	0	0	0	0	
0.83	0.259259	-1.35769	0.0967742	3.85715	0.933181	0.373272	1	0	0	0	0	0	0	0	0	
0.831	0.259259	-1.35769	0.0967742	3.85715	0.933181	0.373272	1	0	0	0	0	0	0	0	0	
0.832	0.259259	-1.35769	0.0967742	3.85715	0.933181	0.373272	1	0	0	0	0	0	0	0	0	
0.833	0.259259	-1.35769	0.0967742	3.85715	0.933181	0.373272	1	0	0	0	0	0	0	0	0	
0.834	0.259259	-1.35769	0.0967742	3.85715	0.933181	0.373272	1	0	0	0	0	0	0	0	0	
0.835	0.259259	-1.35769	0.0967742	3.85715	0.933181	0.373272	1	0	0	0	0	0	0	0	0	
0.836	0.259259	-1.35769	0.0967742	3.85715	0.933181	0.373272	1	0	0	0	0	0	0	0	0	
0.837	0.259259	-1.35769	0.0967742	3.85715	0.933181	0.373272	1	0	0	0	0	0	0	0	0	
0.838	0.259259	-1.35769	0.0967742	3.85715	0.933181	0.373272	1	0	0	0	0	0	0	0	0	
0.839	0.259259	-1.35769	0.0967742	3.85715	0.933181	0.373272	1	0	0	0	0	0	0	0	0	
0.84	0.259259	-1.35769	0.0967742	3.85715	0.933181	0.373272	1	0	0	0	0	0	0	0	0	
0.841	0.259259	-1.35769	0.0967742	3.85715	0.933181	0.373272	1	0	0	0	0	0	0	0	0	
0.842	0.259259	-1.35769	0.0967742	3.85715	0.933181	0.373272	1	0	0	0	0	0	0	0	0	
0.843	0.259259	-1.35769	0.0967742	3.85715	0.933181	0.373272	1	0	0	0	0	0	0	0	0	
0.844	0.259259	-1.35769	0.0967742	3.85715	0.933181	0.373272	1	0	0	0	0	0	0	0	0	
0.845	0.259259	-1.35769	0.0967742	3.85715	0.933181	0.373272	1	0	0	0	0	0	0	0	0	
0.846	0.259259	-1.35769	0.0967742	3.85715	0.933181	0.373272	1	0	0	0	0	0	0	0	0	
0.847	0.259259	-1.35769	0.0967742	3.85715	0.933181	0.373272	1	0	0	0	0	0	0	0	0	
0.848	0.259259	-1.35769	0.0967742	3.85715	0.933181	0.373272	1	0	0	0	0	0	0	0	0	
0.849	0.259259	-1.35769	0.0967742	3.85715	0.933181	0.373272	1	0	0	0	0	0	0	0	0	
0.85	0.259259	-1.35769	0.0967742	3.85715	0.933181	0.373272	1	0	0	0	0	0	0	0	0	
0.851	0.259259	-1.35769	0.0967742	3.85715	0.933181	0.373272	1	0	0	0	0	0	0	0	0	
0.852	0.259259	-1.35769	0.0967742	3.85715	0.933181	0.373272	1	0	0	0	0	0	0	0	0	
0.853	0.259259	-1.35769	0.0967742	3.85715	0.933181	0.373272	1	0	0	0	0	0	0	0	0	
0.854	0.259259	-1.35769	0.0967742	3.85715	0.933181	0.373272	1	0	0	0	0	0	0	0	0	
0.855	0.259259	-1.35769	0.0967742	3.85715	0.933181	0.373272	1	0	0	0	0	0	0	0	0	
0.856	0.259259	-1.35769	0.0967742	3.85715	0.933181	0.373272	1	0	0	0	0	0	0	0	0	
0.857	0.259259	-1.35769	0.0967742	3.85715	0.933181	0.373272	1	0	0	0	0	0	0	0	0	
0.858	0.259259	-1.35769	0.0967742	3.85715	0.933181	0.373272	1	0	0	0	0	0	0	0	0	
0.859	0.259259	-1.35769	0.0967742	3.85715	0.933181	0.373272	1	0	0	0	0	0	0	0	0	
0.86	0.259259	-1.35769	0.0967742	3.85715	0.933181	0.373272	1	0	0	0	0	0	0	0	0	
0.861	0.259259	-1.35769	0.0967742	3.85715	0.933181	0.373272	1	0	0	0	0	0	0	0	0	
0.862	0.259259	-1.35769	0.0967742	3.85715	0.933181	0.373272	1	0	0	0	0	0	0	0	0	
0.863	0.259259	-1.35769	0.0967742	3.85715	0.933181	0.373272	1	0	0	0	0	0	0	0	0	
0.864	0.259259	-1.35769	0.0967742	3.85715	0.933181	0.373272	1	0	0	0	0	0	0	0	0	
0.865	0.259259	-1.35769	0.0967742	3.85715	0.933181	0.373272	1	0	0	0	0	0	0	0	0	
0.866	0.259259	-1.35769	0.0967742	3.85715	0.933181	0.373272	1	0	0	0	0	0	0	0	0	
0.867	0.259259	-1.35769	0.0967742	3.85715	0.933181	0.373272	1	0	0	0	0	0	0	0	0	
0.868	0.259259	-1.35769	0.0967742	3.85715	0.933181	0.373272	1	0	0	0	0	0	0	0	0	
0.869	0.259259	-1.35769	0.0967742	3.85715	0.933181	0.373272	1	0	0	0	0	0	0	0	0	
0.87	0.259259	-1.35769	0.0967742	3.85715	0.933181	0.373272	1	0	0	0	0	0	0	0	0	
0.871	0.259259	-1.35769	0.0967742	3.85715	0.933181	0.373272	1	0	0	0	0	0	0	0	0	
0.872	0.259259	-1.35769	0.0967742	3.85715	0.933181	0.373272	1	0	0	0	0	0	0	0	0	
0.873	0.259259	-1.35769	0.0967742	3.85715	0.933181	0.373272	1	0	0	0	0	0	0	0	0	
0.874	0.259259	-1.35769	0.0967742	3.85715	0.933181	0.373272	1	0	0	0	0	0	0	0	0	
0.875	0.259259	-1.35769	0.0967742	3.85715	0.933181	0.373272	1	0	0	0	0	0	0	0	0	
0.876	0.259259	-1.35769	0.0967742	3.85715	0.933181	0.373272	1	0	0	0	0	0	0	0	0	
0.877	0.259259	-1.35769	0.0967742	3.85715	0.933181	0.373272	1	0	0	0	0	0	0	0	0	
0.878	0.259259	-1.35769	0.0967742	3.85715	0.933181	0.373272	1	0	0	0	0	0	0	0	0	
0.879	0.259259	-1.35769	0.0967742	3.85715	0.933181	0.373272	1	0	0	0	0	0	0	0	0	
0.88	0.259259	-1.35769	0.0967742	3.85715	0.933181	0.373272	1	0	0	0	0	0	0	0	0	
0.881	0.259259	-1.35769	0.0967742	3.85715	0.933181	0.373272	1	0	0	0	0	0	0	0	0	
0.882	0.259259	-1.35769	0.0967742	3.85715	0.933181	0.373272	1	0	0	0	0	0	0	0	0	
0.883	0.259259	-1.35769	0.0967742	3.85715	0.933181	0.373272	1	0	0	0	0	0	0	0	0	
0.884	0.259259	-1.35769	0.0967742	3.85715	0.933181	0.373272	1	0	0	0	0	0	0	0	0	
0.885	0.259259	-1.35769	0.0967742	3.85715	0.933181	0.373272	1	0	0	0	0	0	0	0	0	
0.886	0.259259	-1.35769	0.0967742	3.85715	0.933181	0.373272	1	0	0	0	0	0	0	0	0	
0.887	0.259259	-1.35769	0.0967742	3.85715	0.933181	0.373272	1	0	0	0	0	0	0	0	0	
0.888	0.259259	-1.35769	0.0967742	3.85715	0.933181	0.373272	1	0	0	0	0	0	0	0	0	
0.889	0.259259	-1.35769	0.0967742	3.85715	0.933181	0.373272	1	0	0	0	0	0	0	0	0	
0.89	0.259259	-1.35769	0.0967742	3.85715	0.933181	0.373272	1	0	0	0	0	0	0	0	0	
0.891	0.259259	-1.35769	0.0967742	3.85715	0.933181	0.373272	1	0	0	0	0	0	0	0	0	
0.892	0.259259	-1.35769	0.0967742	3.85715	0.933181	0.373272	1	0	0	0	0	0	0	0	0	
0.893	0.259259	-1.35769	0.0967742	3.85715	0.933181	0.373272	1	0	0	0	0	0	0	0	0	
0.894	0.259259	-1.35769	0.0967742	3.85715	0.933181	0.373272	1	0	0	0	0	0	0	0	0	
0.895	0.259259	-1.35769	0.0967742	3.85715	0.933181	0.373272	1	0	0	0	0	0	0	0	0	
0.896	0.259259	-1.35769	0.0967742	3.85715	0.933181	0.373272	1	0	0	0	0	0	0	0	0	
0.897	0.259259	-1.35769	0.0967742	3.85715	0.933181	0.373272	1	0	0	0	0	0	0	0	0	
0.898	0.259259	-1.35769	0.0967742	3.85715	0.933181	0.373272	1	0	0	0	0	0	0	0	0	
0.899	0.259259	-1.35769	0.0967742	3.85715	0.933181	0.373272	1	0	0	0	0	0	0	0	0	
0.9	0.259259	-1.35769	0.0967742	3.85715	0.933181	0.373272	1	0	0	0	0	0	0	0	0	
0.901	0.259259	-1.35769	0.0967742	3.85715	0.933181	0.373272	1	0	0	0	0	0	0	0	0	
0.902	0.259259	-1.35769	0.0967742	3.85715	0.933181	0.373272	1	0	0	0	0	0	0	0	0	
0.903	0.259259	-1.35769	0.0967742	3.85715	0.933181	0.373272	1	0	0	0	0	0	0	0	0	
0.904	0.259259	-1.35769	0.0967742	3.85715	0.933181	0.373272	1	0	0	0	0	0	0	0	0	
0.905	0.259259	-1.35769	0.0967742	3.85715	0.933181	0.373272	1	0	0	0	0	0	0	0	0	
0.906	0.259259	-1.35769	0.0967742	3.85715	0.933181	0.373272	1	0	0	0	0	0	0	0	0	
0.907	0.259259	-1.35769	0.0967742	3.85715	0.933181	0.373272	1	0	0	0	0	0	0	0	0	
0.908	0.259259	-1.35769	0.0967742	3.85715	0.933181	0.373272	1	0	0	0	0	0	0	0	0	
0.909	0.259259	-1.35769	0.0967742	3.85715	0.933181	0.373272	1	0	0	0	0	0	0	0	0	
0.91	0.259259	-1.35769	0.0967742	3.85715	0.933181	0.373272	1	0	0	0	0	0	0	0	0	
0.911	0.259259	-1.35769	0.0967742	3.85715	0.933181	0.373272	1	0	0	0	0	0	0	0	0	
0.912	0.259259	-1.35769	0.0967742	3.85715	0.933181	0.373272	1	0	0	0	0	0	0	0	0	
0.913	0.259259	-1.35769	0.0967742	3.85715	0.933181	0.373272	1	0	0	0	0	0	0	0	0	
0.914	0.259259	-1.35769	0.0967742	3.85715	0.933181	0.373272	1	0	0	0	0	0	0	0	0	
0.915	0.259259	-1.35769	0.0967742	3.85715	0.933181	0.373272	1	0	0	0	0	0	0	0	0	
0.916	0.259259	-1.35769	0.0967742	3.85715	0.933181	0.373272	1	0	0	0	0	0	0	0	0	
0.917	0.259259	-1.35769	0.0967742	3.85715	0.933181	0.373272	1	0	0	0	0	0	0	0	0	
0.918	0.259259	-1.35769	0.0967742	3.85715	0.933181	0.373272	1	0	0	0	0	0	0	0	0	
0.919	0.259259	-1.35769	0.0967742	3.85715	0.933181	0.373272	1	0	0	0	0	0	0	0	0	
0.92	0.259259	-1.35769	0.0967742	3.85715	0.933181	0.373272	1	0	0	0	0	0	0	0	0	
0.921	0.259259	-1.35769	0.0967742	3.85715	0.933181	0.373272	1	0	0	0	0	0	0	0	0	
0.922	0.259259	-1.35769	0.0967742	3.85715	0.933181	0.373272	1	0	0	0	0	0	0	0	0	
0.923	0.259259	-1.35769	0.0967742	3.85715	0.933181	0.373272	1	0	0	0	0	0	0	0	0	
0.924	0.259259	-1.35769	0.0967742	3.85715	0.933181	0.373272	1	0	0	0	0	0	0	0	0	
0.925	0.259259	-1.35769	0.0967742	3.85715	0.933181	0.373272	1	0	0	0	0	0	0	0	0	
0.926	0.259259	-1.35769	0.0967742	3.85715	0.933181	0.373272	1	0	0	0	0	0	0	0	0	
0.927	0.259259	-1.35769	0.0967742	3.85715	0.933181	0.373272	1	0	0	0	0	0	0	0	0	
0.928	0.259259	-1.35769	0.0967742	3.85715	0.933181	0.373272	1	0	0	0	0	0	0	0	0	
0.929	0.259259	-1.35769	0.0967742	3.85715	0.933181	0.373272	1	0	0	0	0	0	0	0	0	
0.93	0.259259	-1.35769	0.0967742	3.85715	0.933181	0.373272	1	0	0	0	0	0	0	0	0	
0.931	0.259259	-1.35769	0.0967742	3.85715	0.933181	0.373272	1	0	0	0	0	0	0	0	0	
0.932	0.259259	-1.35769	0.0967742	3.85715	0.933181	0.373272	1	0	0	0	0	0	0	0	0	
0.933	0.259259	-1.35769	0.0967742	3.85715	0.933181	0.373272	1	0	0	0	0	0	0	0	0	
0.934	0.259259	-1.35769	0.0967742	3.85715	0.933181	0.373272	1	0	0	0	0	0	0	0	0	
0.935	0.259259	-1.35769	0.0967742	3.85715	0.933181	0.373272	1	0	0	0	0	0	0	0	0	
0.936	0.259259	-1.35769	0.0967742	3.85715	0.933181	0.373272	1	0	0	0	0	0	0	0	0	
0.937	0.259259	-1.35769	0.0967742	3.85715	0.933181	0.373272	1	0	0	0	0	0	0	0	0	
0.938	0.259259	-1.35769	0.0967742	3.85715	0.933181	0.373272	1	0	0	0	0	0	0	0	0	
0.939	0.259259	-1.35769	0.0967742	3.85715	0.933181	0.373272	1	0	0	0	0	0	0	0	0	
0.94	0.259259	-1.35769	0.0967742	3.85715	0.933181	0.373272	1	0	0	0	0	0	0	0	0	
0.941	0.259259	-1.35769	0.0967742	3.85715	0.933181	0.373272	1	0	0	0	0	0	0	0	0	
0.942	0.259259	-1.35769	0.0967742	3.85715	0.933181	0.373272	1	0	0	0	0	0	0	0	0	
0.943	0.259259	-1.35769	0.0967742	3.85715	0.933181	0.373272	1	0	0	0	0	0	0	0	0	
0.944	0.259259	-1.35769	0.0967742	3.85715	0.933181	0.373272	1	0	0	0	0	0	0	0	0	
0.945	0.259259	-1.35769	0.0967742	3.85715	0.933181	0.373272	1	0	0	0	0	0	0	0	0	
0.946	0.259259	-1.35769	0.0967742	3.85715	0.933181	0.373272	1	0	0	0	0	0	0	0	0	
0.947	0.259259	-1.35769	0.0967742	3.85715	0.933181	0.373272	1	0	0	0	0	0	0	0	0	
0.948	0.259259	-1.35769	0.0967742	3.85715	0.933181	0.373272	1	0	0	0	0	0	0	0	0	
0.949	0.259259	-1.35769	0.0967742	3.85715	0.933181	0.373272	1	0	0	0	0	0	0	0	0	
0.95	0.259259	-1.35769	0.0967742	3.85715	0.933181	0.373272	1	0	0	0	0	0	0	0	0	
0.951	0.259259	-1.35769	0.0967742	3.85715	0.933181	0.373272	1	0	0	0	0	0	0	0	0	
0.952	0.259259	-1.35769	0.0967742	3.85715	0.933181	0.373272	1	0	0	0	0	0	0	0	0	
0.953	0.259259	-1.35769	0.0967742	3.85715	0.933181	0.373272	1	0	0	0	0	0	0	0	0	
0.954	0.259259	-1.35769	0.0967742	3.85715	0.933181	0.373272	1	0	0	0	0	0	0	0	0	
0.955	0.259259	-1.35769	0.0967742	3.85715	0.933181	0.373272	1	0	0	0	0	0	0	0	0	
0.956	0.259259	-1.35769	0.0967742	3.85715	0.933181	0.373272	1	0	0	0	0	0	0	0	0	
0.957	0.259259	-1.35769	0.0967742	3.85715	0.933181	0.373272	1	0	0	0	0	0	0	0	0	
0.958	0.259259	-1.35769	0.0967742	3.85715	0.933181	0.373272	1	0	0	0	0	0	0	0	0	
0.959	0.259259	-1.35769	0.0967742	3.85715	0.933181	0.373272	1	0	0	0	0	0	0	0	0	
0.96	0.259259	-1.35769	0.0967742	3.85715	0.933181	0.373272	1	0	0	0	0	0	0	0	0	
0.961	0.259259	-1.35769	0.0967742	3.85715	0.933181	0.373272	1	0	0	0	0	0	0	0	0	
0.962	0.259259	-1.35769	0.0967742	3.85715	0.933181	0.373272	1	0	0	0	0	0	0	0	0	
0.963	0.259259	-1.35769	0.0967742	3.85715	0.933181	0.373272	1	0	0	0	0	0	0	0	0	
0.964	0.259259	-1.35769	0.0967742	3.85715	0.933181	0.373272	1	0	0	0	0	0	0	0	0	
0.965	0.259259	-1.35769	0.0967742	3.85715	0.933181	0.373272	1	0	0	0	0	0	0	0	0	
0.966	0.259259	-1.35769	0.0967742	3.85715	0.933181	0.373272	1	0	0	0	0	0	0	0	0	
0.967	0.259259	-1.35769	0.0967742	3.85715	0.933181	0.373272	1	0	0	0	0	0	0	0	0	
0.968	0.259259	-1.35769	0.0967742	3.85715	0.933181	0.373272	1	0	0	0	0	0	0	0	0	
0.969	0.259259	-1.35769	0.0967742	3.85715	0.933181	0.373272	1	0	0	0	0	0	0	0	0	
0.97	0.259259	-1.35769	0.0967742	3.85715	0.933181	0.373272	1	0	0	0	0	0	0	0	0	
0.971	0.259259	-1.35769	0.0967742	3.85715	0.933181	0.373272	1	0	0	0	0	0	0	0	0	
0.972	0.259259	-1.35769	0.0967742	3.85715	0.933181	0.373272	1	0	0	0	0	0	0	0	0	
0.973	0.259259	-1.35769	0.0967742	3.85715	0.933181	0.373272	1	0	0	0	0	0	0	0	0	
0.974	0.259259	-1.35769	0.0967742	3.85715	0.933181	0.373272	1	0	0	0	0	0	0	0	0	
0.975	0.259259	-1.35769	0.0967742	3.85715	0.933181	0.373272	1	0	0	0	0	0	0	0	0	
0.976	0.259259	-1.35769	0.0967742	3.85715	0.933181	0.373272	1	0	0	0	0	0	0	0	0	
0.977	0.259259	-1.35769	0.0967742	3.85715	0.933181	0.373272	1	0	0	0	0	0	0	0	0	
0.978	0.259259	-1.35769	0.0967742	3.85715	0.933181	0.373272	1	0	0	0	0	0	0	0	0	
0.979	0.259259	-1.35769	0.0967742	3.85715	0.933181	0.373272	1	0	0	0	0	0	0	0	0	
0.98	0.259259	-1.35769	0.0967742	3.85715	0.933181	0.373272	1	0	0	0	0	0	0	0	0	
0.981	0.259259	-1.35769	0.0967742	3.85715	0.933181	0.373272	1	0	0	0	0	0	0	0	0	
0.982	0.259259	-1.35769	0.0967742	3.85715	0.933181	0.373272	1	0	0	0	0	0	0	0	0	
0.983	0.259259	-1.35769	0.0967742	3.85715	0.933181	0.373272	1	0	0	0	0	0	0	0	0	
0.984	0.259259	-1.35769	0.0967742	3.85715	0.933181	0.373272	1	0	0	0	0	0	0	0	0	
0.985	0.259259	-1.35769	0.0967742	3.85715	0.933181	0.373272	1	0	0	0	0	0	0	0	0	
0.986	0.259259	-1.35769	0.0967742	3.85715	0.933181	0.373272	1	0	0	0	0	0	0	0	0	
0.987	0.259259	-1.35769	0.0967742	3.85715	0.933181	0.373272	1	0	0	0	0	0	0	0	0	
0.988	0.259259	-1.35769	0.0967742	3.85715	0.933181	0.373272	1	0	0	0	0	0	0	0	0	
0.989	0.259259	-1.35769	0.0967742	3.85715	0.933181	0.373272	1	0	0	0	0	0	0	0	0	
0.99	0.259259	-1.35769	0.0967742	3.85715	0.933181	0.373272	1	0	0	0	0	0	0	0	0	
0.991	0.259259	-1.35769	0.0967742	3.85715	0.933181	0.373272	1	0	0	0	0	0	0	0	0	
0.992	0.259259	-1.35769	0.0967742	3.85715	0.933181	0.373272	1	0	0	0	0	0	0	0	0	
0.993	0.259259	-1.35769	0.0967742	3.85715	0.933181	0.373272	1	0	0	0	0	0	0	0	0	
0.994	0.259259	-1.35769	0.0967742	3.85715	0.933181	0.373272	1	0	0	0	0	0	0	0	0	
0.995	0.259259	-1.35769	0.0967742	3.85715	0.933181	0.373272	1	0	0	0	0	0	0	0	0	
0.996	0.259259	-1.35769	0.0967742	3.85715	0.933181	0.373272	1	0	0	0	0	0	0	0	0	
0.997	0.259259	-1.35769	0.0967742	3.85715	0.933181	0.373272	1	0	0	0	0	0	0	0	0	
0.998	0.259259	-1.35769	0.0967742	3.85715	0.933181	0.373272	1	0	0	0	0	0	0	0	0	
0.999	0.259259	-1.35769	0.0967742	3.85715	0.933181	0.373272	1	0	0	0	0	0	0	0	0	
1	0.259259	-1.35769	0.0967742	3.85715	0.933181	0.373272	1	0	0	0	0	0	0	0	0	
